timestep;WMZ_temperature_in;WMZ_temperature_out;WMZ_flow_rate_m3_h;WMZ_power_kW;all_temperature_in;all_temperature_out;ambient_temperature_measure;ambient_temperature_station;air_humidity_measure;global_irr_hor;absorber_temperature_out_haus5;absorber_temperature_out_haus4b;absorber_temperature_out_haus4a;absorber_temperature_out_ba2;DWD_temperature;DWD_long_wave_irr;DWD_diffuse_irr;DWD_globa_irr;DWD_wind_speed
0;-2;0;0;0;-1.5;-0.3;5.3;13.2;78.5;0;2.1;2.1;2;0.5;2.2;308.3333333;0;0;0.9
900;-2;0;0;0;-1.2;-0.3;5.6;13.2;76.6;0;2.3;2.2;2.3;0.9;2.2;308.3333333;0;0;0.9
1800;-2;0;0;0;-0.8;0;5.7;13.2;76.1;0;2.6;2.2;2.5;1.3;2.2;308.3333333;0;0;0.9
2700;-2;0;0;0;-0.3;0.2;5.6;13.2;76.1;0;2.6;2.3;2.6;1.5;2.2;308.3333333;0;0;0.9
3600;-2;0;0;0;0;0.5;5.6;12.8;76.3;0;2.7;2.3;2.9;1.9;2.2;319.4444444;0;0;0.9
4500;-1;2;0;0;0.3;2.2;5.7;12.7;76.3;0;3;2.3;3.3;2.2;2.2;319.4444444;0;0;0.9
5400;0;3;0;0;0.7;3.7;5.7;12.7;75.8;0;3.5;2.3;3.6;2.6;2.2;319.4444444;0;0;0.9
6300;0;1;0;0;0.7;3;5.8;12.7;75.6;0;4;2.3;4.2;2.9;2.2;319.4444444;0;0;0.9
7200;0;1;0;0;1.2;2.7;5.9;5.6;75.1;0;4.5;2.3;4.5;3.1;2.4;319.4444444;0;0;2.6
8100;0;1;22;14;0.6;1.6;5.9;2.1;75.2;0;3.3;2.3;3.5;2.3;2.4;319.4444444;0;0;2.6
9000;0;0;0;0;0.4;0.2;6;2;75.3;0;2.7;2.4;2.8;1.7;2.4;319.4444444;0;0;2.6
9900;0;0;0;0;0.7;0.6;6.1;1.9;75.3;0;3;2.5;2.9;1.8;2.4;319.4444444;0;0;2.6
10800;0;0;0;0;1;0.9;6.1;1.7;75.2;0;3;2.8;3;2.1;2.4;319.4444444;0;0;2.5
11700;0;0;0;0;1.2;1.2;5.9;1.7;76.4;0;2.9;3.2;2.9;2.3;2.4;319.4444444;0;0;2.5
12600;0;2;0;0;1.4;1.9;5.9;1.8;77.3;0;2.7;3.5;2.8;2.4;2.4;319.4444444;0;0;2.5
13500;0;4;0;0;1.7;4.1;5.8;1.9;77.9;0;2.6;3.9;2.7;2.5;2.4;319.4444444;0;0;2.5
14400;1;3;0;0;1.9;4.4;5.6;1.8;79.1;0;2.6;4.3;2.7;2.5;2;319.4444444;0;0;1
15300;1;2;0;0;2.2;3.7;5.5;1.8;80;0;2.5;4.7;2.7;3;2;319.4444444;0;0;1
16200;1;2;0;0;2.4;3.4;5.5;2;80.3;0;2.6;4.8;2.7;3.4;2;319.4444444;0;0;1
17100;1;2;0;0;2.7;3.2;5.6;2.3;79.9;0;2.6;5.2;2.7;3.9;2;319.4444444;0;0;1
18000;0;1;21;12;1.2;1.7;5.6;2;80.5;0;2.6;3.3;2.8;2.4;2;322.2222222;0;0;0.7
18900;0;0;0;0;0.7;0.7;5.6;1.9;80.7;0;2.8;2.5;2.9;1.8;2;322.2222222;0;0;0.7
19800;0;0;0;0;1;0.8;5.6;1.9;80.7;0;2.9;2.7;3;2.1;2;322.2222222;0;0;0.7
20700;0;0;0;0;1.3;1.2;5.6;2;80.8;0;2.9;3;3;2.3;2;322.2222222;0;0;0.7
21600;0;3;0;0;1.5;3.2;5.6;1.8;80.6;0;2.9;3.2;3.1;2.6;1.4;316.6666667;0;0;1.9
22500;1;4;0;0;1.7;4.7;5.1;1.7;81;0;2.9;3.6;3;2.6;1.4;316.6666667;0;0;1.9
23400;1;4;0;0;2;5;4.6;1.7;82.7;0;2.7;4;2.8;2.6;1.4;316.6666667;0;0;1.9
24300;1;4;0;0;2.2;5;4.6;1.8;84.2;0;2.6;4.4;2.7;2.6;1.4;316.6666667;0;0;1.9
25200;1;3;0;0;2.5;4.4;4.7;1.6;84;0;2.6;4.9;2.7;2.9;1.5;311.1111111;11.11111111;11.11111111;1.8
26100;2;3;0;0;2.7;4.2;4.8;1.5;83.1;0;2.6;5.1;2.7;3.4;1.5;311.1111111;11.11111111;11.11111111;1.8
27000;2;3;0;0;3;4.2;4.9;1.5;83;0;2.6;5.5;2.8;3.9;1.5;311.1111111;11.11111111;11.11111111;1.8
27900;0;0;23;14;1;1.1;4.9;1.5;82.1;0;2.7;2.5;2.8;1.8;1.5;311.1111111;11.11111111;11.11111111;1.8
28800;0;0;0;0;0.9;0.7;5.1;1.4;82;5.3;2.9;2.6;2.9;1.9;1.8;311.1111111;41.66666667;41.66666667;1.3
29700;0;0;0;0;1.1;1.1;5.2;1.4;81.5;8;3;2.9;3;2.1;1.8;311.1111111;41.66666667;41.66666667;1.3
30600;0;1;0;0;1.4;1.5;5.3;1.4;81.6;8;3;3.2;3;2.3;1.8;311.1111111;41.66666667;41.66666667;1.3
31500;1;4;0;0;1.5;3.7;5.5;1.4;81.7;8;3;3.5;3.1;2.5;1.8;311.1111111;41.66666667;41.66666667;1.3
32400;1;4;0;0;1.9;5;5.7;1.6;80.5;39.6;2.9;3.9;2.9;2.5;2.5;311.1111111;100;100;1.6
33300;1;3;0;0;2;4.5;6;1.6;77.7;39.6;2.7;4.3;2.8;2.3;2.5;311.1111111;100;100;1.6
34200;1;3;0;0;2.4;4.2;6.2;1.7;74.3;40.8;2.8;4.8;2.9;2.4;2.5;311.1111111;100;100;1.6
35100;1;3;0;0;2.4;4.2;6.4;1.7;73.6;41.8;2.9;5;3;2.6;2.5;311.1111111;100;100;1.6
36000;2;3;0;0;2.9;4.2;6.5;2.1;71.1;77.5;3;5.3;3.3;2.9;2.6;311.1111111;94.44444444;94.44444444;1.3
36900;0;1;22;18;0.9;1.7;7;2.1;68.9;80;3.1;3.2;3.3;2.1;2.6;311.1111111;94.44444444;94.44444444;1.3
37800;0;0;0;0;0.9;0.8;7.1;2.1;68.3;77.7;3.7;3.3;3.6;2.1;2.6;311.1111111;94.44444444;94.44444444;1.3
38700;0;1;0;0;1.2;1.2;7.1;2.1;68.1;75.1;4.4;3.6;3.8;2.4;2.6;311.1111111;94.44444444;94.44444444;1.3
39600;0;1;21;15;1.1;1.5;7.1;2.4;66.9;121.2;3.8;3.3;3.7;2.3;2.8;313.8888889;77.77777778;77.77777778;1.5
40500;0;1;0;0;0.7;0.9;7.2;2.4;65.9;128.3;3.3;3.1;3.4;2;2.8;313.8888889;77.77777778;77.77777778;1.5
41400;0;1;0;0;1.1;1.7;7.2;2.5;64.9;128.3;4.1;3.6;3.8;2.3;2.8;313.8888889;77.77777778;77.77777778;1.5
42300;0;1;20;16;0.9;1.5;6.9;2.8;65.4;128.3;3.9;3.4;3.6;2.3;2.8;313.8888889;77.77777778;77.77777778;1.5
43200;0;0;0;0;0.7;0.7;7;2.8;64.9;146;3.5;3.2;3.5;2;3;308.3333333;66.66666667;66.66666667;1.4
44100;0;0;0;0;1.2;0.9;7.2;2.8;63.9;150.4;4.3;3.6;4;2.4;3;308.3333333;66.66666667;66.66666667;1.4
45000;0;0;22;15;0.8;1.2;7.2;2.8;63.3;150.4;3.5;3.2;3.6;2.2;3;308.3333333;66.66666667;66.66666667;1.4
45900;0;0;0;0;0.8;0.7;7.3;2.7;63.9;150.4;3.8;3.5;3.9;2.2;3;308.3333333;66.66666667;66.66666667;1.4
46800;0;0;21;18;1;1.2;7.2;2.6;63.3;127.4;4;3.5;4;2.3;3;302.7777778;61.11111111;69.44444444;1.7
47700;0;0;3;0;0.7;0.8;6.7;2.6;64.8;119;3.3;3.1;3.5;2;3;302.7777778;61.11111111;69.44444444;1.7
48600;0;3;0;0;1.2;3;6.8;2.7;65.3;119;3.9;3.5;3.8;2.4;3;302.7777778;61.11111111;69.44444444;1.7
49500;0;2;16;21;1;3.4;6.7;2.8;64.5;119;4;3.6;4;2.5;3;302.7777778;61.11111111;69.44444444;1.7
50400;0;0;6;1;0.7;1.1;6.8;2.6;64;87.1;3.3;3.1;3.5;2;2.9;241.6666667;27.77777778;47.22222222;0.9
51300;0;0;0;0;1.1;1.1;6.8;2.5;62.3;71.2;4.1;3.8;4.3;2.4;2.9;241.6666667;27.77777778;47.22222222;0.9
52200;0;0;22;22;0.7;1.3;6.2;2.7;63.8;71.2;3.6;3.4;3.8;2.3;2.9;241.6666667;27.77777778;47.22222222;0.9
53100;0;0;0;0;1.1;1.1;5.6;2.8;67.1;71.2;3.7;3.3;3.8;2.4;2.9;241.6666667;27.77777778;47.22222222;0.9
54000;0;1;0;0;1.3;1.3;5.1;2.2;68.8;39.5;4;3.4;3.9;2.7;1.9;250;2.777777778;2.777777778;1
54900;1;1;0;0;1.7;1.6;4.5;2.2;71.8;39.5;4.4;3.4;3.9;3;1.9;250;2.777777778;2.777777778;1
55800;1;1;14;12;1.4;1.8;3.9;2.3;73.8;39.5;4.1;3;3.7;2.8;1.9;250;2.777777778;2.777777778;1
56700;0;2;9;0;0.7;1.4;3.6;2.5;74.8;39.5;2.7;2.4;2.8;1.9;1.9;250;2.777777778;2.777777778;1
57600;0;3;0;0;0.9;3.7;3.2;2.1;76.7;13.4;2.8;2.3;2.8;2.1;1.4;247.2222222;0;0;1.2
58500;0;2;0;0;1.2;3.7;2.9;2;77.9;9.4;2.7;2.4;2.6;2.4;1.4;247.2222222;0;0;1.2
59400;1;2;0;0;1.5;3.7;2.6;2.2;78.8;9.4;2.7;2.9;2.6;2.8;1.4;247.2222222;0;0;1.2
60300;1;2;0;0;1.7;3.7;2.5;2.5;79.5;9.4;2.5;3.5;2.4;3;1.4;247.2222222;0;0;1.2
61200;1;2;0;0;2;3.7;2.4;2.5;79.7;1.3;2;4;2;3;1.2;288.8888889;0;0;0.5
62100;1;3;0;0;2.2;3.7;2.1;2.5;80.2;0;1.8;4.4;1.7;3.2;1.2;288.8888889;0;0;0.5
63000;1;3;0;0;2.3;3.7;2;2.3;80.9;0;1.6;4.8;1.6;3.5;1.2;288.8888889;0;0;0.5
63900;2;3;0;0;2.7;3.7;2.2;2;81;0;1.5;5;1.6;4.1;1.2;288.8888889;0;0;0.5
64800;2;3;0;0;2.8;3.7;2.4;2.1;81;0;1.4;5.5;1.5;4.8;1;302.7777778;0;0;0.5
65700;2;5;0;0;3.2;5.7;2.7;2.1;80.7;0;1.5;5.3;1.5;5.2;1;302.7777778;0;0;0.5
66600;2;5;0;0;3.2;6.1;3;1.9;80.4;0;1.6;4.8;1.6;5.2;1;302.7777778;0;0;0.5
67500;2;4;0;0;3;5.4;3.3;1.6;80.2;0;1.7;4.5;1.7;5.4;1;302.7777778;0;0;0.5
68400;2;4;0;0;2.7;4.7;3.4;1.3;79.8;0;1.8;4.8;1.8;4.6;0.9;-2775;0;0;0.9
69300;2;3;0;0;2.2;4;3.6;1.3;79.1;0;1.8;5.1;1.8;3.8;0.9;-2775;0;0;0.9
70200;2;2;0;0;2.2;3.7;3.6;1.1;78.9;0;1.8;4.8;1.9;3.5;0.9;-2775;0;0;0.9
71100;1;2;0;0;2.2;3.7;3.5;0.9;78.9;0;1.8;4.5;1.9;3.6;0.9;-2775;0;0;0.9
72000;1;2;0;0;2.2;3.7;3.2;1.1;79;0;1.8;4.3;1.8;4.2;0.4;258.3333333;0;0;0.9
72900;2;2;0;0;2.2;3.3;2.7;1.1;79.6;0;1.6;4.3;1.7;4.5;0.4;258.3333333;0;0;0.9
73800;1;4;0;0;2.2;4.6;2.8;1.1;80.5;0;1.4;4.2;1.6;4.5;0.4;258.3333333;0;0;0.9
74700;2;5;0;0;2.2;6.2;3;1.2;80.5;0;1.5;4.4;1.6;4.3;0.4;258.3333333;0;0;0.9
75600;2;4;0;0;2.2;5.2;3.1;1;80.5;0;1.7;4.5;1.7;4.1;-0.2;238.8888889;0;0;1.1
76500;2;3;0;0;2.2;4.3;2.7;1;80.6;0;1.8;4.5;1.7;4;-0.2;238.8888889;0;0;1.1
77400;2;3;0;0;2.2;4;2.2;0.9;81.1;0;1.6;4.4;1.6;4;-0.2;238.8888889;0;0;1.1
78300;2;3;0;0;2.2;3.7;1.8;0.8;81.9;0;1.3;4.3;1.4;4;-0.2;238.8888889;0;0;1.1
79200;2;3;0;0;2.2;3.7;1.4;0.5;82.5;0;1;4.4;1.1;4;-0.7;269.4444444;0;0;0.9
80100;2;2;0;0;2.2;3.7;1.2;0.5;83.4;0;0.8;4.3;0.9;4;-0.7;269.4444444;0;0;0.9
81000;2;2;0;0;2.2;3.7;1.1;0.4;83.7;0;0.7;4.3;0.6;4;-0.7;269.4444444;0;0;0.9
81900;2;3.5;0;0;2.2;4.9;1.4;6;84.1;0;0.8;4.1;0.65;3.95;-0.7;269.4444444;0;0;0.9
82800;2;5;0;0;2.2;6.1;1.7;11.6;84.5;0;0.9;3.9;0.7;3.9;-0.3;305.5555556;0;0;0.9
83700;2;4;0;0;2.2;5.7;2.3;13.3;83.9;0;1.1;3.8;0.9;3.8;-0.3;305.5555556;0;0;0.9
84600;2;3;0;0;2.2;4.2;2.7;13.3;83.4;0;1.3;3.6;1.1;3.9;-0.3;305.5555556;0;0;0.9
85500;2;2;0;0;2.2;3.7;3.1;13.3;82.7;0;1.6;3.5;1.4;3.9;-0.3;305.5555556;0;0;0.9
86400;2;2;0;0;2.2;3.4;3.2;13.2;81.8;0;1.8;3.3;1.5;3.9;-0.8;305.5555556;0;0;0.8
87300;2;2;0;0;2.2;3.2;3.3;13.2;81.7;0;1.9;3.4;1.8;3.9;-0.8;305.5555556;0;0;0.8
88200;2;2;0;0;2.2;3.2;3.4;13.2;81;0;2;3.5;1.9;3.9;-0.8;305.5555556;0;0;0.8
89100;2;2;0;0;2.2;3.2;3.3;13.2;81;0;2;3.7;2;4.1;-0.8;305.5555556;0;0;0.8
90000;2;2;0;0;2.2;3.2;3.5;12.8;80.9;0;2.1;3.9;2.1;4.1;-0.7;300;0;0;0.6
90900;2;4;0;0;2.2;4.9;3.5;12.7;80.4;0;2.2;4.1;2.2;4.1;-0.7;300;0;0;0.6
91800;2;5;0;0;2.2;6.2;3.4;12.7;80.1;0;2.2;4.4;2.3;4.1;-0.7;300;0;0;0.6
92700;2;4;0;0;2.4;5.3;3.5;12.7;79.8;0;2.2;4.7;2.3;4.1;-0.7;300;0;0;0.6
93600;2;3;0;0;2.7;4.6;3.5;1;79.2;0;2.3;4.8;2.3;4.1;-1;291.6666667;0;0;0.6
94500;2;3;0;0;2.7;4.2;3.3;-0.8;79.3;0;2.2;4.8;2.3;4.2;-1;291.6666667;0;0;0.6
95400;2;3;0;0;2.7;4.2;3.2;-0.9;79.7;0;2.1;4.9;2.2;4.2;-1;291.6666667;0;0;0.6
96300;2;3;0;0;2.7;4.2;3.2;-1.1;80.5;0;2;4.9;2.2;4.3;-1;291.6666667;0;0;0.6
97200;2;3;0;0;2.7;4.2;3.1;-1.3;80.7;0;2;5;2.1;4.4;-1.2;297.2222222;0;0;0.9
98100;2;3;0;0;2.7;4.2;3.1;-1.3;80.6;0;2;5.1;2.2;4.4;-1.2;297.2222222;0;0;0.9
99000;2;4;0;0;2.7;4.5;3.1;-1.2;80.7;0;2;4.9;2.1;4.5;-1.2;297.2222222;0;0;0.9
99900;2;6;0;0;2.7;6.6;3;-1.1;80.9;0;2;4.9;2.1;4.6;-1.2;297.2222222;0;0;0.9
100800;3;5;0;0;2.7;6.3;2.8;-1.2;81.6;0;1.9;4.9;2.1;4.6;-1.3;308.3333333;0;0;0.7
101700;3;4;0;0;3;5.1;2.6;-1.2;82;0;1.9;4.7;2;4.6;-1.3;308.3333333;0;0;0.7
102600;3;3;0;0;3.2;4.7;2.8;-1.2;81.9;0;1.8;4.6;1.9;4.6;-1.3;308.3333333;0;0;0.7
103500;3;3;0;0;3.2;4.5;3;-1.2;81.3;0;1.8;4.6;2;4.6;-1.3;308.3333333;0;0;0.7
104400;3;3;0;0;3.2;4.2;3;-1.2;80.6;0;1.9;4.6;2;4.6;-1.1;308.3333333;0;0;1.7
105300;3;3;0;0;3.2;4.2;3;-1.2;81;0;1.9;4.5;2;4.6;-1.1;308.3333333;0;0;1.7
106200;3;3;0;0;3.2;4.2;3.1;-1.2;80.8;0;1.9;4.5;2;4.7;-1.1;308.3333333;0;0;1.7
107100;3;3;0;0;3.2;4.2;3;-1.3;81.2;0;2;4.4;2;4.7;-1.1;308.3333333;0;0;1.7
108000;3;6;0;0;3.2;5.8;3;-1.5;81.7;0;2;4.3;2.1;4.8;-0.9;308.3333333;0;0;1.5
108900;3;6;0;0;3.2;6.7;3.1;-1.5;81.7;0;2.1;4.3;2.1;4.8;-0.9;308.3333333;0;0;1.5
109800;3;6;0;0;3.2;6.7;2.9;-1.5;83.4;0;2;4.4;2.1;4.7;-0.9;308.3333333;0;0;1.5
110700;3;5;0;0;3.2;6.3;2.8;-1.6;84.2;0;2;4.4;2.2;4.7;-0.9;308.3333333;0;0;1.5
111600;3;4;0;0;3.2;5.3;3.1;-1.6;82.3;0;2;4.4;2.2;4.6;-0.9;308.3333333;8.333333333;8.333333333;2.6
112500;3;4;0;0;3.2;4.7;3.2;-1.6;81.8;0;2.1;4.3;2.2;4.6;-0.9;308.3333333;8.333333333;8.333333333;2.6
113400;3;3;0;0;3.2;4.7;3.2;-1.6;81.3;0;2.1;4.4;2.2;4.6;-0.9;308.3333333;8.333333333;8.333333333;2.6
114300;3;3;0;0;3.2;4.7;3.3;-1.6;81.4;0;2.1;4.4;2.3;4.8;-0.9;308.3333333;8.333333333;8.333333333;2.6
115200;3;3;0;0;3.2;4.7;3.4;-1.6;80.8;9.6;2.2;4.4;2.4;4.9;-0.5;308.3333333;27.77777778;27.77777778;2.1
116100;3;3;0;0;3.2;4.4;3.5;-1.6;80.6;11.1;2.3;4.4;2.4;4.9;-0.5;308.3333333;27.77777778;27.77777778;2.1
117000;3;3;0;0;3.2;4.2;3.6;-1.3;80.3;11.1;2.3;4.4;2.5;4.9;-0.5;308.3333333;27.77777778;27.77777778;2.1
117900;3;6;0;0;3.2;6.2;3.6;-1;79.8;11.1;2.4;4.4;2.5;5;-0.5;308.3333333;27.77777778;27.77777778;2.1
118800;3;6;0;0;3.2;6.8;3.6;-0.6;80.1;47.6;2.5;4.5;2.6;5;-0.2;308.3333333;58.33333333;58.33333333;1.7
119700;3;4;0;0;3.2;5.8;3.6;-0.5;80.2;53.2;2.6;4.6;2.7;4.9;-0.2;308.3333333;58.33333333;58.33333333;1.7
120600;2;2;20;7;2.2;3.7;3.6;-0.5;80.1;52.5;2.8;3.7;2.9;3.6;-0.2;308.3333333;58.33333333;58.33333333;1.7
121500;0;0;3;0;0.9;0.8;3.6;-0.6;80.1;51.8;3;2.7;3;2;-0.2;308.3333333;58.33333333;58.33333333;1.7
122400;0;1;0;0;1.2;1.3;3.5;-0.2;80.4;79.4;3.2;2.9;3.2;2.1;0.3;302.7777778;105.5555556;105.5555556;1.8
123300;0;1;0;0;1.4;1.8;3.8;-0.1;79.4;83.7;3.6;3.3;3.5;2.3;0.3;302.7777778;105.5555556;105.5555556;1.8
124200;1;2;0;0;1.8;2.3;3.9;-0.1;77.9;85.4;4;3.7;3.8;2.5;0.3;302.7777778;105.5555556;105.5555556;1.8
125100;1;2;13;18;1.6;2.6;4.1;-0.2;77.3;87.4;4.1;3.8;4;2.5;0.3;302.7777778;105.5555556;105.5555556;1.8
126000;0;1;11;3;0.9;1.8;4.1;0.2;76.5;106.8;3.3;3.1;3.4;2.2;0.8;302.7777778;80.55555556;80.55555556;2.6
126900;0;4;0;0;1.1;4.3;3.9;0.3;77.8;109.8;3.7;3.5;3.8;2.4;0.8;302.7777778;80.55555556;80.55555556;2.6
127800;0;3;0;0;1.4;4.3;3.9;0.3;77.6;109.8;4;3.8;4.1;2.8;0.8;302.7777778;80.55555556;80.55555556;2.6
128700;0;1;21;21;0.9;1.6;4;0.2;77.4;109.8;3.3;3.1;3.4;2.3;0.8;302.7777778;80.55555556;80.55555556;2.6
129600;0;0;0;0;0.9;0.9;4.2;0.5;76.1;122.7;3.4;3.2;3.5;2.2;0.9;305.5555556;63.88888889;63.88888889;2.9
130500;0;1;0;0;1.4;1.4;4;0.5;76.4;124.7;3.6;3.3;3.7;2.6;0.9;305.5555556;63.88888889;63.88888889;2.9
131400;0;1;0;0;1.4;1.8;4.1;0.5;76.5;124.7;3.9;3.6;3.9;2.9;0.9;305.5555556;63.88888889;63.88888889;2.9
132300;1;1;20;19;1.4;1.9;4;0.5;76.8;124.7;3.7;3.6;3.8;2.7;0.9;305.5555556;63.88888889;63.88888889;2.9
133200;0;0;0;0;0.9;0.9;3.8;0.8;77.5;89.3;3.1;3;3.4;2.2;1.3;305.5555556;36.11111111;36.11111111;2.2
134100;0;0;0;0;1.2;1.1;3.9;0.8;77.5;83.9;3.5;3.3;3.6;2.5;1.3;305.5555556;36.11111111;36.11111111;2.2
135000;0;3;0;0;1.4;3.6;4;0.9;77.5;83.9;3.6;3.5;3.8;2.8;1.3;305.5555556;36.11111111;36.11111111;2.2
135900;1;4;0;0;1.6;4.8;4.2;1;76.3;83.9;3.9;3.6;4;3.1;1.3;305.5555556;36.11111111;36.11111111;2.2
136800;0;1;23;21;1.1;2;4.2;1.1;74.8;61.2;3.3;3.1;3.5;2.3;1.5;305.5555556;11.11111111;11.11111111;2.3
137700;0;0;0;0;0.9;1.1;4.2;1.1;74.1;57.7;3.3;3.1;3.4;2.2;1.5;305.5555556;11.11111111;11.11111111;2.3
138600;0;1;0;0;1.3;1.3;4.2;1;74.1;57.7;3.5;3.2;3.6;2.5;1.5;305.5555556;11.11111111;11.11111111;2.3
139500;0;1;0;0;1.4;1.7;4.1;0.9;73.9;57.7;3.7;3.5;3.8;2.9;1.5;305.5555556;11.11111111;11.11111111;2.3
140400;1;1;0;0;1.9;2.1;4.1;0.8;73.1;35.9;3.8;3.7;3.9;3.1;1.4;308.3333333;0;0;2.9
141300;1;2;7;10;1.7;2.3;4.1;0.8;71.8;32.5;3.7;3.8;3.8;3.1;1.4;308.3333333;0;0;2.9
142200;0;0;14;7;0.8;1.2;4.1;0.9;71.8;32.5;3;2.8;3.2;2.1;1.4;308.3333333;0;0;2.9
143100;0;2;0;0;1.1;2;4;1.1;71.2;32.5;3.2;2.9;3.3;2.3;1.4;308.3333333;0;0;2.9
144000;0;4;0;0;1.3;4.3;4;1;72.1;12;3.4;3.1;3.4;2.7;1.4;308.3333333;0;0;1.8
144900;1;3;0;0;1.6;4.3;4;1;71.8;8.9;3.5;3.2;3.6;3;1.4;308.3333333;0;0;1.8
145800;1;3;0;0;1.8;4.1;4;1.1;70.8;8.9;3.6;3.6;3.6;3.3;1.4;308.3333333;0;0;1.8
146700;1;3;0;0;2.1;4.1;3.9;1.3;69.8;8.9;3.7;4;3.7;3.6;1.4;308.3333333;0;0;1.8
147600;0;0;23;19;0.8;1.5;4.1;1.3;70;1.2;3.1;2.9;3.2;2.2;1.3;308.3333333;0;0;1.8
148500;0;0;0;0;1;1.1;4.3;1.3;70.1;0;3.1;2.9;3.3;2.2;1.3;308.3333333;0;0;1.8
149400;0;1;0;0;1.2;1.4;4.4;1.3;69.3;0;3.2;3;3.4;2.6;1.3;308.3333333;0;0;1.8
150300;0;1;0;0;1.6;1.8;4.3;1.4;69.2;0;3.4;3.2;3.5;2.9;1.3;308.3333333;0;0;1.8
151200;1;1;0;0;1.7;2.2;4.3;1.1;69.2;0;3.4;3.6;3.6;3.1;1.3;308.3333333;0;0;2.3
152100;1;4;0;0;2;4.7;4.3;1.1;69.8;0;3.4;3.8;3.7;3.3;1.3;308.3333333;0;0;2.3
153000;1;4;0;0;2.2;5.4;4.3;1.1;71.5;0;3.4;4.4;3.7;3.3;1.3;308.3333333;0;0;2.3
153900;1;4;0;0;2.5;5.1;4.2;1.2;72.3;0;3.3;4.7;3.7;3.4;1.3;308.3333333;0;0;2.3
154800;0;1;24;25;1.2;1.7;3.9;1.1;72.6;0;3.1;2.9;3.3;2.3;1.1;308.3333333;0;0;3.2
155700;0;0;0;0;1.1;1.1;4;1.1;72.5;0;3.1;2.9;3.3;2.3;1.1;308.3333333;0;0;3.2
156600;0;1;0;0;1.3;1.5;4.1;1.1;71.8;0;3.2;3.1;3.4;2.6;1.1;308.3333333;0;0;3.2
157500;1;1;0;0;1.6;1.9;3.9;1.1;72.6;0;3.3;3.3;3.5;2.9;1.1;308.3333333;0;0;3.2
158400;1;1;0;0;1.8;2.2;4;0.9;72.8;0;3.4;3.7;3.6;3.2;1;308.3333333;0;0;2.8
159300;1;2;0;0;2.1;2.6;4.2;0.9;70.6;0;3.3;4.1;3.5;3.4;1;308.3333333;0;0;2.8
160200;1;4;0;0;2.2;4;4;1;69.8;0;3.3;4.4;3.6;3.5;1;308.3333333;0;0;2.8
161100;1;4;13;23;2.1;4.8;3.9;1.1;69.1;0;3.2;4.2;3.5;3.1;1;308.3333333;0;0;2.8
162000;0;0;9;1;1.1;1.1;4.1;1;70.1;0;3;2.7;3.1;2.2;0.9;308.3333333;0;0;2.9
162900;0;0;0;0;1.1;1.1;4.3;1;70.4;0;3.1;2.8;3.2;2.5;0.9;308.3333333;0;0;2.9
163800;0;1;0;0;1.5;1.6;4.3;1;70.2;0;3.2;2.9;3.3;2.8;0.9;308.3333333;0;0;2.9
164700;1;1;0;0;1.6;2;4.1;1;70.4;0;3.3;3.2;3.3;3.1;0.9;308.3333333;0;0;2.9
165600;1;2;0;0;1.9;2.4;4.1;0.9;69.9;0;3.3;3.7;3.3;3.3;0.6;308.3333333;0;0;2.4
166500;1;2;0;0;2.1;2.6;4.2;0.9;70.3;0;3.2;4.2;3.3;3.5;0.6;308.3333333;0;0;2.4
167400;1;2;0;0;2.3;3;4;0.9;71.1;0;3.1;4.5;3.3;3.6;0.6;308.3333333;0;0;2.4
168300;0.5;1;3;0;1.65;2.05;3.8;6.3;71.9;0;3;3.6;3.2;2.85;0.6;308.3333333;0;0;2.4
169200;0;0;6;0;1;1.1;3.6;11.7;72.7;0;2.9;2.7;3.1;2.1;0.5;305.5555556;0;0;2.5
170100;0;1;0;0;1.1;1.9;3.6;13.3;72.4;0;3;2.8;3.1;2.4;0.5;305.5555556;0;0;2.5
171000;0;1;0;0;1.5;2;3.6;13.3;72.2;0;3.1;2.9;3.2;2.8;0.5;305.5555556;0;0;2.5
171900;1;1;0;0;1.6;2.4;3.5;13.3;71.7;0;3.2;3.3;3.2;3;0.5;305.5555556;0;0;2.5
172800;1;2;0;0;2;2.5;3.4;13.2;71.5;0;3.2;3.7;3.3;3.3;0.5;308.3333333;0;0;2.4
173700;1;2;0;0;2;2.9;3.4;13.2;71.5;0;3.1;4.2;3.2;3.5;0.5;308.3333333;0;0;2.4
174600;1;2;0;0;2.4;3;3.3;13.2;71.4;0;3;4.5;3.1;3.6;0.5;308.3333333;0;0;2.4
175500;1;2;0;0;2.5;3.4;3.3;13.2;71.9;0;3;5;3.2;3.7;0.5;308.3333333;0;0;2.4
176400;1;1;22;15;1.4;2.1;3.4;12.8;71.2;0;2.9;3.3;3.1;2.6;0.4;308.3333333;0;0;2.4
177300;0;2;0;0;0.9;2.2;3.4;12.7;71.2;0;2.9;2.6;3;2.1;0.4;308.3333333;0;0;2.4
178200;0;3;0;0;1.2;4;3.3;12.7;71.2;0;3.1;2.7;3;2.4;0.4;308.3333333;0;0;2.4
179100;0;2;0;0;1.4;4;3.3;12.7;71.5;0;3.2;2.9;3.1;2.7;0.4;308.3333333;0;0;2.4
180000;1;2;0;0;1.7;4;3.2;2.9;73.1;0;3.3;3.3;3.1;3;-0.5;308.3333333;0;0;2.6
180900;1;3;0;0;1.9;4;3.1;0.4;75.3;0;3.1;3.8;3.1;3;-0.5;308.3333333;0;0;2.6
181800;1;3;0;0;2.1;4;3;0.4;77.1;0;2.8;4.2;2.9;2.8;-0.5;308.3333333;0;0;2.6
182700;1;3;0;0;2.4;4;3;0.5;78.6;0;2.6;4.6;2.8;2.4;-0.5;308.3333333;0;0;2.6
183600;1;3;0;0;2.5;4;2.9;0.4;79.5;0;2.5;5.1;2.7;2.2;-0.7;308.3333333;0;0;2.4
184500;2;3;0;0;2.9;4;2.7;0.4;80.7;0;2.3;5.3;2.6;2.5;-0.7;308.3333333;0;0;2.4
185400;2;4;0;0;2.9;4.3;2.7;0.4;81;0;2.2;5.7;2.5;3;-0.7;308.3333333;0;0;2.4
186300;2;6;0;0;2.9;6.3;2.7;0.3;80.6;0;2.2;5.9;2.4;3.5;-0.7;308.3333333;0;0;2.4
187200;2;5;0;0;2.9;6.4;2.8;0.2;80.6;0;2.1;5.8;2.3;4.1;-0.8;308.3333333;0;0;2.3
188100;2;5;1;2;2.9;6;2.6;0.2;80.8;0;2.1;5.8;2.4;4.6;-0.8;308.3333333;0;0;2.3
189000;0;0;20;10;0.8;1.1;2.6;-0.1;81.1;0;2.5;2.3;2.6;1.8;-0.8;308.3333333;0;0;2.3
189900;0;0;0;0;0.8;0.8;2.7;-0.6;81.1;0;2.6;2.3;2.6;1.9;-0.8;308.3333333;0;0;2.3
190800;0;1;0;0;1.2;1.4;2.8;-0.5;80.9;0;2.6;2.7;2.5;2;-0.9;302.7777778;0;0;2
191700;0;1;0;0;1.3;1.9;2.8;-0.5;80.8;0;2.5;3.1;2.5;2;-0.9;302.7777778;0;0;2
192600;1;1;0;0;1.7;2.3;2.8;-0.6;80.1;0;2.4;3.4;2.5;1.9;-0.9;302.7777778;0;0;2
193500;1;2;0;0;1.7;2.7;2.8;-0.7;80.1;0;2.3;3.9;2.4;1.7;-0.9;302.7777778;0;0;2
194400;1;4;0;0;2.2;4.5;2.7;-0.8;80.4;0;2.2;4.1;2.4;1.7;-0.9;305.5555556;2.777777778;2.777777778;1.5
195300;1;5;0;0;2.2;5.8;2.7;-0.8;80.1;0;2.2;4.6;2.3;1.5;-0.9;305.5555556;2.777777778;2.777777778;1.5
196200;1;6;0;0;2.6;6.1;2.7;-0.8;80.1;0;2.1;5;2.3;1.4;-0.9;305.5555556;2.777777778;2.777777778;1.5
197100;2;5;0;0;2.7;6.1;2.7;-0.9;79.8;0;2.1;5.4;2.3;1.3;-0.9;305.5555556;2.777777778;2.777777778;1.5
198000;2;4;0;0;2.7;5.4;2.4;-1;86;0;2.1;5.9;2.2;1.2;-0.7;308.3333333;19.44444444;19.44444444;1.4
198900;2;4;0;0;2.7;5.3;2.1;-1;91.2;0;2;6.2;2.2;1.2;-0.7;308.3333333;19.44444444;19.44444444;1.4
199800;2;4;0;0;2.2;5.3;2.1;-1;91.6;0;2.1;6.2;2.3;1.2;-0.7;308.3333333;19.44444444;19.44444444;1.4
200700;1;4;0;0;2.2;5.3;2.1;-1;91.6;0;2.1;6.3;2.3;1.2;-0.7;308.3333333;19.44444444;19.44444444;1.4
201600;1;4;0;0;2.2;5.3;2.2;-1;91.6;3.1;2.1;6.3;2.3;1.2;-0.5;305.5555556;50;50;1.4
202500;1;4;0;0;2.2;5.3;2.3;-1;92;4.2;2.3;6.3;2.4;1.3;-0.5;305.5555556;50;50;1.4
203400;1;4;0;0;2.2;5.3;2.7;-1;92.1;4.2;2.4;6.1;2.5;1.4;-0.5;305.5555556;50;50;1.4
204300;1;7;0;0;2;6.6;2.7;-1;92.1;4.2;2.6;6.1;2.7;1.5;-0.5;305.5555556;50;50;1.4
205200;1;7;0;0;1.7;7.3;2.7;-0.8;92.1;16.7;2.7;6.2;2.8;1.5;-0.2;308.3333333;80.55555556;80.55555556;1.8
206100;2;5;0;0;1.9;6.2;2.7;-0.7;92.1;22.9;2.8;6.4;2.8;1.6;-0.2;308.3333333;80.55555556;80.55555556;1.8
207000;2;4;0;0;2.2;5.7;3;-0.6;92.1;23;2.8;6.4;2.9;1.6;-0.2;308.3333333;80.55555556;80.55555556;1.8
207900;1;4;0;0;2.2;5.3;3.2;-0.5;92.1;23.3;2.9;6.4;3;1.6;-0.2;308.3333333;80.55555556;80.55555556;1.8
208800;1;4;0;0;2.2;5.3;3.6;-0.4;92.1;38.3;3.1;6.2;3.1;1.7;0;308.3333333;72.22222222;72.22222222;1.7
209700;1;4;0;0;2.2;5.3;3.7;-0.3;92.1;45.8;3.3;6.2;3.4;1.8;0;308.3333333;72.22222222;72.22222222;1.7
210600;1;2;22;17;1.5;3.3;3.6;-0.3;92.1;42.5;3.3;4.7;3.2;2;0;308.3333333;72.22222222;72.22222222;1.7
211500;0;0;0;0;0.8;1.1;3.4;-0.3;92.1;40.8;3.2;3.1;3.2;2.1;0;308.3333333;72.22222222;72.22222222;1.7
212400;0;2;0;0;1.3;2.2;3.3;-0.1;92;58.3;3.6;3.3;3.3;2.4;0;308.3333333;50;50;1.4
213300;0;4;0;0;1.3;5.1;3.3;0;91.6;64.7;3.9;3.5;3.3;2.7;0;308.3333333;50;50;1.4
214200;1;4;0;0;1.8;5.1;3.2;0;91.6;64.7;4;4;3.4;2.7;0;308.3333333;50;50;1.4
215100;1;3;0;0;1.8;4.7;3;0.1;91.7;64.7;4;4.2;3.5;2.7;0;308.3333333;50;50;1.4
216000;0;1;22;22;1;2;3.2;0.2;92.1;75.4;3.3;3.2;3.4;2.3;0.2;308.3333333;94.44444444;94.44444444;1.7
216900;0;0;0;0;1;1.1;3.4;0.2;92.1;79.3;3.4;3.1;3.4;2.4;0.2;308.3333333;94.44444444;94.44444444;1.7
217800;0;1;0;0;1.3;1.5;3.6;0.2;91.9;79.3;3.8;3.4;3.7;2.8;0.2;308.3333333;94.44444444;94.44444444;1.7
218700;0;1;4;2;1.4;1.9;3.5;0.1;91.7;79.3;4.1;3.5;3.8;3;0.2;308.3333333;94.44444444;94.44444444;1.7
219600;0;0;17;14;0.8;1.3;3.7;0.2;92.1;71;3.3;3;3.3;2.3;0.2;305.5555556;63.88888889;63.88888889;1.3
220500;0;0;0;0;1;1.1;4;0.3;92.1;66.9;3.7;3.2;3.6;2.5;0.2;305.5555556;63.88888889;63.88888889;1.3
221400;0;4;0;0;1.3;3.6;4.1;0.2;91.6;66.9;4;3.4;3.8;2.8;0.2;305.5555556;63.88888889;63.88888889;1.3
222300;0;2;23;23;1;3;3.9;0.1;91.5;66.9;3.6;3.2;3.6;2.6;0.2;305.5555556;63.88888889;63.88888889;1.3
223200;0;0;0;0;0.8;1.1;3.7;0.4;91.5;50.8;3.2;2.9;3.3;2.3;0.3;305.5555556;16.66666667;16.66666667;1.1
224100;0;1;0;0;1.3;1.2;3.6;0.5;91.5;42.8;3.5;3.1;3.5;2.6;0.3;305.5555556;16.66666667;16.66666667;1.1
225000;0;1;0;0;1.3;1.6;3.7;0.5;91.6;42.8;3.7;3.1;3.5;3;0.3;305.5555556;16.66666667;16.66666667;1.1
225900;1;1;0;0;1.8;2;3.7;0.5;91.6;42.8;4;3.2;3.5;3.3;0.3;305.5555556;16.66666667;16.66666667;1.1
226800;1;1;13;15;1.5;2;3.7;0.6;91.6;28.2;3.8;3.3;3.5;3.2;0.3;305.5555556;0;0;1.1
227700;0;0;9;1;0.8;1.1;3.6;0.6;91.1;22.9;3;2.7;3.1;2.2;0.3;305.5555556;0;0;1.1
228600;0;0;0;0;1.1;1.1;3.7;0.3;91.1;22.9;3.2;2.7;3.1;2.5;0.3;305.5555556;0;0;1.1
229500;0;2;0;0;1.3;2.2;3.6;0.2;91.1;22.9;3.3;2.7;3.1;2.8;0.3;305.5555556;0;0;1.1
230400;0;4;0;0;1.6;4.6;3.6;0.2;91.6;11.4;3.5;2.8;3.2;3.1;0.2;305.5555556;0;0;0.5
231300;1;3;0;0;1.8;4.5;3.6;0.2;91.1;7.2;3.6;2.9;3.1;3.5;0.2;305.5555556;0;0;0.5
232200;1;3;0;0;2;4.1;3.5;0.2;91.1;7.2;3.7;3.6;3;3.8;0.2;305.5555556;0;0;0.5
233100;0;1;21;15;1.2;2.1;3.5;0.2;91.1;7.2;3;2.9;3;2.6;0.2;305.5555556;0;0;0.5
234000;0;0;0;0;0.8;1.1;3.5;0.3;91.1;2.4;3;2.5;2.9;2.3;0.2;308.3333333;0;0;0.7
234900;0;0;0;0;1.2;1.2;3.6;0.3;91.1;0;3.2;2.6;3;2.6;0.2;308.3333333;0;0;0.7
235800;0;1;0;0;1.3;1.6;3.6;0.3;90.5;0;3.3;2.8;2.9;2.9;0.2;308.3333333;0;0;0.7
236700;1;1;0;0;1.7;2;3.5;0.3;90;0;3.3;3.3;2.9;3.2;0.2;308.3333333;0;0;0.7
237600;1;2;0;0;1.8;2.3;3.6;0.2;90.1;0;3.1;3.8;2.9;3.5;0.1;308.3333333;0;0;0.6
238500;1;5;0;0;2.1;4.8;3.7;0.2;90.1;0;3;4.1;3;3.7;0.1;308.3333333;0;0;0.6
239400;1;4;0;0;2.3;5.6;3.7;0.1;90.1;0;3;4.6;2.9;4;0.1;308.3333333;0;0;0.6
240300;0;0;22;18;0.9;1.4;3.7;0;90.1;0;2.8;2.7;3;2.1;0.1;308.3333333;0;0;0.6
241200;0;0;0;0;0.8;0.9;3.7;0;90.1;0;3;2.6;3;2.4;0.2;308.3333333;0;0;0.8
242100;0;1;0;0;1.3;1.4;3.6;0;90.1;0;3.1;2.6;3;2.7;0.2;308.3333333;0;0;0.8
243000;0;1;0;0;1.3;1.8;3.6;0;90.5;0;3.1;2.8;3;3;0.2;308.3333333;0;0;0.8
243900;1;1;0;0;1.8;2.1;3.7;0;90.4;0;3.3;3.3;3.1;3.3;0.2;308.3333333;0;0;0.8
244800;1;2;0;0;1.8;2.4;3.8;-0.1;90.3;0;3.4;3.9;3;3.6;0.2;311.1111111;0;0;0.9
245700;1;2;0;0;2.2;2.8;3.8;-0.2;90.6;0;3;4.2;3;3.8;0.2;311.1111111;0;0;0.9
246600;1;3;3;7;2.3;3.9;3.8;-0.2;90.2;0;2.8;4.5;2.9;3.9;0.2;311.1111111;0;0;0.9
247500;0;0;20;11;0.8;1.2;3.8;-0.1;90.1;0;2.9;2.5;3;2.2;0.2;311.1111111;0;0;0.9
248400;0;0;0;0;0.9;1.1;3.7;-0.2;90.3;0;3;2.6;3;2.4;0.2;311.1111111;0;0;0.7
249300;0;1;0;0;1.3;1.4;3.8;-0.3;90.4;0;3.1;2.7;3;2.8;0.2;311.1111111;0;0;0.7
250200;0;1;0;0;1.4;1.7;3.9;-0.2;90.1;0;3.2;2.8;3;3.1;0.2;311.1111111;0;0;0.7
251100;1;1;0;0;1.8;2.2;3.8;0.1;90.1;0;3.2;3.3;3;3.4;0.2;311.1111111;0;0;0.7
252000;1;2;0;0;1.9;2.4;3.8;0;90.3;0;3.1;3.9;3;3.7;0.2;311.1111111;0;0;0.8
252900;1;2;0;0;2.3;2.7;3.8;0;90.5;0;2.9;4.3;3;3.9;0.2;311.1111111;0;0;0.8
253800;1;2;16;13;1.8;2.6;3.8;0.1;90.5;0;2.8;4;3;3.5;0.2;311.1111111;0;0;0.8
254700;0.5;2.5;8;6.5;1.45;3.05;3.75;4.95;90.5;0;2.85;3.3;3;3;0.2;311.1111111;0;0;0.8
255600;0;3;0;0;1.1;3.5;3.7;9.8;90.5;0;2.9;2.6;3;2.5;0.2;311.1111111;0;0;1.1
256500;0;3;0;0;1.2;4.1;3.8;13.3;90.4;0;3;2.6;3;2.9;0.2;311.1111111;0;0;1.1
257400;1;2;0;0;1.7;3.7;3.8;13.3;90.6;0;3.1;2.6;3;3.3;0.2;311.1111111;0;0;1.1
258300;1;2;0;0;1.7;3.7;3.8;13.3;90.3;0;3.2;3;3;3.5;0.2;311.1111111;0;0;1.1
259200;1;2;0;0;2.2;3.7;3.5;13.2;90.1;0;3.2;3.6;3;3.9;0.1;311.1111111;0;0;1
260100;1;3;6;10;2.1;3.6;3.7;13.2;89.2;0;3.1;4;2.9;3.9;0.1;311.1111111;0;0;1
261000;0;0;17;6;0.6;1;3.9;13.2;86.2;0;2.9;2.6;3;2.3;0.1;311.1111111;0;0;1
261900;0;0;0;0;1;0.9;3.8;13.2;83.7;0;3;2.6;3;2.5;0.1;311.1111111;0;0;1
262800;0;1;0;0;1.2;1.4;3.9;-0.1;83;0;3;2.7;3;2.8;0.2;305.5555556;0;0;0.6
263700;0;3;0;0;1.6;3.1;4.1;-0.1;82.6;0;3.1;2.8;3.1;3.1;0.2;305.5555556;0;0;0.6
264600;1;4;0;0;1.6;4.7;4;-0.1;81.9;0;3.1;2.9;3.2;3.5;0.2;305.5555556;0;0;0.6
265500;1;3;0;0;2.1;4.7;4;-0.1;82.2;0;3.2;3.5;3;3.8;0.2;305.5555556;0;0;0.6
266400;1;3;2;4;2.1;4.2;3.8;0;81.8;0;3.2;4.2;3;4;0.1;302.7777778;0;0;0.9
267300;0;0;20;12;0.7;1.2;3.8;0;82.2;0;2.9;2.5;3;2.2;0.1;302.7777778;0;0;0.9
268200;0;0;0;0;0.9;1.1;3.8;0;82.2;0;3;2.5;3;2.5;0.1;302.7777778;0;0;0.9
269100;0;1;0;0;1.1;1.4;3.8;0.1;81.7;0;3;2.5;3;2.8;0.1;302.7777778;0;0;0.9
270000;0;1;0;0;1.6;1.7;3.8;-0.1;81.9;0;3;2.7;3;3.1;0.1;302.7777778;0;0;0.8
270900;1;1;0;0;1.6;2.1;3.8;-0.1;82.1;0;3;3.2;3;3.4;0.1;302.7777778;0;0;0.8
271800;1;2;0;0;2;2.7;3.7;-0.1;82.1;0;2.9;3.8;2.9;3.7;0.1;302.7777778;0;0;0.8
272700;1;5;0;0;2.1;5.3;3.8;0;81.8;0;2.9;4.2;2.8;3.9;0.1;302.7777778;0;0;0.8
273600;1;4;1;4;2.3;5.5;3.7;-0.1;81.6;0;2.7;4.6;2.8;4.2;0;302.7777778;0;0;0.8
274500;0;0;20;13;1.1;1.2;3.7;-0.1;81.6;0;2.8;2.5;3;2.2;0;302.7777778;0;0;0.8
275400;0;0;0;0;1;0.9;3.7;-0.1;81.6;0;2.9;2.5;2.9;2.5;0;302.7777778;0;0;0.8
276300;0;1;0;0;1.2;1.4;3.7;0;81.6;0;2.9;2.5;2.9;2.8;0;302.7777778;0;0;0.8
277200;0;1;0;0;1.5;1.8;3.6;-0.1;81.7;0;3;2.6;2.9;3.1;0;302.7777778;0;0;1
278100;1;1;0;0;1.7;2.1;3.6;-0.2;81.8;0;2.9;3.1;2.9;3.4;0;302.7777778;0;0;1
279000;1;2;0;0;2;2.4;3.7;-0.2;81.6;0;2.8;3.7;2.8;3.7;0;302.7777778;0;0;1
279900;1;2;0;0;2;2.8;3.8;-0.1;81.4;0;2.6;4.2;2.9;4;0;302.7777778;0;0;1
280800;1;4;0;0;2.5;4.4;3.9;-0.2;80.8;0;2.5;4.7;2.8;4.3;0;302.7777778;0;0;1.1
281700;0;3;22;18;1.7;3.5;4;-0.3;79.9;0;2.6;3.4;2.9;3;0;302.7777778;0;0;1.1
282600;0;1;0;0;1;1;4;-0.2;79.3;0;2.8;2.5;2.9;2.3;0;302.7777778;0;0;1.1
283500;0;1;0;0;1;2.1;3.7;-0.2;79.6;0;2.9;2.5;2.9;2.7;0;302.7777778;0;0;1.1
284400;0;1;0;0;1.5;2.2;3.6;-0.6;80.6;0;2.9;2.5;2.9;3;-0.1;302.7777778;11.11111111;11.11111111;1.4
285300;1;2;0;0;1.5;2.2;3.7;-0.6;80.9;0;3;2.7;3;3.3;-0.1;302.7777778;11.11111111;11.11111111;1.4
286200;1;2;0;0;2;2.7;3.6;-0.6;80.8;0;3;3.3;3;3.6;-0.1;302.7777778;11.11111111;11.11111111;1.4
287100;1;2;0;0;2;2.7;3.7;-0.6;81;0;2.9;3.9;2.9;3.9;-0.1;302.7777778;11.11111111;11.11111111;1.4
288000;1;2;0;0;2.4;3.2;3.8;-0.6;80.1;9.7;2.7;4.4;2.9;4.2;0.1;302.7777778;30.55555556;30.55555556;1.8
288900;0;1;22;15;1.6;2.1;3.7;-0.6;80.4;10.4;2.9;3.4;3;3.1;0.1;302.7777778;30.55555556;30.55555556;1.8
289800;0;0;0;0;1;1.2;3.8;-0.3;80.4;10.4;3;2.6;3.1;2.5;0.1;302.7777778;30.55555556;30.55555556;1.8
290700;0;3;0;0;1;3.1;3.9;0.1;79.7;10.4;3.2;2.8;3.2;2.8;0.1;302.7777778;30.55555556;30.55555556;1.8
291600;0;4;0;0;1.5;4.2;3.9;0.2;79.6;43.9;3.4;2.9;3.3;3.1;0.3;302.7777778;52.77777778;52.77777778;3.2
292500;1;2;0;0;1.6;3.9;3.9;0.2;79.5;49;3.5;3;3.4;3.5;0.3;302.7777778;52.77777778;52.77777778;3.2
293400;1;2;0;0;2;3.7;4;0.2;79.6;49.5;3.7;3.1;3.5;3.8;0.3;302.7777778;52.77777778;52.77777778;3.2
294300;1;2;3;5;2;3.7;4.1;0.2;79.2;50.3;3.9;3.3;3.6;4;0.3;302.7777778;52.77777778;52.77777778;3.2
295200;0;0;20;18;0.9;1.5;4.2;0.6;78.6;81.7;3.4;3;3.5;2.6;0.6;302.7777778;58.33333333;58.33333333;2.9
296100;0;1;0;0;1.2;1.2;4;0.7;79;89.5;3.5;3.2;3.6;2.9;0.6;302.7777778;58.33333333;58.33333333;2.9
297000;0;1;0;0;1.4;1.7;4.1;0.6;79.2;89.2;3.8;3.4;3.9;3.2;0.6;302.7777778;58.33333333;58.33333333;2.9
297900;1;1;21;26;1.3;1.7;4.2;0.4;78.5;88.7;3.9;3.5;3.9;3.2;0.6;302.7777778;58.33333333;58.33333333;2.9
298800;0;1;0;0;1;2;4.1;0.8;78.2;110.6;3.6;3.2;3.6;2.7;0.9;305.5555556;50;50;4.1
299700;0;4;0;0;1.4;4.2;4.3;0.9;78.1;118.6;3.9;3.4;3.9;3.1;0.9;305.5555556;50;50;4.1
300600;0;2;22;29;1.1;3.1;4.5;0.9;77.4;118.6;4;3.5;4;3.2;0.9;305.5555556;50;50;4.1
301500;0;1;0;0;1;1.6;4.6;0.8;73.3;118.6;3.7;3.3;3.8;2.8;0.9;305.5555556;50;50;4.1
302400;0;1;0;0;1.4;1.6;4.2;1;70.9;134.1;3.9;3.6;4;3.2;1.2;305.5555556;36.11111111;36.11111111;3.8
303300;0;1;22;25;1;1.6;4;1.1;71.9;141.9;3.8;3.4;3.9;2.9;1.2;305.5555556;36.11111111;36.11111111;3.8
304200;0;1;0;0;1.1;1.6;4.1;1;72.4;141.9;3.7;3.3;3.8;2.9;1.2;305.5555556;36.11111111;36.11111111;3.8
305100;0;1;0;0;1.4;1.6;4.1;0.9;71.7;141.9;4;3.5;3.9;3.3;1.2;305.5555556;36.11111111;36.11111111;3.8
306000;0;1;22;24;1.1;1.8;4;1.5;70.8;119.3;3.8;3.3;3.8;3;1;308.3333333;13.88888889;13.88888889;4.4
306900;0;1;0;0;1;1.6;3.9;1.5;69.8;119.3;3.6;3.2;3.6;2.8;1;308.3333333;13.88888889;13.88888889;4.4
307800;0;4;0;0;1.4;3.6;3.7;1.5;69;119.3;3.7;3.3;3.7;3.1;1;308.3333333;13.88888889;13.88888889;4.4
308700;1;4;0;0;1.6;4.5;3.8;1.5;69;119.3;3.9;3.4;3.8;3.5;1;308.3333333;13.88888889;13.88888889;4.4
309600;1;2;12;19;1.6;3.3;3.8;1.6;69.2;72;4;3.4;3.8;3.5;0.8;308.3333333;2.777777778;2.777777778;3.2
310500;0;0;9;4;0.8;1.6;3.7;1.6;69.8;68.6;3.4;2.9;3.4;2.7;0.8;308.3333333;2.777777778;2.777777778;3.2
311400;0;1;0;0;1.3;1.6;3.5;1.5;70.5;68.6;3.4;3;3.5;3;0.8;308.3333333;2.777777778;2.777777778;3.2
312300;1;1;0;0;1.5;1.7;3.5;1.3;71;68.6;3.5;3.1;3.6;3.3;0.8;308.3333333;2.777777778;2.777777778;3.2
313200;1;1;0;0;1.8;2.1;3.6;1.2;71;45.5;3.6;3.1;3.5;3.7;0.4;305.5555556;0;0;4.2
314100;1;2;0;0;2;2.3;3.2;1.2;72.2;42;3.7;3.2;3.6;4;0.4;305.5555556;0;0;4.2
315000;1;2;11;15;2;2.5;3.1;1.1;72.6;42;3.8;3.2;3.6;3.8;0.4;305.5555556;0;0;4.2
315900;0;2;11;5;0.8;2;3.1;0.9;72.6;42;3.2;2.8;3.3;2.6;0.4;305.5555556;0;0;4.2
316800;0;3;0;0;1.3;4.1;3;0.8;73.1;16.3;3.2;2.8;3.3;2.9;0.3;305.5555556;0;0;3.8
317700;1;2;0;0;1.4;3.9;3.1;0.8;73.2;9.9;3.3;2.8;3.3;3.2;0.3;305.5555556;0;0;3.8
318600;1;2;0;0;1.8;3.6;2.8;0.8;73;9.9;3.3;2.8;3.2;3.6;0.3;305.5555556;0;0;3.8
319500;1;2;0;0;1.9;3.1;2.9;0.7;72.8;9.9;3.4;2.9;3.3;3.9;0.3;305.5555556;0;0;3.8
320400;1;2;0;0;2.3;3.1;2.7;0.7;73.3;2.6;3.8;2.9;3.2;4.3;0.1;305.5555556;0;0;3.4
321300;1;2;9;9;2.4;2.9;2.7;0.7;73.5;0;4.1;2.9;3.2;4;0.1;305.5555556;0;0;3.4
322200;0;0;12;3;0.8;1.1;2.8;0.5;73.6;0;3.1;2.7;3.2;2.4;0.1;305.5555556;0;0;3.4
323100;0;0;0;0;1.2;1.1;2.8;0.4;73;0;3.1;2.7;3.1;2.8;0.1;305.5555556;0;0;3.4
324000;0;1;0;0;1.3;1.7;2.7;0.2;73.6;0;3.1;2.7;3.1;3.1;-0.1;305.5555556;0;0;1.8
324900;1;4;0;0;1.8;4.1;2.5;0.1;74.1;0;3;2.7;3.1;3.4;-0.1;305.5555556;0;0;1.8
325800;1;4;0;0;1.8;4.9;2.4;0;74.6;0;3;2.6;3.1;3.7;-0.1;305.5555556;0;0;1.8
326700;1;3;0;0;2.3;4.2;2.5;-0.1;74.8;0;3;2.6;3;4.1;-0.1;305.5555556;0;0;1.8
327600;1;3;0;0;2.5;4.1;2.7;0;74;0;3.2;2.7;3;4.4;-0.3;305.5555556;0;0;1.1
328500;1;3;0;0;2.9;3.6;2.6;0;74.4;0;3.7;2.6;2.9;4.8;-0.3;305.5555556;0;0;1.1
329400;2;3;0;0;3.3;3.6;2.6;0.1;74.5;0;4.3;2.6;2.9;4.9;-0.3;305.5555556;0;0;1.1
330300;0;1;22;16;1.2;1.7;2.6;0.1;75.2;0;3;2.6;3.1;2.6;-0.3;305.5555556;0;0;1.1
331200;0;0;0;0;1.1;1.1;2.9;0;74.1;0;2.9;2.6;3;2.5;-0.4;302.7777778;0;0;1.3
332100;0;1;0;0;1.3;1.4;3;0;73.8;0;3;2.5;2.9;2.8;-0.4;302.7777778;0;0;1.3
333000;1;3;0;0;1.6;2.9;2.9;-0.1;73.1;0;2.9;2.7;2.9;3.1;-0.4;302.7777778;0;0;1.3
333900;1;4;0;0;1.8;4.9;2.6;-0.3;73.5;0;2.8;2.7;3;3.5;-0.4;302.7777778;0;0;1.3
334800;1;3;0;0;2.1;4.8;2.6;-0.3;73;0;2.7;3.2;2.8;3.8;-0.3;302.7777778;0;0;1.1
335700;1;3;0;0;2.2;4.3;2.8;-0.3;72.4;0;2.6;4.1;2.7;4.2;-0.3;302.7777778;0;0;1.1
336600;1;3;0;0;2.6;4.1;2.7;-0.3;72.8;0;2.4;4.6;2.6;4.5;-0.3;302.7777778;0;0;1.1
337500;1;1;23;14;1.6;2.5;2.9;-0.4;72;0;2.6;3.5;2.8;3.1;-0.3;302.7777778;0;0;1.1
338400;0;0;0;0;0.7;0.6;2.9;-0.2;71.7;0;2.8;2.4;2.9;2.3;-0.3;302.7777778;0;0;1.1
339300;0;0;0;0;1.1;1.1;3.2;-0.2;71.4;0;2.7;2.5;2.8;2.6;-0.3;302.7777778;0;0;1.1
340200;0;1;0;0;1.4;1.6;3.2;-0.3;71;0;2.8;2.4;3;3;-0.3;302.7777778;0;0;1.1
341100;0.5;2.5;0;0;1.6;3.15;3.15;-0.15;71.45;0;2.85;2.45;3.35;3.25;-0.3;302.7777778;0;0;1.1
342000;1;4;0;0;1.8;4.7;3.1;0;71.9;0;2.9;2.5;3.7;3.5;-0.2;305.5555556;0;0;1.5
342900;1;4;0;0;2.1;5.1;3.1;0.2;73.1;0;3.1;2.4;4.2;3.8;-0.2;305.5555556;0;0;1.5
343800;1;3;7;11;2.1;4.4;3.3;0.2;72.6;0;3.2;2.4;4.6;3.8;-0.2;305.5555556;0;0;1.5
344700;0;0;15;3;0.6;1;3.4;0.2;72.6;0;2.8;2.5;3;2.3;-0.2;305.5555556;0;0;1.5
345600;0;0;0;0;1;1;3.1;-0.1;73.3;0;2.8;2.4;2.9;2.7;-0.2;305.5555556;0;0;1.5
346500;0;1;0;0;1.1;1.4;3.1;-0.1;74.9;0;2.7;2.4;2.9;3;-0.2;305.5555556;0;0;1.5
347400;0;1;0;0;1.6;1.8;3.2;-0.1;75;0;2.7;2.4;2.8;3.3;-0.2;305.5555556;0;0;1.5
348300;1;1;0;0;1.6;2;3.4;-0.1;74.5;0;2.6;2.7;2.8;3.6;-0.2;305.5555556;0;0;1.5
349200;1;2;0;0;2.1;2.5;3.3;-0.1;74.8;0;2.6;3.4;2.8;4;-0.2;305.5555556;0;0;1.3
350100;1;4;0;0;2.1;3.9;3.3;-0.1;75.1;0;2.5;4.1;2.7;4.3;-0.2;305.5555556;0;0;1.3
351000;1;5;0;0;2.6;5.5;3.4;-0.1;75.3;0;2.5;4.6;2.7;4.7;-0.2;305.5555556;0;0;1.3
351900;0;2;24;12;1.8;3.1;3.3;-0.1;75;0;2.7;3.7;2.9;3.4;-0.2;305.5555556;0;0;1.3
352800;0;0;0;0;1;0.9;3.3;-0.3;75.2;0;2.9;2.5;3;2.4;-0.1;305.5555556;0;0;1.5
353700;0;0;0;0;1;1.2;3.4;-0.3;75.4;0;2.9;2.4;2.9;2.7;-0.1;305.5555556;0;0;1.5
354600;0;1;0;0;1.5;1.6;3.5;-0.3;75;0;2.9;2.4;3;3;-0.1;305.5555556;0;0;1.5
355500;1;1;0;0;1.5;1.9;3.5;-0.2;75.5;0;3;2.4;3.4;3.3;-0.1;305.5555556;0;0;1.5
356400;1;1;0;0;2;2.3;3.6;-0.2;75.2;0;3.3;2.4;3.9;3.7;0.1;305.5555556;0;0;2
357300;1;2;0;0;2;2.4;3.6;-0.2;75.3;0;3.7;2.4;4.6;3.9;0.1;305.5555556;0;0;2
358200;0;1;23;13;1;1.2;3.6;-0.2;75.4;0;2.9;2.5;2.9;2.2;0.1;305.5555556;0;0;2
359100;0;3;0;0;1;3.6;3.6;-0.3;75.6;0;2.9;2.5;3;2.6;0.1;305.5555556;0;0;2
360000;0;3;0;0;1;3.9;3.7;-0.2;75.6;0;3;2.5;2.9;2.9;0.3;308.3333333;0;0;1.7
360900;0;2;0;0;1.5;3.4;3.8;-0.2;75.6;0;3.1;2.5;2.9;3.2;0.3;308.3333333;0;0;1.7
361800;1;2;0;0;1.6;3.4;3.7;-0.2;76.1;0;3.1;2.5;2.9;3.6;0.3;308.3333333;0;0;1.7
362700;1;2;0;0;2;3.4;3.8;-0.1;76.6;0;3;2.5;3;3.9;0.3;308.3333333;0;0;1.7
363600;1;2;0;0;2.2;3.4;3.9;0;77.2;0;2.9;2.5;2.9;4.3;0.4;311.1111111;0;0;1.9
364500;1;2;0;0;2.6;3.4;4;0.1;77.3;0;2.8;2.5;2.9;4.6;0.4;311.1111111;0;0;1.9
365400;1;3;0;0;3;3.4;4.1;0.2;77.4;0;2.9;2.6;2.9;4.9;0.4;311.1111111;0;0;1.9
366300;2;3;0;0;3.2;3.4;4.1;0.2;77.8;0;2.8;2.6;3;5.1;0.4;311.1111111;0;0;1.9
367200;2;5;0;0;3.5;5;4.1;0.2;77.6;0;2.9;2.7;3;5.5;0.5;311.1111111;0;0;1.2
368100;2;5;0;0;3.5;5.9;4.1;0.2;77.3;0;2.9;2.7;3;5.5;0.5;311.1111111;0;0;1.2
369000;2;6;0;0;3.8;6.2;4.1;0.3;77.4;0;2.9;2.7;2.9;5.9;0.5;311.1111111;0;0;1.2
369900;3;4;0;0;4;5.7;4.1;0.3;77.8;0;2.9;2.7;3;5.9;0.5;311.1111111;0;0;1.2
370800;3;3;0;0;4;4.6;4.1;0.1;77.8;0;2.9;2.7;3;5.9;0.5;311.1111111;5.555555556;5.555555556;1.6
371700;3;3;0;0;4;4.4;4.1;0.1;77.8;0;2.9;2.8;3.1;6.1;0.5;311.1111111;5.555555556;5.555555556;1.6
372600;2;3;9;12;3.3;3.7;4.1;0.1;78.1;0;2.9;2.8;3.2;5.6;0.5;311.1111111;5.555555556;5.555555556;1.6
373500;0;0;12;9;1.1;1.5;4.1;0.2;78.1;0;3.4;2.9;3.5;2.5;0.5;311.1111111;5.555555556;5.555555556;1.6
374400;0;1;0;0;1.3;1.5;4;0.2;78.7;7.2;3.5;2.9;3.5;2.8;0.4;313.8888889;19.44444444;19.44444444;1.6
375300;1;1;0;0;1.7;1.9;3.8;0.2;79.3;7.7;3.7;2.9;3.5;3.1;0.4;313.8888889;19.44444444;19.44444444;1.6
376200;1;2;0;0;1.9;2.4;3.6;0.3;80.5;7.7;3.9;2.9;3.9;3.4;0.4;313.8888889;19.44444444;19.44444444;1.6
377100;0;2;23;21;1.4;2.4;3.8;0.5;80.5;7.7;3.8;2.9;3.7;3.1;0.4;313.8888889;19.44444444;19.44444444;1.6
378000;0;1;0;0;0.9;1.4;3.7;0.7;80.8;27.9;3.2;2.8;3.3;2.7;0.7;313.8888889;25;25;2
378900;0;1;0;0;1.2;1.8;4;0.7;80.6;32.9;3.3;2.9;3.4;3;0.7;313.8888889;25;25;2
379800;1;1;0;0;1.6;1.9;4.1;0.7;79.4;31.7;3.5;3;3.5;3.4;0.7;313.8888889;25;25;2
380700;1;1;0;0;1.7;2.3;4.1;0.6;79.7;30.4;3.5;3;3.5;3.7;0.7;313.8888889;25;25;2
381600;1;2;0;0;2.1;2.4;4.4;0.8;79.1;51.7;3.6;3.1;3.6;4.1;1;313.8888889;38.88888889;38.88888889;1.9
382500;1;2;19;24;1.6;2.3;4.6;0.8;78.2;57;3.7;3.3;3.7;3.8;1;313.8888889;38.88888889;38.88888889;1.9
383400;0;1;3;1;1.1;1.4;4.7;0.7;78.1;58.3;3.5;3.1;3.6;3;1;313.8888889;38.88888889;38.88888889;1.9
384300;0;1;0;0;1.3;1.5;4.8;0.6;77;60.2;3.8;3.3;3.8;3.3;1;313.8888889;38.88888889;38.88888889;1.9
385200;1;2;5;11;1.5;2.3;4.8;0.9;76.7;77.6;4;3.5;3.9;3.6;1.1;316.6666667;33.33333333;33.33333333;2.2
386100;0;1;17;21;1;2;4.8;1;76.8;81.9;3.7;3.3;3.9;3.1;1.1;316.6666667;33.33333333;33.33333333;2.2
387000;0;1;0;0;1.3;1.9;4.6;1;77.7;81.9;3.8;3.4;3.9;3.3;1.1;316.6666667;33.33333333;33.33333333;2.2
387900;1;1;12;15;1.4;2;4.4;1.1;78.3;81.9;4;3.5;4.1;3.4;1.1;316.6666667;33.33333333;33.33333333;2.2
388800;0;1;9;9;1.1;1.6;4.6;1.3;78.2;90.3;3.6;3.3;3.8;3;1.4;313.8888889;33.33333333;33.33333333;2.1
389700;0;1;0;0;1.3;1.5;4.9;1.3;77.5;92.4;3.8;3.5;4;3.2;1.4;313.8888889;33.33333333;33.33333333;2.1
390600;0;1;23;26;1.1;1.9;4.8;1.3;77.2;92.4;3.8;3.5;3.9;3.1;1.4;313.8888889;33.33333333;33.33333333;2.1
391500;0;1;0;0;1.1;1.9;4.6;1.2;78;92.4;3.7;3.4;3.9;3.1;1.4;313.8888889;33.33333333;33.33333333;2.1
392400;0;1;0;0;1.5;1.9;4.4;1.4;78.7;71.8;4;3.5;4;3.4;1.5;313.8888889;22.22222222;22.22222222;1.4
393300;0;1;21;25;1;1.9;4.7;1.5;78.3;66.6;3.7;3.4;3.9;3.1;1.5;313.8888889;22.22222222;22.22222222;1.4
394200;0;3;0;0;1.1;3.4;5;1.5;77.1;66.6;3.8;3.4;3.8;3.1;1.5;313.8888889;22.22222222;22.22222222;1.4
395100;1;3;16;26;1.3;3.7;4.9;1.4;77.1;66.6;4;3.6;4;3.3;1.5;313.8888889;22.22222222;22.22222222;1.4
396000;0;1;6;3;1.1;1.8;4.8;1.6;77.3;49.6;3.7;3.3;3.8;3;1.4;316.6666667;5.555555556;5.555555556;2.1
396900;0;1;0;0;1.3;1.8;4.7;1.7;78.1;45.4;3.9;3.5;4;3.3;1.4;316.6666667;5.555555556;5.555555556;2.1
397800;0;1;23;25;1;1.8;4.4;1.7;78.9;45.4;3.7;3.5;3.9;3.1;1.4;316.6666667;5.555555556;5.555555556;2.1
398700;0;1;0;0;1.1;1.8;4.4;1.7;79.4;45.4;3.7;3.4;3.8;3.1;1.4;316.6666667;5.555555556;5.555555556;2.1
399600;0;1;0;0;1.5;1.8;4.3;1.7;80.3;27;3.8;3.5;3.9;3.4;1.3;313.8888889;0;0;1.5
400500;0;1;22;25;1.2;1.8;4.2;1.7;80.5;22.4;3.8;3.5;3.9;3.3;1.3;313.8888889;0;0;1.5
401400;0;1;0;0;1.1;1.8;4.2;1.6;80.9;22.4;3.6;3.3;3.7;2.9;1.3;313.8888889;0;0;1.5
402300;0;2;0;0;1.4;2.5;4.2;1.5;81.3;22.4;3.7;3.4;3.8;3.3;1.3;313.8888889;0;0;1.5
403200;1;4;0;0;1.6;4.8;4.2;1.4;81.7;9.6;3.8;3.4;3.9;3.6;1.2;313.8888889;0;0;1.7
404100;0;2;21;24;1.2;3.1;4.2;1.4;81.5;6.4;3.7;3.5;3.9;3.3;1.2;313.8888889;0;0;1.7
405000;0;1;0;0;1.1;1.8;4.4;1.4;80.9;6.4;3.5;3.3;3.7;3;1.2;313.8888889;0;0;1.7
405900;0;1;0;0;1.5;1.8;4.6;1.3;80.3;6.4;3.7;3.3;3.7;3.3;1.2;313.8888889;0;0;1.7
406800;1;1;0;0;1.6;2;4.7;1.4;79.9;1.7;3.8;3.4;3.8;3.6;1.2;316.6666667;0;0;2.1
407700;1;2;9;13;1.8;2.3;4.7;1.5;79.3;0;3.9;3.4;3.8;3.8;1.2;316.6666667;0;0;2.1
408600;0;1;14;12;1;1.5;4.8;1.5;79.3;0;3.5;3.2;3.6;2.9;1.2;316.6666667;0;0;2.1
409500;0;1;0;0;1.3;1.4;4.8;1.4;78.9;0;3.7;3.3;3.6;3.1;1.2;316.6666667;0;0;2.1
410400;1;1;0;0;1.6;1.9;4.4;1.3;80.2;0;3.7;3.3;3.7;3.5;1;316.6666667;0;0;2.7
411300;1;4;0;0;1.8;4.4;4.5;1.3;80.6;0;3.8;3.3;3.8;3.8;1;316.6666667;0;0;2.7
412200;0;2;23;27;1.4;3.4;4.7;1.2;79.9;0;3.7;3.4;3.7;3.5;1;316.6666667;0;0;2.7
413100;0;1;0;0;1.1;1.7;4.8;1;79.5;0;3.5;3.2;3.6;2.9;1;316.6666667;0;0;2.7
414000;0;1;0;0;1.4;1.7;4.8;1.1;79.3;0;3.6;3.2;3.6;3.2;1;316.6666667;0;0;2.5
414900;1;1;0;0;1.6;2;4.8;1.1;79.6;0;3.7;3.3;3.6;3.6;1;316.6666667;0;0;2.5
415800;1;2;0;0;1.9;2.2;4.7;1.1;79.8;0;3.8;3.3;3.7;3.9;1;316.6666667;0;0;2.5
416700;1;2;11;17;1.8;2.4;4.7;1.1;79.8;0;3.7;3.4;3.7;3.9;1;316.6666667;0;0;2.5
417600;0;0;11;7;1.1;1.7;4.6;0.9;80;0;3.4;3.1;3.5;2.9;1.1;316.6666667;0;0;2.1
418500;0;1;0;0;1.3;1.7;4.7;0.9;79.9;0;3.5;3.2;3.5;3.1;1.1;316.6666667;0;0;2.1
419400;1;3;0;0;1.6;2.9;4.7;0.8;80.3;0;3.6;3.2;3.6;3.4;1.1;316.6666667;0;0;2.1
420300;1;4;0;0;1.8;4.7;4.7;0.7;80.8;0;3.7;3.2;3.6;3.8;1.1;316.6666667;0;0;2.1
421200;1;3;0;0;2.1;4.4;4.8;0.6;80.5;0;3.7;3.3;3.7;4.2;1.2;316.6666667;0;0;2.5
422100;0;1;22;26;1.3;2.6;4.8;0.6;80.3;0;3.6;3.3;3.7;3.3;1.2;316.6666667;0;0;2.5
423000;0;1;0;0;1.1;1.7;4.6;0.7;80.6;0;3.5;3.2;3.6;3;1.2;316.6666667;0;0;2.5
423900;0;1;0;0;1.5;1.7;4.5;0.8;81.5;0;3.7;3.3;3.7;3.3;1.2;316.6666667;0;0;2.5
424800;1;1;0;0;1.6;2.1;4.3;0.9;82.3;0;3.8;3.4;3.7;3.7;1.1;316.6666667;0;0;2.1
425700;1;2;0;0;2.1;2.2;4.2;0.9;82.3;0;3.8;3.4;3.7;4;1.1;316.6666667;0;0;2.1
426600;0;1;23;25;1.1;1.8;4.3;0.9;82.2;0;3.6;3.3;3.7;3;1.1;316.6666667;0;0;2.1
427500;0.5;2.5;11.5;12.5;1.35;3.05;4.35;0.6;81.95;0;3.6;3.3;3.7;3.2;1.1;316.6666667;0;0;2.1
428400;1;4;0;0;1.6;4.3;4.4;0.3;81.7;0;3.6;3.3;3.7;3.4;0.8;313.8888889;0;0;2.4
429300;1;3;0;0;1.6;4.6;4.2;0.2;81.5;0;3.7;3.4;3.7;3.8;0.8;313.8888889;0;0;2.4
430200;1;3;0;0;2.1;3.9;4.1;0.2;81.9;0;3.7;3.4;3.7;4.1;0.8;313.8888889;0;0;2.4
431100;0;1;23;25;1.2;2.1;4.2;0.2;81.1;0;3.5;3.3;3.6;3;0.8;313.8888889;0;0;2.4
432000;0;1;0;0;1.1;1.7;4.1;0;80.7;0;3.5;3.2;3.5;3;0.5;313.8888889;0;0;2.6
432900;1;1;0;0;1.6;1.7;4.2;-0.1;80.8;0;3.6;3.2;3.5;3.3;0.5;313.8888889;0;0;2.6
433800;1;1;0;0;1.6;2.2;4.2;-0.1;80.3;0;3.6;3.2;3.5;3.7;0.5;313.8888889;0;0;2.6
434700;1;2;0;0;2.1;2.3;4.2;-0.1;80.9;0;3.5;3.2;3.5;4;0.5;313.8888889;0;0;2.6
435600;1;2;0;0;2.2;2.7;4.1;-0.1;80.4;0;3.5;3.1;3.5;4.3;0.4;313.8888889;0;0;2.5
436500;1;4;0;0;2.6;4;3.9;-0.1;80.3;0;3.4;3.2;3.5;4.7;0.4;313.8888889;0;0;2.5
437400;1;5;0;0;3.1;5.2;3.8;-0.1;80.6;0;3.4;3.1;3.4;5;0.4;313.8888889;0;0;2.5
438300;1;3;14;20;2.5;4.2;3.8;-0.1;80.5;0;3.4;3.1;3.4;4.4;0.4;313.8888889;0;0;2.5
439200;0;0;9;3;1;1.5;3.8;0.5;80.7;0;3.2;2.9;3.4;2.6;0.1;313.8888889;0;0;2.7
440100;0;1;0;0;1.4;1.5;3.8;0.7;80.8;0;3.3;2.9;3.3;2.9;0.1;313.8888889;0;0;2.7
441000;1;1;0;0;1.5;1.9;3.7;0.6;81;0;3.3;2.9;3.3;3.2;0.1;313.8888889;0;0;2.7
441900;1;1;0;0;2;2.2;3.5;0.5;82.3;0;3.3;2.9;3.2;3.6;0.1;313.8888889;0;0;2.7
442800;1;2;0;0;2;2.5;3.2;0.3;84.9;0;3.1;3.3;3.1;3.9;0;313.8888889;0;0;2.4
443700;1;2;0;0;2.4;2.9;3;0.2;87.4;0;2.9;4.1;2.9;4.3;0;313.8888889;0;0;2.4
444600;1;3;0;0;2.5;3.2;2.9;0.2;88.3;0;2.7;4.7;2.9;4.6;0;313.8888889;0;0;2.4
445500;0;2;22;16;1.4;2.4;3;0.1;88.3;0;2.7;3.1;2.9;2.8;0;313.8888889;0;0;2.4
446400;0;0;0;0;0.8;0.9;2.8;0.1;87.9;0;2.9;2.5;2.9;2.3;0;311.1111111;0;0;2.1
447300;0;1;0;0;1.3;1.4;2.9;0.1;88;0;2.9;2.5;2.9;2.6;0;311.1111111;0;0;2.1
448200;0;1;0;0;1.4;1.8;2.8;0.1;87.5;0;2.8;2.9;3;2.9;0;311.1111111;0;0;2.1
449100;1;1;0;0;1.8;2;2.8;0.1;87.6;0;2.8;3.4;3.1;3.2;0;311.1111111;0;0;2.1
450000;1;2;0;0;1.8;2.4;2.9;0.2;87.2;0;2.7;3.9;3;3.4;0;311.1111111;0;0;2.5
450900;1;2;0;0;2.2;2.7;2.8;0.2;86.9;0;2.6;4.2;2.8;3.5;0;311.1111111;0;0;2.5
451800;1;2;0;0;2.3;2.9;2.8;0.1;86.9;0;2.5;4.7;2.7;3.7;0;311.1111111;0;0;2.5
452700;1;2;0;0;2.5;2.9;2.9;0;86.9;0;2.5;5;2.7;4;0;311.1111111;0;0;2.5
453600;2;4;3;8;2.7;4.2;2.8;-0.1;86.5;0;2.5;5;2.7;4.3;0.1;311.1111111;0;0;2.5
454500;0;0;18;9;0.7;1.4;3;-0.2;86.9;0;2.9;2.6;3;2.5;0.1;311.1111111;0;0;2.5
455400;0;2;0;0;1.1;1.8;3.1;-0.2;85.8;0;3;2.5;3;2.7;0.1;311.1111111;0;0;2.5
456300;0;2;0;0;1.2;2.7;2.8;-0.1;85.2;0;3.1;2.5;2.9;3.1;0.1;311.1111111;0;0;2.5
457200;1;2;0;0;1.7;2.7;2.9;-0.2;85.2;0;3.1;2.5;2.9;3.4;0.1;311.1111111;8.333333333;8.333333333;2.9
458100;1;2;0;0;1.7;2.7;3.1;-0.3;84.6;0;3;2.5;2.8;3.7;0.1;311.1111111;8.333333333;8.333333333;2.9
459000;1;2;0;0;2.2;2.7;3.1;-0.2;84.8;0;2.9;2.5;2.8;4.1;0.1;311.1111111;8.333333333;8.333333333;2.9
459900;1;2;0;0;2.4;2.7;3.3;-0.2;84.7;0;2.9;2.5;2.8;4.4;0.1;311.1111111;8.333333333;8.333333333;2.9
460800;1;2;0;0;2.8;2.9;3.4;-0.3;84.5;3.4;2.9;2.5;2.8;4.7;0;311.1111111;16.66666667;16.66666667;3
461700;2;2;0;0;3.2;3.2;3.4;-0.3;84.6;5.1;2.8;2.5;2.8;4.9;0;311.1111111;16.66666667;16.66666667;3
462600;2;3;0;0;3.2;3.4;3.3;-0.1;85.8;5.1;2.7;2.5;2.7;5.4;0;311.1111111;16.66666667;16.66666667;3
463500;2;5;0;0;3.7;5;3.2;0;85.9;5.1;2.7;2.4;2.7;5.6;0;311.1111111;16.66666667;16.66666667;3
464400;2;5;0;0;3.7;5.7;3.1;0.1;86.2;16.8;3.5;2.4;2.7;5.8;0;311.1111111;30.55555556;30.55555556;3.3
465300;0;0;22;19;1.1;1.6;3;0.1;89.3;22.7;2.9;2.8;3.2;2.5;0;311.1111111;30.55555556;30.55555556;3.3
466200;0;0;0;0;1.2;1.1;3.1;0.2;90.4;23;3.1;2.8;3.2;2.3;0;311.1111111;30.55555556;30.55555556;3.3
467100;0;1;0;0;1.4;1.6;3.1;0.2;91;23.1;3.2;2.8;3.2;2.5;0;311.1111111;30.55555556;30.55555556;3.3
468000;1;1;0;0;1.8;2.1;3.2;0.4;91;36.3;3.3;3.2;3.4;2.7;0.1;311.1111111;33.33333333;33.33333333;3
468900;1;2;0;0;1.8;2.4;3.3;0.5;90.9;42.9;3.4;3.8;3.7;2.8;0.1;311.1111111;33.33333333;33.33333333;3
469800;1;2;0;0;2.2;2.6;3.4;0.3;91.2;44.4;3.2;4.2;3.8;2.4;0.1;311.1111111;33.33333333;33.33333333;3
470700;1;2;0;0;2.3;3.1;3.3;0.2;90.8;45.2;3.1;4.6;3.4;2.2;0.1;311.1111111;33.33333333;33.33333333;3
471600;1;3;0;0;2.5;3.7;3.4;0.3;90.5;51.7;3;5;3.2;2.1;0.2;311.1111111;58.33333333;58.33333333;2.9
472500;2;5;0;0;2.8;6;3.5;0.4;89.7;55;2.9;5.2;3.5;2.1;0.2;311.1111111;58.33333333;58.33333333;2.9
473400;1;3;16;25;2.2;4.6;3.4;0.3;89.7;55;2.8;4.6;3.9;2.1;0.2;311.1111111;58.33333333;58.33333333;2.9
474300;0;0;6;0;1.2;1;3.5;0.2;90.1;55;3.2;2.7;3.2;2.7;0.2;311.1111111;58.33333333;58.33333333;2.9
475200;0;1;0;0;1.2;1.3;3.5;0.3;90.1;56.7;3.4;2.8;3.2;3;0.2;313.8888889;47.22222222;47.22222222;2.9
476100;0;1;0;0;1.5;1.7;3.5;0.4;90.6;57.6;3.6;2.9;3.3;3.3;0.2;313.8888889;47.22222222;47.22222222;2.9
477000;1;1;0;0;1.7;2;3.6;0.3;90.8;57.6;3.7;3;3.3;3.7;0.2;313.8888889;47.22222222;47.22222222;2.9
477900;1;2;0;0;2;2.3;3.6;0.2;90.9;57.6;3.7;3.1;3.4;4;0.2;313.8888889;47.22222222;47.22222222;2.9
478800;1;2;0;0;2.2;2.5;3.5;0.3;91.3;47.1;3.7;3.1;3.3;4.4;0.2;313.8888889;33.33333333;33.33333333;2.9
479700;1;2;0;0;2.6;2.7;3.6;0.4;91.3;41.8;3.6;3.1;3.4;4.6;0.2;313.8888889;33.33333333;33.33333333;2.9
480600;1;3;17;24;2.3;3.7;3.5;0.4;91.3;41.8;3.5;3.2;3.5;4;0.2;313.8888889;33.33333333;33.33333333;2.9
481500;0;1;6;1;1;1.4;3.5;0.4;91.3;41.8;3.3;3;3.4;2.7;0.2;313.8888889;33.33333333;33.33333333;2.9
482400;0;1;0;0;1.4;1.6;3.4;0.5;91.3;37.5;3.5;3;3.4;3.1;0.1;313.8888889;11.11111111;13.88888889;2.9
483300;1;1;0;0;1.5;1.9;3.3;0.5;91.3;35.4;3.6;2.9;3.4;3.4;0.1;313.8888889;11.11111111;13.88888889;2.9
484200;1;1;0;0;2;2.2;3.2;0.4;91.3;35.4;3.5;2.9;3.2;3.7;0.1;313.8888889;11.11111111;13.88888889;2.9
485100;1;2;0;0;2;2.4;3.2;0.3;91.7;35.4;3.3;2.8;3.1;4.1;0.1;313.8888889;11.11111111;13.88888889;2.9
486000;1;2;0;0;2.5;2.7;3.1;0.2;91.8;23.3;3.1;3.2;3;4.4;0.1;313.8888889;0;0;2.9
486900;1;2;9;11;2.3;2.8;3.1;0.1;91.8;17.2;3.1;3.8;2.9;4.1;0.1;313.8888889;0;0;2.9
487800;0;0;14;2;1;0.9;3.1;0.1;91.8;17.2;3;2.6;3;2.3;0.1;313.8888889;0;0;2.9
488700;0;2;0;0;1;1.8;3.1;0;91.3;17.2;3.1;2.5;2.9;2.6;0.1;313.8888889;0;0;2.9
489600;0;3;0;0;1.4;4.1;3;0;91.3;4.4;3.2;2.5;2.9;2.9;0.2;311.1111111;0;0;2.7
490500;1;3;0;0;1.5;4.2;3;0;91.3;4.4;3.2;2.5;2.9;3.3;0.2;311.1111111;0;0;2.7
491400;1;2;0;0;1.9;3.9;2.9;0;91.3;4.4;3.2;2.9;2.9;3.6;0.2;311.1111111;0;0;2.7
492300;1;3;0;0;2;3.9;2.8;0;91.3;4.4;3.1;3.6;2.8;3.8;0.2;311.1111111;0;0;2.7
493200;1;3;0;0;2.3;3.9;2.9;0.2;91.3;0.3;2.8;4.3;2.8;4.2;0.4;308.3333333;0;0;2.7
494100;1;3;0;0;2.5;3.9;2.9;0.2;91.3;0;2.7;4.8;2.7;4.5;0.4;308.3333333;0;0;2.7
495000;0;1;22;14;1.2;1.6;3;0.2;91.3;0;2.7;2.8;2.9;2.5;0.4;308.3333333;0;0;2.7
495900;0;0;0;0;0.9;0.9;3.1;0.2;91.3;0;3;2.5;2.9;2.4;0.4;308.3333333;0;0;2.7
496800;0;1;0;0;1.3;1.3;3.1;0.4;91.3;0;3.1;2.5;3;2.8;0.4;300;0;0;2.6
497700;0;4;0;0;1.4;3.9;3.2;0.4;91.3;0;3.2;2.6;3.1;3.1;0.4;300;0;0;2.6
498600;1;3;0;0;1.7;4.7;3;0.4;91.3;0;3.2;2.6;3.2;3.5;0.4;300;0;0;2.6
499500;1;3;0;0;1.9;4.3;2.9;0.3;91.3;0;3;2.9;3.2;3.8;0.4;300;0;0;2.6
500400;1;3;0;0;2.1;3.9;2.9;0.3;91.3;0;2.9;3.6;3;4.1;0.2;297.2222222;0;0;2.8
501300;1;3;0;0;2.4;3.9;2.8;0.3;91.3;0;2.7;4.4;2.8;4.5;0.2;297.2222222;0;0;2.8
502200;1;2;11;14;2.1;3.4;2.8;0.3;91.3;0;2.6;4.2;2.8;4;0.2;297.2222222;0;0;2.8
503100;0;0;12;0;0.9;0.8;2.7;0.3;91.3;0;3;2.5;3;2.4;0.2;297.2222222;0;0;2.8
504000;0;0;0;0;1;1;2.8;0.4;91.3;0;3.2;2.4;2.9;2.7;0.2;300;0;0;2.9
504900;0;1;0;0;1.4;1.5;2.7;0.5;91.3;0;3.3;2.4;2.9;3;0.2;300;0;0;2.9
505800;1;3;0;0;1.5;2.9;2.6;0.5;91.3;0;3.3;2.4;3;3.3;0.2;300;0;0;2.9
506700;1;4;0;0;1.9;4.8;2.6;0.5;91.5;0;3.3;2.3;3;3.7;0.2;300;0;0;2.9
507600;1;3;0;0;2;4.6;2.8;0.5;91.3;0;3.3;2.3;2.8;4.1;0.4;313.8888889;0;0;2
508500;1;3;0;0;2.4;4;3;0.5;91.3;0;3.3;2.3;2.8;4.4;0.4;313.8888889;0;0;2
509400;1;3;0;0;2.7;3.8;3.2;0.5;91.3;0;3.8;2.4;2.8;4.7;0.4;313.8888889;0;0;2
510300;1;3;8;11;2.9;3.6;3.2;0.5;91.3;0;4.5;2.5;2.9;4.5;0.4;313.8888889;0;0;2
511200;0;0;14;6;0.9;1.3;3.3;0.6;91.3;0;3.2;2.8;3.3;2.5;0.5;313.8888889;0;0;1.5
512100;0;0;0;0;1.1;1.3;3.4;0.7;91.3;0;3.4;2.8;3.3;2.8;0.5;313.8888889;0;0;1.5
513000;0;1;0;0;1.4;1.6;3.4;0.5;91.3;0;3.6;2.8;3.3;3.1;0.5;313.8888889;0;0;1.5
513900;0.5;2.5;0;0;1.65;3.1;3.5;0.35;91.3;0;3.7;2.8;3.35;3.4;0.5;313.8888889;0;0;1.5
514800;1;4;0;0;1.9;4.6;3.6;0.2;91.3;0;3.8;2.8;3.4;3.7;0.7;311.1111111;0;0;1.4
515700;1;4;0;0;2.1;5.1;3.6;0.2;91.3;0;3.9;2.9;3.4;4.1;0.7;311.1111111;0;0;1.4
516600;1;3;0;0;2.4;4.4;3.6;0.2;91.3;0;3.9;2.8;3.3;4.5;0.7;311.1111111;0;0;1.4
517500;1;2;16;21;2.1;3.4;3.7;0.2;91.3;0;3.8;3;3.3;4;0.7;311.1111111;0;0;1.4
518400;0;0;6;1;0.9;1.3;3.7;-0.1;90.9;0;3.3;2.9;3.4;2.8;0.7;305.5555556;0;0;1.5
519300;0;1;0;0;1.3;1.4;3.7;-0.1;90.8;0;3.6;2.9;3.4;3.1;0.7;305.5555556;0;0;1.5
520200;1;1;0;0;1.6;1.8;3.5;-0.1;90.8;0;3.7;2.9;3.4;3.4;0.7;305.5555556;0;0;1.5
521100;1;1;0;0;1.8;2.2;3.5;-0.1;90.8;0;3.7;2.9;3.3;3.8;0.7;305.5555556;0;0;1.5
522000;1;2;0;0;2.1;2.3;3.5;-0.1;90.8;0;3.8;2.8;3.3;4.1;0.6;302.7777778;0;0;0.6
522900;1;4;0;0;2.3;3.8;3.4;-0.1;91.2;0;3.8;2.9;3.2;4.5;0.6;302.7777778;0;0;0.6
523800;1;4;9;17;2.5;4.9;3.5;-0.1;91.2;0;3.9;2.9;3.2;4.3;0.6;302.7777778;0;0;0.6
524700;0;0;14;5;0.8;1.3;3.6;-0.1;90.8;0;3.2;2.8;3.3;2.6;0.6;302.7777778;0;0;0.6
525600;0;1;0;0;1.3;1.2;3.6;0.4;90.8;0;3.5;2.7;3.2;2.9;0.8;302.7777778;0;0;1
526500;0;1;0;0;1.4;1.6;3.7;0.6;90.8;0;3.7;2.7;3.2;3.2;0.8;302.7777778;0;0;1
527400;1;1;0;0;1.8;2.1;3.7;0.6;90.8;0;3.7;2.7;3.2;3.5;0.8;302.7777778;0;0;1
528300;1;2;0;0;1.9;2.2;3.7;0.6;90.8;0;3.7;2.7;3.2;3.9;0.8;302.7777778;0;0;1
529200;1;2;0;0;2.3;2.6;3.6;0.6;90.8;0;3.7;2.7;3.1;4.3;0.7;302.7777778;0;0;1.4
530100;1;2;0;0;2.6;2.6;3.6;0.6;90.8;0;4;2.7;3;4.6;0.7;302.7777778;0;0;1.4
531000;1;1;20;17;2;2.5;3.6;0.6;90.8;0;3.9;2.8;3.2;3.7;0.7;302.7777778;0;0;1.4
531900;0;1;3;0;0.9;1.2;3.6;0.6;90.8;0;3.1;2.7;3.2;2.6;0.7;302.7777778;0;0;1.4
532800;0;1;0;0;1.2;2;3.6;0.5;90.8;0;3.4;2.7;3.2;2.9;0.6;300;0;0;1.3
533700;1;1;0;0;1.6;2.1;3.5;0.5;90.5;0;3.6;2.7;3.1;3.3;0.6;300;0;0;1.3
534600;1;2;0;0;1.7;2.3;3.4;0.6;90.8;0;3.6;2.6;3.1;3.6;0.6;300;0;0;1.3
535500;1;2;0;0;2.1;2.6;3.5;0.6;90.7;0;3.5;2.6;3.1;4;0.6;300;0;0;1.3
536400;1;2;0;0;2.2;2.6;3.5;0.5;90.3;0;3.3;2.6;3;4.3;0.3;302.7777778;0;0;1.9
537300;1;2;0;0;2.7;2.8;3.5;0.5;90.3;0;3.4;2.5;2.9;4.6;0.3;302.7777778;0;0;1.9
538200;2;2;0;0;3.2;3.1;3.5;0.5;90.3;0;4.3;2.6;2.9;4.8;0.3;302.7777778;0;0;1.9
539100;0;0;23;15;1.1;1.5;3.5;0.6;90.3;0;3.1;2.6;3.1;2.5;0.3;302.7777778;0;0;1.9
540000;0;2;0;0;1;2.7;3.6;0.3;90.3;0;3.1;2.6;3;2.5;0.5;305.5555556;0;0;2
540900;0;4;0;0;1.4;4.1;3.6;0.2;90.3;0;3.3;2.5;3;2.9;0.5;305.5555556;0;0;2
541800;1;4;0;0;1.5;4.7;3.6;0.3;90.3;0;3.5;2.6;3.2;3.2;0.5;305.5555556;0;0;2
542700;1;3;0;0;1.9;4.9;3.6;0.4;90.3;0;3.5;2.5;3.1;3.6;0.5;305.5555556;0;0;2
543600;1;3;0;0;1.9;4.6;3.5;0.2;90.3;0;3.5;2.5;3.1;3.9;0.7;305.5555556;16.66666667;16.66666667;2.3
544500;1;3;0;0;2.4;4.2;3.6;0.1;90.7;0;3.5;2.5;3;4.2;0.7;305.5555556;16.66666667;16.66666667;2.3
545400;1;3;0;0;2.5;4.1;3.7;0.1;90.5;0;3.4;2.5;2.9;4.6;0.7;305.5555556;16.66666667;16.66666667;2.3
546300;2;3;0;0;3;4.1;3.8;0;90.3;0;3.7;2.6;2.9;4.9;0.7;305.5555556;16.66666667;16.66666667;2.3
547200;2;3;9;11;3;3.8;3.7;0;90;11.1;4.1;2.7;3;4.5;0.8;300;50;50;1.8
548100;0;0;12;6;1.1;1.2;3.5;0;90.3;13.9;3.3;3;3.4;2.7;0.8;300;50;50;1.8
549000;0;1;0;0;1.2;1.3;3.7;0.1;90.6;13.9;3.4;3;3.5;3;0.8;300;50;50;1.8
549900;1;4;0;0;1.6;3.6;3.8;0.5;90.3;13.9;3.5;3.2;3.6;3.2;0.8;300;50;50;1.8
550800;1;4;0;0;1.7;4.9;4;0.6;90.6;46.6;3.7;3.4;3.8;3.6;1.1;297.2222222;88.88888889;88.88888889;1.9
551700;1;2;14;25;1.6;3.8;4.3;0.7;90.4;58.5;3.9;3.6;4;3.8;1.1;297.2222222;88.88888889;88.88888889;1.9
552600;0;1;8;7;1.2;2.1;4.3;0.8;90;57.5;3.9;3.6;3.9;3.3;1.1;297.2222222;88.88888889;88.88888889;1.9
553500;0;1;14;23;1.1;2.1;4.5;0.9;90.5;56.8;4.5;3.9;4.3;3.5;1.1;297.2222222;88.88888889;88.88888889;1.9
554400;0;1;9;8;1.2;2.1;4.7;1.3;90.2;111.3;4.1;3.9;4.2;3.4;1.6;294.4444444;122.2222222;122.2222222;1.5
555300;1;1;14;25;1.2;2.1;4.8;1.3;90.3;111.3;4.5;4.1;4.5;3.6;1.6;294.4444444;122.2222222;122.2222222;1.5
556200;1;1;9;10;1.2;2.1;5.1;1.2;90.5;108.8;4.2;4;4.3;3.4;1.6;294.4444444;122.2222222;122.2222222;1.5
557100;1;1;14;28;1.3;2.2;5.2;1.1;90.2;106.7;4.6;4.4;4.7;3.7;1.6;294.4444444;122.2222222;122.2222222;1.5
558000;1;2;9;12;1.5;2.9;5.4;1.4;90.1;151.2;4.4;4.4;4.6;3.7;1.8;294.4444444;113.8888889;113.8888889;1.7
558900;1;3;14;36;1.4;4.6;5.3;1.4;89.7;154.4;5;4.9;5.1;4.1;1.8;294.4444444;113.8888889;113.8888889;1.7
559800;1;2;9;13;1.7;2.7;5;1.4;89.5;154.4;4.7;4.6;4.9;3.9;1.8;294.4444444;113.8888889;113.8888889;1.7
560700;1;2;14;32;1.5;2.7;5.2;1.4;90;154.4;5.2;5;5.3;4.2;1.8;294.4444444;113.8888889;113.8888889;1.7
561600;1;2;9;15;1.7;2.7;5.2;1.5;89.7;169;4.8;4.6;4.9;3.9;1.9;291.6666667;100;100;1.8
562500;1;2;13;31;1.6;2.7;5.2;1.5;89.6;171.2;5.2;4.9;5.2;4.2;1.9;291.6666667;100;100;1.8
563400;1;2;9;15;1.6;2.7;5;1.6;89.4;171.2;4.6;4.4;4.7;3.8;1.9;291.6666667;100;100;1.8
564300;1;2;14;29;1.6;2.6;5.2;1.8;89.9;171.2;4.9;4.7;5;4;1.9;291.6666667;100;100;1.8
565200;1;1;9;12;1.6;2.6;5.3;1.9;89.6;142.7;4.4;4.3;4.6;3.7;1.9;294.4444444;63.88888889;63.88888889;1.8
566100;1;2;14;26;1.5;2.6;5.2;1.9;87.7;135.6;4.7;4.6;4.8;3.9;1.9;294.4444444;63.88888889;63.88888889;1.8
567000;1;2;9;12;1.5;2.4;5.3;1.9;77.6;135.6;4.2;4.2;4.4;3.5;1.9;294.4444444;63.88888889;63.88888889;1.8
567900;1;3;13;26;1.5;2.9;5.1;2;72.8;135.6;4.5;4.4;4.7;3.8;1.9;294.4444444;63.88888889;63.88888889;1.8
568800;1;1;9;11;1.5;2.2;5.3;1.9;72.2;107.1;4.2;4.1;4.5;3.5;1.7;280.5555556;27.77777778;27.77777778;1.7
569700;1;1;14;23;1.4;2.1;5.4;1.9;71.9;96.7;4.4;4.3;4.8;3.7;1.7;280.5555556;27.77777778;27.77777778;1.7
570600;1;1;9;10;1.5;2.1;5.1;1.9;72;96.7;4.1;3.9;4.3;3.3;1.7;280.5555556;27.77777778;27.77777778;1.7
571500;1;1;14;20;1.5;2.1;5.1;1.8;73.5;96.7;4.2;4;4.6;3.5;1.7;280.5555556;27.77777778;27.77777778;1.7
572400;0;1;9;8;1.1;2.1;4.8;1.5;74.4;63.2;3.8;3.7;4.1;3.1;1.4;283.3333333;2.777777778;2.777777778;1.8
573300;1;1;14;16;1.4;2.1;4.4;1.4;75.1;46.4;3.8;3.6;4.1;3.2;1.4;283.3333333;2.777777778;2.777777778;1.8
574200;0;0;9;4;1.1;1.6;4;1.5;76;46.4;3.4;3.2;3.6;2.7;1.4;283.3333333;2.777777778;2.777777778;1.8
575100;0;2;0;0;1.3;2.4;4;1.5;76.8;46.4;3.4;3.1;3.6;3;1.4;283.3333333;2.777777778;2.777777778;1.8
576000;1;4;0;0;1.6;4.6;4.1;1.3;77.1;26.2;3.7;3.1;3.5;3.3;1.2;291.6666667;0;0;2.1
576900;1;3;0;0;1.7;4.4;4;1.1;76.8;12.7;4;3;3.5;3.7;1.2;291.6666667;0;0;2.1
577800;1;3;0;0;2.1;4.1;3.7;1.3;76.4;12.7;4.2;2.9;3.4;4;1.2;291.6666667;0;0;2.1
578700;1;3;5;9;2.1;3.9;3.8;1.4;76;12.7;4.2;2.9;3.4;4.2;1.2;291.6666667;0;0;2.1
579600;0;0;17;10;1;1.3;3.7;1.7;75.9;0;3.3;2.9;3.3;2.5;1.1;291.6666667;0;0;1.6
580500;0;1;0;0;1.1;1.2;3.8;1.7;75.7;0;3.6;2.9;3.3;2.9;1.1;291.6666667;0;0;1.6
581400;0;1;0;0;1.5;1.6;3.8;1.7;75.7;0;3.8;2.9;3.3;3.2;1.1;291.6666667;0;0;1.6
582300;1;1;0;0;1.6;2;3.8;1.7;76.4;0;3.9;2.9;3.3;3.5;1.1;291.6666667;0;0;1.6
583200;1;2;0;0;2;2.2;3.9;1.4;76.9;0;4;2.8;3.3;3.8;1.1;288.8888889;0;0;1.5
584100;1;4;0;0;2.1;4.6;4;1.4;76.9;0;4;2.8;3.2;4.1;1.1;288.8888889;0;0;1.5
585000;1;4;0;0;2.5;5;4;1.2;77.1;0;4.1;2.8;3.2;4.6;1.1;288.8888889;0;0;1.5
585900;1;2;14;19;2.1;3.7;4.1;1;77.1;0;3.9;2.8;3.2;4;1.1;288.8888889;0;0;1.5
586800;0;0;9;1;0.8;1.1;4;1;76.8;0;3.3;2.8;3.3;2.6;0.9;280.5555556;0;0;1.1
587700;0;1;0;0;1.3;1.3;3.7;1;76.8;0;3.6;2.8;3.3;2.9;0.9;280.5555556;0;0;1.1
588600;0;1;0;0;1.5;1.6;3.6;1;77.5;0;3.8;2.8;3.2;3.3;0.9;280.5555556;0;0;1.1
589500;1;1;0;0;1.8;2.1;3.4;1.1;77.7;0;3.7;2.6;3.2;3.6;0.9;280.5555556;0;0;1.1
590400;1;2;0;0;1.9;2.3;3.5;0.9;78.1;0;3.7;2.5;3;3.9;0.8;286.1111111;0;0;0.7
591300;1;2;0;0;2.3;2.6;3.6;0.9;77.8;0;3.5;2.5;3;4.3;0.8;286.1111111;0;0;0.7
592200;1;4;0;0;2.6;3.7;3.5;0.9;78;0;3.6;2.6;2.9;4.7;0.8;286.1111111;0;0;0.7
593100;1;5;0;0;3;5.1;3.3;1;78.1;0;4.1;2.6;2.9;4.9;0.8;286.1111111;0;0;0.7
594000;0;1;23;17;1.4;2.1;3.2;0.8;77.9;0;3.3;2.6;3.1;2.7;0.7;305.5555556;0;0;1.8
594900;0;0;0;0;1.1;1;3.4;0.7;77.1;0;3.3;2.6;3.2;2.5;0.7;305.5555556;0;0;1.8
595800;0;1;0;0;1.3;1.4;3.6;0.7;76.5;0;3.7;2.7;3.2;2.9;0.7;305.5555556;0;0;1.8
596700;1;1;0;0;1.6;1.8;3.9;0.7;75.3;0;3.8;2.7;3.2;3.2;0.7;305.5555556;0;0;1.8
597600;1;1;0;0;1.7;2;4.2;0.5;72.9;0;3.9;2.9;3.4;3.5;0.6;302.7777778;0;0;1.3
598500;1;2;0;0;2.1;2.5;4.2;0.5;72.5;0;3.8;3.4;3.4;3.8;0.6;302.7777778;0;0;1.3
599400;0;0;21;18;0.7;1.4;4.1;0.6;73.5;0;3.3;2.9;3.3;2.5;0.6;302.7777778;0;0;1.3
600300;0;2;10.5;9;0.95;2.75;4.05;0.45;73.4;0;3.45;2.8;3.25;2.8;0.6;302.7777778;0;0;1.3
601200;0;4;0;0;1.2;4.1;4;0.3;73.3;0;3.6;2.7;3.2;3.1;0;291.6666667;0;0;1.6
602100;1;3;0;0;1.6;4.4;3.9;0.2;73.8;0;3.7;2.7;3.1;3.4;0;291.6666667;0;0;1.6
603000;1;2;0;0;1.7;3.7;3.7;0.2;74.8;0;3.8;2.6;3.1;3.8;0;291.6666667;0;0;1.6
603900;1;2;0;0;2.1;3.5;3.7;0.2;74.5;0;3.9;2.5;3;4.1;0;291.6666667;0;0;1.6
604800;1;2;0;0;2.4;3.5;3.7;0;74.7;0;4.1;2.5;2.9;4.5;0.1;294.4444444;0;0;2.2
605700;1;1;17;13;2;2.8;3.8;-0.1;74.6;0;3.9;2.5;2.9;3.7;0.1;294.4444444;0;0;2.2
606600;0;0;6;0;1;1;3.9;-0.1;74.3;0;3.1;2.6;3;2.4;0.1;294.4444444;0;0;2.2
607500;0;0;0;0;1;1.1;3.7;-0.1;74.5;0;3.4;2.6;3;2.7;0.1;294.4444444;0;0;2.2
608400;0;1;0;0;1.5;1.5;3.7;-0.1;75.1;0;3.4;2.6;3;3;-0.1;269.4444444;0;0;2
609300;1;3;0;0;1.5;3.2;3.6;-0.1;75;0;3.4;2.9;3;3.3;-0.1;269.4444444;0;0;2
610200;1;4;0;0;1.9;4.9;3.2;-0.1;75.5;0;3.4;3;3;3.6;-0.1;269.4444444;0;0;2
611100;1;3;0;0;2;4.7;2.6;-0.1;77.2;0;3.2;3.8;2.6;4;-0.1;269.4444444;0;0;2
612000;1;3;0;0;2.3;4.5;2.1;0.1;78.8;0;2.7;4.5;2.2;4.3;0.1;294.4444444;0;0;2.2
612900;1;3;0;0;2.5;4.5;2.4;0.1;79.2;0;2.2;5;1.9;4.7;0.1;294.4444444;0;0;2.2
613800;2;3;0;0;2.8;4.5;2.9;0.1;76.8;0;2;5.1;1.9;5;0.1;294.4444444;0;0;2.2
614700;2;3;6;9;2.8;4.3;3.1;0;75;0;1.9;5;2;5.1;0.1;294.4444444;0;0;2.2
615600;0;0;17;3;0.8;0.6;3.1;0.1;74.7;0;2.9;2.2;2.8;2;0.1;280.5555556;0;0;2.4
616500;0;0;0;0;0.9;0.8;3.1;0.1;74.9;0;3.1;2.2;2.7;2.3;0.1;280.5555556;0;0;2.4
617400;0;1;0;0;1.3;1.5;3;0.1;75.4;0;3.3;2.1;2.9;2.7;0.1;280.5555556;0;0;2.4
618300;0;4;0;0;1.4;4.3;2.9;0;75.8;0;3.7;2;3.2;3;0.1;280.5555556;0;0;2.4
619200;1;3;0;0;1.8;4.4;2.8;-0.2;76.1;0;4;2;3.7;3.3;0.2;286.1111111;0;0;2.1
620100;1;3;8;10;1.6;3.7;2.8;-0.3;75.8;0;4.1;2;4;3.3;0.2;286.1111111;0;0;2.1
621000;0;0;15;0;0.8;0.5;2.9;-0.3;76.1;0;2.7;2.3;2.7;2;0.2;286.1111111;0;0;2.1
621900;0;0;0;0;0.8;0.6;3.1;-0.2;75.8;0;3;2.2;2.7;2.3;0.2;286.1111111;0;0;2.1
622800;0;0;0;0;1;1.1;2.9;-0.1;76.1;0;3.1;2.4;2.6;2.6;0.2;294.4444444;0;0;2
623700;0;1;0;0;1.3;1.4;3;-0.1;76.3;0;3;2.9;2.6;2.9;0.2;294.4444444;0;0;2
624600;0;1;0;0;1.4;1.9;3;0;75.8;0;2.9;3.5;2.5;3.2;0.2;294.4444444;0;0;2
625500;1;1;0;0;1.8;2.1;3;0.3;76.1;0;2.7;3.9;2.5;3.4;0.2;294.4444444;0;0;2
626400;1;3;0;0;1.8;3.9;3.1;0.1;76.1;0;2.4;4.3;2.4;3.4;0.2;302.7777778;2.777777778;2.777777778;2.8
627300;1;5;0;0;2.2;5.3;3.3;0;75.1;0;2.4;4.6;2.4;3.6;0.2;302.7777778;2.777777778;2.777777778;2.8
628200;1;5;0;0;2.3;5.6;3.4;0;74.6;0;2.3;4.8;2.4;4;0.2;302.7777778;2.777777778;2.777777778;2.8
629100;1;4;3;5;2.5;5.6;3.5;0;73.6;0;2.3;4.9;2.5;4.4;0.2;302.7777778;2.777777778;2.777777778;2.8
630000;0;0;20;9;0.7;1.1;3.5;-0.1;73.3;0;3;2.5;3;2.3;0.2;297.2222222;27.77777778;27.77777778;3.7
630900;0;0;0;0;1;0.9;3.5;-0.1;73.3;0;3.3;2.6;3;2.7;0.2;297.2222222;27.77777778;27.77777778;3.7
631800;0;1;0;0;1.2;1.3;3.5;-0.1;73.6;0;3.5;2.6;3.1;3.1;0.2;297.2222222;27.77777778;27.77777778;3.7
632700;0;0;27;58;0.4;1.5;3.5;-0.1;73.9;0;3.5;2.8;3.2;2.8;0.2;297.2222222;27.77777778;27.77777778;3.7
633600;-3;0;43;113;-2.7;-0.3;3.4;-0.2;73.9;6.2;1.3;1.1;1.4;0.9;0.4;302.7777778;47.22222222;47.22222222;4.1
634500;-4;-2;43;104;-4.1;-1.8;3.3;-0.2;74.9;8.4;-0.1;-0.2;0;-0.7;0.4;302.7777778;47.22222222;47.22222222;4.1
635400;-5;-3;42;103;-4.8;-2.7;3.4;-0.1;74.8;8.4;-0.7;-0.9;-0.6;-1.4;0.4;302.7777778;47.22222222;47.22222222;4.1
636300;-5;-3;42;102;-5.2;-3.1;3.5;0.1;75.3;8.4;-1.1;-1.3;-0.9;-1.8;0.4;302.7777778;47.22222222;47.22222222;4.1
637200;-6;-3;42;104;-5.6;-3.4;3.6;0.2;75.4;24.1;-1.4;-1.6;-1.2;-2.2;0.6;305.5555556;55.55555556;55.55555556;4.2
638100;-6;-4;42;103;-5.7;-3.7;3.8;0.2;75.3;29.8;-1.6;-1.8;-1.5;-2.4;0.6;305.5555556;55.55555556;55.55555556;4.2
639000;-6;-4;42;102;-5.7;-3.7;3.9;0.2;74.7;31.8;-1.8;-1.9;-1.6;-2.5;0.6;305.5555556;55.55555556;55.55555556;4.2
639900;-6;-4;42;101;-6.1;-3.9;4.4;0.3;73.8;35.9;-1.9;-2.1;-1.8;-2.7;0.6;305.5555556;55.55555556;55.55555556;4.2
640800;-6;-4;42;103;-6.2;-4.2;4.6;0.5;71;70.9;-1.7;-1.9;-1.7;-2.6;0.4;305.5555556;100;100;3.3
641700;-6;-4;42;103;-6.2;-4.2;4.4;0.6;69.2;83.6;-1.6;-1.8;-1.5;-2.4;0.4;305.5555556;100;100;3.3
642600;-6;-3;42;104;-6.1;-3.7;4.2;0.6;69.9;83.2;-1.4;-1.6;-1.3;-2.3;0.4;305.5555556;100;100;3.3
643500;-6;-3;42;105;-5.7;-3.7;4.2;0.6;70.7;82.3;-1.1;-1.3;-1.1;-2;0.4;305.5555556;100;100;3.3
644400;-5;-3;42;106;-5.4;-3.2;4.8;0.7;69.1;103.9;-0.9;-1;-0.8;-1.7;0.5;302.7777778;80.55555556;80.55555556;4.1
645300;-5;-3;42;107;-5.2;-3.2;5;0.8;67.9;111.7;-0.7;-0.8;-0.6;-1.6;0.5;302.7777778;80.55555556;80.55555556;4.1
646200;-5;-3;42;109;-5.2;-3.1;5.2;0.8;66;111.7;-0.5;-0.7;-0.5;-1.4;0.5;302.7777778;80.55555556;80.55555556;4.1
647100;-5;-2;42;109;-5.2;-2.7;4.9;0.8;65.2;111.7;-0.4;-0.5;-0.3;-1.3;0.5;302.7777778;80.55555556;80.55555556;4.1
648000;-5;-3;42;108;-5.2;-2.7;4.8;0.9;64.6;108.3;-0.6;-0.7;-0.5;-1.5;0.9;302.7777778;72.22222222;72.22222222;3.4
648900;-5;-3;42;107;-5.2;-2.7;4.5;0.9;66.1;107;-0.8;-1;-0.7;-1.6;0.9;302.7777778;72.22222222;72.22222222;3.4
649800;-5;-3;42;105;-5.3;-3.2;4.3;0.7;67.3;107;-1.2;-1.3;-1;-2;0.9;302.7777778;72.22222222;72.22222222;3.4
650700;-6;-3;42;104;-5.7;-3.5;4.3;0.4;67.9;107;-1.5;-1.6;-1.3;-2.2;0.9;302.7777778;72.22222222;72.22222222;3.4
651600;-6;-4;42;104;-5.7;-3.7;4.3;0.4;67;88.5;-1.5;-1.7;-1.4;-2.3;1;305.5555556;44.44444444;44.44444444;2.7
652500;-6;-4;42;103;-5.7;-3.7;4.4;0.4;67.7;81.8;-1.5;-1.7;-1.4;-2.3;1;305.5555556;44.44444444;44.44444444;2.7
653400;-6;-3;42;103;-5.7;-3.7;4.4;0.4;66.9;81.8;-1.4;-1.6;-1.3;-2.2;1;305.5555556;44.44444444;44.44444444;2.7
654300;-6;-3;42;105;-5.7;-3.7;4.4;0.5;66.6;81.8;-1.2;-1.4;-1.1;-2.1;1;305.5555556;44.44444444;44.44444444;2.7
655200;-6;-3;42;104;-5.7;-3.7;4.5;0.4;66.6;69.8;-1.3;-1.5;-1.2;-2.2;0.8;305.5555556;11.11111111;11.11111111;3.7
656100;-6;-4;42;103;-5.7;-3.7;4.2;0.4;67.6;65.5;-1.6;-1.7;-1.5;-2.4;0.8;305.5555556;11.11111111;11.11111111;3.7
657000;-6;-4;42;101;-6.1;-3.9;4.2;0.5;68.4;65.5;-1.9;-2.1;-1.8;-2.8;0.8;305.5555556;11.11111111;11.11111111;3.7
657900;-6;-4;42;99;-6.2;-4.2;4.2;0.8;69.2;65.5;-2.2;-2.4;-2.1;-3;0.8;305.5555556;11.11111111;11.11111111;3.7
658800;-7;-4;42;99;-6.4;-4.3;3.9;0.6;70.5;39.4;-2.4;-2.5;-2.2;-3.3;0.5;297.2222222;0;0;2.7
659700;-7;-5;36;81;-6.2;-4.7;3.8;0.5;70.5;29.9;-2.8;-2.8;-2.6;-3.6;0.5;297.2222222;0;0;2.7
660600;-3;-2;0;0;-2.6;-2.4;3.9;0.6;70.3;29.9;-2.3;-2.4;-2.2;-3.5;0.5;297.2222222;0;0;2.7
661500;-3;0;11;23;-3;-0.6;3.7;0.7;70.9;29.9;-1.4;-1.5;-1.1;-2.6;0.5;297.2222222;0;0;2.7
662400;-5;-3;42;103;-5.2;-3;3.6;0.5;72.2;14.1;-1.3;-1.5;-1.2;-2.1;0.2;291.6666667;0;0;3.3
663300;-6;-4;42;99;-6.1;-4;3.4;0.4;72.9;8.4;-2.1;-2.3;-2;-2.9;0.2;291.6666667;0;0;3.3
664200;-7;-5;42;98;-6.6;-4.4;3;0.5;73.7;8.4;-2.5;-2.8;-2.5;-3.3;0.2;291.6666667;0;0;3.3
665100;-7;-5;42;98;-6.6;-4.9;3.1;0.6;74.2;8.4;-2.7;-2.9;-2.6;-3.5;0.2;291.6666667;0;0;3.3
666000;-7;-5;42;96;-6.6;-4.9;3.4;0.7;72.9;2.2;-2.8;-2.9;-2.6;-3.6;0.5;300;0;0;2.4
666900;-4;-3;1;0;-4.3;-2.9;3.5;0.7;72;0;-2.4;-2.5;-2.2;-3.4;0.5;300;0;0;2.4
667800;-4;0;4;10;-4.2;-0.9;3.4;0.7;71.9;0;-1.6;-1.9;-1.5;-2.8;0.5;300;0;0;2.4
668700;-5;-3;43;103;-5.2;-3;3.3;0.7;72.7;0;-1.1;-1.3;-1;-1.9;0.5;300;0;0;2.4
669600;-6;-4;43;99;-6;-3.9;3.3;0.6;72.6;0;-2.1;-2.2;-1.9;-2.7;0.3;297.2222222;0;0;2.1
670500;-7;-4;42;98;-6.3;-4.4;3.3;0.5;72.7;0;-2.4;-2.6;-2.3;-3.2;0.3;297.2222222;0;0;2.1
671400;-6;-5;25;54;-5.8;-4.8;3.3;0.4;72.7;0;-2.6;-2.9;-2.6;-3.6;0.3;297.2222222;0;0;2.1
672300;-4;-1;0;0;-4.3;-1.4;3.3;0.1;73.1;0;-2.1;-2.3;-2;-3.3;0.3;297.2222222;0;0;2.1
673200;-4;-1;19;46;-4.7;-1.4;3.4;0.2;73.2;0;-1.2;-1.5;-1;-2.4;0.2;300;0;0;1.7
674100;-6;-4;43;100;-5.7;-3.6;3.4;0.2;73.2;0;-1.7;-1.9;-1.6;-2.5;0.2;300;0;0;1.7
675000;-7;-5;39;84;-6.4;-4.5;3.4;0.3;72.9;0;-2.6;-2.8;-2.6;-3.4;0.2;300;0;0;1.7
675900;-5;-3;0;0;-4.8;-2.8;3.5;0.5;73.2;0;-2.5;-2.6;-2.4;-3.4;0.2;300;0;0;1.7
676800;-4;0;0;1;-4.8;-0.6;3.4;0.5;73.7;0;-1.9;-2.1;-1.8;-3;0;297.2222222;0;0;1
677700;-5;-3;41;98;-5.4;-3;3.3;0.5;74.2;0;-1.3;-1.5;-1.2;-2.2;0;297.2222222;0;0;1
678600;-6;-4;42;96;-6.4;-4.3;3.1;0.4;74.9;0;-2.5;-2.6;-2.3;-3.1;0;297.2222222;0;0;1
679500;-6;-4;18;33;-5.7;-4.5;3.1;0.3;75.5;0;-2.8;-2.9;-2.6;-3.6;0;297.2222222;0;0;1
680400;-5;-1;0;0;-4.8;-1;3.2;0.2;75.4;0;-2.1;-2.3;-2.1;-3.2;0.1;305.5555556;0;0;0.8
681300;-4;-1;17;42;-4.7;-1.5;3.2;0.1;75;0;-1.4;-1.6;-1.1;-2.4;0.1;305.5555556;0;0;0.8
682200;-6;-4;42;100;-5.8;-3.6;3.2;0.1;74.8;0;-1.8;-2;-1.7;-2.5;0.1;305.5555556;0;0;0.8
683100;-7;-5;42;97;-6.5;-4.5;3.2;0;74.8;0;-2.6;-2.8;-2.5;-3.3;0.1;305.5555556;0;0;0.8
684000;-5;-3;1;1;-5;-3.2;3.4;-0.1;74.3;0;-2.5;-2.6;-2.4;-3.4;0.1;305.5555556;0;0;1.1
684900;-5;-1;0;0;-4.8;-0.8;3.4;-0.2;74.3;0;-1.9;-2.1;-1.8;-3;0.1;305.5555556;0;0;1.1
685800;-5;-3;38;92;-5.4;-2.8;3.5;-0.2;74.3;0;-1.2;-1.5;-1.1;-2.2;0.1;305.5555556;0;0;1.1
686700;-5.5;-3.5;24;57.5;-5.5;-3.4;3.5;-0.05;74.5;0;-1.95;-2.15;-1.8;-2.85;0.1;305.5555556;0;0;1.1
687600;-6;-4;10;23;-5.6;-4;3.5;0.1;74.7;0;-2.7;-2.8;-2.5;-3.5;0.1;305.5555556;0;0;1.3
688500;-5;0;0;0;-4.8;-0.8;3.4;0.2;75;0;-2;-2.2;-1.9;-3.1;0.1;305.5555556;0;0;1.3
689400;-5;-2;28;68;-5.1;-2;3.5;0.2;75.2;0;-1.1;-1.4;-1.1;-2.1;0.1;305.5555556;0;0;1.3
690300;-6;-4;42;98;-6.1;-4.1;3.7;0.2;74.8;0;-2.2;-2.4;-2.1;-2.9;0.1;305.5555556;0;0;1.3
691200;-6;-4;16;35;-5.8;-4.4;3.6;0;74.4;0;-2.7;-2.8;-2.6;-3.6;0.1;305.5555556;0;0;1.3
692100;-5;-1;0;0;-4.7;-1;3.7;-0.1;74.3;0;-2.1;-2.3;-2;-3.1;0.1;305.5555556;0;0;1.3
693000;-4;-1;17;41;-4.9;-1.5;3.8;-0.1;74.4;0;-1.4;-1.6;-1.3;-2.4;0.1;305.5555556;0;0;1.3
693900;-6;-4;42;98;-6;-3.9;3.7;-0.1;74.7;0;-2.1;-2.2;-2;-2.8;0.1;305.5555556;0;0;1.3
694800;-6;-4;16;37;-5.8;-4.3;3.7;-0.1;75.4;0;-2.8;-2.9;-2.7;-3.6;0.1;305.5555556;0;0;1.3
695700;-5;0;0;0;-4.8;0.5;3.8;-0.1;74.6;0;-2.3;-2.4;-2.1;-3.2;0.1;305.5555556;0;0;1.3
696600;-4;-1;15;39;-4.9;0;3.8;-0.1;74.5;0;-1.4;-1.7;-1.3;-2.4;0.1;305.5555556;0;0;1.3
697500;-6;-4;42;99;-5.8;-3.7;3.7;-0.1;75;0;-1.9;-2.1;-1.8;-2.6;0.1;305.5555556;0;0;1.3
698400;-6;-5;28;61;-6.1;-4.8;3.7;-0.4;74.9;0;-2.8;-2.9;-2.7;-3.5;0;305.5555556;0;0;1.4
699300;-5;-1;0;0;-5.1;-1.6;3.7;-0.5;74.7;0;-2.3;-2.4;-2.2;-3.2;0;305.5555556;0;0;1.4
700200;-5;0;5;16;-4.8;-0.9;3.8;-0.3;74.6;0;-1.6;-1.8;-1.5;-2.6;0;305.5555556;0;0;1.4
701100;-6;-3;43;103;-5.4;-3.2;3.8;-0.2;74.4;0;-1.3;-1.5;-1.3;-2.1;0;305.5555556;0;0;1.4
702000;-6;-4;42;98;-6.4;-4.3;3.7;-0.4;75.1;0;-2.4;-2.5;-2.4;-3.1;-0.2;302.7777778;0;0;1.1
702900;-6;-4;12;26;-5.6;-4;3.6;-0.5;75.8;0;-2.7;-2.8;-2.6;-3.5;-0.2;302.7777778;0;0;1.1
703800;-5;0;0;0;-4.9;-0.3;3.7;-0.4;75.5;0;-2.2;-2.3;-2;-3.1;-0.2;302.7777778;0;0;1.1
704700;-5;-1;21;52;-4.9;-0.6;3.7;-0.1;75.9;0;-1.4;-1.4;-1.2;-2.3;-0.2;302.7777778;0;0;1.1
705600;-6;-4;43;99;-6;-3.9;3.7;-0.3;76.5;0;-2.1;-2.2;-2;-2.9;-0.3;305.5555556;0;0;1.1
706500;-6;-4;20;45;-5.9;-4.7;3.5;-0.4;77.3;0;-2.7;-2.9;-2.6;-3.6;-0.3;305.5555556;0;0;1.1
707400;-5;-1;0;0;-5.1;-0.9;3.4;-0.3;77.5;0;-2.3;-2.4;-2;-3.2;-0.3;305.5555556;0;0;1.1
708300;-5;-1;14;36;-4.8;-1.1;3.6;-0.2;77.2;0;-1.5;-1.7;-1.3;-2.4;-0.3;305.5555556;0;0;1.1
709200;-6;-4;43;99;-5.9;-3.8;3.7;-0.3;76.8;0;-2;-2.2;-1.9;-2.7;-0.4;305.5555556;0;0;2.1
710100;-6;-5;23;50;-5.9;-4.8;3.7;-0.3;77;0;-2.8;-2.9;-2.7;-3.6;-0.4;305.5555556;0;0;2.1
711000;-5;-1;0;0;-5.1;-1.1;3.7;-0.3;77.9;0;-2.4;-2.4;-2.1;-3.3;-0.4;305.5555556;0;0;2.1
711900;-5;-1;12;31;-4.8;-0.8;3.6;-0.3;78.2;0;-1.5;-1.5;-1.1;-2.5;-0.4;305.5555556;0;0;2.1
712800;-6;-3;43;99;-5.6;-3.3;3.5;-0.4;78.1;0;-1.6;-1.7;-1.5;-2.4;-0.3;311.1111111;0;0;1.6
713700;-7;-4;42;96;-6.4;-4.4;3.5;-0.5;78.2;0;-2.5;-2.7;-2.5;-3.3;-0.3;311.1111111;0;0;1.6
714600;-5;-4;10;20;-5.5;-3.9;3.5;-0.5;78.1;0;-2.5;-2.6;-2.6;-3.6;-0.3;311.1111111;0;0;1.6
715500;-5;0;0;0;-4.7;-0.7;3.3;-0.5;78.6;0;-2;-2.1;-2;-3.1;-0.3;311.1111111;0;0;1.6
716400;-5;-2;29;76;-5;-1.9;3.6;-0.9;78;0;-1;-1.2;-1.1;-2;-0.5;305.5555556;13.88888889;13.88888889;2.2
717300;-6;-4;42;99;-6;-3.9;3.8;-1.1;76.7;0;-2.1;-2.3;-2;-2.8;-0.5;305.5555556;13.88888889;13.88888889;2.2
718200;-7;-5;41;94;-6.7;-4.7;3.6;-1.1;78.3;0;-2.7;-2.9;-2.7;-3.6;-0.5;305.5555556;13.88888889;13.88888889;2.2
719100;-5;-2;2;0;-5.2;-2.9;3.3;-1.1;80.2;0;-2.5;-2.5;-2.3;-3.6;-0.5;305.5555556;13.88888889;13.88888889;2.2
720000;-5;0;0;0;-4.9;-0.4;2.8;-1.6;82;16.9;-1.9;-2;-1.8;-3.1;-0.2;277.7777778;58.33333333;58.33333333;2.3
720900;-5;-2;37;93;-5.2;-2.1;3;-1.6;81.6;16.9;-0.9;-1.1;-0.9;-2;-0.2;277.7777778;58.33333333;58.33333333;2.3
721800;-6;-4;42;100;-6.1;-3.9;3.2;-1.2;81;16.9;-2;-2.2;-2;-2.9;-0.2;277.7777778;58.33333333;58.33333333;2.3
722700;-7;-4;42;97;-6.4;-4.5;3.2;-0.9;80.6;16.9;-2.4;-2.6;-2.4;-3.3;-0.2;277.7777778;58.33333333;58.33333333;2.3
723600;-7;-5;42;96;-6.8;-4.6;3.3;-1.1;80.4;61.8;-2.6;-2.8;-2.6;-3.5;0;283.3333333;144.4444444;152.7777778;2.4
724500;-7;-5;36;81;-6.7;-4.7;3.2;-1.1;79.9;65;-2.7;-2.9;-2.8;-3.6;0;283.3333333;144.4444444;152.7777778;2.4
725400;-5;-2;0;0;-4.9;-2.3;2.9;-0.9;79.7;64.8;-2.2;-2.3;-2.2;-3.4;0;283.3333333;144.4444444;152.7777778;2.4
726300;-5;-1;12;33;-4.9;-1.1;2.8;-0.6;79.2;64.6;-1;-1.2;-1.1;-2.3;0;283.3333333;144.4444444;152.7777778;2.4
727200;-5;-3;42;105;-5;-2.8;3;-0.4;77.8;102;-0.9;-1;-0.9;-1.8;0.3;277.7777778;144.4444444;144.4444444;3.2
728100;-6;-4;42;102;-5.7;-3.5;3.3;-0.4;76.2;107.7;-1.5;-1.7;-1.6;-2.4;0.3;277.7777778;144.4444444;144.4444444;3.2
729000;-6;-4;42;100;-6;-4;3.1;-0.2;76.6;109.7;-1.9;-2.1;-1.9;-2.8;0.3;277.7777778;144.4444444;144.4444444;3.2
729900;-7;-4;42;98;-6.4;-4.4;3.3;0.2;76;112.8;-2.3;-2.5;-2.3;-3.2;0.3;277.7777778;144.4444444;144.4444444;3.2
730800;-7;-5;42;97;-6.4;-4.5;3.8;0.4;73.8;152.2;-2.4;-2.6;-2.5;-3.4;1;294.4444444;147.2222222;161.1111111;2.1
731700;-7;-5;42;98;-6.4;-4.5;3.8;0.5;72.8;162.1;-2.4;-2.6;-2.4;-3.3;1;294.4444444;147.2222222;161.1111111;2.1
732600;-7;-4;42;99;-6.4;-4.5;4;0.5;69.6;162.1;-2.3;-2.4;-2.3;-3.2;1;294.4444444;147.2222222;161.1111111;2.1
733500;-7;-4;42;99;-6.4;-4.5;3.4;0.4;67.9;162.1;-2.2;-2.4;-2.2;-3.2;1;294.4444444;147.2222222;161.1111111;2.1
734400;-6;-4;42;102;-6.4;-4.4;3.4;0.4;65.7;159.9;-1.8;-2;-1.8;-2.8;0.5;266.6666667;108.3333333;119.4444444;1.7
735300;-6;-3;42;104;-5.9;-3.6;3.8;0.4;63.6;159.1;-1.3;-1.5;-1.4;-2.4;0.5;266.6666667;108.3333333;119.4444444;1.7
736200;-6;-4;42;102;-5.9;-3.8;3.5;0.4;64.3;159.1;-1.5;-1.8;-1.6;-2.6;0.5;266.6666667;108.3333333;119.4444444;1.7
737100;-6;-3;42;105;-5.9;-3.8;4.1;0.4;63.2;159.1;-1.1;-1.3;-1.2;-2.2;0.5;266.6666667;108.3333333;119.4444444;1.7
738000;-6;-3;42;105;-5.9;-3.5;3.7;0.6;65;152.6;-1.2;-1.3;-1.2;-2.2;0.4;241.6666667;72.22222222;133.3333333;1.4
738900;-6;-3;42;103;-5.9;-3.5;3.6;0.7;64.1;149.4;-1.5;-1.7;-1.5;-2.5;0.4;241.6666667;72.22222222;133.3333333;1.4
739800;-6;-4;42;98;-6.1;-4.1;2.8;1.1;66.9;149.4;-2.1;-2.3;-2.1;-3;0.4;241.6666667;72.22222222;133.3333333;1.4
740700;-7;-5;42;97;-6.7;-4.5;2.5;1.3;68.2;149.4;-2.5;-2.8;-2.5;-3.5;0.4;241.6666667;72.22222222;133.3333333;1.4
741600;-7;-5;42;96;-6.9;-4.5;2.8;1.2;67.6;106.9;-2.5;-2.7;-2.5;-3.5;-0.5;225;27.77777778;30.55555556;1
742500;-7;-5;42;97;-6.9;-4.6;3;1.2;67.8;106.9;-2.6;-2.9;-2.6;-3.5;-0.5;225;27.77777778;30.55555556;1
743400;-5;-5;14;32;-5.2;-4.4;2.8;0.8;68.4;106.9;-2.6;-2.7;-2.5;-3.6;-0.5;225;27.77777778;30.55555556;1
744300;-4;0;0;0;-4.3;-0.5;2.2;0.5;70.4;106.9;-2.1;-2.2;-1.9;-3.2;-0.5;225;27.77777778;30.55555556;1
745200;-5;-2;24;53;-4.8;-1.4;1.7;0.3;71.7;63.6;-1.4;-1.6;-1.1;-2.4;-1.1;219.4444444;2.777777778;2.777777778;1
746100;-6;-4;39;89;-6.2;-4.4;1.3;0.3;73.8;60.5;-2.5;-2.8;-2.4;-3.2;-1.1;219.4444444;2.777777778;2.777777778;1
747000;-5;-2;0;0;-5;-2.7;1.1;0.3;74.5;60.5;-2.7;-2.8;-2.4;-3.4;-1.1;219.4444444;2.777777778;2.777777778;1
747900;-5;0;0;0;-4.6;0.3;0.8;0.2;75.4;60.5;-2.2;-2.4;-2;-3;-1.1;219.4444444;2.777777778;2.777777778;1
748800;-5;-1;20;48;-5.1;-0.7;0.7;0;75.9;22.7;-1.8;-2.2;-1.7;-2.6;-1.3;222.2222222;0;0;1
749700;-6;-4;17;36;-5.8;-4.5;0.3;0;77.6;16.9;-2.8;-3.2;-2.8;-3.5;-1.3;222.2222222;0;0;1
750600;-5;-1;0;0;-5.1;-1.2;0.1;-0.3;78.3;16.9;-2.5;-2.9;-2.4;-3.1;-1.3;222.2222222;0;0;1
751500;-5;0;0;0;-4.7;-0.6;0;-0.7;78.6;16.9;-2.1;-2.5;-2;-2.7;-1.3;222.2222222;0;0;1
752400;-5;-2;23;51;-5.4;-2.3;-0.3;-0.8;79.2;3.4;-2.2;-2.8;-2.2;-2.9;-1.5;225;0;0;1.3
753300;-5;-3;6;13;-5.7;-4.1;-0.3;-0.8;79.5;0;-3.2;-3.5;-3.1;-3.7;-1.5;225;0;0;1.3
754200;-5;-1;0;0;-5.1;-1.1;-0.4;-0.9;79.7;0;-2.8;-3.2;-2.7;-3.3;-1.5;225;0;0;1.3
755100;-5;0;0;0;-5.1;-0.7;-0.4;-1.2;80.4;0;-2.3;-2.8;-2.2;-2.8;-1.5;225;0;0;1.3
756000;-5;-1;8;25;-5.1;-1.3;-0.3;-1.3;81;0;-2.1;-2.7;-2;-2.7;-1.7;222.2222222;0;0;1.3
756900;-6;-4;16;34;-6.2;-4.7;0.2;-1.4;80.7;0;-3.3;-3.5;-3.1;-3.8;-1.7;222.2222222;0;0;1.3
757800;-5;-2;0;0;-5.3;-1.3;-0.1;-1.5;80.7;0;-3;-3.2;-2.8;-3.4;-1.7;222.2222222;0;0;1.3
758700;-5;-2;0;0;-5;-0.8;-0.3;-1.6;80.6;0;-2.6;-2.9;-2.4;-3;-1.7;222.2222222;0;0;1.3
759600;-5;-2;0;0;-4.9;-0.8;-0.5;-1.7;81;0;-2.1;-2.5;-2;-2.5;-2;263.8888889;0;0;0.5
760500;-6;-4;26;59;-6;-3.7;-0.7;-1.7;81.5;0;-2.9;-3.4;-2.8;-3.4;-2;263.8888889;0;0;0.5
761400;-5;-3;0;0;-5.6;-3.4;-0.5;-1.6;82.3;0;-3.3;-3.7;-3.2;-3.7;-2;263.8888889;0;0;0.5
762300;-5;-2;0;0;-5.1;-1.1;-0.1;-1.6;82.4;0;-2.7;-3.2;-2.7;-3.2;-2;263.8888889;0;0;0.5
763200;-5;-2;0;0;-4.9;-1;0.1;-1.8;81.8;0;-2.2;-2.8;-2.2;-2.7;-2.1;258.3333333;0;0;1.1
764100;-5;-3;13;34;-5.2;-1.8;0.4;-1.8;81.3;0;-1.8;-2.6;-1.8;-2.5;-2.1;258.3333333;0;0;1.1
765000;-6;-4;17;36;-5.9;-4.1;0.4;-1.9;80.9;0;-2.8;-3.2;-2.7;-3.4;-2.1;258.3333333;0;0;1.1
765900;-5;-1;0;0;-5.1;-1;0.2;-2;80.9;0;-2.5;-2.8;-2.4;-3.1;-2.1;258.3333333;0;0;1.1
766800;-4;0;0;0;-4.7;-0.6;0.3;-2.1;80.7;0;-2;-2.5;-1.9;-2.7;-2.6;252.7777778;0;0;0.9
767700;-6;-3;30;70;-5.7;-3.1;0.7;-2.1;80.1;0;-2.2;-2.6;-2.1;-3;-2.6;252.7777778;0;0;0.9
768600;-5;-3;1;6;-5.5;-3.6;0.9;-2.1;78.6;0;-2.9;-3;-2.6;-3.5;-2.6;252.7777778;0;0;0.9
769500;-5;-2;0;0;-5;-0.9;0.9;-2.2;77.9;0;-2.4;-2.5;-2.1;-3;-2.6;252.7777778;0;0;0.9
770400;-5;-2;1;3;-4.8;-0.6;0.5;-2.1;78.3;0;-1.9;-2.3;-1.7;-2.6;-3.2;216.6666667;0;0;0.9
771300;-6;-4;26;56;-6;-4.2;0;-2.1;79.5;0;-2.7;-3;-2.5;-3.4;-3.2;216.6666667;0;0;0.9
772200;-5;-2;0;0;-5.3;-2.2;-0.5;-2;80.8;0;-2.8;-3.1;-2.6;-3.4;-3.2;216.6666667;0;0;0.9
773100;-5;-1;2;10;-5.1;-0.8;-0.75;-1.1;81.2;0;-2.4;-2.85;-2.3;-3.05;-3.2;216.6666667;0;0;0.9
774000;-5;0;4;20;-4.9;0.6;-1;-0.2;81.6;0;-2;-2.6;-2;-2.7;-3.3;219.4444444;0;0;0.7
774900;-6;-5;18;40;-6.4;-5.1;-1.2;0.2;82.5;0;-3.7;-4;-3.5;-4.2;-3.3;219.4444444;0;0;0.7
775800;-5;-2;0;0;-5.5;-2.2;-1.3;0.2;82.5;0;-3.5;-4;-3.4;-3.9;-3.3;219.4444444;0;0;0.7
776700;-5;-2;0;0;-5.3;-1.1;-1.3;0.2;83.2;0;-3;-3.5;-2.9;-3.4;-3.3;219.4444444;0;0;0.7
777600;-5;-2;0;0;-5.1;-1.1;-0.9;0;84.4;0;-2.4;-3;-2.3;-2.9;-4.2;238.8888889;0;0;0.9
778500;-5;-2;0;0;-4.8;-1.1;-0.8;-0.1;84;0;-1.9;-2.6;-1.8;-2.5;-4.2;238.8888889;0;0;0.9
779400;-6;-4;27;57;-6.3;-4.4;-0.8;-0.1;84.1;0;-3.2;-3.8;-3;-3.9;-4.2;238.8888889;0;0;0.9
780300;-5;-2;0;0;-5.6;-3.1;-0.8;-0.1;84.7;0;-3.3;-3.8;-3.2;-3.9;-4.2;238.8888889;0;0;0.9
781200;-5;-2;0;0;-5.2;-1.2;-0.4;-3.9;84;0;-2.8;-3.4;-2.7;-3.4;-3.7;241.6666667;0;0;0.7
782100;-5;0;0;0;-5.1;0.2;-0.3;-3.9;82.2;0;-2.2;-2.9;-2.2;-2.9;-3.7;241.6666667;0;0;0.7
783000;-5;0;6;17;-4.7;0.3;-0.3;-3.9;81.8;0;-1.8;-2.6;-1.8;-2.5;-3.7;241.6666667;0;0;0.7
783900;-6;-5;23;47;-6;-4.6;-0.2;-3.9;81.2;0;-3;-3.3;-2.9;-3.6;-3.7;241.6666667;0;0;0.7
784800;-5;-2;0;0;-5.3;-2.1;-0.3;-3.6;81.4;0;-2.9;-3.2;-2.8;-3.4;-4.1;213.8888889;0;0;1.1
785700;-5;-2;0;0;-4.8;-0.9;-0.6;-3.6;81.4;0;-2.4;-2.9;-2.4;-2.9;-4.1;213.8888889;0;0;1.1
786600;-4;-2;0;0;-4.7;-0.9;-1.2;-4;82;0;-1.9;-2.5;-1.9;-2.4;-4.1;213.8888889;0;0;1.1
787500;-7;-5;29;60;-6.5;-4.9;-1.6;-4.4;83.3;0;-3.8;-4.1;-3.6;-4.4;-4.1;213.8888889;0;0;1.1
788400;-6;-3;0;0;-5.7;-3.4;-1.9;-4.5;83.8;0;-4;-4.4;-3.9;-4.3;-4.8;244.4444444;0;0;0.9
789300;-5;-2;0;0;-5.2;-1.6;-2.1;-4.5;84.2;0;-3.5;-4;-3.4;-3.8;-4.8;244.4444444;0;0;0.9
790200;-5;-1;0;0;-5.1;-0.9;-2.3;-4.3;84.7;0;-2.9;-3.6;-2.8;-3.3;-4.8;244.4444444;0;0;0.9
791100;-5;0;0;0;-5.1;0.9;-1.6;-4;85.4;0;-2.3;-3;-2.3;-2.8;-4.8;244.4444444;0;0;0.9
792000;-5;0;4;14;-5;0.1;-1.1;-4.1;83.2;0;-1.8;-2.6;-2;-2.5;-4.8;288.8888889;0;0;0.8
792900;-6;-5;24;45;-6.5;-5.3;-1;-4.1;82.6;0;-3.7;-4.2;-3.5;-4.3;-4.8;288.8888889;0;0;0.8
793800;-5;-2;0;0;-5.6;-2.7;-0.5;-4.2;80.9;0;-3.5;-3.9;-3.3;-4;-4.8;288.8888889;0;0;0.8
794700;-5;-2;0;0;-5.2;-1.3;-0.2;-4.4;79.6;0;-2.9;-3.4;-2.8;-3.5;-4.8;288.8888889;0;0;0.8
795600;-5;-2;0;0;-4.9;-1.2;-0.1;-4.2;79.3;0;-2.4;-3;-2.4;-3;-4.2;283.3333333;0;0;0.6
796500;-5;-2;0;0;-4.9;-1.2;0;-4.1;78.3;0;-1.8;-2.6;-1.9;-2.5;-4.2;283.3333333;0;0;0.6
797400;-6;-4;29;64;-6;-4;0.1;-4.3;77.7;0;-2.6;-3;-2.5;-3.3;-4.2;283.3333333;0;0;0.6
798300;-5;-2;0;0;-5.5;-2.6;0;-4.8;77.3;0;-2.8;-3;-2.6;-3.4;-4.2;283.3333333;0;0;0.6
799200;-5;0;0;0;-4.9;0.5;-0.1;-4.6;77.8;0;-2.3;-2.7;-2.2;-2.9;-3.9;283.3333333;2.777777778;2.777777778;1
800100;-5;0;7;20;-5;0;-0.1;-4.5;78.4;0;-1.9;-2.4;-1.8;-2.6;-3.9;283.3333333;2.777777778;2.777777778;1
801000;-6;-4;20;42;-6.2;-4.6;0;-4.7;78.7;0;-3.1;-3.3;-2.9;-3.6;-3.9;283.3333333;2.777777778;2.777777778;1
801900;-5;-2;0;0;-5.3;-1.7;0.3;-4.8;77.8;0;-2.8;-3.1;-2.6;-3.3;-3.9;283.3333333;2.777777778;2.777777778;1
802800;-5;-2;0;0;-4.9;-1;0.5;-4.5;76.7;0;-2.3;-2.7;-2.2;-2.9;-3.8;272.2222222;33.33333333;33.33333333;2.4
803700;-5;-2;9;22;-5;-1.3;0.6;-4.5;76.6;0;-1.9;-2.4;-1.8;-2.6;-3.8;272.2222222;33.33333333;33.33333333;2.4
804600;-6;-4;23;44;-6;-4.7;0.7;-4.5;76.3;0;-2.8;-3.1;-2.7;-3.5;-3.8;272.2222222;33.33333333;33.33333333;2.4
805500;-5;-2;0;0;-5.1;-1.7;0.8;-4.5;74.8;0;-2.6;-2.8;-2.4;-3.2;-3.8;272.2222222;33.33333333;33.33333333;2.4
806400;-5;-2;0;0;-4.8;-1;0.9;-4.2;73.9;20.7;-2.1;-2.4;-2;-2.8;-3.3;244.4444444;83.33333333;102.7777778;2.3
807300;-5;-3;28;65;-5.5;-2.7;0.8;-4.2;73.9;22.2;-2;-2.3;-1.9;-2.8;-3.3;244.4444444;83.33333333;102.7777778;2.3
808200;-6;-4;12;26;-5.9;-4.3;0.8;-4;74.3;22.2;-2.8;-3;-2.8;-3.6;-3.3;244.4444444;83.33333333;102.7777778;2.3
809100;-5;0;0;0;-5.1;0.5;0.9;-3.8;74.1;22.2;-2.4;-2.6;-2.2;-3.2;-3.3;244.4444444;83.33333333;102.7777778;2.3
810000;-5;0;6;15;-4.9;0;1;-3.3;73.7;72.7;-1.7;-2;-1.5;-2.6;-2.1;213.8888889;61.11111111;250;2.2
810900;-6;-4;42;98;-5.9;-3.8;0.8;-3.2;75;80.5;-2;-2.2;-1.9;-2.7;-2.1;213.8888889;61.11111111;250;2.2
811800;-6;-5;28;63;-6.3;-4.8;0.9;-3.2;75.3;84.7;-2.7;-2.8;-2.6;-3.6;-2.1;213.8888889;61.11111111;250;2.2
812700;-5;-1;0;0;-5.2;-1.6;0.8;-3.2;74.9;91;-2.1;-2.2;-2;-3.3;-2.1;213.8888889;61.11111111;250;2.2
813600;-5;-1;24;64;-4.7;-1.7;1.1;-2.5;74.5;149.8;-0.7;-0.7;-0.4;-1.9;-0.8;216.6666667;58.33333333;319.4444444;2.2
814500;-5;-3;43;106;-4.8;-2.7;1.2;-2.3;73.6;164.5;-0.6;-0.8;-0.5;-1.8;-0.8;216.6666667;58.33333333;319.4444444;2.2
815400;-5;-3;43;106;-5.1;-2.8;1.7;-2.4;72.3;170.1;-0.7;-0.9;-0.7;-1.9;-0.8;216.6666667;58.33333333;319.4444444;2.2
816300;-5;-3;43;106;-5.3;-2.8;1.9;-2.7;71.4;181.3;-0.7;-0.9;-0.7;-1.9;-0.8;216.6666667;58.33333333;319.4444444;2.2
817200;-5;-3;43;105;-5.3;-2.8;1.8;-2.1;71.3;225.2;-0.6;-0.8;-0.6;-1.9;0.3;222.2222222;72.22222222;238.8888889;1.9
818100;-5;-3;43;106;-5.3;-2.8;2.1;-1.9;72;241.1;-0.6;-0.8;-0.6;-1.8;0.3;222.2222222;72.22222222;238.8888889;1.9
819000;-5;-2;43;109;-5.1;-2.8;2.8;-1.8;69.4;241.1;-0.2;-0.4;-0.3;-1.4;0.3;222.2222222;72.22222222;238.8888889;1.9
819900;-5;-2;43;109;-4.8;-2.8;3;-1.5;68;241.1;-0.1;-0.3;-0.1;-1.3;0.3;222.2222222;72.22222222;238.8888889;1.9
820800;-5;-2;43;111;-4.8;-2.3;3.7;-1.2;66;240.4;0.2;0;0.1;-1;0.3;258.3333333;113.8888889;127.7777778;2.2
821700;-4;-2;43;113;-4.3;-2.1;4.5;-1.1;63.3;240;0.6;0.4;0.5;-0.6;0.3;258.3333333;113.8888889;127.7777778;2.2
822600;-4;-2;43;116;-3.9;-1.5;4.6;-0.7;61.7;240;1.1;0.9;1;-0.2;0.3;258.3333333;113.8888889;127.7777778;2.2
823500;-3;-2;43;117;-3.7;-1.3;4.8;-0.5;60.4;240;1.4;1.2;1.3;0.1;0.3;258.3333333;113.8888889;127.7777778;2.2
824400;-3;-1;43;119;-3.3;-0.8;4.8;-0.1;59.8;210;1.8;1.7;1.7;0.4;0.4;247.2222222;88.88888889;147.2222222;2
825300;-3;0;43;119;-3.3;-0.8;5.1;-0.1;58.6;210;1.8;1.8;1.8;0.6;0.4;247.2222222;88.88888889;147.2222222;2
826200;-3;0;43;117;-3.3;-0.8;4.1;-0.1;62.4;210;1.6;1.6;1.7;0.4;0.4;247.2222222;88.88888889;147.2222222;2
827100;-4;-1;43;112;-3.7;-1.4;3.2;-0.1;65.7;210;0.5;0.4;0.5;-0.6;0.4;247.2222222;88.88888889;147.2222222;2
828000;-5;-3;43;105;-4.9;-2.6;3.1;-0.1;66.6;152.5;-0.7;-0.9;-0.7;-1.6;-0.3;222.2222222;27.77777778;30.55555556;1.6
828900;-5;-3;43;105;-5.3;-3.2;3.7;-0.1;63.1;148.4;-1;-1.2;-1;-2;-0.3;222.2222222;27.77777778;30.55555556;1.6
829800;-6;-3;43;105;-5.3;-3.3;3.7;0.1;62.8;148.4;-1.1;-1.4;-1.1;-2.2;-0.3;222.2222222;27.77777778;30.55555556;1.6
830700;-6;-3;43;103;-5.7;-3.3;3.3;0.3;65.1;148.4;-1.3;-1.8;-1.3;-2.4;-0.3;222.2222222;27.77777778;30.55555556;1.6
831600;-6;-4;42;101;-5.8;-3.8;2.7;0.1;67.3;93.5;-1.6;-2.1;-1.6;-2.7;-0.8;219.4444444;2.777777778;2.777777778;0.8
832500;-6;-4;42;98;-6.4;-4.3;2.1;0.1;69.7;85;-2.3;-2.7;-2.3;-3.3;-0.8;219.4444444;2.777777778;2.777777778;0.8
833400;-5;-3;7;15;-4.7;-3.7;1.8;0.1;71.6;85;-2.6;-2.9;-2.4;-3.6;-0.8;219.4444444;2.777777778;2.777777778;0.8
834300;-4;1;0;0;-4.1;0.4;1.6;0.2;73.1;85;-2.1;-2.4;-1.8;-3.1;-0.8;219.4444444;2.777777778;2.777777778;0.8
835200;-5;-2;23;56;-4.8;-0.8;1.4;-0.3;74.1;33.4;-1.5;-1.9;-1.3;-2.5;-1.5;219.4444444;0;0;1.2
836100;-6;-5;30;68;-6;-4.5;1.1;-0.4;73.4;20.5;-2.6;-2.9;-2.5;-3.3;-1.5;219.4444444;0;0;1.2
837000;-5;-2;0;0;-4.9;-2;0.8;-0.5;73;20.5;-2.5;-2.8;-2.4;-3.3;-1.5;219.4444444;0;0;1.2
837900;-4;0;0;0;-4.7;-0.5;0.6;-0.8;73.7;20.5;-2;-2.4;-2;-2.8;-1.5;219.4444444;0;0;1.2
838800;-5;-2;27;61;-5.6;-2.6;0.2;-1.1;74.9;5.5;-2.1;-2.5;-2.1;-2.8;-2.1;216.6666667;0;0;2.1
839700;-5;-3;2;2;-5.3;-3.6;-0.1;-1.2;76.3;0;-2.9;-3.2;-2.8;-3.4;-2.1;216.6666667;0;0;2.1
840600;-5;-1;0;0;-5;-0.9;-0.2;-1.2;76.7;0;-2.4;-2.8;-2.4;-2.9;-2.1;216.6666667;0;0;2.1
841500;-4;0;1;4;-4.6;-0.6;-0.2;-1.2;76.6;0;-1.8;-2.4;-1.9;-2.5;-2.1;216.6666667;0;0;2.1
842400;-6;-4;28;55;-5.9;-4.4;-0.2;-1.3;77;0;-2.9;-3.2;-2.8;-3.4;-2.3;216.6666667;0;0;1.1
843300;-5;0;0;0;-5.3;0.2;-0.5;-1.4;78.6;0;-3;-3.3;-2.9;-3.3;-2.3;216.6666667;0;0;1.1
844200;-5;0;0;0;-5;0.3;-0.7;-1.6;78.5;0;-2.5;-2.9;-2.4;-2.9;-2.3;216.6666667;0;0;1.1
845100;-5;0;0;0;-5;-0.5;-0.9;-1.8;79;0;-1.9;-2.6;-1.9;-2.4;-2.3;216.6666667;0;0;1.1
846000;-6;-4;27;61;-6.3;-4.5;-1;-2.1;79.5;0;-3.5;-3.8;-3.4;-3.9;-2.7;213.8888889;0;0;0.9
846900;-6;-2;0;0;-5.6;-3.2;-1.1;-2.1;80.4;0;-3.8;-4.1;-3.6;-4;-2.7;213.8888889;0;0;0.9
847800;-5;-2;0;0;-5.2;-1.3;-1.2;-2.3;81.2;0;-3.2;-3.7;-3.1;-3.5;-2.7;213.8888889;0;0;0.9
848700;-5;-2;0;0;-5;-1.2;-1.3;-2.4;81.4;0;-2.7;-3.3;-2.7;-3;-2.7;213.8888889;0;0;0.9
849600;-5;-2;0;0;-5;-1.1;-1.4;-2.9;81.8;0;-2;-2.8;-2.1;-2.5;-3.5;213.8888889;0;0;1.4
850500;-6;-3;27;55;-6.1;-3.1;-1.4;-2.9;82.2;0;-2.8;-3.6;-3;-3.4;-3.5;213.8888889;0;0;1.4
851400;-6;-2;1;0;-6;-2.7;-1.3;-2.9;82.1;0;-4;-4.5;-4.1;-4.3;-3.5;213.8888889;0;0;1.4
852300;-5;0;0;0;-5.4;0;-1.4;-2.8;82.2;0;-3.6;-4.2;-3.6;-3.8;-3.5;213.8888889;0;0;1.4
853200;-5;0;0;0;-5.4;-0.7;-1.5;-3.1;82.2;0;-3;-3.7;-3.1;-3.3;-3.6;213.8888889;0;0;0.8
854100;-5;0;0;0;-4.9;-1;-1.8;-3.1;82.6;0;-2.5;-3.3;-2.6;-2.8;-3.6;213.8888889;0;0;0.8
855000;-5;0;0;0;-4.9;-1;-1.9;-3.1;82.7;0;-1.9;-2.8;-2.1;-2.3;-3.6;213.8888889;0;0;0.8
855900;-6;-4;29;65;-6.4;-4;-2;-3.1;82.7;0;-3.4;-4.1;-3.5;-3.8;-3.6;213.8888889;0;0;0.8
856800;-6;-4;0;0;-5.9;-4.5;-2.2;-3.1;82.7;0;-4.5;-4.9;-4.4;-4.5;-4.6;211.1111111;0;0;0.8
857700;-5;-2;0;0;-5.4;-2.2;-2.3;-3.1;83;0;-3.9;-4.5;-3.9;-4.1;-4.6;211.1111111;0;0;0.8
858600;-5;-2;0;0;-5.2;-1.6;-2.4;-3.3;83.2;0;-3.4;-4.1;-3.5;-3.5;-4.6;211.1111111;0;0;0.8
859500;-5;-1;0;0;-4.95;-0.35;-2.5;-3.3;83.45;0;-2.8;-3.6;-2.95;-3.05;-4.6;211.1111111;0;0;0.8
860400;-5;0;0;0;-4.7;0.9;-2.6;-3.3;83.7;0;-2.2;-3.1;-2.4;-2.6;-4.2;216.6666667;0;0;1.1
861300;-4;-1;9;22;-4.9;-0.3;-2.7;-3.2;83.8;0;-2.3;-3.2;-2.5;-2.7;-4.2;216.6666667;0;0;1.1
862200;-7;-6;19;34;-7.2;-6.2;-2.8;-3.2;84.2;0;-4.7;-5.3;-4.7;-4.9;-4.2;216.6666667;0;0;1.1
863100;-6;-2;0;0;-5.8;-3.1;-2.7;-3.2;84.9;0;-4.6;-5.2;-4.5;-4.5;-4.2;216.6666667;0;0;1.1
864000;-5;-2;0;0;-5.4;-2.2;-2.8;-3.5;84.7;0;-4;-4.7;-4;-4.1;-4.6;211.1111111;0;0;0.6
864900;-5;-2;0;0;-5.3;-1.7;-2.9;-3.7;84.7;0;-3.4;-4.2;-3.5;-3.5;-4.6;211.1111111;0;0;0.6
865800;-5;-2;0;0;-5;-1.3;-3;-3.7;84.7;0;-2.9;-3.8;-3;-3;-4.6;211.1111111;0;0;0.6
866700;-5;-1;0;0;-4.8;-0.9;-3;-3.7;84.8;0;-2.3;-3.3;-2.5;-2.5;-4.6;211.1111111;0;0;0.6
867600;-5;-1;13;22;-4.8;-1.5;-3.2;-0.1;84.7;0;-2.9;-3.7;-3;-2.8;-5.6;208.3333333;0;0;1.4
868500;-7;-6;17;26;-7;-6.4;-3.3;-0.1;84.7;0;-5.1;-5.7;-5.2;-5.4;-5.6;208.3333333;0;0;1.4
869400;-6;-2;0;0;-6;-2.4;-3.3;-0.1;85;0;-4.9;-5.7;-4.9;-5;-5.6;208.3333333;0;0;1.4
870300;-5;-2;0;0;-5.6;-1.7;-3.3;-0.1;85.2;0;-4.4;-5.1;-4.5;-4.5;-5.6;208.3333333;0;0;1.4
871200;-5;-2;0;0;-5.6;-1.7;-3.5;-4.5;84.7;0;-3.8;-4.6;-3.9;-4;-5.5;205.5555556;0;0;2.3
872100;-5;-2;0;0;-5.3;-1.4;-3.6;-4.8;84.7;0;-3.2;-4.2;-3.4;-3.5;-5.5;205.5555556;0;0;2.3
873000;-5;-1;0;0;-5;-1;-3.7;-4.8;85.1;0;-2.7;-3.8;-2.8;-3;-5.5;205.5555556;0;0;2.3
873900;-4;0;0;0;-4.5;-0.3;-3.7;-4.9;84.7;0;-2.2;-3.3;-2.4;-1.9;-5.5;205.5555556;0;0;2.3
874800;-6;-4;28;46;-6.5;-4;-3.8;-5;84.7;0;-4.3;-5.1;-4.3;-4.4;-6.1;205.5555556;0;0;2.1
875700;-6;-5;1;0;-6.8;-6.2;-3.9;-5;84.7;0;-5.9;-6.3;-5.9;-6;-6.1;205.5555556;0;0;2.1
876600;-6;-2;0;0;-6.3;-2.6;-3.9;-5.3;84.7;0;-5.4;-6;-5.5;-5.4;-6.1;205.5555556;0;0;2.1
877500;-6;0;0;0;-6.2;0.6;-3.9;-5.8;84.7;0;-4.8;-5.5;-4.9;-4.9;-6.1;205.5555556;0;0;2.1
878400;-6;0;0;0;-6.2;-0.3;-3.9;-5.8;84.7;0;-4.1;-5;-4.4;-4.4;-6.5;205.5555556;0;0;2.6
879300;-6;0;0;0;-6;-0.8;-4;-5.8;84.5;0;-3.5;-4.5;-3.8;-3.9;-6.5;205.5555556;0;0;2.6
880200;-5;0;0;0;-5.6;-0.4;-4.1;-5.7;84.3;0;-3.1;-4;-3.2;-3.3;-6.5;205.5555556;0;0;2.6
881100;-5;0;1;4;-5.1;-0.3;-4.3;-5.6;84.2;0;-2.7;-2.8;-3.1;-2.1;-6.5;205.5555556;0;0;2.6
882000;-8;-7;28;42;-7.8;-7.1;-4.4;-5.5;84.2;0;-6.1;-6.7;-6.3;-6.5;-6.4;205.5555556;0;0;2.7
882900;-7;-4;0;0;-6.7;-5;-4.4;-5.5;84.2;0;-6.2;-7;-6.3;-6.2;-6.4;205.5555556;0;0;2.7
883800;-6;-3;0;0;-6.7;-3.3;-4.5;-6;84.6;0;-5.6;-6.6;-5.8;-5.7;-6.4;205.5555556;0;0;2.7
884700;-6;-2;0;0;-6.7;-2.7;-4.5;-6.2;84.6;0;-5;-6.1;-5.2;-5.1;-6.4;205.5555556;0;0;2.7
885600;-6;0;0;0;-6.2;0;-4.4;-6.1;84.6;0;-4.4;-5.7;-4.7;-4.6;-6.7;205.5555556;-2775;-2775;2.5
886500;-6;0;0;0;-5.9;0.3;-4.4;-6;84.5;0;-3.8;-5.3;-4.1;-4.1;-6.7;205.5555556;-2775;-2775;2.5
887400;-5;0;0;0;-5.1;0.2;-4.3;-6.2;83.8;0;-3.3;-5.4;-3.5;-3.1;-6.7;205.5555556;-2775;-2775;2.5
888300;-4;0;0;0;-4.7;0.2;-4.6;-6.4;83.3;0;-2.9;-6.5;-3.1;-1.5;-6.7;205.5555556;-2775;-2775;2.5
889200;-5;-1;7;15;-4.9;-0.4;-4.7;-6;83.7;1;-1.1;-7.4;-3.6;-1.2;-6.4;205.5555556;-2775;-2775;2.3
890100;-8;-7;23;30;-8.2;-7.9;-4.8;-6;83.7;1;-6.4;-6.8;-6.3;-6.8;-6.4;205.5555556;-2775;-2775;2.3
891000;-7;-3;0;0;-6.7;-4.5;-4.7;-6.1;83.7;1;-5.9;-6.8;-6.2;-6.3;-6.4;205.5555556;-2775;-2775;2.3
891900;-6;-3;0;0;-6.6;-3.3;-4.3;-6.2;83.7;1;-5.4;-6.3;-5.6;-5.7;-6.4;205.5555556;-2775;-2775;2.3
892800;-6;-2;0;0;-6.6;-2.6;-3.8;-5.7;83.5;21;-4.8;-5.6;-5;-5.2;-5.2;208.3333333;-2775;-2775;1.9
893700;-6;-2;0;0;-6.3;-1.9;-3.3;-5.7;82;22.4;-4.1;-5;-4.3;-4.7;-5.2;208.3333333;-2775;-2775;1.9
894600;-6;-2;0;0;-6;-1.5;-3;-6;80.6;22.4;-3.4;-4.5;-3.8;-4.2;-5.2;208.3333333;-2775;-2775;1.9
895500;-5;0;0;0;-5.4;0.5;-2.5;-6.4;80;22.4;-2.9;-3.9;-3.2;-3.5;-5.2;208.3333333;-2775;-2775;1.9
896400;-2;-2;2;7;-1.7;-2.6;-2.4;-5.5;78.9;77;-2;-3.4;-2.2;-3.6;-4.1;216.6666667;-2775;-2775;2.4
897300;-3;-4;12;25;-2.7;-3.4;-1.9;-5.4;77.7;85.4;-1.5;-2.2;-1.6;-3.2;-4.1;216.6666667;-2775;-2775;2.4
898200;-6;-5;36;80;-6.4;-4.5;-1.6;-5.5;76.4;84.8;-2.7;-2.8;-2.5;-3.4;-4.1;216.6666667;-2775;-2775;2.4
899100;-6;-3;0;0;-5.7;-2.9;-1.1;-5.7;75.7;83.9;-2.4;-2.4;-2.2;-3.5;-4.1;216.6666667;-2775;-2775;2.4
900000;-5;-2;1;5;-5.2;-1.2;-0.7;-4.7;73.2;150.5;-1.8;-1.8;-1.6;-3;-2.7;238.8888889;61.11111111;222.2222222;2.9
900900;-5;-3;42;99;-5.3;-3.1;-0.8;-4.5;73;167.1;-1.1;-1.1;-1;-2.1;-2.7;238.8888889;61.11111111;222.2222222;2.9
901800;-6;-4;42;98;-6;-3.9;-0.4;-4.4;72.8;166.6;-1.9;-2;-1.8;-2.9;-2.7;238.8888889;61.11111111;222.2222222;2.9
902700;-6;-4;42;97;-6.2;-4.3;0;-4.3;70.8;165.6;-2.2;-2.2;-2.1;-3.2;-2.7;238.8888889;61.11111111;222.2222222;2.9
903600;-7;-5;42;92;-6.5;-4.6;0;-3.5;70;212.8;-2.6;-2.7;-2.5;-3.6;-2.2;241.6666667;69.44444444;263.8888889;2.8
904500;-5;-3;3;6;-5.3;-3.3;-0.1;-3.2;69.7;229.9;-2.5;-2.5;-2.3;-3.7;-2.2;241.6666667;69.44444444;263.8888889;2.8
905400;-5;-1;6;15;-5.2;-1.1;-0.2;-3.2;69.6;229.9;-1.6;-1.5;-1.2;-3;-2.2;241.6666667;69.44444444;263.8888889;2.8
906300;-5;-3;43;105;-5;-2.7;0.2;-3.2;68.7;229.9;-0.8;-0.9;-0.7;-1.8;-2.2;241.6666667;69.44444444;263.8888889;2.8
907200;-5;-3;43;102;-5.2;-3.3;0.8;-2.6;67.3;244.1;-1.1;-1.3;-1.1;-2.2;-1.2;244.4444444;63.88888889;230.5555556;2.8
908100;-6;-3;43;102;-5.2;-3.4;1.5;-2.3;63.7;251.2;-1.1;-1.3;-1.1;-2.3;-1.2;244.4444444;63.88888889;230.5555556;2.8
909000;-5;-3;43;104;-5.2;-3.4;1.8;-2.1;61.2;251.2;-1.1;-1.3;-1.1;-2.3;-1.2;244.4444444;63.88888889;230.5555556;2.8
909900;-6;-3;43;103;-5.2;-3.4;2;-1.9;61.1;251.2;-1;-1.3;-1.1;-2.3;-1.2;244.4444444;63.88888889;230.5555556;2.8
910800;-6;-3;43;102;-5.2;-3.4;2.4;-1.5;61.4;214.8;-1.1;-1.3;-1.1;-2.3;-0.8;247.2222222;47.22222222;150;1.8
911700;-6;-3;43;101;-5.2;-3.4;3.1;-1.5;57.8;214.8;-1.1;-1.3;-1.1;-2.3;-0.8;247.2222222;47.22222222;150;1.8
912600;-6;-3;43;101;-5.6;-3.4;2.7;-1.7;58.3;214.8;-1.3;-1.4;-1.3;-2.4;-0.8;247.2222222;47.22222222;150;1.8
913500;-6;-4;42;99;-5.7;-3.6;2.6;-1.9;59.5;214.8;-1.5;-1.7;-1.5;-2.7;-0.8;247.2222222;47.22222222;150;1.8
914400;-6;-4;42;99;-5.9;-3.9;2.3;-1.5;59.8;155.4;-1.8;-2;-1.7;-2.9;-0.7;-2775;38.88888889;75;1.6
915300;-6;-4;42;97;-6.2;-4.1;2.1;-1.5;60.6;151.2;-2.1;-2.2;-2.1;-3.1;-0.7;-2775;38.88888889;75;1.6
916200;-7;-5;42;95;-6.5;-4.5;2;-1.2;61.3;151.2;-2.5;-2.7;-2.5;-3.5;-0.7;-2775;38.88888889;75;1.6
917100;-5;-3;8;17;-5.1;-3.5;2.2;-0.9;60.3;151.2;-2.5;-2.7;-2.4;-3.6;-0.7;-2775;38.88888889;75;1.6
918000;-5;0;0;0;-4.6;-0.5;2.4;-1;60;81.2;-2;-2.2;-1.9;-3.1;-0.9;286.1111111;2.777777778;2.777777778;2
918900;-5;-2;32;75;-5;-2.3;2.3;-1;59.4;70.4;-1.1;-1.5;-0.9;-2.2;-0.9;286.1111111;2.777777778;2.777777778;2
919800;-6;-4;42;97;-6.2;-4.2;2;-1;59.6;70.4;-2.3;-2.5;-2.3;-3.1;-0.9;286.1111111;2.777777778;2.777777778;2
920700;-5;-2;9;19;-5.4;-2.7;1.8;-0.9;60.2;70.4;-2.7;-2.8;-2.6;-3.5;-0.9;286.1111111;2.777777778;2.777777778;2
921600;-5;0;0;0;-4.7;0.5;1.7;-1.3;61.4;26;-2.1;-2.3;-2;-3.1;-1.1;291.6666667;0;0;2.1
922500;-5;-1;21;50;-5;-1.1;1.6;-1.4;61.7;14.9;-1.5;-1.8;-1.3;-2.5;-1.1;291.6666667;0;0;2.1
923400;-6;-4;39;88;-6.3;-4.3;1.6;-1.3;62.5;14.9;-2.5;-2.7;-2.5;-3.3;-1.1;291.6666667;0;0;2.1
924300;-5;-3;0;0;-5.2;-2.8;1.6;-1.2;62.3;14.9;-2.5;-2.7;-2.5;-3.5;-1.1;291.6666667;0;0;2.1
925200;-5;0;0;0;-4.8;-0.7;1.5;-1.4;62.4;4;-2;-2.2;-2;-3;-1.3;286.1111111;0;0;2.7
926100;-5;-2;28;68;-5.3;-2.6;1.4;-1.5;63.3;0;-1.7;-1.9;-1.6;-2.6;-1.3;286.1111111;0;0;2.7
927000;-6;-4;23;48;-6.1;-4.6;1.4;-1.4;62.8;0;-2.8;-2.9;-2.7;-3.5;-1.3;286.1111111;0;0;2.7
927900;-5;-2;0;0;-5.1;-1.4;1.2;-1.2;63.4;0;-2.4;-2.6;-2.3;-3.2;-1.3;286.1111111;0;0;2.7
928800;-5;0;1;4;-4.7;-0.8;1.2;-1.6;63.8;0;-1.8;-2.2;-1.8;-2.8;-1.4;272.2222222;0;0;2.6
929700;-6;-4;42;97;-6;-3.8;1.1;-1.8;64.1;0;-2.2;-2.4;-2.1;-2.9;-1.4;272.2222222;0;0;2.6
930600;-5;-3;3;7;-5.6;-3.5;1.1;-1.7;64.8;0;-2.7;-2.9;-2.6;-3.5;-1.4;272.2222222;0;0;2.6
931500;-5;-1;0;0;-5.2;-1;1;-1.6;65.4;0;-2.2;-2.5;-2.2;-3.1;-1.4;272.2222222;0;0;2.6
932400;-5;-1;16;40;-5.1;-1.9;0.8;-1.5;66;0;-1.8;-2.1;-1.8;-2.7;-1.5;252.7777778;0;0;2.5
933300;-6;-4;23;51;-6;-4.7;0.9;-1.5;67;0;-2.8;-3;-2.7;-3.5;-1.5;252.7777778;0;0;2.5
934200;-5;-2;0;0;-5.2;-1.6;0.8;-1.3;67.9;0;-2.5;-2.7;-2.4;-3.3;-1.5;252.7777778;0;0;2.5
935100;-5;-2;0;0;-4.8;-0.7;0.7;-1.2;68.2;0;-1.9;-2.2;-2;-2.8;-1.5;252.7777778;0;0;2.5
936000;-6;-3;29;71;-5.7;-2.9;0.5;-1.4;69.1;0;-2;-2.4;-2;-2.9;-1.9;255.5555556;0;0;4.9
936900;-6;-4;6;13;-5.7;-3.7;0.3;-1.4;69.5;0;-2.8;-3;-2.8;-3.5;-1.9;255.5555556;0;0;4.9
937800;-5;0;0;0;-5.1;-0.2;0.1;-1.5;70.1;0;-2.3;-2.5;-2.3;-3.1;-1.9;255.5555556;0;0;4.9
938700;-5;0;3;10;-4.9;0.4;0.1;-1.6;71.1;0;-1.8;-2.3;-1.9;-2.7;-1.9;255.5555556;0;0;4.9
939600;-6;-4;30;72;-6;-4.3;0.2;-1.4;70.7;0;-2.6;-2.8;-2.6;-3.3;-2.2;280.5555556;0;0;5.7
940500;-5;-2;0;0;-5.4;-2.5;0.2;-1.4;70.8;0;-2.6;-2.7;-2.5;-3.4;-2.2;280.5555556;0;0;5.7
941400;-5;-2;0;0;-5.1;-1;0.3;-1.4;71.1;0;-2;-2.3;-2;-2.9;-2.2;280.5555556;0;0;5.7
942300;-6;-3;26;61;-5.4;-2.6;0.2;-1.4;71.2;0;-1.9;-2.2;-1.9;-2.7;-2.2;280.5555556;0;0;5.7
943200;-6;-4;14;34;-6;-4.4;0.2;-1.1;71.3;0;-2.8;-3;-2.8;-3.5;-1.8;288.8888889;0;0;6.8
944100;-5;-2;0;0;-5.3;-1.3;0.2;-1;70.9;0;-2.4;-2.5;-2.3;-3.2;-1.8;288.8888889;0;0;6.8
945000;-5;-2;5;15;-5;-1.3;0.7;-1;69.6;0;-1.7;-2;-1.7;-2.7;-1.8;288.8888889;0;0;6.8
945900;-5;-2.5;4.5;11;-5.3;-2.45;0.7;-0.85;69.15;0;-2.2;-2.4;-2.15;-3.1;-1.8;288.8888889;0;0;6.8
946800;-5;-3;4;7;-5.6;-3.6;0.7;-0.7;68.7;0;-2.7;-2.8;-2.6;-3.5;-1.7;291.6666667;0;0;6.4
947700;-5;-1;0;0;-5;-0.8;0.3;-0.6;69.5;0;-2.2;-2.3;-2.1;-3.1;-1.7;291.6666667;0;0;6.4
948600;-5;-1;18;46;-5.1;-1.7;0.4;-0.6;69.5;0;-1.7;-1.9;-1.7;-2.7;-1.7;291.6666667;0;0;6.4
949500;-6;-5;26;60;-6.2;-4.7;0.5;-0.6;69.1;0;-2.7;-2.9;-2.7;-3.5;-1.7;291.6666667;0;0;6.4
950400;-5;-2;0;0;-5.4;-1.8;0.7;-0.4;67.9;0;-2.4;-2.6;-2.3;-3.3;-1.8;300;0;0;5.4
951300;-5;-2;0;0;-4.9;-0.7;0.6;-0.3;68.2;0;-1.9;-2.2;-1.9;-2.9;-1.8;300;0;0;5.4
952200;-6;-3;38;91;-5.7;-3.3;0.7;-0.3;67.6;0;-1.9;-2;-1.7;-2.7;-1.8;300;0;0;5.4
953100;-6;-4;18;40;-6.1;-4.5;0.7;-0.3;67.9;0;-2.8;-2.9;-2.6;-3.6;-1.8;300;0;0;5.4
954000;-5;-2;0;0;-5.2;-1.1;1;1.3;67.2;0;-2.2;-2.4;-2.1;-3.2;-1.1;308.3333333;0;0;4.1
954900;-5;-1;12;32;-4.9;-0.5;1.2;1.3;66.8;0;-1.5;-1.8;-1.4;-2.6;-1.1;308.3333333;0;0;4.1
955800;-6;-4;42;99;-5.9;-3.8;1.3;1.3;66.7;0;-2;-2.1;-1.9;-2.7;-1.1;308.3333333;0;0;4.1
956700;-7;-5;42;95;-6.7;-4.7;1.4;1.3;66.5;0;-2.7;-2.9;-2.6;-3.5;-1.1;308.3333333;0;0;4.1
957600;-5;-3;3;6;-5.6;-3.1;1.4;-0.3;67.1;0;-2.5;-2.6;-2.4;-3.5;-0.6;311.1111111;0;0;4.6
958500;-5;0;0;0;-5.2;-0.8;1.6;-0.4;67.1;0;-1.9;-2.2;-1.8;-3.1;-0.6;311.1111111;0;0;4.6
959400;-5;-2;31;80;-5.2;-2.1;1.8;-0.8;67.4;0;-1.3;-1.4;-1;-2.2;-0.6;311.1111111;0;0;4.6
960300;-6;-4;42;99;-6.1;-4;2;-1.2;67.3;0;-2.1;-2.3;-2;-2.9;-0.6;311.1111111;0;0;4.6
961200;-7;-5;42;96;-6.7;-4.6;2.2;-0.6;66.7;0;-2.6;-2.8;-2.5;-3.4;0;313.8888889;0;0;4.9
962100;-6;-5;30;70;-6.3;-4.8;2.4;-0.4;66.2;0;-2.7;-3;-2.7;-3.6;0;313.8888889;0;0;4.9
963000;-5;-1;0;0;-5.2;-1.5;2.5;-0.5;66;0;-2.1;-2.3;-2.1;-3.4;0;313.8888889;0;0;4.9
963900;-5;-1;12;34;-5;0;2.6;-0.5;66;0;-1.2;-1.5;-1.1;-2.5;0;313.8888889;0;0;4.9
964800;-6;-3;42;103;-5.3;-3.1;2.7;0.2;66.9;0;-1.3;-1.5;-1.2;-2.1;0.5;311.1111111;0;0;4.7
965700;-6;-4;42;101;-6;-3.8;2.8;0.2;67.1;0;-1.9;-2;-1.8;-2.7;0.5;311.1111111;0;0;4.7
966600;-6;-4;42;99;-6.2;-4.3;2.8;0.1;67.5;0;-2.1;-2.3;-2.1;-3;0.5;311.1111111;0;0;4.7
967500;-7;-4;42;99;-6.2;-4.3;3.1;-0.1;67.7;0;-2.2;-2.4;-2.2;-3.1;0.5;311.1111111;0;0;4.7
968400;-7;-4;42;99;-6.4;-4.3;3.3;0.4;66.5;0;-2.3;-2.5;-2.3;-3.2;0.7;313.8888889;0;0;5.1
969300;-7;-5;42;97;-6.7;-4.8;3.4;0.5;66;0;-2.6;-2.8;-2.5;-3.5;0.7;313.8888889;0;0;5.1
970200;-7;-5;42;97;-6.7;-4.8;3.5;0.5;66.5;0;-2.7;-2.8;-2.6;-3.5;0.7;313.8888889;0;0;5.1
971100;-7;-5;42;97;-6.7;-4.8;3.2;0.4;67.7;0;-2.6;-2.8;-2.6;-3.5;0.7;313.8888889;0;0;5.1
972000;-7;-5;42;96;-6.7;-4.8;3.2;0.7;69;0;-2.7;-2.8;-2.6;-3.5;0.9;316.6666667;0;0;5.5
972900;-7;-5;42;97;-6.7;-4.8;3.2;0.8;69.8;0;-2.5;-2.8;-2.6;-3.5;0.9;316.6666667;0;0;5.5
973800;-7;-4;42;99;-6.7;-4.8;3.3;0.8;69.8;0;-2.3;-2.5;-2.3;-3.2;0.9;316.6666667;0;0;5.5
974700;-6;-4;42;100;-6.7;-4.7;3.2;0.8;70;0;-2.2;-2.3;-2.1;-3.1;0.9;316.6666667;0;0;5.5
975600;-6;-4;42;100;-6.7;-4.3;3.2;0.7;70.1;0.1;-2;-2.3;-2;-3;1.4;316.6666667;5.555555556;5.555555556;5.8
976500;-6;-4;42;101;-6.7;-4.3;3.4;0.7;70.4;0.1;-1.9;-2.1;-1.9;-2.9;1.4;316.6666667;5.555555556;5.555555556;5.8
977400;-6;-4;42;101;-6.5;-4.3;3.5;0.6;70.6;0.1;-1.9;-2.1;-1.8;-2.8;1.4;316.6666667;5.555555556;5.555555556;5.8
978300;-6;-4;42;103;-6.2;-4.3;3.6;0.5;71.4;0.1;-1.7;-2;-1.7;-2.7;1.4;316.6666667;5.555555556;5.555555556;5.8
979200;-6;-4;42;103;-6.2;-4.3;3.8;0.4;71.7;2.8;-1.6;-1.8;-1.6;-2.6;2;319.4444444;13.88888889;13.88888889;5.1
980100;-6;-4;42;104;-6.2;-3.9;3.9;0.4;71.7;2.8;-1.5;-1.7;-1.5;-2.4;2;319.4444444;13.88888889;13.88888889;5.1
981000;-6;-3;42;105;-6.1;-3.8;4.1;0.5;72.1;2.8;-1.2;-1.5;-1.3;-2.2;2;319.4444444;13.88888889;13.88888889;5.1
981900;-5;-3;42;106;-5.7;-3.4;4.2;0.6;72.7;2.8;-0.8;-1.1;-0.8;-1.8;2;319.4444444;13.88888889;13.88888889;5.1
982800;-5;-3;42;109;-5.3;-3.1;4.3;0.8;73.1;7.5;-0.6;-0.9;-0.6;-1.5;2;322.2222222;13.88888889;13.88888889;3.8
983700;-5;-3;42;110;-5.2;-2.8;4.4;0.8;73.9;7.8;-0.3;-0.6;-0.3;-1.2;2;322.2222222;13.88888889;13.88888889;3.8
984600;-5;-2;42;112;-4.8;-2.6;4.6;1.1;74.4;8;0;-0.2;0;-0.9;2;322.2222222;13.88888889;13.88888889;3.8
985500;-4;-2;42;114;-4.6;-2.2;4.6;1.5;75.6;8.4;0.3;0.1;0.4;-0.5;2;322.2222222;13.88888889;13.88888889;3.8
986400;-4;-2;42;115;-4.2;-1.8;4.3;1.7;79.3;31.2;0.6;0.5;0.7;-0.2;1.8;322.2222222;30.55555556;30.55555556;3.5
987300;-4;-2;43;116;-4.1;-1.7;4;1.8;81.6;36.9;0.9;0.7;0.9;0;1.8;322.2222222;30.55555556;30.55555556;3.5
988200;-4;-2;42;117;-3.7;-1.3;3.9;2;83;34.1;1;0.9;1.2;0.2;1.8;322.2222222;30.55555556;30.55555556;3.5
989100;-4;-2;43;117;-3.7;-1.3;3.9;2.2;84.1;29.8;1.1;0.9;1.2;0.3;1.8;322.2222222;30.55555556;30.55555556;3.5
990000;-4;-2;43;115;-3.7;-1.3;3.9;2.7;83.4;49.2;1.1;0.9;1.2;0.3;2.1;322.2222222;38.88888889;38.88888889;3.4
990900;-4;-2;42;116;-3.7;-1.3;4;2.8;83.4;54;1;0.9;1.1;0.3;2.1;322.2222222;38.88888889;38.88888889;3.4
991800;-4;-2;42;117;-3.7;-1.3;4.1;2.7;83.4;54;0.9;0.8;1.1;0.2;2.1;322.2222222;38.88888889;38.88888889;3.4
992700;-4;-2;43;116;-3.7;-1.3;4.2;2.6;82.7;54;0.9;0.8;1.1;0.2;2.1;322.2222222;38.88888889;38.88888889;3.4
993600;-3;-2;37;73;-2.9;-1.3;4.3;2.7;82.6;60.2;1.1;0.9;1.2;0.3;2.1;322.2222222;30.55555556;30.55555556;2.5
994500;-3;0;43;112;-3;-0.8;4.3;2.8;82.6;62.4;1.5;1.3;1.6;0.6;2.1;322.2222222;30.55555556;30.55555556;2.5
995400;-3;0;43;117;-3.3;-0.9;4.4;2.4;82.6;62.4;1.1;0.9;1.2;0.3;2.1;322.2222222;30.55555556;30.55555556;2.5
996300;-4;0;43;116;-3.7;-1.3;4.5;2.1;81.9;62.4;0.9;0.7;0.9;0;2.1;322.2222222;30.55555556;30.55555556;2.5
997200;-4;0;43;115;-3.8;-1.3;4.5;2.7;81.7;47.8;0.7;0.5;0.7;-0.2;2.3;322.2222222;16.66666667;16.66666667;2.3
998100;-4;-1;43;114;-3.8;-1.3;4.7;2.7;82;46.8;0.5;0.4;0.6;-0.3;2.3;322.2222222;16.66666667;16.66666667;2.3
999000;-4;-2;43;113;-3.8;-1.8;4.7;2.7;81.2;46.8;0.5;0.2;0.5;-0.4;2.3;322.2222222;16.66666667;16.66666667;2.3
999900;-4;-2;43;114;-3.8;-1.8;4.6;2.6;81.5;46.8;0.4;0.2;0.5;-0.5;2.3;322.2222222;16.66666667;16.66666667;2.3
1000800;-4;-2;43;114;-4.3;-1.8;4.6;2.5;81.3;46.3;0.4;0.1;0.4;-0.6;2.3;322.2222222;5.555555556;5.555555556;3.1
1001700;-4;-2;43;115;-4.3;-1.8;4.5;2.4;83.2;46.1;0.5;0.2;0.5;-0.4;2.3;322.2222222;5.555555556;5.555555556;3.1
1002600;-4;-2;43;114;-4.3;-1.8;4.3;2.1;83.7;46.1;0.4;0.2;0.4;-0.5;2.3;322.2222222;5.555555556;5.555555556;3.1
1003500;-4;-2;43;112;-4.3;-1.8;4.1;1.9;85.1;46.1;0.2;0;0.2;-0.6;2.3;322.2222222;5.555555556;5.555555556;3.1
1004400;-4;-2;43;112;-4.3;-1.8;4.1;1.8;86.2;21.1;0.1;-0.1;0.2;-0.7;2.7;325;0;0;6.2
1005300;-4;-2;43;113;-4.3;-1.8;4.1;1.8;86;21.1;0.1;-0.1;0.2;-0.8;2.7;325;0;0;6.2
1006200;-5;-2;43;111;-4.3;-2.2;4;1.9;86;21.1;0;-0.3;0;-0.9;2.7;325;0;0;6.2
1007100;-5;-2;43;109;-4.5;-2.3;4.2;2.1;85.4;21.1;-0.2;-0.4;-0.1;-1;2.7;325;0;0;6.2
1008000;-5;-2;43;111;-4.8;-2.3;4.4;2.2;84.9;9.5;-0.1;-0.4;-0.1;-1;3;325;0;0;7.2
1008900;-5;-2;43;111;-4.8;-2.3;4.5;2.2;84;6.6;-0.2;-0.5;-0.2;-1.1;3;325;0;0;7.2
1009800;-5;-2;43;110;-4.8;-2.3;4.6;2.2;83.6;6.6;-0.3;-0.7;-0.4;-1.3;3;325;0;0;7.2
1010700;-5;-3;43;109;-4.8;-2.8;4.8;2.3;82.9;6.6;-0.5;-0.8;-0.5;-1.5;3;325;0;0;7.2
1011600;-5;-3;43;110;-4.8;-2.8;4.8;2.5;82.8;1.8;-0.4;-0.7;-0.4;-1.3;2.8;327.7777778;0;0;4.7
1012500;-5;-2;43;110;-4.8;-2.8;4.9;2.6;83.3;0;-0.4;-0.6;-0.4;-1.3;2.8;327.7777778;0;0;4.7
1013400;-5;-3;43;108;-4.8;-2.8;4.9;2.7;82.6;0;-0.6;-0.9;-0.6;-1.5;2.8;327.7777778;0;0;4.7
1014300;-5;-3;43;108;-5.1;-2.8;5.1;2.9;82.3;0;-0.8;-1.1;-0.7;-1.7;2.8;327.7777778;0;0;4.7
1015200;-5;-3;43;108;-5.3;-2.8;5.1;3;82.2;0;-0.8;-1.1;-0.8;-1.8;3.5;327.7777778;0;0;3.9
1016100;-5;-3;43;108;-5.3;-2.8;5.1;3.1;82.8;0;-0.7;-0.9;-0.7;-1.6;3.5;327.7777778;0;0;3.9
1017000;-5;-3;43;110;-5.3;-2.8;5.2;3.1;83.5;0;-0.5;-0.8;-0.5;-1.4;3.5;327.7777778;0;0;3.9
1017900;-5;-3;43;110;-5.3;-2.8;5.4;3.2;84.6;0;-0.5;-0.7;-0.5;-1.3;3.5;327.7777778;0;0;3.9
1018800;-5;-3;43;109;-5.3;-2.8;5.6;2.8;85;0;-0.6;-0.9;-0.6;-1.5;2.9;322.2222222;0;0;3.5
1019700;-5;-3;43;109;-5.3;-2.8;5.6;2.7;86.2;0;-0.6;-0.9;-0.6;-1.6;2.9;322.2222222;0;0;3.5
1020600;-5;-3;43;110;-5.3;-2.8;5.4;2.6;87;0;-0.5;-0.7;-0.6;-1.4;2.9;322.2222222;0;0;3.5
1021500;-5;-2;43;112;-5.1;-2.8;5;2.3;87.7;0;-0.2;-0.4;-0.2;-1.1;2.9;322.2222222;0;0;3.5
1022400;-5;-2;43;112;-4.8;-2.3;4.6;2;89.4;0;0;-0.2;0;-0.9;2.1;280.5555556;0;0;3.7
1023300;-5;-2;43;112;-4.8;-2.3;4.3;1.9;89.1;0;0;-0.2;0;-0.9;2.1;280.5555556;0;0;3.7
1024200;-5;-2;43;108;-4.8;-2.3;3.8;2.3;88;0;-0.3;-0.6;-0.3;-1.3;2.1;280.5555556;0;0;3.7
1025100;-5;-3;43;105;-5.2;-3;3.5;3;88.2;0;-1;-1.3;-1.1;-1.9;2.1;280.5555556;0;0;3.7
1026000;-6;-4;43;102;-5.8;-3.6;3.2;2.7;88.2;0;-1.7;-1.9;-1.7;-2.5;1.7;261.1111111;0;0;3
1026900;-6;-4;43;100;-6.3;-4.2;3.4;2.6;88.7;0;-2.2;-2.4;-2.2;-3;1.7;261.1111111;0;0;3
1027800;-7;-5;42;99;-6.6;-4.4;3.6;2.6;88.3;0;-2.4;-2.7;-2.4;-3.3;1.7;261.1111111;0;0;3
1028700;-7;-5;42;97;-6.8;-4.8;3.3;2.6;88.2;0;-2.7;-2.9;-2.7;-3.5;1.7;261.1111111;0;0;3
1029600;-4;-3;2;3;-3.8;-3.2;3;2.5;88.2;0;-2.4;-2.5;-2.3;-3.4;0.9;255.5555556;0;0;2.5
1030500;-3;0;1;3;-3.4;-0.4;2.6;2.5;88.2;0;-1.9;-1.9;-1.6;-2.9;0.9;255.5555556;0;0;2.5
1031400;-5;-3;42;99;-5.3;-2.8;2.3;2.1;88.4;0;-1.4;-1.7;-1.3;-2.2;0.9;255.5555556;0;0;2.5
1032300;-5;-3;21.5;50.5;-5.1;-2.95;2.2;2;88.5;0;-1.9;-2.2;-1.85;-2.85;0.9;255.5555556;0;0;2.5
1033200;-5;-3;1;2;-4.9;-3.1;2.1;1.9;88.6;0;-2.4;-2.7;-2.4;-3.5;0.9;277.7777778;0;0;2.2
1034100;-5;0;0;0;-4.8;-0.2;2.1;1.9;88.7;0;-1.9;-2.2;-1.8;-3;0.9;277.7777778;0;0;2.2
1035000;-5;-3;36;87;-5.5;-2.8;1.9;1.9;88.4;0;-1.5;-2;-1.3;-2.3;0.9;277.7777778;0;0;2.2
1035900;-7;-5;42;98;-6.6;-4.5;2;1.9;88.8;0;-2.5;-2.9;-2.5;-3.3;0.9;277.7777778;0;0;2.2
1036800;-5;-3;4;9;-5.3;-3.2;2.7;1.6;89.2;0;-2.4;-2.7;-2.3;-3.4;1.1;305.5555556;0;0;2.2
1037700;-5;0;0;0;-4.8;-0.6;3.1;1.5;88.5;0;-1.7;-2.1;-1.7;-3;1.1;305.5555556;0;0;2.2
1038600;-5;-3;42;104;-5.4;-2.9;3.2;1.5;87.4;0;-0.9;-1.3;-0.8;-1.9;1.1;305.5555556;0;0;2.2
1039500;-6;-4;42;101;-6.1;-3.9;3.4;1.5;86.9;0;-2;-2.3;-2;-2.8;1.1;305.5555556;0;0;2.2
1040400;-7;-5;42;98;-6.6;-4.5;3.6;1.4;86.8;0;-2.5;-2.8;-2.5;-3.3;1.2;308.3333333;0;0;2.8
1041300;-7;-5;37;81;-6.6;-5;3.8;1.3;85.5;0;-2.8;-3;-2.7;-3.6;1.2;308.3333333;0;0;2.8
1042200;-5;-2;0;0;-5.1;-2.5;3.9;1.3;84.7;0;-2.3;-2.4;-2.1;-3.4;1.2;308.3333333;0;0;2.8
1043100;-5;-1;9;24;-4.9;-0.9;3.9;1.3;84;0;-1.4;-1.6;-1;-2.6;1.2;308.3333333;0;0;2.8
1044000;-6;-3;42;103;-5.5;-3.2;4;0.6;84.5;0;-1.4;-1.7;-1.3;-2.2;1.3;308.3333333;0;0;1.6
1044900;-6;-4;42;99;-6.3;-4.2;4.1;0.2;84.5;0;-2.3;-2.6;-2.2;-3;1.3;308.3333333;0;0;1.6
1045800;-6;-5;23;50;-6;-4.8;4;0.6;84.2;0;-2.7;-2.9;-2.6;-3.6;1.3;308.3333333;0;0;1.6
1046700;-5;-1;0;0;-4.8;-1;4;0.8;83.3;0;-2.1;-2.4;-2;-3.3;1.3;308.3333333;0;0;1.6
1047600;-5;-1;19;50;-5;-1.1;3.9;0.7;83.4;0;-1.2;-1.6;-1;-2.3;1;300;0;0;1.8
1048500;-6;-4;42;101;-5.8;-3.6;3.9;0.6;82.9;0;-1.7;-2.1;-1.7;-2.5;1;300;0;0;1.8
1049400;-7;-5;42;97;-6.5;-4.5;3.9;0.7;82.4;0;-2.5;-2.8;-2.5;-3.3;1;300;0;0;1.8
1050300;-6;-4;13;27;-5.7;-4.1;3.9;0.9;82.3;0;-2.6;-2.9;-2.6;-3.6;1;300;0;0;1.8
1051200;-5;0;0;0;-4.9;-0.9;3.7;0.8;82.7;0;-2;-2.3;-1.9;-3.1;0.7;261.1111111;0;0;2.5
1052100;-5;-2;24;58;-5.1;-1.6;3.5;0.7;82.6;0;-1.2;-1.7;-1.1;-2.3;0.7;261.1111111;0;0;2.5
1053000;-6;-4;43;99;-6.2;-4.1;3.2;0.8;82.7;0;-2.2;-2.5;-2.2;-3;0.7;261.1111111;0;0;2.5
1053900;-5;-4;9;19;-5.5;-3.9;2.6;1.1;83.2;0;-2.6;-2.9;-2.6;-3.5;0.7;261.1111111;0;0;2.5
1054800;-5;0;0;0;-4.8;-0.8;2.5;1;84;0;-2;-2.4;-2;-3.1;0.3;252.7777778;0;0;2.8
1055700;-5;-2;23;55;-5.1;-1.7;2.8;0.9;83.9;0;-1.4;-1.9;-1.4;-2.4;0.3;252.7777778;0;0;2.8
1056600;-7;-4;42;97;-6.4;-4.3;2.6;0.9;83.7;0;-2.4;-2.8;-2.4;-3.1;0.3;252.7777778;0;0;2.8
1057500;-5;-3;3;2;-5.3;-3.3;2.3;0.9;83.7;0;-2.5;-2.8;-2.5;-3.5;0.3;252.7777778;0;0;2.8
1058400;-5;0;0;0;-4.9;0.7;1.9;0.6;84;0;-2;-2.4;-2;-3;0.2;247.2222222;2.777777778;2.777777778;4.3
1059300;-5;-2;21;51;-5.1;-1.1;1.5;0.6;84.4;0;-1.6;-2.2;-1.6;-2.6;0.2;247.2222222;2.777777778;2.777777778;4.3
1060200;-6;-4;26;57;-6.2;-4.6;1.3;0.5;85;0;-2.6;-3;-2.6;-3.4;0.2;247.2222222;2.777777778;2.777777778;4.3
1061100;-5;-1;0;0;-5.2;-1.5;1.3;0.5;85.7;0;-2.3;-2.7;-2.2;-3.2;0.2;247.2222222;2.777777778;2.777777778;4.3
1062000;-5;0;5;16;-4.8;-0.9;1.4;0.4;86.1;1;-1.6;-2.1;-1.6;-2.7;0;247.2222222;27.77777778;33.33333333;4.4
1062900;-6;-4;43;99;-6.1;-3.9;1.8;0.4;85.1;1.1;-2.1;-2.5;-2;-2.8;0;247.2222222;27.77777778;33.33333333;4.4
1063800;-6;-4;12;27;-5.8;-4;1.8;0.4;84.4;1.1;-2.5;-3;-2.6;-3.5;0;247.2222222;27.77777778;33.33333333;4.4
1064700;-5;-1;0;0;-4.9;-0.8;2;0.4;83.3;1.1;-1.9;-2.4;-1.9;-3.1;0;247.2222222;27.77777778;33.33333333;4.4
1065600;-5;-2;27;67;-5.2;-2.2;2.2;0.5;81.5;16.1;-1.2;-1.8;-1.2;-2.3;0.8;255.5555556;58.33333333;116.6666667;5.1
1066500;-6;-4;43;101;-6;-4;2.6;0.5;79.6;19.9;-1.9;-2.3;-1.9;-2.8;0.8;255.5555556;58.33333333;116.6666667;5.1
1067400;-7;-4;42;98;-6.6;-4.4;2.8;0.4;78.2;19.9;-2.4;-2.8;-2.4;-3.4;0.8;255.5555556;58.33333333;116.6666667;5.1
1068300;-6;-5;28;58;-6.2;-4.7;2.8;0.3;78.8;19.9;-2.6;-2.9;-2.6;-3.8;0.8;255.5555556;58.33333333;116.6666667;5.1
1069200;-5;-1;0;0;-5.1;-1.6;3.1;0.7;78.6;52.6;-1.9;-2.2;-1.9;-3.4;1.8;302.7777778;100;108.3333333;3.7
1070100;-5;-1;29;81;-4.8;-1.6;3.5;0.8;76.2;64.5;-0.5;-0.6;-0.1;-1.8;1.8;302.7777778;100;108.3333333;3.7
1071000;-5;-3;43;107;-5;-2.7;3.9;0.7;74.2;66.9;-0.7;-1;-0.7;-1.8;1.8;302.7777778;100;108.3333333;3.7
1071900;-5;-3;43;106;-5.3;-3.1;4.5;0.5;72.7;71.6;-1;-1.3;-1;-2;1.8;302.7777778;100;108.3333333;3.7
1072800;-6;-3;43;106;-5.6;-3.4;4.8;0.9;71;108.4;-1.1;-1.3;-1.1;-2.1;2.4;302.7777778;147.2222222;150;3.5
1073700;-6;-3;43;106;-5.6;-3.4;5;1.1;70.5;126.8;-1;-1.3;-1;-2;2.4;302.7777778;147.2222222;150;3.5
1074600;-5;-3;43;108;-5.6;-3.4;5.3;1.3;69.2;131.1;-0.8;-1;-0.9;-1.8;2.4;302.7777778;147.2222222;150;3.5
1075500;-5;-3;43;108;-5.3;-3;5.7;1.4;68.6;133.3;-0.6;-0.8;-0.6;-1.7;2.4;302.7777778;147.2222222;150;3.5
1076400;-5;-3;43;109;-5.1;-2.9;6.2;1.9;67.2;162.1;-0.3;-0.5;-0.3;-1.4;2.8;311.1111111;125;133.3333333;3.1
1077300;-4;-2;43;113;-4.7;-2.5;6.4;2.2;64.5;181.3;0.2;0;0.2;-0.9;2.8;311.1111111;125;133.3333333;3.1
1078200;-4;-2;43;114;-4.6;-2.2;6.2;2.4;64.6;181.3;0.4;0.2;0.4;-0.7;2.8;311.1111111;125;133.3333333;3.1
1079100;-4;-2;43;113;-4.6;-1.9;6.4;2.6;64.1;181.3;0.3;0.1;0.3;-0.8;2.8;311.1111111;125;133.3333333;3.1
1080000;-4;-2;43;114;-4.6;-1.9;6.3;3.1;62.8;206.7;0.4;0.2;0.4;-0.7;2.9;305.5555556;100;127.7777778;2.4
1080900;-4;-2;43;112;-4.6;-1.9;6.2;3.1;62.4;206.7;0.3;0.1;0.3;-0.8;2.9;305.5555556;100;127.7777778;2.4
1081800;-5;-2;43;111;-4.6;-2.1;6.3;3;61.9;206.7;0;-0.2;0;-1.1;2.9;305.5555556;100;127.7777778;2.4
1082700;-5;-2;43;111;-4.6;-2.4;6.5;2.9;60;206.7;-0.1;-0.3;-0.1;-1.1;2.9;305.5555556;100;127.7777778;2.4
1083600;-4;-2;43;113;-4.6;-2.4;6.6;3.2;59.4;203.4;0.2;0.1;0.2;-0.9;3.4;269.4444444;69.44444444;166.6666667;2.5
1084500;-4;-2;43;112;-4.6;-2.4;6.3;3.2;57.8;203.2;0.2;0;0.2;-0.9;3.4;269.4444444;69.44444444;166.6666667;2.5
1085400;-4;-2;43;115;-4.3;-1.9;6.2;3.2;58.2;203.2;0.8;0.6;0.7;-0.5;3.4;269.4444444;69.44444444;166.6666667;2.5
1086300;-4;-2;43;116;-4.1;-1.4;6.1;3.2;57.9;203.2;0.9;0.7;0.9;-0.4;3.4;269.4444444;69.44444444;166.6666667;2.5
1087200;-4;-2;43;115;-4.1;-1.4;5.6;3.2;60.2;147;0.7;0.5;0.7;-0.6;3.2;258.3333333;25;52.77777778;1.9
1088100;-4;-2;43;114;-4.1;-1.5;5.3;3.2;61.1;138.3;0.5;0.3;0.5;-0.7;3.2;258.3333333;25;52.77777778;1.9
1089000;-4;-2;43;112;-4.1;-1.9;5.1;3.1;62.1;138.3;0.2;0;0.2;-1;3.2;258.3333333;25;52.77777778;1.9
1089900;-5;-2;43;109;-4.6;-2.3;4.7;2.9;63.7;138.3;-0.2;-0.7;-0.2;-1.4;3.2;258.3333333;25;52.77777778;1.9
1090800;-5;-3;43;106;-5.3;-3;4.4;2.9;65.2;82.5;-1;-1.4;-1;-2;2.5;294.4444444;2.777777778;2.777777778;1.7
1091700;-6;-4;43;102;-5.8;-3.7;4.2;2.9;66.3;68.6;-1.7;-1.9;-1.6;-2.6;2.5;294.4444444;2.777777778;2.777777778;1.7
1092600;-6;-4;43;100;-6.3;-4.1;4.1;3;67;68.6;-2.2;-2.4;-2.1;-3.1;2.5;294.4444444;2.777777778;2.777777778;1.7
1093500;-7;-5;42;97;-6.6;-4.5;4.2;3.3;66.8;68.6;-2.5;-2.7;-2.5;-3.5;2.5;294.4444444;2.777777778;2.777777778;1.7
1094400;-6;-5;28;63;-6;-4.9;4.2;3.4;67;30.7;-2.6;-2.9;-2.7;-3.7;2.4;300;0;0;1.2
1095300;-4;-1;0;0;-4;-1.4;4.1;3.5;67.5;11.8;-2;-2.3;-2;-3.4;2.4;300;0;0;1.2
1096200;-4;-1;20;46;-4.5;-1.4;4.1;3.5;67.6;11.8;-1;-1.5;-1;-2.5;2.4;300;0;0;1.2
1097100;-6;-4;42;102;-5.8;-3.6;4.2;3.4;68;11.8;-1.6;-1.9;-1.6;-2.6;2.4;300;0;0;1.2
1098000;-7;-4;42;99;-6.4;-4.3;4.2;3.6;68.5;3.9;-2.3;-2.6;-2.3;-3.2;2.1;319.4444444;0;0;1.6
1098900;-7;-5;42;94;-6.7;-4.7;4.2;3.7;69.7;0;-2.7;-3;-2.7;-3.6;2.1;319.4444444;0;0;1.6
1099800;-5;-2;1;4;-5.1;-2.9;4.3;3.5;70.4;0;-2.3;-2.5;-2.2;-3.6;2.1;319.4444444;0;0;1.6
1100700;-5;0;4;9;-4.8;-0.6;4.6;2.9;69.9;0;-1.4;-1.7;-1.4;-2.9;2.1;319.4444444;0;0;1.6
1101600;-5;-3;43;108;-4.9;-2.7;5.1;3;69.2;0;-0.8;-0.9;-0.6;-1.8;2.4;325;0;0;5.1
1102500;-6;-4;43;103;-5.6;-3.5;5.3;3;69.3;0;-1.5;-1.6;-1.4;-2.4;2.4;325;0;0;5.1
1103400;-6;-4;43;102;-6;-3.7;5.4;2.6;71.2;0;-1.8;-1.9;-1.8;-2.8;2.4;325;0;0;5.1
1104300;-6;-4;43;100;-6.3;-4.2;5.5;2.4;72.1;0;-2.1;-2.4;-2.2;-3.1;2.4;325;0;0;5.1
1105200;-7;-5;42;97;-6.6;-4.6;5.5;2.2;73;0;-2.4;-2.8;-2.6;-3.5;3;325;0;0;5.7
1106100;-6;-5;20;46;-6;-4.5;5.7;2.1;73.3;0;-2.5;-2.8;-2.6;-3.7;3;325;0;0;5.7
1107000;-5;0;0;0;-5;-0.7;5.8;2;74;0;-1.9;-2.1;-1.9;-3.3;3;325;0;0;5.7
1107900;-5;-2;33;84;-4.8;-2.1;5.9;1.7;74.7;0;-0.5;-0.8;-0.4;-1.8;3;325;0;0;5.7
1108800;-5;-3;42;107;-5;-3;5.9;1.7;74.9;0;-0.8;-1.2;-0.9;-1.8;2.5;327.7777778;0;0;6
1109700;-5;-3;42;107;-5.2;-3;5.9;1.7;75.4;0;-0.9;-1.2;-0.9;-1.8;2.5;327.7777778;0;0;6
1110600;-5;-3;42;104;-5.5;-3;6.1;1.8;75;0;-1;-1.2;-1;-1.9;2.5;327.7777778;0;0;6
1111500;-6;-3;42;105;-5.5;-3;6.1;2.2;75.3;0;-1;-1.3;-1.1;-2;2.5;327.7777778;0;0;6
1112400;-5;-3;42;106;-5.5;-3;6.1;2.2;75.6;0;-0.9;-1.2;-1;-1.9;3.4;330.5555556;0;0;5.3
1113300;-5;-3;42;107;-5.5;-3;6.1;2.2;76.4;0;-0.8;-1.1;-0.8;-1.8;3.4;330.5555556;0;0;5.3
1114200;-5;-3;42;108;-5.5;-3;5.9;2.4;77.5;0;-0.6;-1;-0.7;-1.7;3.4;330.5555556;0;0;5.3
1115100;-5;-3;42;108;-5.5;-3;6.1;3;78;0;-0.6;-0.9;-0.5;-1.7;3.4;330.5555556;0;0;5.3
1116000;-5;-3;42;108;-5.5;-3;6.2;2.9;78.7;0;-0.7;-1;-0.6;-1.7;4.2;325;0;0;5
1116900;-5;-3;42;108;-5.4;-3;6.4;2.9;79.7;0;-0.6;-0.9;-0.6;-1.5;4.2;325;0;0;5
1117800;-5;-3;42;109;-5;-3;6.7;2.8;78.5;0;-0.5;-0.7;-0.5;-1.4;4.2;325;0;0;5
1118700;-5;-2.5;42;108.5;-5;-3;6.7;2.45;78.8;0;-0.4;-0.65;-0.4;-1.35;4.2;325;0;0;5
1119600;-5;-2;42;108;-5;-3;6.7;2.1;79.1;0;-0.3;-0.6;-0.3;-1.3;3.7;316.6666667;0;0;5
1120500;-5;-2;42;110;-5;-2.5;6.5;1.9;79.3;0;-0.1;-0.4;-0.2;-1.2;3.7;316.6666667;0;0;5
1121400;-5;-2;42;110;-5;-2.5;6.4;1.9;79.3;0;-0.2;-0.5;-0.2;-1.2;3.7;316.6666667;0;0;5
1122300;-5;-3;42;109;-5;-2.5;6.4;1.9;78.7;0;-0.4;-0.7;-0.5;-1.3;3.7;316.6666667;0;0;5
1123200;-5;-3;42;109;-5;-2.5;6.2;1.6;78.5;0;-0.4;-0.7;-0.5;-1.3;3.4;316.6666667;0;0;5
1124100;-5;-3;42;108;-5;-2.5;6.1;1.5;78.5;0;-0.5;-0.8;-0.6;-1.4;3.4;316.6666667;0;0;5
1125000;-5;-3;42;107;-5;-2.9;6.1;1.5;78.5;0;-0.8;-1;-0.8;-1.7;3.4;316.6666667;0;0;5
1125900;-6;-3;42;104;-5.5;-3.3;6.1;1.5;78.1;0;-1.3;-1.5;-1.3;-2.2;3.4;316.6666667;0;0;5
1126800;-6;-4;42;105;-5.5;-3.5;5.9;1.4;75.7;0;-1.4;-1.6;-1.4;-2.3;3.1;316.6666667;0;0;3.7
1127700;-6;-4;42;102;-5.5;-3.5;5.8;1.3;74.9;0;-1.3;-1.6;-1.4;-2.5;3.1;316.6666667;0;0;3.7
1128600;-6;-4;42;103;-5.7;-3.5;5.8;1.3;76.4;0;-1.5;-1.7;-1.5;-2.4;3.1;316.6666667;0;0;3.7
1129500;-6;-4;42;104;-6;-3.5;5.7;1.3;76.8;0;-1.6;-1.8;-1.6;-2.5;3.1;316.6666667;0;0;3.7
1130400;-6;-4;42;103;-6;-3.8;5.7;3.2;76.9;0;-1.6;-1.9;-1.7;-2.6;2.5;319.4444444;0;0;3.8
1131300;-6;-4;42;103;-6;-4;5.7;3.3;75.9;0;-1.7;-1.8;-1.6;-2.6;2.5;319.4444444;0;0;3.8
1132200;-6;-4;42;103;-6;-4;5.5;3.3;75.7;0;-1.8;-1.9;-1.7;-2.6;2.5;319.4444444;0;0;3.8
1133100;-6;-4;42;102;-6;-4;5.3;3.3;76.1;0;-1.8;-2;-1.8;-2.7;2.5;319.4444444;0;0;3.8
1134000;-6;-4;42;102;-6;-4;5.3;3.1;76.2;0;-1.9;-2.1;-1.8;-2.8;1.9;319.4444444;0;0;4.3
1134900;-6;-4;42;101;-6;-4;5.2;3;76.2;0;-1.9;-2.2;-1.9;-2.8;1.9;319.4444444;0;0;4.3
1135800;-6;-4;42;101;-6;-4;5.1;3;76.7;0;-1.9;-2.1;-1.9;-2.9;1.9;319.4444444;0;0;4.3
1136700;-6;-4;42;102;-6;-4;4.8;3;78.5;0;-1.8;-2;-1.8;-2.7;1.9;319.4444444;0;0;4.3
1137600;-6;-4;42;102;-6;-4;4.6;2.6;79.9;0;-1.8;-2.1;-1.8;-2.8;1.3;316.6666667;0;0;2.8
1138500;-6;-4;42;102;-6;-4;4.5;2.6;80.8;0;-1.9;-2.1;-1.8;-2.8;1.3;316.6666667;0;0;2.8
1139400;-6;-4;42;102;-6;-4;4.4;2.6;81.8;0;-1.9;-2;-1.8;-2.7;1.3;316.6666667;0;0;2.8
1140300;-6;-4;42;102;-6;-4;3.9;2.6;88.4;0;-1.9;-2;-1.8;-2.7;1.3;316.6666667;0;0;2.8
1141200;-6;-4;42;101;-6;-4;4;2.5;89.2;0;-2;-2.1;-1.9;-2.8;0.8;313.8888889;0;0;2.7
1142100;-6;-4;42;101;-6.2;-4;3.7;2.5;88.8;0;-2.1;-2.3;-2.1;-3;0.8;313.8888889;0;0;2.7
1143000;-7;-4;42;98;-6.5;-4.5;3.7;2.4;89.3;0;-2.4;-2.6;-2.3;-3.3;0.8;313.8888889;0;0;2.7
1143900;-6;-5;24;55;-5.7;-4.8;3.7;2.4;89.6;0;-2.7;-2.8;-2.6;-3.7;0.8;313.8888889;0;0;2.7
1144800;-4;0;0;0;-3.9;0.2;3.7;2;89.8;0;-2.1;-2.2;-2;-3.3;1;305.5555556;0;0;3.3
1145700;-5;-1;24;59;-4.5;-0.4;3.7;2;89.3;0;-1.1;-1.2;-0.9;-2.3;1;305.5555556;0;0;3.3
1146600;-6;-4;43;101;-5.7;-3.6;3.6;2.1;88.2;0;-1.6;-1.8;-1.6;-2.5;1;305.5555556;0;0;3.3
1147500;-6;-4;43;99;-6.3;-4.2;3.6;2.1;88.3;0;-2.3;-2.4;-2.2;-3.1;1;305.5555556;0;0;3.3
1148400;-7;-5;42;98;-6.5;-4.6;3.5;1.6;87.5;0.7;-2.6;-2.8;-2.5;-3.4;1.1;302.7777778;8.333333333;8.333333333;2.9
1149300;-6;-5;30;68;-6.4;-4.9;3.4;1.5;87.7;0.8;-2.7;-2.9;-2.7;-3.7;1.1;302.7777778;8.333333333;8.333333333;2.9
1150200;-5;-1;0;0;-4.9;-1.5;3.4;1.5;87.4;0.8;-2.1;-2.3;-2;-3.3;1.1;302.7777778;8.333333333;8.333333333;2.9
1151100;-4;-1;15;38;-4.9;-1.1;3.5;1.5;87.5;0.8;-1.3;-1.5;-1.1;-2.4;1.1;302.7777778;8.333333333;8.333333333;2.9
1152000;-6;-4;43;101;-5.6;-3.5;3.6;1.3;87.1;7;-1.6;-1.8;-1.5;-2.4;0.9;305.5555556;16.66666667;19.44444444;1.9
1152900;-7;-4;42;98;-6.4;-4.3;3.7;1.2;86.9;10.1;-2.4;-2.6;-2.4;-3.2;0.9;305.5555556;16.66666667;19.44444444;1.9
1153800;-6;-4;17;40;-5.7;-4.6;3.7;1;86.5;10.1;-2.6;-2.8;-2.6;-3.7;0.9;305.5555556;16.66666667;19.44444444;1.9
1154700;-5;0;0;0;-4.9;0.6;3.7;0.6;85.5;10.1;-2;-2.2;-1.9;-3.3;0.9;305.5555556;16.66666667;19.44444444;1.9
1155600;-5;-2;29;73;-5;-1.4;3.7;0.4;85.4;31.8;-1;-1.3;-0.9;-2.2;1;302.7777778;50;50;0.7
1156500;-6;-4;43;101;-5.9;-3.8;4;0.3;85.6;42.7;-1.9;-2.1;-1.8;-2.8;1;302.7777778;50;50;0.7
1157400;-7;-5;42;97;-6.5;-4.5;4.2;0.3;85.3;42.7;-2.5;-2.7;-2.5;-3.3;1;302.7777778;50;50;0.7
1158300;-7;-5;32;73;-6.6;-4.9;4.4;0.3;84.5;42.7;-2.8;-2.9;-2.7;-3.6;1;302.7777778;50;50;0.7
1159200;-5;-1;0;0;-4.9;-1.8;4.5;0.2;84.4;58;-2.1;-2.2;-2.1;-3.4;1;308.3333333;47.22222222;47.22222222;0.9
1160100;-5;-1;18;45;-4.9;-1.3;4.6;0.1;83.5;65.7;-1.1;-1.3;-1;-2.4;1;308.3333333;47.22222222;47.22222222;0.9
1161000;-6;-3;43;103;-5.5;-3.3;4.7;0;82.7;62.4;-1.4;-1.6;-1.4;-2.2;1;308.3333333;47.22222222;47.22222222;0.9
1161900;-6;-4;43;100;-6;-4;4.8;0;80.9;60.8;-1.9;-2.1;-1.9;-2.8;1;308.3333333;47.22222222;47.22222222;0.9
1162800;-6;-4;43;98;-6.4;-4.1;4.6;-0.2;79.8;74.1;-2.2;-2.4;-2.2;-3.1;1.1;302.7777778;88.88888889;88.88888889;1.2
1163700;-7;-4;42;98;-6.4;-4.6;4.5;-0.3;78.7;82.9;-2.3;-2.5;-2.3;-3.4;1.1;302.7777778;88.88888889;88.88888889;1.2
1164600;-7;-5;42;97;-6.7;-4.6;4.4;0.4;78.9;82.9;-2.6;-2.7;-2.5;-3.6;1.1;302.7777778;88.88888889;88.88888889;1.2
1165500;-7;-5;42;96;-6.9;-4.6;4.4;0.8;78.3;82.9;-2.6;-2.8;-2.6;-3.7;1.1;302.7777778;88.88888889;88.88888889;1.2
1166400;-7;-5;42;96;-6.9;-4.6;4.7;0.7;76.7;88;-2.6;-2.8;-2.6;-3.7;1.2;302.7777778;75;75;1.4
1167300;-7;-5;43;95;-6.9;-4.6;5;0.7;75.2;90.6;-2.6;-2.8;-2.6;-3.7;1.2;302.7777778;75;75;1.4
1168200;-7;-5;42;96;-6.9;-4.6;5.2;0.7;72;90.6;-2.7;-2.8;-2.7;-3.7;1.2;302.7777778;75;75;1.4
1169100;-7;-5;42;95;-6.9;-4.8;5.3;0.7;70.7;90.6;-2.7;-2.9;-2.7;-3.8;1.2;302.7777778;75;75;1.4
1170000;-6;-5;24;52;-6;-5;5.6;0.6;70.2;102.6;-2.7;-2.7;-2.6;-3.8;1.4;300;50;50;1.7
1170900;-4;-1;0;0;-4.7;-0.9;5.5;0.6;69.4;110.6;-2;-2;-1.8;-3.3;1.4;300;50;50;1.7
1171800;-5;-2;28;70;-4.8;-0.9;5.2;0.6;68.6;110.6;-1;-1;-0.8;-2.2;1.4;300;50;50;1.7
1172700;-6;-4;42;100;-5.8;-3.7;5;0.6;68.7;110.6;-1.8;-1.9;-1.7;-2.7;1.4;300;50;50;1.7
1173600;-7;-5;39;90;-6.5;-4.5;5.1;0.7;69.7;76;-2.6;-2.7;-2.6;-3.5;1.1;311.1111111;5.555555556;5.555555556;2.7
1174500;-5;-2;0;0;-4.9;-2.7;5;0.7;69.6;73.5;-2.4;-2.4;-2.3;-3.6;1.1;311.1111111;5.555555556;5.555555556;2.7
1175400;-5;0;3;7;-4.8;-0.6;4.8;1;69.1;73.5;-1.7;-1.8;-1.6;-3;1.1;311.1111111;5.555555556;5.555555556;2.7
1176300;-6;-3;42;103;-5.5;-2.9;4.7;1.2;69.4;73.5;-1.4;-1.5;-1.2;-2.3;1.1;311.1111111;5.555555556;5.555555556;2.7
1177200;-6;-4;42;97;-6.3;-4.2;4.7;1;69.6;48.2;-2.4;-2.5;-2.3;-3.1;1;300;2.777777778;2.777777778;2.4
1178100;-6;-5;28;61;-6.2;-4.8;4.4;1;69.5;44.3;-2.8;-2.8;-2.7;-3.6;1;300;2.777777778;2.777777778;2.4
1179000;-5;-1;0;0;-5;-1.5;4.2;1;71;44.3;-2.2;-2.2;-2.1;-3.3;1;300;2.777777778;2.777777778;2.4
1179900;-5;-1;11;31;-4.8;-0.7;4;1.1;70.4;44.3;-1.4;-1.5;-1.3;-2.5;1;300;2.777777778;2.777777778;2.4
1180800;-6;-4;43;98;-5.8;-3.7;3.7;0.8;71;16.3;-1.9;-2.1;-1.8;-2.7;0.4;294.4444444;0;0;3
1181700;-6;-5;27;59;-6.2;-4.7;3.3;0.7;71.9;9.3;-2.7;-2.8;-2.6;-3.6;0.4;294.4444444;0;0;3
1182600;-5;-1;0;0;-5.1;-1.6;3.3;0.8;72.6;9.3;-2.3;-2.4;-2.2;-3.3;0.4;294.4444444;0;0;3
1183500;-5;0;7;14;-4.7;-0.4;3.4;1;73.1;9.3;-1.6;-1.8;-1.5;-2.8;0.4;294.4444444;0;0;3
1184400;-6;-4;42;97;-5.9;-3.8;3.4;0.9;73.2;2.5;-2;-2.2;-2;-2.9;0;294.4444444;0;0;4
1185300;-6;-4;16;32;-5.8;-4.4;3.5;0.8;74.3;0;-2.7;-2.9;-2.6;-3.6;0;294.4444444;0;0;4
1186200;-5;-1;0;0;-4.9;-1.1;3.4;0.8;74.7;0;-2.2;-2.3;-2;-3.2;0;294.4444444;0;0;4
1187100;-4;-1;16;45;-4.8;-1.5;3.4;0.9;75;0;-1.4;-1.8;-1.3;-2.4;0;294.4444444;0;0;4
1188000;-6;-4;43;96;-6;-4;3.5;0.7;75;0;-2.2;-2.4;-2.1;-2.9;0;294.4444444;0;0;4.1
1188900;-6;-5;29;63;-6.2;-4.8;3.3;0.6;74.9;0;-2.7;-2.8;-2.7;-3.6;0;294.4444444;0;0;4.1
1189800;-5;-1;0;0;-5.1;-1.7;3.2;0.4;75.5;0;-2.2;-2.3;-2.2;-3.3;0;294.4444444;0;0;4.1
1190700;-5;0;7;18;-4.8;-0.9;3.3;0.3;75.2;0;-1.5;-1.8;-1.5;-2.7;0;294.4444444;0;0;4.1
1191600;-6;-4;43;98;-5.8;-3.7;3.3;0.2;73.9;0;-1.9;-2.1;-1.9;-2.7;-0.2;288.8888889;0;0;4.6
1192500;-6;-4;17;38;-6;-4.5;3.2;0.1;74.2;0;-2.7;-2.9;-2.6;-3.6;-0.2;288.8888889;0;0;4.6
1193400;-5;-1;0;0;-5.1;-1.1;3.1;0.1;74.7;0;-2.2;-2.4;-2.1;-3.2;-0.2;288.8888889;0;0;4.6
1194300;-5;-1;14;34;-4.8;-1.3;3.1;0.1;74.7;0;-1.5;-1.8;-1.3;-2.6;-0.2;288.8888889;0;0;4.6
1195200;-6;-4;42;96;-6.2;-4.1;3.2;-0.8;74;0;-2.3;-2.5;-2.2;-3.1;-0.4;286.1111111;0;0;4.4
1196100;-5;-4;9;17;-5.7;-3.9;2.9;-0.8;73.9;0;-2.6;-2.8;-2.6;-3.6;-0.4;286.1111111;0;0;4.4
1197000;-5;0;0;0;-4.8;0.2;2.7;-0.8;75.2;0;-2.1;-2.3;-2;-3.1;-0.4;286.1111111;0;0;4.4
1197900;-5;-2;21;52;-4.9;-0.9;2.7;-0.8;75.5;0;-1.5;-1.8;-1.4;-2.5;-0.4;286.1111111;0;0;4.4
1198800;-6;-4;42;96;-6.3;-4.3;2.7;-1.2;74.6;0;-2.5;-2.7;-2.4;-3.2;-0.5;288.8888889;0;0;3.6
1199700;-5;-3;5;9;-5.5;-3.4;2.6;-1.2;72.7;0;-2.6;-2.7;-2.4;-3.4;-0.5;288.8888889;0;0;3.6
1200600;-5;0;0;0;-4.9;-0.7;2.5;-0.9;73;0;-2;-2.2;-1.8;-3;-0.5;288.8888889;0;0;3.6
1201500;-5;-2;29;73;-5.1;-2.2;2.6;-0.5;72.9;0;-1.4;-1.6;-1.1;-2.2;-0.5;288.8888889;0;0;3.6
1202400;-6;-4;42;97;-6.2;-4.2;2.8;-0.3;71.9;0;-2.4;-2.6;-2.3;-3.1;-0.7;283.3333333;0;0;2.4
1203300;-5;-4;7;15;-5.7;-3.9;2.7;-0.3;71.7;0;-2.7;-2.8;-2.6;-3.5;-0.7;283.3333333;0;0;2.4
1204200;-5;-1;0;0;-5;-0.8;2.6;-0.3;72;0;-2.1;-2.3;-2;-3.1;-0.7;283.3333333;0;0;2.4
1205100;-5.5;-2.5;21;47;-5.6;-2.5;2.45;0.6;72.75;0;-2.2;-2.45;-2.15;-3.1;-0.7;283.3333333;0;0;2.4
1206000;-6;-4;42;94;-6.2;-4.2;2.3;1.5;73.5;0;-2.3;-2.6;-2.3;-3.1;-0.9;277.7777778;0;0;3.3
1206900;-5;-4;6;11;-5.6;-3.8;2.2;1.9;73.5;0;-2.6;-2.8;-2.5;-3.5;-0.9;277.7777778;0;0;3.3
1207800;-5;-2;0;0;-5;-1;2.1;1.9;73.7;0;-2.1;-2.3;-2;-3.1;-0.9;277.7777778;0;0;3.3
1208700;-5;-3;21;50;-5.2;-2;2.1;1.9;72.8;0;-1.5;-1.8;-1.4;-2.5;-0.9;277.7777778;0;0;3.3
1209600;-6;-4;41;92;-6.3;-4.4;2;1.6;72.7;0;-2.5;-2.8;-2.4;-3.2;-1;-2775;0;0;2.1
1210500;-5;-3;0;0;-5.4;-3.2;1.9;1.5;72.8;0;-2.6;-2.7;-2.4;-3.5;-1;-2775;0;0;2.1
1211400;-5;-1;0;0;-5;-0.8;1.7;1.5;72.9;0;-2.1;-2.3;-1.9;-3;-1;-2775;0;0;2.1
1212300;-5;-2;26;60;-5.3;-2.3;1.8;1.5;72.5;0;-1.7;-2;-1.6;-2.7;-1;-2775;0;0;2.1
1213200;-6;-5;25;56;-6;-4.7;1.7;-3.2;71.7;0;-2.7;-3;-2.6;-3.5;-1.1;263.8888889;0;0;2.5
1214100;-5;0;0;0;-5.2;-0.3;1.7;-3.2;71.3;0;-2.4;-2.6;-2.3;-3.3;-1.1;263.8888889;0;0;2.5
1215000;-5;0;0;0;-5;0.5;1.6;-3.2;71.1;0;-1.9;-2.2;-1.8;-2.8;-1.1;263.8888889;0;0;2.5
1215900;-6;-4;41;96;-6;-3.7;1.5;-3.2;70.8;0;-2.1;-2.4;-1.9;-2.9;-1.1;263.8888889;0;0;2.5
1216800;-5;-3;5;13;-5.5;-3.8;1.3;-1.9;70.4;0;-2.8;-2.9;-2.6;-3.6;-1.8;255.5555556;0;0;3.1
1217700;-5;-2;0;0;-4.9;-1.1;1.3;-1.8;70.9;0;-2.3;-2.5;-2.2;-3.1;-1.8;255.5555556;0;0;3.1
1218600;-4;-2;9;22;-4.7;-1.4;1.3;-1.6;69.6;0;-1.8;-2.2;-1.7;-2.7;-1.8;255.5555556;0;0;3.1
1219500;-6;-5;27;62;-6.1;-4.5;1.3;-1.4;69.1;0;-2.7;-3;-2.6;-3.4;-1.8;255.5555556;0;0;3.1
1220400;-5;-2;0;0;-5.2;-2.1;1;-1.8;69.5;0;-2.6;-2.8;-2.4;-3.3;-2.1;247.2222222;0;0;2.7
1221300;-5;-2;0;0;-4.8;-1.1;0.9;-1.9;70.4;0;-2.1;-2.5;-2;-2.8;-2.1;247.2222222;0;0;2.7
1222200;-5;-3;22;49;-5.2;-2.4;0.9;-1.7;70.8;0;-2;-2.5;-1.9;-2.8;-2.1;247.2222222;0;0;2.7
1223100;-6;-4;8;17;-5.7;-4;0.9;-1.5;70.8;0;-2.9;-3.2;-2.8;-3.5;-2.1;247.2222222;0;0;2.7
1224000;-5;-2;0;0;-5.1;-1.2;0.8;-1.8;70.4;0;-2.4;-2.8;-2.3;-3.1;-2.7;238.8888889;0;0;1
1224900;-4;-2;0;0;-4.6;-1.1;0.5;-1.9;71.8;0;-1.9;-2.4;-1.9;-2.6;-2.7;238.8888889;0;0;1
1225800;-6;-4;27;60;-5.8;-3.6;0.3;-2;72.9;0;-2.5;-3;-2.4;-3.3;-2.7;238.8888889;0;0;1
1226700;-5;-3;0;0;-5.6;-3.2;0.1;-2.1;73.5;0;-2.9;-3.2;-2.8;-3.5;-2.7;238.8888889;0;0;1
1227600;-5;-2;0;0;-5;-1.1;-0.3;-2.3;75.2;0;-2.4;-2.9;-2.3;-3.1;-3;236.1111111;0;0;1.3
1228500;-5;-2;0;0;-4.9;-1.1;-0.4;-2.4;76.3;0;-1.9;-2.5;-1.9;-2.6;-3;236.1111111;0;0;1.3
1229400;-6;-4;21;57;-5.9;-4;-0.5;-2.3;76.8;0;-2.9;-3.3;-2.9;-3.7;-3;236.1111111;0;0;1.3
1230300;-6;-3;0;0;-5.7;-3.4;-0.5;-2.3;76.3;0;-3.3;-3.5;-3.3;-3.9;-3;236.1111111;0;0;1.3
1231200;-5;0;0;0;-5.1;0.3;-0.6;-2.6;75.8;0;-2.8;-3.2;-2.8;-3.4;-3.4;236.1111111;5.555555556;5.555555556;1.8
1232100;-5;0;0;0;-4.9;0.5;-0.6;-2.6;75.3;0;-2.3;-2.8;-2.4;-2.9;-3.4;236.1111111;5.555555556;5.555555556;1.8
1233000;-4;0;4;16;-4.9;-0.2;-1;-2.8;75.5;0;-1.9;-2.6;-2;-2.6;-3.4;236.1111111;5.555555556;5.555555556;1.8
1233900;-6;-5;22;46;-6.7;-5.3;-1.2;-2.9;75.8;0;-3.6;-3.9;-3.5;-4.3;-3.4;236.1111111;5.555555556;5.555555556;1.8
1234800;-5;-2;0;0;-5.6;-2.7;-1.2;-3.1;75.8;1.4;-3.4;-3.8;-3.3;-4;-3.3;236.1111111;38.88888889;55.55555556;2.1
1235700;-5;-2;0;0;-5.1;-1.7;-1.3;-3.1;76.3;1.5;-2.9;-3.4;-2.9;-3.5;-3.3;236.1111111;38.88888889;55.55555556;2.1
1236600;-5;-2;0;0;-4.8;-1.7;-1.3;-3.1;76.8;1.5;-2.3;-3;-2.4;-3;-3.3;236.1111111;38.88888889;55.55555556;2.1
1237500;-4;-2;1;3;-4.8;-1.7;-1.1;-3.1;77.3;1.5;-1.8;-2.5;-1.9;-2.5;-3.3;236.1111111;38.88888889;55.55555556;2.1
1238400;-6;-5;25;52;-6.5;-5;-0.8;-3;76.7;18.6;-3.4;-3.8;-3.3;-4.1;-2.7;233.3333333;50;133.3333333;2.5
1239300;-6;-2;0;0;-5.6;-3;-0.4;-3;74.6;21.2;-3.2;-3.5;-3.1;-3.9;-2.7;233.3333333;50;133.3333333;2.5
1240200;-5;-2;0;0;-5.1;-1.7;-0.3;-3.1;73.1;21.2;-2.6;-3;-2.6;-3.4;-2.7;233.3333333;50;133.3333333;2.5
1241100;-5;0;0;0;-4.8;0.5;-0.2;-3.2;73.1;21.2;-2;-2.6;-2;-2.9;-2.7;233.3333333;50;133.3333333;2.5
1242000;-5;-2;27;65;-5.3;-1.8;0.1;-2.8;72.4;73.5;-1.6;-2.1;-1.4;-2.7;-1.7;236.1111111;52.77777778;238.8888889;2.6
1242900;-6;-4;42;95;-6.3;-4.2;0.5;-2.7;71.4;86.6;-2.3;-2.5;-2.2;-3.3;-1.7;236.1111111;52.77777778;238.8888889;2.6
1243800;-7;-5;43;94;-6.7;-4.8;0.9;-2.7;70;91.9;-2.6;-2.7;-2.5;-3.7;-1.7;236.1111111;52.77777778;238.8888889;2.6
1244700;-7;-5;43;95;-6.8;-4.8;1;-2.8;69.6;102.6;-2.5;-2.7;-2.5;-3.8;-1.7;236.1111111;52.77777778;238.8888889;2.6
1245600;-7;-5;42;95;-6.8;-4.8;1.1;-2.3;70.2;146.1;-2.4;-2.6;-2.4;-3.7;-1.1;238.8888889;52.77777778;283.3333333;3.5
1246500;-7;-4;43;96;-6.8;-4.8;1.2;-2.1;68.9;167.8;-2.2;-2.4;-2.2;-3.5;-1.1;238.8888889;52.77777778;283.3333333;3.5
1247400;-6;-4;42;97;-6.5;-4.5;1.4;-2.1;68.5;172.6;-2;-2.1;-1.9;-3.3;-1.1;238.8888889;52.77777778;283.3333333;3.5
1248300;-6;-4;42;98;-6.3;-4.3;1.7;-2.1;67.9;182.2;-1.7;-1.8;-1.7;-3.1;-1.1;238.8888889;52.77777778;283.3333333;3.5
1249200;-6;-4;42;99;-6;-4.1;2;-1.5;67.2;221.8;-1.5;-1.7;-1.5;-2.8;-0.1;241.6666667;52.77777778;283.3333333;2.8
1250100;-6;-4;42;100;-5.8;-3.8;2;-1.3;66.1;236.2;-1.3;-1.5;-1.3;-2.6;-0.1;241.6666667;52.77777778;283.3333333;2.8
1251000;-6;-3;42;102;-5.8;-3.8;2.2;-1.5;67;236.2;-1.1;-1.3;-1.1;-2.4;-0.1;241.6666667;52.77777778;283.3333333;2.8
1251900;-5;-3;42;102;-5.8;-3.5;2.2;-1.6;66.4;236.2;-1;-1.1;-0.9;-2.3;-0.1;241.6666667;52.77777778;283.3333333;2.8
1252800;-5;-3;42;103;-5.6;-3.3;2.5;-1.2;64.6;238.7;-0.9;-1.1;-0.9;-2.2;1.1;244.4444444;50;241.6666667;2
1253700;-5;-3;42;103;-5.3;-3.3;2.7;-1;63.4;240;-0.8;-1;-0.8;-2.1;1.1;244.4444444;50;241.6666667;2
1254600;-5;-3;42;104;-5.3;-3.3;2.7;-0.7;63;240;-0.8;-0.9;-0.7;-2;1.1;244.4444444;50;241.6666667;2
1255500;-5;-3;42;104;-5.3;-3.3;3;-0.5;62;240;-0.7;-0.9;-0.7;-2;1.1;244.4444444;50;241.6666667;2
1256400;-5;-3;42;104;-5.3;-3.3;3.2;-0.1;62.4;199;-0.7;-0.9;-0.7;-2;0.9;247.2222222;47.22222222;161.1111111;2.2
1257300;-5;-3;42;103;-5.3;-3.3;3.4;-0.1;64.3;199;-0.8;-1;-0.8;-2;0.9;247.2222222;47.22222222;161.1111111;2.2
1258200;-5;-3;42;101;-5.3;-3.3;3.3;-0.1;65.2;199;-1.1;-1.3;-1.1;-2.3;0.9;247.2222222;47.22222222;161.1111111;2.2
1259100;-6;-3;42;101;-5.4;-3.3;3.2;-0.1;65.6;199;-1.3;-1.4;-1.2;-2.5;0.9;247.2222222;47.22222222;161.1111111;2.2
1260000;-6;-4;42;100;-5.8;-3.5;3.1;-0.2;66.1;140.5;-1.5;-1.6;-1.5;-2.6;0.7;247.2222222;27.77777778;66.66666667;2.6
1260900;-6;-4;42;98;-5.9;-3.8;2.9;-0.2;66.4;136.3;-1.8;-2;-1.8;-2.9;0.7;247.2222222;27.77777778;66.66666667;2.6
1261800;-6;-4;42;99;-6.3;-4.2;2.7;0.4;66.3;136.3;-2.1;-2.2;-2;-3.1;0.7;247.2222222;27.77777778;66.66666667;2.6
1262700;-7;-5;42;94;-6.5;-4.5;2.7;1;66.4;136.3;-2.5;-2.8;-2.5;-3.5;0.7;247.2222222;27.77777778;66.66666667;2.6
1263600;-4;-3;3;9;-4.4;-3.2;2.5;0.7;66.5;90.3;-2.4;-2.7;-2.3;-3.5;0.4;277.7777778;5.555555556;5.555555556;1.9
1264500;-4;0;0;0;-4.2;-0.6;2.3;0.6;67.6;83.2;-1.9;-2.2;-1.7;-3;0.4;277.7777778;5.555555556;5.555555556;1.9
1265400;-5;-3;35;81;-5.2;-2.8;2.3;0.6;68;83.2;-1.5;-1.9;-1.4;-2.7;0.4;277.7777778;5.555555556;5.555555556;1.9
1266300;-6;-4;24;55;-6;-4.6;2.3;0.7;68.4;83.2;-2.7;-2.9;-2.7;-3.6;0.4;277.7777778;5.555555556;5.555555556;1.9
1267200;-5;-1;0;0;-4.8;-1.4;2.2;0.4;69.3;29.7;-2.4;-2.5;-2.3;-3.3;0.2;297.2222222;0;0;1.3
1268100;-4;0;0;0;-4.7;-0.4;2.3;0.3;69.5;16.3;-1.9;-2.1;-1.8;-2.8;0.2;297.2222222;0;0;1.3
1269000;-6;-4;40;90;-5.9;-3.5;2.4;0.4;69.6;16.3;-2;-2.4;-2;-2.9;0.2;297.2222222;0;0;1.3
1269900;-5;-4;7;13;-5.6;-3.8;2.6;0.5;69.6;16.3;-2.7;-2.9;-2.6;-3.5;0.2;297.2222222;0;0;1.3
1270800;-5;-2;0;0;-5.1;-1;2.7;0.4;69;4.3;-2.2;-2.3;-2.1;-3.1;-0.1;302.7777778;0;0;2
1271700;-5;-1;20;49;-4.9;-1.7;2.6;0.4;69.6;0;-1.4;-1.7;-1.4;-2.5;-0.1;302.7777778;0;0;2
1272600;-6;-4;43;98;-6.2;-4.2;2.7;0.4;69.8;0;-2.3;-2.5;-2.2;-3.1;-0.1;302.7777778;0;0;2
1273500;-5;-4;8;14;-5.6;-3.8;2.9;0.4;69.7;0;-2.6;-2.8;-2.5;-3.6;-0.1;302.7777778;0;0;2
1274400;-5;-1;0;0;-5;-0.8;2.8;0.2;70.1;0;-2.1;-2.3;-1.9;-3.1;-0.4;302.7777778;0;0;2.3
1275300;-5;-2;28;63;-5.2;-1.6;2.5;0.2;72.1;0;-1.3;-1.6;-1.3;-2.4;-0.4;302.7777778;0;0;2.3
1276200;-6;-4;43;99;-6.2;-4.1;2.3;0.1;73.4;0;-2.2;-2.4;-2.2;-3.1;-0.4;302.7777778;0;0;2.3
1277100;-6;-4;20;44;-6;-4.7;2.2;0.1;73.5;0;-2.7;-2.8;-2.7;-3.7;-0.4;302.7777778;0;0;2.3
1278000;-5;-1;0;0;-5;-1.1;2.2;-0.4;73.5;0;-2.2;-2.3;-2.1;-3.3;-0.5;302.7777778;0;0;3
1278900;-5;-1;13;35;-5;-1.2;2.2;-0.4;73.9;0;-1.4;-1.6;-1.4;-2.6;-0.5;302.7777778;0;0;3
1279800;-6;-4;42;98;-6;-3.9;2.3;-0.5;73.5;0;-2;-2.2;-2;-2.9;-0.5;302.7777778;0;0;3
1280700;-6;-5;21;46;-6;-4.7;2.4;-0.5;73.3;0;-2.7;-2.8;-2.7;-3.6;-0.5;302.7777778;0;0;3
1281600;-5;-2;0;0;-5.1;-1.3;2.6;-0.9;72.5;0;-2.3;-2.3;-2.2;-3.3;-0.7;300;0;0;3
1282500;-5;-1;9;23;-4.9;-1.2;2.7;-0.9;72.3;0;-1.6;-1.7;-1.5;-2.7;-0.7;300;0;0;3
1283400;-6;-4;43;96;-6.1;-4;2.7;-0.8;72.7;0;-2.2;-2.4;-2.2;-3.1;-0.7;300;0;0;3
1284300;-5;-3;7;13;-5.7;-3.8;2.6;-0.7;73.8;0;-2.7;-2.8;-2.6;-3.5;-0.7;300;0;0;3
1285200;-5;-2;0;0;-5.1;-1;2.6;-1.1;73.8;0;-2.1;-2.3;-2;-3.1;-0.8;294.4444444;0;0;2.3
1286100;-5;-3;22;54;-5.1;-2;2.6;-1.1;74.1;0;-1.5;-1.8;-1.5;-2.5;-0.8;294.4444444;0;0;2.3
1287000;-6;-5;35;79;-6.3;-4.5;2.6;-0.9;74.5;0;-2.6;-2.8;-2.5;-3.3;-0.8;294.4444444;0;0;2.3
1287900;-5;-3;0;0;-5.4;-2.6;2.6;-0.7;74.8;0;-2.5;-2.6;-2.4;-3.4;-0.8;294.4444444;0;0;2.3
1288800;-5;-2;0;0;-4.9;-0.9;2.5;-0.9;74.8;0;-2;-2.2;-1.9;-2.9;-0.6;294.4444444;0;0;2
1289700;-5;-3;31;78;-5.6;-2.9;2.3;-0.9;75.2;0;-1.8;-2.1;-1.7;-2.8;-0.6;294.4444444;0;0;2
1290600;-6;-4;15;38;-5.9;-4.4;2.2;-0.7;76.1;0;-2.8;-2.9;-2.7;-3.5;-0.6;294.4444444;0;0;2
1291500;-5.5;-2;13.5;34.5;-5.45;-2.2;2.25;-1.55;75.7;0;-2.3;-2.45;-2.15;-3.1;-0.6;294.4444444;0;0;2
1292400;-5;0;12;31;-5;0;2.3;-2.4;75.3;0;-1.8;-2;-1.6;-2.7;-0.9;294.4444444;0;0;2.6
1293300;-6;-5;37;78;-6.3;-4.4;2.3;-2.7;75.4;0;-2.6;-2.8;-2.5;-3.3;-0.9;294.4444444;0;0;2.6
1294200;-5;-3;0;0;-5.3;-2.6;2.2;-2.7;75.3;0;-2.4;-2.6;-2.3;-3.4;-0.9;294.4444444;0;0;2.6
1295100;-5;-2;0;0;-4.9;-1;2;-2.7;75.7;0;-1.9;-2.2;-1.8;-2.9;-0.9;294.4444444;0;0;2.6
1296000;-6;-3;37;89;-5.7;-3.1;2;-3;76.3;0;-1.8;-2.1;-1.7;-2.7;-1;294.4444444;0;0;2.5
1296900;-6;-4;21;44;-6.3;-4.7;2;-3.1;76.3;0;-2.7;-2.9;-2.6;-3.5;-1;294.4444444;0;0;2.5
1297800;-5;-2;0;0;-5.3;-1.4;1.9;-3.1;76.3;0;-2.2;-2.5;-2.1;-3.2;-1;294.4444444;0;0;2.5
1298700;-5;-2;11;30;-5;-1.4;2;-3.1;76.3;0;-1.6;-2;-1.5;-2.7;-1;294.4444444;0;0;2.5
1299600;-6;-4;43;98;-6.2;-4.1;1.9;-3.2;76.6;0;-2.3;-2.6;-2.2;-3.1;-1.1;294.4444444;0;0;2.4
1300500;-5;-1;5;13;-5.7;-1.9;1.9;-3.2;76.8;0;-2.6;-2.8;-2.5;-3.5;-1.1;294.4444444;0;0;2.4
1301400;-5;0;0;0;-5.1;0.2;2;-3.2;76.5;0;-2.1;-2.3;-2;-3;-1.1;294.4444444;0;0;2.4
1302300;-5;-2;24;60;-5.2;-1.9;2.1;-3.2;75.9;0;-1.6;-1.9;-1.5;-2.6;-1.1;294.4444444;0;0;2.4
1303200;-6;-5;31;71;-6.3;-4.6;2.2;-2;75.3;0;-2.6;-2.9;-2.6;-3.4;-1;297.2222222;0;0;2.5
1304100;-5;-2;0;0;-5.3;-2.2;2.1;-1.4;75;0;-2.4;-2.6;-2.3;-3.3;-1;297.2222222;0;0;2.5
1305000;-5;-2;0;0;-4.8;-1;2.1;-1.2;75.3;0;-1.9;-2.2;-1.8;-2.9;-1;297.2222222;0;0;2.5
1305900;-6;-4;41;98;-5.9;-3.6;2.2;-1.1;75;0;-2;-2.2;-1.9;-2.8;-1;297.2222222;0;0;2.5
1306800;-6;-4;11;24;-5.9;-4.2;2.2;-1.3;75;0;-2.7;-2.9;-2.6;-3.6;-1;294.4444444;0;0;1.9
1307700;-5;-2;0;0;-5.1;-1.1;2.1;-1.3;75.3;0;-2.2;-2.4;-2;-3.1;-1;294.4444444;0;0;1.9
1308600;-5;-3;20;48;-5.2;-1.8;2;-1.2;75.5;0;-1.6;-1.9;-1.5;-2.6;-1;294.4444444;0;0;1.9
1309500;-6;-5;38;84;-6.3;-4.4;2;-1.2;75.8;0;-2.6;-2.8;-2.5;-3.3;-1;294.4444444;0;0;1.9
1310400;-5;-3;0;0;-5.5;-2.7;2;-1.3;75.8;0;-2.5;-2.6;-2.4;-3.4;-1;294.4444444;0;0;1.8
1311300;-5;-2;0;0;-5;-1.1;2.1;-1.3;75.6;0;-2;-2.2;-1.9;-2.9;-1;294.4444444;0;0;1.8
1312200;-6;-3;32;78;-5.6;-2.8;2;-1.2;75.5;0;-1.8;-1.9;-1.6;-2.6;-1;294.4444444;0;0;1.8
1313100;-6;-4;24;46;-6;-4.6;1.9;-1;75.5;0;-2.8;-2.9;-2.7;-3.5;-1;294.4444444;0;0;1.8
1314000;-5;-2;0;0;-5.2;-1.5;2;-1.2;75.3;0;-2.3;-2.5;-2.2;-3.2;-1;294.4444444;0;0;2.1
1314900;-5;-2;7;17;-5.1;-1;2;-1.3;75;0;-1.7;-2;-1.6;-2.7;-1;294.4444444;0;0;2.1
1315800;-6;-4;42;98;-6.1;-4;2;-1.3;74.4;0;-2.3;-2.5;-2.2;-3;-1;294.4444444;0;0;2.1
1316700;-5;-4;7;12;-5.8;-3.8;1.9;-1.2;74.7;0;-2.6;-2.8;-2.5;-3.5;-1;294.4444444;0;0;2.1
1317600;-5;0;0;0;-5;0.3;1.9;-1.5;75.1;0;-2.1;-2.3;-2;-3;-1.1;297.2222222;0;0;2.9
1318500;-5;-2;24;58;-5.1;-1.6;2;-1.6;74.9;0;-1.6;-1.9;-1.6;-2.5;-1.1;297.2222222;0;0;2.9
1319400;-6;-4;33;74;-6.2;-4.5;2;-1.3;74.4;0;-2.7;-2.8;-2.6;-3.4;-1.1;297.2222222;0;0;2.9
1320300;-5;-2;0;0;-5.3;-2.1;2.1;-1.2;74.4;0;-2.4;-2.6;-2.3;-3.4;-1.1;297.2222222;0;0;2.9
1321200;-5;-2;0;0;-5;-0.9;2.1;-1.6;74.2;0.7;-1.9;-2.1;-1.8;-2.9;-1;302.7777778;5.555555556;5.555555556;2.7
1322100;-6;-3;38;87;-5.8;-3.3;2.2;-1.8;73.8;1;-2;-2.2;-1.8;-2.8;-1;302.7777778;5.555555556;5.555555556;2.7
1323000;-6;-4;13;29;-5.9;-4.4;2.2;-1.8;73.8;1;-2.7;-2.9;-2.6;-3.6;-1;302.7777778;5.555555556;5.555555556;2.7
1323900;-5;-2;0;0;-5.1;-1.2;2.2;-1.8;73.3;1;-2.2;-2.4;-2.1;-3.1;-1;302.7777778;5.555555556;5.555555556;2.7
1324800;-5;-2;15;34;-5.1;-1.8;2.3;-1.9;73.1;14.2;-1.6;-1.9;-1.5;-2.6;-1.3;305.5555556;11.11111111;11.11111111;2.4
1325700;-6;-5;36;79;-6.2;-4.4;2.3;-2;73.3;23;-2.6;-2.8;-2.5;-3.3;-1.3;305.5555556;11.11111111;11.11111111;2.4
1326600;-5;-3;0;0;-5.4;-2.7;2.5;-1.4;72.7;23;-2.5;-2.6;-2.4;-3.4;-1.3;305.5555556;11.11111111;11.11111111;2.4
1327500;-5;0;0;0;-4.8;0.6;2.5;-1.1;73.2;23;-1.9;-2.2;-1.8;-2.9;-1.3;305.5555556;11.11111111;11.11111111;2.4
1328400;-6;-3;33;83;-5.5;-2.7;2.5;-1.2;73.9;52.3;-1.7;-1.9;-1.6;-2.7;-1.2;305.5555556;22.22222222;22.22222222;2.5
1329300;-6;-5;23;50;-6.1;-4.6;2.6;-1.2;74.1;71.8;-2.8;-2.9;-2.7;-3.6;-1.2;305.5555556;22.22222222;22.22222222;2.5
1330200;-5;-2;0;0;-5.3;-1.5;2.7;-1;73.8;76.9;-2.4;-2.5;-2.2;-3.3;-1.2;305.5555556;22.22222222;22.22222222;2.5
1331100;-5;-2;7;17;-4.9;-1;2.8;-0.8;73.3;80.3;-1.7;-1.9;-1.6;-2.8;-1.2;305.5555556;22.22222222;22.22222222;2.5
1332000;-6;-4;42;99;-6;-3.8;2.8;-0.6;72.9;155.2;-2.1;-2.2;-2;-2.9;-1.5;297.2222222;72.22222222;72.22222222;2.4
1332900;-6;-5;25;57;-6.2;-4.7;3.3;-0.6;71.9;160.5;-2.7;-2.8;-2.6;-3.6;-1.5;297.2222222;72.22222222;72.22222222;2.4
1333800;-5;-2;0;0;-5.4;-1.6;3.5;-0.8;70.8;157.3;-2.2;-2.2;-2;-3.3;-1.5;297.2222222;72.22222222;72.22222222;2.4
1334700;-5;-2;20;53;-5;-1.3;3.2;-1;71.6;153.7;-1.2;-1.3;-1;-2.4;-1.5;297.2222222;72.22222222;72.22222222;2.4
1335600;-6;-4;42;100;-5.7;-3.6;3;-0.7;70.6;189.8;-1.7;-1.8;-1.6;-2.6;-1;297.2222222;77.77777778;77.77777778;2.1
1336500;-6;-4;42;98;-6.3;-4.2;2.8;-0.6;71.4;195.4;-2.3;-2.4;-2.3;-3.2;-1;297.2222222;77.77777778;77.77777778;2.1
1337400;-7;-5;42;96;-6.7;-4.7;2.8;-0.6;71.3;195.4;-2.7;-2.8;-2.6;-3.6;-1;297.2222222;77.77777778;77.77777778;2.1
1338300;-5;-3;1;2;-5.5;-3.1;3.1;-0.7;70.3;195.4;-2.3;-2.4;-2.3;-3.6;-1;297.2222222;77.77777778;77.77777778;2.1
1339200;-5;0;4;9;-4.9;-0.7;2.9;-0.5;70.2;196;-1.6;-1.7;-1.5;-2.9;-0.9;294.4444444;77.77777778;77.77777778;1.7
1340100;-6;-3;42;105;-5.4;-3.2;2.9;-0.4;70;196.2;-1.3;-1.4;-1.2;-2.3;-0.9;294.4444444;77.77777778;77.77777778;1.7
1341000;-6;-4;42;98;-6.2;-4.2;2.9;-0.6;69.1;196.2;-2.2;-2.4;-2.2;-3.1;-0.9;294.4444444;77.77777778;77.77777778;1.7
1341900;-7;-5;33;77;-6.4;-4.7;3.1;-1.1;68;196.2;-2.7;-2.8;-2.7;-3.7;-0.9;294.4444444;77.77777778;77.77777778;1.7
1342800;-5;-2;0;0;-5.1;-2.1;3.1;-0.9;66.9;171.6;-2.2;-2.4;-2.2;-3.5;-1;255.5555556;80.55555556;80.55555556;1
1343700;-5;0;8;19;-4.8;-0.6;2.7;-0.8;69.6;162.6;-1.5;-1.7;-1.4;-2.7;-1;255.5555556;80.55555556;80.55555556;1
1344600;-6;-3;42;101;-5.5;-3.2;2.6;-0.8;70.7;162.6;-1.5;-1.7;-1.4;-2.5;-1;255.5555556;80.55555556;80.55555556;1
1345500;-7;-4;42;97;-6.4;-4.3;2.6;-0.8;69.9;162.6;-2.4;-2.6;-2.4;-3.3;-1;255.5555556;80.55555556;80.55555556;1
1346400;-5;-4;9;19;-5.7;-4;2.4;-0.9;70.6;141.1;-2.6;-2.7;-2.5;-3.6;-1.1;261.1111111;36.11111111;36.11111111;0.3
1347300;-5;-1;0;0;-5;-0.9;2.5;-0.9;70.1;130.4;-2;-2.2;-1.9;-3.1;-1.1;261.1111111;36.11111111;36.11111111;0.3
1348200;-5;-2;28;70;-5.3;-2.3;2.4;-1;69.6;130.4;-1.4;-1.6;-1.3;-2.5;-1.1;261.1111111;36.11111111;36.11111111;0.3
1349100;-7;-4;42;95;-6.4;-4.4;2.4;-1;69.2;130.4;-2.5;-2.7;-2.5;-3.3;-1.1;261.1111111;36.11111111;36.11111111;0.3
1350000;-5;-3;1;1;-5.5;-3.3;2.4;-1.2;68.7;79.1;-2.6;-2.6;-2.5;-3.5;-1.5;261.1111111;2.777777778;2.777777778;1
1350900;-5;-2;0;0;-4.9;-0.8;2.2;-1.2;68.3;79.1;-2;-2.2;-1.9;-3;-1.5;261.1111111;2.777777778;2.777777778;1
1351800;-5;-2;29;69;-5.5;-2.6;2;-1.2;68.7;79.1;-1.8;-1.9;-1.7;-2.8;-1.5;261.1111111;2.777777778;2.777777778;1
1352700;-6;-3;15;32;-5.8;-3.5;1.5;-1.2;69.7;79.1;-2.8;-2.9;-2.7;-3.6;-1.5;261.1111111;2.777777778;2.777777778;1
1353600;-5;0;0;0;-5;-0.4;1.2;-1.4;70.1;21.1;-2.4;-2.5;-2.2;-3.2;-2.1;263.8888889;0;0;2
1354500;-4;0;0;0;-4.5;-0.3;0.9;-1.4;71.3;17;-1.9;-2.2;-1.9;-2.7;-2.1;263.8888889;0;0;2
1355400;-6;-4;29;66;-6;-3.8;0.8;-1.3;71.8;17;-2.5;-2.8;-2.5;-3.4;-2.1;263.8888889;0;0;2
1356300;-5;-2;0;0;-5.5;-2.7;0.7;-1.2;73.5;17;-2.7;-2.9;-2.6;-3.4;-2.1;263.8888889;0;0;2
1357200;-5;-2;0;0;-5;-1.3;0.6;-1.1;73.7;2.3;-2.2;-2.6;-2.1;-2.9;-2.3;269.4444444;0;0;3.1
1358100;-5;-3;10;33;-5.2;-1.9;0.6;-1.1;73.4;0;-2;-2.4;-2;-2.8;-2.3;269.4444444;0;0;3.1
1359000;-6;-4;13;32;-6.2;-4.8;0.5;-1.2;74.2;0;-3.2;-3.4;-3.1;-3.8;-2.3;269.4444444;0;0;3.1
1359900;-5;-2;0;0;-5.4;-1.7;0.4;-1.3;75;0;-2.8;-3.1;-2.7;-3.4;-2.3;269.4444444;0;0;3.1
1360800;-5;-2;0;0;-5;-1.3;0.4;-1.6;75.1;0;-2.3;-2.7;-2.3;-2.9;-2.5;-2775;0;0;2.4
1361700;-5;0;7;17;-5.1;0.3;0.5;-1.7;75.2;0;-1.9;-2.4;-1.9;-2.7;-2.5;-2775;0;0;2.4
1362600;-6;-4;19;43;-6.3;-4.8;0.6;-2;74.5;0;-3.1;-3.4;-3;-3.7;-2.5;-2775;0;0;2.4
1363500;-5;-2;0;0;-5.5;-2;0.7;-2.5;72.6;0;-2.8;-3;-2.6;-3.4;-2.5;-2775;0;0;2.4
1364400;-5;-2;0;0;-5;-1.2;0.9;-2.5;71.9;0;-2.3;-2.6;-2.2;-2.9;-2.1;280.5555556;0;0;1.8
1365300;-5;-2;12;34;-5.2;-1.9;0.9;-2.5;71.3;0;-1.9;-2.3;-1.8;-2.7;-2.1;280.5555556;0;0;1.8
1366200;-6;-4;20;40;-6.2;-4.5;0.9;-2.5;70.7;0;-2.9;-3;-2.7;-3.5;-2.1;280.5555556;0;0;1.8
1367100;-5;-2;0;0;-5.4;-1.7;0.9;-2.5;70.3;0;-2.5;-2.6;-2.3;-3.2;-2.1;280.5555556;0;0;1.8
1368000;-5;-2;0;0;-5;-1.2;0.9;-2.8;69.8;0;-2;-2.2;-1.9;-2.7;-1.8;286.1111111;0;0;1.7
1368900;-6;-4;34;78;-5.9;-3.6;1.1;-3;68.9;0;-2.4;-2.6;-2.2;-3.1;-1.8;286.1111111;0;0;1.7
1369800;-6;-2;0;0;-5.7;-2.1;1.2;-3;67.4;0;-2.8;-2.8;-2.6;-3.5;-1.8;286.1111111;0;0;1.7
1370700;-5;0;0;0;-5;0.2;1.1;-3;67.5;0;-2.3;-2.4;-2.1;-3;-1.8;286.1111111;0;0;1.7
1371600;-5;-1;15;35;-5;-1.4;1.1;-3.2;67.8;0;-1.8;-2.1;-1.7;-2.7;-2;297.2222222;0;0;2.2
1372500;-6;-5;25;56;-6.2;-4.6;1.2;-3.2;67.5;0;-2.8;-2.9;-2.7;-3.5;-2;297.2222222;0;0;2.2
1373400;-5;-2;0;0;-5.4;-2;1.2;-2.7;67.3;0;-2.5;-2.7;-2.4;-3.3;-2;297.2222222;0;0;2.2
1374300;-5;-2;0;0;-4.9;-1.3;1.2;-2.3;66.7;0;-2;-2.2;-1.9;-2.8;-2;297.2222222;0;0;2.2
1375200;-6;-4;34;80;-5.8;-3.3;1.3;-2.1;66.3;0;-2.1;-2.3;-2;-2.9;-2.6;300;0;0;2.5
1376100;-6;-4;8;15;-6;-4.1;1.3;-2.1;65.2;0;-2.8;-2.9;-2.7;-3.6;-2.6;300;0;0;2.5
1377000;-5;-2;0;0;-5.2;-1.3;1.3;-1.9;66.2;0;-2.3;-2.5;-2.1;-3.1;-2.6;300;0;0;2.5
1377900;-5.5;-3;16;35;-5.7;-2.85;1.15;-2.25;70;0;-2.5;-2.65;-2.3;-3.2;-2.6;300;0;0;2.5
1378800;-6;-4;32;70;-6.2;-4.4;1;-2.6;73.8;0;-2.7;-2.8;-2.5;-3.3;-3.2;300;0;0;2.4
1379700;-5;-2;0;0;-5.5;-2.5;0.8;-2.7;75.7;0;-2.5;-2.7;-2.4;-3.3;-3.2;300;0;0;2.4
1380600;-5;-2;0;0;-4.8;-1;0.7;-2.7;77;0;-2;-2.2;-1.9;-2.9;-3.2;300;0;0;2.4
1381500;-5;-3;29;68;-5.6;-2.8;0.7;-2.7;78;0;-2.1;-2.3;-2;-2.9;-3.2;300;0;0;2.4
1382400;-6;-4;9;17;-6;-4.2;0.7;-3;78.3;0;-2.8;-3;-2.7;-3.5;-3.2;300;0;0;1.9
1383300;-5;-2;0;0;-5.3;-1.2;0.6;-3.1;78.8;0;-2.3;-2.5;-2.2;-3.1;-3.2;300;0;0;1.9
1384200;-5;-2;4;10;-4.9;-1.1;0.6;-3.1;79.2;0;-1.8;-2.1;-1.8;-2.7;-3.2;300;0;0;1.9
1385100;-6;-5;31;66;-6.2;-4.4;0.8;-3.1;78.9;0;-2.7;-2.9;-2.6;-3.3;-3.2;300;0;0;1.9
1386000;-6;-2;0;0;-5.5;-2.6;0.8;-3.2;79.3;0;-2.6;-2.8;-2.5;-3.3;-3.3;300;0;0;1.9
1386900;-5;0;0;0;-5.1;0;0.5;-3.2;80.3;0;-2.1;-2.4;-2;-2.9;-3.3;300;0;0;1.9
1387800;-6;-2;23;56;-5.4;-1.6;0.3;-3.2;81.3;0;-2;-2.3;-2;-2.8;-3.3;300;0;0;1.9
1388700;-6;-4;10;21;-6.1;-4.3;0.4;-3.2;80.6;0;-2.9;-3;-2.8;-3.5;-3.3;300;0;0;1.9
1389600;-5;-2;0;0;-5.3;-1.6;0.4;-2.9;80.4;0;-2.4;-2.6;-2.3;-3.1;-3.4;297.2222222;0;0;2.2
1390500;-5;-2;0;2;-4.9;-1.5;0.4;-2.8;80.7;0;-1.8;-2.2;-1.8;-2.6;-3.4;297.2222222;0;0;2.2
1391400;-6;-4;29;71;-6.2;-4.3;0.2;-2.9;81.3;0;-2.6;-2.8;-2.5;-3.3;-3.4;297.2222222;0;0;2.2
1392300;-5;-2;0;0;-5.5;-2.7;0.3;-3;81.7;0;-2.6;-2.8;-2.6;-3.3;-3.4;297.2222222;0;0;2.2
1393200;-5;-2;0;0;-4.9;-1.1;0.5;-2.7;81.1;0;-2.2;-2.5;-2.1;-2.9;-3.3;300;0;0;2.2
1394100;-5;-3;18;41;-5.3;-2.2;0.6;-2.7;80.7;0;-2;-2.4;-2;-2.8;-3.3;300;0;0;2.2
1395000;-6;-3;10;20;-6.1;-3.9;0.8;-3;80.1;0;-2.9;-3;-2.8;-3.5;-3.3;300;0;0;2.2
1395900;-5;0;0;0;-5.3;0.3;0.8;-3.2;79.5;0;-2.3;-2.6;-2.3;-3.1;-3.3;300;0;0;2.2
1396800;-5;0;1;3;-4.9;-0.3;0.8;-2.8;79.1;0;-1.8;-2.3;-1.9;-2.6;-3.1;300;0;0;1.6
1397700;-6;-4;29;65;-6.2;-4.3;0.7;-2.8;79.8;0;-2.7;-2.9;-2.6;-3.3;-3.1;300;0;0;1.6
1398600;-5;-2;0;0;-5.5;-2.6;0.7;-3;80.4;0;-2.6;-2.8;-2.5;-3.3;-3.1;300;0;0;1.6
1399500;-5;-2;0;0;-4.9;-1.4;0.7;-3.2;80.6;0;-2.1;-2.4;-2.1;-2.8;-3.1;300;0;0;1.6
1400400;-6;-3;23;55;-5.6;-2.8;0.8;-2.8;80.8;0;-2.1;-2.4;-2;-2.8;-2.9;302.7777778;0;0;1.6
1401300;-6;-4;6;13;-5.9;-4.2;0.8;-2.8;80.4;0;-2.9;-3.1;-2.8;-3.5;-2.9;302.7777778;0;0;1.6
1402200;-5;-2;0;0;-5.1;-1.6;1.1;-2.9;79.3;0;-2.4;-2.6;-2.3;-3;-2.9;302.7777778;0;0;1.6
1403100;-5;-2;0;1;-4.7;-1.5;1.1;-3.1;78.4;0;-1.9;-2.2;-1.8;-2.6;-2.9;302.7777778;0;0;1.6
1404000;-6;-4;33;74;-6.2;-4.3;1;-2.9;79.1;0;-2.6;-2.8;-2.5;-3.3;-2.8;302.7777778;0;0;1.4
1404900;-6;-2;0;0;-5.6;-2.5;0.9;-2.9;80.4;0;-2.6;-2.8;-2.6;-3.3;-2.8;302.7777778;0;0;1.4
1405800;-5;-1;0;0;-5;-0.7;1;-2.9;80.4;0;-2.1;-2.3;-2;-2.9;-2.8;302.7777778;0;0;1.4
1406700;-5;-2;22;53;-5.4;-2.1;0.8;-3;80.6;0;-2;-2.3;-1.9;-2.8;-2.8;302.7777778;0;0;1.4
1407600;-6;-4;11;22;-6.1;-4.3;0.7;-3.1;81;0.3;-2.8;-3;-2.7;-3.5;-2.6;305.5555556;16.66666667;16.66666667;0.8
1408500;-5;-2;0;0;-5.4;-1.5;0.7;-3.1;81.6;0.4;-2.4;-2.6;-2.2;-3.1;-2.6;305.5555556;16.66666667;16.66666667;0.8
1409400;-5;-2;4;11;-4.9;-1.3;1;-3.1;81.2;0.4;-1.8;-2.2;-1.8;-2.7;-2.6;305.5555556;16.66666667;16.66666667;0.8
1410300;-6;-5;28;59;-6.2;-4.4;1.2;-3.1;81;0.4;-2.7;-2.9;-2.6;-3.4;-2.6;305.5555556;16.66666667;16.66666667;0.8
1411200;-6;-2;0;0;-5.6;-2.5;1.3;-2.9;80.5;5;-2.6;-2.7;-2.5;-3.3;-2.1;305.5555556;52.77777778;52.77777778;1.5
1412100;-5;-2;0;0;-5;-1.2;1.3;-2.8;81.2;6.7;-2;-2.2;-1.9;-2.9;-2.1;305.5555556;52.77777778;52.77777778;1.5
1413000;-6;-4;32;76;-5.8;-3.2;1.7;-2.8;80;6.7;-2.1;-2.4;-2.1;-3;-2.1;305.5555556;52.77777778;52.77777778;1.5
1413900;-6;-3;5;11;-5.8;-3.4;1.9;-2.7;79.3;6.7;-2.8;-2.8;-2.6;-3.5;-2.1;305.5555556;52.77777778;52.77777778;1.5
1414800;-5;-2;0;0;-5.1;-0.9;2.4;-2.3;79;23.3;-2.2;-2.3;-2;-3.1;-1.7;305.5555556;77.77777778;77.77777778;1.5
1415700;-5;-3;19;48;-5.2;-2;2.9;-2.2;78.4;29.4;-1.8;-2;-1.7;-2.8;-1.7;305.5555556;77.77777778;77.77777778;1.5
1416600;-6;-4;21;46;-6.2;-4.7;3.2;-2.2;77.5;29.8;-2.7;-2.8;-2.6;-3.5;-1.7;305.5555556;77.77777778;77.77777778;1.5
1417500;-5;-2;0;0;-5.5;-1.8;3.5;-2.3;76.7;30.5;-2.2;-2.4;-2.1;-3.2;-1.7;305.5555556;77.77777778;77.77777778;1.5
1418400;-5;-2;12;31;-5;-1.7;3.6;-1.9;76.3;45.9;-1.7;-1.8;-1.5;-2.7;-1;311.1111111;66.66666667;66.66666667;0.6
1419300;-6;-4;36;79;-6.3;-4.4;3.7;-1.7;76.1;51.5;-2.6;-2.7;-2.5;-3.4;-1;311.1111111;66.66666667;66.66666667;0.6
1420200;-5;-3;0;0;-5.6;-2.9;3.5;-1.8;77;50.5;-2.4;-2.5;-2.2;-3.4;-1;311.1111111;66.66666667;66.66666667;0.6
1421100;-5;-2;0;0;-4.9;-1;3.6;-1.9;77.5;48.4;-1.9;-2.1;-1.7;-2.9;-1;311.1111111;66.66666667;66.66666667;0.6
1422000;-6;-4;41;95;-5.8;-3.6;3.1;-1.5;78.7;56;-1.9;-2.1;-1.8;-2.9;-0.5;311.1111111;38.88888889;38.88888889;0.5
1422900;-6;-4;13;28;-6.1;-4.2;2.6;-1.4;83.4;58.8;-2.7;-2.8;-2.6;-3.6;-0.5;311.1111111;38.88888889;38.88888889;0.5
1423800;-5;-2;0;0;-5.1;-1.3;2.6;-1.4;88.3;58.8;-2.1;-2.2;-1.9;-3.2;-0.5;311.1111111;38.88888889;38.88888889;0.5
1424700;-5;-3;25;60;-5.3;-2.3;2.6;-1.4;88.3;58.8;-1.7;-1.9;-1.5;-2.8;-0.5;311.1111111;38.88888889;38.88888889;0.5
1425600;-6;-5;24;56;-6.1;-4.7;2.7;-1;90.2;64.7;-2.7;-2.8;-2.6;-3.6;-0.5;313.8888889;38.88888889;38.88888889;0.4
1426500;-5;-2;0;0;-5.4;-1.8;2.9;-0.9;90.2;66.8;-2.3;-2.4;-2.1;-3.3;-0.5;313.8888889;38.88888889;38.88888889;0.4
1427400;-5;-2;9;24;-4.9;-1.4;2.7;-0.8;90.2;66.8;-1.7;-1.9;-1.5;-2.8;-0.5;313.8888889;38.88888889;38.88888889;0.4
1428300;-6;-4;37;84;-6.3;-4.3;2.6;-0.7;90.5;66.8;-2.5;-2.7;-2.4;-3.3;-0.5;313.8888889;38.88888889;38.88888889;0.4
1429200;-5;-3;0;0;-5.5;-3;2.7;-0.2;90.6;62.2;-2.5;-2.5;-2.3;-3.4;-0.2;313.8888889;33.33333333;33.33333333;0.7
1430100;-5;-2;0;0;-4.9;-1.1;3.1;0;90.8;60.5;-1.9;-2.1;-1.8;-3;-0.2;313.8888889;33.33333333;33.33333333;0.7
1431000;-6;-3;40;94;-5.9;-3.5;3.2;0;90.7;60.5;-2;-2.2;-1.9;-2.9;-0.2;313.8888889;33.33333333;33.33333333;0.7
1431900;-6;-4;10;22;-6;-4.2;3.2;0;91.1;60.5;-2.7;-2.8;-2.6;-3.6;-0.2;313.8888889;33.33333333;33.33333333;0.7
1432800;-5;-2;0;0;-5.3;-1.2;3.2;0.1;91.1;52;-2.2;-2.2;-2;-3.1;-0.2;313.8888889;13.88888889;13.88888889;1.3
1433700;-5;-3;22;54;-5.3;-2.2;2.8;0.2;90.4;48.9;-1.7;-1.9;-1.6;-2.8;-0.2;313.8888889;13.88888889;13.88888889;1.3
1434600;-6;-5;26;56;-6.2;-4.6;2.6;0;91.1;48.9;-2.7;-2.9;-2.6;-3.5;-0.2;313.8888889;13.88888889;13.88888889;1.3
1435500;-5;-2;0;0;-5.3;-1.9;2.5;-0.5;91.1;48.9;-2.3;-2.4;-2.2;-3.3;-0.2;313.8888889;13.88888889;13.88888889;1.3
1436400;-5;-2;9;22;-4.9;-1.5;2.7;-0.6;91.1;34.2;-1.7;-1.9;-1.6;-2.7;-0.1;316.6666667;0;0;1.9
1437300;-6;-5;32;76;-6.2;-4.4;2.7;-0.6;91.1;28.9;-2.6;-2.8;-2.5;-3.4;-0.1;316.6666667;0;0;1.9
1438200;-5;-2;0;0;-5.5;-2.7;2.7;-0.5;91.1;28.9;-2.5;-2.6;-2.3;-3.4;-0.1;316.6666667;0;0;1.9
1439100;-5;-1;0;0;-5;-0.3;2.7;-0.4;90.9;28.9;-1.9;-2.1;-1.8;-2.9;-0.1;316.6666667;0;0;1.9
1440000;-6;-4;38;91;-6;-3.7;2.7;-0.3;91;12.5;-2.3;-2.4;-2.2;-3.1;-0.1;316.6666667;0;0;2.6
1440900;-6;-3;1;2;-5.6;-3.4;2.7;-0.3;90.6;6.6;-2.6;-2.7;-2.5;-3.5;-0.1;316.6666667;0;0;2.6
1441800;-5;-2;0;0;-5;-1.3;2.8;-0.3;90.6;6.6;-2.1;-2.2;-2;-3;-0.1;316.6666667;0;0;2.6
1442700;-6;-3;29;69;-5.7;-3;2.8;-0.2;90.6;6.6;-2;-2.3;-2;-2.9;-0.1;316.6666667;0;0;2.6
1443600;-6;-4;7;14;-5.9;-4.1;2.8;-0.1;90.6;1.8;-2.7;-2.8;-2.7;-3.5;0.2;316.6666667;0;0;2.6
1444500;-5;-2;0;0;-5.3;-1.4;2.8;0;90.6;0;-2.2;-2.3;-2.1;-3.1;0.2;316.6666667;0;0;2.6
1445400;-5;-3;20;48;-5.3;-2.3;2.8;0;90.6;0;-1.8;-2;-1.8;-2.8;0.2;316.6666667;0;0;2.6
1446300;-6;-4;19;40;-6.1;-4.6;2.8;0;90.6;0;-2.7;-2.9;-2.7;-3.5;0.2;316.6666667;0;0;2.6
1447200;-5;-2;0;0;-5.3;-1.5;3;0;90.6;0;-2.3;-2.4;-2.2;-3.2;0.6;319.4444444;0;0;4.2
1448100;-5;-1;9;24;-5;-0.1;3;0;90.6;0;-1.7;-1.9;-1.7;-2.8;0.6;319.4444444;0;0;4.2
1449000;-6;-5;30;66;-6.2;-4.4;3.1;-0.1;90.6;0;-2.6;-2.8;-2.6;-3.4;0.6;319.4444444;0;0;4.2
1449900;-5;-2;0;0;-5.6;-2.4;3.1;-0.2;90.6;0;-2.4;-2.5;-2.3;-3.3;0.6;319.4444444;0;0;4.2
1450800;-5;-2;5;13;-5.1;-1.3;3.2;0.2;90.6;0;-1.7;-2;-1.7;-2.8;1;319.4444444;0;0;3.5
1451700;-6;-4;40;90;-6.2;-4.2;3.4;0.3;90.6;0;-2.4;-2.7;-2.4;-3.1;1;319.4444444;0;0;3.5
1452600;-6;-3;0;0;-5.7;-3.2;3.4;0.4;90.4;0;-2.5;-2.6;-2.5;-3.4;1;319.4444444;0;0;3.5
1453500;-5;-2;0;0;-5;-1.2;3.3;0.6;90.6;0;-2;-2.2;-1.9;-2.9;1;319.4444444;0;0;3.5
1454400;-6;-3;34;85;-5.8;-3.3;3.4;0.9;90.6;0;-2;-2.2;-2;-2.8;1.3;319.4444444;0;0;3.6
1455300;-6;-4;11;28;-6;-4.1;3.6;1;90.6;0;-2.7;-2.8;-2.6;-3.5;1.3;319.4444444;0;0;3.6
1456200;-5;0;0;0;-5.1;-0.3;3.6;1;90.6;0;-2;-2.2;-1.9;-3.1;1.3;319.4444444;0;0;3.6
1457100;-5;-2;29;69;-5.4;-2;3.7;1;91.1;0;-1.7;-1.9;-1.6;-2.6;1.3;319.4444444;0;0;3.6
1458000;-6;-5;30;67;-6.3;-4.6;3.7;1.2;91.1;0;-2.7;-2.9;-2.6;-3.4;1.6;308.3333333;0;0;3
1458900;-5;-2;0;0;-5.5;-2.3;3.8;1.3;91.1;0;-2.2;-2.4;-2.1;-3.3;1.6;308.3333333;0;0;3
1459800;-5;-2;12;31;-5.3;-1.4;3.7;1.3;91.1;0;-1.5;-1.8;-1.4;-2.6;1.6;308.3333333;0;0;3
1460700;-6;-4;42;98;-6.2;-4.1;3.7;1.3;91.1;0;-2.2;-2.5;-2.2;-3;1.6;308.3333333;0;0;3
1461600;-6;-4;13;27;-6.1;-4.2;3.6;1.5;91.1;0;-2.6;-2.8;-2.5;-3.5;1.7;311.1111111;0;0;3.4
1462500;-5;-2;0;0;-5.3;-1.3;3.4;1.6;91.3;0;-1.9;-2.2;-1.8;-3.1;1.7;311.1111111;0;0;3.4
1463400;-6;-3;32;78;-5.5;-2.6;3.6;1.6;91.6;0;-1.5;-1.7;-1.4;-2.4;1.7;311.1111111;0;0;3.4
1464300;-6;-3.5;22.5;54.5;-5.75;-3.35;3.65;0;91.6;0;-2;-2.2;-1.95;-2.95;1.7;311.1111111;0;0;3.4
1465200;-6;-4;13;31;-6;-4.1;3.7;-1.6;91.6;0;-2.5;-2.7;-2.5;-3.5;1.6;313.8888889;0;0;4
1466100;-5;-2;0;0;-5.1;-1;3.7;-2.7;91.6;0;-1.9;-2.1;-1.7;-3.1;1.6;313.8888889;0;0;4
1467000;-5;-3;34;82;-5.5;-2.8;3.7;-2.7;91.1;0;-1.4;-1.8;-1.2;-2.4;1.6;313.8888889;0;0;4
1467900;-7;-5;37;85;-6.4;-4.5;3.7;-2.7;90.6;0;-2.6;-2.9;-2.6;-3.3;1.6;313.8888889;0;0;4
1468800;-5;-3;0;0;-5.5;-2.8;3.8;-3;90.6;0;-2.2;-2.5;-2.1;-3.4;1.4;302.7777778;0;0;3.1
1469700;-5;-2;11;32;-5.3;-1.4;3.7;-3.1;91;0;-1.5;-1.8;-1.4;-2.6;1.4;302.7777778;0;0;3.1
1470600;-6;-4;43;100;-6;-3.9;3.7;-3.1;91.1;0;-1.9;-2.3;-1.9;-2.8;1.4;302.7777778;0;0;3.1
1471500;-7;-5;37;84;-6.5;-4.7;3.7;-3.1;91.1;0;-2.7;-3;-2.7;-3.5;1.4;302.7777778;0;0;3.1
1472400;-5;-3;0;0;-5.4;-2.7;3.5;-3.2;91.1;0;-2.2;-2.4;-2.1;-3.4;1.5;313.8888889;0;0;2.3
1473300;-5;0;5;16;-4.9;0;3.3;-3.2;91.1;0;-1.5;-1.9;-1.4;-2.8;1.5;313.8888889;0;0;2.3
1474200;-6;-4;43;101;-5.8;-3.5;3.4;-3.2;91.1;0;-1.7;-2.1;-1.7;-2.6;1.5;313.8888889;0;0;2.3
1475100;-7;-5;29;65;-6.3;-4.6;3.7;-3.2;91.1;0;-2.6;-2.9;-2.6;-3.5;1.5;313.8888889;0;0;2.3
1476000;-5;-2;0;0;-5.4;-2.1;3.9;0.1;91.1;0;-2.1;-2.4;-2;-3.3;1.7;311.1111111;0;0;2
1476900;-5;-2;13;33;-5.1;-1.5;3.9;1.8;91.1;0;-1.3;-1.8;-1.2;-2.6;1.7;311.1111111;0;0;2
1477800;-6;-4;43;99;-6;-4;4;1.7;91.1;0;-2.1;-2.4;-2;-2.9;1.7;311.1111111;0;0;2
1478700;-6;-5;23;51;-6.3;-4.7;4.1;1.3;90.9;0;-2.7;-2.9;-2.6;-3.6;1.7;311.1111111;0;0;2
1479600;-5;-2;0;0;-5.3;-1.4;3.9;1.4;90.6;0;-2;-2.2;-1.9;-3.2;1.7;313.8888889;0;0;2.2
1480500;-5;-3;21;54;-5.3;-1.6;4;1.5;90.6;0;-1.3;-1.7;-1.1;-2.6;1.7;313.8888889;0;0;2.2
1481400;-6;-4;42;98;-6.1;-4.1;3.8;1.5;90.8;0;-2.1;-2.5;-2.1;-3;1.7;313.8888889;0;0;2.2
1482300;-7;-5;33;72;-6.5;-4.7;3.7;1.6;91.1;0;-2.6;-3;-2.6;-3.6;1.7;313.8888889;0;0;2.2
1483200;-5;-2;0;0;-5.3;-2.2;3.8;1.6;91.1;0;-2;-2.3;-2;-3.3;1.5;311.1111111;0;0;2.6
1484100;-5;-2;19;50;-5.1;-1.6;4;1.6;91.1;0;-1.3;-1.7;-1.2;-2.6;1.5;311.1111111;0;0;2.6
1485000;-6;-4;42;98;-6.2;-4.1;4.1;1.6;90.7;0;-2.2;-2.5;-2.1;-3;1.5;311.1111111;0;0;2.6
1485900;-6;-4;15;33;-6.1;-4.3;3.9;1.7;90.5;0;-2.5;-2.8;-2.5;-3.6;1.5;311.1111111;0;0;2.6
1486800;-5;-2;0;0;-5.1;-1.2;3.7;1.7;90.1;0;-1.9;-2.2;-1.9;-3.1;1.4;308.3333333;0;0;3.4
1487700;-5;-3;27;68;-5.3;-2.2;3.3;1.7;90.1;0;-1.4;-1.9;-1.4;-2.5;1.4;308.3333333;0;0;3.4
1488600;-6;-5;33;75;-6.3;-4.5;3.3;1.7;90.1;0;-2.6;-2.9;-2.6;-3.4;1.4;308.3333333;0;0;3.4
1489500;-5;-2;0;0;-5.4;-2.4;3.5;1.7;90.1;0;-2.3;-2.5;-2.2;-3.4;1.4;308.3333333;0;0;3.4
1490400;-5;0;8;25;-4.9;-0.3;3.7;1.6;90.4;0;-1.5;-2;-1.5;-2.8;1.7;313.8888889;2.777777778;2.777777778;2.4
1491300;-6;-4;42;99;-6.1;-4;3.9;1.6;91.1;0;-2.1;-2.5;-2.1;-2.9;1.7;313.8888889;2.777777778;2.777777778;2.4
1492200;-6;-4;15;29;-5.9;-4.3;4.1;1.5;91.1;0;-2.5;-2.8;-2.5;-3.6;1.7;313.8888889;2.777777778;2.777777778;2.4
1493100;-5;-2;0;0;-5.2;-1.2;4.1;1.4;90.9;0;-1.9;-2.3;-1.8;-3.1;1.7;313.8888889;2.777777778;2.777777778;2.4
1494000;-6;-3;29;70;-5.4;-2.5;4;1.2;90.3;0.6;-1.4;-1.9;-1.4;-2.6;1.5;316.6666667;25;25;2.7
1494900;-7;-5;36;84;-6.3;-4.5;3.9;1.1;90.1;0.9;-2.6;-2.9;-2.6;-3.4;1.5;316.6666667;25;25;2.7
1495800;-5;-3;0;0;-5.4;-2.7;3.7;1.1;90.5;0.9;-2.2;-2.5;-2.1;-3.4;1.5;316.6666667;25;25;2.7
1496700;-5;-2;9;20;-5.1;-1.1;4;1.1;90.4;0.9;-1.4;-1.8;-1.3;-2.7;1.5;316.6666667;25;25;2.7
1497600;-6;-4;43;100;-5.9;-3.8;4;1.1;90.1;9.6;-1.9;-2.3;-1.8;-2.8;1.9;313.8888889;69.44444444;69.44444444;3.6
1498500;-6;-5;26;60;-6.2;-4.8;4;1.1;90.4;14;-2.6;-2.9;-2.6;-3.6;1.9;313.8888889;69.44444444;69.44444444;3.6
1499400;-5;-2;0;0;-5.3;-1.8;4.4;1.4;90.5;14;-2;-2.3;-1.9;-3.3;1.9;313.8888889;69.44444444;69.44444444;3.6
1500300;-5;-1;20;53;-5.2;-1.2;4.7;1.6;90.3;14;-1.3;-1.7;-1.1;-2.6;1.9;313.8888889;69.44444444;69.44444444;3.6
1501200;-6;-4;42;98;-6.2;-4.1;5;1.7;90.1;35.7;-2.2;-2.5;-2.1;-3;2.2;313.8888889;97.22222222;97.22222222;3.7
1502100;-6;-4;18;39;-6;-4.5;5.2;1.7;90.1;46.5;-2.5;-2.8;-2.5;-3.6;2.2;313.8888889;97.22222222;97.22222222;3.7
1503000;-5;-2;0;0;-5.3;-1.1;5.4;1.7;90.2;46.4;-1.8;-2.1;-1.8;-3.2;2.2;313.8888889;97.22222222;97.22222222;3.7
1503900;-6;-3;34;79;-5.4;-2.8;5.6;1.7;89.9;46.3;-1.1;-1.6;-1.1;-2.3;2.2;313.8888889;97.22222222;97.22222222;3.7
1504800;-6;-4;42;98;-6.2;-4.2;5.4;1.8;89.8;78.7;-2.1;-2.5;-2.2;-3.1;2.8;311.1111111;138.8888889;138.8888889;2.9
1505700;-7;-5;35;80;-6.5;-4.7;5.5;1.9;90;94.9;-2.6;-3;-2.6;-3.6;2.8;311.1111111;138.8888889;138.8888889;2.9
1506600;-5;-3;0;0;-5.3;-2.4;6.2;2;90.4;78;-1.9;-2.3;-1.9;-3.4;2.8;311.1111111;138.8888889;138.8888889;2.9
1507500;-5;-2;25;61;-5.1;-2.1;6.5;2.1;89;69.6;-0.9;-1.5;-0.8;-2.3;2.8;311.1111111;138.8888889;138.8888889;2.9
1508400;-6;-4;42;100;-5.8;-3.7;6.4;2.2;81.4;88.7;-1.6;-2.1;-1.7;-2.7;3.2;316.6666667;113.8888889;113.8888889;2.4
1509300;-6;-4;42;99;-6.4;-4.3;6.5;2.3;74.6;98.3;-2;-2.6;-2.2;-3.2;3.2;316.6666667;113.8888889;113.8888889;2.4
1510200;-7;-5;42;97;-6.5;-4.6;6.7;2.4;72.5;98.3;-2.2;-2.9;-2.4;-3.5;3.2;316.6666667;113.8888889;113.8888889;2.4
1511100;-7;-5;42;98;-6.9;-4.6;6.7;2.5;69.8;98.3;-2.3;-3;-2.5;-3.6;3.2;316.6666667;113.8888889;113.8888889;2.4
1512000;-7;-5;42;97;-6.9;-4.6;7;2.5;69;110.2;-2.3;-3.1;-2.5;-3.6;3.3;316.6666667;83.33333333;83.33333333;2.3
1512900;-7;-5;42;99;-6.9;-4.6;7.2;2.5;67.5;116.1;-2.2;-3;-2.5;-3.6;3.3;316.6666667;83.33333333;83.33333333;2.3
1513800;-7;-5;43;98;-6.9;-4.6;7.1;2.8;68.4;116.1;-2.3;-3;-2.5;-3.6;3.3;316.6666667;83.33333333;83.33333333;2.3
1514700;-7;-5;42;98;-6.9;-4.6;7.1;2.9;68.2;116.1;-2.3;-3;-2.5;-3.6;3.3;316.6666667;83.33333333;83.33333333;2.3
1515600;-7;-5;43;97;-6.9;-4.6;6.9;2.9;68.1;104.9;-2.3;-3;-2.5;-3.6;3;313.8888889;52.77777778;52.77777778;3.3
1516500;-7;-5;42;96;-6.9;-4.7;6.5;2.9;68.8;99.3;-2.5;-3.1;-2.6;-3.7;3;313.8888889;52.77777778;52.77777778;3.3
1517400;-5;-3;7;16;-5.4;-3.9;6.2;2.9;69.6;99.3;-2.2;-2.6;-2.2;-3.7;3;313.8888889;52.77777778;52.77777778;3.3
1518300;-5;-1;12;30;-5;-1.3;6.3;2.9;70.1;99.3;-1.1;-1.5;-1;-2.8;3;313.8888889;52.77777778;52.77777778;3.3
1519200;-6;-3;43;103;-5.5;-3.3;6.2;2.8;70.8;82;-1.2;-1.8;-1.3;-2.4;3.1;305.5555556;33.33333333;36.11111111;3.4
1520100;-6;-4;43;100;-6.2;-4.1;6.3;2.8;70.5;73.4;-1.9;-2.4;-2;-3.1;3.1;305.5555556;33.33333333;36.11111111;3.4
1521000;-7;-5;42;99;-6.5;-4.5;6.2;3.1;70.5;73.4;-2.3;-2.8;-2.4;-3.4;3.1;305.5555556;33.33333333;36.11111111;3.4
1521900;-7;-5;42;98;-6.8;-4.7;5.9;3.3;71;73.4;-2.5;-3;-2.6;-3.7;3.1;305.5555556;33.33333333;36.11111111;3.4
1522800;-5;-4;7;15;-5.5;-3.5;5.7;3.2;71.1;54.8;-2.2;-2.5;-2.2;-3.7;2.8;305.5555556;2.777777778;2.777777778;3.2
1523700;-5;-1;7;25;-5;-0.8;5.3;3.1;71.6;45.5;-1.2;-1.6;-1.1;-2.9;2.8;305.5555556;2.777777778;2.777777778;3.2
1524600;-6;-3;43;102;-5.6;-3.3;5.2;3.1;72.1;45.5;-1.4;-1.8;-1.4;-2.5;2.8;305.5555556;2.777777778;2.777777778;3.2
1525500;-6;-4;43;98;-6.3;-4.2;5;3.1;72.2;45.5;-2.2;-2.6;-2.2;-3.2;2.8;305.5555556;2.777777778;2.777777778;3.2
1526400;-6;-4;19;43;-6;-4.5;4.9;3;73;24;-2.5;-2.8;-2.6;-3.7;2.5;311.1111111;0;0;4.3
1527300;-5;-1;0;0;-5;-1;4.8;2.9;72.4;9.7;-1.8;-2.2;-1.9;-3.3;2.5;311.1111111;0;0;4.3
1528200;-6;-2;31;79;-5.1;-2.3;4.7;3;72;9.7;-1.1;-1.5;-1.1;-2.5;2.5;311.1111111;0;0;4.3
1529100;-6;-4;43;100;-6.2;-4;4.7;3;71.8;9.7;-2;-2.4;-2;-3;2.5;311.1111111;0;0;4.3
1530000;-7;-5;42;97;-6.7;-4.6;5;3.3;70.9;0;-2.5;-2.9;-2.6;-3.6;2.4;311.1111111;0;0;4.8
1530900;-5;-3;5;13;-5.5;-3.5;4.9;3.3;70.7;0;-2.2;-2.5;-2.3;-3.6;2.4;311.1111111;0;0;4.8
1531800;-5;-1;7;18;-4.9;-1;4.9;3.2;71;0;-1.3;-1.7;-1.3;-2.9;2.4;311.1111111;0;0;4.8
1532700;-6;-3;42;105;-5.5;-3.3;4.9;3.1;71.1;0;-1.3;-1.7;-1.3;-2.5;2.4;311.1111111;0;0;4.8
1533600;-6;-4;42;99;-6.2;-4.1;4.8;3.1;71.3;0;-2.1;-2.4;-2.1;-3.1;2.2;302.7777778;0;0;4
1534500;-7;-5;43;96;-6.6;-4.6;4.8;3.1;71.3;0;-2.5;-2.9;-2.5;-3.6;2.2;302.7777778;0;0;4
1535400;-6;-4;16;39;-6;-4.4;4.8;2.7;71;0;-2.4;-2.8;-2.5;-3.8;2.2;302.7777778;0;0;4
1536300;-5;-1;0;0;-5;-0.9;4.8;2.4;70.8;0;-1.7;-2.1;-1.7;-3.3;2.2;302.7777778;0;0;4
1537200;-5;-3;35;88;-5.3;-2.7;4.8;2.5;70.4;0;-1;-1.5;-0.9;-2.2;2;286.1111111;0;0;3.7
1538100;-6;-4;42;100;-6.2;-4.1;4.7;2.5;70.8;0;-2;-2.5;-2.1;-3.1;2;286.1111111;0;0;3.7
1539000;-6;-5;30;65;-6.3;-4.7;4.5;2.5;71.6;0;-2.6;-2.9;-2.6;-3.7;2;286.1111111;0;0;3.7
1539900;-5;-2;0;0;-5.2;-1.8;4.1;2.5;72.9;0;-2;-2.3;-2;-3.4;2;286.1111111;0;0;3.7
1540800;-5;-2;21;53;-5.1;-1.5;4;2.3;73.2;0;-1.2;-1.5;-1.1;-2.5;2.1;286.1111111;0;0;4.1
1541700;-6;-4;43;101;-6;-3.9;4;2.3;73.2;0;-1.9;-2.3;-1.9;-2.9;2.1;286.1111111;0;0;4.1
1542600;-7;-5;43;96;-6.6;-4.6;4.1;2.2;72.6;0;-2.5;-2.9;-2.5;-3.5;2.1;286.1111111;0;0;4.1
1543500;-5;-4;9;19;-5.6;-3.8;4.1;2;72.5;0;-2.4;-2.6;-2.3;-3.6;2.1;286.1111111;0;0;4.1
1544400;-5;0;0;1;-5;-1;3.9;1.9;72.8;0;-1.7;-2;-1.6;-3.1;1.5;255.5555556;0;0;3.1
1545300;-6;-3;42;102;-5.5;-2.8;3.7;1.9;73.6;0;-1.1;-1.5;-1;-2.3;1.5;255.5555556;0;0;3.1
1546200;-6;-4;42;99;-6.3;-4.3;3.4;1.9;74.2;0;-2.3;-2.6;-2.2;-3.2;1.5;255.5555556;0;0;3.1
1547100;-6;-4;20;45;-6.1;-4.7;3.1;1.9;75.2;0;-2.6;-2.8;-2.5;-3.7;1.5;255.5555556;0;0;3.1
1548000;-5;-2;0;0;-5.1;-1.1;3.1;1.9;74.8;0;-2;-2.3;-1.9;-3.3;1.3;272.2222222;0;0;3.2
1548900;-5;-2;23;60;-5.2;-1.4;2.9;1.9;75.5;0;-1.3;-1.6;-1.1;-2.6;1.3;272.2222222;0;0;3.2
1549800;-6;-4;42;100;-6.3;-4.2;2.7;2.1;76.3;0;-2.2;-2.6;-2.2;-3.2;1.3;272.2222222;0;0;3.2
1550700;-5.5;-2;21;50;-5.65;-1.75;2.75;0.7;76.2;0;-2.05;-2.4;-2.05;-3.2;1.3;272.2222222;0;0;3.2
1551600;-5;0;0;0;-5;0.7;2.8;-0.7;76.1;0;-1.9;-2.2;-1.9;-3.2;1;272.2222222;0;0;2.8
1552500;-6;-2;29;73;-5.3;-1.8;2.8;-2.7;75.8;0;-1.4;-1.6;-1.3;-2.6;1;272.2222222;0;0;2.8
1553400;-7;-4;43;97;-6.4;-4.4;2.7;-2.7;75.8;0;-2.5;-2.7;-2.4;-3.4;1;272.2222222;0;0;2.8
1554300;-5;-3;1;1;-5.6;-3.3;2.6;-2.7;76.3;0;-2.5;-2.6;-2.4;-3.6;1;272.2222222;0;0;2.8
1555200;-5;-2;0;0;-5;-0.8;2.6;-3.1;76.3;0;-1.9;-2.2;-1.8;-3.1;0.8;266.6666667;0;0;3.6
1556100;-5;-3;31;76;-5.5;-2.6;2.6;-3.1;76;0;-1.5;-1.9;-1.5;-2.7;0.8;266.6666667;0;0;3.6
1557000;-7;-5;31;71;-6.4;-4.6;2.4;-3.1;76.3;0;-2.7;-2.9;-2.6;-3.5;0.8;266.6666667;0;0;3.6
1557900;-5;-2;0;0;-5.4;-2.3;2.4;-3.1;75.9;0;-2.3;-2.5;-2.3;-3.4;0.8;266.6666667;0;0;3.6
1558800;-5;-2;0;1;-4.9;-0.8;2.4;-3.2;75.9;0;-1.8;-2.1;-1.7;-3;1.2;-2775;0;0;4.3
1559700;-6;-4;42;98;-5.8;-3.5;2.3;-3.2;75.9;0;-1.8;-2.1;-1.7;-2.8;1.2;-2775;0;0;4.3
1560600;-6;-4;14;30;-6;-4.3;2.2;-3.2;76.2;0;-2.7;-2.9;-2.6;-3.6;1.2;-2775;0;0;4.3
1561500;-5;-2;0;0;-5.1;-1.2;2.1;-3.2;76.2;0;-2.1;-2.4;-2.1;-3.2;1.2;-2775;0;0;4.3
1562400;-5;-3;15;37;-5.2;-1.7;2.2;0.1;75.5;0;-1.6;-2;-1.6;-2.8;0;291.6666667;0;0;4.3
1563300;-6;-5;30;67;-6.3;-4.6;2.2;0.6;75.9;0;-2.6;-2.9;-2.6;-3.4;0;291.6666667;0;0;4.3
1564200;-5;-2;0;0;-5.5;-2.3;2.3;0.6;75.4;0;-2.4;-2.6;-2.4;-3.3;0;291.6666667;0;0;4.3
1565100;-5;-2;0;0;-4.9;-1;2.2;0.5;75.8;0;-1.9;-2.3;-1.9;-2.9;0;291.6666667;0;0;4.3
1566000;-6;-4;33;81;-5.9;-3.3;2.5;0.4;75.7;0;-2.1;-2.5;-2;-3;0.4;291.6666667;0;0;4.6
1566900;-6;-3;5;11;-5.8;-3.7;2.9;0.4;74.8;0;-2.6;-2.9;-2.6;-3.5;0.4;291.6666667;0;0;4.6
1567800;-5;-1;0;0;-5.1;-0.8;3.2;0.6;72.8;0;-2;-2.4;-2;-3;0.4;291.6666667;0;0;4.6
1568700;-5;-2;26;66;-5.4;-1.7;3.4;1;72.1;0;-1.7;-2;-1.5;-2.6;0.4;291.6666667;0;0;4.6
1569600;-7;-5;29;64;-6.3;-4.6;3.4;0.8;71.5;0;-2.7;-2.9;-2.6;-3.5;0.2;280.5555556;0;0;5
1570500;-5;-2;0;0;-5.5;-2.2;2.9;0.7;71.4;0;-2.3;-2.5;-2.2;-3.3;0.2;280.5555556;0;0;5
1571400;-5;-2;1;6;-4.9;-0.9;2.4;0.4;72.8;0;-1.8;-2.1;-1.7;-2.8;0.2;280.5555556;0;0;5
1572300;-6;-4;41;99;-6;-3.8;2.5;-0.3;73.3;0;-2;-2.3;-2;-2.8;0.2;280.5555556;0;0;5
1573200;-6;-4;12;26;-6.1;-4.3;2.7;-0.3;72.5;0;-2.6;-2.9;-2.6;-3.6;0.2;-2775;0;0;4.7
1574100;-5;-2;0;0;-5.1;-1.2;2.7;-0.3;73.1;0;-2.1;-2.3;-2;-3.1;0.2;-2775;0;0;4.7
1575000;-5;-3;20;49;-5.2;-1.8;2.8;-0.1;72.2;0;-1.6;-1.9;-1.4;-2.6;0.2;-2775;0;0;4.7
1575900;-6;-4;39;87;-6.4;-4.4;2.8;0.2;71.3;0;-2.6;-2.8;-2.5;-3.3;0.2;-2775;0;0;4.7
1576800;-6;-1;0;0;-5.7;-1.4;2.7;0.2;71.2;0;-2.5;-2.6;-2.3;-3.4;0;261.1111111;2.777777778;2.777777778;3.4
1577700;-5;0;0;0;-5.1;0.2;2.5;0.2;71.7;0;-2;-2.2;-1.8;-3;0;261.1111111;2.777777778;2.777777778;3.4
1578600;-6;-3;35;85;-5.6;-2.7;2.4;0.2;71.7;0;-1.7;-2;-1.5;-2.7;0;261.1111111;2.777777778;2.777777778;3.4
1579500;-6;-5;24;58;-6.3;-4.7;2.3;0.1;72;0;-2.7;-2.9;-2.7;-3.6;0;261.1111111;2.777777778;2.777777778;3.4
1580400;-5;-2;0;0;-5.5;-1.7;2;0.2;72.6;0.2;-2.3;-2.4;-2.2;-3.3;-0.2;269.4444444;50;63.88888889;2.7
1581300;-5;-2;4;11;-5;-1.2;1.9;0.2;72.7;0.3;-1.7;-2;-1.6;-2.8;-0.2;269.4444444;50;63.88888889;2.7
1582200;-6;-4;42;98;-6.1;-4;1.7;0.2;73.1;0.3;-2.2;-2.5;-2.1;-3;-0.2;269.4444444;50;63.88888889;2.7
1583100;-6;-5;10;21;-6.1;-4.8;2;0.2;72.2;0.3;-2.5;-2.7;-2.5;-3.6;-0.2;269.4444444;50;63.88888889;2.7
1584000;-5;-4;1;0;-5;-4;2.4;0.3;71.1;5.9;-1.3;-1.5;-1.2;-2.8;1.1;291.6666667;102.7777778;119.4444444;3
1584900;-4;-3;17;42;-4.4;-3.1;2.9;0.4;69.6;8;-1;-1.4;-0.9;-2.4;1.1;291.6666667;102.7777778;119.4444444;3
1585800;-4;-3;0;0;-3.7;-3.5;3.5;0.3;67.9;8;-0.7;-0.8;-0.5;-2.3;1.1;291.6666667;102.7777778;119.4444444;3
1586700;-3;0;0;0;-3.7;-1;4.1;0.2;65.4;8;-0.1;0;0.1;-1.8;1.1;291.6666667;102.7777778;119.4444444;3
1587600;-4;-2;42;104;-4.3;-1.7;4.7;0.6;63.6;26.5;0;-0.5;0;-1.2;1.1;311.1111111;75;75;4.1
1588500;-6;-3;43;103;-5.5;-3.3;4.7;0.8;63.2;33.2;-1.3;-1.8;-1.4;-2.3;1.1;311.1111111;75;75;4.1
1589400;-6;-4;43;98;-6.2;-4.2;4.7;0.6;63.3;31.7;-2.1;-2.4;-2.1;-3;1.1;311.1111111;75;75;4.1
1590300;-7;-5;42;97;-6.7;-4.6;4.7;0.3;63.4;28.6;-2.5;-2.9;-2.6;-3.5;1.1;311.1111111;75;75;4.1
1591200;-6;-4;17;37;-5.8;-4.6;5;0.9;63.6;57.3;-2.5;-2.8;-2.5;-3.7;1;316.6666667;61.11111111;61.11111111;4.6
1592100;-5;-1;0;0;-4.9;-0.9;5.1;1.1;63.6;67.8;-1.8;-2;-1.7;-3.2;1;316.6666667;61.11111111;61.11111111;4.6
1593000;-5;-2;34;87;-5.1;-2.7;5.2;1.3;63.9;73.7;-0.8;-1.3;-0.8;-2.2;1;316.6666667;61.11111111;61.11111111;4.6
1593900;-6;-4;42;100;-6;-3.9;5.5;1.7;63.6;85.6;-1.9;-2.3;-1.9;-2.9;1;316.6666667;61.11111111;61.11111111;4.6
1594800;-7;-5;42;96;-6.6;-4.6;5.7;2.2;62.9;87.9;-2.4;-2.8;-2.5;-3.5;2.6;322.2222222;55.55555556;55.55555556;3.4
1595700;-7;-5;42;96;-6.7;-4.7;5.8;2.4;62.1;88.8;-2.6;-3;-2.7;-3.7;2.6;322.2222222;55.55555556;55.55555556;3.4
1596600;-5;-3;1;1;-5.3;-3.2;5.8;2.2;61.6;88.8;-2.1;-2.4;-2.1;-3.6;2.6;322.2222222;55.55555556;55.55555556;3.4
1597500;-5;-1;13;36;-5.1;-1.4;5.8;1.7;61.9;88.8;-1.1;-1.5;-1;-2.7;2.6;322.2222222;55.55555556;55.55555556;3.4
1598400;-6;-4;43;102;-5.7;-3.5;6.2;2.1;61.4;87;-1.5;-1.9;-1.5;-2.6;3.7;325;75;75;3.6
1599300;-6;-4;43;100;-6.2;-4.2;6.1;2.3;61.2;86.4;-2;-2.5;-2.1;-3.1;3.7;325;75;75;3.6
1600200;-7;-4;43;100;-6.6;-4.3;6.5;2;60.4;86.4;-2.1;-2.6;-2.3;-3.4;3.7;325;75;75;3.6
1601100;-7;-4;42;100;-6.6;-4.3;6.6;1.4;60.1;86.4;-2.1;-2.6;-2.2;-3.4;3.7;325;75;75;3.6
1602000;-7;-4;43;99;-6.6;-4.3;6.6;2.1;62.1;83.4;-2.2;-2.7;-2.3;-3.4;4.4;330.5555556;58.33333333;58.33333333;3.9
1602900;-7;-4;42;99;-6.6;-4.3;6.8;2.3;62.8;82.3;-2.2;-2.7;-2.3;-3.5;4.4;330.5555556;58.33333333;58.33333333;3.9
1603800;-7;-4;42;99;-6.6;-4.3;7.1;2.3;63.3;82.3;-2.1;-2.6;-2.2;-3.4;4.4;330.5555556;58.33333333;58.33333333;3.9
1604700;-6;-4;43;101;-6.6;-4.3;7.1;2.3;63.3;82.3;-1.8;-2.4;-2;-3.2;4.4;330.5555556;58.33333333;58.33333333;3.9
1605600;-6;-4;43;102;-6.6;-4.3;7.1;2.9;63.2;69;-1.6;-2.2;-1.8;-3;4.5;333.3333333;13.88888889;13.88888889;3.8
1606500;-6;-4;43;104;-6.2;-4.2;7;3.1;62.6;64.1;-1.4;-1.9;-1.5;-2.8;4.5;333.3333333;13.88888889;13.88888889;3.8
1607400;-6;-4;43;104;-6.1;-3.8;7;3.5;62.9;64.1;-1.3;-1.8;-1.4;-2.6;4.5;333.3333333;13.88888889;13.88888889;3.8
1608300;-6;-4;43;105;-6.1;-3.8;6.9;4.2;63.5;64.1;-1.2;-1.7;-1.3;-2.5;4.5;333.3333333;13.88888889;13.88888889;3.8
1609200;-6;-3;43;106;-6.1;-3.8;6.8;4.4;64.4;40.8;-1.1;-1.6;-1.2;-2.4;4.7;333.3333333;2.777777778;2.777777778;4.4
1610100;-6;-3;43;106;-6.1;-3.8;6.8;4.5;64.8;32.3;-1;-1.5;-1.1;-2.3;4.7;333.3333333;2.777777778;2.777777778;4.4
1611000;-6;-3;43;106;-5.6;-3.8;6.8;4.5;65.4;32.3;-0.9;-1.5;-1.1;-2.2;4.7;333.3333333;2.777777778;2.777777778;4.4
1611900;-6;-3;43;104;-5.6;-3.8;6.8;4.6;65.8;32.3;-1;-1.6;-1.1;-2.3;4.7;333.3333333;2.777777778;2.777777778;4.4
1612800;-6;-3;43;105;-5.6;-3.8;6.8;4.7;65.7;15.1;-1.1;-1.6;-1.2;-2.4;4.4;327.7777778;0;0;4.4
1613700;-6;-3;43;105;-5.6;-3.8;6.8;4.8;65.9;8.9;-1.2;-1.7;-1.3;-2.4;4.4;327.7777778;0;0;4.4
1614600;-6;-3;43;105;-5.6;-3.8;6.8;4.7;65.9;8.9;-1.2;-1.7;-1.3;-2.4;4.4;327.7777778;0;0;4.4
1615500;-6;-4;43;106;-5.6;-3.8;6.9;4.6;65.8;8.9;-1.3;-1.7;-1.3;-2.5;4.4;327.7777778;0;0;4.4
1616400;-6;-3;43;106;-5.6;-3.8;6.8;4.7;65.9;2.4;-1.2;-1.7;-1.2;-2.4;4.8;327.7777778;0;0;4.6
1617300;-6;-3;43;106;-5.6;-3.8;6.8;4.7;66.1;0;-1.2;-1.6;-1.2;-2.4;4.8;327.7777778;0;0;4.6
1618200;-6;-3;43;106;-5.6;-3.8;6.8;4.7;66.9;0;-1.3;-1.6;-1.3;-2.5;4.8;327.7777778;0;0;4.6
1619100;-6;-4;43;105;-5.6;-3.8;6.8;4.8;69.2;0;-1.4;-1.7;-1.4;-2.6;4.8;327.7777778;0;0;4.6
1620000;-6;-4;43;104;-5.6;-3.8;6.8;4.7;70.5;0;-1.5;-1.8;-1.5;-2.7;4.5;316.6666667;0;0;3.6
1620900;-6;-4;43;103;-5.9;-3.8;6.9;4.7;70.3;0;-1.5;-1.8;-1.6;-2.7;4.5;316.6666667;0;0;3.6
1621800;-6;-4;43;104;-6.1;-3.8;6.9;4.6;67.8;0;-1.5;-1.8;-1.5;-2.7;4.5;316.6666667;0;0;3.6
1622700;-6;-4;43;103;-6.1;-3.8;6.8;4.3;66.3;0;-1.6;-1.9;-1.6;-2.8;4.5;316.6666667;0;0;3.6
1623600;-6;-4;43;104;-6.1;-3.8;6.7;4.2;65.2;0;-1.7;-2;-1.7;-2.9;4.3;280.5555556;0;0;4.6
1624500;-6;-4;43;102;-6.1;-4;6.5;4.1;64.5;0;-1.9;-2.2;-1.9;-3;4.3;280.5555556;0;0;4.6
1625400;-7;-4;42;100;-6.5;-4.3;6.1;4.3;65.3;0;-2.3;-2.6;-2.2;-3.3;4.3;280.5555556;0;0;4.6
1626300;-6;-5;27;62;-6;-4.8;5.6;4.6;66.5;0;-2.7;-2.9;-2.6;-3.7;4.3;280.5555556;0;0;4.6
1627200;-4;-1;0;0;-4.5;-1.6;5.4;4.5;66.6;0;-2;-2.2;-2;-3.3;4.1;269.4444444;0;0;5.1
1628100;-5;-2;25;61;-4.9;-1.7;5.3;4.4;66.2;0;-1.1;-1.4;-0.9;-2.4;4.1;269.4444444;0;0;5.1
1629000;-6;-4;43;101;-5.8;-3.7;5.1;4.4;66.4;0;-1.7;-2;-1.6;-2.7;4.1;269.4444444;0;0;5.1
1629900;-6;-4;42;99;-6.4;-4.3;5.1;4.4;65.3;0;-2.2;-2.6;-2.2;-3.2;4.1;269.4444444;0;0;5.1
1630800;-6;-5;29;65;-6.2;-4.8;4.8;4.4;65.5;0;-2.6;-3;-2.7;-3.7;4.1;269.4444444;0;0;3.9
1631700;-5;-1;0;0;-4.9;-1.7;4.7;4.4;65.2;0;-2.1;-2.4;-2.1;-3.4;4.1;269.4444444;0;0;3.9
1632600;-5;-1;14;35;-5;-1;4.6;4.3;64.7;0;-1.2;-1.7;-1.2;-2.6;4.1;269.4444444;0;0;3.9
1633500;-6;-4;43;103;-5.7;-3.6;4.6;4.2;64.7;0;-1.6;-2;-1.6;-2.6;4.1;269.4444444;0;0;3.9
1634400;-6;-4;42;101;-6.4;-4.2;4.5;4;65.1;0;-2.2;-2.5;-2.2;-3.2;4;269.4444444;0;0;4.7
1635300;-7;-5;42;99;-6.7;-4.6;4.4;3.9;65;0;-2.5;-2.8;-2.5;-3.5;4;269.4444444;0;0;4.7
1636200;-6;-4;22;50;-6.1;-4.7;4.4;3.9;64.7;0;-2.5;-2.8;-2.5;-3.7;4;269.4444444;0;0;4.7
1637100;-5.5;-3;24;58.5;-5.6;-3.05;4.45;1.45;64.6;0;-1.8;-2.1;-1.7;-3.05;4;269.4444444;0;0;4.7
1638000;-5;-2;26;67;-5.1;-1.4;4.5;-1;64.5;0;-1.1;-1.4;-0.9;-2.4;3.7;269.4444444;0;0;4.6
1638900;-6;-4;42;100;-6.1;-4;4.4;-2.7;65.4;0;-2;-2.3;-1.9;-2.9;3.7;269.4444444;0;0;4.6
1639800;-7;-5;42;98;-6.7;-4.6;4.3;-2.7;66.3;0;-2.5;-2.9;-2.5;-3.5;3.7;269.4444444;0;0;4.6
1640700;-5;-4;8;17;-5.6;-3.6;4.2;-2.7;66.8;0;-2.4;-2.7;-2.4;-3.5;3.7;269.4444444;0;0;4.6
1641600;-5;0;0;0;-4.8;-0.7;4.1;-3;67.8;0;-1.8;-2.1;-1.8;-3.1;3.6;272.2222222;0;0;5
1642500;-6;-3;38;97;-5.4;-2.9;4.3;-3.1;69.1;0;-0.9;-1.5;-1;-2.2;3.6;272.2222222;0;0;5
1643400;-6;-4;42;101;-6.1;-4;4.6;-3.1;68.5;0;-1.9;-2.3;-1.9;-2.9;3.6;272.2222222;0;0;5
1644300;-7;-5;42;99;-6.6;-4.5;4.7;-3.1;68.4;0;-2.4;-2.8;-2.4;-3.5;3.6;272.2222222;0;0;5
1645200;-6;-5;23;52;-6.1;-4.8;4.7;-3.2;68.6;0;-2.5;-2.9;-2.6;-3.8;3.5;-2775;0;0;4.1
1646100;-5;0;0;0;-5.1;0.1;4.6;-3.2;69.3;0;-2;-2.3;-1.9;-3.3;3.5;-2775;0;0;4.1
1647000;-5;-1;21;57;-5;-0.9;4.7;-3.2;69.5;0;-1;-1.5;-1;-2.4;3.5;-2775;0;0;4.1
1647900;-6;-4;42;103;-5.8;-3.6;4.8;-3.2;69.5;0;-1.5;-2;-1.6;-2.6;3.5;-2775;0;0;4.1
1648800;-6;-4;42;101;-6.3;-4.1;5.1;1.1;69.1;0;-1.9;-2.5;-2;-3;4;277.7777778;0;0;3.7
1649700;-7;-4;42;101;-6.3;-4.4;5.1;3.2;68.6;0;-2.1;-2.6;-2.1;-3.3;4;277.7777778;0;0;3.7
1650600;-7;-4;42;100;-6.3;-4.4;5.2;3.3;68.8;0;-2.2;-2.7;-2.2;-3.3;4;277.7777778;0;0;3.7
1651500;-7;-4;42;100;-6.5;-4.4;5.3;3.4;68.5;0;-2.3;-2.7;-2.2;-3.4;4;277.7777778;0;0;3.7
1652400;-7;-5;42;99;-6.8;-4.5;5.4;3.1;68.1;0;-2.4;-2.9;-2.4;-3.5;3.9;-2775;0;0;4.4
1653300;-6;-4;22;50;-6;-4.7;5.4;2.9;68.5;0;-2.5;-2.9;-2.5;-3.7;3.9;-2775;0;0;4.4
1654200;-5;0;0;0;-4.9;-0.5;5;2.9;69.2;0;-1.9;-2.3;-1.8;-3.3;3.9;-2775;0;0;4.4
1655100;-5;-2;27;71;-5;-1.3;5.1;3;69.9;0;-1;-1.5;-0.9;-2.4;3.9;-2775;0;0;4.4
1656000;-6;-4;42;103;-5.9;-3.6;5;2.8;69.9;0;-1.6;-2.1;-1.6;-2.6;3.4;286.1111111;0;0;4.6
1656900;-6;-4;42;101;-6.2;-4.2;5;2.7;70.1;0;-2;-2.4;-2.1;-3.2;3.4;286.1111111;0;0;4.6
1657800;-7;-5;42;99;-6.7;-4.4;5;3;70;0;-2.3;-2.7;-2.4;-3.5;3.4;286.1111111;0;0;4.6
1658700;-7;-5;42;98;-6.7;-4.8;5;3.7;69.6;0;-2.5;-2.9;-2.5;-3.7;3.4;286.1111111;0;0;4.6
1659600;-5;-4;9;19;-5.4;-3.7;5;3.6;69.9;0;-2.3;-2.6;-2.3;-3.7;3.5;305.5555556;0;0;3
1660500;-5;-1;3;8;-5.1;-0.9;5.4;3.5;68.9;0;-1.4;-1.7;-1.3;-3;3.5;305.5555556;0;0;3
1661400;-5;-3;42;108;-5;-2.8;6.2;3.6;65.3;0;-0.6;-1.3;-0.7;-2;3.5;305.5555556;0;0;3
1662300;-6;-3;42;104;-5.7;-3.4;6.6;3.9;63;0;-1.3;-1.8;-1.4;-2.4;3.5;305.5555556;0;0;3
1663200;-6;-4;42;101;-5.8;-3.8;6.9;3.8;61.4;0;-1.5;-2.1;-1.7;-2.7;3.5;311.1111111;2.777777778;2.777777778;3.3
1664100;-6;-4;42;100;-6.2;-3.9;6.8;3.8;61.4;0;-1.7;-2.3;-1.9;-3;3.5;311.1111111;2.777777778;2.777777778;3.3
1665000;-7;-4;42;98;-6.5;-4.3;6.6;3.7;62.2;0;-2.1;-2.7;-2.3;-3.4;3.5;311.1111111;2.777777778;2.777777778;3.3
1665900;-6;-5;24;54;-6.1;-4.8;6.3;3.6;63.1;0;-2.5;-2.9;-2.6;-3.8;3.5;311.1111111;2.777777778;2.777777778;3.3
1666800;-5;-1;0;0;-4.9;-1.2;6.3;3.7;63.5;0.7;-2;-2.4;-2;-3.4;3.4;313.8888889;27.77777778;27.77777778;3.9
1667700;-5;-1;18;47;-4.8;-1.2;6.3;3.7;64;1.1;-1.1;-1.6;-1.1;-2.6;3.4;313.8888889;27.77777778;27.77777778;3.9
1668600;-6;-4;42;101;-5.9;-3.7;6.3;3.7;64.7;1.1;-1.7;-2.1;-1.7;-2.8;3.4;313.8888889;27.77777778;27.77777778;3.9
1669500;-7;-5;42;98;-6.6;-4.5;6.4;3.7;64.1;1.1;-2.4;-2.8;-2.5;-3.4;3.4;313.8888889;27.77777778;27.77777778;3.9
1670400;-6;-5;28;63;-6.3;-4.9;6.6;4.1;63.8;11.4;-2.5;-3;-2.7;-3.7;4.4;313.8888889;55.55555556;55.55555556;4.6
1671300;-5;-2;0;0;-5.1;-1.7;6.8;4.3;63.8;15.2;-2;-2.3;-2;-3.3;4.4;313.8888889;55.55555556;55.55555556;4.6
1672200;-5;-1;22;55;-4.9;-1.7;7;4.3;63.3;15.2;-0.9;-1.4;-0.9;-2.4;4.4;313.8888889;55.55555556;55.55555556;4.6
1673100;-6;-3;43;102;-5.6;-3.4;7.4;4.2;60;15.2;-1.3;-1.8;-1.4;-2.5;4.4;313.8888889;55.55555556;55.55555556;4.6
1674000;-6;-4;43;101;-5.9;-3.9;7.7;4.7;58.7;44;-1.7;-2.1;-1.7;-2.9;4.2;300;102.7777778;102.7777778;3.1
1674900;-6;-4;43;102;-6.3;-4.1;7.4;4.9;58.6;58.4;-1.8;-2.3;-1.9;-3;4.2;300;102.7777778;102.7777778;3.1
1675800;-6;-4;42;101;-6.3;-4.1;7.6;4.9;59.1;58.4;-2;-2.4;-2.1;-3.1;4.2;300;102.7777778;102.7777778;3.1
1676700;-6;-4;42;101;-6.3;-4.1;7.7;4.9;57.5;58.4;-2;-2.5;-2.1;-3.2;4.2;300;102.7777778;102.7777778;3.1
1677600;-7;-4;43;100;-6.3;-4.3;7.9;5.6;57.1;119;-2.1;-2.6;-2.2;-3.3;4.9;300;122.2222222;122.2222222;2.8
1678500;-7;-4;43;100;-6.3;-4.6;8;6;56.5;149.3;-2.1;-2.6;-2.3;-3.3;4.9;300;122.2222222;122.2222222;2.8
1679400;-7;-4;42;101;-6.3;-4.6;7.9;5.8;57.3;153.9;-2;-2.5;-2.2;-3.2;4.9;300;122.2222222;122.2222222;2.8
1680300;-6;-4;43;101;-6.3;-4.6;7.9;5.1;57.7;166.5;-1.9;-2.4;-2.1;-3.1;4.9;300;122.2222222;122.2222222;2.8
1681200;-6;-4;43;101;-6.3;-4.6;8.5;5.7;56.6;199.6;-1.8;-2.4;-2;-3;6.3;322.2222222;88.88888889;88.88888889;2.3
1682100;-6;-4;43;103;-6.3;-4.2;8.8;6;52.8;216.1;-1.4;-2.1;-1.7;-2.8;6.3;322.2222222;88.88888889;88.88888889;2.3
1683000;-6;-4;43;105;-6.3;-4.1;9.2;5.8;52.3;216.1;-1.2;-1.9;-1.5;-2.6;6.3;322.2222222;88.88888889;88.88888889;2.3
1683900;-6;-4;43;105;-6.3;-4.1;9.5;5.1;52.2;216.1;-1.3;-1.9;-1.5;-2.6;6.3;322.2222222;88.88888889;88.88888889;2.3
1684800;-6;-4;43;104;-6.3;-4.1;9.5;5.6;50.9;224.9;-1.3;-1.9;-1.5;-2.6;6.4;316.6666667;100;100;2.8
1685700;-6;-4;43;105;-6.3;-4.1;9.8;5.9;51.3;229.3;-1.3;-1.8;-1.4;-2.6;6.4;316.6666667;100;100;2.8
1686600;-6;-4;43;105;-6.3;-4.1;9.8;5.8;51.2;229.3;-1.3;-1.8;-1.4;-2.6;6.4;316.6666667;100;100;2.8
1687500;-6;-4;43;104;-6.3;-4.1;9.8;5.6;51.9;229.3;-1.5;-1.9;-1.5;-2.7;6.4;316.6666667;100;100;2.8
1688400;-6;-4;43;104;-6.3;-4.1;9.7;6.1;52.7;238.6;-1.6;-2;-1.7;-2.8;6.8;308.3333333;83.33333333;88.88888889;2.5
1689300;-6;-4;43;104;-6.3;-4.1;9.6;6.3;53.6;243.3;-1.4;-1.9;-1.6;-2.7;6.8;308.3333333;83.33333333;88.88888889;2.5
1690200;-6;-4;43;103;-6.3;-4.1;9.9;6.5;53.2;243.3;-1.4;-1.8;-1.5;-2.6;6.8;308.3333333;83.33333333;88.88888889;2.5
1691100;-6;-4;43;104;-6.3;-4.1;9.8;6.9;54.4;243.3;-1.5;-1.9;-1.6;-2.7;6.8;308.3333333;83.33333333;88.88888889;2.5
1692000;-6;-4;43;103;-6.3;-4.1;9.8;7;53.5;210.8;-1.6;-2;-1.8;-2.8;6.7;294.4444444;30.55555556;33.33333333;3.9
1692900;-6;-4;43;104;-6.3;-4.1;9.6;7;54.3;194.6;-1.6;-2.1;-1.8;-2.8;6.7;294.4444444;30.55555556;33.33333333;3.9
1693800;-6;-4;43;104;-6.3;-4.1;9.3;6.8;55.2;194.6;-1.6;-2.1;-1.7;-2.8;6.7;294.4444444;30.55555556;33.33333333;3.9
1694700;-6;-4;43;104;-6.3;-4.1;8.8;6.4;56.8;194.6;-1.6;-2.1;-1.8;-2.8;6.7;294.4444444;30.55555556;33.33333333;3.9
1695600;-6;-4;43;101;-6.3;-4.1;8.7;6.5;57.6;117.6;-2;-2.5;-2.1;-3.1;6.1;294.4444444;2.777777778;2.777777778;4
1696500;-7;-5;42;100;-6.6;-4.6;8.1;6.5;59;79.1;-2.3;-2.7;-2.4;-3.4;6.1;294.4444444;2.777777778;2.777777778;4
1697400;-7;-5;42;100;-6.8;-4.6;7.8;6.6;59.7;79.1;-2.3;-2.8;-2.4;-3.5;6.1;294.4444444;2.777777778;2.777777778;4
1698300;-7;-5;42;99;-6.8;-4.6;7.7;6.8;60.2;79.1;-2.3;-2.8;-2.4;-3.4;6.1;294.4444444;2.777777778;2.777777778;4
1699200;-7;-5;43;100;-6.8;-4.6;7.7;6.3;60.4;23.1;-2.3;-2.8;-2.4;-3.5;6.6;313.8888889;0;0;3.5
1700100;-7;-5;42;99;-6.8;-4.6;7.6;6.3;61.5;23.1;-2.4;-3;-2.6;-3.6;6.6;313.8888889;0;0;3.5
1701000;-6;-5;25;56;-5.8;-4.8;7.4;6.2;62.4;23.1;-2.5;-2.9;-2.6;-3.7;6.6;313.8888889;0;0;3.5
1701900;-4;-1;0;0;-4.2;-1.3;7.6;6.1;61.6;23.1;-1.8;-2.1;-1.9;-3.3;6.6;313.8888889;0;0;3.5
1702800;-5;-2;32;79;-4.8;-2.1;7.8;6;60.3;1.5;-0.7;-1.3;-0.6;-2;5.5;313.8888889;0;0;4.6
1703700;-6;-4;43;104;-5.7;-3.5;7.8;6;61.1;0;-1.4;-1.9;-1.5;-2.5;5.5;313.8888889;0;0;4.6
1704600;-6;-4;43;101;-6.4;-4.2;7.7;5.9;62.7;0;-2.1;-2.6;-2.3;-3.2;5.5;313.8888889;0;0;4.6
1705500;-7;-5;42;99;-6.8;-4.7;7.6;5.9;62.4;0;-2.5;-3;-2.6;-3.6;5.5;313.8888889;0;0;4.6
1706400;-5;-3;5;13;-5.3;-3.3;7.4;5.6;63.2;0;-2.3;-2.7;-2.4;-3.6;5.2;319.4444444;0;0;5
1707300;-5;0;1;7;-4.7;1.1;7.3;5.5;64.7;0;-1.5;-1.9;-1.7;-3;5.2;319.4444444;0;0;5
1708200;-6;-3;43;106;-5.4;-3;7;5.8;65.5;0;-1;-1.6;-1;-2.2;5.2;319.4444444;0;0;5
1709100;-6;-4;43;102;-6.2;-4;6.8;6.1;65.7;0;-1.9;-2.4;-2;-2.8;5.2;319.4444444;0;0;5
1710000;-7;-4;42;100;-6.6;-4.5;7.1;5.8;63.9;0;-2.2;-2.8;-2.4;-3.3;5;316.6666667;0;0;4.6
1710900;-7;-5;39;91;-6.6;-4.7;7.2;5.7;64.2;0;-2.5;-3.1;-2.7;-3.7;5;316.6666667;0;0;4.6
1711800;-5;-2;0;0;-5.2;-2.7;7.2;5.5;63.8;0;-2.1;-2.4;-2.1;-3.5;5;316.6666667;0;0;4.6
1712700;-5;-1;13;35;-4.8;-1.1;7.1;5.1;64.1;0;-1;-1.6;-1;-2.6;5;316.6666667;0;0;4.6
1713600;-6;-3;43;103;-5.5;-3.3;6.9;4.9;65.2;0;-1.3;-1.9;-1.4;-2.5;4.6;305.5555556;0;0;3.4
1714500;-6;-4;42;100;-6.4;-4.3;6.8;4.8;65.9;0;-2.2;-2.6;-2.3;-3.2;4.6;305.5555556;0;0;3.4
1715400;-7;-5;35;78;-6.6;-4.7;6.6;4.8;66.4;0;-2.6;-3.1;-2.7;-3.7;4.6;305.5555556;0;0;3.4
1716300;-5;-2;0;0;-5.1;-2.4;6.6;4.9;66.9;0;-2.1;-2.4;-2.1;-3.4;4.6;305.5555556;0;0;3.4
1717200;-5;0;9;22;-4.9;-0.9;6.2;5.1;67.9;0;-1.3;-1.7;-1.2;-2.7;4.3;300;0;0;4.2
1718100;-6;-3;43;103;-5.6;-3.4;5.8;5.2;69.1;0;-1.5;-2;-1.5;-2.6;4.3;300;0;0;4.2
1719000;-7;-5;41;96;-6.6;-4.5;5.6;5.2;69.5;0;-2.5;-2.8;-2.5;-3.4;4.3;300;0;0;4.2
1719900;-5;-3;0;0;-5.3;-3;5.5;5.2;69.2;0;-2.3;-2.6;-2.3;-3.4;4.3;300;0;0;4.2
1720800;-5;0;1;5;-4.8;-0.7;5.6;5.2;69.5;0;-1.8;-2;-1.7;-2.9;4.3;311.1111111;0;0;4.8
1721700;-6;-4;41;104;-5.7;-3;5.7;5.2;69.6;0;-1.3;-1.8;-1.3;-2.5;4.3;311.1111111;0;0;4.8
1722600;-7;-4;42;100;-6.5;-4.5;5.6;5;69.7;0;-2.4;-2.8;-2.4;-3.4;4.3;311.1111111;0;0;4.8
1723500;-6;-2;21;50;-5.75;-1.8;5.55;1.4;69.8;0;-2.2;-2.45;-2.1;-3.25;4.3;311.1111111;0;0;4.8
1724400;-5;0;0;0;-5;0.9;5.5;-2.2;69.9;0;-2;-2.1;-1.8;-3.1;4.3;316.6666667;0;0;4.5
1725300;-5;-3;34;90;-5.3;-2.4;5.7;-2.7;69.5;0;-1.1;-1.5;-1.1;-2.3;4.3;316.6666667;0;0;4.5
1726200;-6;-4;43;102;-6.1;-4;5.8;-2.7;68.9;0;-1.9;-2.4;-2;-2.9;4.3;316.6666667;0;0;4.5
1727100;-7;-5;42;100;-6.6;-4.5;5.8;-2.7;68.9;0;-2.3;-2.8;-2.3;-3.4;4.3;316.6666667;0;0;4.5
1728000;-6;-5;22;53;-6.1;-4.7;5.8;-3.1;69.2;0;-2.6;-2.9;-2.5;-3.7;4.6;322.2222222;0;0;3.6
1728900;-5;-1;0;0;-5.1;-1.2;5.9;-3.1;68.5;0;-1.9;-2.2;-1.9;-3.3;4.6;322.2222222;0;0;3.6
1729800;-5;-2;30;76;-5;-2.2;6.2;-3.1;66.2;0;-0.7;-1.4;-0.8;-2.2;4.6;322.2222222;0;0;3.6
1730700;-6;-4;43;102;-5.9;-3.8;6.4;-3.1;65;0;-1.7;-2.2;-1.7;-2.7;4.6;322.2222222;0;0;3.6
1731600;-7;-4;42;100;-6.5;-4.4;6.6;-3.2;64.9;0;-2.3;-2.7;-2.4;-3.3;6.4;333.3333333;0;0;4.4
1732500;-6;-5;23;50;-6.1;-4.7;6.6;-3.2;65.6;0;-2.5;-3;-2.6;-3.7;6.4;333.3333333;0;0;4.4
1733400;-5;-1;0;0;-5.2;-1.2;6.7;-3.2;65.2;0;-1.9;-2.4;-2;-3.3;6.4;333.3333333;0;0;4.4
1734300;-5;-2;25;70;-4.9;-1.5;7;-3.2;62.3;0;-0.8;-1.4;-0.9;-2.2;6.4;333.3333333;0;0;4.4
1735200;-6;-3;43;105;-5.6;-3.4;7.6;3.2;57.1;0;-1.2;-1.8;-1.4;-2.3;7.8;333.3333333;0;0;6.3
1736100;-6;-4;43;104;-5.9;-3.8;8.1;4.8;54.8;0;-1.6;-2.2;-1.7;-2.7;7.8;333.3333333;0;0;6.3
1737000;-6;-4;43;103;-6.3;-3.8;8.3;4.8;54;0;-1.7;-2.3;-1.8;-2.8;7.8;333.3333333;0;0;6.3
1737900;-6;-4;43;102;-6.3;-3.9;8.4;4.8;53.5;0;-1.7;-2.3;-1.8;-2.9;7.8;333.3333333;0;0;6.3
1738800;-6;-4;42;102;-6.3;-4.3;8.5;4.9;54;0;-2;-2.5;-2;-3;8.2;325;0;0;6.7
1739700;-7;-4;42;101;-6.3;-4.3;8.4;5;54;0;-2.2;-2.6;-2.1;-3.2;8.2;325;0;0;6.7
1740600;-6;-4;43;101;-6.3;-4.3;8.9;6;49.1;0;-1.8;-2.3;-1.9;-3;8.2;325;0;0;6.7
1741500;-6;-4;43;104;-6.3;-4.2;9.1;6.5;48.7;0;-1.4;-2;-1.5;-2.7;8.2;325;0;0;6.7
1742400;-6;-4;43;106;-6.3;-3.8;9.1;6.5;48.5;0;-1.2;-1.8;-1.4;-2.5;7.7;319.4444444;0;0;7.1
1743300;-6;-4;43;106;-6.3;-3.8;8.9;6.5;48.5;0;-1.3;-1.8;-1.3;-2.5;7.7;319.4444444;0;0;7.1
1744200;-6;-4;43;105;-6.3;-3.8;8.8;7.3;49.1;0;-1.3;-1.7;-1.3;-2.5;7.7;319.4444444;0;0;7.1
1745100;-6;-3;43;106;-5.8;-3.8;9;7.9;48.8;0;-1.2;-1.6;-1.3;-2.4;7.7;319.4444444;0;0;7.1
1746000;-6;-3;43;107;-5.8;-3.7;9.5;7.8;48.1;0;-0.9;-1.4;-1;-2.3;10;330.5555556;0;0;6.4
1746900;-5;-3;43;108;-5.8;-3.3;10;7.8;46.1;0;-0.7;-1.3;-0.8;-2.1;10;330.5555556;0;0;6.4
1747800;-5;-3;43;108;-5.8;-3.3;10;8.1;46;0;-0.6;-1.2;-0.8;-2;10;330.5555556;0;0;6.4
1748700;-5;-3;43;109;-5.3;-3.3;10.2;8.4;45.3;0;-0.4;-1;-0.6;-1.8;10;330.5555556;0;0;6.4
1749600;-5;-3;43;109;-5.2;-2.8;10.3;8.7;44.3;0;-0.1;-0.7;-0.3;-1.5;9.9;327.7777778;2.777777778;2.777777778;5.8
1750500;-5;-2;43;111;-4.8;-2.7;10.4;8.8;43.9;0;0.1;-0.4;0;-1.3;9.9;327.7777778;2.777777778;2.777777778;5.8
1751400;-5;-2;43;112;-4.8;-2.3;10.5;8.6;43.2;0;0.3;-0.3;0.1;-1.2;9.9;327.7777778;2.777777778;2.777777778;5.8
1752300;-4;-2;43;113;-4.8;-2.3;10.4;8.4;44.3;0;0.3;-0.1;0.3;-1.1;9.9;327.7777778;2.777777778;2.777777778;5.8
1753200;-4;-2;43;115;-4.4;-2.2;10.5;8.7;45.7;1;0.6;0.2;0.5;-0.8;10.3;325;47.22222222;61.11111111;5.6
1754100;-4;-2;43;116;-4.3;-1.8;10.7;8.8;49.5;1.3;0.8;0.5;0.8;-0.5;10.3;325;47.22222222;61.11111111;5.6
1755000;-4;-2;43;119;-3.9;-1.4;10.7;9.5;53.1;1.3;1.2;1;1.2;-0.1;10.3;325;47.22222222;61.11111111;5.6
1755900;-3;-1;43;122;-3.4;-1;11;10.5;53.8;1.3;1.7;1.5;1.8;0.4;10.3;325;47.22222222;61.11111111;5.6
1756800;-3;0;43;125;-2.9;-0.4;11.5;10.6;52.8;17.8;2.3;2;2.3;0.9;11;319.4444444;91.66666667;202.7777778;4.7
1757700;-2;0;43;126;-2.8;-0.1;11.8;10.6;52.2;23.8;2.6;2.2;2.6;1.2;11;319.4444444;91.66666667;202.7777778;4.7
1758600;-2;0;43;127;-2.4;0.2;12.1;10.5;51.9;23.8;2.7;2.4;2.8;1.4;11;319.4444444;91.66666667;202.7777778;4.7
1759500;-2;0;43;127;-2.3;0.2;12.4;10.4;51.8;23.8;3;2.6;3;1.6;11;319.4444444;91.66666667;202.7777778;4.7
1760400;-2;0;43;131;-2.1;0.6;12.5;10.6;51.5;71;3.4;3;3.4;1.8;11.6;305.5555556;61.11111111;252.7777778;5.4
1761300;-2;1;43;134;-1.6;1.2;13;10.7;50.5;94.6;4;3.6;3.9;2.2;11.6;305.5555556;61.11111111;252.7777778;5.4
1762200;-2;1;43;135;-1.3;1.7;12.8;10.8;51.4;85.9;4.1;3.8;4.1;2.4;11.6;305.5555556;61.11111111;252.7777778;5.4
1763100;-2;1;43;136;-1.2;1.7;12.7;10.9;52.7;81.5;4.4;4.2;4.4;2.6;11.6;305.5555556;61.11111111;252.7777778;5.4
1764000;-1;1;43;138;-0.8;2.1;12.9;11.3;52.7;144.5;4.9;4.6;4.8;3;12.9;333.3333333;175;277.7777778;4.8
1764900;0;2;43;141;-0.3;2.5;13.4;11.3;51.7;144.5;5.4;5.2;5.2;3.5;12.9;333.3333333;175;277.7777778;4.8
1765800;0;3;43;143;0.1;3.1;14.2;11.5;50.2;139.3;6.1;5.7;5.7;4;12.9;333.3333333;175;277.7777778;4.8
1766700;0;3;43;142;0.2;3.2;14.3;11.7;50.1;131.4;6;5.6;5.6;4.1;12.9;333.3333333;175;277.7777778;4.8
1767600;0;2;43;143;0.2;3.2;14.5;11.8;50.3;157.3;6.1;5.6;5.6;4.2;12.3;338.8888889;163.8888889;186.1111111;3.6
1768500;0;3;43;147;0.7;3.8;14.6;11.8;50.7;166.7;6.7;6.2;6.2;4.8;12.3;338.8888889;163.8888889;186.1111111;3.6
1769400;1;4;43;151;1.4;4.5;14.8;11.9;51.1;166.7;7.3;6.9;6.9;5.4;12.3;338.8888889;163.8888889;186.1111111;3.6
1770300;0;4;43;149;1.7;4.7;14.6;12;50.4;166.7;7;6.6;6.8;5.3;12.3;338.8888889;163.8888889;186.1111111;3.6
1771200;0;4;43;149;1.7;4.7;14.4;11.9;50.4;179.9;6.9;6.6;6.7;5.2;12.2;333.3333333;147.2222222;169.4444444;3.9
1772100;1;4;43;150;1.7;4.7;14.7;11.9;49.3;180.8;7.2;6.8;7;5.5;12.2;333.3333333;147.2222222;169.4444444;3.9
1773000;1;4;43;155;1.8;4.9;15;12.5;49;180.8;7.7;7.5;7.6;6.1;12.2;333.3333333;147.2222222;169.4444444;3.9
1773900;1;5;43;157;2.2;5.4;14.9;13.1;49.4;180.8;8.1;7.9;8.1;6.7;12.2;333.3333333;147.2222222;169.4444444;3.9
1774800;2;5;43;159;2.5;5.7;14.7;13.2;50.6;162.7;8.3;8.1;8.2;7;11.6;347.2222222;105.5555556;108.3333333;4.7
1775700;2;5;43;159;2.7;5.7;14.6;13.2;50.4;161.4;8.4;8.3;8.4;7.1;11.6;347.2222222;105.5555556;108.3333333;4.7
1776600;2;5;43;158;2.7;5.7;14.3;13;51.5;161.4;8.1;7.9;8.1;6.9;11.6;347.2222222;105.5555556;108.3333333;4.7
1777500;1;5;43;153;2.7;5.7;14.4;12.7;52.2;161.4;7.9;7.6;7.7;6.7;11.6;347.2222222;105.5555556;108.3333333;4.7
1778400;1;5;43;154;2.7;5.7;14.4;12.4;54.4;127.3;7.9;7.8;7.9;6.8;11.1;350;33.33333333;33.33333333;5.4
1779300;1;5;43;152;2.7;5.7;14.1;12.4;56.2;122;7.7;7.6;7.7;6.6;11.1;350;33.33333333;33.33333333;5.4
1780200;1;4;43;149;2.2;5.3;13.8;12.4;56.9;122;7.3;7.1;7.4;6.2;11.1;350;33.33333333;33.33333333;5.4
1781100;1;4;43;146;1.8;4.9;13.6;12.4;57.9;122;7;6.7;6.9;5.9;11.1;350;33.33333333;33.33333333;5.4
1782000;0;3;43;144;1.6;4.6;13.4;12.2;58.6;76.1;6.6;6.4;6.6;5.5;10.8;344.4444444;0;0;4.4
1782900;0;3;43;145;1.2;4.2;13.1;12.1;58.8;64.6;6.4;6.1;6.3;5.3;10.8;344.4444444;0;0;4.4
1783800;0;3;43;144;0.8;3.8;13;11.9;59.3;64.6;5.9;5.7;5.9;4.8;10.8;344.4444444;0;0;4.4
1784700;0;3;43;142;0.7;3.6;12.9;11.6;59.4;64.6;5.7;5.5;5.6;4.5;10.8;344.4444444;0;0;4.4
1785600;0;2;43;141;0.2;3.2;12.8;11.1;59.4;30.9;5.2;5.1;5.3;4.1;10.4;333.3333333;0;0;4.4
1786500;0;2;43;140;0.2;2.7;12.6;10.8;59.7;14.1;5;4.8;5.1;4;10.4;333.3333333;0;0;4.4
1787400;0;2;43;139;-0.2;2.7;11.9;10.6;61.4;14.1;4.8;4.6;4.8;3.8;10.4;333.3333333;0;0;4.4
1788300;0;2;43;138;-0.3;2.7;11.6;10.4;62.9;14.1;4.6;4.4;4.6;3.7;10.4;333.3333333;0;0;4.4
1789200;0;1;43;137;-0.3;2.2;11.4;10.4;63.9;0;4.5;4.2;4.5;3.5;9.9;333.3333333;0;0;4.7
1790100;0;1;43;138;-0.3;2.2;11.7;10.4;63.6;0;4.6;4.3;4.5;3.6;9.9;333.3333333;0;0;4.7
1791000;0;1;43;138;-0.3;2.2;11.6;10.7;63.7;0;4.6;4.4;4.6;3.7;9.9;333.3333333;0;0;4.7
1791900;0;1;43;138;-0.3;2.2;11.6;11.1;64.2;0;4.5;4.3;4.6;3.6;9.9;333.3333333;0;0;4.7
1792800;0;1;43;136;-0.6;2.2;11.6;10.4;63.9;0;4.3;4.1;4.3;3.5;9.8;336.1111111;0;0;5.8
1793700;0;1;43;134;-0.8;2;11.6;10.3;63.6;0;4;3.8;4;3.3;9.8;336.1111111;0;0;5.8
1794600;0;1;43;133;-1.2;1.7;11.5;10.1;63.2;0;3.7;3.4;3.5;2.9;9.8;336.1111111;0;0;5.8
1795500;0;1;43;135;-1.3;1.7;11.4;9.7;62.9;0;3.8;3.7;3.9;3;9.8;336.1111111;0;0;5.8
1796400;0;1;43;136;-1.3;1.7;11.6;9.5;61.7;0;4.1;3.9;4.1;3.2;9.4;336.1111111;0;0;5
1797300;0;1;43;136;-1.3;1.7;11.7;9.4;60.9;0;4.2;3.9;4.1;3.4;9.4;336.1111111;0;0;5
1798200;0;1;43;136;-1.3;1.7;11.7;9.5;60.5;0;4.1;3.9;4.1;3.2;9.4;336.1111111;0;0;5
1799100;0;1;43;135;-1.3;1.7;11.7;9.7;60.3;0;3.8;3.6;3.9;3;9.4;336.1111111;0;0;5
1800000;0;1;43;136;-1.3;1.7;11.7;9.7;59.5;0;4;3.7;4;3;10.3;347.2222222;0;0;5.5
1800900;0;1;43;135;-1.3;1.7;11.7;9.7;59.4;0;4;3.8;4.1;2.9;10.3;347.2222222;0;0;5.5
1801800;0;1;43;133;-1.3;1.7;11.7;9.8;59.2;0;3.9;3.7;4;2.9;10.3;347.2222222;0;0;5.5
1802700;0;1;43;135;-1.3;1.7;11.8;9.9;59.2;0;4;3.8;4;2.9;10.3;347.2222222;0;0;5.5
1803600;0;1;43;135;-1.3;1.7;11.8;9.8;60;0;4;3.8;4;3;9.2;333.3333333;0;0;6.1
1804500;0;1;43;135;-1.3;1.7;11.7;9.8;61.5;0;4;3.7;3.9;2.9;9.2;333.3333333;0;0;6.1
1805400;0;1;43;135;-1.3;1.7;11.5;9.7;63.5;0;3.8;3.6;3.8;2.9;9.2;333.3333333;0;0;6.1
1806300;0;1;43;137;-1.2;1.7;11.1;9.5;66.7;0;4.1;4;4.1;3.4;9.2;333.3333333;0;0;6.1
1807200;0;1;43;139;-0.8;2.1;10.8;9.3;68.7;0;4.6;4.4;4.6;3.9;10.1;325;0;0;6
1808100;0;2;43;141;-0.4;2.5;10.9;9.3;67.6;0;5;4.9;5.1;4.1;10.1;325;0;0;6
1809000;0;2;43;142;-0.3;2.7;11.3;9.5;65.5;0;5.1;5;5.2;4.2;10.1;325;0;0;6
1809900;0;2;43;140.5;-0.3;2.7;11.3;4.65;64.05;0;5.1;5;5.2;4.25;10.1;325;0;0;6
1810800;0;2;43;139;-0.3;2.7;11.3;-0.2;62.6;0;5.1;5;5.2;4.3;10.9;325;0;0;5.4
1811700;0;2;43;140;-0.1;2.7;11.4;-2.7;61.7;0;5.3;5.1;5.3;4.5;10.9;325;0;0;5.4
1812600;0;2;43;140;0.2;2.7;11.5;-2.7;62;0;5.3;5.1;5.4;4.3;10.9;325;0;0;5.4
1813500;0;2;43;141;0.2;2.7;11.8;-2.7;61.4;0;5.3;5.1;5.4;4.2;10.9;325;0;0;5.4
1814400;0;2;43;142;0.2;2.7;11.6;-3;62.6;0;5.4;5.1;5.3;4.3;9.5;294.4444444;0;0;6.2
1815300;0;2;43;141;0.2;2.7;11.2;-3.1;64.6;0;5.2;5;5.3;4.2;9.5;294.4444444;0;0;6.2
1816200;0;2;43;139;0.2;2.7;10.7;-3.1;66.6;0;5;4.9;5;4.1;9.5;294.4444444;0;0;6.2
1817100;0;2;43;139;-0.2;2.7;10.4;-3.1;67.9;0;4.8;4.6;4.9;3.8;9.5;294.4444444;0;0;6.2
1818000;0;2;43;139;-0.3;2.7;10.1;-3.2;68.8;0;4.7;4.6;4.8;3.8;9.5;311.1111111;0;0;6.8
1818900;0;2;43;136;-0.3;2.7;9.9;-3.2;69.2;0;4.6;4.4;4.6;3.7;9.5;311.1111111;0;0;6.8
1819800;0;1;43;136;-0.4;2.2;9.9;-3.2;69;0;4.3;4.2;4.4;3.4;9.5;311.1111111;0;0;6.8
1820700;0;1;43;137;-0.8;2.2;10.1;-3.2;68.1;0;4.4;4.3;4.4;3.5;9.5;311.1111111;0;0;6.8
1821600;0;2;43;139;-0.8;2.2;10.4;6;67;0;4.7;4.6;4.8;3.7;9.5;300;0;0;6.7
1822500;0;2;43;140;-0.3;2.2;10.5;10.6;66.3;0;4.9;4.8;5;3.8;9.5;300;0;0;6.7
1823400;0;2;43;139;-0.3;2.6;10.5;9.9;65.7;0;4.9;4.8;5;3.8;9.5;300;0;0;6.7
1824300;0;2;43;138;-0.3;2.7;10.5;9.5;65.4;0;4.7;4.6;4.8;3.6;9.5;300;0;0;6.7
1825200;0;1;43;137;-0.3;2.4;10.3;9.2;65.6;0;4.5;4.3;4.5;3.5;8.8;291.6666667;0;0;6.4
1826100;0;1;43;134;-0.8;2.1;9.9;9.1;66.9;0;4;3.9;4.2;3;8.8;291.6666667;0;0;6.4
1827000;0;1;43;134;-0.8;1.7;9.7;9.2;67.6;0;3.9;3.6;3.9;2.8;8.8;291.6666667;0;0;6.4
1827900;0;1;43;133;-1.2;1.7;9.5;9.2;67.7;0;3.8;3.6;3.7;2.7;8.8;291.6666667;0;0;6.4
1828800;0;1;43;135;-1.3;1.7;9.6;9.1;67.3;0;3.8;3.6;3.9;2.7;9.1;300;0;0;6.2
1829700;0;1;43;136;-1.3;1.7;9.7;9.1;65.9;0;4;3.7;4;2.9;9.1;300;0;0;6.2
1830600;0;1;43;135;-1.3;1.7;9.8;9.3;64.8;0;4;3.7;4;2.9;9.1;300;0;0;6.2
1831500;0;1;43;135;-1.3;1.7;9.8;9.4;64.3;0;4;3.7;3.9;2.9;9.1;300;0;0;6.2
1832400;0;1;43;136;-1.3;1.7;9.8;9.2;64.2;0;4;3.8;4;2.9;9.3;308.3333333;0;0;4.6
1833300;0;1;43;137;-1.1;1.7;9.8;9.2;64.7;0;4.2;4;4.3;3.1;9.3;308.3333333;0;0;4.6
1834200;0;1;43;136;-0.8;1.7;10;9;65.5;0;4.2;4;4.3;3.1;9.3;308.3333333;0;0;4.6
1835100;0;1;43;135;-0.8;1.7;10.3;8.7;64.4;0;4.2;4;4.3;3.2;9.3;308.3333333;0;0;4.6
1836000;0;1;43;136;-0.8;1.8;10.3;8.7;64.4;0;4.3;4.2;4.5;3.3;9.2;302.7777778;5.555555556;8.333333333;3.7
1836900;0;1;43;137;-0.8;2.2;10.5;8.7;63.6;0;4.6;4.3;4.5;3.5;9.2;302.7777778;5.555555556;8.333333333;3.7
1837800;0;1;43;137;-0.8;2.2;10.4;8.9;63.6;0;4.5;4.4;4.6;3.5;9.2;302.7777778;5.555555556;8.333333333;3.7
1838700;0;1;43;138;-0.8;2.2;10.3;9.2;64;0;4.6;4.4;4.6;3.5;9.2;302.7777778;5.555555556;8.333333333;3.7
1839600;0;1;43;138;-0.8;2.2;10.1;9.3;64.1;0.6;4.6;4.3;4.6;3.5;9.3;297.2222222;44.44444444;91.66666667;4.5
1840500;0;2;43;137;-0.8;2.2;9.9;9.4;64.7;0.8;4.7;4.4;4.7;3.6;9.3;297.2222222;44.44444444;91.66666667;4.5
1841400;0;2;43;138;-0.8;2.2;10;9.5;64.6;0.8;4.7;4.4;4.7;3.5;9.3;297.2222222;44.44444444;91.66666667;4.5
1842300;0;2;43;138;-0.7;2.2;10.1;9.6;64.1;0.8;4.8;4.5;4.9;3.7;9.3;297.2222222;44.44444444;91.66666667;4.5
1843200;0;2;43;142;-0.2;2.7;10.5;9.6;62.8;9.9;5.3;5;5.4;4.1;10.6;311.1111111;97.22222222;172.2222222;4.2
1844100;0;3;43;144;0.3;3.3;11;9.6;61.4;15.9;5.9;5.6;6;4.7;10.6;311.1111111;97.22222222;172.2222222;4.2
1845000;0;3;43;147;0.9;3.9;11.7;9.5;59.7;15.9;6.6;6.2;6.5;5.3;10.6;311.1111111;97.22222222;172.2222222;4.2
1845900;1;4;43;151;1.5;4.5;12.2;9.4;57.5;15.9;7.3;7;7.3;5.9;10.6;311.1111111;97.22222222;172.2222222;4.2
1846800;1;5;43;157;2.3;5.4;12.5;9.6;56.1;77.3;8.1;7.9;8.1;6.7;11.1;330.5555556;116.6666667;147.2222222;4.3
1847700;2;5;43;158;2.7;5.7;12.3;9.6;56.2;86.7;8.3;8.2;8.4;7;11.1;330.5555556;116.6666667;147.2222222;4.3
1848600;2;5;43;161;2.8;6;12.7;9.6;56;86.7;8.6;8.6;8.7;7.4;11.1;330.5555556;116.6666667;147.2222222;4.3
1849500;2;6;43;161;3.2;6.2;13;9.6;53.8;86.7;8.7;8.6;8.7;7.4;11.1;330.5555556;116.6666667;147.2222222;4.3
1850400;2;5;43;160;3.2;6.2;13.4;10.2;53.5;161.8;8.6;8.3;8.5;7.4;12.4;338.8888889;155.5555556;197.2222222;7.4
1851300;2;6;43;164;3.2;6.6;13.9;10.3;51.8;173.3;9.1;8.9;9.1;7.9;12.4;338.8888889;155.5555556;197.2222222;7.4
1852200;3;6;43;166;3.3;6.8;14.2;10.7;51.3;172.8;9.3;9.2;9.3;8.1;12.4;338.8888889;155.5555556;197.2222222;7.4
1853100;3;7;43;172;4;7.6;14.6;11.3;50.3;172.1;10.2;10.2;10.2;8.9;12.4;338.8888889;155.5555556;197.2222222;7.4
1854000;4;7;43;173;4.7;8.2;15;11.7;49.3;217.9;10.7;10.6;10.6;9.4;12.8;341.6666667;133.3333333;136.1111111;4.7
1854900;4;8;43;175;4.7;8.6;15.7;11.8;48.2;224.9;10.9;10.8;10.8;9.6;12.8;341.6666667;133.3333333;136.1111111;4.7
1855800;4;7;43;170;4.7;8.2;15.5;11.7;48.2;224.2;10.3;10.2;10.3;9.2;12.8;341.6666667;133.3333333;136.1111111;4.7
1856700;4;7;43;169;4.7;8.2;15.6;11.5;47.3;223.1;10.4;10.3;10.3;9.3;12.8;341.6666667;133.3333333;136.1111111;4.7
1857600;4;7;39;115;5.1;8.2;15.3;11.3;47.5;223.9;10.2;10;10.2;9;13.3;344.4444444;141.6666667;155.5555556;3.7
1858500;5;7;42;85;6.4;8.2;15.2;11.3;48.6;224.1;10.6;10.5;10.7;9.3;13.3;344.4444444;141.6666667;155.5555556;3.7
1859400;4;8;43;176;5.2;8.7;15.6;11.8;47;224.1;10.8;10.8;10.9;9.9;13.3;344.4444444;141.6666667;155.5555556;3.7
1860300;4;7;43;171;4.9;8.4;16;12.3;44.7;224.1;10.4;10.3;10.3;9.2;13.3;344.4444444;141.6666667;155.5555556;3.7
1861200;3;7;43;164;4.3;7.7;15.9;11.7;44.6;171.1;9.7;9.6;9.6;8.5;7.6;333.3333333;75;75;2.9
1862100;3;6;40;124;4.3;7.2;15.9;11.6;45.2;157.9;9.2;9.2;9.3;8.1;7.6;333.3333333;75;75;2.9
1863000;5;7;38;57;6.1;7.4;15.4;11.9;48.1;157.9;9.9;9.9;10.1;8.7;7.6;333.3333333;75;75;2.9
1863900;3;7;43;159;4.2;7.4;12.3;12.4;60.4;157.9;9.4;9.3;9.5;8.5;7.6;333.3333333;75;75;2.9
1864800;1;5;43;151;2.4;5.6;10.6;11.5;66.1;119.5;7.3;7.3;7.4;6.5;4.5;333.3333333;19.44444444;19.44444444;2.1
1865700;0;3;43;142;1.1;4;9.7;11.3;69.6;109.9;5.8;5.7;5.9;4.9;4.5;333.3333333;19.44444444;19.44444444;2.1
1866600;0;2;43;136;-0.1;2.8;8.8;11.7;72.7;109.9;4.6;4.5;4.6;3.7;4.5;333.3333333;19.44444444;19.44444444;2.1
1867500;0;1;43;132;-1;1.8;8.2;12.4;75.9;109.9;3.6;3.5;3.7;2.8;4.5;333.3333333;19.44444444;19.44444444;2.1
1868400;-2;0;43;127;-1.7;1;7.8;11.4;77;67.1;2.9;2.8;2.9;1.9;4.2;333.3333333;2.777777778;2.777777778;2.8
1869300;-2;0;43;123;-2.3;0.3;7.8;11.2;76.7;56.4;2.3;2.1;2.3;1.4;4.2;333.3333333;2.777777778;2.777777778;2.8
1870200;-3;0;43;122;-2.5;-0.1;7.7;9.4;77.3;56.4;2;1.8;2;1.1;4.2;333.3333333;2.777777778;2.777777778;2.8
1871100;-3;0;43;120;-2.5;-0.3;7.2;6.7;82.2;56.4;1.9;1.7;1.9;1;4.2;333.3333333;2.777777778;2.777777778;2.8
1872000;-3;0;43;120;-2.7;-0.3;6.7;6;86.2;21.7;1.8;1.6;1.8;0.9;4.2;333.3333333;0;0;3.5
1872900;-3;0;43;118;-3;-0.6;6.7;5.8;88.3;9.1;1.5;1.3;1.5;0.5;4.2;333.3333333;0;0;3.5
1873800;-3;0;43;119;-3;-0.8;6.5;5;89.1;9.1;1.5;1.3;1.5;0.6;4.2;333.3333333;0;0;3.5
1874700;-3;0;43;119;-3;-0.8;6.6;3.4;89.1;9.1;1.6;1.4;1.6;0.8;4.2;333.3333333;0;0;3.5
1875600;-3;0;43;119;-3;-0.8;6.7;2.9;88.2;3;1.6;1.3;1.6;0.7;3.9;330.5555556;0;0;5.3
1876500;-3;0;43;118;-3;-0.8;6.8;2.7;86.7;0;1.5;1.2;1.3;0.6;3.9;330.5555556;0;0;5.3
1877400;-3;0;43;117;-3;-0.8;6.8;2.9;85.5;0;1.3;1.1;1.3;0.4;3.9;330.5555556;0;0;5.3
1878300;-3;0;43;116;-3.4;-0.8;6.8;3.1;86.1;0;1.1;0.9;1;0.2;3.9;330.5555556;0;0;5.3
1879200;-4;0;43;115;-3.5;-1.3;6.8;2.3;85.8;0;1;0.8;0.9;0.1;3.8;330.5555556;0;0;6.9
1880100;-4;0;43;114;-3.5;-1.3;6.8;2.2;86;0;1;0.7;0.9;0.1;3.8;330.5555556;0;0;6.9
1881000;-4;0;43;114;-3.5;-1.3;6.9;2.6;85.5;0;0.8;0.5;0.7;0;3.8;330.5555556;0;0;6.9
1881900;-4;-1;43;113;-3.8;-1.3;6.9;3;87.2;0;0.6;0.4;0.6;-0.3;3.8;330.5555556;0;0;6.9
1882800;-4;-2;43;113;-4;-1.8;6.7;2.7;86.8;0;0.6;0.3;0.5;-0.3;3.6;330.5555556;0;0;6
1883700;-4;-2;43;116;-4;-1.8;6.4;2.6;86.4;0;0.9;0.6;0.8;0;3.6;330.5555556;0;0;6
1884600;-4;-2;43;116;-4;-1.8;6.5;2.9;86.5;0;0.7;0.5;0.7;-0.2;3.6;330.5555556;0;0;6
1885500;-4;-2;43;116;-4;-1.8;6.6;3.3;85.8;0;0.6;0.3;0.5;-0.3;3.6;330.5555556;0;0;6
1886400;-4;-2;43;116;-4;-1.8;6.4;3;85.6;0;0.6;0.4;0.6;-0.3;3.3;330.5555556;0;0;6.7
1887300;-4;-2;43;115;-4;-1.8;6.4;2.9;85.7;0;0.5;0.2;0.4;-0.4;3.3;330.5555556;0;0;6.7
1888200;-4;-2;43;112;-4;-1.8;6.5;2.9;85.5;0;0.3;0;0.2;-0.5;3.3;330.5555556;0;0;6.7
1889100;-4;-2;43;114;-4;-1.8;6.6;2.9;85.1;0;0.3;0;0.2;-0.4;3.3;330.5555556;0;0;6.7
1890000;-4;-2;43;116;-4;-1.8;6.2;2.8;85.3;0;0.7;0.4;0.6;-0.1;3.2;327.7777778;0;0;7.2
1890900;-4;-2;43;117;-4;-1.4;5.9;2.7;87;0;0.9;0.7;0.9;0.1;3.2;327.7777778;0;0;7.2
1891800;-4;-2;43;116;-4;-1.3;5.7;2.9;88;0;1;0.7;0.9;0.1;3.2;327.7777778;0;0;7.2
1892700;-4;-2;43;118;-3.9;-1.3;5.5;3.4;88.5;0;1.2;0.9;1.2;0.3;3.2;327.7777778;0;0;7.2
1893600;-3;-2;43;119;-3.5;-1;5;3;89;0;1.4;1.2;1.4;0.6;0.5;316.6666667;0;0;5.3
1894500;-3;-2;43;118;-3.5;-0.8;3.8;2.8;89.4;0;1.2;1.1;1.3;0.4;0.5;316.6666667;0;0;5.3
1895400;-4;-2;43;116;-3.5;-1.1;3.2;2.8;90;0;0.8;0.7;0.9;0.1;0.5;316.6666667;0;0;5.3
1896300;-4;-2;43;111;-3.9;-1.6;2.95;2.6;90.7;0;0.3;0.2;0.4;-0.4;0.5;316.6666667;0;0;5.3
1897200;-4;-2;43;106;-4.3;-2.1;2.7;2.4;91.4;0;-0.2;-0.3;-0.1;-0.9;0;316.6666667;0;0;4.6
1898100;-5;-3;43;104;-4.7;-2.6;2.4;2.4;91.6;0;-0.7;-0.8;-0.6;-1.5;0;316.6666667;0;0;4.6
1899000;-5;-3;43;103;-5.3;-3.2;2.3;2.4;92;0;-1.3;-1.4;-1.2;-2.1;0;316.6666667;0;0;4.6
1899900;-6;-4;42;103;-5.9;-3.7;2.5;2.4;92.4;0;-1.8;-1.9;-1.7;-2.6;0;316.6666667;0;0;4.6
1900800;-6;-4;42;101;-6.2;-4.1;2.4;2.1;92.5;0;-2.1;-2.2;-2;-3;0.1;316.6666667;0;0;3.3
1901700;-7;-4;42;100;-6.5;-4.3;2.3;2;92.5;0;-2.3;-2.5;-2.3;-3.2;0.1;316.6666667;0;0;3.3
1902600;-7;-5;42;98;-6.5;-4.5;2.4;2;92.5;0;-2.6;-2.7;-2.5;-3.4;0.1;316.6666667;0;0;3.3
1903500;-7;-5;42;98;-6.5;-4.8;2.4;2;92.8;0;-2.6;-2.8;-2.6;-3.5;0.1;316.6666667;0;0;3.3
1904400;-7;-5;42;99;-6.9;-4.8;2.4;2.1;93;0;-2.6;-2.7;-2.6;-3.5;0.2;316.6666667;0;0;1.8
1905300;-7;-5;42;98;-7;-4.8;2.5;2.1;93;0;-2.5;-2.7;-2.5;-3.4;0.2;316.6666667;0;0;1.8
1906200;-7;-5;42;98;-7;-4.8;2.4;2.1;93;0;-2.6;-2.7;-2.6;-3.6;0.2;316.6666667;0;0;1.8
1907100;-7;-5;42;98;-7;-4.8;2.5;2.1;93;0;-2.8;-2.9;-2.7;-3.7;0.2;316.6666667;0;0;1.8
1908000;-3;-5;38;34;-3.5;-4.6;2.6;0.6;93;0;-2.3;-2.2;-2;-3.4;0.5;316.6666667;0;0;2.2
1908900;-4;-2;39;95;-4.4;-2.5;2.7;0.1;93;0;-0.2;-0.3;0;-1.1;0.5;316.6666667;0;0;2.2
1909800;-6;-3;42;104;-5.3;-3.1;2.8;0.1;93;0;-1.4;-1.5;-1.3;-2;0.5;316.6666667;0;0;2.2
1910700;-6;-4;42;101;-6;-3.9;2.8;0.1;93;0;-2;-2.1;-1.9;-2.8;0.5;316.6666667;0;0;2.2
1911600;-7;-4;42;98;-6.5;-4.3;2.8;0.5;93;0;-2.3;-2.4;-2.3;-3.2;0.7;316.6666667;0;0;2.2
1912500;-7;-5;42;98;-6.5;-4.5;2.9;0.5;93;0;-2.5;-2.7;-2.5;-3.4;0.7;316.6666667;0;0;2.2
1913400;-7;-5;42;97;-6.8;-4.8;3.1;0.5;93;0;-2.7;-2.8;-2.7;-3.6;0.7;316.6666667;0;0;2.2
1914300;-6;-4;20;44;-5.6;-4.5;3.1;0.4;93;0;-2.6;-2.7;-2.6;-3.7;0.7;316.6666667;0;0;2.2
1915200;-5;-1;0;0;-4.4;-1;3.1;0.7;93;0;-1.9;-2;-1.8;-3.2;1.2;305.5555556;0;0;1.9
1916100;-5;-2;34;87;-4.9;-2.3;3.2;0.8;93;0;-0.8;-1;-0.6;-1.7;1.2;305.5555556;0;0;1.9
1917000;-6;-4;42;103;-5.8;-3.5;3.2;0.7;93;0;-1.7;-1.9;-1.6;-2.5;1.2;305.5555556;0;0;1.9
1917900;-6;-4;42;99;-6.3;-4.3;3.2;0.7;93;0;-2.3;-2.6;-2.3;-3.2;1.2;305.5555556;0;0;1.9
1918800;-6;-5;28;64;-6.1;-4.7;3.1;1;93;0;-2.6;-2.9;-2.6;-3.6;1.2;294.4444444;0;0;2.1
1919700;-5;-1;0;0;-4.7;-1.3;3.1;1;93;0;-2;-2.2;-1.9;-3.3;1.2;294.4444444;0;0;2.1
1920600;-5;-2;22;53;-4.7;-1.3;3.3;0.9;92.9;0;-1.1;-1.4;-1;-2.3;1.2;294.4444444;0;0;2.1
1921500;-6;-4;42;102;-5.8;-3.7;3.3;0.9;92.4;0;-1.8;-2;-1.8;-2.6;1.2;294.4444444;0;0;2.1
1922400;-6;-5;35;77;-6.4;-4.5;3.2;1;92.4;0;-2.7;-2.8;-2.6;-3.5;1.3;283.3333333;2.777777778;2.777777778;3.1
1923300;-5;-2;0;0;-4.8;-2.3;3.3;1;92.4;0;-2.3;-2.4;-2.2;-3.4;1.3;283.3333333;2.777777778;2.777777778;3.1
1924200;-4;0;9;22;-4.9;-0.4;3.3;1.2;92.4;0;-1.4;-1.6;-1.3;-2.7;1.3;283.3333333;2.777777778;2.777777778;3.1
1925100;-6;-4;42;102;-5.7;-3.3;3.3;1.3;92.4;0;-1.7;-1.8;-1.6;-2.4;1.3;283.3333333;2.777777778;2.777777778;3.1
1926000;-7;-4;42;98;-6.5;-4.4;3.2;1.3;92.2;0.3;-2.5;-2.7;-2.5;-3.2;1.5;277.7777778;47.22222222;47.22222222;2
1926900;-6;-4;13;31;-5.8;-4.1;3.3;1.3;91.9;0.3;-2.6;-2.7;-2.5;-3.6;1.5;277.7777778;47.22222222;47.22222222;2
1927800;-5;0;0;0;-4.8;-0.7;3.3;1.2;91.5;0.3;-2;-2.1;-1.9;-3.2;1.5;277.7777778;47.22222222;47.22222222;2
1928700;-5;-2;30;75;-5.3;-2.4;3.3;1.1;91.4;0.3;-1.3;-1.5;-1.2;-2.4;1.5;277.7777778;47.22222222;47.22222222;2
1929600;-6;-4;42;99;-6.2;-4.2;3.6;1.3;91.4;11.2;-2.4;-2.5;-2.2;-3.1;1.6;288.8888889;102.7777778;102.7777778;2.4
1930500;-6;-5;30;68;-6.3;-4.8;3.7;1.3;91.4;13.9;-2.7;-2.8;-2.6;-3.6;1.6;288.8888889;102.7777778;102.7777778;2.4
1931400;-5;-1;0;0;-5.2;-1.7;3.9;1.3;91.4;13.9;-2.1;-2.1;-2;-3.4;1.6;288.8888889;102.7777778;102.7777778;2.4
1932300;-5;-1;24;62;-4.9;-1.2;4.2;1.4;91.7;13.9;-1.1;-1.2;-1;-2.3;1.6;288.8888889;102.7777778;102.7777778;2.4
1933200;-6;-4;43;103;-5.6;-3.4;4.8;1.8;91.9;52;-1.6;-1.7;-1.5;-2.4;2.6;294.4444444;150;166.6666667;1.5
1934100;-6;-4;42;100;-6.2;-4.1;5.2;1.9;91.4;61.5;-2.1;-2.2;-2;-2.9;2.6;294.4444444;150;166.6666667;1.5
1935000;-7;-4;42;100;-6.3;-4.1;5.2;1.9;91.4;62.4;-2.3;-2.4;-2.2;-3.2;2.6;294.4444444;150;166.6666667;1.5
1935900;-7;-4;42;99;-6.3;-4.5;5.5;1.9;91.3;63.8;-2.3;-2.5;-2.3;-3.3;2.6;294.4444444;150;166.6666667;1.5
1936800;-7;-4;42;100;-6.3;-4.6;6.2;2.5;91.6;117.4;-2.2;-2.4;-2.2;-3.2;3.4;283.3333333;166.6666667;194.4444444;3.5
1937700;-6;-4;42;100;-6.3;-4.6;6.4;2.6;91;125.7;-2.1;-2.2;-2;-3.1;3.4;283.3333333;166.6666667;194.4444444;3.5
1938600;-6;-4;42;101;-6.3;-4.6;6.3;2.5;90.6;125.7;-1.9;-2.1;-1.9;-2.9;3.4;283.3333333;166.6666667;194.4444444;3.5
1939500;-6;-4;42;102;-6.3;-4.2;6.4;2.2;90.6;125.7;-1.9;-2.1;-1.9;-2.9;3.4;283.3333333;166.6666667;194.4444444;3.5
1940400;-6;-4;42;101;-6.3;-4.1;6.4;2.8;90.6;157.5;-1.8;-2;-1.8;-2.9;4;-2775;150;222.2222222;3.8
1941300;-6;-4;42;102;-6.3;-4.1;6.5;3;90.7;169.1;-1.7;-1.9;-1.7;-2.8;4;-2775;150;222.2222222;3.8
1942200;-6;-4;43;104;-6.3;-4.1;6.3;3;90.4;169.1;-1.5;-1.7;-1.5;-2.7;4;-2775;150;222.2222222;3.8
1943100;-6;-4;43;105;-6.2;-4;6.4;3;90.5;169.1;-1.3;-1.5;-1.3;-2.5;4;-2775;150;222.2222222;3.8
1944000;-6;-3;43;106;-5.8;-3.6;6.3;3.4;90.2;184.9;-1.1;-1.3;-1.1;-2.3;4.2;280.5555556;155.5555556;183.3333333;4.5
1944900;-6;-3;43;107;-5.8;-3.6;6.6;3.5;90.7;190.6;-1;-1.2;-1;-2.2;4.2;280.5555556;155.5555556;183.3333333;4.5
1945800;-5;-3;43;107;-5.8;-3.6;6.7;3.5;90.4;198.6;-0.9;-1.1;-0.9;-2.1;4.2;280.5555556;155.5555556;183.3333333;4.5
1946700;-5;-3;43;107;-5.8;-3.1;6.9;3.6;90.4;214.5;-0.8;-1;-0.8;-2.1;4.2;280.5555556;155.5555556;183.3333333;4.5
1947600;-5;-3;43;108;-5.6;-3.1;7.1;4.1;90.3;194;-0.8;-1;-0.7;-2;4.7;280.5555556;94.44444444;105.5555556;4.4
1948500;-5;-3;43;108;-5.3;-3.1;7.4;4.3;90.1;186.5;-0.7;-0.9;-0.7;-1.9;4.7;280.5555556;94.44444444;105.5555556;4.4
1949400;-5;-3;43;107;-5.3;-3.1;7.5;4.4;89.8;186.5;-0.6;-0.8;-0.6;-1.8;4.7;280.5555556;94.44444444;105.5555556;4.4
1950300;-5;-3;43;107;-5.3;-3.1;7.2;4.6;89.7;186.5;-0.8;-1;-0.7;-2;4.7;280.5555556;94.44444444;105.5555556;4.4
1951200;-6;-3;43;106;-5.4;-3.2;7.2;4.5;89.7;141.3;-1.1;-1.3;-1.1;-2.2;4.1;288.8888889;44.44444444;44.44444444;3.5
1952100;-6;-4;43;105;-5.8;-3.6;7;4.5;89.2;124.9;-1.4;-1.7;-1.5;-2.5;4.1;288.8888889;44.44444444;44.44444444;3.5
1953000;-6;-4;42;103;-5.8;-3.6;6.7;4.4;89.8;124.9;-1.7;-1.9;-1.7;-2.7;4.1;288.8888889;44.44444444;44.44444444;3.5
1953900;-6;-4;42;102;-6.2;-4.1;6.5;4.1;89.7;124.9;-1.8;-2.1;-1.9;-2.9;4.1;288.8888889;44.44444444;44.44444444;3.5
1954800;-6;-4;42;102;-6.3;-4.1;6.4;3.8;90.2;90;-1.9;-2.2;-2;-2.9;3.5;288.8888889;5.555555556;5.555555556;3.2
1955700;-6;-4;42;102;-6.3;-4.1;6.2;3.7;90;77.3;-1.9;-2.2;-1.9;-2.8;3.5;288.8888889;5.555555556;5.555555556;3.2
1956600;-6;-4;42;102;-6.3;-4.1;5.8;3.9;88.9;77.3;-1.8;-2.2;-1.9;-2.9;3.5;288.8888889;5.555555556;5.555555556;3.2
1957500;-6;-4;42;99;-6.3;-4.2;5.8;4.3;86.1;77.3;-2.2;-2.4;-2.2;-3.2;3.5;288.8888889;5.555555556;5.555555556;3.2
1958400;-7;-5;42;98;-6.8;-4.6;5.8;3.8;82.4;30.7;-2.6;-2.9;-2.7;-3.6;3.1;311.1111111;0;0;4.2
1959300;-4;-3;4;5;-4.7;-3.4;5.6;3.6;78.6;13.8;-2.3;-2.4;-2.3;-3.5;3.1;311.1111111;0;0;4.2
1960200;-4;-1;8;23;-4.5;-1;5.7;3.5;77.1;13.8;-1.2;-1.4;-1.2;-2.6;3.1;311.1111111;0;0;4.2
1961100;-6;-3;43;103;-5.5;-3.2;6;3.4;75.1;13.8;-1.4;-1.6;-1.3;-2.3;3.1;311.1111111;0;0;4.2
1962000;-6;-4;42;101;-6.2;-4.1;6.1;3;74.1;3.7;-2.1;-2.4;-2.1;-3;2.7;291.6666667;0;0;2.7
1962900;-7;-5;42;100;-6.5;-4.4;6;2.8;72.6;0;-2.4;-2.7;-2.4;-3.3;2.7;291.6666667;0;0;2.7
1963800;-7;-5;42;98;-6.9;-4.9;5.6;2.8;72.4;0;-2.7;-2.9;-2.7;-3.6;2.7;291.6666667;0;0;2.7
1964700;-5;-3;2;3;-5;-3;5.3;2.9;72.8;0;-2.2;-2.3;-2.1;-3.6;2.7;291.6666667;0;0;2.7
1965600;-5;-1;14;38;-4.9;-1.2;5.4;2.5;73.3;0;-1.1;-1.2;-0.9;-2.5;2.4;288.8888889;0;0;1.4
1966500;-6;-3;42;102;-5.5;-3.3;5;2.3;73.7;0;-1.5;-1.6;-1.4;-2.4;2.4;288.8888889;0;0;1.4
1967400;-7;-4;42;99;-6.4;-4.3;4.5;2.3;75.5;0;-2.4;-2.6;-2.4;-3.2;2.4;288.8888889;0;0;1.4
1968300;-6;-4;11;24;-5.5;-4;4.3;2.4;76.9;0;-2.6;-2.7;-2.6;-3.6;2.4;288.8888889;0;0;1.4
1969200;-5;0;0;0;-4.8;-0.6;4.5;2.5;76.6;0;-2;-2.1;-1.9;-3.1;2.3;316.6666667;0;0;1.8
1970100;-5;-2;32;79;-5;-2.4;4.6;2.5;76;0;-1.1;-1.4;-0.9;-2.1;2.3;316.6666667;0;0;1.8
1971000;-6;-4;42;100;-6.2;-4.1;4.9;2.6;75.4;0;-2.2;-2.4;-2.2;-3;2.3;316.6666667;0;0;1.8
1971900;-7;-5;42;98;-6.9;-4.7;5.3;2.7;75.4;0;-2.7;-2.9;-2.6;-3.6;2.3;316.6666667;0;0;1.8
1972800;-7;-5;41;94;-6.9;-4.7;5.3;2.6;76.9;0;-2.8;-2.9;-2.7;-3.7;1.6;297.2222222;0;0;1.9
1973700;-5;-3;0;0;-5.2;-2.8;5.2;2.6;77.6;0;-2.3;-2.3;-2.2;-3.5;1.6;297.2222222;0;0;1.9
1974600;-5;0;6;17;-4.8;-0.3;5.2;2.5;78.1;0;-1.4;-1.6;-1.2;-2.7;1.6;297.2222222;0;0;1.9
1975500;-6;-3;43;103;-5.4;-3.1;5.1;2.4;78.2;0;-1.4;-1.6;-1.3;-2.2;1.6;297.2222222;0;0;1.9
1976400;-6;-4;42;100;-6.3;-4.2;4.7;2.5;78.8;0;-2.2;-2.5;-2.2;-3.1;1.3;300;0;0;3.3
1977300;-6;-5;23;56;-6.2;-4.7;4.5;2.5;79.4;0;-2.7;-2.8;-2.6;-3.7;1.3;300;0;0;3.3
1978200;-5;-1;0;0;-4.9;-1.2;4.5;2.5;79.9;0;-2.1;-2.2;-2;-3.4;1.3;300;0;0;3.3
1979100;-5;-1;17;45;-4.9;-1.2;4.5;2.5;79.7;0;-1.3;-1.6;-1.1;-2.5;1.3;300;0;0;3.3
1980000;-6;-4;42;100;-6;-3.9;4.6;2.4;80;0;-2;-2.2;-1.9;-2.8;2;311.1111111;0;0;5.5
1980900;-7;-5;42;98;-6.7;-4.5;5;2.4;78.9;0;-2.6;-2.8;-2.5;-3.5;2;311.1111111;0;0;5.5
1981800;-6;-5;26;57;-6.3;-5;5;2.4;78;0;-2.7;-2.8;-2.6;-3.7;2;311.1111111;0;0;5.5
1982700;-5.5;-3.5;25.5;62.5;-5.65;-3.05;5.1;2.4;77.7;0;-1.7;-1.95;-1.6;-3;2;311.1111111;0;0;5.5
1983600;-5;-2;25;68;-5;-1.1;5.2;2.4;77.4;0;-0.7;-1.1;-0.6;-2.3;2.1;319.4444444;0;0;7.4
1984500;-6;-3;43;102;-5.6;-3.5;5.2;2.4;77.1;0;-1.4;-1.7;-1.4;-2.4;2.1;319.4444444;0;0;7.4
1985400;-6;-4;42;102;-5.9;-3.8;5.2;2.4;78.6;0;-1.8;-2.1;-1.8;-2.8;2.1;319.4444444;0;0;7.4
1986300;-6;-4;42;100;-6.4;-4.2;5.1;2.4;79.5;0;-2.1;-2.4;-2.1;-3.2;2.1;319.4444444;0;0;7.4
1987200;-7;-5;42;99;-6.4;-4.5;5.1;2.1;79.9;0;-2.3;-2.7;-2.4;-3.4;2;300;0;0;6.8
1988100;-7;-5;42;98;-6.9;-4.7;5.1;2;79.7;0;-2.6;-2.8;-2.6;-3.7;2;300;0;0;6.8
1989000;-5;-3;6;13;-5.5;-3.5;4.9;2;80.1;0;-2.3;-2.4;-2.3;-3.7;2;300;0;0;6.8
1989900;-5;0;1;3;-4.8;-0.7;5;2;80.2;0;-1.7;-1.8;-1.7;-3.2;2;300;0;0;6.8
1990800;-5;-3;43;104;-5.3;-2.5;5;2.1;80.1;0;-0.9;-1.2;-0.8;-2.1;2.2;300;0;0;6.4
1991700;-6;-4;42;98;-6.1;-4.1;4.9;2.1;79.6;0;-2.2;-2.3;-2.1;-3.1;2.2;300;0;0;6.4
1992600;-6;-4;16;37;-5.9;-4.3;4.7;2.1;79.9;0;-2.6;-2.7;-2.5;-3.7;2.2;300;0;0;6.4
1993500;-5;-1;0;0;-5;-0.9;4.5;2.1;80.2;0;-2;-2.1;-1.9;-3.3;2.2;300;0;0;6.4
1994400;-5;-2;25;68;-5.1;-1.7;4.7;2.3;80.2;0;-1.3;-1.3;-0.8;-2.4;1.6;272.2222222;0;0;5.3
1995300;-6;-4;42;102;-5.9;-3.7;4.6;2.4;79.3;0;-1.8;-2;-1.7;-2.6;1.6;272.2222222;0;0;5.3
1996200;-6;-4;42;101;-6.2;-4.1;4.3;2.2;77.9;0;-2;-2.3;-2;-2.9;1.6;272.2222222;0;0;5.3
1997100;-7;-4;42;100;-6.3;-4.3;4;2;76.7;0;-2.2;-2.5;-2.2;-3.2;1.6;272.2222222;0;0;5.3
1998000;-7;-5;42;98;-6.7;-4.6;3.8;2;76.2;0;-2.5;-2.8;-2.5;-3.5;1.5;263.8888889;0;0;5.1
1998900;-7;-5;37;84;-6.6;-4.8;3.6;2;74.8;0;-2.7;-3;-2.7;-3.7;1.5;263.8888889;0;0;5.1
1999800;-5;-2;0;0;-5.1;-2.1;3.4;2;72.5;0;-2.1;-2.2;-2;-3.5;1.5;263.8888889;0;0;5.1
2000700;-5;0;10;26;-5;0.5;3.1;2.1;73.7;0;-1.3;-1.6;-1.1;-2.7;1.5;263.8888889;0;0;5.1
2001600;-6;-3;42;102;-5.6;-3.3;3.1;2.1;72.6;0;-1.5;-1.7;-1.4;-2.4;1.1;263.8888889;0;0;5.5
2002500;-7;-4;42;99;-6.4;-4.2;2.9;2.1;73.2;0;-2.3;-2.5;-2.2;-3.1;1.1;263.8888889;0;0;5.5
2003400;-6;-5;23;52;-6;-4.7;2.6;1.9;74;0;-2.7;-2.8;-2.6;-3.7;1.1;263.8888889;0;0;5.5
2004300;-5;-1;0;0;-5.1;-1.2;2.6;1.6;70.9;0;-2.1;-2.3;-2;-3.3;1.1;263.8888889;0;0;5.5
2005200;-5;-1;20;50;-5;-1.4;2.7;1.7;68.2;0;-1.4;-1.6;-1.2;-2.6;0.5;261.1111111;0;0;5.2
2006100;-6;-4;42;100;-6.1;-3.9;2.7;1.7;66.1;0;-2.1;-2.3;-2;-2.9;0.5;261.1111111;0;0;5.2
2007000;-6;-4;18;45;-6;-4.5;3.4;1.6;69.6;0;-2.6;-2.8;-2.6;-3.6;0.5;261.1111111;0;0;5.2
2007900;-5;-2;0;0;-5.1;-1.2;3.2;1.5;69.1;0;-2.1;-2.3;-2;-3.2;0.5;261.1111111;0;0;5.2
2008800;-5;-1;21;53;-5.1;-1.3;2.9;1.4;67.4;0;-1.4;-1.7;-1.2;-2.6;0.1;250;5.555555556;5.555555556;5.2
2009700;-6;-4;42;98;-6.2;-4.1;3.1;1.4;67.8;0;-2.3;-2.5;-2.2;-3.1;0.1;250;5.555555556;5.555555556;5.2
2010600;-6;-4;10;22;-5.8;-3.9;3.4;1.2;67.9;0;-2.6;-2.7;-2.5;-3.6;0.1;250;5.555555556;5.555555556;5.2
2011500;-5;-2;0;0;-5.1;-1;3.1;0.9;68.8;0;-2;-2.2;-1.9;-3.2;0.1;250;5.555555556;5.555555556;5.2
2012400;-6;-3;26;64;-5.4;-2.2;2.7;0.8;67.7;0.7;-1.4;-1.8;-1.3;-2.6;0.4;255.5555556;38.88888889;55.55555556;8.5
2013300;-7;-4;42;98;-6.4;-4.3;2.8;0.7;65.7;0.9;-2.5;-2.7;-2.4;-3.3;0.4;255.5555556;38.88888889;55.55555556;8.5
2014200;-5;-3;3;6;-5.6;-3.4;2.2;0.4;69.1;0.9;-2.5;-2.7;-2.4;-3.6;0.4;255.5555556;38.88888889;55.55555556;8.5
2015100;-5;-2;0;0;-5;-1.1;2.2;0.2;69.5;0.9;-1.9;-2.1;-1.8;-3.1;0.4;255.5555556;38.88888889;55.55555556;8.5
2016000;-6;-3;38;93;-5.4;-2.5;2.7;0;66.2;22;-1.2;-1.6;-1.1;-2.4;1.4;300;83.33333333;105.5555556;8.2
2016900;-6;-4;42;99;-6.3;-4.2;2.7;0;65.1;23.5;-2.2;-2.5;-2.2;-3.2;1.4;300;83.33333333;105.5555556;8.2
2017800;-7;-5;42;97;-6.7;-4.6;3.1;-0.1;65;23.5;-2.5;-2.9;-2.5;-3.6;1.4;300;83.33333333;105.5555556;8.2
2018700;-7;-5;42;97;-6.9;-4.6;4.2;-0.3;61.4;23.5;-2.3;-2.6;-2.3;-3.6;1.4;300;83.33333333;105.5555556;8.2
2019600;-7;-5;42;98;-6.9;-4.6;4.1;-0.2;61.4;66.9;-2.4;-2.6;-2.3;-3.6;0.3;305.5555556;119.4444444;119.4444444;7.9
2020500;-7;-5;42;96;-6.9;-4.6;4;-0.2;64.3;82.7;-2.6;-2.9;-2.6;-3.7;0.3;305.5555556;119.4444444;119.4444444;7.9
2021400;-7;-5;42;97;-6.9;-4.6;3.5;0;71.6;82.7;-2.7;-2.9;-2.7;-3.7;0.3;305.5555556;119.4444444;119.4444444;7.9
2022300;-5;-3;2;5;-5.3;-3.3;3.6;0.3;74.9;82.7;-2.2;-2.4;-2.2;-3.6;0.3;305.5555556;119.4444444;119.4444444;7.9
2023200;-5;-1;10;26;-4.9;-1;4.1;0.5;73;134.2;-1.2;-1.4;-1;-2.8;1.6;297.2222222;202.7777778;233.3333333;6.2
2024100;-5;-3;42;105;-5.2;-3;4.4;0.6;71;152.9;-1;-1.2;-0.9;-2.1;1.6;297.2222222;202.7777778;233.3333333;6.2
2025000;-6;-4;42;102;-5.8;-3.6;4.2;1.3;67.4;143.8;-1.5;-1.8;-1.5;-2.5;1.6;297.2222222;202.7777778;233.3333333;6.2
2025900;-6;-4;42;103;-5.9;-3.8;4.4;1.7;62.8;139.3;-1.5;-1.8;-1.6;-2.7;1.6;297.2222222;202.7777778;233.3333333;6.2
2026800;-6;-4;42;103;-5.9;-3.8;5;1.8;58.8;168.2;-1.3;-1.6;-1.3;-2.6;2.1;300;166.6666667;177.7777778;3.9
2027700;-6;-3;42;106;-5.8;-3.6;5.2;1.8;56.1;168.2;-0.9;-1.2;-0.9;-2.2;2.1;300;166.6666667;177.7777778;3.9
2028600;-5;-3;42;107;-5.4;-3.3;5.3;1.1;55.8;150.1;-0.8;-1;-0.8;-2;2.1;300;166.6666667;177.7777778;3.9
2029500;-5;-3;42;107;-5.4;-3.3;5.6;0.4;54.8;129.5;-0.7;-1;-0.7;-2;2.1;300;166.6666667;177.7777778;3.9
2030400;-5;-3;42;107;-5.4;-3.3;5.2;0.6;56.2;138.5;-0.7;-1;-0.7;-1.9;1.8;297.2222222;161.1111111;219.4444444;1.5
2031300;-5;-3;42;106;-5.4;-3.3;5.2;0.6;57;139.9;-0.9;-1.2;-1;-2.1;1.8;297.2222222;161.1111111;219.4444444;1.5
2032200;-6;-3;42;105;-5.4;-3.3;4.8;1.1;57.8;139.9;-1.1;-1.3;-1.1;-2.3;1.8;297.2222222;161.1111111;219.4444444;1.5
2033100;-6;-3;42;103;-5.6;-3.4;4.6;1.7;58.8;139.9;-1.3;-1.6;-1.3;-2.5;1.8;297.2222222;161.1111111;219.4444444;1.5
2034000;-6;-4;42;103;-5.9;-3.8;4.6;1.5;58;151.7;-1.5;-1.8;-1.5;-2.7;2.3;269.4444444;119.4444444;238.8888889;1.3
2034900;-6;-4;42;104;-5.9;-3.8;5.2;1.5;54.7;154.6;-1.3;-1.6;-1.4;-2.6;2.3;269.4444444;119.4444444;238.8888889;1.3
2035800;-6;-3;42;104;-5.9;-3.8;5.3;1.7;53.1;154.6;-1;-1.3;-1.1;-2.4;2.3;269.4444444;119.4444444;238.8888889;1.3
2036700;-5;-3;42;106;-5.7;-3.3;5.2;2;53.6;154.6;-0.9;-1.1;-0.9;-2.2;2.3;269.4444444;119.4444444;238.8888889;1.3
2037600;-6;-3;42;105;-5.4;-3.3;4.4;1.9;56.3;140;-1.1;-1.3;-1.1;-2.3;1.6;288.8888889;36.11111111;41.66666667;2.1
2038500;-6;-4;42;102;-5.7;-3.6;4.2;1.9;58.5;132.7;-1.6;-1.8;-1.6;-2.7;1.6;288.8888889;36.11111111;41.66666667;2.1
2039400;-6;-4;42;100;-6.3;-4.2;4.3;1.8;58.7;132.7;-2.1;-2.3;-2;-3.2;1.6;288.8888889;36.11111111;41.66666667;2.1
2040300;-7;-4;42;98;-6.5;-4.4;4.7;1.8;57.7;132.7;-2.4;-2.6;-2.4;-3.5;1.6;288.8888889;36.11111111;41.66666667;2.1
2041200;-6;-4;19;41;-5.7;-4.6;4.7;1.7;58;97.8;-2.6;-2.8;-2.5;-3.8;1.4;280.5555556;5.555555556;5.555555556;2.8
2042100;-4;-1;0;0;-4.7;-1;4.5;1.7;59.6;95.3;-1.9;-2.2;-1.8;-3.3;1.4;280.5555556;5.555555556;5.555555556;2.8
2043000;-5;-2;27;64;-5.1;-1.8;4.2;1.9;61;95.3;-1.2;-1.5;-1.1;-2.4;1.4;280.5555556;5.555555556;5.555555556;2.8
2043900;-6;-4;42;96;-6.3;-4.2;3.8;2.3;61.9;95.3;-2.4;-2.6;-2.3;-3.2;1.4;280.5555556;5.555555556;5.555555556;2.8
2044800;-5;-3;1;1;-5.2;-3.4;3.5;2.1;63.3;51.9;-2.5;-2.7;-2.5;-3.5;0.8;294.4444444;0;0;2.3
2045700;-5;0;0;0;-4.7;-0.7;2.9;2;66.5;30.2;-2;-2.2;-1.9;-3;0.8;294.4444444;0;0;2.3
2046600;-5;-2;29;67;-5.4;-2.3;3.1;1.7;67.1;30.2;-1.7;-2.1;-1.6;-2.8;0.8;294.4444444;0;0;2.3
2047500;-6;-4;22;46;-6.1;-4.5;3.5;1.4;64.8;30.2;-2.7;-2.9;-2.6;-3.5;0.8;294.4444444;0;0;2.3
2048400;-5;-2;0;0;-5.2;-1.4;3.6;1.4;64.1;2;-2.2;-2.4;-2.1;-3.2;0.7;258.3333333;0;0;1.8
2049300;-5;-2;12;30;-5;-1.4;3.6;1.4;64.7;0;-1.5;-1.9;-1.5;-2.7;0.7;258.3333333;0;0;1.8
2050200;-6;-4;33;76;-6.1;-4.3;3.4;1.4;65.4;0;-2.5;-2.8;-2.4;-3.3;0.7;258.3333333;0;0;1.8
2051100;-5;-2;0;0;-5.4;-2.6;2.7;1.4;66.9;0;-2.5;-2.7;-2.4;-3.4;0.7;258.3333333;0;0;1.8
2052000;-5;-2;0;0;-5;-1;2.1;1.1;68.9;0;-2;-2.3;-1.9;-2.9;0.1;263.8888889;0;0;1.7
2052900;-6;-3;28;70;-5.7;-2.3;1.8;1.1;70;0;-2.1;-2.4;-2;-3;0.1;263.8888889;0;0;1.7
2053800;-6;-3;3;5;-5.8;-3.7;1.6;0.7;71.5;0;-2.7;-3;-2.6;-3.5;0.1;263.8888889;0;0;1.7
2054700;-5;-2;0;0;-5.1;-1.2;1.4;0.4;71.5;0;-2.2;-2.6;-2.1;-3.1;0.1;263.8888889;0;0;1.7
2055600;-5;-3;17;40;-5.2;-2;1.5;0.3;71.8;0;-1.8;-2.3;-1.7;-2.7;0.3;261.1111111;0;0;2.7
2056500;-6;-4;16;37;-6;-4.6;1.5;0.3;71.5;0;-2.7;-3.1;-2.7;-3.5;0.3;261.1111111;0;0;2.7
2057400;-5;-2;0;0;-5.3;-1.7;1.5;0.5;71.8;0;-2.3;-2.7;-2.3;-3.2;0.3;261.1111111;0;0;2.7
2058300;-5;-2;4;9;-4.9;-1.2;1.6;0.6;71.2;0;-1.8;-2.2;-1.7;-2.7;0.3;261.1111111;0;0;2.7
2059200;-6;-5;28;67;-6.2;-4.3;1.5;0.2;72;0;-2.6;-2.9;-2.5;-3.3;-0.4;269.4444444;0;0;2.4
2060100;-5;-2;0;0;-5.5;-2.4;1.7;0.2;69.4;0;-2.5;-2.8;-2.4;-3.2;-0.4;269.4444444;0;0;2.4
2061000;-5;-1;0;0;-5;-0.1;1.8;-0.1;69.6;0;-2;-2.3;-1.9;-2.8;-0.4;269.4444444;0;0;2.4
2061900;-6;-3;31;78;-5.7;-2.7;1.7;-0.3;70.4;0;-2.1;-2.4;-2;-2.9;-0.4;269.4444444;0;0;2.4
2062800;-6;-3;4;9;-6;-3.9;1.6;-0.4;71;0;-2.8;-3;-2.7;-3.5;-0.6;266.6666667;0;0;1.2
2063700;-5;-2;0;0;-5.3;-1.4;1.6;-0.4;70.9;0;-2.3;-2.6;-2.2;-3.1;-0.6;266.6666667;0;0;1.2
2064600;-5;-2;6;16;-5;-1.6;1.2;-0.1;72.1;0;-1.8;-2.3;-1.8;-2.7;-0.6;266.6666667;0;0;1.2
2065500;-6;-4;21;45;-6.2;-4.6;1.3;0.2;72.1;0;-2.8;-3;-2.7;-3.5;-0.6;266.6666667;0;0;1.2
2066400;-5;-2;0;0;-5.5;-2;1.7;-0.2;71.3;0;-2.5;-2.7;-2.3;-3.2;-1.3;283.3333333;0;0;1.2
2067300;-5;-2;0;0;-5;-1.5;1.6;-0.2;71.3;0;-1.9;-2.3;-1.9;-2.7;-1.3;283.3333333;0;0;1.2
2068200;-6;-4;29;70;-6;-3.7;1.6;-0.5;72.7;0;-2.3;-2.7;-2.3;-3.1;-1.3;283.3333333;0;0;1.2
2069100;-5.5;-2;14.5;35;-5.55;-1.7;1.8;0.85;71.75;0;-2.25;-2.6;-2.2;-3;-1.3;283.3333333;0;0;1.2
2070000;-5;0;0;0;-5.1;0.3;2;2.2;70.8;0;-2.2;-2.5;-2.1;-2.9;-0.9;300;0;0;1.3
2070900;-5;-1;19;49;-5.3;-1.5;1.9;2.4;71.9;0;-1.8;-2.3;-1.9;-2.7;-0.9;300;0;0;1.3
2071800;-6;-4;15;33;-6.2;-4.6;2.1;2.4;71.8;0;-2.8;-3;-2.7;-3.5;-0.9;300;0;0;1.3
2072700;-5;-2;0;0;-5.3;-1.8;2.5;2.4;69.3;0;-2.3;-2.6;-2.2;-3.1;-0.9;300;0;0;1.3
2073600;-5;-2;7;18;-4.9;-1.8;2.6;2.1;67;0;-1.7;-2.1;-1.5;-2.6;-1.2;288.8888889;0;0;1.2
2074500;-6;-4;40;93;-6.2;-4.2;2.7;2;64.6;0;-2.4;-2.7;-2.3;-3.2;-1.2;288.8888889;0;0;1.2
2075400;-6;-3;0;0;-5.8;-3.3;2.3;2;65;0;-2.6;-2.7;-2.5;-3.4;-1.2;288.8888889;0;0;1.2
2076300;-5;-2;0;0;-5.2;-1.3;2.3;2;66;0;-2.1;-2.3;-1.9;-3;-1.2;288.8888889;0;0;1.2
2077200;-6;-3;28;69;-5.5;-2.7;2.6;2.1;65.2;0;-1.7;-2.1;-1.7;-2.7;-1.3;277.7777778;0;0;1.1
2078100;-6;-4;18;41;-6.3;-4.4;2.6;2.1;64.5;0;-2.7;-2.9;-2.7;-3.5;-1.3;277.7777778;0;0;1.1
2079000;-5;-2;0;0;-5.4;-1.6;2.5;2.1;63.7;0;-2.3;-2.5;-2.2;-3.2;-1.3;277.7777778;0;0;1.1
2079900;-5;-2;6;17;-4.9;-1.3;2.2;2.1;65.6;0;-1.8;-2;-1.7;-2.7;-1.3;277.7777778;0;0;1.1
2080800;-6;-4;35;80;-6.2;-4.3;2.2;-0.3;66.2;0;-2.5;-2.8;-2.4;-3.2;-1.3;302.7777778;0;0;0.7
2081700;-6;-3;0;0;-5.8;-3.1;2.3;-1.2;67.5;0;-2.6;-2.8;-2.4;-3.4;-1.3;302.7777778;0;0;0.7
2082600;-5;-2;0;0;-5.2;-1.5;2.3;-1.2;68.8;0;-2.1;-2.4;-1.9;-2.9;-1.3;302.7777778;0;0;0.7
2083500;-6;-3;29;70;-5.6;-3.1;2.3;-1.3;70.3;0;-1.9;-2.3;-1.8;-2.8;-1.3;302.7777778;0;0;0.7
2084400;-6;-4;11;25;-6.1;-4.3;2.4;-1.3;70;0;-2.8;-3;-2.6;-3.5;-1.8;308.3333333;0;0;1.1
2085300;-5;-2;0;0;-5.3;-1.6;2.6;-1.3;70.9;0;-2.3;-2.5;-2.1;-3.1;-1.8;308.3333333;0;0;1.1
2086200;-5;-2;12;30;-5.1;-2;2.6;-1.3;73.5;0;-1.8;-2;-1.6;-2.7;-1.8;308.3333333;0;0;1.1
2087100;-6;-4;30;67;-6.2;-4.5;2.5;-1.3;76.9;0;-2.6;-2.8;-2.5;-3.4;-1.8;308.3333333;0;0;1.1
2088000;-6;-2;0;0;-5.6;-2.5;2.3;-1.2;79.7;0;-2.5;-2.6;-2.3;-3.3;-1.7;308.3333333;0;0;1.3
2088900;-5;-2;0;0;-5;-1.5;2.2;-1.1;81.4;0;-2;-2.1;-1.8;-2.9;-1.7;308.3333333;0;0;1.3
2089800;-6;-4;39;94;-5.9;-3.5;2.3;-1.1;80.4;0;-1.9;-2.3;-1.9;-2.9;-1.7;308.3333333;0;0;1.3
2090700;-6;-4;8;22;-6;-4;2.3;-1.1;80.6;0;-2.7;-2.8;-2.6;-3.5;-1.7;308.3333333;0;0;1.3
2091600;-5;-2;0;0;-5.2;-1.6;2.5;-1;80.5;0;-2.2;-2.3;-2;-3.1;-1.8;305.5555556;0;0;1.2
2092500;-5;-3;20;50;-5.3;-2.4;2.6;-1;80;0;-1.7;-1.9;-1.5;-2.6;-1.8;305.5555556;0;0;1.2
2093400;-6;-5;26;59;-6.2;-4.6;2.4;-1.2;80.1;0;-2.7;-2.9;-2.6;-3.4;-1.8;305.5555556;0;0;1.2
2094300;-6;-2;0;0;-5.7;-2.2;2.4;-1.7;81;0;-2.4;-2.5;-2.3;-3.3;-1.8;305.5555556;0;0;1.2
2095200;-5;0;0;2;-5;0;2.7;-1.7;80.2;0;-1.9;-2.1;-1.7;-2.8;-1.7;297.2222222;5.555555556;5.555555556;0.9
2096100;-6;-4;42;102;-6;-3.7;2.7;-1.7;79.3;0;-2.1;-2.4;-2;-3;-1.7;297.2222222;5.555555556;5.555555556;0.9
2097000;-6;-3;2;3;-5.9;-3.5;2.4;-1.7;79.5;0;-2.7;-2.7;-2.5;-3.5;-1.7;297.2222222;5.555555556;5.555555556;0.9
2097900;-5;-2;0;0;-5.2;-1.3;2.3;-1.7;80.2;0;-2.2;-2.3;-2;-3.1;-1.7;297.2222222;5.555555556;5.555555556;0.9
2098800;-6;-3;22;54;-5.5;-2.3;2.2;-1.8;80.7;0.2;-1.8;-2;-1.7;-2.8;-1.3;302.7777778;27.77777778;27.77777778;2
2099700;-6;-4;18;39;-6.3;-4.5;2.2;-1.8;81.3;0.2;-2.8;-2.9;-2.6;-3.5;-1.3;302.7777778;27.77777778;27.77777778;2
2100600;-5;-2;0;0;-5.4;-2;2.1;-1.9;81.4;0.2;-2.4;-2.4;-2.1;-3.2;-1.3;302.7777778;27.77777778;27.77777778;2
2101500;-5;-2;10;26;-5.1;-2;2.4;-2;81.7;0.2;-1.8;-1.9;-1.5;-2.7;-1.3;302.7777778;27.77777778;27.77777778;2
2102400;-6;-5;31;68;-6.3;-4.4;2.7;-1.8;81.3;6.7;-2.6;-2.8;-2.5;-3.4;-0.5;313.8888889;36.11111111;36.11111111;4.3
2103300;-6;-2;0;0;-5.7;-2.7;2.9;-1.8;81.3;8.3;-2.4;-2.5;-2.3;-3.4;-0.5;313.8888889;36.11111111;36.11111111;4.3
2104200;-5;-2;1;3;-5.1;-1.7;3.3;-1.7;80.7;8.3;-1.9;-2.1;-1.7;-2.9;-0.5;313.8888889;36.11111111;36.11111111;4.3
2105100;-6;-4;42;97;-6.1;-3.9;3.7;-1.6;79.9;8.3;-2.2;-2.4;-2;-3.1;-0.5;313.8888889;36.11111111;36.11111111;4.3
2106000;-6;-3;3;7;-6;-3.7;3.6;-1.3;83.9;31.3;-2.6;-2.7;-2.5;-3.6;0;313.8888889;80.55555556;80.55555556;6.2
2106900;-5;-2;0;0;-5.3;-1.7;3.3;-1.2;88.5;37;-2;-2.2;-1.9;-3.1;0;313.8888889;80.55555556;80.55555556;6.2
2107800;-6;-3;36;85;-5.9;-3.2;3.4;-1.2;90.7;36.2;-1.9;-2.1;-1.8;-2.8;0;313.8888889;80.55555556;80.55555556;6.2
2108700;-6;-4;13;26;-6.2;-4.4;3.5;-1.1;91.3;35.1;-2.7;-2.8;-2.6;-3.6;0;313.8888889;80.55555556;80.55555556;6.2
2109600;-5;-2;0;0;-5.3;-1.6;3.6;-0.5;91.3;58.1;-2;-2.2;-1.9;-3.2;1;316.6666667;144.4444444;144.4444444;5.3
2110500;-6;-3;26;64;-5.4;-2.4;3.6;-0.4;91.2;63.9;-1.6;-1.9;-1.5;-2.7;1;316.6666667;144.4444444;144.4444444;5.3
2111400;-6;-5;29;64;-6.5;-4.6;3.5;-0.4;90.9;65.5;-2.7;-2.8;-2.6;-3.5;1;316.6666667;144.4444444;144.4444444;5.3
2112300;-6;-2;0;0;-5.6;-2.5;3.5;-0.3;91;67.9;-2.3;-2.3;-2.1;-3.4;1;316.6666667;144.4444444;144.4444444;5.3
2113200;-5;-2;14;40;-5.4;-1.8;4.4;0;91.7;80.1;-1.5;-1.7;-1.3;-2.8;1.4;311.1111111;205.5555556;205.5555556;4.9
2114100;-6;-4;42;97;-6.2;-4.1;5.3;0.1;91.7;83.1;-2.3;-2.4;-2.2;-3.2;1.4;311.1111111;205.5555556;205.5555556;4.9
2115000;-6;-4;10;22;-6.2;-4.2;5.5;0.2;91.1;83.1;-2.5;-2.5;-2.4;-3.6;1.4;311.1111111;205.5555556;205.5555556;4.9
2115900;-5;-2;4;13;-5.4;-1.6;6;0.3;91;83.1;-1.6;-1.6;-1.5;-3.1;1.4;311.1111111;205.5555556;205.5555556;4.9
2116800;-6;-4;42;103;-5.7;-3.5;6.1;0.4;90.9;84.1;-1.7;-1.8;-1.5;-2.6;2;305.5555556;177.7777778;180.5555556;3.5
2117700;-7;-4;42;97;-6.5;-4.3;6;0.4;90.4;84.5;-2.5;-2.6;-2.4;-3.3;2;305.5555556;177.7777778;180.5555556;3.5
2118600;-7;-5;24;57;-6.3;-4.9;5.3;0.6;90.2;84.5;-2.6;-2.7;-2.5;-3.7;2;305.5555556;177.7777778;180.5555556;3.5
2119500;-5;-2;0;0;-5.3;-1.8;5.4;1.1;90.6;84.5;-1.9;-1.9;-1.7;-3.3;2;305.5555556;177.7777778;180.5555556;3.5
2120400;-6;-3;36;94;-5.4;-3;4.9;1.2;90.2;92.1;-1.1;-1.3;-1.1;-2.2;1.4;308.3333333;69.44444444;69.44444444;3.1
2121300;-6;-4;42;99;-6.3;-4.2;4.8;1.3;91;94.9;-2.3;-2.4;-2.2;-3.1;1.4;308.3333333;69.44444444;69.44444444;3.1
2122200;-7;-5;26;55;-6.2;-4.7;4.8;1.4;90;94.9;-2.6;-2.7;-2.6;-3.6;1.4;308.3333333;69.44444444;69.44444444;3.1
2123100;-5;-2;0;0;-5.4;-1.8;4.2;1.6;90.3;94.9;-1.9;-1.9;-1.7;-3.3;1.4;308.3333333;69.44444444;69.44444444;3.1
2124000;-5;-3;36;93;-5.4;-2.9;4.1;1.5;90.6;88.7;-1.1;-1.3;-1;-2.2;1.2;297.2222222;38.88888889;38.88888889;2.4
2124900;-6;-4;42;100;-6.2;-4;3.9;1.5;90.4;86.5;-2.1;-2.3;-2.1;-3;1.2;297.2222222;38.88888889;38.88888889;2.4
2125800;-7;-5;42;97;-6.6;-4.6;3.6;1.5;90.3;86.5;-2.7;-2.8;-2.6;-3.5;1.2;297.2222222;38.88888889;38.88888889;2.4
2126700;-5;-3;1;1;-5.5;-3.3;3.6;1.5;90.4;86.5;-2.2;-2.3;-2.1;-3.5;1.2;297.2222222;38.88888889;38.88888889;2.4
2127600;-5;-2;12;35;-5.1;-1.5;3.5;1.2;90.5;58.9;-1.3;-1.5;-1.1;-2.7;0.9;302.7777778;2.777777778;2.777777778;3.6
2128500;-6;-4;42;101;-5.8;-3.6;3.4;1.1;90.5;48.8;-1.8;-1.9;-1.7;-2.6;0.9;302.7777778;2.777777778;2.777777778;3.6
2129400;-7;-5;42;97;-6.5;-4.6;3.2;1.2;90.4;48.8;-2.6;-2.8;-2.6;-3.4;0.9;302.7777778;2.777777778;2.777777778;3.6
2130300;-5;-2;2;7;-5.6;-2.5;2.9;1.5;90.6;48.8;-2.4;-2.5;-2.3;-3.5;0.9;302.7777778;2.777777778;2.777777778;3.6
2131200;-5;0;1;3;-5.1;0.3;3;1.3;90.8;20.6;-1.9;-2;-1.7;-3;0.5;311.1111111;0;0;4.1
2132100;-6;-3;42;105;-5.6;-2.9;3.1;1.2;90.8;10.3;-1.4;-1.6;-1.3;-2.3;0.5;311.1111111;0;0;4.1
2133000;-7;-5;38;85;-6.4;-4.5;2.9;1.1;90.8;10.3;-2.7;-2.8;-2.6;-3.4;0.5;311.1111111;0;0;4.1
2133900;-6;-3;0;0;-5.6;-2.9;2.4;1;90.8;10.3;-2.4;-2.4;-2.3;-3.5;0.5;311.1111111;0;0;4.1
2134800;-5;-2;2;7;-5.1;-1.2;2.7;1;90.8;2.7;-1.8;-2;-1.6;-2.9;-0.2;308.3333333;0;0;5.3
2135700;-6;-4;39;101;-6;-3.5;3.1;1;90.8;0;-1.9;-2.1;-1.8;-2.7;-0.2;308.3333333;0;0;5.3
2136600;-6;-4;17;42;-6.2;-4.5;3.1;1;90.8;0;-2.7;-2.8;-2.6;-3.6;-0.2;308.3333333;0;0;5.3
2137500;-5;-2;0;0;-5.3;-1.5;3;1;90.8;0;-2.1;-2.3;-2;-3.1;-0.2;308.3333333;0;0;5.3
2138400;-5;-2;18;45;-5.2;-1.7;3;0.9;90.8;0;-1.5;-1.7;-1.4;-2.6;0;300;0;0;4.5
2139300;-6;-4;39;87;-6.3;-4.4;3;0.8;90.8;0;-2.5;-2.7;-2.4;-3.3;0;300;0;0;4.5
2140200;-6;-3;0;0;-5.8;-3;2.9;0.6;90.8;0;-2.4;-2.6;-2.4;-3.5;0;300;0;0;4.5
2141100;-5;-2;0;0;-5.2;-1.4;2.6;0.3;90.9;0;-1.9;-2.1;-1.8;-3;0;300;0;0;4.5
2142000;-6;-3;35;93;-5.9;-3.5;2.5;0.2;91.3;0;-2;-2.1;-1.8;-2.7;0.2;288.8888889;0;0;2.9
2142900;-6;-4;14;33;-6.2;-4.5;2.3;0.2;91.5;0;-2.7;-2.8;-2.6;-3.5;0.2;288.8888889;0;0;2.9
2143800;-5;-2;0;0;-5.4;-1.6;2.4;0;91.8;0;-2.1;-2.2;-1.9;-3.1;0.2;288.8888889;0;0;2.9
2144700;-6;-3;27;71;-5.4;-2.8;2.2;-0.4;91.8;0;-1.6;-1.8;-1.4;-2.5;0.2;288.8888889;0;0;2.9
2145600;-7;-5;33;78;-6.4;-4.6;2.1;-0.4;91.8;0;-2.7;-2.8;-2.6;-3.4;0;308.3333333;0;0;2.7
2146500;-6;-2;0;0;-5.6;-2.8;2.5;-0.4;91.8;0;-2.3;-2.4;-2.1;-3.4;0;308.3333333;0;0;2.7
2147400;-5;-1;9;25;-5.1;-0.9;2.8;-0.3;91.3;0;-1.6;-1.8;-1.4;-2.7;0;308.3333333;0;0;2.7
2148300;-6;-4;42;99;-6;-3.9;2.6;0;90.8;0;-2.1;-2.3;-2;-2.9;0;308.3333333;0;0;2.7
2149200;-6;-4;18;40;-6.2;-4.6;2.4;-0.1;91.3;0;-2.7;-2.8;-2.6;-3.6;0;300;0;0;2.4
2150100;-5;-2;0;0;-5.4;-1.6;2.3;-0.1;91.5;0;-2.1;-2.2;-1.9;-3.2;0;300;0;0;2.4
2151000;-5;-3;23;58;-5.3;-2.3;2.3;-0.1;91.8;0;-1.6;-1.7;-1.4;-2.5;0;300;0;0;2.4
2151900;-7;-4;40;96;-6.5;-4.4;2.2;-0.1;91.7;0;-2.6;-2.7;-2.5;-3.3;0;300;0;0;2.4
2152800;-6;-3;0;0;-5.7;-3.4;2.2;-0.1;91.8;0;-2.4;-2.5;-2.3;-3.5;0.1;286.1111111;0;0;3.8
2153700;-5;-2;0;0;-5;-1.5;2.3;-0.1;91.8;0;-1.9;-2.1;-1.8;-3.1;0.1;286.1111111;0;0;3.8
2154600;-6;-4;38;94;-5.8;-3.5;2.4;-0.1;91.4;0;-1.8;-2;-1.7;-2.7;0.1;286.1111111;0;0;3.8
2155500;-5.5;-2;19;47;-5.6;-1.65;2.35;0.8;91.35;0;-1.95;-2.15;-1.85;-2.95;0.1;286.1111111;0;0;3.8
2156400;-5;0;0;0;-5.4;0.2;2.3;1.7;91.3;0;-2.1;-2.3;-2;-3.2;-0.5;263.8888889;0;0;3.3
2157300;-5;-1;15;45;-5.1;-1.2;2;2.4;91;0;-1.7;-1.9;-1.5;-2.7;-0.5;263.8888889;0;0;3.3
2158200;-6;-5;28;64;-6.2;-4.5;1.7;2.4;90.8;0;-2.6;-2.8;-2.6;-3.4;-0.5;263.8888889;0;0;3.3
2159100;-6;-2;0;0;-5.6;-2.5;1.5;2.4;90.8;0;-2.4;-2.5;-2.3;-3.3;-0.5;263.8888889;0;0;3.3
2160000;-5;-2;0;1;-5;-1.4;1.3;2;90.8;0;-1.8;-2.2;-1.9;-2.9;-0.6;-2775;0;0;3.8
2160900;-6;-4;38;90;-6.1;-3.9;1.4;2;91.2;0;-2.3;-2.6;-2.2;-3.1;-0.6;-2775;0;0;3.8
2161800;-6;-3;0;0;-5.8;-3.5;1.4;2;91.3;0;-2.5;-2.8;-2.5;-3.5;-0.6;-2775;0;0;3.8
2162700;-5;-2;0;0;-5.1;-1.5;1.4;2;90.8;0;-2;-2.3;-1.9;-3;-0.6;-2775;0;0;3.8
2163600;-6;-3;29;69;-5.7;-2.9;1.2;2.1;90.8;0;-2;-2.3;-1.9;-2.8;-0.4;286.1111111;0;0;3.8
2164500;-6;-3;10;20;-6.1;-3.4;1.5;2.1;91.1;0;-2.7;-2.9;-2.6;-3.5;-0.4;286.1111111;0;0;3.8
2165400;-5;-2;0;0;-5.2;-1;1.7;2.1;90.9;0;-2.1;-2.4;-2;-3.1;-0.4;286.1111111;0;0;3.8
2166300;-5;-3;19;51;-5.3;-2.3;1.7;2.1;90.8;0;-1.8;-2.1;-1.7;-2.7;-0.4;286.1111111;0;0;3.8
2167200;-6;-4;22;48;-6.3;-4.7;1.7;-0.1;90.8;0;-2.7;-2.9;-2.6;-3.5;0.1;283.3333333;0;0;4.9
2168100;-6;-2;0;0;-5.6;-2.1;1.7;-0.3;90.6;0;-2.2;-2.4;-2.1;-3.2;0.1;283.3333333;0;0;4.9
2169000;-5;-2;12;32;-5.3;-1.9;1.6;-0.4;90.8;0;-1.6;-2;-1.5;-2.7;0.1;283.3333333;0;0;4.9
2169900;-6;-4;35;84;-6.3;-4.4;1.9;-0.5;91.2;0;-2.6;-2.8;-2.5;-3.3;0.1;283.3333333;0;0;4.9
2170800;-6;-3;0;0;-5.8;-3.2;2.1;-0.4;90.7;0;-2.4;-2.6;-2.3;-3.4;-0.2;291.6666667;0;0;4.9
2171700;-5;-2;0;0;-5.1;-1.6;1.8;-0.4;90.3;0;-1.9;-2.2;-1.8;-2.9;-0.2;291.6666667;0;0;4.9
2172600;-6;-4;36;92;-6;-3.7;1.6;-0.4;90.5;0;-2.1;-2.3;-1.9;-2.9;-0.2;291.6666667;0;0;4.9
2173500;-6;-4;7;14;-6.1;-3.9;1.9;-0.4;90.8;0;-2.6;-2.8;-2.5;-3.5;-0.2;291.6666667;0;0;4.9
2174400;-5;-2;0;0;-5.3;-1.3;2.1;-0.2;90.8;0;-2.1;-2.3;-1.9;-3.1;0.3;305.5555556;0;0;6.7
2175300;-6;-3;26;63;-5.5;-2.7;2;-0.2;90.7;0;-1.7;-2;-1.6;-2.7;0.3;305.5555556;0;0;6.7
2176200;-6;-5;26;58;-6.4;-4.7;2.1;0;90.7;0;-2.7;-2.9;-2.6;-3.5;0.3;305.5555556;0;0;6.7
2177100;-6;-2;0;0;-5.6;-2.3;2.3;0.3;90.7;0;-2.2;-2.4;-2.1;-3.3;0.3;305.5555556;0;0;6.7
2178000;-5;-3;12;34;-5.4;-1.9;2.4;0.4;90.6;0;-1.5;-1.9;-1.4;-2.6;0.4;305.5555556;0;0;7
2178900;-6;-4;42;98;-6.2;-4.1;2.4;0.4;90.6;0;-2.2;-2.5;-2.2;-3;0.4;305.5555556;0;0;7
2179800;-6;-4;13;27;-6.2;-4.3;2.5;0.3;90.8;0;-2.6;-2.8;-2.6;-3.6;0.4;305.5555556;0;0;7
2180700;-5;-2;0;0;-5.4;-1.6;3;-0.1;91;0;-2;-2.3;-1.9;-3.2;0.4;305.5555556;0;0;7
2181600;-5;-2;23;71;-5.5;-2.3;3.3;0;90.7;0;-1.4;-1.7;-1.3;-2.5;0.8;311.1111111;2.777777778;2.777777778;6.9
2182500;-7;-4;42;96;-6.4;-4.4;3.4;0;90.4;0;-2.5;-2.7;-2.4;-3.3;0.8;311.1111111;2.777777778;2.777777778;6.9
2183400;-6;-3;4;8;-6;-3.7;3.5;0.2;90.4;0;-2.5;-2.6;-2.4;-3.5;0.8;311.1111111;2.777777778;2.777777778;6.9
2184300;-5;-2;0;0;-5.2;-1.4;3.6;0.4;90.4;0;-1.9;-2.1;-1.8;-3.1;0.8;311.1111111;2.777777778;2.777777778;6.9
2185200;-6;-3;36;89;-5.7;-2.9;3.6;0.3;89.6;0.4;-1.5;-1.9;-1.4;-2.6;0.9;305.5555556;19.44444444;19.44444444;7.1
2186100;-7;-5;31;69;-6.4;-4.7;3.3;0.3;84.3;0.4;-2.7;-2.9;-2.6;-3.5;0.9;305.5555556;19.44444444;19.44444444;7.1
2187000;-6;-2;0;0;-5.7;-2.6;3.2;0.3;81.2;0.4;-2.2;-2.4;-2.1;-3.4;0.9;305.5555556;19.44444444;19.44444444;7.1
2187900;-5;-2;10;27;-5.4;-1.5;3.2;0.3;78.4;0.4;-1.5;-1.8;-1.4;-2.8;0.9;305.5555556;19.44444444;19.44444444;7.1
2188800;-6;-4;42;100;-6.1;-3.8;3.2;0.2;76.3;16.4;-2;-2.3;-2;-2.9;1;297.2222222;72.22222222;72.22222222;7.9
2189700;-7;-5;28;65;-6.5;-4.7;3.3;0.2;75.4;17.5;-2.7;-2.9;-2.6;-3.6;1;297.2222222;72.22222222;72.22222222;7.9
2190600;-6;-2;0;0;-5.6;-2.3;3.4;0.5;74.3;17.5;-2.1;-2.2;-2;-3.3;1;297.2222222;72.22222222;72.22222222;7.9
2191500;-5;-1;20;53;-5.2;-1;3.4;0.8;74.5;17.5;-1.3;-1.5;-1.1;-2.5;1;297.2222222;72.22222222;72.22222222;7.9
2192400;-6;-4;42;100;-5.9;-3.8;3.2;1;74.4;42.1;-1.9;-2.1;-1.8;-2.7;1.6;302.7777778;127.7777778;130.5555556;6.4
2193300;-7;-5;42;97;-6.6;-4.5;3.3;1;73.3;45.9;-2.6;-2.8;-2.6;-3.4;1.6;302.7777778;127.7777778;130.5555556;6.4
2194200;-6;-3;5;8;-5.8;-3.7;3.9;1;71.1;47.2;-2.3;-2.4;-2.2;-3.5;1.6;302.7777778;127.7777778;130.5555556;6.4
2195100;-5;-2;9;23;-5.3;-1.5;4.1;1.1;68.5;49.2;-1.4;-1.6;-1.3;-2.8;1.6;302.7777778;127.7777778;130.5555556;6.4
2196000;-6;-4;42;101;-5.7;-3.5;4.1;1.3;68.3;100.7;-1.7;-1.9;-1.6;-2.5;1.8;305.5555556;88.88888889;88.88888889;5.9
2196900;-7;-4;42;97;-6.4;-4.4;4.6;1.3;65.7;113.6;-2.4;-2.6;-2.3;-3.2;1.8;305.5555556;88.88888889;88.88888889;5.9
2197800;-7;-5;43;97;-6.7;-4.7;4.8;1.3;63.6;111.1;-2.7;-2.9;-2.6;-3.5;1.8;305.5555556;88.88888889;88.88888889;5.9
2198700;-6;-3;4;8;-5.8;-3.5;4.4;1.2;64.7;106.2;-2.3;-2.4;-2.2;-3.5;1.8;305.5555556;88.88888889;88.88888889;5.9
2199600;-5;-1;9;26;-5.2;-0.8;4.3;1.4;65.3;130.3;-1.4;-1.6;-1.3;-2.8;1.9;291.6666667;166.6666667;188.8888889;5.5
2200500;-6;-4;42;102;-5.7;-3.3;4.3;1.5;64.7;142.4;-1.6;-1.9;-1.6;-2.5;1.9;291.6666667;166.6666667;188.8888889;5.5
2201400;-7;-4;42;98;-6.4;-4.3;4.9;1.7;61.8;142.4;-2.4;-2.6;-2.3;-3.2;1.9;291.6666667;166.6666667;188.8888889;5.5
2202300;-7;-5;32;72;-6.5;-4.8;5.1;1.9;59.7;142.4;-2.7;-2.9;-2.6;-3.6;1.9;291.6666667;166.6666667;188.8888889;5.5
2203200;-5;-2;0;0;-5.5;-2.5;5;2;59.1;158.3;-1.9;-2;-1.8;-3.4;2.4;294.4444444;147.2222222;175;5.2
2204100;-5;-3;36;92;-5.4;-2.9;5.2;2;58.7;160.7;-1;-1.2;-0.9;-2.1;2.4;294.4444444;147.2222222;175;5.2
2205000;-6;-4;42;101;-6;-3.8;5.2;2;58.8;160.7;-1.9;-2.1;-1.8;-2.8;2.4;294.4444444;147.2222222;175;5.2
2205900;-7;-4;42;98;-6.5;-4.4;5.3;1.9;58.4;160.7;-2.4;-2.5;-2.3;-3.2;2.4;294.4444444;147.2222222;175;5.2
2206800;-7;-5;42;98;-6.7;-4.7;5.2;2;59.1;154.8;-2.7;-2.9;-2.6;-3.6;2.7;308.3333333;80.55555556;86.11111111;6.3
2207700;-6;-5;21;47;-6.2;-4.7;5.5;2;58.2;152.6;-2.5;-2.7;-2.5;-3.7;2.7;308.3333333;80.55555556;86.11111111;6.3
2208600;-5;0;2;7;-5.2;0.2;5.3;2;59.1;152.6;-1.6;-1.8;-1.5;-3.1;2.7;308.3333333;80.55555556;86.11111111;6.3
2209500;-6;-3;43;106;-5.5;-3.1;5.4;2;58.7;152.6;-1.2;-1.5;-1.1;-2.2;2.7;308.3333333;80.55555556;86.11111111;6.3
2210400;-6;-4;42;99;-6.2;-4.1;5.5;2.1;57.4;122.6;-2.1;-2.3;-2;-3;2.7;305.5555556;36.11111111;38.88888889;6.1
2211300;-7;-5;42;97;-6.7;-4.6;5.6;2.1;56.8;118;-2.5;-2.7;-2.5;-3.4;2.7;305.5555556;36.11111111;38.88888889;6.1
2212200;-6;-4;20;45;-6.2;-4.6;5.7;2.3;56.2;118;-2.6;-2.7;-2.5;-3.7;2.7;305.5555556;36.11111111;38.88888889;6.1
2213100;-5;-2;0;0;-5.1;-1.5;5.6;2.6;56;118;-1.9;-2;-1.7;-3.2;2.7;305.5555556;36.11111111;38.88888889;6.1
2214000;-5;-3;36;91;-5.4;-3;5.2;2.5;56.5;88.7;-1.3;-1.4;-1;-2.3;2.2;308.3333333;5.555555556;5.555555556;4.4
2214900;-6;-4;42;99;-6.3;-4.2;5;2.5;56.6;74;-2.4;-2.5;-2.3;-3.2;2.2;308.3333333;5.555555556;5.555555556;4.4
2215800;-6;-4;13;29;-6;-4.2;4.8;2.6;57.2;74;-2.6;-2.7;-2.5;-3.6;2.2;308.3333333;5.555555556;5.555555556;4.4
2216700;-5;-1;0;0;-5.2;-0.3;4.7;2.7;57.9;74;-2;-2;-1.8;-3.2;2.2;308.3333333;5.555555556;5.555555556;4.4
2217600;-6;-3;34;91;-5.5;-2.4;4.5;2.7;58.8;23.6;-1.4;-1.6;-1.2;-2.4;2;302.7777778;0;0;3.4
2218500;-7;-4;42;98;-6.5;-4.4;4.3;2.7;60.2;20;-2.5;-2.7;-2.4;-3.3;2;302.7777778;0;0;3.4
2219400;-6;-3;5;9;-5.8;-3.7;4.4;2.8;61.1;20;-2.5;-2.6;-2.3;-3.5;2;302.7777778;0;0;3.4
2220300;-5;-2;0;0;-5.1;-1.1;4.3;2.8;62.3;20;-1.8;-2;-1.7;-3;2;302.7777778;0;0;3.4
2221200;-6;-3;40;100;-5.6;-3;4.1;2.9;63.2;1.3;-1.5;-1.7;-1.3;-2.5;2;300;0;0;1.9
2222100;-7;-5;38;89;-6.4;-4.5;4;2.9;64.3;0;-2.6;-2.8;-2.5;-3.5;2;300;0;0;1.9
2223000;-6;-3;0;0;-5.6;-2.9;4;2.6;65.6;0;-2.3;-2.4;-2.1;-3.5;2;300;0;0;1.9
2223900;-5;-2;9;25;-5.2;-1.3;4.2;2.4;65.7;0;-1.5;-1.7;-1.2;-2.7;2;300;0;0;1.9
2224800;-6;-4;42;101;-5.9;-3.5;4.3;2.3;65.4;0;-1.9;-2.1;-1.7;-2.7;2;302.7777778;0;0;1.9
2225700;-7;-5;35;79;-6.5;-4.6;4.2;2.3;65.9;0;-2.7;-2.9;-2.6;-3.5;2;302.7777778;0;0;1.9
2226600;-6;-2;0;0;-5.6;-2.6;4.2;2.1;66.2;0;-2.2;-2.3;-2.1;-3.4;2;302.7777778;0;0;1.9
2227500;-5;-2;12;33;-5.1;-1.8;4.3;2;66.2;0;-1.5;-1.7;-1.3;-2.6;2;302.7777778;0;0;1.9
2228400;-6;-4;42;100;-6;-3.8;4.4;2;65.7;0;-2;-2.2;-1.9;-2.8;1.8;286.1111111;0;0;2.4
2229300;-7;-5;27;60;-6.4;-4.8;4.4;2;66;0;-2.7;-2.9;-2.6;-3.5;1.8;286.1111111;0;0;2.4
2230200;-5;-2;0;0;-5.5;-2.1;4.3;2;66;0;-2.2;-2.3;-2;-3.3;1.8;286.1111111;0;0;2.4
2231100;-5;-2;18;48;-5.3;-1.9;4.3;2;66.2;0;-1.5;-1.7;-1.2;-2.6;1.8;286.1111111;0;0;2.4
2232000;-6;-4;42;99;-6.3;-4.2;4;1.7;67.6;0;-2.4;-2.6;-2.2;-3.1;1.2;266.6666667;0;0;2.7
2232900;-6;-3;5;12;-6;-3.9;3.6;1.6;69.2;0;-2.5;-2.7;-2.4;-3.6;1.2;266.6666667;0;0;2.7
2233800;-5;-1;0;0;-5.3;-0.3;3.3;1.6;70.3;0;-1.9;-2.2;-1.8;-3.1;1.2;266.6666667;0;0;2.7
2234700;-6;-2;31;80;-5.6;-2.5;3.2;1.6;70.4;0;-1.7;-1.9;-1.4;-2.5;1.2;266.6666667;0;0;2.7
2235600;-6;-5;27;61;-6.4;-4.6;3;1.3;71;0;-2.7;-2.9;-2.6;-3.5;0.4;277.7777778;0;0;2.7
2236500;-6;-2;0;0;-5.6;-2.3;2.8;1.3;71.3;0;-2.2;-2.5;-2.2;-3.3;0.4;277.7777778;0;0;2.7
2237400;-5;-2;9;23;-5.2;-1.4;2.9;1.3;71.8;0;-1.6;-1.9;-1.4;-2.7;0.4;277.7777778;0;0;2.7
2238300;-6;-4;42;98;-6.2;-4.1;3;1.3;72.2;0;-2.3;-2.6;-2.2;-3.1;0.4;277.7777778;0;0;2.7
2239200;-6;-3;3;9;-5.8;-3.7;3.2;1.1;72;0;-2.5;-2.7;-2.4;-3.5;0.8;261.1111111;0;0;2.2
2240100;-5;-2;0;0;-5.1;-1.7;3.4;1.1;71.4;0;-1.9;-2.2;-1.8;-3;0.8;261.1111111;0;0;2.2
2241000;-6;-3;37;90;-5.8;-3.3;3.2;1.1;71.4;0;-1.7;-2.1;-1.6;-2.8;0.8;261.1111111;0;0;2.2
2241900;-5.5;-1.5;18.5;45;-5.65;-1.6;2.85;1.65;72.05;0;-1.95;-2.3;-1.85;-3;0.8;261.1111111;0;0;2.2
2242800;-5;0;0;0;-5.5;0.1;2.5;2.2;72.7;0;-2.2;-2.5;-2.1;-3.2;0.4;269.4444444;0;0;2.1
2243700;-5;-1;12;34;-5.2;-1.1;2;2.4;74.2;0;-1.7;-2;-1.6;-2.7;0.4;269.4444444;0;0;2.1
2244600;-6;-5;31;71;-6.4;-4.5;1.9;2.4;75.8;0;-2.6;-2.8;-2.5;-3.4;0.4;269.4444444;0;0;2.1
2245500;-6;-2;0;0;-5.7;-2.8;1.8;2.4;75.5;0;-2.4;-2.6;-2.3;-3.3;0.4;269.4444444;0;0;2.1
2246400;-5;-2;0;1;-5.1;-1.5;2.1;2.1;75.5;0;-1.8;-2.2;-1.7;-2.9;-0.1;-2775;0;0;1.2
2247300;-6;-4;42;101;-6.1;-3.7;2.4;2;73.9;0;-2.2;-2.4;-2;-2.9;-0.1;-2775;0;0;1.2
2248200;-6;-4;6;14;-6.2;-4.1;2.5;2;73;0;-2.7;-2.8;-2.6;-3.5;-0.1;-2775;0;0;1.2
2249100;-5;-2;0;0;-5.4;-1.6;2.4;2;73.3;0;-2.1;-2.4;-2;-3;-0.1;-2775;0;0;1.2
2250000;-6;-3;24;60;-5.5;-2.6;2.4;2.1;74.4;0;-1.7;-2;-1.6;-2.6;-0.1;272.2222222;0;0;2.5
2250900;-6;-5;29;68;-6.5;-4.6;2.7;2.1;74.2;0;-2.7;-2.9;-2.6;-3.4;-0.1;272.2222222;0;0;2.5
2251800;-6;-2;0;0;-5.7;-2.3;2.5;2.1;74.6;0;-2.2;-2.4;-2.1;-3.3;-0.1;272.2222222;0;0;2.5
2252700;-5;-2;5;19;-5.2;-1.4;2.3;2.1;75.7;0;-1.6;-1.9;-1.5;-2.8;-0.1;272.2222222;0;0;2.5
2253600;-6;-4;42;100;-6;-3.9;2.6;0.3;75.2;0;-2.2;-2.4;-2.1;-3;0.1;277.7777778;0;0;2.5
2254500;-6;-4;9;21;-6.3;-4.2;2.6;-0.6;74.4;0;-2.7;-2.8;-2.6;-3.6;0.1;277.7777778;0;0;2.5
2255400;-5;-2;0;0;-5.5;-1.8;2.4;-0.6;74.3;0;-2.2;-2.3;-2;-3.1;0.1;277.7777778;0;0;2.5
2256300;-5;-3;15;43;-5.3;-2.3;2.3;-0.7;75;0;-1.7;-2;-1.6;-2.7;0.1;277.7777778;0;0;2.5
2257200;-6;-5;26;64;-6.5;-4.6;2.3;-1;75.2;0;-2.7;-2.9;-2.6;-3.4;0.1;286.1111111;0;0;1.8
2258100;-6;-2;0;0;-5.7;-2.5;2.5;-1.2;74.8;0;-2.4;-2.6;-2.3;-3.3;0.1;286.1111111;0;0;1.8
2259000;-5;-1;1;5;-5.1;-1.4;2.5;-0.9;75.1;0;-1.8;-2.1;-1.8;-2.8;0.1;286.1111111;0;0;1.8
2259900;-6;-4;40;93;-6.1;-4;2.4;-0.7;74.9;0;-2.4;-2.6;-2.2;-3.1;0.1;286.1111111;0;0;1.8
2260800;-6;-3;0;0;-6.1;-3.5;2.3;-0.9;75.6;0;-2.6;-2.7;-2.5;-3.4;-0.4;294.4444444;0;0;2.1
2261700;-5;-2;0;0;-5.3;-2;2.2;-1;76.3;0;-2.1;-2.3;-2;-3;-0.4;294.4444444;0;0;2.1
2262600;-6;-3;28;68;-5.7;-3.1;2.3;-0.5;76.4;0;-2;-2.3;-1.9;-2.8;-0.4;294.4444444;0;0;2.1
2263500;-6;-4;11;23;-6.1;-4.5;2.3;-0.2;76.8;0;-2.7;-3;-2.7;-3.5;-0.4;294.4444444;0;0;2.1
2264400;-5;-2;0;0;-5.4;-2.1;2.4;-0.5;76.2;0;-2.2;-2.5;-2.1;-3.1;-0.3;297.2222222;0;0;2
2265300;-5;-3;18;44;-5.3;-2.6;2.7;-0.6;75.2;0;-1.8;-2.1;-1.7;-2.7;-0.3;297.2222222;0;0;2
2266200;-6;-5;26;59;-6.3;-4.7;2.9;-0.3;73.3;0;-2.7;-2.9;-2.6;-3.4;-0.3;297.2222222;0;0;2
2267100;-6;-2;0;0;-5.8;-2.6;3;-0.2;72.3;0;-2.4;-2.5;-2.2;-3.2;-0.3;297.2222222;0;0;2
2268000;-5;0;4;13;-5.2;-0.3;3.2;-0.5;70.9;0;-1.8;-2;-1.6;-2.7;-0.3;302.7777778;2.777777778;2.777777778;3.6
2268900;-6;-4;42;100;-6.1;-3.8;3.3;-0.7;69.9;0;-2.2;-2.4;-2;-2.8;-0.3;302.7777778;2.777777778;2.777777778;3.6
2269800;-6;-4;10;25;-6.2;-4.1;3.4;-0.6;69.3;0;-2.7;-2.8;-2.6;-3.5;-0.3;302.7777778;2.777777778;2.777777778;3.6
2270700;-5;-2;0;0;-5.4;-1.8;3.6;-0.6;67.8;0;-2.1;-2.3;-2;-3.1;-0.3;302.7777778;2.777777778;2.777777778;3.6
2271600;-5;-3;24;59;-5.5;-2.6;3.7;-0.7;67.4;0.5;-1.7;-1.9;-1.5;-2.6;0.7;308.3333333;22.22222222;22.22222222;3.6
2272500;-6;-5;27;62;-6.3;-4.5;3.5;-0.8;67.7;0.7;-2.7;-2.8;-2.6;-3.4;0.7;308.3333333;22.22222222;22.22222222;3.6
2273400;-6;-2;0;0;-5.7;-2.6;3.6;-0.5;67.8;0.7;-2.2;-2.4;-2.2;-3.3;0.7;308.3333333;22.22222222;22.22222222;3.6
2274300;-5;-2;14;37;-5.3;-2.1;3.5;-0.4;68.8;0.7;-1.5;-1.8;-1.5;-2.7;0.7;308.3333333;22.22222222;22.22222222;3.6
2275200;-6;-4;42;97;-6.3;-4.2;3.4;-0.3;71.4;10.3;-2.4;-2.6;-2.3;-3.1;0;308.3333333;30.55555556;30.55555556;4.1
2276100;-6;-4;6;14;-6.2;-4.1;3.5;-0.3;72.8;15.1;-2.6;-2.7;-2.5;-3.6;0;308.3333333;30.55555556;30.55555556;4.1
2277000;-5;-2;0;0;-5.4;-1.8;3.8;-0.2;73.8;15.1;-1.9;-2.2;-1.8;-3.1;0;308.3333333;30.55555556;30.55555556;4.1
2277900;-6;-3;34;87;-5.7;-2.8;3.9;-0.1;74.5;15.1;-1.6;-1.8;-1.4;-2.6;0;308.3333333;30.55555556;30.55555556;4.1
2278800;-7;-5;28;64;-6.4;-4.6;3.9;0.1;74.8;37;-2.7;-2.8;-2.6;-3.5;-0.4;311.1111111;58.33333333;58.33333333;4.9
2279700;-6;-2;0;0;-5.8;-2.7;3.7;0.2;75.4;48;-2.2;-2.3;-2.1;-3.3;-0.4;311.1111111;58.33333333;58.33333333;4.9
2280600;-5;-2;15;41;-5.4;-2.1;3.7;0.8;76.3;52.1;-1.4;-1.7;-1.3;-2.6;-0.4;311.1111111;58.33333333;58.33333333;4.9
2281500;-6;-4;42;97;-6.3;-4.1;3.5;1.1;77.7;54.2;-2.3;-2.5;-2.2;-3;-0.4;311.1111111;58.33333333;58.33333333;4.9
2282400;-6;-4;9;20;-6.2;-4.2;3.2;1.4;80.5;72.9;-2.6;-2.7;-2.5;-3.5;-0.6;311.1111111;91.66666667;91.66666667;4
2283300;-5;-2;0;0;-5.4;-1.8;3.1;1.6;83.9;82.3;-2;-2.1;-1.8;-3;-0.6;311.1111111;91.66666667;91.66666667;4
2284200;-6;-3;35;85;-5.7;-3.1;3.3;0.9;85.2;83.4;-1.6;-1.8;-1.4;-2.4;-0.6;311.1111111;91.66666667;91.66666667;4
2285100;-7;-5;35;81;-6.5;-4.6;3.4;0.5;84.5;84.1;-2.7;-2.9;-2.6;-3.4;-0.6;311.1111111;91.66666667;91.66666667;4
2286000;-6;-2;0;0;-5.9;-2.4;3.4;1.1;84.6;90.6;-2.3;-2.3;-2.2;-3.4;-0.2;308.3333333;105.5555556;105.5555556;1.9
2286900;-5;-1;10;30;-5.3;-0.4;3.5;1.1;85.2;90.6;-1.5;-1.7;-1.3;-2.6;-0.2;308.3333333;105.5555556;105.5555556;1.9
2287800;-6;-4;42;100;-5.9;-3.8;3.6;0.6;85.7;90.6;-2.1;-2.2;-1.9;-2.8;-0.2;308.3333333;105.5555556;105.5555556;1.9
2288700;-7;-5;30;69;-6.5;-4.8;3.7;0.2;85.6;90.6;-2.8;-2.9;-2.7;-3.5;-0.2;308.3333333;105.5555556;105.5555556;1.9
2289600;-6;-2;0;0;-5.7;-2.6;3.7;0.7;85.1;84;-2.1;-2.2;-2;-3.4;0.6;311.1111111;111.1111111;111.1111111;1.3
2290500;-5;-2;18;47;-5.3;-2.2;3.7;0.7;84.2;83.5;-1.4;-1.5;-1.2;-2.4;0.6;311.1111111;111.1111111;111.1111111;1.3
2291400;-6;-4;42;99;-6;-3.9;3.9;0.3;83.9;83.5;-2;-2.2;-2;-2.8;0.6;311.1111111;111.1111111;111.1111111;1.3
2292300;-7;-5;39;88;-6.6;-4.7;4.2;-0.2;84.7;83.5;-2.7;-2.9;-2.7;-3.5;0.6;311.1111111;111.1111111;111.1111111;1.3
2293200;-6;-3;0;0;-5.8;-3.2;4.3;0.7;83.9;78.6;-2.2;-2.3;-2.1;-3.5;0.8;313.8888889;50;50;1.7
2294100;-5;-2;13;36;-5.3;-1.9;4.1;0.8;84.5;77.8;-1.2;-1.5;-1.2;-2.6;0.8;313.8888889;50;50;1.7
2295000;-6;-4;42;99;-5.8;-3.7;4.2;0.7;84;77.8;-1.8;-1.9;-1.7;-2.6;0.8;313.8888889;50;50;1.7
2295900;-7;-5;42;98;-6.5;-4.5;4.2;0.5;83.5;77.8;-2.6;-2.7;-2.5;-3.3;0.8;313.8888889;50;50;1.7
2296800;-6;-4;6;12;-6;-3.9;4.1;0.8;83.2;71.2;-2.4;-2.5;-2.3;-3.5;1.1;316.6666667;19.44444444;19.44444444;1.6
2297700;-5;-2;2;11;-5.3;-1.7;3.9;0.9;82.7;69.5;-1.6;-1.7;-1.4;-2.8;1.1;316.6666667;19.44444444;19.44444444;1.6
2298600;-6;-4;43;104;-5.7;-3.5;3.9;0.9;82.7;69.5;-1.6;-1.8;-1.5;-2.5;1.1;316.6666667;19.44444444;19.44444444;1.6
2299500;-7;-5;42;96;-6.5;-4.5;4;1;82.3;69.5;-2.6;-2.8;-2.6;-3.4;1.1;316.6666667;19.44444444;19.44444444;1.6
2300400;-6;-3;1;1;-6;-3.5;3.8;1.2;80.9;49.3;-2.4;-2.5;-2.3;-3.5;0.7;316.6666667;2.777777778;2.777777778;0.7
2301300;-5;-2;1;4;-5.3;-1.7;3.9;1.3;82.2;41.9;-1.8;-2;-1.7;-3;0.7;316.6666667;2.777777778;2.777777778;0.7
2302200;-6;-4;41;103;-5.8;-3.4;4.1;1.2;81.9;41.9;-1.6;-1.8;-1.4;-2.6;0.7;316.6666667;2.777777778;2.777777778;0.7
2303100;-7;-4;26;56;-6.4;-4.5;4.1;1;83.2;41.9;-2.7;-2.8;-2.6;-3.6;0.7;316.6666667;2.777777778;2.777777778;0.7
2304000;-5;-2;0;0;-5.5;-1.9;4.2;1.2;83.6;21.3;-2.2;-2.4;-2.1;-3.3;0.3;319.4444444;0;0;1.5
2304900;-5;-2;15;36;-5.2;-1.5;4.2;1.3;82.7;11;-1.5;-1.7;-1.3;-2.7;0.3;319.4444444;0;0;1.5
2305800;-6;-4;42;98;-6.3;-4.2;4.2;1.3;82.5;11;-2.4;-2.6;-2.3;-3.2;0.3;319.4444444;0;0;1.5
2306700;-6;-3;1;4;-6;-3.7;4.1;1.3;82.4;11;-2.5;-2.6;-2.4;-3.5;0.3;319.4444444;0;0;1.5
2307600;-5;-2;0;0;-5.3;-1.8;4.1;2;82.7;0;-1.9;-2.1;-1.8;-3.1;0.4;319.4444444;0;0;2.3
2308500;-6;-3;36;88;-5.7;-3.2;4;2;82.9;0;-1.7;-1.9;-1.5;-2.6;0.4;319.4444444;0;0;2.3
2309400;-6;-4;19;42;-6.4;-4.6;4;1.7;83.6;0;-2.7;-2.9;-2.6;-3.6;0.4;319.4444444;0;0;2.3
2310300;-6;-2;0;0;-5.6;-2;4.1;1.4;84;0;-2.2;-2.3;-2;-3.2;0.4;319.4444444;0;0;2.3
2311200;-5;-3;20;53;-5.5;-2.3;4.3;2;82.9;0;-1.5;-1.7;-1.3;-2.6;1.2;322.2222222;0;0;1.7
2312100;-6;-4;42;97;-6.4;-4.3;4.4;2;81.9;0;-2.5;-2.7;-2.3;-3.2;1.2;322.2222222;0;0;1.7
2313000;-6;-3;4;9;-6.1;-3.8;4.5;1.3;81.8;0;-2.5;-2.6;-2.3;-3.5;1.2;322.2222222;0;0;1.7
2313900;-5;-2;1;5;-5.4;-1.6;4.5;0.6;82.3;0;-1.8;-2;-1.6;-3;1.2;322.2222222;0;0;1.7
2314800;-6;-4;41;104;-5.8;-3.3;4.7;1;82.4;0;-1.7;-1.9;-1.5;-2.6;1.2;322.2222222;0;0;2
2315700;-7;-5;31;71;-6.5;-4.7;4.7;1.1;81.9;0;-2.7;-2.8;-2.6;-3.5;1.2;322.2222222;0;0;2
2316600;-6;-2;0;0;-5.7;-2.6;4.7;0.9;81.6;0;-2.1;-2.3;-2.1;-3.4;1.2;322.2222222;0;0;2
2317500;-5;-2;10;34;-5.1;-1.6;4.7;0.6;81.6;0;-1.4;-1.6;-1.2;-2.6;1.2;322.2222222;0;0;2
2318400;-6;-4;42;99;-6;-3.8;4.9;0.8;81.5;0;-2;-2.4;-2;-2.9;1.4;322.2222222;0;0;2.3
2319300;-6;-4;18;42;-6.4;-4.6;5;0.9;81.1;0;-2.6;-2.8;-2.5;-3.6;1.4;322.2222222;0;0;2.3
2320200;-6;-1;0;0;-5.6;-0.8;5.1;1;81.1;0;-2;-2.3;-1.9;-3.2;1.4;322.2222222;0;0;2.3
2321100;-6;-2;26;69;-5.5;-1.8;5.1;1.2;80.6;0;-1.3;-1.7;-1.3;-2.6;1.4;322.2222222;0;0;2.3
2322000;-7;-4;42;97;-6.4;-4.3;5.2;1.6;80.6;0;-2.5;-2.7;-2.4;-3.3;1.6;322.2222222;0;0;3.1
2322900;-6;-3;2;6;-6;-3.8;5.3;1.7;80.2;0;-2.4;-2.6;-2.3;-3.5;1.6;322.2222222;0;0;3.1
2323800;-5;-2;1;5;-5.2;-1.6;5.3;1.6;80.1;0;-1.7;-1.9;-1.6;-3;1.6;322.2222222;0;0;3.1
2324700;-6;-4;42;103;-5.8;-3.5;5.4;1.4;79.9;0;-1.5;-1.7;-1.4;-2.5;1.6;322.2222222;0;0;3.1
2325600;-7;-5;40;94;-6.5;-4.5;5.4;1.7;79.8;0;-2.6;-2.8;-2.6;-3.5;1.6;322.2222222;0;0;2.2
2326500;-6;-3;0;0;-6;-3.4;5.4;1.8;80.1;0;-2.3;-2.4;-2.2;-3.6;1.6;322.2222222;0;0;2.2
2327400;-5;-2;1;3;-5.2;-1.6;5.4;1.7;80.2;0;-1.6;-1.9;-1.5;-3;1.6;322.2222222;0;0;2.2
2328300;-6;-3.5;17;38;-5.8;-3.1;5.35;1.9;80.4;0;-2.15;-2.4;-2.05;-3.3;1.6;322.2222222;0;0;2.2
2329200;-7;-5;33;73;-6.4;-4.6;5.3;2.1;80.6;0;-2.7;-2.9;-2.6;-3.6;2.3;319.4444444;0;0;2.2
2330100;-6;-2;0;0;-5.7;-2.8;5.2;2.4;80.7;0;-2.2;-2.4;-2.1;-3.4;2.3;319.4444444;0;0;2.2
2331000;-5;-2;9;27;-5.2;-2;5.2;2.4;81.1;0;-1.4;-1.7;-1.2;-2.6;2.3;319.4444444;0;0;2.2
2331900;-6;-4;42;101;-5.8;-3.7;5.3;2.4;81.1;0;-1.9;-2.1;-1.7;-2.7;2.3;319.4444444;0;0;2.2
2332800;-7;-5;42;96;-6.7;-4.6;5.3;2.1;81;0;-2.7;-2.9;-2.6;-3.5;2.5;316.6666667;0;0;3.6
2333700;-6;-3;1;5;-5.9;-3.4;5.2;2;81;0;-2.3;-2.4;-2.1;-3.6;2.5;316.6666667;0;0;3.6
2334600;-5;-2;9;27;-5.3;-1.7;5.3;2;81;0;-1.4;-1.5;-1.1;-2.8;2.5;316.6666667;0;0;3.6
2335500;-6;-3;42;103;-5.6;-3.4;5.4;2;80.4;0;-1.5;-1.7;-1.4;-2.6;2.5;316.6666667;0;0;3.6
2336400;-6;-4;42;99;-6.3;-4.2;5.5;2.1;79.9;0;-2.2;-2.4;-2.1;-3.1;2.8;322.2222222;0;0;3.7
2337300;-7;-5;42;97;-6.6;-4.4;5.5;2.1;79.7;0;-2.5;-2.7;-2.4;-3.5;2.8;322.2222222;0;0;3.7
2338200;-7;-5;42;98;-6.6;-4.8;5.6;2.1;79.6;0;-2.6;-2.8;-2.5;-3.7;2.8;322.2222222;0;0;3.7
2339100;-7;-5;42;98;-6.6;-4.8;5.6;2.1;79.6;0;-2.7;-2.9;-2.6;-3.8;2.8;322.2222222;0;0;3.7
2340000;-7;-5;42;98;-6.6;-4.8;5.6;2.4;79.6;0;-2.6;-2.8;-2.5;-3.8;3.3;325;0;0;2.3
2340900;-7;-5;42;98;-6.6;-4.8;5.6;2.4;79.6;0;-2.6;-2.8;-2.5;-3.8;3.3;325;0;0;2.3
2341800;-7;-5;42;98;-6.6;-4.8;5.7;2.4;79.3;0;-2.5;-2.7;-2.4;-3.7;3.3;325;0;0;2.3
2342700;-7;-5;42;98;-6.6;-4.8;5.8;2.5;79.1;0;-2.4;-2.6;-2.4;-3.7;3.3;325;0;0;2.3
2343600;-7;-5;42;100;-6.6;-4.8;5.9;2.6;79;0;-2.4;-2.6;-2.3;-3.6;3.4;327.7777778;0;0;2.5
2344500;-7;-4;42;100;-6.6;-4.8;6.1;2.6;78.6;0;-2.2;-2.5;-2.2;-3.5;3.4;327.7777778;0;0;2.5
2345400;-7;-4;42;101;-6.6;-4.8;6.1;2.7;78.6;0;-2.1;-2.3;-2.1;-3.4;3.4;327.7777778;0;0;2.5
2346300;-6;-4;42;101;-6.6;-4.4;6.2;2.8;78.6;0;-1.9;-2.1;-1.9;-3.2;3.4;327.7777778;0;0;2.5
2347200;-6;-4;42;101;-6.6;-4.3;6.2;3;79;0;-1.8;-2.1;-1.9;-3.1;3.4;330.5555556;0;0;2.9
2348100;-6;-4;42;102;-6.6;-4.3;6.3;3;79.6;0;-1.8;-2.1;-1.8;-3;3.4;330.5555556;0;0;2.9
2349000;-6;-4;42;102;-6.6;-4.3;6.5;3.2;79.4;0;-1.9;-2.1;-1.9;-3.1;3.4;330.5555556;0;0;2.9
2349900;-6;-4;42;102;-6.6;-4.3;6.5;3.4;78.4;0;-1.9;-2.1;-1.8;-3;3.4;330.5555556;0;0;2.9
2350800;-6;-4;42;101;-6.6;-4.3;6.7;3.6;77.7;0;-1.9;-2.2;-1.9;-3.1;3.4;330.5555556;0;0;2.8
2351700;-6;-4;42;101;-6.6;-4.3;6.7;3.6;77.1;0;-2;-2.3;-2;-3.1;3.4;330.5555556;0;0;2.8
2352600;-6;-4;42;101;-6.6;-4.3;6.7;3.6;77.1;0;-2;-2.3;-2.1;-3.2;3.4;330.5555556;0;0;2.8
2353500;-6;-4;42;100;-6.6;-4.3;6.7;3.5;77;0;-2;-2.2;-2;-3.1;3.4;330.5555556;0;0;2.8
2354400;-6;-4;42;99;-6.6;-4.3;6.7;3.5;77.6;0;-2;-2.3;-2.1;-3.1;2.8;330.5555556;0;0;3.6
2355300;-6;-4;42;100;-6.6;-4.3;6.7;3.5;77.8;0;-2;-2.3;-2;-3.1;2.8;330.5555556;0;0;3.6
2356200;-6;-4;42;100;-6.6;-4.3;6.7;3.5;79;0;-2;-2.3;-2;-3.1;2.8;330.5555556;0;0;3.6
2357100;-6;-4;42;100;-6.6;-4.3;6.5;3.4;79.7;0;-2;-2.3;-2.1;-3.1;2.8;330.5555556;0;0;3.6
2358000;-6;-4;42;101;-6.6;-4.3;6.5;3.5;80.6;0.2;-2.1;-2.3;-2.1;-3.1;3;330.5555556;8.333333333;8.333333333;4.3
2358900;-6;-4;42;102;-6.6;-4.3;6.6;3.5;81.6;0.2;-1.9;-2.2;-2;-3;3;330.5555556;8.333333333;8.333333333;4.3
2359800;-6;-4;42;103;-6.4;-4.3;6.5;3.5;83.1;0.2;-1.6;-1.9;-1.7;-2.7;3;330.5555556;8.333333333;8.333333333;4.3
2360700;-6;-3;42;106;-6.1;-3.8;6.6;3.5;84.5;0.2;-1.2;-1.5;-1.3;-2.3;3;330.5555556;8.333333333;8.333333333;4.3
2361600;-6;-3;42;108;-5.7;-3.5;6.7;3.7;84.9;6.1;-0.9;-1.2;-0.9;-2;3.4;333.3333333;22.22222222;22.22222222;4.9
2362500;-5;-3;42;109;-5.6;-3.3;6.5;3.8;86.4;7.6;-0.7;-1;-0.7;-1.6;3.4;333.3333333;22.22222222;22.22222222;4.9
2363400;-5;-3;42;110;-5.1;-2.9;6.6;3.5;88;7.6;-0.4;-0.7;-0.4;-1.3;3.4;333.3333333;22.22222222;22.22222222;4.9
2364300;-5;-2;42;110;-5.1;-2.8;6.7;3.1;88;7.6;-0.2;-0.5;-0.2;-1;3.4;333.3333333;22.22222222;22.22222222;4.9
2365200;-5;-2;42;113;-4.7;-2.4;6.7;3.7;88.1;22.4;0.1;-0.2;0.1;-0.8;5;338.8888889;22.22222222;22.22222222;4.7
2366100;-4;-2;42;114;-4.6;-2.2;6.7;3.9;88.7;26.1;0.4;0.1;0.4;-0.5;5;338.8888889;22.22222222;22.22222222;4.7
2367000;-4;-2;42;115;-4.2;-1.8;6.9;3.8;89.3;25.6;0.6;0.3;0.6;-0.4;5;338.8888889;22.22222222;22.22222222;4.7
2367900;-4;-2;42;115;-4.1;-1.8;6.9;3.7;88.8;24.5;0.6;0.3;0.6;-0.4;5;338.8888889;22.22222222;22.22222222;4.7
2368800;-4;-2;42;114;-4.1;-1.8;7.1;4.4;88;44.9;0.6;0.2;0.6;-0.4;6.1;341.6666667;50;50;5.7
2369700;-4;-2;42;115;-4.1;-1.8;7.2;4.8;88;58.5;0.8;0.4;0.7;-0.3;6.1;341.6666667;50;50;5.7
2370600;-4;-2;42;117;-4.1;-1.6;7.5;4.6;87.6;56.5;1.1;0.6;0.9;0;6.1;341.6666667;50;50;5.7
2371500;-4;-2;42;118;-3.7;-1.3;7.7;4.4;87.8;54.3;1.2;0.8;1.2;0.2;6.1;341.6666667;50;50;5.7
2372400;-3;-2;42;119;-3.6;-1.1;8;5.4;87.1;63.4;1.5;1.1;1.5;0.5;7.2;347.2222222;91.66666667;91.66666667;8.4
2373300;-3;-2;43;119;-3.6;-0.8;8;5.6;87.1;65.7;1.5;1.2;1.6;0.5;7.2;347.2222222;91.66666667;91.66666667;8.4
2374200;-3;-2;43;120;-3.5;-0.8;8.4;5.7;87;65.7;1.6;1.3;1.6;0.6;7.2;347.2222222;91.66666667;91.66666667;8.4
2375100;-3;0;43;121;-3.1;-0.8;9.1;6;86.2;65.7;1.9;1.5;1.8;0.7;7.2;347.2222222;91.66666667;91.66666667;8.4
2376000;-3;0;42;122;-3.1;-0.8;9.7;6.8;86.1;79.2;2;1.6;2;0.8;7.9;350;88.88888889;94.44444444;8.3
2376900;-3;0;43;123;-3.1;-0.3;10.2;6.8;84.5;79.2;2.2;1.8;2.2;0.9;7.9;350;88.88888889;94.44444444;8.3
2377800;-3;0;43;125;-2.8;-0.3;10.4;6.8;83.3;79.2;2.4;2.1;2.4;1.1;7.9;350;88.88888889;94.44444444;8.3
2378700;-3;0;43;124;-2.6;-0.3;10.5;6.7;83.2;79.2;2.5;2.1;2.4;1.1;7.9;350;88.88888889;94.44444444;8.3
2379600;-2;0;43;125;-2.6;-0.2;10.4;7.4;83.8;71.8;2.6;2.1;2.5;1.2;10.1;352.7777778;100;100;7
2380500;-2;0;43;128;-2.4;0.2;10.8;7.6;84.4;69.9;3;2.5;2.9;1.5;10.1;352.7777778;100;100;7
2381400;-2;0;43;128;-2.1;0.7;11.2;7.7;82.6;69.9;3.4;2.8;3.3;1.8;10.1;352.7777778;100;100;7
2382300;-2;0;43;131;-1.8;0.7;11.5;8;81.6;69.9;3.7;3;3.6;2.1;10.1;352.7777778;100;100;7
2383200;-2;0;43;133;-1.6;1.2;11.9;8.3;80.4;60.6;4;3.3;3.8;2.4;11.3;358.3333333;41.66666667;44.44444444;6
2384100;-2;1;43;134;-1.4;1.4;12.3;8.3;79.5;60.6;4.3;3.5;4.1;2.7;11.3;358.3333333;41.66666667;44.44444444;6
2385000;-2;1;43;135;-1.1;1.7;12.4;8.3;79.2;60.6;4.4;3.6;4.2;2.9;11.3;358.3333333;41.66666667;44.44444444;6
2385900;-2;1;43;135;-1.1;1.7;12.4;8.2;79.6;60.6;4.2;3.6;4.1;2.9;11.3;358.3333333;41.66666667;44.44444444;6
2386800;-2;1;43;135;-1.1;1.7;12.5;8.5;79.4;43.1;4.3;3.6;4.1;3;11.6;347.2222222;2.777777778;2.777777778;5
2387700;-2;1;43;136;-1.1;1.8;12.7;8.6;79.2;36.8;4.7;3.9;4.4;3.3;11.6;347.2222222;2.777777778;2.777777778;5
2388600;0;2;43;139;-0.6;2.3;12.7;9.1;78.8;36.8;5.2;4.4;5;3.8;11.6;347.2222222;2.777777778;2.777777778;5
2389500;0;2;43;140;-0.1;2.7;12.7;10.4;78.9;36.8;5.7;4.8;5.4;4.2;11.6;347.2222222;2.777777778;2.777777778;5
2390400;0;2;43;143;0.1;3.1;12.5;10.5;79.9;16.6;6;5.1;5.8;4.4;11.3;347.2222222;0;0;6.2
2391300;0;3;43;144;0.4;3.2;12.4;10.5;79.7;9.2;6.1;5.3;6.1;4.6;11.3;347.2222222;0;0;6.2
2392200;0;3;43;146;0.5;3.7;12.4;10.9;78.9;9.2;6.4;5.6;6.4;4.9;11.3;347.2222222;0;0;6.2
2393100;0;3;43;145;0.9;3.7;12.6;11.5;78.3;9.2;6.3;5.6;6.2;4.8;11.3;347.2222222;0;0;6.2
2394000;0;3;43;145;0.9;3.7;12.7;11.9;77.2;2.5;6.3;5.6;6.3;4.8;11.5;330.5555556;0;0;5
2394900;0;3;43;147;0.9;3.9;12.5;12;76.7;0;6.6;6;6.5;5.1;11.5;330.5555556;0;0;5
2395800;0;3;43;149;0.9;4.2;12.7;12.2;76.1;0;6.8;6.3;6.9;5.5;11.5;330.5555556;0;0;5
2396700;0;4;43;150;1.4;4.2;12.8;12.4;75.5;0;7;6.5;7.1;5.7;11.5;330.5555556;0;0;5
2397600;1;4;43;149;1.4;4.6;12.8;12.5;74.7;0;7;6.7;7.1;5.8;11.5;352.7777778;0;0;3.9
2398500;1;4;43;150;1.4;4.7;12.7;12.5;74.7;0;7.1;6.8;7.2;5.9;11.5;352.7777778;0;0;3.9
2399400;1;4;43;150;1.4;4.7;12.7;12.2;75;0;7.1;6.6;7;5.8;11.5;352.7777778;0;0;3.9
2400300;0;3;43;147;1.4;4.5;12.6;11.6;75.4;0;6.7;6.2;6.5;5.5;11.5;352.7777778;0;0;3.9
2401200;0;3;43;147;1.4;4.2;12.8;11.5;75;0;6.5;6.1;6.5;5.6;11.3;355.5555556;0;0;4.1
2402100;0;4;43;150;1.4;4.2;12.9;11.5;74.7;0;6.8;6.4;6.8;5.7;11.3;355.5555556;0;0;4.1
2403000;0;4;43;150;1.4;4.2;12.9;11.5;74.2;0;6.9;6.6;7;5.9;11.3;355.5555556;0;0;4.1
2403900;1;4;43;152;1.4;4.7;12.8;11.5;74.2;0;7.2;6.9;7.2;6.2;11.3;355.5555556;0;0;4.1
2404800;1;4;43;152;1.7;4.7;12.9;11.2;73.9;0;7.4;7;7.3;6.2;11.1;350;0;0;2.8
2405700;1;4;43;152;1.9;4.7;12.9;11.2;73.4;0;7.4;7;7.3;6.2;11.1;350;0;0;2.8
2406600;1;4;43;150;1.9;4.7;12.6;11.2;73.6;0;7.2;6.9;7.2;6.1;11.1;350;0;0;2.8
2407500;1;4;43;149;1.9;4.7;12.4;11.3;74.5;0;6.9;6.6;7;5.8;11.1;350;0;0;2.8
2408400;0;4;43;149;1.4;4.7;12.7;11.1;74;0;6.8;6.4;6.8;5.7;10.8;333.3333333;0;0;2.8
2409300;0;4;43;148;1.4;4.7;12.5;11;73.8;0;6.9;6.5;6.8;5.8;10.8;333.3333333;0;0;2.8
2410200;0;3;43;145;1.4;4.5;12.1;11;74.9;0;6.6;6.2;6.6;5.5;10.8;333.3333333;0;0;2.8
2411100;0;3;43;142;1.1;4.1;12;11.1;75.3;0;6.1;5.8;6.2;5.1;10.8;333.3333333;0;0;2.8
2412000;0;3;38;127;1.3;3.7;11.9;10.7;75.3;0;6.2;5.9;6.3;5.2;10.5;333.3333333;0;0;2.4
2412900;1;3;42;122;1.3;3.9;11.9;10.6;74.5;0;6.4;6;6.4;5.3;10.5;333.3333333;0;0;2.4
2413800;0;3;43;147;1.1;4.2;12.1;10.7;74.2;0;6.2;5.9;6.3;5.2;10.5;333.3333333;0;0;2.4
2414700;0;2.5;40;141.5;0.95;3.85;11.9;7.65;74.55;0;5.9;5.55;5.95;4.9;10.5;333.3333333;0;0;2.4
2415600;0;2;37;136;0.8;3.5;11.7;4.6;74.9;0;5.6;5.2;5.6;4.6;10.4;344.4444444;0;0;3.7
2416500;1;3;41;105;1.4;3.6;11.8;2.4;74.6;0;6;5.5;6;4.8;10.4;344.4444444;0;0;3.7
2417400;1;3;43;101;1.6;3.7;11.9;2.4;73.8;0;6.2;5.8;6.2;5;10.4;344.4444444;0;0;3.7
2418300;1;3;42;89;1.6;3.7;11.8;2.4;74.2;0;6.1;5.9;6.3;5;10.4;344.4444444;0;0;3.7
2419200;0;3;42;135;0.8;3.6;11.8;2;74.1;0;5.7;5.5;5.8;4.8;9;347.2222222;0;0;3.4
2420100;0;2;43;138;0;2.9;11.3;2;74.9;0;4.7;4.6;4.9;3.8;9;347.2222222;0;0;3.4
2421000;0;1;43;133;-0.7;2;10.8;2;76.5;0;4;3.7;4;3.1;9;347.2222222;0;0;3.4
2421900;0;1;43;135;-0.9;1.7;11;2;78.5;0;4;3.8;4.1;3;9;347.2222222;0;0;3.4
2422800;0;1;43;138;-0.9;2;11.3;2.1;78.7;0;4.5;4.2;4.5;3.4;8.6;350;0;0;3.4
2423700;0;1;43;137;-0.5;2.2;11.5;2.1;78.3;0;4.6;4.4;4.6;3.5;8.6;350;0;0;3.4
2424600;0;1;43;137;-0.4;2.2;11.4;2.1;78.7;0;4.6;4.4;4.6;3.4;8.6;350;0;0;3.4
2425500;0;1;43;138;-0.4;2.2;11.3;2.1;79.3;0;4.6;4.4;4.7;3.5;8.6;350;0;0;3.4
2426400;0;1;43;137;-0.4;2.2;11.3;9.6;79.9;0;4.5;4.2;4.6;3.5;8.6;347.2222222;0;0;4.9
2427300;0;1;43;135;-0.8;2.1;11.2;10.1;80.3;0;4.1;3.8;4.1;3;8.6;347.2222222;0;0;4.9
2428200;0;1;43;135;-0.9;1.7;11.1;9.4;80.6;0;4.2;3.8;4.1;3.1;8.6;347.2222222;0;0;4.9
2429100;0;1;43;137;-0.9;1.9;11.1;8.8;80.4;0;4.4;4.2;4.4;3.3;8.6;347.2222222;0;0;4.9
2430000;0;1;43;136;-0.9;2.2;11.1;8.9;80.3;0;4.5;4.1;4.3;3.4;9.6;347.2222222;0;0;6.9
2430900;0;1;43;137;-0.9;2.2;11.1;8.9;79.7;0;4.5;4.2;4.3;3.4;9.6;347.2222222;0;0;6.9
2431800;0;1;43;136;-0.9;2.2;11.2;8.8;79.6;0;4.5;4.3;4.5;3.5;9.6;347.2222222;0;0;6.9
2432700;0;1;43;137;-0.9;2.2;11.3;8.6;79.4;0;4.5;4.4;4.6;3.5;9.6;347.2222222;0;0;6.9
2433600;0;2;43;138;-0.6;2.2;11.3;8.7;79.5;0;4.7;4.5;4.7;3.7;9.2;347.2222222;0;0;7.3
2434500;0;2;43;137;-0.4;2.2;11.3;8.7;79.7;0;4.6;4.3;4.6;3.6;9.2;347.2222222;0;0;7.3
2435400;0;1;43;136;-0.4;2.2;11.2;8.7;79.5;0;4.3;4.1;4.4;3.4;9.2;347.2222222;0;0;7.3
2436300;0;1;43;136;-0.5;2.2;11.2;8.6;79.1;0;4.2;4.1;4.3;3.3;9.2;347.2222222;0;0;7.3
2437200;0;1;43;134;-0.9;1.8;11.1;8.7;79.2;0;4;3.8;4;3.2;8.9;341.6666667;0;0;8.4
2438100;0;1;38;105;-0.3;1.8;11.1;8.7;79.7;0;4.4;4.3;4.5;3.4;8.9;341.6666667;0;0;8.4
2439000;0;2;43;83;1.2;2.8;11;9;81;0;5.5;5.2;5.5;4.3;8.9;341.6666667;0;0;8.4
2439900;1;3;38;101;1.5;3.7;10.5;9.7;82.5;0;6.3;6;6.2;5.3;8.9;341.6666667;0;0;8.4
2440800;0;3;43;142;0.8;3.8;10.1;9.7;83.7;0;5.6;5.5;5.7;4.7;9.2;333.3333333;5.555555556;5.555555556;9
2441700;0;2;43;142;0.5;3.2;10.5;9.7;83.3;0;5.5;5.3;5.6;4.5;9.2;333.3333333;5.555555556;5.555555556;9
2442600;0;2;43;142;0.2;3.2;10.5;9.5;84.7;0;5.6;5.3;5.5;4.5;9.2;333.3333333;5.555555556;5.555555556;9
2443500;0;2;43;142;0.2;3.2;10.5;9.4;84.3;0;5.7;5.3;5.6;4.5;9.2;333.3333333;5.555555556;5.555555556;9
2444400;0;2;43;143;0.2;3.2;10.5;9.5;83.5;0.7;5.6;5.4;5.7;4.7;9.6;338.8888889;38.88888889;38.88888889;9.1
2445300;0;2;43;142;0.2;3.2;10.4;9.5;81.3;0.7;5.5;5.4;5.6;4.6;9.6;338.8888889;38.88888889;38.88888889;9.1
2446200;0;3;43;145;0.4;3.4;10.7;9.3;77.9;0.7;5.9;5.6;5.9;4.9;9.6;338.8888889;38.88888889;38.88888889;9.1
2447100;0;3;43;145;0.7;3.7;11;9;76.9;0.7;6;5.8;6;4.9;9.6;338.8888889;38.88888889;38.88888889;9.1
2448000;0;3;43;147;0.7;3.7;11.2;9.2;74.1;15.3;6.3;6.1;6.4;5.2;9.7;319.4444444;69.44444444;138.8888889;8
2448900;0;3;43;148;1.2;4.2;11.4;9.2;73.2;17.5;6.6;6.4;6.7;5.6;9.7;319.4444444;69.44444444;138.8888889;8
2449800;0;4;43;149;1.2;4.2;11.6;9.2;73.2;17.5;6.8;6.6;6.9;5.8;9.7;319.4444444;69.44444444;138.8888889;8
2450700;1;4;43;148;1.2;4.2;11.6;9.3;72.8;17.5;6.8;6.6;6.9;5.8;9.7;319.4444444;69.44444444;138.8888889;8
2451600;1;4;43;151;1.5;4.6;11.6;9.6;69.8;55.3;7.2;7;7.3;6.2;10.8;308.3333333;105.5555556;258.3333333;6.3
2452500;1;4;43;154;1.9;5.3;11.7;9.7;68.3;64.7;7.7;7.5;7.8;6.6;10.8;308.3333333;105.5555556;258.3333333;6.3
2453400;2;6;43;163;2.9;6.3;12.7;9.8;63.7;64.3;8.9;8.9;9;7.6;10.8;308.3333333;105.5555556;258.3333333;6.3
2454300;3;6;43;163;3.7;6.7;12.6;9.9;62.1;63.3;9.1;9;9.2;7.8;10.8;308.3333333;105.5555556;258.3333333;6.3
2455200;2;6;43;164;3.7;6.7;12.3;10.1;60.8;137.1;9.2;9.1;9.3;7.9;10.9;302.7777778;108.3333333;305.5555556;4.8
2456100;2;6;43;161;3.6;6.7;11.9;10.1;60.6;137.1;9;8.9;9.1;7.7;10.9;302.7777778;108.3333333;305.5555556;4.8
2457000;3;6;43;167;3.5;7;11.9;10;59.4;135.9;9.7;9.5;9.7;8.3;10.9;302.7777778;108.3333333;305.5555556;4.8
2457900;3;7;43;171;4.4;7.9;12.3;9.9;58;134.2;10.5;10.4;10.5;9.1;10.9;302.7777778;108.3333333;305.5555556;4.8
2458800;4;8;43;172;4.9;8.5;12.8;10.2;57.1;166.2;11;10.9;11;9.6;10.4;313.8888889;116.6666667;175;5.9
2459700;4;8;37;165;5.1;8.7;12.6;10.3;58.3;177.9;11.1;11;11.1;9.8;10.4;313.8888889;116.6666667;175;5.9
2460600;2;7;38;194;3.3;7.7;12.3;10.8;59.2;177.9;9.6;9.5;9.6;8.6;10.4;313.8888889;116.6666667;175;5.9
2461500;2;6;43;166;3.6;7;12.1;11.1;59.7;177.9;9.1;9;9.2;8.1;10.4;313.8888889;116.6666667;175;5.9
2462400;3;6;43;168;3.6;7;12.4;10.9;59.2;208;9.5;9.4;9.6;8.4;10.3;344.4444444;88.88888889;91.66666667;4.3
2463300;3;6;43;164;3.6;7.2;12.3;10.9;57.4;208;9.2;9.1;9.3;8.1;10.3;344.4444444;88.88888889;91.66666667;4.3
2464200;2;6;43;158;3.4;6.7;12.6;10.9;56.9;208;8.6;8.5;8.7;7.6;10.3;344.4444444;88.88888889;91.66666667;4.3
2465100;2;5;43;152;2.9;6;12.5;10.8;57.8;208;8;7.9;8.1;7;10.3;344.4444444;88.88888889;91.66666667;4.3
2466000;1;5;43;150;2.6;5.7;12.3;10.4;59.5;179.1;7.8;7.6;7.8;6.7;10.1;341.6666667;94.44444444;97.22222222;3.5
2466900;2;5;38;146;2.5;5.7;12.4;10.2;60.3;168.6;8;7.9;8;7;10.1;341.6666667;94.44444444;97.22222222;3.5
2467800;2;5;38;140;2.5;5.7;12.5;9.9;61;168.6;8.1;8;8.2;7;10.1;341.6666667;94.44444444;97.22222222;3.5
2468700;1;5;42;158;2.4;5.7;12.8;9.8;60.6;168.6;8.1;8;8.2;7;10.1;341.6666667;94.44444444;97.22222222;3.5
2469600;2;5;42;159;2.9;6.2;12.6;9.3;60.9;111.4;8.2;8.1;8.3;7;9;347.2222222;25;25;3.2
2470500;1;4;42;152;2.3;5.5;12.5;9.3;62;111.4;7.4;7.3;7.5;6.4;9;347.2222222;25;25;3.2
2471400;1;4;42;148;1.9;4.9;12.3;9.5;62.6;111.4;6.9;6.7;6.9;5.9;9;347.2222222;25;25;3.2
2472300;0;4;42;145;1.4;4.5;12.3;9.8;62.6;111.4;6.5;6.3;6.6;5.5;9;347.2222222;25;25;3.2
2473200;0;3;42;142;1;4;11.8;9.4;64.9;77.2;6.1;5.8;6.1;5;8.2;325;5.555555556;5.555555556;2.8
2474100;0;3;42;142;0.9;3.7;11.3;9.2;68.8;64.8;6;5.8;6;5;8.2;325;5.555555556;5.555555556;2.8
2475000;0;3;42;139;0.7;3.6;11.1;9.4;68.7;64.8;5.6;5.3;5.7;4.6;8.2;325;5.555555556;5.555555556;2.8
2475900;0;2;42;135;0.2;3.1;10.4;9.5;68.9;64.8;5;4.8;5.2;4.1;8.2;325;5.555555556;5.555555556;2.8
2476800;0;2;42;134;-0.1;2.7;10.3;9;68.7;33.3;4.6;4.4;4.7;3.7;7.1;336.1111111;0;0;3.5
2477700;0;1;42;134;-0.4;2.5;9.9;8.8;70.5;17.5;4.5;4.2;4.6;3.5;7.1;336.1111111;0;0;3.5
2478600;0;1;42;133;-0.6;2.2;9.4;8.5;71.7;17.5;4.2;3.8;4.2;3.2;7.1;336.1111111;0;0;3.5
2479500;0;1;37;99;-0.5;1.7;9.4;8.4;73.3;17.5;3.8;3.6;3.9;2.9;7.1;336.1111111;0;0;3.5
2480400;0;1;12;15;0.8;1.7;9.3;8.3;75.4;5.8;4.5;4.5;4.9;3.2;6.7;338.8888889;0;0;4.4
2481300;0;1;4;9;1;2.3;9.2;8.2;77.3;0;5.7;5.5;5.9;4;6.7;338.8888889;0;0;4.4
2482200;0;2;41;135;0.4;3.5;8.9;8.2;78.2;0;5.3;5.1;5.5;4.4;6.7;338.8888889;0;0;4.4
2483100;0;1;43;134;-0.7;2.1;9.2;8.1;77.6;0;4;3.8;4.1;3.1;6.7;338.8888889;0;0;4.4
2484000;0;1;43;133;-1.2;1.7;8.9;8;80.3;0;3.8;3.5;3.8;2.9;6.6;338.8888889;0;0;5.5
2484900;0;0;43;131;-1.2;1.5;8.7;8;81.4;0;3.6;3.2;3.5;2.6;6.6;338.8888889;0;0;5.5
2485800;-2;0;43;133;-1.2;1.2;8.6;7.5;81.2;0;3.6;3.2;3.5;2.6;6.6;338.8888889;0;0;5.5
2486700;-2;0;43;132;-1.3;1.2;8.8;6.9;80.9;0;3.5;3.1;3.5;2.5;6.6;338.8888889;0;0;5.5
2487600;-2;0;43;132;-1.7;1.2;8.9;6.8;80.2;0;3.4;3;3.4;2.3;6.8;336.1111111;0;0;6.7
2488500;-2;0;43;130;-1.7;1.2;9.1;6.8;80.5;0;3.2;2.9;3.2;2.2;6.8;336.1111111;0;0;6.7
2489400;-2;0;43;128;-1.7;0.8;9.2;6.7;79.2;0;2.9;2.6;2.9;1.9;6.8;336.1111111;0;0;6.7
2490300;-2;0;43;126;-2.1;0.7;9.3;6.5;78.9;0;2.7;2.4;2.8;1.6;6.8;336.1111111;0;0;6.7
2491200;-2;0;43;127;-2.2;0.7;9.4;6.6;78;0;2.8;2.5;2.8;1.7;7.2;338.8888889;0;0;6.4
2492100;-2;0;43;130;-2.2;0.7;9.3;6.6;77.7;0;3.2;2.9;3.2;2.2;7.2;338.8888889;0;0;6.4
2493000;-2;0;43;129;-1.7;0.7;9;6.6;78.1;0;3.4;3;3.4;2.3;7.2;338.8888889;0;0;6.4
2493900;-2;0;43;130;-1.7;0.7;8.9;6.5;78.2;0;3.4;3;3.3;2.3;7.2;338.8888889;0;0;6.4
2494800;-2;0;43;129;-1.7;0.7;9.1;6.6;77.7;0;3.4;2.9;3.3;2.3;7.6;338.8888889;0;0;6.3
2495700;-2;0;43;128;-1.7;0.7;9.1;6.6;77.8;0;3.3;2.9;3.2;2.2;7.6;338.8888889;0;0;6.3
2496600;-2;0;43;129;-1.7;0.7;9.1;6.6;77.7;0;3.4;3;3.3;2.3;7.6;338.8888889;0;0;6.3
2497500;-2;0;43;131;-1.7;1.2;9.3;6.6;77.8;0;3.7;3.3;3.7;2.7;7.6;338.8888889;0;0;6.3
2498400;-2;1;43;131;-1.7;1.2;9.4;6.5;77.6;0;3.6;3.3;3.7;2.7;7.5;344.4444444;0;0;4.9
2499300;-2;0;43;129;-1.7;1.2;9.1;6.5;78.2;0;3.4;3;3.4;2.5;7.5;344.4444444;0;0;4.9
2500200;-2;0;43;128;-1.7;1.2;9.2;6.7;78.6;0;3;2.8;3.1;2.2;7.5;344.4444444;0;0;4.9
2501100;-2;0;43;125.5;-1.7;1.2;9.45;5;77.95;0;3.25;2.95;3.3;2.35;7.5;344.4444444;0;0;4.9
2502000;-2;0;43;123;-1.7;1.2;9.7;3.3;77.3;0;3.5;3.1;3.5;2.5;7;333.3333333;0;0;2.7
2502900;-1;1;39;81;0.2;1.5;9.7;2.4;76;0;4.1;3.9;4.3;3.2;7;333.3333333;0;0;2.7
2503800;0;2;39;81;1;2.7;9.5;2.4;75.1;0;5.1;5;5.3;4.2;7;333.3333333;0;0;2.7
2504700;0;2;43;138;-0.1;2.8;9.3;2.4;74.4;0;4.6;4.5;4.7;3.9;7;333.3333333;0;0;2.7
2505600;0;1;43;135;-0.6;2.2;9.2;2;73.4;0;4.2;4;4.3;3.3;7.1;300;0;0;2.9
2506500;0;1;43;134;-0.9;1.9;9.3;2;72.8;0;3.9;3.7;4;3;7.1;300;0;0;2.9
2507400;0;1;43;132;-1.2;1.6;9.1;2;71.8;0;3.6;3.3;3.7;2.7;7.1;300;0;0;2.9
2508300;-2;0;43;131;-1.4;1.2;8.8;2;71.9;0;3.3;3.1;3.4;2.5;7.1;300;0;0;2.9
2509200;-2;0;43;130;-1.4;1.2;8.7;2.1;72.4;0;3.3;3;3.3;2.3;7;313.8888889;0;0;4
2510100;-2;0;43;128;-1.4;1.2;8.4;2.1;73.5;0;3.1;2.9;3.2;2.2;7;313.8888889;0;0;4
2511000;-2;0;43;130;-1.4;1.2;8.6;2.1;73;0;3.3;2.9;3.3;2.3;7;313.8888889;0;0;4
2511900;-2;0;43;131;-1.4;1.2;9;2.1;72.2;0;3.4;3.1;3.4;2.4;7;313.8888889;0;0;4
2512800;-2;0;43;132;-1.4;1.2;9.1;6.8;72.3;0;3.5;3.3;3.6;2.5;6.8;325;0;0;3.5
2513700;-2;0;43;129;-1.4;1.2;9.1;6.8;72.8;0;3.2;3;3.3;2.2;6.8;325;0;0;3.5
2514600;-2;0;43;128;-1.9;0.9;9.2;6.8;72.9;0;2.9;2.7;3.1;1.9;6.8;325;0;0;3.5
2515500;-2;0;43;127;-1.9;0.7;9;6.9;74.5;0;2.8;2.6;2.9;1.8;6.8;325;0;0;3.5
2516400;-2;0;43;123;-2.2;0.4;8.6;6.9;76;0;2.3;2;2.3;1.3;6.3;330.5555556;0;0;3.5
2517300;-3;0;43;122;-2.8;-0.3;8.7;6.9;76.2;0;2;1.6;1.9;1;6.3;330.5555556;0;0;3.5
2518200;-3;0;43;121;-2.9;-0.3;8.8;6.9;75.1;0;2;1.7;2;0.9;6.3;330.5555556;0;0;3.5
2519100;-3;0;43;122;-2.9;-0.3;8.9;6.9;74.9;0;2;1.7;2;0.9;6.3;330.5555556;0;0;3.5
2520000;-3;0;43;120;-2.9;-0.3;8.9;6.8;74.2;0;1.8;1.5;1.8;0.7;6.3;330.5555556;0;0;2.9
2520900;-3;0;43;118;-3.1;-0.7;8.8;6.7;74.8;0;1.3;1.1;1.4;0.3;6.3;330.5555556;0;0;2.9
2521800;-4;0;43;118;-3.4;-0.8;8.7;6.6;75;0;1.3;0.9;1.3;0.2;6.3;330.5555556;0;0;2.9
2522700;-3;0;43;124;-3.1;-0.6;8.7;6.5;75.2;0;2.1;1.6;2;1.1;6.3;330.5555556;0;0;2.9
2523600;-3;0;43;126;-2.9;-0.3;8.7;6.5;75.2;0;2.4;2;2.4;1.3;6.6;319.4444444;0;0;2.7
2524500;-3;0;43;125;-2.8;-0.3;8.7;6.5;74.2;0;2.4;2.1;2.4;1.4;6.6;319.4444444;0;0;2.7
2525400;-2;0;43;125;-2.4;0.2;8.8;6.4;73.1;0;2.3;2;2.4;1.3;6.6;319.4444444;0;0;2.7
2526300;-3;0;43;122;-2.4;0;8.8;6.2;72.4;0;2.2;1.7;2.1;1.1;6.6;319.4444444;0;0;2.7
2527200;-3;0;43;121;-2.6;-0.3;9;6.1;71.2;0;2;1.6;2;1;6.5;316.6666667;11.11111111;11.11111111;3.8
2528100;-3;0;43;121;-2.9;-0.3;8.9;6.1;70.5;0;1.9;1.6;2;1;6.5;316.6666667;11.11111111;11.11111111;3.8
2529000;-3;0;43;122;-2.9;-0.3;8.9;6.2;70;0;1.9;1.5;1.9;0.9;6.5;316.6666667;11.11111111;11.11111111;3.8
2529900;-3;0;43;120;-2.9;-0.3;8.9;6.3;70.1;0;1.8;1.3;1.7;0.7;6.5;316.6666667;11.11111111;11.11111111;3.8
2530800;-3;0;43;119;-2.9;-0.8;8.9;6.2;69.9;0.2;1.6;1.1;1.5;0.5;6.7;313.8888889;52.77777778;52.77777778;3
2531700;-3;0;43;121;-2.9;-0.8;9.1;6.2;69;0.4;1.7;1.2;1.7;0.6;6.7;313.8888889;52.77777778;52.77777778;3
2532600;-3;0;43;120;-2.9;-0.8;9.2;6.2;68.8;0.4;1.8;1.2;1.6;0.6;6.7;313.8888889;52.77777778;52.77777778;3
2533500;-3;0;43;122;-2.9;-0.8;9.2;6.2;69.4;0.4;1.8;1.6;1.9;0.8;6.7;313.8888889;52.77777778;52.77777778;3
2534400;-3;0;43;124;-2.9;-0.3;9;6.1;69.5;16.3;2.2;1.8;2.1;1.2;7;327.7777778;72.22222222;72.22222222;1.2
2535300;-2;0;43;126;-2.7;-0.1;9;6.1;70;16.3;2.6;2.1;2.5;1.4;7;327.7777778;72.22222222;72.22222222;1.2
2536200;-2;0;43;126;-2.4;0.2;9.5;6.3;68.9;16.3;2.6;2.2;2.6;1.5;7;327.7777778;72.22222222;72.22222222;1.2
2537100;-2;0;43;126;-2.4;0.2;9.8;6.4;68.5;16.3;2.6;2.4;2.6;1.5;7;327.7777778;72.22222222;72.22222222;1.2
2538000;-2;0;43;127;-2.4;0.2;9.9;6.5;68;43.3;2.8;2.6;2.8;1.7;7.6;333.3333333;119.4444444;119.4444444;1
2538900;-2;0;43;128;-2.4;0.2;10.3;6.5;67.5;45.2;2.9;2.7;2.9;1.8;7.6;333.3333333;119.4444444;119.4444444;1
2539800;-2;0;43;129;-2;0.7;10.4;6.6;66.5;45.5;3.1;2.9;3;2;7.6;333.3333333;119.4444444;119.4444444;1
2540700;-2;0;43;131;-1.9;0.7;10.8;6.7;65.6;45.8;3.3;3.2;3.4;2.3;7.6;333.3333333;119.4444444;119.4444444;1
2541600;-2;1;43;134;-1.5;1.2;10.9;6.9;64.7;85;3.8;3.6;3.8;2.7;7.4;338.8888889;119.4444444;119.4444444;1.5
2542500;-2;1;43;137;-1.1;1.7;11.2;6.9;64.2;91;4.3;4;4.3;3.1;7.4;338.8888889;119.4444444;119.4444444;1.5
2543400;-1;1;43;138;-0.9;2.1;11.1;7;66.2;94.4;4.6;4.4;4.6;3.5;7.4;338.8888889;119.4444444;119.4444444;1.5
2544300;0;2;43;138;-0.4;2.2;10.9;7.1;67.4;99.5;4.7;4.6;4.8;3.7;7.4;338.8888889;119.4444444;119.4444444;1.5
2545200;0;2;43;136;-0.4;2.2;10.9;7.2;68.6;102.2;4.5;4.4;4.7;3.6;7;341.6666667;100;100;1.8
2546100;0;1;43;137;-0.4;2.2;10.9;7.2;69.6;102.9;4.5;4.4;4.6;3.6;7;341.6666667;100;100;1.8
2547000;0;1;43;137;-0.4;2.2;10.9;7.4;69.3;102.9;4.3;4.2;4.4;3.4;7;341.6666667;100;100;1.8
2547900;0;1;43;135;-0.8;2.1;10.9;7.7;68.8;102.9;4.1;4;4.1;3.1;7;341.6666667;100;100;1.8
2548800;0;1;43;134;-0.9;1.7;11.2;7.5;68.2;108;3.8;3.7;3.9;2.8;6.8;341.6666667;55.55555556;55.55555556;2.9
2549700;-1;0;43;131;-1.2;1.5;11.1;7.4;70.4;109.8;3.4;3.3;3.4;2.4;6.8;341.6666667;55.55555556;55.55555556;2.9
2550600;-2;0;43;128;-1.7;0.9;11.2;7.4;70.7;109.8;2.9;2.8;3;1.9;6.8;341.6666667;55.55555556;55.55555556;2.9
2551500;-2;0;43;127;-1.9;0.7;11;7.2;71.3;109.8;2.7;2.5;2.7;1.7;6.8;341.6666667;55.55555556;55.55555556;2.9
2552400;-2;0;43;125;-2.2;0.4;10.9;7;72.9;87.9;2.4;2.3;2.4;1.5;6.2;341.6666667;33.33333333;33.33333333;2.1
2553300;-2;0;43;126;-2.4;0.2;10.5;6.9;77.8;77;2.5;2.3;2.5;1.6;6.2;341.6666667;33.33333333;33.33333333;2.1
2554200;-2;0;43;127;-2.2;0.4;10;6.9;79.5;77;2.9;2.7;2.9;2;6.2;341.6666667;33.33333333;33.33333333;2.1
2555100;-2;0;43;128;-1.9;0.7;9.8;6.9;81;77;2.9;2.7;2.9;2;6.2;341.6666667;33.33333333;33.33333333;2.1
2556000;-2;0;43;129;-1.9;0.7;9.9;6.1;81.1;68.1;2.9;2.8;3;2;5.9;338.8888889;19.44444444;19.44444444;1.9
2556900;-2;0;43;128;-1.9;0.7;9.7;6.1;80.2;68.1;2.9;2.7;2.9;2;5.9;338.8888889;19.44444444;19.44444444;1.9
2557800;-2;0;43;127;-1.9;0.7;9.6;6;79.7;68.1;2.7;2.5;2.7;1.8;5.9;338.8888889;19.44444444;19.44444444;1.9
2558700;-2;0;43;127;-1.9;0.7;9.3;6;80.7;68.1;2.5;2.5;2.7;1.7;5.9;338.8888889;19.44444444;19.44444444;1.9
2559600;-2;0;43;124;-2.3;0.3;9.2;5.3;80.9;31.1;2.2;2.1;2.2;1.3;5.5;338.8888889;2.777777778;2.777777778;2.1
2560500;-3;0;43;122;-2.7;-0.2;9.1;5.2;81.4;28.5;1.9;1.7;1.8;1;5.5;338.8888889;2.777777778;2.777777778;2.1
2561400;-3;0;43;122;-2.9;-0.3;8.7;5.3;82.7;28.5;1.9;1.6;1.9;1;5.5;338.8888889;2.777777778;2.777777778;2.1
2562300;-3;0;43;121;-2.9;-0.3;8.7;5.5;83.5;28.5;1.9;1.6;1.8;1;5.5;338.8888889;2.777777778;2.777777778;2.1
2563200;-3;0;43;123;-2.9;-0.3;8.5;5.2;83.4;14.5;2;1.8;1.9;1.1;5;333.3333333;0;0;2.8
2564100;-3;0;43;122;-2.9;-0.3;8.3;5;81.9;7.5;1.8;1.6;1.8;1;5;333.3333333;0;0;2.8
2565000;-3;0;43;122;-2.9;-0.3;8;5.2;82.1;7.5;1.8;1.5;1.8;0.9;5;333.3333333;0;0;2.8
2565900;-3;0;43;119;-3;-0.6;7.9;5.4;82.9;7.5;1.5;1.2;1.5;0.6;5;333.3333333;0;0;2.8
2566800;-3;0;43;118;-3.4;-0.9;8.1;4.9;82.6;1;1.1;0.9;1.1;0.4;4.8;333.3333333;0;0;3
2567700;-4;0;43;116;-3.6;-1.3;8.1;4.8;82.3;0;0.7;0.6;0.8;0.1;4.8;333.3333333;0;0;3
2568600;-4;-1;43;114;-3.9;-1.6;8.1;4.9;82.3;0;0.4;0.1;0.4;-0.5;4.8;333.3333333;0;0;3
2569500;-4;-2;43;112;-4.4;-2;7.9;5.1;83.2;0;0.1;-0.3;0;-0.9;4.8;333.3333333;0;0;3
2570400;-5;-2;43;110;-4.4;-2.3;7.9;4.6;82.1;0;0;-0.6;-0.2;-1.1;4.6;336.1111111;0;0;2.9
2571300;-5;-2;43;111;-4.4;-2.3;7.8;4.4;82;0;0.1;-0.5;-0.2;-1.1;4.6;336.1111111;0;0;2.9
2572200;-5;-2;43;110;-4.4;-2.3;7.9;4.4;82.2;0;0;-0.6;-0.3;-1.1;4.6;336.1111111;0;0;2.9
2573100;-5;-2;43;111;-4.4;-2.3;7.7;4.4;82.5;0;0.1;-0.5;-0.1;-1;4.6;336.1111111;0;0;2.9
2574000;-5;-2;43;111;-4.4;-2.3;7.6;3.7;83.1;0;0.2;-0.4;0;-1;4.2;333.3333333;0;0;2.8
2574900;-5;-2;43;111;-4.4;-2.3;7.8;3.6;83.5;0;0.1;-0.4;0;-0.9;4.2;333.3333333;0;0;2.8
2575800;-4;-2;43;112;-4.4;-2.3;7.3;3.8;85.6;0;0.4;-0.2;0.2;-0.7;4.2;333.3333333;0;0;2.8
2576700;-4;-2;43;114;-4.3;-1.9;6.9;4.1;88.4;0;0.7;0.3;0.6;-0.3;4.2;333.3333333;0;0;2.8
2577600;-4;-2;43;117;-3.9;-1.5;6.8;3.8;89.8;0;1;0.7;1.1;0.1;2.8;327.7777778;0;0;2.8
2578500;-3;-2;43;118;-3.5;-1.2;6.4;3.8;89.9;0;1.4;1.1;1.5;0.4;2.8;327.7777778;0;0;2.8
2579400;-3;-2;43;118;-3.4;-0.8;5.9;4.1;89.9;0;1.5;1.3;1.5;0.5;2.8;327.7777778;0;0;2.8
2580300;-3;-2;43;118;-3.4;-0.8;5.6;4.4;91;0;1.6;1.4;1.6;0.6;2.8;327.7777778;0;0;2.8
2581200;-3;-2;43;118;-3.4;-0.8;5.3;4.3;91.5;0;1.5;1.3;1.5;0.5;2.2;325;0;0;2.1
2582100;-3;-2;43;116;-3.4;-0.8;5.1;4.3;91.6;0;1.3;1;1.2;0.3;2.2;325;0;0;2.1
2583000;-4;-2;43;113;-3.4;-1.2;5.1;4.3;92;0;1;0.7;0.8;0;2.2;325;0;0;2.1
2583900;-4;-2;43;113;-3.8;-1.3;4.9;4.3;91.7;0;0.7;0.6;0.6;-0.2;2.2;325;0;0;2.1
2584800;-4;-2;43;112;-3.9;-1.6;4.7;4.1;92;0;0.5;0.4;0.6;-0.4;1.9;325;0;0;2.3
2585700;-4;-2;43;111;-3.9;-1.8;4.5;4;91.9;0;0.5;0.3;0.5;-0.4;1.9;325;0;0;2.3
2586600;-4;-2;43;111;-3.9;-1.8;4.3;3.5;92.5;0;0.4;0.3;0.4;-0.5;1.9;325;0;0;2.3
2587500;-4;-2;43;108;-3.9;-1.8;4.3;3;92.65;0;0.35;0.2;0.3;-0.6;1.9;325;0;0;2.3
2588400;-4;-2;43;105;-3.9;-1.8;4.3;2.5;92.8;0;0.3;0.1;0.2;-0.7;1.6;322.2222222;0;0;2.5
2589300;-4;-2;43;105;-4.1;-1.8;4.2;2.4;92.6;0;0.2;-0.1;0;-0.7;1.6;322.2222222;0;0;2.5
2590200;-5;-2;43;108;-4.4;-2.2;4.2;2.4;92.7;0;0;-0.3;-0.2;-1;1.6;322.2222222;0;0;2.5
2591100;-5;-2;43;108;-4.5;-2.3;4.1;2.4;92.6;0;-0.4;-0.5;-0.4;-1.2;1.6;322.2222222;0;0;2.5
2592000;-5;-3;43;108;-4.9;-2.7;4.1;2.1;92.6;0;-0.5;-0.7;-0.6;-1.4;1.4;322.2222222;0;0;1.8
2592900;-5;-3;43;108;-4.9;-2.8;4;2;92.6;0;-0.7;-0.9;-0.7;-1.6;1.4;322.2222222;0;0;1.8
2593800;-5;-3;43;107;-5.1;-2.8;4.1;2;92.6;0;-0.9;-1.1;-0.9;-1.8;1.4;322.2222222;0;0;1.8
2594700;-5;-3;43;105;-5.4;-3.3;4.2;2;92.5;0;-1.1;-1.3;-1.1;-2;1.4;322.2222222;0;0;1.8
2595600;-6;-3;43;104;-5.4;-3.3;4.2;2.1;92.6;0;-1.3;-1.5;-1.4;-2.3;1.4;319.4444444;0;0;1.5
2596500;-6;-4;43;102;-5.9;-3.6;4.3;2.1;92.2;0;-1.5;-1.7;-1.5;-2.5;1.4;319.4444444;0;0;1.5
2597400;-6;-4;43;102;-5.9;-3.8;4.5;2.1;92.1;0;-1.6;-1.9;-1.8;-2.7;1.4;319.4444444;0;0;1.5
2598300;-6;-4;43;101;-6.1;-4;4.6;2.1;91.6;0;-1.9;-2.2;-2;-2.9;1.4;319.4444444;0;0;1.5
2599200;-6;-4;43;101;-6.4;-4.3;4.5;1.4;91.5;0;-2;-2.3;-2.1;-3;1.2;319.4444444;0;0;1.3
2600100;-6;-4;43;101;-6.4;-4.3;4.2;1.3;92;0;-2;-2.2;-2;-3;1.2;319.4444444;0;0;1.3
2601000;-6;-4;43;100;-6.4;-4.3;4.4;1.3;91.6;0;-2.2;-2.3;-2.1;-3.1;1.2;319.4444444;0;0;1.3
2601900;-6;-4;42;101;-6.4;-4.3;4.1;1.2;91.6;0;-2;-2.3;-2.1;-2.9;1.2;319.4444444;0;0;1.3
2602800;-6;-4;43;101;-6.4;-4.3;4;1;91.6;0;-2;-2.2;-2;-2.9;0.9;316.6666667;0;0;1.7
2603700;-6;-4;43;101;-6.4;-4.3;4;0.9;91.6;0;-1.9;-2.1;-2;-2.9;0.9;316.6666667;0;0;1.7
2604600;-6;-4;43;100;-6.4;-4.3;3.9;1;91.6;0;-1.9;-2;-2;-3;0.9;316.6666667;0;0;1.7
2605500;-6;-4;43;99;-6.4;-4.3;4.1;1;91.6;0;-2;-2.3;-2.1;-3.1;0.9;316.6666667;0;0;1.7
2606400;-6;-4;42;100;-6.4;-4.3;4.1;0.9;91.6;0;-2.1;-2.4;-2.2;-3.1;0.8;319.4444444;0;0;2.1
2607300;-7;-4;43;100;-6.4;-4.3;4.1;0.9;91.5;0;-2.3;-2.5;-2.4;-3.2;0.8;319.4444444;0;0;2.1
2608200;-7;-5;43;99;-6.4;-4.3;3.9;1;91.3;0;-2.4;-2.6;-2.5;-3.4;0.8;319.4444444;0;0;2.1
2609100;-7;-5;42;99;-6.5;-4.8;3.9;1.1;91.5;0;-2.5;-2.7;-2.4;-3.4;0.8;319.4444444;0;0;2.1
2610000;-7;-5;42;99;-6.9;-4.8;3.8;1.1;91.5;0;-2.5;-2.8;-2.4;-3.4;0.9;319.4444444;0;0;3
2610900;-7;-5;42;98;-6.9;-4.8;3.8;1.1;91.4;0;-2.6;-2.8;-2.5;-3.4;0.9;319.4444444;0;0;3
2611800;-7;-5;42;99;-6.9;-4.8;3.6;1;91.4;0;-2.6;-2.8;-2.5;-3.3;0.9;319.4444444;0;0;3
2612700;-7;-5;42;99;-6.9;-4.8;3.7;1;91.5;0;-2.5;-2.8;-2.4;-3.4;0.9;319.4444444;0;0;3
2613600;-7;-5;42;97;-6.9;-4.8;3.7;0.8;91.5;0;-2.5;-2.7;-2.4;-3.3;1.1;316.6666667;5.555555556;5.555555556;3.7
2614500;-7;-5;42;97;-6.9;-4.8;3.9;0.8;91.5;0;-2.6;-2.9;-2.6;-3.5;1.1;316.6666667;5.555555556;5.555555556;3.7
2615400;-5;-5;39;62;-5.1;-4.8;4.1;0.7;91.5;0;-2.7;-3;-2.6;-3.7;1.1;316.6666667;5.555555556;5.555555556;3.7
2616300;-3;-3;39;65;-3.1;-3.1;4.4;0.6;91.4;0;-0.2;-0.4;0.1;-1.5;1.1;316.6666667;5.555555556;5.555555556;3.7
2617200;-5;-3;43;105;-5;-2.8;4.5;0.5;91.3;0.3;-1;-1.2;-0.9;-1.7;1.2;319.4444444;25;25;4.1
2618100;-6;-4;43;103;-5.7;-3.5;4.5;0.5;91;0.3;-1.5;-1.8;-1.5;-2.4;1.2;319.4444444;25;25;4.1
2619000;-6;-4;43;101;-6.1;-3.9;4.6;0.6;91.4;0.3;-1.9;-2.1;-1.9;-2.8;1.2;319.4444444;25;25;4.1
2619900;-6;-4;42;100;-6.2;-4.3;4.8;0.7;91.2;0.3;-2.2;-2.4;-2.1;-3.1;1.2;319.4444444;25;25;4.1
2620800;-7;-4;42;100;-6.2;-4.3;4.9;0.9;90.5;11.2;-2.3;-2.5;-2.2;-3.2;1.7;319.4444444;44.44444444;44.44444444;4
2621700;-7;-4;43;100;-6.2;-4.3;4.5;0.9;90.4;13.9;-2.2;-2.5;-2.2;-3.2;1.7;319.4444444;44.44444444;44.44444444;4
2622600;-7;-4;43;100;-6.2;-4.3;4.5;1;90.5;13.9;-2.2;-2.5;-2.2;-3.1;1.7;319.4444444;44.44444444;44.44444444;4
2623500;-6;-4;43;99;-6.2;-4.3;4.5;1.2;90.5;13.9;-2.1;-2.4;-2.1;-3.1;1.7;319.4444444;44.44444444;44.44444444;4
2624400;-6;-4;42;101;-6.2;-4.3;4.5;1.4;90.5;40.8;-2;-2.3;-2;-3;2.1;319.4444444;83.33333333;83.33333333;3
2625300;-6;-4;42;102;-6.2;-4.3;4.6;1.5;90.3;50.6;-1.8;-2.1;-1.8;-2.9;2.1;319.4444444;83.33333333;83.33333333;3
2626200;-6;-4;43;102;-6.2;-4.3;4.7;1.5;90.9;50.8;-1.7;-1.9;-1.6;-2.7;2.1;319.4444444;83.33333333;83.33333333;3
2627100;-6;-4;43;103;-6.2;-4.2;4.9;1.5;90.2;51.3;-1.5;-1.8;-1.6;-2.6;2.1;319.4444444;83.33333333;83.33333333;3
2628000;-6;-3;43;105;-6.1;-3.8;5.2;1.8;90.5;82.8;-1.3;-1.6;-1.3;-2.3;2.5;322.2222222;100;100;2.9
2628900;-6;-3;43;105;-5.7;-3.8;5.6;2;90.3;98.5;-1.2;-1.4;-1.2;-2.1;2.5;322.2222222;100;100;2.9
2629800;-5;-3;43;106;-5.7;-3.5;5.7;2.1;90;92.9;-1;-1.2;-1;-2;2.5;322.2222222;100;100;2.9
2630700;-5;-3;43;106;-5.7;-3.3;6.2;2.1;90.3;89.1;-1;-1.3;-1;-2;2.5;322.2222222;100;100;2.9
2631600;-5;-3;43;105;-5.7;-3.3;6.2;2.5;89.3;103.7;-0.9;-1.1;-0.8;-1.9;2.9;325;97.22222222;97.22222222;2.7
2632500;-5;-3;43;107;-5.3;-3.2;6.4;2.8;89.8;113.4;-0.6;-0.8;-0.6;-1.6;2.9;325;97.22222222;97.22222222;2.7
2633400;-5;-2;43;111;-4.9;-2.6;7.2;2.8;89;113.4;0;-0.2;0;-1.1;2.9;325;97.22222222;97.22222222;2.7
2634300;-4;-2;43;111;-4.7;-2.3;7.4;2.8;79.8;113.4;0.2;0;0.2;-0.9;2.9;325;97.22222222;97.22222222;2.7
2635200;-4;-2;43;111;-4.7;-2.3;7.1;3.1;73.5;123.7;0.2;0;0.2;-0.8;3.4;325;69.44444444;69.44444444;2
2636100;-4;-2;43;111;-4.7;-2.3;6.9;3.1;73.1;123.7;0.2;0;0.2;-0.8;3.4;325;69.44444444;69.44444444;2
2637000;-4;-2;43;111;-4.7;-2.3;7.1;3;72;123.7;0.2;0;0.2;-0.7;3.4;325;69.44444444;69.44444444;2
2637900;-4;-2;43;111;-4.7;-2.3;7.2;2.8;71.6;123.7;0.2;0;0.2;-0.8;3.4;325;69.44444444;69.44444444;2
2638800;-4;-2;43;111;-4.7;-2.3;7.3;3.5;71.6;103;0.1;-0.1;0.1;-0.9;3.2;325;47.22222222;47.22222222;2.8
2639700;-4;-2;43;110;-4.7;-2.3;7.4;3.6;71.2;101.5;0.1;-0.2;0;-0.9;3.2;325;47.22222222;47.22222222;2.8
2640600;-5;-2;43;109;-4.7;-2.3;7.4;3.6;72.1;101.5;-0.1;-0.3;-0.1;-0.9;3.2;325;47.22222222;47.22222222;2.8
2641500;-5;-2;43;108;-4.7;-2.3;7.3;3.6;72.3;101.5;-0.3;-0.5;-0.2;-1.1;3.2;325;47.22222222;47.22222222;2.8
2642400;-5;-3;43;108;-4.7;-2.6;7.3;4;72.4;74.2;-0.5;-0.6;-0.5;-1.4;3;325;22.22222222;22.22222222;2.1
2643300;-5;-3;43;108;-4.7;-2.8;7.2;4.1;72.8;70;-0.6;-0.8;-0.6;-1.5;3;325;22.22222222;22.22222222;2.1
2644200;-5;-3;43;107;-5.1;-2.8;7.4;4;72.2;70;-0.8;-1;-0.8;-1.6;3;325;22.22222222;22.22222222;2.1
2645100;-5;-3;43;107;-5.2;-2.8;6.7;3.8;73.6;70;-0.8;-1.1;-0.8;-1.8;3;325;22.22222222;22.22222222;2.1
2646000;-5;-3;43;106;-5.2;-2.8;6.4;4;75;45.6;-0.9;-1.1;-0.8;-1.9;3;327.7777778;2.777777778;2.777777778;2.5
2646900;-6;-3;43;105;-5.4;-3.3;6.4;4;75;39.5;-1.1;-1.5;-1.2;-2.2;3;327.7777778;2.777777778;2.777777778;2.5
2647800;-6;-3;43;104;-5.7;-3.4;6.3;3.8;75;39.5;-1.4;-1.7;-1.4;-2.4;3;327.7777778;2.777777778;2.777777778;2.5
2648700;-6;-4;43;101;-5.7;-3.8;6.4;3.3;75.2;39.5;-1.7;-1.9;-1.6;-2.6;3;327.7777778;2.777777778;2.777777778;2.5
2649600;-6;-4;43;101;-6.1;-3.9;6.4;3.2;75;20.4;-1.9;-2.2;-1.9;-2.9;2.9;325;0;0;2.4
2650500;-6;-4;42;101;-6.2;-4.3;6.2;3.2;75.7;13.4;-2;-2.4;-2.1;-3.1;2.9;325;0;0;2.4
2651400;-7;-4;43;100;-6.2;-4.3;6.2;3.1;75.8;13.4;-2.1;-2.5;-2.2;-3.2;2.9;325;0;0;2.4
2652300;-7;-4;42;99;-6.4;-4.3;6.1;2.8;77;13.4;-2.1;-2.6;-2.3;-3.4;2.9;325;0;0;2.4
2653200;-7;-5;42;99;-6.7;-4.5;6.2;2.8;77.7;0;-2.3;-2.8;-2.5;-3.5;2.8;327.7777778;0;0;1.8
2654100;-7;-5;42;98;-6.7;-4.8;6.3;2.8;76.8;0;-2.6;-3;-2.7;-3.5;2.8;327.7777778;0;0;1.8
2655000;-7;-5;42;98;-6.7;-4.8;6.6;2.8;76.1;0;-2.6;-2.9;-2.7;-3.5;2.8;327.7777778;0;0;1.8
2655900;-7;-5;42;100;-6.7;-4.8;6.8;2.8;75;0;-2.3;-2.6;-2.4;-3.2;2.8;327.7777778;0;0;1.8
2656800;-7;-4;43;99;-6.7;-4.8;6.8;3;74.6;0;-2.2;-2.4;-2.3;-3;2.9;325;0;0;2.4
2657700;-6;-4;43;100;-6.7;-4.8;6.8;3;76.1;0;-2.2;-2.4;-2.2;-3;2.9;325;0;0;2.4
2658600;-7;-4;42;100;-6.7;-4.8;6.8;2.8;76.2;0;-2.2;-2.4;-2.3;-3.1;2.9;325;0;0;2.4
2659500;-6;-4;42;101;-6.7;-4.6;6.3;2.6;75.4;0;-2;-2.3;-2;-2.9;2.9;325;0;0;2.4
2660400;-6;-4;43;103;-6.2;-4.3;6;2.8;76.1;0;-1.7;-2;-1.7;-2.6;2.7;313.8888889;0;0;2.4
2661300;-6;-4;43;102;-6.2;-4.3;6;2.8;76.6;0;-1.7;-2;-1.7;-2.7;2.7;313.8888889;0;0;2.4
2662200;-6;-4;42;102;-6.2;-4.3;6.4;2.8;76.1;0;-1.9;-2.1;-1.9;-2.8;2.7;313.8888889;0;0;2.4
2663100;-6;-4;43;100;-6.2;-4.3;6.4;2.9;75.4;0;-2;-2.4;-2.1;-3;2.7;313.8888889;0;0;2.4
2664000;-7;-5;42;98;-6.6;-4.5;6.3;2.9;76;0;-2.5;-2.8;-2.5;-3.3;2.7;313.8888889;0;0;2.5
2664900;-7;-5;42;98;-6.7;-4.8;6.4;2.9;75.8;0;-2.5;-2.8;-2.6;-3.4;2.7;313.8888889;0;0;2.5
2665800;-6;-4;42;99;-6.7;-4.8;6.1;2.9;76.3;0;-2.2;-2.5;-2.2;-3.1;2.7;313.8888889;0;0;2.5
2666700;-7;-4;43;99;-6.7;-4.8;6.1;2.8;77.1;0;-2.3;-2.6;-2.3;-3.2;2.7;313.8888889;0;0;2.5
2667600;-7;-5;42;98;-6.7;-4.8;6.2;3.2;76.7;0;-2.5;-2.8;-2.5;-3.5;2.7;313.8888889;0;0;3.9
2668500;-6;-5;26;57;-5.6;-4.8;6.3;3.3;76.1;0;-2.6;-2.8;-2.6;-3.7;2.7;313.8888889;0;0;3.9
2669400;-3;-1;0;0;-3.4;-1.6;6.4;3.2;76.2;0;-1.9;-2;-1.8;-3.3;2.7;313.8888889;0;0;3.9
2670300;-4;-2;31;79;-4.6;-2.2;6.4;3;76.8;0;-0.7;-1;-0.6;-2.1;2.7;313.8888889;0;0;3.9
2671200;-6;-4;43;100;-5.7;-3.7;6.4;3.3;77.1;0;-1.7;-2;-1.7;-2.6;2.8;313.8888889;0;0;4.3
2672100;-7;-4;42;98;-6.4;-4.4;6.2;3.4;77.6;0;-2.3;-2.6;-2.3;-3.2;2.8;313.8888889;0;0;4.3
2673000;-7;-5;40;90;-6.6;-4.7;6.3;3.2;77.3;0;-2.6;-3;-2.6;-3.6;2.8;313.8888889;0;0;4.3
2673900;-5.5;-2.5;23;53;-5.55;-1.7;6.3;2.9;77.5;0;-2;-2.3;-1.95;-3.15;2.8;313.8888889;0;0;4.3
2674800;-4;0;6;16;-4.5;1.3;6.3;2.6;77.7;0;-1.4;-1.6;-1.3;-2.7;2.7;313.8888889;0;0;3.6
2675700;-5;-3;43;100;-5.2;-2.9;6.2;2.4;78.3;0;-1.2;-1.4;-1.1;-2.2;2.7;313.8888889;0;0;3.6
2676600;-6;-4;43;98;-6.2;-4.1;5.9;2.4;78.7;0;-2.3;-2.5;-2.2;-3.1;2.7;313.8888889;0;0;3.6
2677500;-6;-4;19;43;-5.7;-4.5;5.9;2.4;79.1;0;-2.6;-2.7;-2.6;-3.6;2.7;313.8888889;0;0;3.6
2678400;-5;-1;0;0;-4.8;-1;5.8;2.1;79.3;0;-2;-2.1;-1.9;-3.2;2.9;325;0;0;2.6
2679300;-5;-2;30;73;-5;-2.1;6.1;2;79.3;0;-0.9;-1.1;-0.8;-2;2.9;325;0;0;2.6
2680200;-6;-4;43;102;-5.7;-3.6;6.2;2;79.4;0;-1.6;-1.8;-1.6;-2.4;2.9;325;0;0;2.6
2681100;-6;-4;42;100;-6.2;-4;6.2;2;80;0;-2;-2.3;-2;-2.9;2.9;325;0;0;2.6
2682000;-7;-4;42;98;-6.4;-4.4;6.4;6.6;80.6;0;-2.4;-2.6;-2.4;-3.3;3.6;322.2222222;0;0;2
2682900;-7;-5;43;97;-6.4;-4.4;6.4;6.6;80.5;0;-2.4;-2.5;-2.3;-3.2;3.6;322.2222222;0;0;2
2683800;-6;-4;43;103;-6.3;-4.2;6.3;6.6;80.5;0;-1.7;-1.9;-1.6;-2.5;3.6;322.2222222;0;0;2
2684700;-6;-3;43;104;-5.9;-3.9;6.6;6.6;80.4;0;-1.2;-1.6;-1.4;-2.3;3.6;322.2222222;0;0;2
2685600;-6;-3;43;104;-5.9;-3.9;6.7;2.9;80;0;-1.2;-1.5;-1.4;-2.1;3.6;327.7777778;0;0;1.7
2686500;-6;-3;43;104;-5.9;-3.9;6.7;2.6;79.5;0;-1.2;-1.5;-1.4;-2.1;3.6;327.7777778;0;0;1.7
2687400;-6;-3;43;104;-5.9;-3.9;6.7;2.7;79.6;0;-1.2;-1.6;-1.4;-2.2;3.6;327.7777778;0;0;1.7
2688300;-6;-3;43;104;-5.9;-3.9;6.9;2.8;79.3;0;-1.1;-1.5;-1.3;-2;3.6;327.7777778;0;0;1.7
2689200;-6;-3;43;103;-5.9;-3.9;6.9;2.8;79.6;0;-1.3;-1.6;-1.3;-2.1;3.7;327.7777778;0;0;3
2690100;-6;-4;43;102;-5.9;-3.9;7.1;2.8;78.9;0;-1.6;-1.8;-1.6;-2.5;3.7;327.7777778;0;0;3
2691000;-6;-4;43;100;-5.9;-3.9;7.1;3;78.7;0;-1.7;-2.1;-1.8;-2.5;3.7;327.7777778;0;0;3
2691900;-6;-4;43;102;-5.9;-3.9;7.1;3.5;79.1;0;-1.6;-2;-1.6;-2.5;3.7;327.7777778;0;0;3
2692800;-6;-4;43;104;-5.9;-3.9;7.1;3.6;79.1;0;-1.5;-1.8;-1.5;-2.3;3.5;330.5555556;0;0;2.9
2693700;-6;-4;43;105;-5.9;-3.9;7.2;3.6;79;0;-1.4;-1.7;-1.3;-2.1;3.5;330.5555556;0;0;2.9
2694600;-6;-3;43;106;-5.9;-3.9;7.2;3.6;79.6;0;-1.3;-1.6;-1.2;-2;3.5;330.5555556;0;0;2.9
2695500;-6;-3;43;105;-5.9;-3.9;7.3;3.6;79.7;0;-1.3;-1.6;-1.2;-2;3.5;330.5555556;0;0;2.9
2696400;-6;-3;43;105;-5.9;-3.9;7.3;3.7;80.1;0;-1.3;-1.5;-1.2;-2;3.8;330.5555556;0;0;3.1
2697300;-6;-3;43;105;-5.9;-3.9;7.2;3.7;80.7;0;-1.3;-1.5;-1.2;-2;3.8;330.5555556;0;0;3.1
2698200;-6;-3;43;105;-5.9;-3.9;7.3;3.7;80.8;0;-1.3;-1.6;-1.3;-2.2;3.8;330.5555556;0;0;3.1
2699100;-6;-3;43;106;-5.9;-3.7;7.2;3.7;82.1;0;-1.1;-1.5;-1.1;-2;3.8;330.5555556;0;0;3.1
2700000;-6;-3;43;104;-5.9;-3.4;7.2;3.7;87.2;0;-1.2;-1.5;-1.1;-2;3.9;333.3333333;5.555555556;5.555555556;2.8
2700900;-5;-3;43;107;-5.5;-3.3;7.2;3.7;87.1;0;-0.8;-1;-0.8;-1.6;3.9;333.3333333;5.555555556;5.555555556;2.8
2701800;-5;-3;43;107;-5.4;-2.9;6.8;3.6;89.3;0;-0.6;-0.9;-0.6;-1.5;3.9;333.3333333;5.555555556;5.555555556;2.8
2702700;-5;-3;43;109;-5.2;-2.9;6.8;3.5;90.1;0;-0.5;-0.7;-0.5;-1.2;3.9;333.3333333;5.555555556;5.555555556;2.8
2703600;-5;-3;43;108;-4.9;-2.9;7.1;3.6;89.8;0.1;-0.4;-0.8;-0.5;-1.2;4.4;336.1111111;22.22222222;22.22222222;2.2
2704500;-5;-3;43;107;-4.9;-2.9;7.1;3.6;89;0.1;-0.6;-1;-0.7;-1.4;4.4;336.1111111;22.22222222;22.22222222;2.2
2705400;-5;-3;43;107;-4.9;-2.9;7.1;3.6;89.5;0.1;-0.7;-1.2;-0.9;-1.6;4.4;336.1111111;22.22222222;22.22222222;2.2
2706300;-5;-3;43;107;-5.4;-2.9;7.5;3.6;90.6;0.1;-0.8;-1.2;-1;-1.7;4.4;336.1111111;22.22222222;22.22222222;2.2
2707200;-5;-3;43;106;-5.4;-2.9;7.9;3.9;90.3;7.6;-0.9;-1.2;-0.9;-1.9;5;338.8888889;55.55555556;55.55555556;2.3
2708100;-5;-3;43;107;-5.4;-2.9;7.8;3.9;89.5;8.7;-0.9;-1.1;-0.9;-1.9;5;338.8888889;55.55555556;55.55555556;2.3
2709000;-5;-3;43;110;-5.2;-2.9;7.7;4;89.3;8.7;-0.3;-0.6;-0.4;-1.3;5;338.8888889;55.55555556;55.55555556;2.3
2709900;-4;-2;43;111;-4.6;-2.4;7.9;4.2;89.5;8.7;0.2;0;0.2;-0.7;5;338.8888889;55.55555556;55.55555556;2.3
2710800;-4;-2;43;113;-4.4;-1.9;8;4.6;89.6;30.3;0.4;0.1;0.4;-0.5;5.7;338.8888889;72.22222222;72.22222222;2.4
2711700;-4;-2;43;113;-4.4;-1.9;8.4;4.8;90.3;38.2;0.4;0.1;0.3;-0.5;5.7;338.8888889;72.22222222;72.22222222;2.4
2712600;-4;-2;43;113;-4.4;-1.9;8.9;4.9;90.3;37.6;0.5;0.2;0.4;-0.5;5.7;338.8888889;72.22222222;72.22222222;2.4
2713500;-4;-2;43;114;-4.4;-1.9;9;5;90.4;36.3;0.6;0.3;0.5;-0.4;5.7;338.8888889;72.22222222;72.22222222;2.4
2714400;-4;-2;43;114;-4.4;-1.9;9.2;5.7;90.1;61;0.6;0.4;0.6;-0.3;6.2;341.6666667;41.66666667;41.66666667;2.4
2715300;-4;-2;43;115;-4.2;-1.9;9.1;6;89.6;70;0.8;0.5;0.7;-0.2;6.2;341.6666667;41.66666667;41.66666667;2.4
2716200;-4;-2;43;116;-3.9;-1.6;9;5.9;89.3;72.2;1;0.7;0.9;0;6.2;341.6666667;41.66666667;41.66666667;2.4
2717100;-4;-2;43;117;-3.9;-1.4;9;5.8;90.7;76.7;1.3;1;1.2;0.3;6.2;341.6666667;41.66666667;41.66666667;2.4
2718000;-3;-2;43;118;-3.4;-1;9.1;6.2;90.8;85.3;1.5;1.2;1.4;0.5;6.3;344.4444444;77.77777778;77.77777778;1.7
2718900;-3;0;43;120;-3.3;-0.8;9.3;6.4;90.7;88.4;1.8;1.6;1.8;0.8;6.3;344.4444444;77.77777778;77.77777778;1.7
2719800;-3;0;43;122;-2.9;-0.4;9.5;6.4;90.4;88.4;2;1.8;2;1;6.3;344.4444444;77.77777778;77.77777778;1.7
2720700;-3;0;43;122;-2.9;-0.4;9.8;6.3;91;88.4;2.1;1.9;2.1;1;6.3;344.4444444;77.77777778;77.77777778;1.7
2721600;-3;0;43;124;-2.9;-0.4;10.3;6.6;90.8;95.5;2.3;2.1;2.3;1.2;7.8;347.2222222;100;100;1.8
2722500;-2;0;43;125;-2.6;0.1;10.4;6.7;90.3;98.1;2.5;2.3;2.5;1.3;7.8;347.2222222;100;100;1.8
2723400;-2;0;43;125;-2.4;0.1;10.5;6.7;90.3;98.1;2.6;2.4;2.6;1.4;7.8;347.2222222;100;100;1.8
2724300;-2;0;43;126;-2.4;0.1;10.8;6.6;89.9;98.1;2.8;2.6;2.8;1.5;7.8;347.2222222;100;100;1.8
2725200;-2;0;43;126;-2.4;0.3;11.3;7.2;89.9;77.5;2.9;2.7;2.9;1.6;8.2;347.2222222;50;50;2.1
2726100;-2;0;43;127;-2.2;0.6;11.5;7.4;89.3;70;3;2.9;3;1.8;8.2;347.2222222;50;50;2.1
2727000;-2;0;43;127;-1.9;0.6;10.9;7.4;88.5;70;3.2;2.9;3.2;1.9;8.2;347.2222222;50;50;2.1
2727900;-2;0;43;128;-1.9;0.6;11;7.4;89.8;70;3.1;2.9;3.1;1.9;8.2;347.2222222;50;50;2.1
2728800;-2;0;43;128;-1.9;0.6;11;7.6;89.4;67.6;3.1;2.8;3.1;1.9;8.3;350;27.77777778;27.77777778;3.1
2729700;-2;0;43;127;-1.9;0.6;11.2;7.7;89.7;66.7;3.1;2.8;3;1.9;8.3;350;27.77777778;27.77777778;3.1
2730600;-2;0;43;128;-1.9;0.6;11.3;7.8;89.5;66.7;3.1;2.8;3;1.8;8.3;350;27.77777778;27.77777778;3.1
2731500;-2;0;43;128;-1.9;0.6;11.2;8;89.8;66.7;3;2.7;3;1.9;8.3;350;27.77777778;27.77777778;3.1
2732400;-2;0;43;127;-1.9;0.6;11.3;7.9;90;46.3;3;2.7;2.9;1.8;8.2;336.1111111;11.11111111;11.11111111;2.4
2733300;-2;0;43;127;-1.9;0.6;11.3;7.9;89.8;38.9;2.9;2.6;2.8;1.7;8.2;336.1111111;11.11111111;11.11111111;2.4
2734200;-2;0;43;125;-2;0.6;11.3;8;89.8;38.9;2.8;2.3;2.6;1.6;8.2;336.1111111;11.11111111;11.11111111;2.4
2735100;-2;0;43;121;-2.4;0.2;11.3;8.1;89.4;38.9;2.3;1.9;2.2;1.2;8.2;336.1111111;11.11111111;11.11111111;2.4
2736000;-3;0;43;121;-2.7;-0.2;10.9;8;89.3;18.1;2;1.6;1.9;0.9;8.4;338.8888889;0;0;2.3
2736900;-3;0;43;120;-2.9;-0.4;10.6;7.9;89.3;10.6;1.7;1.3;1.7;0.6;8.4;338.8888889;0;0;2.3
2737800;-3;0;43;119;-2.9;-0.5;10.6;8;89.3;10.6;1.5;1.1;1.7;0.4;8.4;338.8888889;0;0;2.3
2738700;-3;0;43;121;-2.9;-0.9;10.4;8.1;89.4;10.6;1.9;1.3;1.8;0.8;8.4;338.8888889;0;0;2.3
2739600;-3;0;43;124;-2.9;-0.4;10.4;8.2;89.3;3;2.4;1.7;2.2;1.1;8.5;344.4444444;0;0;2.1
2740500;-3;0;43;125;-2.9;-0.4;10.5;8.3;89.7;0.2;2.6;1.9;2.3;1.2;8.5;344.4444444;0;0;2.1
2741400;-3;0;43;125;-2.9;-0.3;10.6;8.3;89.5;0.2;2.5;1.9;2.4;1.3;8.5;344.4444444;0;0;2.1
2742300;-2;0;43;126;-2.5;0.1;10.5;8.4;89.3;0.2;2.7;2.1;2.6;1.5;8.5;344.4444444;0;0;2.1
2743200;-2;0;43;128;-2.3;0.4;10.4;8.3;89.3;0.1;3.1;2.5;2.9;1.9;7.6;344.4444444;0;0;3.2
2744100;-2;0;43;129;-1.9;0.6;10;8.2;89.8;0;3.2;2.8;3.1;2.1;7.6;344.4444444;0;0;3.2
2745000;-2;0;43;128;-1.9;0.6;9.8;8.2;90.6;0;3.1;2.8;3.1;2.1;7.6;344.4444444;0;0;3.2
2745900;-2;0;43;126;-2;0.6;9.9;8.3;90.8;0;2.7;2.4;2.7;1.6;7.6;344.4444444;0;0;3.2
2746800;-2;0;43;125;-2.4;0.2;9.8;8.1;90.8;0;2.5;2.2;2.5;1.5;7.2;344.4444444;0;0;3
2747700;-2;0;43;126;-2.4;0.1;9.7;8;90.9;0;2.7;2.3;2.6;1.6;7.2;344.4444444;0;0;3
2748600;-2;0;43;127;-2.4;0.1;9.5;8.1;91.3;0;2.9;2.4;2.7;1.7;7.2;344.4444444;0;0;3
2749500;-2;0;43;127;-2.4;0.1;9.4;8.3;91.3;0;2.9;2.5;2.8;1.8;7.2;344.4444444;0;0;3
2750400;-2;0;43;126;-2.4;0.1;9.4;8.2;91.3;0;2.8;2.3;2.7;1.6;7.1;347.2222222;0;0;3.2
2751300;-2;0;43;126;-2.4;0.1;9.3;8.2;91.6;0;2.7;2.2;2.6;1.6;7.1;347.2222222;0;0;3.2
2752200;-2;0;43;124;-2.4;0.1;9.2;8;91.8;0;2.7;2.2;2.5;1.5;7.1;347.2222222;0;0;3.2
2753100;-2;0;43;123;-2.4;0.1;9.4;7.6;91.7;0;2.4;1.9;2.3;1.3;7.1;347.2222222;0;0;3.2
2754000;-3;0;43;123;-2.4;0.1;9.4;7.6;91.3;0;2.3;1.8;2.2;1.2;7.3;338.8888889;0;0;2.9
2754900;-3;0;43;121;-2.7;-0.2;9.4;7.6;91.3;0;2.1;1.5;2;0.9;7.3;338.8888889;0;0;2.9
2755800;-3;0;43;122;-2.9;-0.4;9.3;7.4;91.5;0;2.2;1.6;2.1;1.1;7.3;338.8888889;0;0;2.9
2756700;-3;0;43;123;-2.9;-0.4;9.2;7.3;91.8;0;2.4;1.9;2.3;1.2;7.3;338.8888889;0;0;2.9
2757600;-2;0;43;124;-2.6;0.1;9.1;7;91.8;0;2.6;2;2.4;1.3;7.3;330.5555556;0;0;1.8
2758500;-2;0;43;125;-2.4;0.1;9;7;91.8;0;2.6;2.2;2.5;1.5;7.3;330.5555556;0;0;1.8
2759400;-2;0;43;126;-2.4;0.1;8.9;7;91.8;0;2.8;2.4;2.7;1.7;7.3;330.5555556;0;0;1.8
2760300;-2;0;43;123;-2.25;0.2;8.75;7;91.8;0;2.85;2.45;2.75;1.75;7.3;330.5555556;0;0;1.8
2761200;-2;0;43;120;-2.1;0.3;8.6;7;91.8;0;2.9;2.5;2.8;1.8;6.5;319.4444444;0;0;2.2
2762100;-1;0;26;70;-1.1;0.6;8.4;7;91.5;0;2.8;2.5;2.8;1.6;6.5;319.4444444;0;0;2.2
2763000;0;0;14;32;0;0.8;8.2;7;91.3;0;3.7;3.5;3.9;2.3;6.5;319.4444444;0;0;2.2
2763900;-2;0;43;128;-1.6;1;7.9;7;91.3;0;3;2.6;2.9;2;6.5;319.4444444;0;0;2.2
2764800;-3;0;43;122;-2.5;0;7.4;6.9;91.3;0;2.1;1.7;2;1.1;6.2;308.3333333;0;0;1.7
2765700;-3;0;43;120;-3.1;-0.5;7.4;6.9;91.6;0;1.6;1.1;1.4;0.5;6.2;308.3333333;0;0;1.7
2766600;-3;0;43;118;-3.3;-0.9;7.8;6.9;91.4;0;1.4;0.9;1.2;0.3;6.2;308.3333333;0;0;1.7
2767500;-4;0;43;117;-3.3;-0.9;7.6;6.9;91.3;0;1.2;0.7;1.1;0.1;6.2;308.3333333;0;0;1.7
2768400;-4;0;43;117;-3.3;-0.9;7.6;6.7;91.3;0;1.1;0.7;1.1;0.1;5.7;325;0;0;1.8
2769300;-4;0;43;116;-3.4;-1;7.6;6.6;91.3;0;1.1;0.6;1;0;5.7;325;0;0;1.8
2770200;-4;0;42;115;-3.8;-1.4;7.7;6.6;91.3;0;0.9;0.4;0.8;-0.2;5.7;325;0;0;1.8
2771100;-4;-2;42;113;-4;-1.7;7.8;6.6;91.3;0;0.5;0;0.3;-0.6;5.7;325;0;0;1.8
2772000;-4;-2;42;113;-4.3;-1.9;7.8;6.4;90.9;0;0.4;-0.1;0.2;-0.6;6.2;322.2222222;0;0;2.2
2772900;-4;-2;42;114;-4.3;-1.9;7.9;6.2;91.3;0;0.5;0.1;0.5;-0.6;6.2;322.2222222;0;0;2.2
2773800;-4;-2;42;112;-4.3;-1.9;8.1;6.1;91.1;0;0.2;-0.2;0.1;-0.9;6.2;322.2222222;0;0;2.2
2774700;-5;-2;42;110;-4.5;-2.4;8.2;6;90.8;0;-0.1;-0.5;-0.2;-1.2;6.2;322.2222222;0;0;2.2
2775600;-5;-3;42;110;-4.8;-2.4;8.1;5.7;90.8;0;-0.3;-0.8;-0.4;-1.4;5.8;322.2222222;0;0;2.3
2776500;-5;-3;42;108;-4.8;-2.7;7.6;5.7;90.4;0;-0.5;-1;-0.7;-1.6;5.8;322.2222222;0;0;2.3
2777400;-5;-3;42;106;-5.3;-2.9;7.3;5.6;90.3;0;-0.6;-1.2;-0.8;-1.8;5.8;322.2222222;0;0;2.3
2778300;-5;-3;42;105;-5.3;-3.1;7.2;5.4;90.3;0;-0.9;-1.4;-1;-2;5.8;322.2222222;0;0;2.3
2779200;-6;-3;42;105;-5.6;-3.4;7.1;5.3;90.5;0;-1.2;-1.7;-1.3;-2.2;5.8;330.5555556;0;0;2.8
2780100;-6;-4;42;104;-5.8;-3.6;7.3;5.3;90.8;0;-1.5;-1.9;-1.5;-2.5;5.8;330.5555556;0;0;2.8
2781000;-6;-4;34;84;-5.5;-3.9;7.5;5.6;90.8;0;-1.3;-1.9;-1.5;-2.4;5.8;330.5555556;0;0;2.8
2781900;-4;-3;0;0;-3.7;-3.8;7.7;6;90.8;0;-0.5;-0.9;-0.4;-2;5.8;330.5555556;0;0;2.8
2782800;-4;-3;0;0;-3.7;-3.3;7.7;5.9;90.8;0;0.1;-0.1;0.6;-1.5;5.4;308.3333333;0;0;1.8
2783700;-3;-3;0;0;-3.3;-2.9;7.8;5.9;90.8;0;0.8;0.9;1.4;-1.1;5.4;308.3333333;0;0;1.8
2784600;-3;-2;0;0;-3;-2.5;7.7;5.8;90.5;0;1.4;1.9;2;-0.7;5.4;308.3333333;0;0;1.8
2785500;-3;-2;0;0;-2.7;-2.2;7.7;5.7;90.3;0;2.2;2.3;2.4;-0.3;5.4;308.3333333;0;0;1.8
2786400;-2;0;0;0;-2.2;0.3;7.5;5.6;90.3;0;2.8;2.6;2.7;0.1;5.4;325;8.333333333;8.333333333;3
2787300;-2;1;0;0;-2;1.7;7;5.5;90.3;0;3.1;2.9;3;0.5;5.4;325;8.333333333;8.333333333;3
2788200;-2;2;0;0;-1.7;2.4;7.2;5.5;90.8;0;3.6;3.3;3.3;0.9;5.4;325;8.333333333;8.333333333;3
2789100;-2;2;0;0;-1.4;3.1;7.4;5.6;90.8;0;4.4;3.7;3.9;1.3;5.4;325;8.333333333;8.333333333;3
2790000;-1;1;21;23;-0.2;2.1;7.7;5.7;90.7;0.3;4.4;3.8;4.1;2.4;5.5;333.3333333;30.55555556;30.55555556;1.9
2790900;0;0;0;0;1;1.6;7.9;5.7;90.8;0.4;4.1;3.6;4;2.7;5.5;333.3333333;30.55555556;30.55555556;1.9
2791800;0;1;23;29;0.9;1.8;8;5.7;90.6;0.4;4.3;3.8;4.3;3.1;5.5;333.3333333;30.55555556;30.55555556;1.9
2792700;0;1;0;0;1;1.6;8.3;5.7;90.8;0.4;4.4;3.7;4.1;2.8;5.5;333.3333333;30.55555556;30.55555556;1.9
2793600;0;1;21;38;0.9;2;8.6;6.1;90.6;19.9;4.8;4.2;4.6;3.3;6;341.6666667;41.66666667;41.66666667;3.7
2794500;0;1;0;0;1.2;2.1;8.7;6.1;90.4;19.9;4.7;4.2;4.6;3.2;6;341.6666667;41.66666667;41.66666667;3.7
2795400;0;1;23;42;1.3;2.5;9;5.9;90.9;19.9;5.1;4.6;5.1;3.7;6;341.6666667;41.66666667;41.66666667;3.7
2796300;1;4;0;0;1.5;3.6;9.7;5.7;91;19.9;4.8;4.4;4.8;3.4;6;341.6666667;41.66666667;41.66666667;3.7
2797200;1;3;22;51;1.3;4;10;6.4;90.7;52.3;5.3;4.9;5.3;3.8;6.7;341.6666667;63.88888889;63.88888889;3.9
2798100;1;1;0;0;1.5;2.6;10.1;6.5;90.3;54.6;5;4.6;4.9;3.6;6.7;341.6666667;63.88888889;63.88888889;3.9
2799000;1;2;24;54;1.7;2.8;10.2;6.4;90.3;54.7;5.6;5.1;5.5;4.1;6.7;341.6666667;63.88888889;63.88888889;3.9
2799900;1;2;13;25;1.8;2.8;10.4;6.3;90.5;54.9;5.5;5.3;5.6;4.2;6.7;341.6666667;63.88888889;63.88888889;3.9
2800800;1;3;35;119;1.7;3.6;11;7.2;90.8;96.3;5.8;5.4;5.7;4.6;7.9;347.2222222;77.77777778;77.77777778;3.6
2801700;0;2;43;138;0.1;3.1;11.3;7.3;90.1;102.7;5.1;4.7;5;4;7.9;347.2222222;77.77777778;77.77777778;3.6
2802600;0;2;43;137;-0.2;2.6;11.2;7.1;89.9;100.8;4.8;4.5;4.8;3.8;7.9;347.2222222;77.77777778;77.77777778;3.6
2803500;0;2;43;137;-0.4;2.6;11.4;6.9;90.3;98;4.6;4.5;4.8;3.7;7.9;347.2222222;77.77777778;77.77777778;3.6
2804400;0;2;43;137;-0.4;2.6;12;7.7;90.2;110.8;4.8;4.6;5;3.9;9;352.7777778;88.88888889;88.88888889;3.5
2805300;0;2;43;140;-0.3;2.7;12.5;8;88.2;115.5;5.3;5;5.3;4.3;9;352.7777778;88.88888889;88.88888889;3.5
2806200;0;2;43;142;0.1;3.1;12.7;7.9;84.8;115.5;5.6;5.3;5.6;4.5;9;352.7777778;88.88888889;88.88888889;3.5
2807100;0;3;43;144;0.4;3.4;13.1;7.6;76.3;115.5;6;5.8;6.1;4.9;9;352.7777778;88.88888889;88.88888889;3.5
2808000;0;3;43;146;0.9;3.9;13.2;8.2;74.3;113.7;6.5;6.2;6.6;5.3;10.4;358.3333333;130.5555556;130.5555556;3.7
2808900;1;4;43;152;1.6;4.7;13.5;8.3;73.5;113.3;7.4;7.1;7.6;6.2;10.4;358.3333333;130.5555556;130.5555556;3.7
2809800;1;5;43;152;2.1;5.1;13.1;8.3;75.4;113.3;7.7;7.4;7.7;6.6;10.4;358.3333333;130.5555556;130.5555556;3.7
2810700;1;5;43;155;2.2;5.5;13.3;8.4;75.5;113.3;8;7.8;8.1;6.9;10.4;358.3333333;130.5555556;130.5555556;3.7
2811600;2;5;43;158;2.7;5.9;13.6;9.2;75;110;8.5;8.3;8.5;7.4;11.3;358.3333333;100;100;3.5
2812500;2;6;43;158;3.1;6.1;13.9;9.5;74.8;108.8;8.7;8.6;8.8;7.6;11.3;358.3333333;100;100;3.5
2813400;2;6;43;155;3.1;6.1;14.1;9.5;74.4;108.8;8.7;8.7;8.8;7.7;11.3;358.3333333;100;100;3.5
2814300;2;6;39;188;2.7;6.6;14.1;9.5;75;108.8;9;8.8;9;7.9;11.3;358.3333333;100;100;3.5
2815200;3;6;33;70;4.7;6.6;14;9.8;77.3;97.6;8.8;8.8;8.9;7.6;10.8;352.7777778;58.33333333;58.33333333;3.4
2816100;2;6;43;163;3.5;6.9;13.9;10;77.2;90.2;8.9;8.7;8.9;7.9;10.8;352.7777778;58.33333333;58.33333333;3.4
2817000;2;5;43;156;3.1;6.3;13.8;10.4;77.9;90.2;8.3;8.1;8.3;7.2;10.8;352.7777778;58.33333333;58.33333333;3.4
2817900;2;5;43;155;2.7;6.1;13.7;10.7;78.7;90.2;8;7.9;8.1;7;10.8;352.7777778;58.33333333;58.33333333;3.4
2818800;2;5;43;154;2.7;5.9;13.7;10.7;79.1;59.4;7.9;7.8;7.9;6.8;11.5;355.5555556;8.333333333;8.333333333;3.5
2819700;1;5;43;152;2.7;5.6;13.7;10.7;78.4;57.2;7.8;7.6;7.8;6.7;11.5;355.5555556;8.333333333;8.333333333;3.5
2820600;1;5;43;151;2.4;5.6;13.7;10.9;77.6;57.2;7.6;7.5;7.6;6.5;11.5;355.5555556;8.333333333;8.333333333;3.5
2821500;1;4;43;148;2.2;5.3;13.5;11.2;77.4;57.2;7.5;7.2;7.4;6.3;11.5;355.5555556;8.333333333;8.333333333;3.5
2822400;1;4;43;146;2.2;5.1;13.4;11;77;20.6;7.4;6.9;7.3;6.2;11.2;352.7777778;0;0;3.2
2823300;1;4;43;145;1.9;4.9;13.4;11;76.8;15;6.9;6.7;7.1;5.8;11.2;352.7777778;0;0;3.2
2824200;1;4;42;133;1.9;4.6;13.3;10.8;77.2;15;7.1;6.7;7.1;5.9;11.2;352.7777778;0;0;3.2
2825100;2;4;40;79;3.3;4.9;13.2;10.6;78.6;15;7.5;7.4;7.7;6.3;11.2;352.7777778;0;0;3.2
2826000;2;5;43;123;3.4;5.7;12.9;10.8;79.2;3.2;8;7.9;8.2;7;10.7;344.4444444;0;0;2.8
2826900;1;4;43;151;2.1;5.3;12.8;10.9;79.8;0.2;7.2;7;7.2;6.2;10.7;344.4444444;0;0;2.8
2827800;0;4;43;146;1.7;4.6;12.8;11.2;80.1;0.2;6.6;6.5;6.7;5.6;10.7;344.4444444;0;0;2.8
2828700;0;3;43;143;1.1;4.2;12.7;11.8;80.3;0.2;6.1;5.8;6.1;5;10.7;344.4444444;0;0;2.8
2829600;0;3;43;142;0.7;3.7;12.6;11.7;80.6;0.1;5.9;5.6;5.8;4.8;11.3;355.5555556;0;0;2.8
2830500;0;3;43;141;0.7;3.6;12.7;11.6;80.4;0;5.9;5.6;5.9;4.7;11.3;355.5555556;0;0;2.8
2831400;0;3;43;143;0.7;3.6;12.8;11.5;79.7;0;6;5.8;6;4.9;11.3;355.5555556;0;0;2.8
2832300;0;3;43;144;0.7;3.6;12.9;11.1;79;0;6.2;5.9;6.1;5;11.3;355.5555556;0;0;2.8
2833200;0;3;37;120;1.2;3.7;12.9;11;79.2;0;6.3;6.1;6.5;5;11.3;347.2222222;0;0;3.9
2834100;1;3;43;108;1.9;4.1;12.9;10.9;79.2;0;6.5;6.2;6.7;5.4;11.3;347.2222222;0;0;3.9
2835000;2;4;43;99;2.4;4.5;13;10.7;79.1;0;6.9;6.6;7;5.8;11.3;347.2222222;0;0;3.9
2835900;1;4;38;128;2.4;4.9;13;10.5;78.6;0;7.3;7;7.3;6.2;11.3;347.2222222;0;0;3.9
2836800;0;4;43;149;1.6;4.7;12.9;10.7;79.4;0;6.7;6.4;6.6;5.6;10.4;338.8888889;0;0;3.4
2837700;0;3;43;143;1;4;12.7;10.7;79.8;0;6.1;5.7;6;5;10.4;338.8888889;0;0;3.4
2838600;0;3;43;141;0.7;3.6;12.3;11.1;80.7;0;5.7;5.4;5.8;4.6;10.4;338.8888889;0;0;3.4
2839500;0;2;43;140;0.4;3.3;12.2;11.4;81.1;0;5.3;5.1;5.3;4.1;10.4;338.8888889;0;0;3.4
2840400;0;2;43;139;0.2;3.1;12.2;11.3;81.1;0;5.2;4.8;5.2;4;9.8;330.5555556;0;0;3.8
2841300;0;2;43;137;0.2;2.9;12.2;11.3;81.1;0;4.9;4.6;5;3.9;9.8;330.5555556;0;0;3.8
2842200;0;2;43;136;-0.3;2.6;12.2;11.3;81;0;5;4.6;5;3.8;9.8;330.5555556;0;0;3.8
2843100;0;2;40;98;0.5;2.6;12.1;11.3;80.5;0;5.2;4.9;5.3;4;9.8;330.5555556;0;0;3.8
2844000;1;2;39;61;1.6;2.8;12;11.1;80.1;0;5.5;5.1;5.5;4.3;9.5;308.3333333;0;0;4.1
2844900;0;2;43;137;0.1;2.8;11.5;11.1;80.2;0;4.9;4.5;4.8;4;9.5;308.3333333;0;0;4.1
2845800;0;1;43;130;-1;1.7;10.7;10.7;81.3;0;3.6;3.2;3.5;2.7;9.5;308.3333333;0;0;4.1
2846700;-1.5;0.5;43;123.5;-1.75;0.8;10.25;9.15;82.1;0;2.85;2.4;2.7;1.9;9.5;308.3333333;0;0;4.1
2847600;-3;0;43;117;-2.5;-0.1;9.8;7.6;82.9;0;2.1;1.6;1.9;1.1;9.8;327.7777778;0;0;4
2848500;-1;0;38;49;-1.1;-0.1;9.5;7;83.7;0;2.4;1.9;2.6;1.4;9.8;327.7777778;0;0;4
2849400;0;1;20;51;0.2;1.4;9.6;7;85.4;0;4.5;3.9;4.9;3.4;9.8;327.7777778;0;0;4
2850300;0;2;43;141;-0.1;2.6;10.6;7;85.4;0;5.1;4.5;5.2;4.3;9.8;327.7777778;0;0;4
2851200;0;2;43;139;-0.1;2.6;10.8;6.9;83.6;0;4.9;4.5;5.2;4.1;10.6;350;0;0;4.9
2852100;0;2;43;140;-0.1;2.6;10.9;6.9;83.5;0;5;4.7;5.3;4.2;10.6;350;0;0;4.9
2853000;0;2;43;141;-0.1;2.6;11.2;6.9;82.6;0;5.2;4.8;5.3;4.1;10.6;350;0;0;4.9
2853900;0;2;43;142;-0.1;2.9;11.6;6.9;81.2;0;5.3;5.1;5.5;4.4;10.6;350;0;0;4.9
2854800;0;2;43;142;0.1;3.1;12;8;79.8;0;5.5;5.3;5.8;4.5;10.3;347.2222222;0;0;4.2
2855700;0;2;38;112;0.8;3.1;12;8;79.4;0;5.5;5.2;5.6;4.4;10.3;347.2222222;0;0;4.2
2856600;1;2;43;86;1.5;3.1;12.1;8;79.2;0;5.7;5.4;5.8;4.5;10.3;347.2222222;0;0;4.2
2857500;1;3;43;75;2.1;3.6;12.2;8;79.1;0;6;5.7;6.2;5;10.3;347.2222222;0;0;4.2
2858400;0;3;38;108;1.7;3.9;12;9.1;79.3;0;6.3;5.9;6.3;5.3;9.8;338.8888889;0;0;4.3
2859300;0;3;43;143;0.7;3.7;11.9;9.2;79.9;0;5.8;5.4;5.8;4.9;9.8;338.8888889;0;0;4.3
2860200;0;3;43;142;0.6;3.6;11.9;9.7;80.6;0;5.6;5.3;5.7;4.6;9.8;338.8888889;0;0;4.3
2861100;0;2;43;142;0.6;3.6;11.8;10.2;81.2;0;5.6;5.3;5.7;4.6;9.8;338.8888889;0;0;4.3
2862000;0;3;43;142;0.6;3.6;11.9;10;81.9;0;5.7;5.4;5.9;4.8;9.9;344.4444444;0;0;3.6
2862900;0;2;43;139;0.5;3.4;11.6;10;82.9;0;5.4;5;5.5;4.3;9.9;344.4444444;0;0;3.6
2863800;0;2;43;138;0.1;3.1;11.7;10;83;0;5.4;4.9;5.5;4.4;9.9;344.4444444;0;0;3.6
2864700;0;2;43;136;0.1;3.1;11.6;10.1;82.6;0;5.2;4.7;5.2;4.2;9.9;344.4444444;0;0;3.6
2865600;0;2;43;135;0.1;2.8;11.6;9.9;82.2;0;5;4.5;5.1;3.9;9.9;350;0;0;3.5
2866500;0;2;43;136;0;2.6;11.8;9.8;82;0;4.9;4.4;4.8;3.8;9.9;350;0;0;3.5
2867400;0;1;39;122;0.1;2.6;11.8;9.7;81.7;0;4.7;4.2;4.7;3.7;9.9;350;0;0;3.5
2868300;1;2;43;72;1.5;2.7;11.9;9.5;81.9;0;5.3;4.9;5.3;4.3;9.9;350;0;0;3.5
2869200;1;3;43;75;2;3.4;11.9;9.4;81.5;0;6.2;5.7;6;5;10.6;352.7777778;0;0;3.1
2870100;0;3;38;109;1.6;3.9;12.1;9.4;81.3;0;6.4;5.9;6.3;5.5;10.6;352.7777778;0;0;3.1
2871000;0;2;43;139;0.5;3.3;12.3;9.5;80.4;0;5.3;4.9;5.1;4.3;10.6;352.7777778;0;0;3.1
2871900;0;1;43;135;-0.5;2.3;12.3;9.8;80;0;4.4;4;4.3;3.3;10.6;352.7777778;0;0;3.1
2872800;0;1;43;132;-0.9;1.8;12.3;9.7;79.6;0;3.8;3.5;3.9;2.8;10.4;358.3333333;2.777777778;2.777777778;3.3
2873700;0;1;43;133;-1.3;1.6;12.3;9.6;79.6;0;3.8;3.4;3.8;2.8;10.4;358.3333333;2.777777778;2.777777778;3.3
2874600;0;1;43;135;-1.3;1.6;12.4;9.7;79.6;0;4.1;3.7;4.1;3.1;10.4;358.3333333;2.777777778;2.777777778;3.3
2875500;0;1;43;135;-1.3;1.6;12.4;9.8;80.2;0;3.8;3.5;4;3.1;10.4;358.3333333;2.777777778;2.777777778;3.3
2876400;0;1;43;133;-1.3;1.6;12.3;9.7;80.8;0.5;3.6;3.3;3.7;2.7;9.5;355.5555556;16.66666667;19.44444444;4.1
2877300;-2;0;43;131;-1.3;1.2;12.2;9.7;82.7;0.5;3.4;3.1;3.3;2.5;9.5;355.5555556;16.66666667;19.44444444;4.1
2878200;-2;0;43;132;-1.3;1.1;12.1;10.1;84;0.5;3.6;3.2;3.5;2.3;9.5;355.5555556;16.66666667;19.44444444;4.1
2879100;-2;1;43;137;-1.2;1.6;12.1;10.4;83.7;0.5;4.1;3.9;4.3;3.2;9.5;355.5555556;16.66666667;19.44444444;4.1
2880000;-1;2;43;139;-0.6;2.1;12.4;10.3;83.2;16.2;4.5;4.5;4.9;3.7;9.8;358.3333333;27.77777778;27.77777778;4.1
2880900;0;1;43;138;-0.3;2.1;12.8;10.3;82.7;16.2;4.5;4.4;4.8;3.5;9.8;358.3333333;27.77777778;27.77777778;4.1
2881800;0;1;43;138;-0.3;2.1;13.1;10.3;81.6;16.2;4.6;4.4;4.7;3.6;9.8;358.3333333;27.77777778;27.77777778;4.1
2882700;0;2;43;141;-0.1;2.7;13.2;10.3;80.7;16.2;5.2;5;5.4;4.4;9.8;358.3333333;27.77777778;27.77777778;4.1
2883600;0;3;43;144;0.2;3.5;13.2;10.5;80.8;46.3;5.8;5.5;5.8;4.6;9.8;355.5555556;25;25;8.9
2884500;0;2;43;140;0.2;3.2;13.4;10.5;80.9;53.8;5.3;5;5.2;4.1;9.8;355.5555556;25;25;8.9
2885400;0;2;43;141;0.2;3.1;13.3;10.1;80.4;51.6;5.2;5;5.2;4.2;9.8;355.5555556;25;25;8.9
2886300;0;3;43;145;0.4;3.4;12.6;9.8;82.8;49.6;5.8;5.6;6;4.9;9.8;355.5555556;25;25;8.9
2887200;0;3;43;145;0.7;3.6;12.7;10.3;84.4;81.4;5.9;5.9;6.3;5.2;9.8;358.3333333;38.88888889;38.88888889;3.8
2888100;0;3;43;147;0.9;4;12.7;10.4;85.5;86.3;6.4;6.2;6.5;5.7;9.8;358.3333333;38.88888889;38.88888889;3.8
2889000;0;4;43;149;1.3;4.3;12.5;10.3;85.9;83.7;6.9;6.7;7;6.2;9.8;358.3333333;38.88888889;38.88888889;3.8
2889900;1;4;43;153;1.9;5;12.8;10.2;86.8;78.6;7.6;7.4;7.6;6.6;9.8;358.3333333;38.88888889;38.88888889;3.8
2890800;2;5;43;153;2.2;5.6;13.1;10.6;86.4;98.6;7.9;7.8;8;6.9;10.9;361.1111111;36.11111111;36.11111111;6.2
2891700;2;5;43;152;2.7;5.6;13.2;10.8;85.4;108.6;8;8;8.1;7;10.9;361.1111111;36.11111111;36.11111111;6.2
2892600;2;5;43;151;2.7;5.6;13.3;10.5;85.7;108.6;8;8;8.2;7;10.9;361.1111111;36.11111111;36.11111111;6.2
2893500;2;5;38;143;2.6;5.9;13.5;10.3;84.7;108.6;8.1;8;8.2;7.1;10.9;361.1111111;36.11111111;36.11111111;6.2
2894400;2;5;36;141;2.9;6;13.4;10.7;83.8;114.7;8.3;8.2;8.4;7.2;10.8;355.5555556;41.66666667;41.66666667;6
2895300;2;5;42;157;2.8;6.1;13.4;10.7;83.7;115.1;8.2;8;8.2;7.2;10.8;355.5555556;41.66666667;41.66666667;6
2896200;2;5;43;157;2.8;6.1;13.1;10.5;84.7;115.1;8.2;7.9;8.2;7.2;10.8;355.5555556;41.66666667;41.66666667;6
2897100;2;5;42;157;2.8;6.1;12.6;10.1;88.1;115.1;8.3;8.1;8.3;7.4;10.8;355.5555556;41.66666667;41.66666667;6
2898000;2;5;40;152;3;6.1;10.7;10.4;89.1;110.3;8.1;8;8.2;7.2;9.1;344.4444444;58.33333333;58.33333333;5.7
2898900;2;5;42;142;2.4;5.7;9.9;10.6;90.7;107.9;7.6;7.5;7.8;6.7;9.1;344.4444444;58.33333333;58.33333333;5.7
2899800;2;5;43;109;2.9;5.1;10.1;10.6;91.6;107.9;7.6;7.6;7.8;6.8;9.1;344.4444444;58.33333333;58.33333333;5.7
2900700;2;5;38;106;3.4;5.6;10.2;10.6;91.6;107.9;7.7;7.6;7.9;6.8;9.1;344.4444444;58.33333333;58.33333333;5.7
2901600;1;4;43;153;2.6;5.4;10.2;10.7;91.3;103;7.5;7.2;7.5;6.6;10.4;338.8888889;41.66666667;41.66666667;6.2
2902500;1;4;43;148;1.9;4.9;10.2;10.7;91.3;102.2;6.9;6.7;7;6;10.4;338.8888889;41.66666667;41.66666667;6.2
2903400;1;4;43;148;1.9;4.6;10.3;10.7;90.9;102.2;6.8;6.6;6.9;5.8;10.4;338.8888889;41.66666667;41.66666667;6.2
2904300;1;4;43;150;1.9;4.6;10.6;10.7;90.5;102.2;7.1;6.9;7.2;6.1;10.4;338.8888889;41.66666667;41.66666667;6.2
2905200;1;4;43;151;1.9;5;10.8;10.7;90.2;81.9;7.4;7.3;7.5;6.3;10.4;319.4444444;13.88888889;13.88888889;5.8
2906100;1;4;43;151;1.9;5.1;10.9;10.7;89.1;71.7;7.4;7.2;7.5;6.3;10.4;319.4444444;13.88888889;13.88888889;5.8
2907000;1;4;43;149;1.9;5.1;10.9;9.8;89;71.7;7.2;7;7.3;6;10.4;319.4444444;13.88888889;13.88888889;5.8
2907900;1;4;43;147;1.9;5;10.8;9;88;71.7;7;6.7;7;5.9;10.4;319.4444444;13.88888889;13.88888889;5.8
2908800;0;4;43;146;1.7;4.6;10.8;9;88.3;34.3;6.7;6.5;6.9;5.7;10;313.8888889;0;0;6.6
2909700;0;3;43;145;1.4;4.6;10.8;9;87.7;28.6;6.6;6.3;6.6;5.5;10;313.8888889;0;0;6.6
2910600;0;3;43;145;1.4;4.5;10.8;9.4;87.5;28.6;6.5;6.2;6.5;5.4;10;313.8888889;0;0;6.6
2911500;0;3;43;144;1.4;4.1;10.8;10.1;87.8;28.6;6.3;6;6.3;5.2;10;313.8888889;0;0;6.6
2912400;0;3;43;144;1.1;4.1;10.8;10.2;87.9;11.2;6.1;6;6.2;5;9.9;302.7777778;0;0;6.4
2913300;0;3;43;143;0.9;4.1;10.5;10.3;87.7;2.5;6.1;5.7;6;5;9.9;302.7777778;0;0;6.4
2914200;0;3;43;141;0.8;3.7;10.3;10.4;88.1;2.5;5.8;5.4;5.7;4.7;9.9;302.7777778;0;0;6.4
2915100;0;2;43;140;0.4;3.4;10.2;10.5;88.3;2.5;5.5;5.3;5.5;4.4;9.9;302.7777778;0;0;6.4
2916000;0;2;43;139;0.4;3.1;10.1;10.3;87.6;0.8;5.3;5.1;5.4;4.2;10.3;297.2222222;0;0;6.6
2916900;0;2;39;108;1.2;3.1;10.3;10.2;82.4;0;5.5;5.3;5.6;4.4;10.3;297.2222222;0;0;6.6
2917800;1;3;43;80;2;3.6;10.8;10;76.2;0;6.2;6;6.3;5;10.3;297.2222222;0;0;6.6
2918700;2;4;43;86;2.5;4.2;10.8;9.5;74.2;0;6.7;6.4;6.8;5.7;10.3;297.2222222;0;0;6.6
2919600;1;4;39;113;2.1;4.6;10.9;9.5;73.9;0;7;6.7;7.1;6;10.6;305.5555556;0;0;7.9
2920500;0;3;43;146;1.4;4.4;10.9;9.5;73.1;0;6.4;6.2;6.5;5.4;10.6;305.5555556;0;0;7.9
2921400;0;3;43;144;1;4.1;11;9.5;72.6;0;6;5.8;6.2;5;10.6;305.5555556;0;0;7.9
2922300;0;3;43;144;1;4.1;11.1;9.5;71.4;0;5.9;5.7;6.2;4.9;10.6;305.5555556;0;0;7.9
2923200;0;3;43;144;1;4.1;11.3;9.2;70.4;0;6.1;5.8;6.2;5;10.9;338.8888889;0;0;7
2924100;0;3;43;146;1;4.1;11.5;9.1;69;0;6.4;5.9;6.4;5.2;10.9;338.8888889;0;0;7
2925000;0;3;43;145;1;4.1;11.7;9.3;69.3;0;6.5;6.1;6.6;5.4;10.9;338.8888889;0;0;7
2925900;0;3;43;146;1;4.1;11.7;9.8;69.6;0;6.5;6.2;6.6;5.5;10.9;338.8888889;0;0;7
2926800;0;3;43;146;1;4.1;11.8;9.7;70.6;0;6.6;6.3;6.6;5.6;8.9;319.4444444;0;0;6.2
2927700;0;3;43;146;1;4.1;11.8;9.6;73.5;0;6.6;6.4;6.7;5.7;8.9;319.4444444;0;0;6.2
2928600;0;4;43;146;1.4;4.1;10.6;10;84.1;0;6.6;6.5;6.8;5.8;8.9;319.4444444;0;0;6.2
2929500;0;3;43;143;1.4;4.1;9.6;10.4;84.4;0;6.4;6.2;6.4;5.4;8.9;319.4444444;0;0;6.2
2930400;0;3;39;127;1;3.7;9;10.1;83.1;0;5.7;5.4;5.7;4.6;8.3;305.5555556;0;0;3.3
2931300;1;2;40;79;1.6;3.4;9.1;10.1;82.2;0;5.6;5.3;5.6;4.5;8.3;305.5555556;0;0;3.3
2932200;0;3;41;131;0.9;3.6;9.3;10.4;79.5;0;5.7;5.5;5.9;4.8;8.3;305.5555556;0;0;3.3
2933100;0;2.5;42;131;0.4;3.15;9.45;9.85;76.9;0;5.2;5;5.35;4.3;8.3;305.5555556;0;0;3.3
2934000;0;2;43;131;-0.1;2.7;9.6;9.3;74.3;0;4.7;4.5;4.8;3.8;7.7;283.3333333;0;0;2
2934900;1;2;25;48;1.5;2.6;9.3;9.1;72.9;0;5;4.9;5.3;3.9;7.7;283.3333333;0;0;2
2935800;1;2;20;57;1.4;3.1;9.1;9.1;71.1;0;5.8;5.6;6.1;4.6;7.7;283.3333333;0;0;2
2936700;0;2;43;139;0.3;3.2;9.1;9.1;68.8;0;5;4.8;5.2;4.2;7.7;283.3333333;0;0;2
2937600;0;1;43;135;-0.4;2.4;9;8.5;68.6;0;4.4;4.1;4.4;3.4;7.6;280.5555556;0;0;2.7
2938500;0;1;43;135;-0.6;2.1;9.1;8.4;67.8;0;4.1;3.9;4.2;3.2;7.6;280.5555556;0;0;2.7
2939400;0;1;43;131;-1;1.8;9.1;8.4;67.5;0;3.8;3.4;3.8;2.7;7.6;280.5555556;0;0;2.7
2940300;-1;0;43;128;-1.5;1.2;8.9;8.4;67.8;0;3.3;2.9;3.3;2.2;7.6;280.5555556;0;0;2.7
2941200;-2;0;43;128;-1.6;1.1;8.7;8.1;67.4;0;3.1;2.8;3.1;2.1;7.2;277.7777778;0;0;2.5
2942100;-2;0;43;125;-1.8;0.8;8.6;8;67.6;0;2.9;2.5;2.9;1.9;7.2;277.7777778;0;0;2.5
2943000;-1;0;30;86;-1.6;0.6;8.4;8;69.2;0;2.5;2.2;2.7;1.6;7.2;277.7777778;0;0;2.5
2943900;0;0;0;0;0;0.6;8.2;8;70.1;0;3.2;2.9;3.4;1.8;7.2;277.7777778;0;0;2.5
2944800;0;0;0;0;0;0.6;8;7.2;71.3;0;3.6;3.7;4.2;2.1;6.8;313.8888889;0;0;1.8
2945700;0;1;26;68;0.1;1.6;7.7;6.9;72.3;0;4.4;4.3;4.6;3.1;6.8;313.8888889;0;0;1.8
2946600;-1;0;43;126;-1.6;1;7.5;6.9;73.2;0;2.8;2.5;2.8;2;6.8;313.8888889;0;0;1.8
2947500;-3;0;43;116;-3.1;-0.6;7.2;7;74.5;0;1.3;0.9;1.2;0.4;6.8;313.8888889;0;0;1.8
2948400;-4;-1;43;114;-3.8;-1.5;7.2;6.8;75.7;0;0.6;0.1;0.6;-0.2;6.8;316.6666667;0;0;1.6
2949300;-4;-2;43;114;-4.2;-1.9;7.5;6.7;76.5;0;0.4;-0.1;0.5;-0.4;6.8;316.6666667;0;0;1.6
2950200;-4;-2;43;112;-4.2;-1.9;7.9;6.8;76;0;0.6;0.1;0.6;-0.4;6.8;316.6666667;0;0;1.6
2951100;-4;-2;43;115;-4.2;-1.9;8.2;6.8;75.3;0;0.7;0.4;0.7;-0.3;6.8;316.6666667;0;0;1.6
2952000;-4;-2;43;116;-4.1;-1.8;8.4;6.1;74.5;0;0.9;0.5;0.9;-0.1;6.6;277.7777778;0;0;1.4
2952900;-4;-2;43;117;-3.7;-1.4;8.3;6.1;73.9;0;1;0.7;1;0.1;6.6;277.7777778;0;0;1.4
2953800;-4;-2;43;116;-3.7;-1.4;7.8;6.1;75.5;0;0.8;0.5;0.8;0;6.6;277.7777778;0;0;1.4
2954700;-4;-2;43;115;-3.7;-1.4;7.7;6.1;76.5;0;0.6;0.3;0.5;-0.2;6.6;277.7777778;0;0;1.4
2955600;-4;-2;43;114;-4.1;-1.7;7.2;5.9;77.5;0;0.5;0;0.5;-0.4;6;-2775;0;0;1.3
2956500;-4;-2;43;112;-4.2;-1.9;6.8;5.9;78.3;0;0.2;-0.4;0.2;-0.6;6;-2775;0;0;1.3
2957400;-5;-2;43;112;-4.5;-2.1;6.5;6.2;79.7;0;0.1;-0.6;0;-0.8;6;-2775;0;0;1.3
2958300;-5;-2;43;111;-4.7;-2.4;6.4;6.5;80.3;0;0;-0.5;-0.2;-0.9;6;-2775;0;0;1.3
2959200;-5;-2;43;109;-4.7;-2.4;6.3;6.3;80.7;0;-0.3;-0.6;-0.3;-1.2;5.9;272.2222222;11.11111111;16.66666667;1.4
2960100;-5;-3;43;108;-4.7;-2.5;6.2;6.3;80.9;0;-0.5;-1;-0.4;-1.5;5.9;272.2222222;11.11111111;16.66666667;1.4
2961000;-5;-3;43;108;-5.2;-2.9;6;6.3;81.4;0;-0.6;-1.1;-0.5;-1.5;5.9;272.2222222;11.11111111;16.66666667;1.4
2961900;-5;-3;43;109;-5.2;-2.9;6;6.4;81.8;0;-0.6;-1.3;-0.6;-1.5;5.9;272.2222222;11.11111111;16.66666667;1.4
2962800;-5;-3;43;108;-5.2;-2.9;6.1;6.5;82.3;1;-0.8;-1.3;-0.7;-1.6;6.2;280.5555556;44.44444444;102.7777778;1.5
2963700;-5;-3;43;107;-5.2;-2.9;6.5;6.6;81.5;1.4;-1;-1.4;-0.9;-1.7;6.2;280.5555556;44.44444444;102.7777778;1.5
2964600;-5;-3;43;109;-5.2;-2.9;6.8;6.5;81.4;1.4;-0.5;-1.2;-0.6;-1.5;6.2;280.5555556;44.44444444;102.7777778;1.5
2965500;-5;-2;43;112;-5;-2.6;7.1;6.2;80.7;1.4;0.1;-0.6;0.1;-0.9;6.2;280.5555556;44.44444444;102.7777778;1.5
2966400;-4;-2;43;114;-4.7;-2.3;7.6;6.6;79.6;43.3;0.5;-0.1;0.3;-0.7;8.4;283.3333333;61.11111111;208.3333333;1.1
2967300;-4;-2;43;117;-4.1;-1.7;8.1;6.7;78.3;58.5;1;0.5;0.9;-0.2;8.4;283.3333333;61.11111111;208.3333333;1.1
2968200;-3;-1;43;122;-3.5;-0.9;8.7;6.7;75;58.5;1.9;1.5;1.8;0.6;8.4;283.3333333;61.11111111;208.3333333;1.1
2969100;-2;0;43;125;-2.5;0;9.4;6.7;73.3;58.5;2.7;2.5;2.7;1.4;8.4;283.3333333;61.11111111;208.3333333;1.1
2970000;-2;0;43;131;-1.9;0.8;9.9;7.3;71;137.9;3.5;3.3;3.5;2.2;8.7;288.8888889;100;213.8888889;1.7
2970900;-2;1;43;136;-1.1;1.7;10.5;7.4;68.4;157.7;4.3;4.3;4.4;3;8.7;288.8888889;100;213.8888889;1.7
2971800;0;2;43;140;-0.4;2.4;10.8;7.4;65.2;157.7;5.1;5;5.1;3.7;8.7;288.8888889;100;213.8888889;1.7
2972700;0;2;43;139;-0.2;2.6;10.7;7.4;63;157.7;5.2;5.1;5.2;3.8;8.7;288.8888889;100;213.8888889;1.7
2973600;0;2;43;139;-0.2;2.6;10.8;7.9;60.6;222.4;5.3;5.2;5.3;4.1;9.1;291.6666667;130.5555556;230.5555556;3
2974500;0;2;43;141;0.3;3.1;10.9;8.1;59.9;245.9;5.6;5.4;5.6;4.3;9.1;291.6666667;130.5555556;230.5555556;3
2975400;0;2;43;141;0.3;3.1;11.1;8.8;58.3;246.5;5.7;5.5;5.6;4.4;9.1;291.6666667;130.5555556;230.5555556;3
2976300;0;3;43;143;0.5;3.4;11.1;9.3;58.4;246.9;6.1;5.9;6;4.8;9.1;291.6666667;130.5555556;230.5555556;3
2977200;0;3;43;145;1.1;3.9;11.3;9.8;58.4;284.4;6.6;6.4;6.5;5.4;9.3;302.7777778;186.1111111;230.5555556;1.6
2978100;1;4;43;146;1.3;4.3;11.6;9.8;57.9;284.4;6.9;6.7;6.8;5.7;9.3;302.7777778;186.1111111;230.5555556;1.6
2979000;1;4;43;147;1.3;4.6;11.7;9.6;57.2;284.4;6.9;6.8;6.9;5.7;9.3;302.7777778;186.1111111;230.5555556;1.6
2979900;1;4;43;145;1.3;4.6;12;9.4;57.2;284.4;6.9;6.7;6.8;5.6;9.3;302.7777778;186.1111111;230.5555556;1.6
2980800;1;4;43;146;1.3;4.6;12.5;9.8;56.2;265;7;6.8;6.9;5.7;9.5;308.3333333;166.6666667;208.3333333;1.1
2981700;1;4;43;144;1.3;4.6;12.8;9.8;55.2;263.6;6.9;6.8;6.9;5.7;9.5;308.3333333;166.6666667;208.3333333;1.1
2982600;1;4;40;134;2.1;5;13.1;9.7;54.6;263.6;7.3;7.2;7.2;5.9;9.5;308.3333333;166.6666667;208.3333333;1.1
2983500;2;5;39;133;2.4;5.5;13.4;9.6;52.7;263.6;7.9;7.9;7.9;6.6;9.5;308.3333333;166.6666667;208.3333333;1.1
2984400;1;4;43;150;2.3;5.3;12.6;10;53.7;246.2;7.4;7.2;7.3;6.1;9.7;313.8888889;125;150;1.6
2985300;1;4;43;146;1.8;4.8;12.6;10.1;55.1;243.5;6.9;6.7;6.8;5.6;9.7;313.8888889;125;150;1.6
2986200;1;4;43;144;1.8;4.6;12.8;10.1;54.9;243.5;6.8;6.7;6.8;5.6;9.7;313.8888889;125;150;1.6
2987100;1;4;43;144;1.8;4.6;12.5;10.1;56.5;243.5;6.9;6.7;6.9;5.8;9.7;313.8888889;125;150;1.6
2988000;2;4;42;118;2;4.6;12.4;10.1;56.5;216.2;6.8;6.7;6.8;5.8;9.4;322.2222222;50;50;2
2988900;1;4;39;120;2.2;4.9;12.2;10.1;56.8;209.4;7.1;6.9;7.1;6.1;9.4;322.2222222;50;50;2
2989800;0;3;43;145;1.5;4.5;12.1;9.9;57.2;209.4;6.5;6.2;6.4;5.5;9.4;322.2222222;50;50;2
2990700;0;3;43;141;0.8;3.8;12;9.5;58;209.4;5.7;5.5;5.6;4.7;9.4;322.2222222;50;50;2
2991600;0;2;43;136;0;2.9;12.2;9.4;58.8;154.7;4.8;4.6;4.7;3.8;9.1;333.3333333;8.333333333;8.333333333;1.7
2992500;0;1;43;131;-0.7;2;12;9.3;58.6;134.8;4;3.7;4;3.1;9.1;333.3333333;8.333333333;8.333333333;1.7
2993400;0;1;43;128;-1;1.6;11.7;9.4;59.2;134.8;3.6;3.2;3.5;2.7;9.1;333.3333333;8.333333333;8.333333333;1.7
2994300;-1;0;43;124;-1.5;1.1;11.5;9.4;60.1;134.8;3.3;3;3.2;2.4;9.1;333.3333333;8.333333333;8.333333333;1.7
2995200;-2;0;43;122;-1.8;0.8;11.6;9.1;61.3;77.7;2.7;2.4;2.6;1.9;8.7;330.5555556;0;0;2.5
2996100;-3;0;43;118;-2.4;0.1;11.3;8.9;63.7;49.2;2;1.8;2;1.1;8.7;330.5555556;0;0;2.5
2997000;-3;0;43;116;-2.9;-0.5;11.1;8.9;64.6;49.2;1.5;1.2;1.5;0.5;8.7;330.5555556;0;0;2.5
2997900;-3;0;43;115;-3.2;-0.9;10.8;8.9;65.2;49.2;1.3;0.9;1.2;0.3;8.7;330.5555556;0;0;2.5
2998800;-4;0;43;115;-3.5;-0.9;10.7;8.6;66.3;5;1.1;0.6;1;0.2;8;327.7777778;0;0;2.7
2999700;-4;-1;43;114;-3.8;-1.4;10.4;8.6;67.1;1.8;0.7;0.3;0.6;-0.1;8;327.7777778;0;0;2.7
3000600;-4;-2;43;113;-4;-1.4;10.2;8.7;68.1;1.8;0.7;0.1;0.5;-0.2;8;327.7777778;0;0;2.7
3001500;-4;-2;43;111;-4.1;-1.9;9.9;8.8;69.1;1.8;0.2;-0.1;0.1;-0.7;8;327.7777778;0;0;2.7
3002400;-5;-2;43;110;-4.5;-1.9;9.9;8.3;67.9;0.2;0;-0.4;0;-0.9;7.9;333.3333333;0;0;2.5
3003300;-5;-2;43;109;-4.5;-2.3;9.9;8.2;68.5;0;-0.1;-0.5;-0.2;-1.1;7.9;333.3333333;0;0;2.5
3004200;-5;-3;43;109;-4.8;-2.4;10;8.2;69;0;-0.3;-0.7;-0.4;-1.3;7.9;333.3333333;0;0;2.5
3005100;-5;-2;43;110;-5;-2.4;10.1;8.1;70.3;0;-0.1;-0.6;-0.3;-1.1;7.9;333.3333333;0;0;2.5
3006000;-5;-2;43;110;-5;-2.4;9.9;7.7;71.1;0;-0.2;-0.5;-0.4;-1.1;7.5;336.1111111;0;0;3.3
3006900;-5;-3;43;110;-5;-2.4;9.9;7.6;69.3;0;-0.4;-0.7;-0.5;-1.4;7.5;336.1111111;0;0;3.3
3007800;-5;-3;43;108;-5;-2.5;9.9;7.6;70.1;0;-0.5;-0.8;-0.6;-1.5;7.5;336.1111111;0;0;3.3
3008700;-5;-3;43;110;-5;-2.9;9.9;7.6;69.6;0;-0.3;-0.7;-0.5;-1.2;7.5;336.1111111;0;0;3.3
3009600;-5;-2;43;112;-4.8;-2.5;9.9;7.5;70.5;0;0.1;-0.4;0;-0.8;7.7;333.3333333;0;0;2
3010500;-4;-2;43;111;-4.5;-2.4;10;7.5;70.3;0;0.2;-0.3;0.1;-0.8;7.7;333.3333333;0;0;2
3011400;-4;-2;43;111;-4.5;-2.4;10.1;7.6;70.1;0;0.2;-0.2;0.1;-0.9;7.7;333.3333333;0;0;2
3012300;-4;-2;43;111;-4.5;-2.4;10;7.8;70.5;0;0.1;-0.2;0.1;-0.9;7.7;333.3333333;0;0;2
3013200;-5;-2;43;110;-4.5;-2.4;9.9;7.7;71.6;0;-0.1;-0.4;-0.1;-1;7.7;341.6666667;0;0;2.1
3014100;-5;-2;43;108;-4.5;-2.4;9.8;7.7;72.2;0;-0.3;-0.5;-0.3;-1.1;7.7;341.6666667;0;0;2.1
3015000;-5;-2;43;110;-4.5;-2.4;9.8;7.6;72.5;0;-0.1;-0.5;-0.2;-1;7.7;341.6666667;0;0;2.1
3015900;-5;-2;43;109;-4.5;-2.4;9.9;7.4;71.9;0;-0.1;-0.5;-0.2;-1.1;7.7;341.6666667;0;0;2.1
3016800;-4;-2;43;111;-4.5;-2.4;10;7.5;72;0;0.2;-0.3;0;-0.8;7.1;344.4444444;0;0;1.1
3017700;-4;-2;43;111;-4.5;-2.4;10.1;7.5;73.8;0;0.2;-0.1;0.1;-0.8;7.1;344.4444444;0;0;1.1
3018600;-4;-2;43;113;-4.5;-2;9.9;7.6;77.8;0;0.5;0.3;0.4;-0.5;7.1;344.4444444;0;0;1.1
3019500;-4;-2;43;110;-4.25;-1.95;9.7;8.15;80.15;0;0.65;0.35;0.55;-0.4;7.1;344.4444444;0;0;1.1
3020400;-4;-2;43;107;-4;-1.9;9.5;8.7;82.5;0;0.8;0.4;0.7;-0.3;6.9;341.6666667;0;0;0.8
3021300;-1;-2;30;21;-0.8;-1.3;9.4;9.1;84.6;0;1.5;1.1;1.5;0.2;6.9;341.6666667;0;0;0.8
3022200;-1;0;20;49;-0.9;-0.2;9.4;9.1;84.6;0;2.8;2.4;2.9;1.3;6.9;341.6666667;0;0;0.8
3023100;-3;0;43;122;-2.6;-0.1;9.4;9.1;85.3;0;1.9;1.6;1.9;1;6.9;341.6666667;0;0;0.8
3024000;-3;0;43;118;-3.1;-0.7;9.4;8.6;85.7;0;1.4;1.1;1.3;0.5;6.5;344.4444444;0;0;0.8
3024900;-3;0;43;117;-3.3;-0.9;9.4;8.4;86.5;0;1.3;1;1.2;0.4;6.5;344.4444444;0;0;0.8
3025800;-3;0;43;119;-3.3;-0.9;9.2;8.4;88.3;0;1.4;1.1;1.4;0.6;6.5;344.4444444;0;0;0.8
3026700;-3;0;43;118;-3.3;-0.9;8.9;8.4;90;0;1.3;1;1.3;0.4;6.5;344.4444444;0;0;0.8
3027600;-3;0;26;69;-2.6;-0.9;8.9;6.6;90;0;1;0.9;1.1;0.1;6.4;344.4444444;0;0;0.7
3028500;-2;1;0;0;-1.6;0.4;8.8;6.6;89.7;0;1.7;1.6;1.9;0.4;6.4;344.4444444;0;0;0.7
3029400;-2;1;0;0;-1.2;2.1;9;6.6;89.7;0;2.2;2.2;2.7;0.9;6.4;344.4444444;0;0;0.7
3030300;-2;0;30;83;-1.3;1.5;9;6.6;89.3;0;3;2.8;3.4;1.8;6.4;344.4444444;0;0;0.7
3031200;-3;0;43;122;-2.4;0.1;9.1;6.5;89.2;0;2;1.8;2;1.2;6.2;341.6666667;0;0;0.9
3032100;-3;0;43;116;-3.2;-0.7;9.1;6.5;89.2;0;1.2;1;1.1;0.4;6.2;341.6666667;0;0;0.9
3033000;-4;0;43;113;-3.6;-1.3;9.1;6.4;89.2;0;0.7;0.5;0.6;-0.2;6.2;341.6666667;0;0;0.9
3033900;-4;-2;43;112;-4.1;-1.7;9;6.3;88.9;0;0.3;0.1;0.3;-0.5;6.2;341.6666667;0;0;0.9
3034800;-4;-2;43;111;-4.1;-1.9;9.1;6.2;88.7;0;0.1;-0.1;0.1;-0.8;6.3;341.6666667;0;0;1.1
3035700;-4;-2;43;111;-4.6;-1.9;9.2;6.2;88.7;0;0.1;-0.1;0.1;-0.7;6.3;341.6666667;0;0;1.1
3036600;-4;-2;43;108;-4.6;-1.9;9.1;6.2;88.3;0;0.1;-0.1;0;-0.9;6.3;341.6666667;0;0;1.1
3037500;-4;-2;43;110;-4.6;-1.9;9;6.3;89.7;0;0.1;0;0.1;-0.8;6.3;341.6666667;0;0;1.1
3038400;-4;-2;43;110;-4.6;-1.9;9;6.1;90.7;0;0.1;-0.2;0;-0.9;6.1;341.6666667;0;0;2.3
3039300;-5;-2;43;111;-4.6;-2.1;8.8;6;90.7;0;0;-0.3;-0.1;-1;6.1;341.6666667;0;0;2.3
3040200;-5;-2;43;110;-4.6;-2.4;9;6;90.4;0;-0.2;-0.5;-0.3;-1.2;6.1;341.6666667;0;0;2.3
3041100;-5;-2;43;112;-4.6;-2.4;9.1;5.9;89.7;0;0.1;-0.5;0.1;-1;6.1;341.6666667;0;0;2.3
3042000;-5;-2;43;111;-4.6;-2.4;9.1;5.8;89.2;0;-0.1;-0.5;0;-1.1;6.2;338.8888889;0;0;2.7
3042900;-5;-2;43;110;-4.6;-2.4;9.2;5.7;89;0;-0.2;-0.6;-0.2;-1.2;6.2;338.8888889;0;0;2.7
3043800;-5;-3;43;108;-4.7;-2.4;9.2;5.8;88.7;0;-0.5;-0.8;-0.5;-1.5;6.2;338.8888889;0;0;2.7
3044700;-5;-3;43;108;-5.1;-2.9;9.2;6.1;88.7;0;-0.7;-0.9;-0.7;-1.6;6.2;338.8888889;0;0;2.7
3045600;-5;-3;43;106;-5.1;-2.9;9.3;6;88.7;0;-0.7;-1;-0.8;-1.8;6.1;338.8888889;2.777777778;2.777777778;3.2
3046500;-5;-3;43;106;-5.1;-2.9;9.2;6;88.3;0;-0.9;-1.1;-0.9;-1.9;6.1;338.8888889;2.777777778;2.777777778;3.2
3047400;-5;-3;43;107;-5.1;-2.9;9.2;6.1;88.5;0;-0.9;-1.1;-0.9;-1.9;6.1;338.8888889;2.777777778;2.777777778;3.2
3048300;-5;-3;43;106;-5.1;-2.9;9.3;6.1;88.2;0;-1;-1.3;-1;-2;6.1;338.8888889;2.777777778;2.777777778;3.2
3049200;-5;-3;43;107;-5.3;-3.1;9.4;6.3;88.2;0.6;-0.9;-1.3;-1;-2;6.3;338.8888889;22.22222222;22.22222222;1.6
3050100;-5;-3;43;109;-5.4;-3.1;9.5;6.3;88.2;0.6;-0.5;-0.9;-0.5;-1.6;6.3;338.8888889;22.22222222;22.22222222;1.6
3051000;-5;-3;43;109;-5.1;-2.9;9.6;6.3;88.2;0.6;-0.4;-0.7;-0.5;-1.3;6.3;338.8888889;22.22222222;22.22222222;1.6
3051900;-5;-2;43;111;-5;-2.7;9.8;6.3;87.3;0.6;-0.1;-0.5;-0.1;-1;6.3;338.8888889;22.22222222;22.22222222;1.6
3052800;-4;-2;43;112;-4.6;-2.4;9.9;6.8;87.5;18.5;0.2;-0.1;0.1;-0.8;7;341.6666667;36.11111111;36.11111111;1
3053700;-4;-2;43;114;-4.5;-2.1;10.1;6.8;87.1;19.8;0.5;0.2;0.4;-0.5;7;341.6666667;36.11111111;36.11111111;1
3054600;-4;-2;43;114;-4.1;-1.9;10.3;6.7;87.5;19.8;0.7;0.4;0.5;-0.4;7;341.6666667;36.11111111;36.11111111;1
3055500;-4;-2;43;112;-4.1;-1.9;10.3;6.6;87.1;19.8;0.5;0.3;0.5;-0.5;7;341.6666667;36.11111111;36.11111111;1
3056400;-4;-2;43;117;-3.9;-1.6;10.3;7.1;85.3;61.2;1.1;0.7;1.1;0.2;7.3;347.2222222;55.55555556;55.55555556;1.1
3057300;-3;-2;43;119;-3.6;-1.1;10.4;7.2;86.3;67.6;1.4;1;1.3;0.4;7.3;347.2222222;55.55555556;55.55555556;1.1
3058200;-3;-2;43;119;-3.6;-0.9;10.4;7.1;83.8;64.2;1.5;1.1;1.4;0.5;7.3;347.2222222;55.55555556;55.55555556;1.1
3059100;-3;-2;43;119;-3.6;-0.9;10.5;6.9;85.2;59.2;1.6;1.1;1.5;0.7;7.3;347.2222222;55.55555556;55.55555556;1.1
3060000;-3;-2;43;120;-3.4;-0.9;10.9;7.5;85.4;91.8;1.7;1.3;1.6;0.8;8;347.2222222;108.3333333;108.3333333;1.2
3060900;-3;0;43;122;-3.1;-0.7;11.4;7.6;84.8;99.9;1.9;1.6;1.8;1;8;347.2222222;108.3333333;108.3333333;1.2
3061800;-3;0;43;124;-2.7;-0.2;11.6;7.7;82.2;104.6;2.4;2.1;2.3;1.4;8;347.2222222;108.3333333;108.3333333;1.2
3062700;-2;0;43;126;-2.5;0.1;11.9;7.8;81.8;113.9;2.7;2.4;2.7;1.7;8;347.2222222;108.3333333;108.3333333;1.2
3063600;-2;0;43;126;-2.1;0.5;11.8;8.4;81.1;132.5;3;2.7;3;1.9;8.6;347.2222222;116.6666667;116.6666667;1.4
3064500;-2;0;43;130;-1.8;0.9;12;8.6;80;139.2;3.7;3.3;3.6;2.4;8.6;347.2222222;116.6666667;116.6666667;1.4
3065400;-2;1;43;133;-1.3;1.4;11.9;8.5;80.4;139.2;4;3.7;4;2.8;8.6;347.2222222;116.6666667;116.6666667;1.4
3066300;-2;1;43;133;-1.1;1.6;12.5;8.1;79.8;139.2;4.3;4;4.3;3.1;8.6;347.2222222;116.6666667;116.6666667;1.4
3067200;-2;1;43;132;-1.1;1.6;12.9;8.5;78.9;140.6;4.3;4.1;4.3;3.1;9.2;350;94.44444444;94.44444444;2.6
3068100;-2;1;43;134;-0.8;1.9;13.2;8.7;75.6;141.3;4.5;4.3;4.5;3.3;9.2;350;94.44444444;94.44444444;2.6
3069000;0;1;43;132;-0.6;2.1;13.3;8.6;71.5;141.3;4.4;4.3;4.5;3.3;9.2;350;94.44444444;94.44444444;2.6
3069900;0;1;43;133;-0.6;2.1;13.7;8.6;71.3;141.3;4.5;4.5;4.5;3.4;9.2;350;94.44444444;94.44444444;2.6
3070800;0;2;43;134;-0.6;2.1;13.9;9.1;69.2;117.9;4.6;4.6;4.6;3.6;9.8;350;66.66666667;66.66666667;1.7
3071700;0;1;43;132;-0.6;2.1;13.5;9.1;70.3;117.9;4.4;4.3;4.5;3.3;9.8;350;66.66666667;66.66666667;1.7
3072600;0;2;43;135;-0.4;2.3;13.5;9.1;70.4;117.9;5;4.7;5;3.8;9.8;350;66.66666667;66.66666667;1.7
3073500;0;2;43;138;0.3;3.1;13.7;9.1;69.7;117.9;5.6;5.4;5.6;4.4;9.8;350;66.66666667;66.66666667;1.7
3074400;0;2;43;135;0.4;3.1;13.4;9.3;70.2;96.2;5.1;5;5.3;4;9.3;352.7777778;22.22222222;22.22222222;1.4
3075300;1;2;40;70;1.5;3.1;12.9;9.3;72.4;94.6;5.4;5.2;5.7;4.1;9.3;352.7777778;22.22222222;22.22222222;1.4
3076200;0;3;37;123;1.1;3.5;12.8;9.3;72.9;94.6;5.8;5.6;6;4.8;9.3;352.7777778;22.22222222;22.22222222;1.4
3077100;0;2;43;141;0.4;3.3;12.6;9.3;73.3;94.6;5.4;5.1;5.2;4.3;9.3;352.7777778;22.22222222;22.22222222;1.4
3078000;0;2;43;139;0.2;3;12.5;9.3;73.6;66;5.1;4.9;4.9;4;9;352.7777778;5.555555556;5.555555556;1.2
3078900;0;1;43;137;-0.1;2.6;12.6;9.3;73.6;61.6;4.7;4.5;4.5;3.5;9;352.7777778;5.555555556;5.555555556;1.2
3079800;0;1;43;135;-0.5;2.4;12.4;9.5;74.3;61.6;4.4;4.2;4.3;3.3;9;352.7777778;5.555555556;5.555555556;1.2
3080700;0;1;43;132;-0.7;2;12.2;9.7;75.1;61.6;4.2;3.9;3.9;3;9;352.7777778;5.555555556;5.555555556;1.2
3081600;0;1;43;132;-1.1;1.6;12.1;9.4;75.2;26.8;4;3.8;3.9;3;8.5;350;0;0;0.8
3082500;0;1;43;132;-1.1;1.6;11.9;9.3;75.8;18.1;4;3.9;4;3;8.5;350;0;0;0.8
3083400;0;1;43;133;-1.1;1.6;11.6;9.2;76.4;18.1;4.1;3.9;4.1;3;8.5;350;0;0;0.8
3084300;0;1;43;130;-1.1;1.6;11.5;8.9;77.4;18.1;4;3.7;3.8;2.8;8.5;350;0;0;0.8
3085200;0;1;43;130;-1.1;1.6;11.4;8.6;77.6;5.6;3.8;3.5;3.6;2.6;8;347.2222222;0;0;1
3086100;-1;0;43;127;-1.4;1.2;11.4;8.5;77.6;1.1;3.5;3.2;3.1;2.3;8;347.2222222;0;0;1
3087000;0;0;29;35;0.3;1.1;11.5;8.6;78.1;1.1;3.7;3.5;3.6;2.6;8;347.2222222;0;0;1
3087900;0;1;0;0;0.7;1.4;11.4;8.6;78.3;1.1;4.6;4.6;4.9;2.9;8;347.2222222;0;0;1
3088800;0;2;27;83;1.2;3.1;11.2;8.3;78.6;0.4;6;5.8;6.2;4.7;7.5;347.2222222;0;0;1.3
3089700;0;2;43;136;0.3;3.1;11.2;8.2;79.2;0;4.9;4.8;4.9;4.1;7.5;347.2222222;0;0;1.3
3090600;0;1;43;131;-1;1.8;11.1;8.1;79.9;0;3.8;3.5;3.6;2.7;7.5;347.2222222;0;0;1.3
3091500;-2;0;43;129;-1.7;1.1;10.9;8.1;83.3;0;3.3;2.8;3.2;2.1;7.5;347.2222222;0;0;1.3
3092400;-2;0;43;130;-1.8;1.1;10.3;7.7;87.6;0;3.3;2.8;3.2;2.1;7.3;344.4444444;0;0;1.2
3093300;-2;0;43;129;-1.8;1.1;9.9;7.4;89.4;0;3.1;2.7;3.1;2;7.3;344.4444444;0;0;1.2
3094200;-2;0;43;127;-1.9;0.8;9.8;7.3;89.6;0;2.8;2.4;2.8;1.8;7.3;344.4444444;0;0;1.2
3095100;-3;0;43;124;-2.3;0.2;9.7;7.2;90.3;0;2.2;2;2.4;1.3;7.3;344.4444444;0;0;1.2
3096000;-3;0;43;124;-2.3;0.1;9.7;7.2;90.4;0;2.2;2;2.2;1.2;7.2;350;0;0;1.8
3096900;-3;0;43;123;-2.3;0.1;9.7;7.2;90.1;0;2.2;1.8;2.2;1.2;7.2;350;0;0;1.8
3097800;-3;0;43;120;-2.8;-0.2;9.7;7.3;90.1;0;1.9;1.6;1.9;0.8;7.2;350;0;0;1.8
3098700;-3;0;43;121;-2.8;-0.4;9.8;7.4;90.1;0;1.7;1.6;1.7;0.9;7.2;350;0;0;1.8
3099600;-3;0;43;122;-2.8;-0.4;9.9;7.1;90.6;0;2;1.9;2;1.1;7.1;344.4444444;0;0;1.2
3100500;-2;0;43;124;-2.8;-0.1;9.9;7.1;91.3;0;2.4;2.2;2.3;1.5;7.1;344.4444444;0;0;1.2
3101400;-2;0;43;125;-2.3;0.1;9.7;7.2;91.7;0;2.7;2.5;2.6;1.7;7.1;344.4444444;0;0;1.2
3102300;-2;0;43;125;-2.3;0.1;9.4;7.3;92.1;0;2.8;2.6;2.7;1.8;7.1;344.4444444;0;0;1.2
3103200;-2;0;43;124;-2.3;0.1;9.4;7;92.1;0;2.7;2.5;2.6;1.7;6.9;338.8888889;0;0;1
3104100;-2;0;43;122;-2.3;0.1;9.2;6.9;92.1;0;2.3;2.1;2.3;1.3;6.9;338.8888889;0;0;1
3105000;-3;0;43;119;-2.7;-0.2;9.2;6.9;92.1;0;1.9;1.6;1.8;0.9;6.9;338.8888889;0;0;1
3105900;-3;0;43;114;-2.95;-0.55;9.15;7.05;91.85;0;1.6;1.3;1.45;0.6;6.9;338.8888889;0;0;1
3106800;-3;0;43;109;-3.2;-0.9;9.1;7.2;91.6;0;1.3;1;1.1;0.3;6.6;325;0;0;0.9
3107700;0;0;25;0;0;-0.7;9.2;7.3;91.6;0;2.1;1.9;2.2;0.8;6.6;325;0;0;0.9
3108600;0;0;0;0;0.3;-0.2;9;7.3;91.6;0;3.2;3;3.6;1.4;6.6;325;0;0;0.9
3109500;0;0;0;0;0.3;0.2;8.8;7.3;91.6;0;3.7;3.4;4;1.7;6.6;325;0;0;0.9
3110400;0;0;14;38;0.1;1.1;8.7;7;91.6;0;4.5;4;4.6;2.7;6.4;316.6666667;0;0;0.9
3111300;-1;0;43;128;-1.3;1.4;8.6;6.9;91.6;0;3.2;2.8;3.2;2.4;6.4;316.6666667;0;0;0.9
3112200;-3;0;43;122;-2.4;0.2;8.6;6.9;91.6;0;2.1;1.8;2;1.3;6.4;316.6666667;0;0;0.9
3113100;-3;0;43;117;-3.1;-0.7;8.6;6.9;91.6;0;1.4;1.1;1.3;0.5;6.4;316.6666667;0;0;0.9
3114000;-4;0;43;114;-3.6;-1.2;8.3;6.7;91.6;0;0.8;0.6;0.8;-0.1;6;325;0;0;0.9
3114900;-4;-2;43;111;-3.8;-1.6;8.2;6.6;91.6;0;0.4;0.2;0.4;-0.4;6;325;0;0;0.9
3115800;-4;-2;43;112;-4.3;-1.9;8.2;6.6;91.6;0;0.3;0;0.1;-0.6;6;325;0;0;0.9
3116700;-4;-2;43;112;-4.3;-1.9;8.2;6.6;91.6;0;0.4;-0.1;0.2;-0.5;6;325;0;0;0.9
3117600;-4;-2;43;115;-4.3;-1.9;8.3;6.3;91.6;0;0.8;0.4;0.6;0;6.2;330.5555556;0;0;0.9
3118500;-4;-2;43;116;-3.8;-1.4;8.4;6.2;91.7;0;1.1;0.8;0.9;0.1;6.2;330.5555556;0;0;0.9
3119400;-4;-2;43;116;-3.8;-1.4;8.5;6.2;92.1;0;1.1;0.8;0.8;0.1;6.2;330.5555556;0;0;0.9
3120300;-4;-2;43;114;-3.8;-1.4;8.4;6.2;91.6;0;1;0.6;0.7;0.2;6.2;330.5555556;0;0;0.9
3121200;-4;-2;43;113;-3.8;-1.4;8.5;6.2;91.6;0;0.6;0.3;0.4;-0.2;6.2;336.1111111;0;0;0.6
3122100;-4;-2;43;112;-3.9;-1.9;8.7;6.2;91.6;0;0.5;0.1;0.3;-0.4;6.2;336.1111111;0;0;0.6
3123000;-4;-2;43;110;-4.3;-1.9;9;6.1;91.6;0;0.2;-0.1;0.1;-0.7;6.2;336.1111111;0;0;0.6
3123900;-4;-2;43;109;-4.3;-1.9;9.1;5.9;91.2;0;0;-0.3;0;-0.9;6.2;336.1111111;0;0;0.6
3124800;-5;-2;43;109;-4.6;-2.4;8.8;5.8;91;0;-0.3;-0.5;-0.2;-1.2;6.1;336.1111111;0;0;0.6
3125700;-5;-3;43;110;-4.8;-2.4;8.9;5.7;91;0;-0.5;-0.7;-0.5;-1.3;6.1;336.1111111;0;0;0.6
3126600;-5;-3;43;109;-4.8;-2.4;8.9;5.8;91;0;-0.5;-0.8;-0.6;-1.4;6.1;336.1111111;0;0;0.6
3127500;-5;-3;43;109;-4.8;-2.9;8.8;5.9;91;0;-0.6;-0.9;-0.7;-1.6;6.1;336.1111111;0;0;0.6
3128400;-5;-3;43;109;-5.2;-2.9;8.9;5.7;91;0;-0.6;-1;-0.7;-1.7;5.9;336.1111111;0;0;0.7
3129300;-5;-3;43;108;-5.3;-2.9;8.9;5.6;91;0;-0.6;-1;-0.8;-1.7;5.9;336.1111111;0;0;0.7
3130200;-5;-3;43;109;-5.3;-2.9;9;5.7;91;0;-0.6;-1;-0.8;-1.7;5.9;336.1111111;0;0;0.7
3131100;-5;-3;43;109;-5.3;-2.9;9.1;5.9;91;0;-0.8;-1;-0.7;-1.7;5.9;336.1111111;0;0;0.7
3132000;-5;-3;43;107;-5.3;-2.9;9;5.8;91;0;-0.8;-0.9;-0.8;-1.7;5.8;336.1111111;11.11111111;11.11111111;0.6
3132900;-5;-3;43;107;-5.3;-2.9;8.9;5.8;91;0;-0.9;-1;-0.9;-1.8;5.8;336.1111111;11.11111111;11.11111111;0.6
3133800;-5;-3;43;108;-5.3;-2.9;8.9;5.9;91.4;0;-0.6;-0.9;-0.6;-1.6;5.8;336.1111111;11.11111111;11.11111111;0.6
3134700;-5;-2;43;111;-4.9;-2.9;9;6;91.6;0;-0.2;-0.4;-0.2;-1.2;5.8;336.1111111;11.11111111;11.11111111;0.6
3135600;-5;-2;43;112;-4.8;-2.5;9.2;6;91.6;0.2;0.1;-0.1;0.1;-0.9;5.6;316.6666667;58.33333333;58.33333333;1.5
3136500;-4;-2;43;114;-4.5;-2.2;9.2;6;91.6;0.3;0.4;0.2;0.4;-0.7;5.6;316.6666667;58.33333333;58.33333333;1.5
3137400;-4;-2;43;113;-4.3;-1.9;9.3;6;91.9;0.3;0.4;0.3;0.4;-0.6;5.6;316.6666667;58.33333333;58.33333333;1.5
3138300;-4;-2;43;113;-4.3;-1.9;9.3;6;91.6;0.3;0.4;0.2;0.4;-0.6;5.6;316.6666667;58.33333333;58.33333333;1.5
3139200;-4;-2;43;114;-4.3;-1.9;9.4;6.3;91.6;15;0.5;0.3;0.4;-0.5;6;338.8888889;80.55555556;80.55555556;0.7
3140100;-4;-2;43;116;-4.1;-1.7;9.7;6.4;91.6;20.4;0.9;0.7;0.9;-0.1;6;338.8888889;80.55555556;80.55555556;0.7
3141000;-4;-2;43;118;-3.8;-1.4;9.8;6.3;91.2;20.4;1.2;0.9;1.1;0;6;338.8888889;80.55555556;80.55555556;0.7
3141900;-3;-2;43;117;-3.8;-1.4;9.8;6.2;91.1;20.4;1.3;1.1;1.2;0.3;6;338.8888889;80.55555556;80.55555556;0.7
3142800;-3;-2;43;118;-3.7;-1.2;10.3;6.6;91.4;59.2;1.4;1.2;1.4;0.3;6.9;330.5555556;166.6666667;169.4444444;1.1
3143700;-3;-2;43;119;-3.3;-0.9;10.4;6.7;90.9;73.3;1.5;1.3;1.4;0.5;6.9;330.5555556;166.6666667;169.4444444;1.1
3144600;-3;0;43;122;-3.2;-0.7;10.2;6.5;90.6;72.6;2;1.7;1.9;0.8;6.9;330.5555556;166.6666667;169.4444444;1.1
3145500;-2;0;43;126;-2.7;-0.1;10.4;6.2;90.7;71.1;2.6;2.3;2.5;1.3;6.9;330.5555556;166.6666667;169.4444444;1.1
3146400;-2;0;43;129;-2.3;0.4;11;7;91;119.9;3.1;2.9;3;1.8;8.2;316.6666667;183.3333333;222.2222222;0.6
3147300;-2;0;43;133;-1.6;1.2;11.1;7.3;90.9;137.7;3.8;3.7;3.7;2.5;8.2;316.6666667;183.3333333;222.2222222;0.6
3148200;-1;2;43;139;-0.7;2.1;11.8;7.2;90.3;139.3;4.9;4.7;4.7;3.4;8.2;316.6666667;183.3333333;222.2222222;0.6
3149100;0;2;43;142;-0.1;2.8;11.5;6.9;89.6;142.4;5.5;5.2;5.3;4;8.2;316.6666667;183.3333333;222.2222222;0.6
3150000;0;3;43;142;0.2;3.1;11.4;7.8;89.9;175.7;5.8;5.6;5.7;4.4;7.8;319.4444444;97.22222222;97.22222222;0.8
3150900;0;2;43;140;0.2;3.1;11.2;8.1;90;187.8;5.4;5.2;5.5;4.3;7.8;319.4444444;97.22222222;97.22222222;0.8
3151800;0;2;43;140;0.2;3.1;11.2;8.1;90.3;187.8;5.1;5;5.2;4.2;7.8;319.4444444;97.22222222;97.22222222;0.8
3152700;0;2;43;138;0.1;2.9;11.5;8;90.3;187.8;4.9;4.8;5;3.9;7.8;319.4444444;97.22222222;97.22222222;0.8
3153600;0;1;43;136;-0.3;2.6;11.1;8.6;89.8;206.1;4.6;4.3;4.6;3.4;8;327.7777778;38.88888889;38.88888889;1.4
3154500;0;1;43;133;-0.7;2;11.2;8.8;90.8;212.7;4.1;3.9;4;3;8;327.7777778;38.88888889;38.88888889;1.4
3155400;0;1;43;131;-1.1;1.6;11.7;8.9;90.9;212.7;3.6;3.5;3.6;2.6;8;327.7777778;38.88888889;38.88888889;1.4
3156300;-1;0;43;130;-1.3;1.3;11.7;9;90.3;212.7;3.3;3.2;3.3;2.3;8;327.7777778;38.88888889;38.88888889;1.4
3157200;-2;0;43;127;-1.8;0.9;11.4;9.5;89.9;195;2.9;2.8;2.8;2;7.9;338.8888889;25;25;1.5
3158100;-2;0;43;124;-2.2;0.4;11.1;9.7;89.9;188.5;2.3;2.2;2.3;1.4;7.9;338.8888889;25;25;1.5
3159000;-3;0;43;120;-2.6;-0.1;11;9.7;90.4;188.5;1.9;1.7;1.9;0.9;7.9;338.8888889;25;25;1.5
3159900;-3;0;43;123;-2.8;-0.4;10.9;9.7;90;188.5;2;1.6;2;1;7.9;338.8888889;25;25;1.5
3160800;-3;0;43;124;-2.8;-0.4;10.9;9.8;90.5;171.6;2.2;1.8;2.2;1.3;7.9;341.6666667;11.11111111;11.11111111;2.9
3161700;-3;0;43;124;-2.8;-0.4;10.9;9.8;90.2;165.5;2.4;1.9;2.2;1.2;7.9;341.6666667;11.11111111;11.11111111;2.9
3162600;-3;0;43;125;-2.8;0;10.8;9.2;90.3;165.5;2.3;2;2.4;1.2;7.9;341.6666667;11.11111111;11.11111111;2.9
3163500;-3;0;43;124;-2.8;0.1;10.7;8;90.3;165.5;2.4;1.9;2.3;1.3;7.9;341.6666667;11.11111111;11.11111111;2.9
3164400;-3;0;43;122;-2.8;-0.1;10.8;7.9;90.4;110.9;2;1.7;1.9;0.9;7.7;338.8888889;0;2.777777778;2.4
3165300;-3;0;43;121;-2.8;-0.4;10.8;7.9;90.4;91;1.7;1.5;1.7;0.7;7.7;338.8888889;0;2.777777778;2.4
3166200;-3;0;43;120;-3;-0.4;10.8;7.8;90.4;91;1.5;1.3;1.5;0.5;7.7;338.8888889;0;2.777777778;2.4
3167100;-3;0;43;119;-3.3;-0.9;10.8;7.6;90.4;91;1.6;1.2;1.5;0.5;7.7;338.8888889;0;2.777777778;2.4
3168000;-3;0;43;121;-3.3;-0.9;10.8;7.5;90.4;43.9;1.9;1.5;1.7;0.8;7.5;336.1111111;0;0;2.3
3168900;-3;0;43;123;-3.1;-0.5;10.6;7.4;90.4;26.8;2.2;1.6;1.9;1;7.5;336.1111111;0;0;2.3
3169800;-3;0;43;123;-2.8;-0.4;10.5;7.4;90.4;26.8;2.2;1.8;2;1.1;7.5;336.1111111;0;0;2.3
3170700;-3;0;43;124;-2.8;-0.1;10.4;7.4;90.8;26.8;2.4;2;2.2;1.3;7.5;336.1111111;0;0;2.3
3171600;-3;0;43;123;-2.8;0.1;10.3;7.2;90.9;8.7;2.2;1.8;2.1;1.1;7.2;322.2222222;0;0;1.3
3172500;-2;0;43;126;-2.8;0.1;10.3;7.1;90.7;2.1;2.6;2.1;2.5;1.5;7.2;322.2222222;0;0;1.3
3173400;-2;0;43;128;-2.3;0.3;10.3;7.1;90.3;2.1;3;2.5;2.7;1.8;7.2;322.2222222;0;0;1.3
3174300;-2;0;43;128;-2.3;0.6;10.2;7.2;88.1;2.1;3;2.5;2.8;1.9;7.2;322.2222222;0;0;1.3
3175200;-2;0;43;127;-2.2;0.6;9.9;6.8;85.3;0.6;3;2.6;2.9;2;7;327.7777778;0;0;3.6
3176100;-2;0;43;128;-1.8;0.6;9.7;6.6;83.8;0;3.2;2.6;3;2.1;7;327.7777778;0;0;3.6
3177000;-2;0;43;127;-1.8;0.6;9.6;6.6;83.1;0;3.1;2.5;2.9;2;7;327.7777778;0;0;3.6
3177900;-2;0;43;129;-1.8;0.6;9.5;6.7;83.1;0;3.2;2.7;3.1;2.2;7;327.7777778;0;0;3.6
3178800;-2;0;43;128;-1.8;0.6;9.7;6.8;82.4;0;3.2;2.7;3;2.1;6.6;319.4444444;0;0;2.8
3179700;-2;0;43;129;-1.8;0.6;9.6;6.8;81.9;0;3.2;2.7;3.1;2.2;6.6;319.4444444;0;0;2.8
3180600;-2;0;43;128;-1.8;0.6;9.5;6.8;81.7;0;3.2;2.6;3;2.1;6.6;319.4444444;0;0;2.8
3181500;-2;0;43;128;-1.8;0.6;9.3;6.8;82.2;0;3.1;2.6;3;2.1;6.6;319.4444444;0;0;2.8
3182400;-2;0;43;126;-1.8;0.6;9.2;6.4;82.7;0;3;2.3;2.8;1.9;6.6;327.7777778;0;0;1.8
3183300;-2;0;43;126;-2.2;0.6;9.3;6.3;82.1;0;2.8;2.2;2.7;1.7;6.6;327.7777778;0;0;1.8
3184200;-2;0;43;124;-2.3;0.6;9.4;6.3;81.9;0;2.7;2.2;2.5;1.7;6.6;327.7777778;0;0;1.8
3185100;-2;0;43;124;-2.3;0.5;9.4;6.4;81.9;0;2.5;2.1;2.4;1.5;6.6;327.7777778;0;0;1.8
3186000;-3;0;43;123;-2.3;0.1;9.3;6.3;81.9;0;2.2;2.1;2.2;1.3;5.9;322.2222222;0;0;3.1
3186900;-3;0;43;122;-2.3;0.1;9.2;6.2;82;0;2.2;1.9;2.1;1.3;5.9;322.2222222;0;0;3.1
3187800;-3;0;43;119;-2.8;-0.3;9.1;6.3;82.4;0;1.9;1.6;1.7;1;5.9;322.2222222;0;0;3.1
3188700;-3;0;43;120;-2.8;-0.4;9.1;6.4;82.3;0;2;1.7;1.8;0.9;5.9;322.2222222;0;0;3.1
3189600;-3;0;43;121;-2.8;-0.4;9;6.5;82.5;0;2.1;1.8;2;1.3;5.8;330.5555556;0;0;2.2
3190500;-2;0;43;122;-2.8;-0.3;8.8;6.5;83.1;0;2.4;2;2.3;1.5;5.8;330.5555556;0;0;2.2
3191400;-2;0;43;124;-2.7;0.1;8.7;6.6;83.4;0;2.6;2.1;2.4;1.6;5.8;330.5555556;0;0;2.2
3192300;-2;0;40.5;112.5;-2.35;0.1;8.8;6.85;83.45;0;2.65;2.25;2.5;1.6;5.8;330.5555556;0;0;2.2
3193200;-2;0;38;101;-2;0.1;8.9;7.1;83.5;0;2.7;2.4;2.6;1.6;5.5;327.7777778;0;0;3.5
3194100;0;0;23;6;0.6;0.5;8.9;7.3;83;0;3.3;3.1;3.4;2.1;5.5;327.7777778;0;0;3.5
3195000;0;1;21;56;0.2;1.3;8.8;7.3;83.5;0;4.2;3.9;4.3;2.9;5.5;327.7777778;0;0;3.5
3195900;-1;0;43;129;-1.4;1.4;8.8;7.3;83.7;0;3.3;2.9;3.3;2.3;5.5;327.7777778;0;0;3.5
3196800;-2;0;43;124;-2.1;0.5;9;7;83.2;0;2.4;2.2;2.4;1.6;5.3;319.4444444;0;0;2.3
3197700;-3;0;43;122;-2.4;0.1;8.9;6.9;83.1;0;2.1;1.8;2.1;1.2;5.3;319.4444444;0;0;2.3
3198600;-3;0;43;120;-2.7;-0.2;8.8;6.9;83.1;0;1.8;1.5;1.8;1;5.3;319.4444444;0;0;2.3
3199500;-3;0;43;119;-2.9;-0.4;8.7;6.9;83.5;0;1.6;1.3;1.5;0.6;5.3;319.4444444;0;0;2.3
3200400;-3;0;43;117;-3.2;-0.8;8.6;6.7;83.7;0;1.2;1;1.2;0.3;5.3;316.6666667;0;0;1.1
3201300;-4;0;43;113;-3.4;-1.3;8.4;6.6;83.6;0;0.9;0.7;0.8;0;5.3;316.6666667;0;0;1.1
3202200;-3;0;17;46;-2.2;-1.4;8.3;6.6;83.9;0;1.1;1;1.2;0.1;5.3;316.6666667;0;0;1.1
3203100;-2;0;0;0;-1.3;-1;8.3;6.6;84.2;0;2;2;2.2;0.6;5.3;316.6666667;0;0;1.1
3204000;-2;0;6;4;-1.2;-0.7;8.5;5.1;83.4;0;3;3.4;3.4;1.4;4.9;291.6666667;0;0;1.9
3204900;-2;1;43;133;-1.2;1.6;8.2;4.6;83.5;0;3.5;3.2;3.5;2.7;4.9;291.6666667;0;0;1.9
3205800;-2;0;43;123;-2.2;0.4;7.9;4.7;84.4;0;2.3;2;2.3;1.6;4.9;291.6666667;0;0;1.9
3206700;-3;0;43;116;-3.1;-0.6;7.7;4.8;84.3;0;1.3;1;1.3;0.4;4.9;291.6666667;0;0;1.9
3207600;-4;-1;42;111;-4;-1.7;7.2;4.9;84.1;0;0.3;0;0.2;-0.6;4.5;283.3333333;0;0;2.8
3208500;-5;-2;42;109;-4.4;-2.3;6.9;4.9;85.1;0;-0.1;-0.5;-0.2;-1;4.5;283.3333333;0;0;2.8
3209400;-5;-3;42;105;-4.8;-2.7;6.6;5.2;85.1;0;-0.7;-1;-0.7;-1.5;4.5;283.3333333;0;0;2.8
3210300;-5;-3;42;105;-5.3;-3;6.3;5.3;85.9;0;-1.1;-1.3;-1.1;-1.9;4.5;283.3333333;0;0;2.8
3211200;-6;-4;42;104;-5.8;-3.4;6.1;5.2;85.6;0;-1.5;-1.8;-1.5;-2.3;4;291.6666667;0;0;4.5
3212100;-6;-4;42;104;-5.8;-3.9;6;5.1;86;0;-1.7;-2;-1.6;-2.4;4;291.6666667;0;0;4.5
3213000;-6;-4;42;103;-6;-3.9;6.1;4.8;86.1;0;-1.7;-2.2;-1.9;-2.6;4;291.6666667;0;0;4.5
3213900;-6;-4;42;103;-6.3;-3.9;6.1;4.7;86.1;0;-1.6;-2.2;-1.8;-2.5;4;291.6666667;0;0;4.5
3214800;-6;-4;42;106;-6.1;-3.9;6.2;4.4;86.2;0;-1.3;-1.8;-1.5;-2;4;300;0;0;4.2
3215700;-6;-3;42;106;-5.8;-3.9;6.4;4.3;85.9;0;-1.2;-1.6;-1.4;-2;4;300;0;0;4.2
3216600;-6;-4;42;102;-5.9;-3.9;6.4;4.2;84.9;0;-1.8;-2.1;-1.8;-2.5;4;300;0;0;4.2
3217500;-7;-4;42;100;-6.4;-4.3;6.2;4.1;84.7;0;-2.4;-2.6;-2.3;-3.1;4;300;0;0;4.2
3218400;-7;-5;42;98;-6.8;-4.4;6.1;4;85.2;0;-2.4;-2.8;-2.4;-3.2;3.7;286.1111111;8.333333333;8.333333333;3.7
3219300;-7;-5;42;100;-6.8;-4.4;6.3;3.9;85.2;0;-2.3;-2.6;-2.2;-3;3.7;286.1111111;8.333333333;8.333333333;3.7
3220200;-6;-4;42;102;-6.3;-4.4;6.6;3.8;84.9;0;-1.8;-2.2;-1.9;-2.5;3.7;286.1111111;8.333333333;8.333333333;3.7
3221100;-6;-4;42;103;-6.3;-4.4;6.4;3.8;84.7;0;-1.8;-2.1;-1.9;-2.6;3.7;286.1111111;8.333333333;8.333333333;3.7
3222000;-6;-4;42;102;-6.3;-4.4;6.3;3.8;84.4;0.4;-1.9;-2.2;-1.9;-2.8;3.4;300;27.77777778;27.77777778;2.7
3222900;-6;-4;42;101;-6.3;-4.4;6.2;3.8;84.6;0.4;-2;-2.4;-1.9;-2.7;3.4;300;27.77777778;27.77777778;2.7
3223800;-6;-4;42;103;-6.3;-4.3;6.4;3.9;84.2;0.4;-1.7;-2.1;-1.8;-2.3;3.4;300;27.77777778;27.77777778;2.7
3224700;-6;-4;42;103;-6.3;-3.9;6.5;4;83.6;0.4;-1.6;-2;-1.7;-2.2;3.4;300;27.77777778;27.77777778;2.7
3225600;-6;-4;42;103;-6.3;-3.9;6.7;4.2;83.6;24.2;-1.6;-2;-1.7;-2.4;4.4;313.8888889;72.22222222;72.22222222;4.1
3226500;-6;-4;42;102;-6.3;-3.9;6.9;4.2;83;25.9;-1.6;-1.9;-1.7;-2.6;4.4;313.8888889;72.22222222;72.22222222;4.1
3227400;-6;-4;42;104;-6.2;-3.9;7.4;4.1;82.6;25.9;-1.5;-1.7;-1.6;-2.3;4.4;313.8888889;72.22222222;72.22222222;4.1
3228300;-5;-3;42;107;-5.5;-3.3;7.9;4;81.1;25.9;-0.8;-0.9;-0.8;-1.4;4.4;313.8888889;72.22222222;72.22222222;4.1
3229200;-5;-3;42;107;-5.3;-2.9;8.2;4.5;79.4;88.2;-0.7;-0.9;-0.7;-1.5;5.5;322.2222222;183.3333333;219.4444444;3.8
3230100;-5;-3;42;108;-5.3;-2.9;8.5;4.6;78.5;97.8;-0.5;-0.8;-0.6;-1.4;5.5;322.2222222;183.3333333;219.4444444;3.8
3231000;-5;-2;42;111;-5.1;-2.7;9.3;4.4;77.7;97.9;-0.2;-0.4;-0.2;-1;5.5;322.2222222;183.3333333;219.4444444;3.8
3231900;-4;-2;42;114;-4.5;-2.2;10;4.1;74.6;98.1;0.4;0.3;0.4;-0.6;5.5;322.2222222;183.3333333;219.4444444;3.8
3232800;-4;-2;43;116;-4.1;-1.7;10.7;4.9;73.3;97.2;1;0.9;1;-0.1;7.1;336.1111111;113.8888889;113.8888889;4.5
3233700;-3;-1;43;123;-3;-0.5;11.4;5.1;69.3;97;2.3;2.1;2.2;1;7.1;336.1111111;113.8888889;113.8888889;4.5
3234600;-2;0;43;131;-1.9;0.8;11.9;5.2;66.6;96.2;3.6;3.4;3.5;2.2;7.1;336.1111111;113.8888889;113.8888889;4.5
3235500;-2;1;43;134;-1.3;1.6;12.3;5.3;67.2;94.7;4.1;4;4.1;2.9;7.1;336.1111111;113.8888889;113.8888889;4.5
3236400;-2;1;43;132;-1.3;1.6;12.5;6;66.9;112;4;3.9;4;3;7.1;344.4444444;16.66666667;16.66666667;4.2
3237300;-2;1;43;131;-1.3;1.6;12.1;6.2;66.9;118.3;3.9;3.7;3.9;2.9;7.1;344.4444444;16.66666667;16.66666667;4.2
3238200;-2;1;43;131;-1.3;1.6;11.9;6.3;67.6;118.3;3.8;3.6;3.8;2.9;7.1;344.4444444;16.66666667;16.66666667;4.2
3239100;-2;1;43;131;-1.3;1.6;10.9;6.4;71.3;118.3;3.8;3.6;3.8;2.8;7.1;344.4444444;16.66666667;16.66666667;4.2
3240000;-2;0;43;129;-1.3;1.5;10.5;6.8;75;113.2;3.5;3.3;3.5;2.5;6.2;338.8888889;22.22222222;22.22222222;3.7
3240900;-2;0;43;131;-1.3;1.1;9.6;7;85.6;110.7;3.6;3.3;3.5;2.6;6.2;338.8888889;22.22222222;22.22222222;3.7
3241800;-2;0;43;131;-1.3;1.1;9;7.4;87.1;110.7;3.7;3.4;3.7;2.7;6.2;338.8888889;22.22222222;22.22222222;3.7
3242700;-2;0;43;131;-1.3;1.1;9;7.7;87.1;110.7;3.6;3.3;3.5;2.6;6.2;338.8888889;22.22222222;22.22222222;3.7
3243600;-2;0;43;128;-1.4;1.1;9.2;7.7;86.4;73.1;3.2;3;3.2;2.2;6.5;338.8888889;33.33333333;33.33333333;3.3
3244500;-2;0;43;124;-2;0.7;9.5;7.7;86.3;70.4;2.6;2.4;2.6;1.6;6.5;338.8888889;33.33333333;33.33333333;3.3
3245400;-2;0;43;122;-2.3;0.1;9.8;7.7;84.3;70.4;2.4;2.2;2.3;1.3;6.5;338.8888889;33.33333333;33.33333333;3.3
3246300;-2;0;43;124;-2.3;0.1;9.8;7.7;81;70.4;2.4;2.3;2.4;1.6;6.5;338.8888889;33.33333333;33.33333333;3.3
3247200;-2;0;43;125;-2.3;0.1;9.5;7.3;78.7;65.7;2.5;2.4;2.5;1.7;6.2;336.1111111;19.44444444;19.44444444;4.4
3248100;-2;0;43;125;-2.3;0.1;9.6;7.3;74.5;65.4;2.5;2.4;2.5;1.7;6.2;336.1111111;19.44444444;19.44444444;4.4
3249000;-2;0;43;125;-2.3;0.1;9.5;6.6;73.2;65.4;2.6;2.4;2.6;1.6;6.2;336.1111111;19.44444444;19.44444444;4.4
3249900;-2;0;43;126;-2.3;0.1;9.3;5.9;73.4;65.4;2.8;2.5;2.7;1.8;6.2;336.1111111;19.44444444;19.44444444;4.4
3250800;-2;0;43;124;-2.3;0.1;9.4;5.4;73.3;38.1;2.4;2.3;2.4;1.6;5.5;336.1111111;2.777777778;2.777777778;4.5
3251700;-2;0;43;124;-2.3;0.1;9.2;5.4;74.3;38.1;2.4;2.1;2.4;1.4;5.5;336.1111111;2.777777778;2.777777778;4.5
3252600;-2;0;43;124;-2.3;0.1;8.8;5.6;76.3;38.1;2.4;2.2;2.4;1.5;5.5;336.1111111;2.777777778;2.777777778;4.5
3253500;-2;0;43;123;-2.3;0.1;8.3;5.9;81.2;38.1;2.5;2.2;2.5;1.5;5.5;336.1111111;2.777777778;2.777777778;4.5
3254400;-2;0;43;123;-2.3;0.1;7.6;5.7;88.6;18.9;2.4;2.2;2.4;1.4;4.9;336.1111111;0;0;3.1
3255300;-2;0;43;124;-2.3;0.1;7.3;5.6;90.2;11.9;2.3;2.2;2.4;1.5;4.9;336.1111111;0;0;3.1
3256200;-3;0;43;121;-2.5;0.1;7.3;5.8;90.8;11.9;2;1.8;2.1;1.2;4.9;336.1111111;0;0;3.1
3257100;-3;0;43;121;-2.8;-0.4;7.2;5.9;90.8;11.9;1.9;1.6;1.9;0.9;4.9;336.1111111;0;0;3.1
3258000;-3;0;43;120;-2.8;-0.4;7.2;5.7;90.7;0.3;1.6;1.5;1.7;0.8;4.7;333.3333333;0;0;1.3
3258900;-3;0;43;120;-2.8;-0.4;7.1;5.7;90.3;0.3;1.6;1.5;1.7;0.8;4.7;333.3333333;0;0;1.3
3259800;-3;0;43;120;-2.8;-0.4;6.9;5.4;90.6;0.3;1.7;1.6;1.8;0.9;4.7;333.3333333;0;0;1.3
3260700;-3;0;43;121;-2.8;-0.4;6.7;5.2;91.3;0.3;1.8;1.7;2;1;4.7;333.3333333;0;0;1.3
3261600;-3;0;43;121;-2.8;-0.4;6.6;4.7;92.3;0;2;1.8;2.1;1.1;3.5;327.7777778;0;0;2
3262500;-3;0;43;121;-2.8;-0.4;6.6;4.7;92.3;0;1.9;1.8;2;1.1;3.5;327.7777778;0;0;2
3263400;-3;0;43;122;-2.8;-0.4;5.8;4.5;92.7;0;2.1;1.9;2.1;1.3;3.5;327.7777778;0;0;2
3264300;-3;0;43;121;-2.8;-0.4;5.5;4.3;92.8;0;1.9;1.7;2;1.1;3.5;327.7777778;0;0;2
3265200;-3;0;43;120;-2.8;-0.4;5.5;4;92.8;0;1.7;1.5;1.8;0.9;3.3;325;0;0;2.5
3266100;-3;0;43;120;-2.8;-0.4;5.4;3.9;92.8;0;1.6;1.4;1.6;0.7;3.3;325;0;0;2.5
3267000;-3;0;43;117;-3.1;-0.7;5.4;3.9;93;0;1.2;1.1;1.3;0.4;3.3;325;0;0;2.5
3267900;-4;0;43;115;-3.5;-1.1;5.4;3.9;93.3;0;0.9;0.8;1;0;3.3;325;0;0;2.5
3268800;-4;-1;43;113;-3.8;-1.4;5.5;3.8;93;0;0.6;0.4;0.7;-0.3;3;319.4444444;0;0;1.8
3269700;-4;-2;43;112;-3.8;-1.5;5.1;3.8;92.8;0;0.5;0.3;0.5;-0.5;3;319.4444444;0;0;1.8
3270600;-5;-2;42;107;-4.4;-2.1;5.4;3.6;92.4;0;-0.2;-0.4;-0.2;-1.1;3;319.4444444;0;0;1.8
3271500;-5;-3;42;106;-5;-2.8;5.4;3.3;91.8;0;-0.8;-1;-0.8;-1.7;3;319.4444444;0;0;1.8
3272400;-6;-3;42;103;-5.5;-3.3;5.4;3.2;91.8;0;-1.3;-1.6;-1.4;-2.2;3.1;311.1111111;0;0;1.2
3273300;-6;-4;42;101;-5.8;-3.7;5.5;3.1;91.8;0;-1.7;-2;-1.7;-2.7;3.1;311.1111111;0;0;1.2
3274200;-6;-4;42;99;-6.3;-4.2;5.5;3.1;91.8;0;-2;-2.4;-2.1;-3;3.1;311.1111111;0;0;1.2
3275100;-6;-4;42;99;-6.3;-4.4;5.5;3.2;91.7;0;-2.1;-2.6;-2.1;-3.1;3.1;311.1111111;0;0;1.2
3276000;-6;-4;42;99;-6.3;-4.4;5.5;3;91.3;0;-2.1;-2.5;-2.1;-3;3;302.7777778;0;0;0.6
3276900;-6;-4;42;100;-6.3;-4.4;5.4;3;91.3;0;-1.9;-2.4;-2;-2.9;3;302.7777778;0;0;0.6
3277800;-6;-4;42;100;-6.3;-4.4;5.1;2.7;91.5;0;-1.9;-2.4;-1.9;-2.9;3;302.7777778;0;0;0.6
3278700;-6;-4;42;99;-6.3;-4.35;5.15;4.85;91.65;0;-1.8;-2.2;-1.8;-2.8;3;302.7777778;0;0;0.6
3279600;-6;-4;42;98;-6.3;-4.3;5.2;7;91.8;0;-1.7;-2;-1.7;-2.7;3.2;294.4444444;0;0;1.2
3280500;-6;-3;42;100;-5.8;-3.9;5.2;7.3;91.8;0;-1.3;-1.5;-1.2;-2.3;3.2;294.4444444;0;0;1.2
3281400;-6;-3;42;103;-5.8;-3.5;5.2;7.3;91.8;0;-1.2;-1.4;-1.1;-2.2;3.2;294.4444444;0;0;1.2
3282300;-6;-3;42;103;-5.8;-3.4;5.2;7.3;91.8;0;-1.3;-1.4;-1.1;-2.3;3.2;294.4444444;0;0;1.2
3283200;-6;-3;42;103;-5.8;-3.4;5.2;7;91.8;0;-1.3;-1.5;-1.2;-2.3;3;311.1111111;0;0;1.1
3284100;-6;-4;42;103;-5.8;-3.4;5.2;6.9;91.8;0;-1.4;-1.6;-1.4;-2.5;3;311.1111111;0;0;1.1
3285000;-6;-4;42;102;-5.8;-3.5;5.3;6.9;91.8;0;-1.5;-1.7;-1.5;-2.6;3;311.1111111;0;0;1.1
3285900;-6;-4;42;103;-5.8;-3.9;5.4;6.9;91.8;0;-1.6;-1.7;-1.4;-2.6;3;311.1111111;0;0;1.1
3286800;-6;-4;42;101;-5.8;-3.9;5.6;6.7;91.5;0;-1.7;-1.9;-1.7;-2.7;3;313.8888889;0;0;2.9
3287700;-6;-4;42;99;-6.1;-3.9;5.6;6.6;91.3;0;-1.9;-2.3;-1.9;-2.8;3;313.8888889;0;0;2.9
3288600;-6;-4;42;100;-6.3;-3.9;5.6;6.6;91.3;0;-2;-2.3;-2;-2.9;3;313.8888889;0;0;2.9
3289500;-6;-4;42;101;-6.3;-3.9;5.6;6.6;91.3;0;-1.8;-2.2;-1.9;-2.8;3;313.8888889;0;0;2.9
3290400;-6;-4;42;100;-6.3;-4;5.6;2.3;91.3;0;-1.9;-2.2;-2;-3.1;2.6;316.6666667;0;0;2.2
3291300;-7;-4;42;98;-6.3;-4.4;5.5;2.3;91.3;0;-2.3;-2.6;-2.3;-3.2;2.6;316.6666667;0;0;2.2
3292200;-7;-5;42;97;-6.7;-4.4;5.6;2.5;91.3;0;-2.4;-2.8;-2.4;-3.3;2.6;316.6666667;0;0;2.2
3293100;-7;-4;42;99;-6.8;-4.4;5.6;2.7;91.3;0;-2.3;-2.6;-2.3;-3.1;2.6;316.6666667;0;0;2.2
3294000;-7;-5;42;97;-6.8;-4.5;5.7;2.4;91.2;0;-2.5;-2.7;-2.5;-3.4;2.5;316.6666667;0;0;1.6
3294900;-7;-5;42;96;-6.8;-4.9;5.7;2.3;90.8;0;-2.7;-2.9;-2.8;-3.6;2.5;316.6666667;0;0;1.6
3295800;-5;-4;22;50;-5;-4.4;5.7;2.4;90.8;0;-2.7;-2.8;-2.6;-3.6;2.5;316.6666667;0;0;1.6
3296700;-2;0;0;0;-1.7;0.6;5.6;2.6;90.8;0;-2;-1.9;-1.8;-3.2;2.5;316.6666667;0;0;1.6
3297600;-4;-2;37;88;-4.4;-2.1;5.5;2.4;90.8;0;-0.7;-0.9;-0.5;-1.7;2.4;316.6666667;0;0;1.5
3298500;-6;-3;42;102;-5.6;-3.4;5.3;2.4;90.8;0;-1.5;-1.7;-1.6;-2.3;2.4;316.6666667;0;0;1.5
3299400;-6;-4;42;100;-6.2;-4.1;5.2;2.4;91.2;0;-2.1;-2.3;-2.2;-2.9;2.4;316.6666667;0;0;1.5
3300300;-7;-4;42;100;-6.6;-4.5;5.5;2.4;91.3;0;-2.3;-2.5;-2.4;-3.2;2.4;316.6666667;0;0;1.5
3301200;-7;-4;42;100;-6.6;-4.6;5.3;2;90.9;0;-2.3;-2.5;-2.3;-3.2;1.7;319.4444444;0;0;1.3
3302100;-7;-4;42;100;-6.6;-4.6;5.1;1.9;90.7;0;-2.3;-2.5;-2.4;-3.2;1.7;319.4444444;0;0;1.3
3303000;-7;-4;42;100;-6.6;-4.6;5.1;1.9;90.8;0;-2.2;-2.5;-2.3;-3;1.7;319.4444444;0;0;1.3
3303900;-7;-4;42;100;-6.6;-4.6;5.1;2;90.8;0;-2.2;-2.5;-2.3;-3.1;1.7;319.4444444;0;0;1.3
3304800;-7;-4;42;98;-6.6;-4.6;5;1.6;90.8;0;-2.3;-2.5;-2.4;-3.2;1.1;319.4444444;5.555555556;8.333333333;1.9
3305700;-7;-5;42;98;-6.6;-4.6;5;1.5;90.5;0;-2.5;-2.8;-2.5;-3.3;1.1;319.4444444;5.555555556;8.333333333;1.9
3306600;-7;-5;41;94;-6.7;-4.7;5;1.7;90.7;0;-2.8;-3;-2.7;-3.5;1.1;319.4444444;5.555555556;8.333333333;1.9
3307500;-4;-2;0;0;-4.2;-3.1;4.8;2;90.4;0;-2.3;-2.3;-2.2;-3.4;1.1;319.4444444;5.555555556;8.333333333;1.9
3308400;-4;-1;15;32;-4.4;-0.9;4.6;1.3;90.8;0.4;-1.2;-1.3;-0.8;-2.2;0.7;319.4444444;25;25;1.8
3309300;-5;-3;42;105;-5.1;-2.9;4.3;1.1;90.7;0.5;-1;-1.1;-0.7;-1.9;0.7;319.4444444;25;25;1.8
3310200;-6;-3;42;104;-5.5;-3.3;4.1;1.1;91.2;0.5;-1.4;-1.6;-1.2;-2.2;0.7;319.4444444;25;25;1.8
3311100;-6;-4;42;102;-5.7;-3.6;4.1;1.1;90.8;0.5;-1.7;-1.9;-1.6;-2.6;0.7;319.4444444;25;25;1.8
3312000;-6;-4;42;101;-6.2;-4;3.9;1.1;90.8;19.9;-1.9;-2.1;-1.8;-2.8;0.7;305.5555556;100;102.7777778;2.1
3312900;-6;-4;42;101;-6.2;-4.1;3.8;1.1;91.2;24.8;-2;-2.2;-1.9;-3;0.7;305.5555556;100;102.7777778;2.1
3313800;-6;-4;42;101;-6.2;-4.1;4.1;1.1;91;24.8;-2;-2.2;-1.9;-3;0.7;305.5555556;100;102.7777778;2.1
3314700;-6;-4;42;99;-6.2;-4.1;4.3;1.1;90.9;24.8;-2.1;-2.3;-2;-3.1;0.7;305.5555556;100;102.7777778;2.1
3315600;-7;-4;42;100;-6.2;-4.1;4.3;1.3;90.7;69.8;-2.2;-2.4;-2.1;-3.2;1.5;316.6666667;150;158.3333333;3.6
3316500;-6;-4;42;101;-6.2;-4.1;4.7;1.3;90.9;81;-2;-2.2;-2;-3;1.5;316.6666667;150;158.3333333;3.6
3317400;-6;-4;42;102;-6.2;-4.1;4.9;1.2;90.8;84.5;-1.8;-1.9;-1.8;-2.8;1.5;316.6666667;150;158.3333333;3.6
3318300;-6;-4;42;104;-6.2;-4;5.1;1;90.5;89.7;-1.4;-1.5;-1.4;-2.5;1.5;316.6666667;150;158.3333333;3.6
3319200;-6;-3;42;105;-5.8;-3.6;5.2;1.3;90.7;115;-1.2;-1.4;-1.2;-2.3;1.7;308.3333333;208.3333333;213.8888889;3.2
3320100;-6;-3;42;106;-5.7;-3.6;5.4;1.4;90.4;121.3;-1.1;-1.2;-1;-2;1.7;308.3333333;208.3333333;213.8888889;3.2
3321000;-5;-3;42;110;-5.2;-2.9;5.6;1.3;90.6;128.2;-0.3;-0.5;-0.3;-1.4;1.7;308.3333333;208.3333333;213.8888889;3.2
3321900;-5;-2;42;110;-4.7;-2.6;5.7;1.2;90.1;142.1;-0.1;-0.2;0;-1.1;1.7;308.3333333;208.3333333;213.8888889;3.2
3322800;-5;-2;43;109;-4.7;-2.6;5.4;1.4;90.5;159.3;-0.1;-0.3;0;-1.1;2;308.3333333;186.1111111;186.1111111;4.2
3323700;-4;-2;43;111;-4.7;-2.4;5.6;1.5;90.3;165.6;0.2;0;0.2;-0.8;2;308.3333333;186.1111111;186.1111111;4.2
3324600;-4;-2;42;113;-4.3;-2.1;5.7;1.6;90.4;165.6;0.5;0.4;0.5;-0.6;2;308.3333333;186.1111111;186.1111111;4.2
3325500;-4;-2;43;113;-4.2;-2.1;6;1.8;90.4;165.6;0.5;0.4;0.6;-0.5;2;308.3333333;186.1111111;186.1111111;4.2
3326400;-4;-2;42;113;-4.2;-2.1;6.4;1.8;90.3;167.9;0.6;0.4;0.6;-0.5;2.3;316.6666667;69.44444444;69.44444444;2.7
3327300;-4;-2;43;113;-4.2;-1.6;6.4;1.8;88.4;168.8;0.6;0.5;0.7;-0.4;2.3;316.6666667;69.44444444;69.44444444;2.7
3328200;-4;-2;43;115;-3.9;-1.4;6.6;1.8;81.3;168.8;1.1;0.9;1;-0.1;2.3;316.6666667;69.44444444;69.44444444;2.7
3329100;-4;-2;43;113;-3.7;-1.2;6.4;1.8;76.2;168.8;0.8;0.7;0.8;-0.3;2.3;316.6666667;69.44444444;69.44444444;2.7
3330000;-4;-2;42;110;-4.1;-1.8;5.9;2.2;77.6;133.4;0.2;0.1;0.2;-0.7;-0.2;311.1111111;50;50;2.5
3330900;-5;-2;42;109;-4.4;-2.1;5.7;2.4;78.4;120.5;-0.2;-0.3;-0.1;-1.1;-0.2;311.1111111;50;50;2.5
3331800;-5;-3;42;106;-4.7;-2.5;4.9;2.4;84.2;120.5;-0.6;-0.6;-0.5;-1.4;-0.2;311.1111111;50;50;2.5
3332700;-5;-3;42;104;-5.2;-3;4;2.4;87.5;120.5;-1.1;-1.2;-1;-1.9;-0.2;311.1111111;50;50;2.5
3333600;-6;-4;42;102;-5.7;-3.5;3.8;2.4;87.5;112.9;-1.5;-1.6;-1.5;-2.5;-0.4;311.1111111;19.44444444;22.22222222;2.5
3334500;-6;-4;42;100;-6.1;-3.9;3.7;2.4;87.2;110.1;-2;-2.1;-1.9;-2.9;-0.4;311.1111111;19.44444444;22.22222222;2.5
3335400;-7;-4;42;98;-6.4;-4.3;3.8;2.4;87.4;110.1;-2.4;-2.5;-2.3;-3.3;-0.4;311.1111111;19.44444444;22.22222222;2.5
3336300;-7;-5;41;94;-6.7;-4.6;3.9;2.3;87.2;110.1;-2.7;-2.8;-2.7;-3.6;-0.4;311.1111111;19.44444444;22.22222222;2.5
3337200;-3;-2;0;0;-3.5;-3.1;3.2;2;89.7;78.6;-2.3;-2.3;-2.2;-3.5;-1.6;305.5555556;5.555555556;5.555555556;1.7
3338100;-4;-1;9;14;-3.8;-0.7;2.5;1.9;90.6;67.1;-1.4;-1.4;-1.3;-2.7;-1.6;305.5555556;5.555555556;5.555555556;1.7
3339000;-6;-4;42;100;-5.6;-3.4;2.3;1.1;90.6;67.1;-1.8;-1.9;-1.7;-2.6;-1.6;305.5555556;5.555555556;5.555555556;1.7
3339900;-6;-5;30;67;-6;-4.6;2.3;-0.5;90.2;67.1;-2.7;-2.8;-2.6;-3.5;-1.6;305.5555556;5.555555556;5.555555556;1.7
3340800;-4;-1;0;0;-4.5;-1.8;2;-0.6;90.6;42.7;-2.2;-2.3;-2.1;-3.4;-1.8;302.7777778;0;0;1.4
3341700;-4;-1;12;30;-4.6;-0.7;1.8;-0.6;90.3;33.8;-1.4;-1.5;-1.3;-2.7;-1.8;302.7777778;0;0;1.4
3342600;-6;-4;42;98;-6;-3.9;1.7;-0.7;89.9;33.8;-2.1;-2.2;-2;-2.9;-1.8;302.7777778;0;0;1.4
3343500;-6;-4;15;32;-5.6;-4.3;1.7;-0.8;90;33.8;-2.7;-2.8;-2.7;-3.6;-1.8;302.7777778;0;0;1.4
3344400;-5;-2;0;0;-4.7;-1.1;1.6;-1.1;89.6;11.8;-2.2;-2.2;-2.1;-3.2;-2.4;302.7777778;0;0;1.1
3345300;-4;-2;15;34;-4.7;-1.6;1.6;-1.2;89.3;3.8;-1.6;-1.8;-1.5;-2.7;-2.4;302.7777778;0;0;1.1
3346200;-6;-4;36;82;-6.2;-4.4;1.5;-1.5;88.1;3.8;-2.6;-2.7;-2.5;-3.3;-2.4;302.7777778;0;0;1.1
3347100;-5;-3;0;0;-5.1;-2.9;1.6;-2.2;88.2;3.8;-2.6;-2.6;-2.5;-3.5;-2.4;302.7777778;0;0;1.1
3348000;-4;-2;0;0;-4.7;-1;1.5;-2.3;87.7;1;-2;-2.1;-1.9;-3;-2.9;300;0;0;0.9
3348900;-6;-3;36;83;-5.6;-2.9;1.4;-2.3;87.7;0;-1.9;-2.1;-1.8;-2.8;-2.9;300;0;0;0.9
3349800;-6;-4;12;26;-5.7;-4.2;1.4;-2.3;87.1;0;-2.8;-2.9;-2.7;-3.6;-2.9;300;0;0;0.9
3350700;-5;-2;0;0;-4.9;-1.5;1.2;-2.3;85.3;0;-2.3;-2.3;-2.1;-3.1;-2.9;300;0;0;0.9
3351600;-4;-2;14;34;-5;-2;1.3;-2.5;85.4;0;-1.8;-1.9;-1.6;-2.7;-3.2;300;0;0;1
3352500;-6;-5;30;64;-6.1;-4.5;1.2;-2.6;84.1;0;-2.7;-2.9;-2.6;-3.4;-3.2;300;0;0;1
3353400;-5;-2;0;0;-5.1;-2.5;0.9;-2.6;84;0;-2.6;-2.6;-2.4;-3.3;-3.2;300;0;0;1
3354300;-5;-2;0;0;-4.7;-1.4;0.9;-2.6;84;0;-2.1;-2.2;-1.9;-2.8;-3.2;300;0;0;1
3355200;-5;-3;29;68;-5.5;-3;0.7;-2.7;84;0;-2;-2.2;-1.8;-2.8;-3.2;300;0;0;0.8
3356100;-6;-4;11;25;-5.8;-4.3;0.7;-2.8;83.6;0;-2.9;-3;-2.7;-3.5;-3.2;300;0;0;0.8
3357000;-5;-1;0;0;-4.9;-0.3;0.9;-3;83.3;0;-2.4;-2.5;-2.2;-3.1;-3.2;300;0;0;0.8
3357900;-4;0;6;15;-4.8;0.4;0.6;-3.4;83.2;0;-1.9;-2;-1.7;-2.6;-3.2;300;0;0;0.8
3358800;-6;-5;30;67;-6.1;-4.4;0.6;-3.3;83.1;0;-2.7;-2.8;-2.6;-3.3;-3.1;300;0;0;0.9
3359700;-5;-2;0;0;-5.3;-2.7;0.6;-3.3;83.6;0;-2.6;-2.7;-2.4;-3.3;-3.1;300;0;0;0.9
3360600;-5;-2;0;0;-4.7;-1.4;0.8;-3.3;83.6;0;-2.1;-2.3;-1.9;-2.8;-3.1;300;0;0;0.9
3361500;-6;-4;33;76;-5.8;-3.3;0.8;-3.2;82.6;0;-2.2;-2.4;-2.1;-2.9;-3.1;300;0;0;0.9
3362400;-5;-3;3;9;-5.6;-3.8;0.8;-3.1;83;0;-2.8;-2.9;-2.7;-3.4;-3;297.2222222;0;0;1.9
3363300;-5;-2;0;0;-4.9;-1.5;0.9;-3.1;83.5;0;-2.3;-2.4;-2.1;-3;-3;297.2222222;0;0;1.9
3364200;-5;-3;15;34;-5;-2.1;1.1;-3.2;84;0;-1.9;-2;-1.7;-2.6;-3;297.2222222;0;0;1.9
3365100;-5;-1.5;7.5;17;-5.15;-0.9;1.15;0.65;83.85;0;-2.2;-2.3;-2.05;-2.9;-3;297.2222222;0;0;1.9
3366000;-5;0;0;0;-5.3;0.3;1.2;4.5;83.7;0;-2.5;-2.6;-2.4;-3.2;-2.8;297.2222222;0;0;1.4
3366900;-5;0;0;0;-4.7;0;1.2;7.3;83.6;0;-2;-2.2;-1.9;-2.7;-2.8;297.2222222;0;0;1.4
3367800;-6;-3;37;88;-5.9;-3.3;1.2;7.3;83.1;0;-2.3;-2.4;-2.1;-3;-2.8;297.2222222;0;0;1.4
3368700;-5;-3;2;3;-5.6;-3.7;1.2;7.3;83.6;0;-2.8;-2.9;-2.6;-3.4;-2.8;297.2222222;0;0;1.4
3369600;-5;-2;0;0;-5;-1.2;1.2;7;83.3;0;-2.3;-2.4;-2.1;-3;-2.7;291.6666667;0;0;1.1
3370500;-5;-3;18;41;-5;-2;1.2;6.9;83.5;0;-1.9;-2.1;-1.7;-2.6;-2.7;291.6666667;0;0;1.1
3371400;-6;-4;19;40;-6;-4.5;1.2;6.9;83.3;0;-2.9;-3;-2.7;-3.4;-2.7;291.6666667;0;0;1.1
3372300;-5;-2;0;0;-5.3;-1.7;1.4;6.9;82.7;0;-2.5;-2.5;-2.3;-3.1;-2.7;291.6666667;0;0;1.1
3373200;-5;-2;1;3;-4.7;-1.2;1.5;6.7;83.2;0;-2;-2.1;-1.8;-2.7;-2.6;300;0;0;1.3
3374100;-6;-4;38;83;-6;-4;1.3;6.6;82.7;0;-2.5;-2.6;-2.3;-3.1;-2.6;300;0;0;1.3
3375000;-5;-3;0;0;-5.5;-2.9;1.3;6.6;82.9;0;-2.7;-2.7;-2.5;-3.4;-2.6;300;0;0;1.3
3375900;-5;-2;0;0;-5;-1.2;1.3;6.6;82.9;0;-2.2;-2.3;-2;-2.9;-2.6;300;0;0;1.3
3376800;-5;-3;26;60;-5.3;-2.6;1.1;0.1;82.2;0;-2;-2.1;-1.8;-2.7;-3.1;297.2222222;0;0;2.2
3377700;-6;-4;16;36;-6.1;-4.5;1.1;-3.1;82.7;0;-2.9;-3;-2.8;-3.5;-3.1;297.2222222;0;0;2.2
3378600;-5;-2;0;0;-5.3;-1.6;1.1;-3;82.5;0;-2.5;-2.5;-2.3;-3.2;-3.1;297.2222222;0;0;2.2
3379500;-5;-2;3;9;-4.8;-1.4;0.7;-2.8;82.7;0;-1.9;-2;-1.7;-2.7;-3.1;297.2222222;0;0;2.2
3380400;-6;-4;40;89;-6.1;-4.1;0.6;-2.7;83.1;0;-2.5;-2.6;-2.3;-3.1;-3.2;297.2222222;0;0;1.8
3381300;-6;-3;0;0;-5.6;-3.4;0.6;-2.7;83.2;0;-2.7;-2.8;-2.6;-3.4;-3.2;297.2222222;0;0;1.8
3382200;-5;-1;0;0;-5;-0.9;0.6;-2.7;83.1;0;-2.2;-2.3;-2.1;-3;-3.2;297.2222222;0;0;1.8
3383100;-5;-1;18;46;-5.1;-0.9;0.6;-2.6;82.6;0;-1.9;-2.1;-1.8;-2.7;-3.2;297.2222222;0;0;1.8
3384000;-6;-4;18;40;-6.2;-4.6;0.8;-2.6;83;0;-2.8;-3;-2.7;-3.5;-2.9;297.2222222;0;0;1.7
3384900;-5;-2;0;0;-5.4;-1.9;0.8;-2.6;81.9;0;-2.4;-2.6;-2.3;-3.1;-2.9;297.2222222;0;0;1.7
3385800;-5;-2;0;0;-4.7;-1.1;0.8;-2.8;81.6;0;-1.9;-2.2;-1.8;-2.7;-2.9;297.2222222;0;0;1.7
3386700;-6;-4;34;80;-6.1;-3.9;0.7;-3.2;80.8;0;-2.5;-2.7;-2.3;-3.1;-2.9;297.2222222;0;0;1.7
3387600;-6;-3;0;0;-5.8;-3.4;0.7;-3.5;80.7;0;-2.7;-2.8;-2.6;-3.4;-2.8;300;0;0;1.9
3388500;-5;-2;0;0;-5;-1.6;0.9;-3.6;81.2;0;-2.2;-2.4;-2.1;-2.9;-2.8;300;0;0;1.9
3389400;-5;-3;18;44;-5.2;-2.4;1.1;-3.6;80.8;0;-1.9;-2.2;-1.8;-2.7;-2.8;300;0;0;1.9
3390300;-6;-4;17;38;-6.2;-4.5;1.1;-3.7;80.4;0;-2.9;-3;-2.8;-3.4;-2.8;300;0;0;1.9
3391200;-5;0;0;0;-5.4;-0.2;0.8;-3.9;80.2;0;-2.5;-2.5;-2.3;-3.1;-3.5;297.2222222;5.555555556;5.555555556;1.5
3392100;-5;0;0;0;-4.8;0.1;0.8;-4;81.3;0;-2;-2.2;-1.8;-2.7;-3.5;297.2222222;5.555555556;5.555555556;1.5
3393000;-6;-4;38;91;-6;-3.8;1.1;-3.8;80;0;-2.4;-2.6;-2.3;-3.1;-3.5;297.2222222;5.555555556;5.555555556;1.5
3393900;-6;-3;0;0;-5.8;-3.5;1.1;-3.2;80.1;0;-2.7;-2.8;-2.6;-3.4;-3.5;297.2222222;5.555555556;5.555555556;1.5
3394800;-5;-2;0;0;-5;-1.5;1.1;-3.5;79.7;0.6;-2.2;-2.3;-2.1;-3;-3.5;297.2222222;27.77777778;27.77777778;1.8
3395700;-6;-3;21;50;-5.3;-2.5;0.7;-3.6;79.7;0.9;-2;-2.1;-1.8;-2.7;-3.5;297.2222222;27.77777778;27.77777778;1.8
3396600;-6;-4;15;32;-6.2;-4.6;0.6;-3.6;80.7;0.9;-2.9;-3;-2.8;-3.5;-3.5;297.2222222;27.77777778;27.77777778;1.8
3397500;-5;-2;0;0;-5.4;-1.8;0.6;-3.6;79.8;0.9;-2.4;-2.5;-2.3;-3.1;-3.5;297.2222222;27.77777778;27.77777778;1.8
3398400;-5;-2;6;14;-4.9;-1.6;0.4;-3.6;80.5;20.7;-1.9;-2.1;-1.8;-2.7;-3.1;297.2222222;55.55555556;55.55555556;3.4
3399300;-6;-4;31;69;-6.3;-4.4;0.7;-3.6;80.6;30.6;-2.7;-2.9;-2.5;-3.3;-3.1;297.2222222;55.55555556;55.55555556;3.4
3400200;-6;-2;0;0;-5.6;-3;0.9;-3.6;80;30.6;-2.5;-2.7;-2.5;-3.3;-3.1;297.2222222;55.55555556;55.55555556;3.4
3401100;-5;0;0;0;-5;0.3;1.1;-3.5;79.7;30.6;-1.9;-2.2;-1.9;-2.9;-3.1;297.2222222;55.55555556;55.55555556;3.4
3402000;-6;-3;37;85;-6;-3.2;1.4;-3.4;78.8;48.9;-2.3;-2.5;-2.1;-3;-3;300;47.22222222;47.22222222;3.6
3402900;-6;-3;2;2;-6;-4;1.6;-3.3;78.4;58;-2.5;-2.8;-2.6;-3.4;-3;300;47.22222222;47.22222222;3.6
3403800;-5;-2;0;0;-5.1;-1.7;1.7;-3.3;78.9;59.8;-1.9;-2.4;-2;-3;-3;300;47.22222222;47.22222222;3.6
3404700;-6;-3;29;70;-5.6;-3.1;2;-3.3;78.6;60.7;-1.9;-2.2;-1.9;-2.8;-3;300;47.22222222;47.22222222;3.6
3405600;-6;-4;12;25;-6.1;-4.4;2.1;-3.1;76.7;96.4;-2.7;-2.9;-2.7;-3.5;-2.7;300;69.44444444;69.44444444;3.6
3406500;-5;-2;0;0;-5.3;-1.8;2.1;-3;76.4;114.3;-2.2;-2.4;-2.1;-3.1;-2.7;300;69.44444444;69.44444444;3.6
3407400;-5;-2;15;39;-5.1;-2.2;2.4;-2.9;75.8;125.8;-1.7;-1.9;-1.6;-2.6;-2.7;300;69.44444444;69.44444444;3.6
3408300;-6;-5;31;69;-6.4;-4.5;2;-2.8;74.3;133.4;-2.7;-2.8;-2.6;-3.4;-2.7;300;69.44444444;69.44444444;3.6
3409200;-6;-1;0;0;-5.7;-1.9;1.9;-2.6;74.8;160.1;-2.4;-2.5;-2.3;-3.3;-2.7;300;47.22222222;47.22222222;3.4
3410100;-5;0;4;12;-5.1;0.3;2;-2.4;75;183.5;-1.8;-2;-1.7;-2.8;-2.7;300;47.22222222;47.22222222;3.4
3411000;-6;-4;41;97;-6.1;-4.1;2.2;-2.5;73.8;183.5;-2.3;-2.5;-2.2;-3.1;-2.7;300;47.22222222;47.22222222;3.4
3411900;-6;-3;0;1;-5.8;-3.6;1.4;-2.5;75.6;183.5;-2.7;-2.7;-2.5;-3.5;-2.7;300;47.22222222;47.22222222;3.4
3412800;-5;-2;0;0;-5.1;-1.4;0.9;-2;77.9;190.9;-2.2;-2.2;-2;-3;-3.5;297.2222222;55.55555556;55.55555556;2.6
3413700;-5;-3;26;64;-5.5;-2.6;1.1;-2;77.5;191.4;-1.9;-2;-1.6;-2.8;-3.5;297.2222222;55.55555556;55.55555556;2.6
3414600;-6;-4;17;37;-6.2;-4.5;0.8;-2.1;78.1;191.4;-2.8;-2.9;-2.7;-3.6;-3.5;297.2222222;55.55555556;55.55555556;2.6
3415500;-5;-2;0;0;-5.4;-2;0.6;-2.2;77.3;191.4;-2.4;-2.4;-2.2;-3.2;-3.5;297.2222222;55.55555556;55.55555556;2.6
3416400;-5;-2;3;8;-5.1;-1.5;0.2;-1.7;78.2;168.7;-1.8;-2;-1.7;-2.7;-3.7;294.4444444;38.88888889;38.88888889;2.1
3417300;-6;-4;34;77;-6.3;-4.3;0.4;-1.6;78;165.2;-2.6;-2.7;-2.4;-3.3;-3.7;294.4444444;38.88888889;38.88888889;2.1
3418200;-6;0;0;0;-5.8;-0.8;0.5;-1.6;77.3;165.2;-2.6;-2.7;-2.5;-3.4;-3.7;294.4444444;38.88888889;38.88888889;2.1
3419100;-5;0;0;0;-5.1;-0.2;0.4;-1.6;76.8;165.2;-2.1;-2.2;-2;-2.9;-3.7;294.4444444;38.88888889;38.88888889;2.1
3420000;-6;-2;27;68;-5.7;-2.9;0.4;-1.5;76.1;145.4;-2;-2.3;-1.9;-2.9;-4;291.6666667;19.44444444;19.44444444;2.1
3420900;-6;-4;8;17;-6.2;-4.3;-0.1;-1.5;76;140.4;-2.9;-2.9;-2.7;-3.5;-4;291.6666667;19.44444444;19.44444444;2.1
3421800;-5;-2;0;0;-5.3;-1.8;-0.2;-2.1;75.8;140.4;-2.4;-2.5;-2.2;-3.1;-4;291.6666667;19.44444444;19.44444444;2.1
3422700;-5;-2;0;2;-4.9;-1.6;-0.4;-3.4;75.8;140.4;-1.9;-2.2;-1.8;-2.7;-4;291.6666667;19.44444444;19.44444444;2.1
3423600;-6;-5;28;63;-6;-4.4;-0.5;-3.4;75.9;97.6;-2.7;-2.9;-2.5;-3.3;-4.2;291.6666667;5.555555556;5.555555556;2.5
3424500;-6;-2;0;0;-5.8;-3;-0.4;-3.4;75.2;82;-2.6;-2.8;-2.5;-3.3;-4.2;291.6666667;5.555555556;5.555555556;2.5
3425400;-5;-2;0;0;-5;-2.1;-0.5;-3.5;74.4;82;-2.1;-2.5;-2;-2.8;-4.2;291.6666667;5.555555556;5.555555556;2.5
3426300;-6;-3;21;50;-5.4;-2.8;-0.3;-3.9;74.1;82;-2.1;-2.4;-1.9;-2.9;-4.2;291.6666667;5.555555556;5.555555556;2.5
3427200;-6;-4;7;19;-6.2;-3.9;-0.5;-3.9;73.4;54.9;-3;-3.1;-2.8;-3.5;-4.2;291.6666667;0;0;2.6
3428100;-5;-2;0;0;-5.4;-1.7;-0.8;-3.9;74.7;41.4;-2.5;-2.8;-2.3;-3.1;-4.2;291.6666667;0;0;2.6
3429000;-5;-2;0;0;-4.8;-1.7;-0.7;-4.1;74.7;41.4;-1.9;-2.4;-1.9;-2.6;-4.2;291.6666667;0;0;2.6
3429900;-6;-4;27;62;-6.2;-4.2;-0.7;-4.2;74.7;41.4;-2.8;-3;-2.6;-3.4;-4.2;291.6666667;0;0;2.6
3430800;-6;-3;0;0;-6;-3.4;-0.8;-4.4;76.1;5.8;-2.9;-3.1;-2.7;-3.4;-4.5;291.6666667;0;0;2.8
3431700;-5;-2;0;0;-5.1;-2.2;-0.7;-4.4;76.3;5.8;-2.4;-2.7;-2.2;-3;-4.5;291.6666667;0;0;2.8
3432600;-5;-2;4;10;-5;-2.2;-0.9;-4.5;76.5;5.8;-1.9;-2.4;-1.8;-2.6;-4.5;291.6666667;0;0;2.8
3433500;-6;-5;24;53;-6.4;-4.7;-0.7;-4.6;76.3;5.8;-3;-3.2;-2.8;-3.6;-4.5;291.6666667;0;0;2.8
3434400;-6;-2;0;0;-5.8;-3;-0.8;-4.9;75.9;0.4;-2.8;-3;-2.7;-3.3;-4.5;291.6666667;0;0;3.5
3435300;-5;0;0;0;-5;0.1;-0.7;-4.9;76.1;0;-2.3;-2.7;-2.2;-2.9;-4.5;291.6666667;0;0;3.5
3436200;-5;-1;9;25;-5.1;-1;-0.5;-4.9;76.6;0;-2;-2.4;-1.9;-2.7;-4.5;291.6666667;0;0;3.5
3437100;-6;-5;18;40;-6.6;-4.7;-0.5;-4.8;75.9;0;-3.1;-3.3;-2.9;-3.6;-4.5;291.6666667;0;0;3.5
3438000;-6;-2;0;0;-5.7;-2.7;-0.9;-5.2;76.5;0;-2.8;-3;-2.6;-3.3;-4.6;291.6666667;0;0;3.7
3438900;-5;-2;0;0;-5;-2.3;-1;-5.3;76.5;0;-2.3;-2.6;-2.1;-2.9;-4.6;291.6666667;0;0;3.7
3439800;-5;-3;12;27;-5.4;-2.7;-1;-5.3;77.6;0;-2.1;-2.4;-1.9;-2.8;-4.6;291.6666667;0;0;3.7
3440700;-7;-4;13;29;-6.5;-4.8;-0.8;-5.2;77.5;0;-3.2;-3.3;-3;-3.6;-4.6;291.6666667;0;0;3.7
3441600;-6;-2;0;0;-5.7;-2.7;-0.8;-5.6;78.1;0;-2.8;-3;-2.6;-3.3;-5;291.6666667;0;0;3.1
3442500;-5;-2;0;0;-5;-2.3;-0.8;-5.7;77.6;0;-2.2;-2.6;-2.1;-2.8;-5;291.6666667;0;0;3.1
3443400;-5;-2;15;38;-5.4;-2.3;-0.8;-5.5;77;0;-2.1;-2.5;-1.9;-2.8;-5;291.6666667;0;0;3.1
3444300;-6;-4;13;26;-6.5;-4.4;-0.8;-5.1;76.5;0;-3.2;-3.3;-3;-3.6;-5;291.6666667;0;0;3.1
3445200;-6;-2;0;0;-5.7;-2.6;-0.9;-5.3;76.6;0;-2.8;-3;-2.6;-3.3;-5.5;288.8888889;0;0;2.4
3446100;-5;-2;0;0;-5;-2.4;-1;-5.4;75.7;0;-2.2;-2.7;-2.1;-2.8;-5.5;288.8888889;0;0;2.4
3447000;-5;-3;14;37;-5.4;-3;-1.1;-5.3;75.5;0;-2.1;-2.5;-2;-2.9;-5.5;288.8888889;0;0;2.4
3447900;-6;-4;13;29;-6.6;-5.1;-1.6;-4.9;75.1;0;-3.3;-3.5;-3.2;-3.8;-5.5;288.8888889;0;0;2.4
3448800;-6;-2;0;0;-5.7;-3.1;-1.9;-5.2;75.5;0;-3;-3.3;-2.8;-3.4;-5.7;288.8888889;0;0;3.2
3449700;-5;-2;0;0;-5.1;-2.4;-2.1;-5.3;75.9;0;-2.4;-2.9;-2.4;-3;-5.7;288.8888889;0;0;3.2
3450600;-5;-2;0;0;-5;-2.4;-2;-5.4;76.5;0;-1.9;-2.5;-1.9;-2.5;-5.7;288.8888889;0;0;3.2
3451500;-5.5;-1;0;0;-5.6;-1.6;-2.1;-5.55;76.6;0;-2.6;-3.05;-2.55;-3.15;-5.7;288.8888889;0;0;3.2
3452400;-6;0;0;0;-6.2;-0.8;-2.2;-5.7;76.7;0;-3.3;-3.6;-3.2;-3.8;-5.8;286.1111111;0;0;3.3
3453300;-5;-1;0;0;-5.4;-1.1;-2.3;-5.7;76.7;0;-2.8;-3.3;-2.8;-3.3;-5.8;286.1111111;0;0;3.3
3454200;-5;-2;0;0;-5.1;-2.5;-2.3;-5.7;77.1;0;-2.3;-2.8;-2.3;-2.8;-5.8;286.1111111;0;0;3.3
3455100;-5;-2;9;24;-5.3;-2.8;-2.4;-5.7;77.3;0;-2.2;-2.6;-2.2;-2.8;-5.8;286.1111111;0;0;3.3
3456000;-7;-5;19;37;-7;-5.3;-2.3;-5.7;77.1;0;-3.6;-3.9;-3.5;-4;-5.8;288.8888889;0;0;3.5
3456900;-6;-2;0;0;-6.1;-3.6;-2.4;-5.7;76.3;0;-3.4;-3.7;-3.2;-3.7;-5.8;288.8888889;0;0;3.5
3457800;-5;-2;0;0;-5.4;-2.7;-2.4;-5.7;76.4;0;-2.9;-3.3;-2.8;-3.3;-5.8;288.8888889;0;0;3.5
3458700;-5;-2;0;0;-5.1;-2.7;-2.3;-5.7;75.9;0;-2.3;-2.9;-2.3;-2.8;-5.8;288.8888889;0;0;3.5
3459600;-5;-2;9;18;-5.2;-2.9;-2.1;-6.2;76.1;0;-2.2;-2.8;-2.2;-2.8;-5.6;288.8888889;0;0;4.1
3460500;-7;-5;17;35;-7;-5.2;-2.2;-6.3;75.3;0;-3.8;-4.1;-3.7;-4.2;-5.6;288.8888889;0;0;4.1
3461400;-6;-2;0;0;-6.1;-2.3;-2.1;-6.3;75.3;0;-3.5;-3.8;-3.4;-3.9;-5.6;288.8888889;0;0;4.1
3462300;-5;-2;0;0;-5.5;-2.5;-2.3;-6.3;76;0;-3;-3.5;-3;-3.4;-5.6;288.8888889;0;0;4.1
3463200;-5;-2;0;0;-5.3;-2.9;-2.2;-6.3;76;0;-2.4;-3;-2.4;-2.9;-6;288.8888889;0;0;3.5
3464100;-5;-2;0;0;-4.8;-3.2;-2.3;-6.3;77;0;-1.9;-2.5;-2;-2.4;-6;288.8888889;0;0;3.5
3465000;-6;-5;29;60;-6.5;-4.8;-2.3;-6.1;77.7;0;-3.4;-3.7;-3.3;-3.9;-6;288.8888889;0;0;3.5
3465900;-7;-3;0;0;-6.5;-4.4;-2.3;-5.8;78.3;0;-3.7;-4;-3.6;-4;-6;288.8888889;0;0;3.5
3466800;-6;-2;0;0;-5.7;-3.2;-2.4;-5.9;78.4;0;-3.2;-3.6;-3.1;-3.5;-6.3;288.8888889;0;0;3.3
3467700;-5;-2;0;0;-5.3;-3.2;-2.4;-5.9;78.7;0;-2.6;-3.1;-2.6;-3.1;-6.3;288.8888889;0;0;3.3
3468600;-5;-1;0;0;-5.1;-2.6;-2.7;-5.8;79.1;0;-2.1;-2.7;-2.2;-2.6;-6.3;288.8888889;0;0;3.3
3469500;-6;-3;25;59;-6;-2.5;-2.8;-5.7;79.9;0;-2.9;-3.2;-2.8;-3.4;-6.3;288.8888889;0;0;3.3
3470400;-7;-5;2;3;-6.8;-5.2;-2.7;-5.8;79.7;0;-3.9;-4.2;-3.8;-4.2;-6.5;286.1111111;0;0;3.3
3471300;-6;-2;0;0;-6;-3.5;-2.9;-5.8;79;0;-3.4;-3.8;-3.4;-3.8;-6.5;286.1111111;0;0;3.3
3472200;-5;-2;0;0;-5.4;-3.2;-3;-5.9;79.9;0;-2.9;-3.4;-2.9;-3.3;-6.5;286.1111111;0;0;3.3
3473100;-5;-2;0;0;-5.2;-3.2;-3.1;-6;80.1;0;-2.3;-2.9;-2.4;-2.8;-6.5;286.1111111;0;0;3.3
3474000;-5;-2;8;26;-5.1;-3.2;-3.3;-6.2;80.4;0;-2.2;-2.8;-2.2;-2.7;-6.9;286.1111111;0;0;3
3474900;-7;-6;19;38;-7.3;-5.7;-3.3;-6.2;80.2;0;-4;-4.3;-3.9;-4.4;-6.9;286.1111111;0;0;3
3475800;-6;-3;0;0;-6.4;-4.1;-3.3;-6.4;79.6;0;-3.8;-4.2;-3.8;-4;-6.9;286.1111111;0;0;3
3476700;-6;-2;0;0;-5.7;-3.3;-3.3;-6.5;79.3;0;-3.3;-3.8;-3.3;-3.6;-6.9;286.1111111;0;0;3
3477600;-5;0;0;0;-5.3;-0.9;-3.1;-6.8;78.9;0;-2.7;-3.3;-2.8;-3.1;-7.2;283.3333333;11.11111111;11.11111111;3.7
3478500;-5;0;0;0;-5.2;-0.7;-3;-6.8;78.3;0;-2.1;-2.8;-2.2;-2.6;-7.2;283.3333333;11.11111111;11.11111111;3.7
3479400;-6;-2;17;45;-5.5;-2.3;-3.1;-6.8;78.4;0;-2.6;-3.1;-2.7;-3.1;-7.2;283.3333333;11.11111111;11.11111111;3.7
3480300;-7;-5;11;22;-7.4;-5.7;-3.1;-6.8;78.4;0;-4.2;-4.5;-4.2;-4.5;-7.2;283.3333333;11.11111111;11.11111111;3.7
3481200;-6;-3;0;0;-6.3;-3.9;-3.4;-7.3;78.2;0.1;-3.9;-4.3;-3.8;-4.1;-7.2;283.3333333;52.77777778;52.77777778;4.4
3482100;-6;-3;0;0;-5.8;-3.4;-3.5;-7.4;79.1;0.1;-3.3;-3.8;-3.3;-3.6;-7.2;283.3333333;52.77777778;52.77777778;4.4
3483000;-5;-2;0;0;-5.5;-3.4;-3.2;-7.4;79;0.1;-2.7;-3.4;-2.8;-3.1;-7.2;283.3333333;52.77777778;52.77777778;4.4
3483900;-5;-2;0;0;-5;-3.4;-3;-7.4;78.1;0.1;-2.1;-2.8;-2.3;-2.6;-7.2;283.3333333;52.77777778;52.77777778;4.4
3484800;-5;-3;15;32;-5.4;-3.6;-3;-7.6;77.7;8;-2.5;-3;-2.6;-2.9;-7;286.1111111;111.1111111;111.1111111;4.2
3485700;-7;-5;14;24;-7.4;-5.7;-3;-7.7;76.9;10;-4.2;-4.5;-4.2;-4.5;-7;286.1111111;111.1111111;111.1111111;4.2
3486600;-6;-3;0;0;-6.4;-4.1;-2.9;-7.6;76;10;-3.7;-4.1;-3.7;-4.1;-7;286.1111111;111.1111111;111.1111111;4.2
3487500;-6;0;0;0;-5.8;-0.9;-2.7;-7.5;75.1;10;-3.1;-3.6;-3.2;-3.6;-7;286.1111111;111.1111111;111.1111111;4.2
3488400;-5;-1;0;0;-5.4;-1.2;-2.4;-7.4;74.2;21.3;-2.5;-3.1;-2.7;-3.2;-6.4;286.1111111;133.3333333;133.3333333;4.3
3489300;-5;-3;0;0;-5.1;-3.1;-2.2;-7.4;74.6;24.1;-2;-2.7;-2.2;-2.6;-6.4;286.1111111;133.3333333;133.3333333;4.3
3490200;-5;-3;21;45;-5.6;-3.9;-2.2;-7.3;73.2;24.5;-2.5;-3;-2.7;-3.2;-6.4;286.1111111;133.3333333;133.3333333;4.3
3491100;-7;-5;7;13;-6.9;-5.4;-2.2;-7.2;71.6;25;-3.8;-4;-3.7;-4.1;-6.4;286.1111111;133.3333333;133.3333333;4.3
3492000;-6;-3;0;0;-6.1;-3.7;-2.2;-7;71.9;48.2;-3.2;-3.5;-3.2;-3.7;-6.6;283.3333333;186.1111111;186.1111111;4.1
3492900;-5;-3;0;0;-5.4;-3.3;-2.3;-7;73.2;54;-2.7;-3.1;-2.7;-3.2;-6.6;283.3333333;186.1111111;186.1111111;4.1
3493800;-5;-3;0;0;-5.1;-3.5;-2;-6.9;73.7;54;-2.1;-2.6;-2.2;-2.7;-6.6;283.3333333;186.1111111;186.1111111;4.1
3494700;-6;-4;17;40;-5.5;-4;-2.3;-6.8;73.5;54;-2.3;-2.7;-2.3;-2.9;-6.6;283.3333333;186.1111111;186.1111111;4.1
3495600;-7;-3;10;20;-7;-3.9;-2;-6.3;74.1;69.3;-3.6;-3.8;-3.5;-4;-6.5;283.3333333;188.8888889;188.8888889;4.2
3496500;-6;0;0;0;-6.1;-0.7;-1.8;-6.2;71.9;73.1;-3;-3.3;-2.9;-3.6;-6.5;283.3333333;188.8888889;188.8888889;4.2
3497400;-5;-2;0;0;-5.5;-2.3;-1.5;-6.1;69.6;73.1;-2.4;-2.8;-2.4;-3.1;-6.5;283.3333333;188.8888889;188.8888889;4.2
3498300;-5;-3;0;0;-5.1;-3.7;-1.7;-5.9;70.2;73.1;-1.9;-2.4;-1.9;-2.6;-6.5;283.3333333;188.8888889;188.8888889;4.2
3499200;-6;-4;27;70;-6.3;-4.6;-1.6;-5.6;70.1;93;-3;-3.2;-2.9;-3.4;-6.4;283.3333333;163.8888889;163.8888889;4.3
3500100;-7;-3;0;0;-6.4;-4.5;-1.6;-5.5;69.4;98;-3.1;-3.3;-2.9;-3.6;-6.4;283.3333333;163.8888889;163.8888889;4.3
3501000;-5;-3;0;0;-5.5;-3.5;-1.8;-5.8;69.2;98;-2.5;-2.8;-2.4;-3.1;-6.4;283.3333333;163.8888889;163.8888889;4.3
3501900;-5;-3;0;0;-5.1;-3.5;-2.1;-6.2;68;98;-2;-2.4;-1.9;-2.7;-6.4;283.3333333;163.8888889;163.8888889;4.3
3502800;-6;-4;25;60;-6;-4.3;-2.5;-6;68.1;102.2;-2.8;-3;-2.6;-3.1;-7.1;280.5555556;69.44444444;69.44444444;4.1
3503700;-7;-4;0;0;-6.5;-4.9;-2.5;-5.9;69.2;103.2;-3.4;-3.6;-3.2;-3.7;-7.1;280.5555556;69.44444444;69.44444444;4.1
3504600;-6;0;0;0;-5.7;-0.4;-2.8;-5.9;69.7;103.2;-2.9;-3.2;-2.7;-3.3;-7.1;280.5555556;69.44444444;69.44444444;4.1
3505500;-5;-1;0;0;-5.2;-1.3;-2.9;-5.9;70.2;103.2;-2.4;-2.8;-2.3;-2.8;-7.1;280.5555556;69.44444444;69.44444444;4.1
3506400;-5;-3;1;3;-5;-3.2;-3.2;-5.7;70.5;89.1;-2;-2.5;-2;-2.4;-7.5;280.5555556;55.55555556;55.55555556;3.4
3507300;-7;-5;25;55;-6.9;-5.2;-3.5;-5.7;71.9;85.6;-3.8;-4;-3.6;-4.1;-7.5;280.5555556;55.55555556;55.55555556;3.4
3508200;-7;-3;0;0;-6.6;-4.7;-3.7;-6;73.4;85.6;-3.8;-4;-3.6;-4;-7.5;280.5555556;55.55555556;55.55555556;3.4
3509100;-6;-3;0;0;-5.8;-3.9;-3.7;-6.4;75.3;85.6;-3.3;-3.6;-3.1;-3.5;-7.5;280.5555556;55.55555556;55.55555556;3.4
3510000;-5;-3;0;0;-5.4;-3.9;-3.7;-6.4;75.5;67.4;-2.7;-3.2;-2.6;-3;-7.7;277.7777778;13.88888889;13.88888889;3.3
3510900;-5;-3;0;0;-5.1;-3.9;-3.8;-6.4;76.7;62.8;-2.2;-2.7;-2.2;-2.5;-7.7;277.7777778;13.88888889;13.88888889;3.3
3511800;-6;-3;17;34;-5.7;-4.2;-4.2;-6.8;77.2;62.8;-2.9;-3.2;-2.7;-3.2;-7.7;277.7777778;13.88888889;13.88888889;3.3
3512700;-7;-3;9;16;-7.2;-4.2;-4.5;-7.3;76.8;62.8;-4.4;-4.7;-4.3;-4.6;-7.7;277.7777778;13.88888889;13.88888889;3.3
3513600;-7;-1;4;11;-6.5;-1.3;-4.8;-7.1;76.8;37.2;-4.1;-4.4;-4;-4.2;-7.7;277.7777778;0;0;2.9
3514500;-8;-7;24;44;-8;-6.7;-4.9;-7;77.2;30.8;-5.1;-5.3;-4.9;-5.5;-7.7;277.7777778;0;0;2.9
3515400;-7;-4;0;0;-7.1;-4.9;-4.8;-7.2;77.2;30.8;-5;-5.3;-4.8;-5.2;-7.7;277.7777778;0;0;2.9
3516300;-6;-3;0;0;-6.4;-4.3;-4.5;-7.4;77;30.8;-4.5;-4.8;-4.3;-4.7;-7.7;277.7777778;0;0;2.9
3517200;-6;-3;7;18;-6.4;-4.4;-4.8;-7.2;76.5;7.3;-4.2;-4.6;-4.1;-4.6;-7.8;-2775;0;0;3
3518100;-8;-7;19;35;-8.2;-7.1;-4.9;-7.2;76.8;1.4;-5.5;-5.7;-5.3;-5.8;-7.8;-2775;0;0;3
3519000;-7;-4;0;0;-7.2;-5;-5;-7.4;75.4;1.4;-5.2;-5.5;-5.1;-5.4;-7.8;-2775;0;0;3
3519900;-6;-3;0;0;-6.5;-4.3;-5;-7.7;75.2;1.4;-4.7;-5.1;-4.6;-4.9;-7.8;-2775;0;0;3
3520800;-8;-6;29;50;-8;-6.3;-4.5;-7.8;76.3;0.3;-5.4;-5.5;-5.2;-5.6;-7.4;-2775;0;0;2.5
3521700;-7;-3;0;0;-7.5;-4.1;-4.2;-7.8;74;0;-5.7;-5.9;-5.6;-5.9;-7.4;-2775;0;0;2.5
3522600;-6;-3;0;0;-6.6;-2.6;-4.4;-8;72.7;0;-5.1;-5.5;-5;-5.5;-7.4;-2775;0;0;2.5
3523500;-6;-3;0;0;-6.3;-3.7;-4.4;-8.2;72.7;0;-4.5;-5;-4.5;-5;-7.4;-2775;0;0;2.5
3524400;-6;-3;0;0;-6.1;-4.1;-4.2;-8.5;72.3;0;-4;-4.5;-4;-4.4;-7.1;-2775;0;0;2.6
3525300;-8;-6;27;54;-8;-6.4;-4.2;-8.6;72.1;0;-5.4;-5.6;-5.3;-5.9;-7.1;-2775;0;0;2.6
3526200;-7;-5;0;0;-7.4;-5.9;-4;-8.5;72.7;0;-5.5;-5.8;-5.4;-5.7;-7.1;-2775;0;0;2.6
3527100;-7;-4;0;0;-6.7;-4.6;-3.8;-8.4;71.5;0;-5;-5.3;-4.9;-5.3;-7.1;-2775;0;0;2.6
3528000;-6;-3;0;0;-6.2;-4.5;-3.7;-8.9;70.8;0;-4.3;-4.9;-4.4;-4.7;-7;258.3333333;0;0;0.7
3528900;-7;-4;7;22;-6.6;-4.6;-3.8;-9;71.4;0;-4.3;-4.7;-4.3;-4.8;-7;258.3333333;0;0;0.7
3529800;-8;-6;16;32;-8.2;-6.2;-3.6;-8.6;71.5;0;-5.6;-5.8;-5.5;-5.8;-7;258.3333333;0;0;0.7
3530700;-7;-3;0;0;-7.1;-2.8;-3.6;-8.1;71.5;0;-5.2;-5.5;-5.1;-5.5;-7;258.3333333;0;0;0.7
3531600;-6;-3;0;0;-6.4;-3.4;-3.7;-8.7;72.2;0;-4.6;-5.1;-4.6;-5;-7.9;222.2222222;0;0;1
3532500;-6;-3;0;0;-6.2;-4;-4.3;-8.8;71.3;0;-4.1;-4.7;-4.1;-4.4;-7.9;222.2222222;0;0;1
3533400;-8;-5;27;52;-7.5;-5.7;-4.6;-8.3;69.6;0;-5;-5.2;-4.8;-5.3;-7.9;222.2222222;0;0;1
3534300;-8;-6;0;0;-7.7;-6.5;-5.2;-7.6;68.1;0;-5.7;-5.9;-5.5;-5.8;-7.9;222.2222222;0;0;1
3535200;-7;-4;0;0;-6.8;-4.7;-5.7;-8.3;69.2;0;-5.3;-5.5;-5.1;-5.3;-8.3;263.8888889;0;0;2.1
3536100;-6;-3;0;0;-6.5;-4.4;-5.9;-8.5;71;0;-4.7;-5;-4.5;-4.8;-8.3;263.8888889;0;0;2.1
3537000;-6;-3;0;1;-6.5;-4;-5.7;-8.2;72;0;-4;-4.5;-4;-4.3;-8.3;263.8888889;0;0;2.1
3537900;-7;-2.5;0;0.5;-7.1;-3.1;-5.5;-7.15;71.2;0;-4.95;-5.4;-4.95;-5.25;-8.3;263.8888889;0;0;2.1
3538800;-8;-2;0;0;-7.7;-2.2;-5.3;-6.1;70.4;0;-5.9;-6.3;-5.9;-6.2;-8.3;250;0;0;2.2
3539700;-7;-3;0;0;-7;-2.4;-5.2;-5.7;70.2;0;-5.5;-5.9;-5.4;-5.7;-8.3;250;0;0;2.2
3540600;-6;-4;0;0;-6.8;-4.2;-5.2;-5.7;69.2;0;-4.9;-5.4;-4.8;-5.2;-8.3;250;0;0;2.2
3541500;-6;-3;0;0;-6.4;-4.2;-5.2;-5.7;67;0;-4.3;-4.8;-4.3;-4.6;-8.3;250;0;0;2.2
3542400;-8;-5;28;53;-7.9;-5.7;-5.3;-5.7;68;0;-5.4;-5.5;-5.3;-5.8;-9;211.1111111;0;0;1
3543300;-8;-6;0;0;-8.2;-6.9;-5.2;-5.7;68.7;0;-6.1;-6.5;-6.1;-6.3;-9;211.1111111;0;0;1
3544200;-7;-4;0;0;-7.2;-5.1;-5.3;-5.7;69.5;0;-5.7;-6.1;-5.6;-5.8;-9;211.1111111;0;0;1
3545100;-7;-4;0;0;-6.9;-4.9;-6.1;-5.7;70.8;0;-5.1;-5.6;-5.1;-5.3;-9;211.1111111;0;0;1
3546000;-6;-3;0;0;-6.6;-4.5;-6.9;-6.2;72.5;0;-4.5;-5.1;-4.6;-4.8;-9.3;230.5555556;0;0;0.8
3546900;-6;-1;1;8;-6.4;-1.5;-7.4;-6.3;73.7;0;-4.1;-4.7;-4.2;-4.4;-9.3;230.5555556;0;0;0.8
3547800;-9;-8;26;40;-9.2;-8;-7.8;-6.3;74.2;0;-6.9;-7.1;-6.7;-7.3;-9.3;230.5555556;0;0;0.8
3548700;-8;-5;0;0;-7.9;-6.5;-8.1;-6.3;75;0;-6.8;-7.2;-6.8;-6.9;-9.3;230.5555556;0;0;0.8
3549600;-7;-5;0;0;-7.2;-5.6;-8;-8.5;76;0;-6.2;-6.7;-6.1;-6.3;-9.6;227.7777778;0;0;0.4
3550500;-7;-4;0;0;-7;-5;-7.5;-9;75.5;0;-5.5;-6.1;-5.5;-5.8;-9.6;227.7777778;0;0;0.4
3551400;-7;-3;0;0;-6.6;-3.9;-7.4;-9;75.8;0;-4.9;-5.5;-4.9;-5.2;-9.6;227.7777778;0;0;0.4
3552300;-7;-2;0;0;-7.1;-2;-7.4;-8.9;76;0;-4.1;-4.7;-4.4;-4.7;-9.6;227.7777778;0;0;0.4
3553200;-8;-6;26;45;-8.6;-5.4;-7.3;-9;76.1;0;-6.1;-6.1;-6.2;-6.7;-9.7;222.2222222;0;0;0.9
3554100;-8;-7;1;0;-8.5;-8;-7.2;-9;76.4;0;-7.2;-7.8;-7.4;-7.5;-9.7;222.2222222;0;0;0.9
3555000;-8;-4;0;0;-7.9;-5.1;-7.4;-9.1;76;0;-6.5;-7.4;-6.9;-6.9;-9.7;222.2222222;0;0;0.9
3555900;-7;-2;0;0;-7.4;-1.5;-7.5;-9.3;76.9;0;-5.9;-6.9;-6.3;-6.4;-9.7;222.2222222;0;0;0.9
3556800;-7;-3;0;0;-7.3;-2.8;-7.4;-9.5;77;0;-5.5;-6.3;-5.7;-5.8;-10.6;205.5555556;0;0;1.3
3557700;-7;-3;0;0;-7.3;-3.7;-7.4;-9.5;77;0;-4.8;-5.7;-5.1;-5.3;-10.6;205.5555556;0;0;1.3
3558600;-7;-2;0;0;-7.2;-1.9;-7.5;-9.6;77.1;0;-4.4;-4.1;-4.6;-4.7;-10.6;205.5555556;0;0;1.3
3559500;-9;-8;27;45;-9.3;-7.9;-7.9;-9.8;77.6;0;-7.5;-7.9;-7.5;-7.8;-10.6;205.5555556;0;0;1.3
3560400;-8;-7;0;0;-8.5;-7.3;-8.3;-10;78.1;0;-7.7;-8.1;-7.6;-7.6;-10.7;222.2222222;0;0;1.5
3561300;-8;-5;0;0;-7.9;-6;-8.6;-10.1;79.5;0;-7.2;-7.6;-7;-7;-10.7;222.2222222;0;0;1.5
3562200;-7;-4;0;0;-7.5;-5.6;-8.9;-10.1;80;0;-6.6;-7;-6.4;-6.5;-10.7;222.2222222;0;0;1.5
3563100;-7;-4;0;0;-7.4;-5.1;-9;-10.1;80.1;0;-5.8;-6.5;-5.8;-5.9;-10.7;222.2222222;0;0;1.5
3564000;-7;0;0;0;-7.1;-1.4;-9.1;-10.3;80.5;0;-5.1;-5.9;-5.2;-5.3;-10.8;205.5555556;19.44444444;33.33333333;1.4
3564900;-6;0;0;0;-6.7;-1;-8.6;-10.3;80.8;0;-4.6;-4.7;-4.7;-4.8;-10.8;205.5555556;19.44444444;33.33333333;1.4
3565800;-9;-5;26;46;-8.7;-5.5;-8.8;-10.5;79.6;0;-6.7;-6.5;-6.6;-7.1;-10.8;205.5555556;19.44444444;33.33333333;1.4
3566700;-9;-8;0;0;-8.8;-8.7;-9;-10.9;80.3;0;-8.1;-8.5;-8.1;-8.1;-10.8;205.5555556;19.44444444;33.33333333;1.4
3567600;-8;-6;0;0;-8.2;-6.5;-8.9;-10.7;80.5;1.9;-7.5;-8.2;-7.5;-7.6;-9.9;208.3333333;47.22222222;161.1111111;2
3568500;-8;-5;0;0;-7.7;-6;-8.5;-10.7;80.5;2.4;-6.7;-7.6;-6.8;-7;-9.9;208.3333333;47.22222222;161.1111111;2
3569400;-7;-4;0;0;-7.6;-5.6;-7.9;-10.7;80.7;2.4;-5.8;-7;-6.2;-6.5;-9.9;208.3333333;47.22222222;161.1111111;2
3570300;-7;-3;0;0;-7.3;-4.6;-6.8;-10.6;80.8;2.4;-4.9;-6.3;-5.6;-5.9;-9.9;208.3333333;47.22222222;161.1111111;2
3571200;-7;-2;0;0;-7;-3;-5.8;-10.3;79.1;56.9;-4.2;-5.5;-4.9;-5.3;-8.7;211.1111111;63.88888889;197.2222222;2
3572100;-6;-3;9;15;-6.7;-2.5;-5.2;-10.2;76;70.5;-4.4;-5.1;-5;-5.1;-8.7;211.1111111;63.88888889;197.2222222;2
3573000;-9;-8;18;25;-9;-8.4;-4.7;-10.3;73.7;70.5;-6.3;-7;-6.6;-6.8;-8.7;211.1111111;63.88888889;197.2222222;2
3573900;-8;-2;0;0;-7.9;-2.6;-4.5;-10.4;71.4;70.5;-5.5;-5.8;-5.8;-6.3;-8.7;211.1111111;63.88888889;197.2222222;2
3574800;-7;-3;0;0;-7.5;-2.5;-4.2;-9.7;70.4;145.7;-4.9;-5.2;-5;-5.9;-7.6;213.8888889;72.22222222;327.7777778;1.9
3575700;-7;-5;0;0;-7.1;-4.8;-3.6;-9.5;68.5;164.5;-4.1;-4.9;-4.1;-5.3;-7.6;213.8888889;72.22222222;327.7777778;1.9
3576600;-7;-5;20;44;-7;-5.4;-3.5;-9.3;67.2;164.4;-3.7;-4.2;-3.6;-4.5;-7.6;213.8888889;72.22222222;327.7777778;1.9
3577500;-8;-6;18;35;-8.2;-6.6;-3.6;-9;67.1;164.3;-4.6;-4.9;-4.7;-5;-7.6;213.8888889;72.22222222;327.7777778;1.9
3578400;-7;-4;9;18;-7.4;-5.1;-3.3;-7.9;66.7;231.9;-3.8;-3.8;-3.8;-4.6;-5.4;219.4444444;75;402.7777778;2.2
3579300;-8;-6;41;84;-8.2;-6.4;-2.7;-7.6;63.8;248.8;-4.6;-4.9;-4.6;-4.9;-5.4;219.4444444;75;402.7777778;2.2
3580200;-8;-5;0;0;-7.6;-5.9;-2.5;-7.4;61.5;250.2;-4.1;-4.3;-4.1;-5.2;-5.4;219.4444444;75;402.7777778;2.2
3581100;-7;-5;29;63;-7.6;-5.1;-2.6;-7.1;60.7;252.4;-3.8;-4.1;-3.8;-4.3;-5.4;219.4444444;75;402.7777778;2.2
3582000;-8;-7;37;75;-8.3;-6.6;-2.5;-5.7;61;314;-4.7;-5;-4.7;-5.1;-5.4;222.2222222;72.22222222;405.5555556;2.6
3582900;-7;-4;3;7;-7.4;-5;-2.3;-5.4;61.4;329.4;-3.9;-4.1;-3.8;-4.9;-5.4;222.2222222;72.22222222;405.5555556;2.6
3583800;-8;-6;42;91;-7.9;-6;-2.1;-5.6;62;329.4;-4.1;-4.5;-4.2;-4.5;-5.4;222.2222222;72.22222222;405.5555556;2.6
3584700;-8;-7;30;61;-8.2;-6.7;-2.2;-5.8;61.1;329.4;-4.7;-5;-4.7;-5.3;-5.4;222.2222222;72.22222222;405.5555556;2.6
3585600;-7;-4;8;18;-7.2;-5.3;-2.2;-4.8;59.6;344.1;-3.7;-3.9;-3.5;-4.7;-4.6;222.2222222;69.44444444;363.8888889;2.2
3586500;-8;-6;42;89;-7.9;-6;-2.2;-4.6;59;347.8;-4.1;-4.4;-4.2;-4.6;-4.6;222.2222222;69.44444444;363.8888889;2.2
3587400;-9;-7;40;82;-8.4;-6.7;-1.5;-4.4;58.6;347.8;-4.8;-5;-4.8;-5.2;-4.6;222.2222222;69.44444444;363.8888889;2.2
3588300;-7;-5;0;0;-7.2;-5.5;-1.7;-4.2;58.1;347.8;-4.1;-4.3;-3.8;-5.2;-4.6;222.2222222;69.44444444;363.8888889;2.2
3589200;-7;-5;32;69;-7.3;-5.1;-1.6;-3.7;59.5;335.9;-3.6;-3.8;-3.5;-4.2;-3.9;227.7777778;77.77777778;280.5555556;2.1
3590100;-8;-6;42;87;-8.1;-6.3;-1.5;-3.6;59;332.9;-4.5;-4.7;-4.4;-4.9;-3.9;227.7777778;77.77777778;280.5555556;2.1
3591000;-7;-5;5;9;-7.3;-5.6;-1.5;-3.6;59.6;332.9;-4.6;-4.8;-4.3;-5.4;-3.9;227.7777778;77.77777778;280.5555556;2.1
3591900;-7;-3;5;16;-6.7;-2.9;-1;-3.6;58.1;332.9;-3.8;-3.8;-3.2;-4.5;-3.9;227.7777778;77.77777778;280.5555556;2.1
3592800;-8;-6;42;89;-7.7;-5.7;-1.1;-3.5;57.2;285.5;-4;-4.3;-3.9;-4.4;-3.4;244.4444444;91.66666667;141.6666667;3.4
3593700;-8;-6;20;40;-8;-6.7;-1.4;-3.5;58.4;273.7;-4.8;-5;-4.6;-5.5;-3.4;244.4444444;91.66666667;141.6666667;3.4
3594600;-7;-3;0;0;-6.9;-4.3;-1.7;-3.9;59.2;273.7;-4.4;-4.5;-4;-5.1;-3.4;244.4444444;91.66666667;141.6666667;3.4
3595500;-6;-4;14;30;-6.7;-4.3;-1.6;-4.4;59.6;273.7;-3.9;-4.1;-3.6;-4.6;-3.4;244.4444444;91.66666667;141.6666667;3.4
3596400;-8;-7;36;74;-8.1;-6.5;-1.3;-4.4;59.6;212.5;-4.7;-4.9;-4.5;-5.2;-4.1;261.1111111;36.11111111;36.11111111;2.3
3597300;-7;-4;0;0;-7.3;-5.5;-1.5;-4.4;60.1;197.2;-4.6;-4.7;-4.2;-5.4;-4.1;261.1111111;36.11111111;36.11111111;2.3
3598200;-6;-3;0;0;-6.5;-4.3;-1.9;-4.2;62.8;197.2;-4.1;-4.2;-3.8;-4.9;-4.1;261.1111111;36.11111111;36.11111111;2.3
3599100;-7;-6;33;70;-7.5;-5.5;-2;-3.9;63.8;197.2;-4.1;-4.4;-4;-4.8;-4.1;261.1111111;36.11111111;36.11111111;2.3
3600000;-8;-5;7;12;-7.8;-5.8;-2.1;-4.5;64.7;113.9;-4.8;-5;-4.7;-5.5;-4.7;233.3333333;0;0;1.3
3600900;-7;-3;0;0;-6.8;-3.8;-2.3;-4.6;65.5;93.1;-4.4;-4.6;-4.2;-5;-4.7;233.3333333;0;0;1.3
3601800;-6;-4;6;20;-6.6;-4.5;-2.4;-4.4;66.1;93.1;-4;-4.3;-3.8;-4.7;-4.7;233.3333333;0;0;1.3
3602700;-8;-7;22;44;-8;-6.6;-2.1;-4;67.7;93.1;-4.8;-5.1;-4.7;-5.6;-4.7;233.3333333;0;0;1.3
3603600;-7;-4;0;0;-7.2;-5.2;-2.4;-4.6;66.9;31.1;-4.7;-4.9;-4.5;-5.2;-5.7;197.2222222;0;0;1.2
3604500;-6;-4;0;0;-6.5;-4.3;-3;-4.8;69.1;8.5;-4.2;-4.6;-4;-4.7;-5.7;197.2222222;0;0;1.2
3605400;-7;-5;14;47;-7.3;-5.2;-3.2;-4.8;69.7;8.5;-4.3;-4.7;-4.1;-5.1;-5.7;197.2222222;0;0;1.2
3606300;-8;-6;3;6;-7.9;-6.4;-3.3;-4.8;70.6;8.5;-5.1;-5.4;-5;-5.6;-5.7;197.2222222;0;0;1.2
3607200;-7;-3;0;0;-6.9;-4.5;-3.5;-4.9;72.1;2.3;-4.6;-5;-4.5;-5.2;-6.1;194.4444444;0;0;1.2
3608100;-6;0;0;0;-6.4;-1;-3.6;-4.9;72.6;0;-4;-4.5;-4;-4.6;-6.1;194.4444444;0;0;1.2
3609000;-8;-5;27;61;-7.5;-4.9;-3.8;-4.9;73.3;0;-4.6;-5.1;-4.6;-5.5;-6.1;194.4444444;0;0;1.2
3609900;-8;-6;0;0;-7.8;-6.5;-3.9;-4.8;74.1;0;-5.3;-5.7;-5.2;-5.8;-6.1;194.4444444;0;0;1.2
3610800;-7;-4;0;0;-6.9;-5;-4.4;-5.5;74;0;-4.7;-5.3;-4.7;-5.3;-7.4;191.6666667;0;0;0.9
3611700;-6;-4;0;0;-6.5;-4.7;-4.8;-5.8;74.7;0;-4.1;-4.8;-4.2;-4.8;-7.4;191.6666667;0;0;0.9
3612600;-7;-4;18;35;-7.4;-5.3;-5.1;-6.1;76.4;0;-4.5;-5;-4.5;-5.2;-7.4;191.6666667;0;0;0.9
3613500;-8;-7;9;19;-8.3;-7.1;-4.8;-6.6;75.1;0;-5.7;-6.1;-5.7;-6.2;-7.4;191.6666667;0;0;0.9
3614400;-7;-4;0;0;-7.4;-5.3;-4.7;-6.5;74.4;0;-5.2;-5.8;-5.3;-5.7;-7.9;188.8888889;0;0;1.3
3615300;-7;-4;0;0;-6.8;-5;-4.9;-6.5;73.9;0;-4.7;-5.3;-4.8;-5.2;-7.9;188.8888889;0;0;1.3
3616200;-6;-1;0;0;-6.7;-2.6;-5.5;-6.3;74.7;0;-4.2;-4.8;-4.2;-4.7;-7.9;188.8888889;0;0;1.3
3617100;-7;-4;21;44;-7.6;-3.5;-5.9;-5.9;76;0;-4.8;-5.3;-4.6;-5.4;-7.9;188.8888889;0;0;1.3
3618000;-8;-7;9;11;-8.5;-7.6;-6.3;-6.4;76.9;0;-6.3;-6.6;-6.1;-6.4;-8.9;188.8888889;0;0;1.1
3618900;-7;-5;0;0;-7.5;-5.7;-6.6;-6.6;78.2;0;-5.9;-6.3;-5.7;-6;-8.9;188.8888889;0;0;1.1
3619800;-7;-4;0;0;-7;-5.1;-6.7;-7.1;79.3;0;-5.2;-5.7;-5.1;-5.5;-8.9;188.8888889;0;0;1.1
3620700;-6;-4;0;0;-6.7;-4.9;-6.9;-8;79.6;0;-4.6;-5.2;-4.6;-4.9;-8.9;188.8888889;0;0;1.1
3621600;-6;-2;0;0;-6.5;-3.8;-7.1;-8.7;80.3;0;-3.9;-4.7;-4;-4.4;-8.6;188.8888889;0;0;0.7
3622500;-9;-8;27;47;-9;-7.7;-7.1;-8.9;80.6;0;-6.7;-7;-6.4;-7.3;-8.6;188.8888889;0;0;0.7
3623400;-8;-6;0;0;-8.2;-6.8;-7.1;-8.9;80.6;0;-6.8;-7.1;-6.7;-6.8;-8.6;188.8888889;0;0;0.7
3624300;-7.5;-3.5;0;0;-7.65;-4.05;-7.3;-7.75;80.65;0;-6.15;-6.6;-6.1;-6.25;-8.6;188.8888889;0;0;0.7
3625200;-7;-1;0;0;-7.1;-1.3;-7.5;-6.6;80.7;0;-5.5;-6.1;-5.5;-5.7;-9;188.8888889;0;0;0.6
3626100;-7;-2;0;0;-7;-2.1;-7.6;-5.7;80.8;0;-4.8;-5.5;-4.9;-5.2;-9;188.8888889;0;0;0.6
3627000;-7;-2;0;0;-7;-2.5;-7.5;-5.7;81.3;0;-4.3;-4.9;-4.4;-4.7;-9;188.8888889;0;0;0.6
3627900;-8;-5;26;49;-8.6;-5.3;-7.5;-5.7;82.1;0;-5.9;-6.2;-5.9;-6.5;-9;188.8888889;0;0;0.6
3628800;-9;-7;2;2;-8.9;-8.2;-7.8;-5.7;81.4;0;-7.3;-7.7;-7.3;-7.4;-10.2;188.8888889;0;0;0.8
3629700;-8;-5;0;0;-7.9;-6.1;-8;-5.7;81.3;0;-6.7;-7.3;-6.8;-6.9;-10.2;188.8888889;0;0;0.8
3630600;-7;-5;0;0;-7.6;-6.1;-7.9;-5.7;82.3;0;-6.1;-6.8;-6.2;-6.3;-10.2;188.8888889;0;0;0.8
3631500;-7;-4;0;0;-7.3;-5.3;-7.8;-5.7;82.2;0;-5.5;-6.2;-5.5;-5.7;-10.2;188.8888889;0;0;0.8
3632400;-7;-3;0;0;-7.1;-3.9;-7.8;-6.1;81.7;0;-4.9;-5.6;-4.9;-5.2;-10.5;188.8888889;0;0;0.7
3633300;-6;-1;0;0;-6.8;-1.1;-7.9;-6.3;81.3;0;-4.4;-4.9;-4.5;-4.7;-10.5;188.8888889;0;0;0.7
3634200;-8;-4;22;47;-7.9;-4.1;-7.9;-6.3;81.3;0;-5.8;-6.1;-5.7;-6.3;-10.5;188.8888889;0;0;0.7
3635100;-9;-8;6;9;-9.1;-8.7;-8.1;-6.3;81.4;0;-7.5;-8.1;-7.5;-7.7;-10.5;188.8888889;0;0;0.7
3636000;-8;-6;0;0;-8.2;-6.5;-8;-9;82.8;0;-7.1;-7.8;-7.1;-7.2;-10.4;188.8888889;0;0;0.8
3636900;-7;-5;0;0;-7.7;-6.1;-8;-10;81.7;0;-6.4;-7.2;-6.5;-6.6;-10.4;188.8888889;0;0;0.8
3637800;-7;-4;0;0;-7.5;-5.5;-8.2;-10.2;82;0;-5.8;-6.7;-5.8;-6.1;-10.4;188.8888889;0;0;0.8
3638700;-7;-3;0;0;-7.4;-4.6;-8.4;-10.6;81.4;0;-5;-6.1;-5.2;-5.5;-10.4;188.8888889;0;0;0.8
3639600;-7;-2;0;0;-7;-2.8;-8.4;-10.7;81.3;0;-4.5;-5.4;-4.7;-5;-10.5;186.1111111;0;0;1.2
3640500;-6;-2;1;5;-6.4;-1.5;-8.4;-10.8;82.2;0;-4.3;-4.9;-4.8;-4;-10.5;186.1111111;0;0;1.2
3641400;-9;-8;25;38;-9.8;-8.6;-8.4;-10.8;82.7;0;-7.9;-8.2;-7.7;-8.4;-10.5;186.1111111;0;0;1.2
3642300;-9;-4;0;0;-8.6;-4;-8.5;-10.8;82.4;0;-7.7;-8.2;-7.8;-7.8;-10.5;186.1111111;0;0;1.2
3643200;-8;-4;0;0;-8.1;-4.1;-8.8;-10.9;81.9;0;-7.2;-7.8;-7.2;-7.3;-10.9;186.1111111;0;0;1.4
3644100;-8;-5;0;0;-7.8;-5.6;-9;-10.9;82;0;-6.5;-7.2;-6.6;-6.7;-10.9;186.1111111;0;0;1.4
3645000;-7;-4;0;0;-7.8;-5.2;-9.1;-10.8;82.3;0;-5.8;-6.7;-5.9;-6.2;-10.9;186.1111111;0;0;1.4
3645900;-7;-2;0;0;-7.8;-3.6;-9.2;-10.6;81.8;0;-5.2;-6;-5.3;-5.6;-10.9;186.1111111;0;0;1.4
3646800;-7;-2;0;0;-7.4;-1.7;-9.2;-10.7;82;0;-4.7;-4.3;-4.9;-5.1;-11.3;183.3333333;0;0;1.8
3647700;-8;-4;17;28;-7.8;-3.9;-9;-10.8;82.8;0;-5.9;-5.4;-6.1;-6.4;-11.3;183.3333333;0;0;1.8
3648600;-10;-9;11;17;-9.8;-9.6;-9.1;-10.8;81.8;0;-8.2;-8.8;-8.3;-8.5;-11.3;183.3333333;0;0;1.8
3649500;-8;-6;0;0;-8.6;-7.1;-9;-10.8;82.5;0;-7.8;-8.8;-8;-8;-11.3;183.3333333;0;0;1.8
3650400;-8;-2;0;0;-8;-3.3;-9.2;-10.8;81.1;0;-7.2;-8.2;-7.4;-7.5;-11.1;183.3333333;25;47.22222222;2.1
3651300;-7;-3;0;0;-7.8;-2.4;-9.1;-10.8;81.8;0;-6.4;-7.6;-6.8;-6.9;-11.1;183.3333333;25;47.22222222;2.1
3652200;-7;-2;0;0;-7.4;-2.7;-9.2;-10.9;81.4;0;-5.8;-7;-6.1;-6.3;-11.1;183.3333333;25;47.22222222;2.1
3653100;-7;-2;0;0;-7.3;-2.3;-9.1;-11;81.6;0;-5.2;-6.3;-5.5;-5.8;-11.1;183.3333333;25;47.22222222;2.1
3654000;-7;-3;0;0;-6.7;-2.4;-8.8;-10.7;81.6;3.6;-5;-5.9;-5.4;-5;-9.6;186.1111111;55.55555556;216.6666667;3.7
3654900;-7;-7;0;0;-5.8;-5.5;-8.1;-10.6;81.2;5.4;-5.1;-6.8;-6.2;-3.8;-9.6;186.1111111;55.55555556;216.6666667;3.7
3655800;-6;-7;0;0;-4.6;-5.7;-7.5;-10.6;79.5;5.4;-4.4;-8.5;-7;-1.8;-9.6;186.1111111;55.55555556;216.6666667;3.7
3656700;-6;-6;0;0;-4;-5.3;-7;-10.6;77.8;5.4;-3.2;-9.1;-7.3;-0.7;-9.6;186.1111111;55.55555556;216.6666667;3.7
3657600;-6;-6;1;0;-5.1;-6;-6.8;-10.1;76;61.3;-2.8;-8.8;-6.7;-0.1;-8.9;186.1111111;75;341.6666667;5.5
3658500;-8;-7;28;41;-8.1;-7.5;-6.4;-9.8;74.9;89.3;-5.1;-7.6;-6.5;-4.4;-8.9;186.1111111;75;341.6666667;5.5
3659400;-8;-7;0;0;-8.1;-7.7;-6;-10.2;73.5;89.3;-6.3;-6.4;-6.3;-7.2;-8.9;186.1111111;75;341.6666667;5.5
3660300;-7;-2;0;0;-7.3;-2.3;-5.8;-10.4;72.8;89.3;-5.6;-5.4;-5.6;-6.7;-8.9;186.1111111;75;341.6666667;5.5
3661200;-7;-3;0;0;-6.9;-2.6;-5.4;-9.5;71.7;165.6;-4.9;-5.1;-4.8;-6.1;-7.3;188.8888889;83.33333333;427.7777778;4.6
3662100;-6;-5;0;0;-6.7;-5.3;-4.9;-9;70.1;203.7;-4.1;-4.6;-3.8;-5.6;-7.3;188.8888889;83.33333333;427.7777778;4.6
3663000;-7;-6;20;43;-6.8;-5.8;-4.8;-8.6;68.8;211.1;-3.7;-4.2;-3.6;-4.8;-7.3;188.8888889;83.33333333;427.7777778;4.6
3663900;-8;-6;18;35;-8.2;-6.7;-4.4;-8.4;68.2;214.8;-4.7;-4.9;-4.7;-5.1;-7.3;188.8888889;83.33333333;427.7777778;4.6
3664800;-7;-4;4;10;-7.4;-5.5;-3.9;-7.7;66.4;272.5;-3.7;-3.8;-3.8;-4.7;-5.4;194.4444444;80.55555556;486.1111111;5.5
3665700;-8;-6;42;90;-8.1;-6.1;-3.6;-7.3;64.5;301.4;-4.3;-4.7;-4.4;-4.6;-5.4;194.4444444;80.55555556;486.1111111;5.5
3666600;-8;-6;11;21;-8.1;-6.5;-3.3;-7.7;63.3;304.7;-4.5;-4.6;-4.4;-5.2;-5.4;194.4444444;80.55555556;486.1111111;5.5
3667500;-8;-5;21;47;-7.6;-5.3;-2.8;-7.9;61.7;306.3;-3.7;-3.9;-3.7;-4.3;-5.4;194.4444444;80.55555556;486.1111111;5.5
3668400;-8;-6;42;87;-8.2;-6.3;-2.5;-7.1;59.9;349.8;-4.4;-4.7;-4.5;-4.8;-3.9;197.2222222;83.33333333;486.1111111;5.6
3669300;-9;-7;24;48;-8.2;-6.7;-2.2;-6.7;59;371.5;-4.6;-4.9;-4.6;-5.3;-3.9;197.2222222;83.33333333;486.1111111;5.6
3670200;-7;-4;13;36;-7.5;-5.2;-2.1;-6.4;58.1;371.5;-3.7;-3.7;-3.5;-4.5;-3.9;197.2222222;83.33333333;486.1111111;5.6
3671100;-8;-6;42;90;-7.9;-6;-1.9;-6.2;57.2;371.5;-4.1;-4.4;-4.2;-4.6;-3.9;197.2222222;83.33333333;486.1111111;5.6
3672000;-9;-7;42;88;-8.5;-6.6;-1.7;-5.5;57;383.3;-4.6;-4.9;-4.7;-5.2;-3.4;200;77.77777778;441.6666667;5.6
3672900;-8;-6;9;18;-7.7;-6.4;-1.5;-5.2;55.7;389.2;-4.4;-4.5;-4.2;-5.3;-3.4;200;77.77777778;441.6666667;5.6
3673800;-7;-4;21;45;-7.3;-4.9;-1.4;-4.7;54.7;389.2;-3.5;-3.7;-3.4;-4.3;-3.4;200;77.77777778;441.6666667;5.6
3674700;-8;-6;42;90;-7.9;-6;-1.2;-4.5;52.2;389.2;-4;-4.3;-4.1;-4.6;-3.4;200;77.77777778;441.6666667;5.6
3675600;-9;-7;42;89;-8.4;-6.4;-1.1;-3.8;51.1;393.7;-4.5;-4.8;-4.5;-5;-3.4;197.2222222;77.77777778;336.1111111;5
3676500;-9;-7;38;79;-8.5;-6.9;-1;-3.5;49.8;396;-4.8;-5.1;-4.8;-5.4;-3.4;197.2222222;77.77777778;336.1111111;5
3677400;-7;-3;0;0;-7.3;-3.3;-0.8;-3.5;50.4;396;-4.2;-4.3;-3.8;-5.2;-3.4;197.2222222;77.77777778;336.1111111;5
3678300;-7;-4;29;64;-7.1;-4.2;-0.8;-3.5;51.4;396;-3.4;-3.6;-3.3;-4;-3.4;197.2222222;77.77777778;336.1111111;5
3679200;-8;-6;42;90;-7.9;-6;-0.9;-3.2;52.1;346.6;-4.1;-4.4;-4.1;-4.6;-3.3;197.2222222;61.11111111;166.6666667;4.2
3680100;-9;-7;41;84;-8.5;-6.6;-0.9;-3.1;51.5;321.9;-4.8;-5;-4.7;-5.2;-3.3;197.2222222;61.11111111;166.6666667;4.2
3681000;-7;-5;0;0;-7.4;-5.8;-1.1;-3;49.6;321.9;-4.5;-4.6;-4.1;-5.2;-3.3;197.2222222;61.11111111;166.6666667;4.2
3681900;-7;-4;11;25;-6.9;-4.1;-1.2;-3;49.1;321.9;-3.7;-3.9;-3.3;-4.5;-3.3;197.2222222;61.11111111;166.6666667;4.2
3682800;-8;-6;42;88;-7.9;-6;-1.4;-3.1;50.4;265.6;-4.2;-4.5;-4.1;-4.7;-4.5;194.4444444;19.44444444;27.77777778;4.3
3683700;-8;-6;12;23;-7.9;-6.5;-1.8;-3.2;53.1;237.5;-4.8;-5;-4.6;-5.5;-4.5;194.4444444;19.44444444;27.77777778;4.3
3684600;-7;-4;0;0;-7;-4.6;-2.2;-3.5;55.4;237.5;-4.3;-4.4;-4.1;-5;-4.5;194.4444444;19.44444444;27.77777778;4.3
3685500;-6;-4;12;27;-6.7;-4.1;-2.5;-3.6;57.2;237.5;-3.8;-4.1;-3.7;-4.6;-4.5;194.4444444;19.44444444;27.77777778;4.3
3686400;-8;-6;24;48;-8.1;-6.5;-2.8;-3.5;58.7;150;-4.8;-5;-4.7;-5.5;-5.4;191.6666667;0;0;4.5
3687300;-7;-4;0;0;-7.3;-5.2;-3.1;-3.5;59.6;106.3;-4.6;-4.8;-4.4;-5.3;-5.4;191.6666667;0;0;4.5
3688200;-6;-4;0;0;-6.6;-4.8;-3.3;-3.4;61.4;106.3;-4.1;-4.5;-3.9;-4.8;-5.4;191.6666667;0;0;4.5
3689100;-7;-5;21;55;-7.2;-5.6;-3.5;-3.3;62.6;106.3;-4.3;-4.6;-4.1;-5.1;-5.4;191.6666667;0;0;4.5
3690000;-8;-6;1;1;-7.9;-6.4;-3.8;-3.7;63.7;34.9;-4.9;-5.2;-4.8;-5.5;-6.1;188.8888889;0;0;3.2
3690900;-7;-4;0;0;-6.9;-5.1;-3.9;-3.9;64.6;8.9;-4.5;-4.8;-4.3;-5;-6.1;188.8888889;0;0;3.2
3691800;-6;-4;1;3;-6.4;-4.8;-4.1;-4.4;64.9;8.9;-4;-4.4;-3.9;-4.6;-6.1;188.8888889;0;0;3.2
3692700;-8;-7;25;52;-8.3;-6.8;-4.3;-5.1;65.4;8.9;-5.2;-5.4;-5;-5.9;-6.1;188.8888889;0;0;3.2
3693600;-8;-4;0;0;-7.7;-5.7;-4.4;-5.7;65.8;1.8;-5.2;-5.5;-5;-5.6;-6.6;188.8888889;0;0;3.1
3694500;-7;-1;0;0;-6.9;-1.4;-4.5;-5.8;66.6;0;-4.7;-5;-4.5;-5.1;-6.6;188.8888889;0;0;3.1
3695400;-6;-3;0;0;-6.4;-2.5;-4;-6;68.1;0;-4.1;-4.5;-4;-4.6;-6.6;188.8888889;0;0;3.1
3696300;-8;-6;28;59;-8.2;-6;-4.3;-6.2;66.9;0;-5.1;-5.5;-5;-5.9;-6.6;188.8888889;0;0;3.1
3697200;-8;-6;0;0;-8.1;-6.8;-4.3;-6.4;69.4;0;-5.7;-6;-5.6;-6.1;-7;186.1111111;0;0;4.1
3698100;-7;-5;0;0;-7.2;-5.6;-4.1;-6.4;68.3;0;-5.2;-5.6;-5;-5.6;-7;186.1111111;0;0;4.1
3699000;-7;-5;0;0;-6.7;-5.6;-4;-6.4;68.1;0;-4.6;-5.1;-4.5;-5.1;-7;186.1111111;0;0;4.1
3699900;-6;-4;0;0;-6.7;-5.4;-4.1;-6.4;67.7;0;-4;-4.5;-3.9;-4.6;-7;186.1111111;0;0;4.1
3700800;-8;-7;29;54;-8.4;-6.8;-4.7;-7.2;67.1;0;-5.6;-5.9;-5.3;-6.2;-7.4;183.3333333;0;0;3.9
3701700;-8;-6;0;0;-8.1;-6.9;-4.9;-7.4;67.2;0;-5.9;-6.2;-5.8;-6.3;-7.4;183.3333333;0;0;3.9
3702600;-7;-2;0;0;-7.2;-3.6;-5;-7.5;67.6;0;-5.4;-5.8;-5.2;-5.7;-7.4;183.3333333;0;0;3.9
3703500;-6;-2;0;0;-6.6;-2;-5.3;-7.7;67.5;0;-4.8;-5.3;-4.7;-5.2;-7.4;183.3333333;0;0;3.9
3704400;-6;-4;0;0;-6.3;-4.1;-5.4;-8.2;67.8;0;-4.2;-4.8;-4.1;-4.7;-8;180.5555556;0;0;3.3
3705300;-7;-5;21;40;-7.3;-5.5;-5.3;-8.3;68.6;0;-4.7;-5.2;-4.7;-5.5;-8;180.5555556;0;0;3.3
3706200;-9;-7;7;12;-8.7;-7.7;-5.3;-8.1;67.9;0;-6.3;-6.6;-6.2;-6.6;-8;180.5555556;0;0;3.3
3707100;-8;-5;0;0;-7.8;-6.2;-5.6;-7.7;69.4;0;-5.9;-6.3;-5.8;-6.2;-8;180.5555556;0;0;3.3
3708000;-7;-5;0;0;-7.2;-6.1;-5.8;-7.8;70;0;-5.4;-5.8;-5.2;-5.6;-8.4;180.5555556;0;0;2.4
3708900;-7;-5;0;0;-6.8;-6;-5.9;-7.8;70.6;0;-4.8;-5.3;-4.7;-5.1;-8.4;180.5555556;0;0;2.4
3709800;-6;-7;0;0;-6.4;-5.8;-6.3;-7.8;71.2;0;-4.7;-5.7;-5;-4.5;-8.4;180.5555556;0;0;2.4
3710700;-6;-4.5;0;0;-6;-4.2;-6.35;-6.95;71.25;0;-4.15;-6.35;-5.4;-4.05;-8.4;180.5555556;0;0;2.4
3711600;-6;-2;0;0;-5.6;-2.6;-6.4;-6.1;71.3;0;-3.6;-7;-5.8;-3.6;-8.4;180.5555556;0;0;2
3712500;-6;-3;1;3;-5.3;-2.2;-6.4;-5.7;70.9;0;-3.1;-7.2;-6.2;-3.3;-8.4;180.5555556;0;0;2
3713400;-6;-4;0;0;-5.8;-3.7;-6.4;-5.7;71.2;0;-5;-7.1;-6.6;-3.3;-8.4;180.5555556;0;0;2
3714300;-5;-6;0;0;-4.3;-5.2;-6.3;-5.7;71.2;0;-2.4;-7.2;-6.7;-1.6;-8.4;180.5555556;0;0;2
3715200;-8;-7;29;39;-7.8;-7.3;-6.3;-5.7;71.9;0;-5.7;-6.9;-6.4;-6.2;-9;177.7777778;0;0;2.5
3716100;-8;-7;0;0;-8.2;-7.5;-6.5;-5.7;71.9;0;-6.7;-7;-6.5;-7.1;-9;177.7777778;0;0;2.5
3717000;-7;-5;0;0;-7.4;-6.4;-6.6;-5.7;72.7;0;-6.3;-6.5;-5.9;-6.5;-9;177.7777778;0;0;2.5
3717900;-7;-5;0;0;-6.8;-6.1;-6.7;-5.7;72.2;0;-5.7;-6;-5.4;-6;-9;177.7777778;0;0;2.5
3718800;-6;-5;0;0;-6.6;-6;-7;-6.1;72.9;0;-5.1;-5.4;-4.8;-5.4;-9.5;177.7777778;0;0;2.6
3719700;-6;-1;0;0;-6.6;-2.5;-7;-6.3;73;0;-4.5;-4.8;-4.2;-4.9;-9.5;177.7777778;0;0;2.6
3720600;-6;-3;0;0;-6.6;-1.7;-7;-6.3;72.6;0;-4.2;-4.4;-4.2;-4.4;-9.5;177.7777778;0;0;2.6
3721500;-6;-5;0;0;-6.1;-3.1;-7.1;-6.3;72.1;0;-4.8;-3.8;-5.2;-3.9;-9.5;177.7777778;0;0;2.6
3722400;-6;-6;0;0;-5.6;-3.6;-7.2;-8.7;72.5;0;-4.7;-2.9;-6.4;-3.4;-9.6;177.7777778;0;0;2.2
3723300;-6;-5;0;0;-5.1;-3.6;-7.1;-9.6;72;0;-3.5;-2.1;-7.2;-3;-9.6;177.7777778;0;0;2.2
3724200;-8;-7;30;34;-8.1;-6.9;-7.2;-9.6;71.5;0;-6.1;-5.8;-6.9;-6.4;-9.6;177.7777778;0;0;2.2
3725100;-8;-7;0;0;-8.3;-7.9;-7.2;-9.5;71.7;0;-7.3;-7.7;-7.1;-7.3;-9.6;177.7777778;0;0;2.2
3726000;-7;-6;0;0;-7.5;-6.4;-7.3;-9.7;71.2;0;-6.8;-7.6;-6.6;-6.8;-10.3;177.7777778;0;0;1.9
3726900;-7;-6;0;0;-7;-6.4;-7.3;-9.8;71.4;0;-6.2;-7.1;-6;-6.2;-10.3;177.7777778;0;0;1.9
3727800;-6;-5;0;0;-6.5;-5.6;-7.2;-9.8;71.7;0;-5.5;-6.5;-5.4;-5.7;-10.3;177.7777778;0;0;1.9
3728700;-6;-2;0;0;-6.3;-1.6;-7.4;-9.9;71.2;0;-4.9;-6.2;-4.8;-5.1;-10.3;177.7777778;0;0;1.9
3729600;-6;-3;0;0;-5.7;-2.7;-7.5;-10.1;72.3;0;-4.4;-6.5;-4.2;-4.6;-10.6;177.7777778;0;0;2.1
3730500;-5;-4;0;0;-5.2;-3.8;-7.9;-10.2;73.7;0;-4.1;-7.8;-4.4;-3.7;-10.6;177.7777778;0;0;2.1
3731400;-5;-7;0;0;-4.5;-5.8;-8.4;-10.1;73.5;0;-3.7;-8.4;-5.2;-2.2;-10.6;177.7777778;0;0;2.1
3732300;-5;-7;0;0;-4.4;-5.9;-8.8;-9.9;75.9;0;-3.3;-8.5;-5.8;-0.8;-10.6;177.7777778;0;0;2.1
3733200;-4;-7;0;0;-4;-6.1;-9.2;-10.2;76;0;-2.1;-8.7;-7;-0.1;-10.9;177.7777778;0;0;3
3734100;-6;-7;1;0;-5.4;-6.9;-9.5;-10.3;76.3;0;-0.5;-8.8;-8.2;0.3;-10.9;177.7777778;0;0;3
3735000;-9;-9;29;38;-9.1;-8.8;-9.7;-10.4;77.1;0;-7.4;-7.9;-7.6;-8;-10.9;177.7777778;0;0;3
3735900;-8;-7;0;0;-8.2;-7.9;-9.9;-10.6;78.2;0;-8.1;-8;-7.7;-8.4;-10.9;177.7777778;0;0;3
3736800;-7;-3;0;0;-7.7;-3.3;-9.9;-10.6;78.3;0;-7.5;-7.4;-7.1;-7.9;-11.1;177.7777778;22.22222222;41.66666667;6.8
3737700;-7;-3;0;0;-7.3;-2.3;-9.9;-10.6;78.5;0;-6.9;-6.9;-6.4;-7.3;-11.1;177.7777778;22.22222222;41.66666667;6.8
3738600;-7;-3;0;0;-7.3;-2.7;-9.8;-10.6;78.5;0;-6.3;-6.3;-5.8;-6.8;-11.1;177.7777778;22.22222222;41.66666667;6.8
3739500;-8;-2;0;0;-8.1;-2.3;-9.9;-10.7;78.1;0;-5.7;-4.5;-5.3;-6.2;-11.1;177.7777778;22.22222222;41.66666667;6.8
3740400;-8;-2;0;0;-8.7;-1.8;-9.3;-10.4;77.9;8.7;-5;-1.6;-5;-5.7;-9.4;180.5555556;47.22222222;194.4444444;6.6
3741300;-9;-5;0;0;-8.8;-2.9;-8.4;-10.2;74.9;13.1;-5.3;-1;-5.2;-6.7;-9.4;180.5555556;47.22222222;194.4444444;6.6
3742200;-9;-6;0;0;-8.5;-3;-7.6;-10.2;70.6;13.1;-6;-0.6;-4.2;-8.1;-9.4;180.5555556;47.22222222;194.4444444;6.6
3743100;-8;-6;0;0;-8.3;-3.1;-7;-10.2;67.4;13.1;-5;0.3;-3;-8.3;-9.4;180.5555556;47.22222222;194.4444444;6.6
3744000;-8;-5;1;9;-8.1;-3.2;-6.4;-9.7;64.9;96.3;-4.5;1;-1.4;-7.5;-7.6;183.3333333;58.33333333;336.1111111;7.3
3744900;-9;-8;24;37;-9.3;-8.1;-6.1;-9.5;63;126.6;-6.5;-7.1;-6.6;-6.7;-7.6;183.3333333;58.33333333;336.1111111;7.3
3745800;-8;-6;0;0;-7.8;-6.6;-5.7;-9.8;61.9;126.6;-5.8;-5.5;-6;-6.3;-7.6;183.3333333;58.33333333;336.1111111;7.3
3746700;-7;-3;0;0;-7;-2.6;-5.1;-10.4;60.8;126.6;-5.1;-3.9;-5.1;-5.8;-7.6;183.3333333;58.33333333;336.1111111;7.3
3747600;-7;-4;6;14;-6.8;-2.9;-4.8;-9.5;59.9;225.2;-4.1;-3;-4.1;-5;-5.2;188.8888889;63.88888889;444.4444444;8
3748500;-8;-7;21;39;-8.2;-6.7;-4.3;-9.2;58.9;261.1;-4.7;-5.1;-4.8;-5.1;-5.2;188.8888889;63.88888889;444.4444444;8
3749400;-8;-4;1;4;-7.5;-5.7;-3.8;-8.9;58.1;261.6;-3.9;-3.8;-3.9;-4.7;-5.2;188.8888889;63.88888889;444.4444444;8
3750300;-8;-6;37;87;-8;-6;-3.3;-8.4;57.4;262.7;-4.2;-4.6;-4.2;-4.4;-5.2;188.8888889;63.88888889;444.4444444;8
3751200;-8;-6;17;34;-8.1;-6.8;-3.1;-7.6;56.2;325.8;-4.6;-4.7;-4.5;-5.2;-3.8;191.6666667;66.66666667;502.7777778;7.5
3752100;-8;-5;19;48;-7.7;-5.4;-2.7;-7.3;55.2;348.8;-3.6;-3.7;-3.6;-4.1;-3.8;191.6666667;66.66666667;502.7777778;7.5
3753000;-8;-6;42;88;-8.1;-6.2;-2.4;-7;53.9;354.3;-4.3;-4.6;-4.3;-4.6;-3.8;191.6666667;66.66666667;502.7777778;7.5
3753900;-9;-7;42;87;-8.5;-6.7;-2.2;-6.5;51.5;365.2;-4.7;-5;-4.7;-5.1;-3.8;191.6666667;66.66666667;502.7777778;7.5
3754800;-8;-6;21;41;-8.3;-6.4;-2;-5.5;50.4;416;-4.6;-4.8;-4.6;-5.3;-2.9;191.6666667;63.88888889;508.3333333;5.2
3755700;-7;-5;24;52;-7.4;-3.8;-1.7;-5.2;50;434.5;-3.5;-3.8;-3.6;-4.2;-2.9;191.6666667;63.88888889;508.3333333;5.2
3756600;-8;-6;43;88;-7.8;-6;-1.7;-4.7;49.4;434.5;-4;-4.3;-4;-4.4;-2.9;191.6666667;63.88888889;508.3333333;5.2
3757500;-8;-6;42;88;-8.2;-6.3;-1.4;-3.8;48;434.5;-4.3;-4.6;-4.3;-4.7;-2.9;191.6666667;63.88888889;508.3333333;5.2
3758400;-8;-6;42;90;-8.2;-6.5;-1.1;-3.3;44.3;441.8;-4.4;-4.7;-4.5;-4.9;-2;191.6666667;61.11111111;461.1111111;5.2
3759300;-9;-7;42;89;-8.2;-6.5;-1;-3.1;41.4;444.5;-4.5;-4.8;-4.6;-5;-2;191.6666667;61.11111111;461.1111111;5.2
3760200;-9;-7;42;88;-8.4;-6.5;-0.7;-3;38.9;444.5;-4.6;-4.9;-4.6;-5.1;-2;191.6666667;61.11111111;461.1111111;5.2
3761100;-9;-7;42;88;-8.7;-6.5;-0.4;-2.9;37;444.5;-4.6;-4.9;-4.7;-5.1;-2;191.6666667;61.11111111;461.1111111;5.2
3762000;-9;-7;42;88;-8.7;-6.5;-0.3;-2.2;35;432.9;-4.6;-5;-4.7;-5.1;-2;191.6666667;52.77777778;358.3333333;5.3
3762900;-9;-7;42;87;-8.7;-6.5;-0.3;-2;33.3;428.7;-4.7;-5;-4.7;-5.2;-2;191.6666667;52.77777778;358.3333333;5.3
3763800;-9;-7;42;86;-8.7;-7;-0.3;-2;33.6;428.7;-4.7;-5;-4.7;-5.2;-2;191.6666667;52.77777778;358.3333333;5.3
3764700;-9;-7;42;87;-8.7;-7;-0.4;-2;32.6;428.7;-4.8;-5.1;-4.8;-5.3;-2;191.6666667;52.77777778;358.3333333;5.3
3765600;-8;-6;19;37;-7.7;-6.9;-0.3;-1.6;33.3;365.7;-4.7;-4.9;-4.5;-5.3;-2.3;191.6666667;41.66666667;216.6666667;2.9
3766500;-7;-3;5;16;-6.8;-4.5;-0.4;-1.6;32.7;365.7;-3.6;-3.8;-3.3;-4.4;-2.3;191.6666667;41.66666667;216.6666667;2.9
3767400;-8;-6;42;90;-7.4;-5.5;-0.4;-1.5;33.7;365.7;-3.6;-4;-3.6;-4.1;-2.3;191.6666667;41.66666667;216.6666667;2.9
3768300;-8;-6;42;89;-8.1;-6.3;-0.6;-1.4;34;365.7;-4.4;-4.7;-4.3;-4.8;-2.3;191.6666667;41.66666667;216.6666667;2.9
3769200;-8;-7;24;47;-8.1;-6.9;-0.7;-1.5;36.6;282.8;-4.8;-5;-4.6;-5.3;-3.2;191.6666667;19.44444444;61.11111111;3.2
3770100;-7;-3;0;0;-7;-4.7;-0.8;-1.5;38.9;252.6;-4.2;-4.4;-3.8;-5;-3.2;191.6666667;19.44444444;61.11111111;3.2
3771000;-7;-5;23;49;-7;-4.7;-1.1;-2;40;252.6;-3.6;-4;-3.4;-4.2;-3.2;191.6666667;19.44444444;61.11111111;3.2
3771900;-8;-7;40;73;-8.1;-6.5;-1.4;-2.2;41;252.6;-4.6;-5;-4.5;-5.2;-3.2;191.6666667;19.44444444;61.11111111;3.2
3772800;-7;-4;0;0;-7.4;-5.1;-1.7;-2.1;42.4;115.1;-4.6;-4.9;-4.4;-5.3;-4.2;191.6666667;0;0;2.1
3773700;-7;-4;0;0;-6.6;-4;-2;-2.1;44.7;115.1;-4.1;-4.4;-3.9;-4.8;-4.2;191.6666667;0;0;2.1
3774600;-7;-5;27;55;-7.2;-5.5;-2.3;-2.2;45.8;115.1;-4.1;-4.5;-3.9;-4.9;-4.2;191.6666667;0;0;2.1
3775500;-8;-6;5;10;-7.8;-6.6;-2.6;-2.3;47.3;115.1;-4.9;-5.1;-4.6;-5.5;-4.2;191.6666667;0;0;2.1
3776400;-7;-5;0;0;-7;-5.6;-2.8;-2.9;48.9;32.6;-4.4;-4.7;-4.1;-5;-4.9;191.6666667;0;0;2.7
3777300;-6;-5;3;7;-6.5;-5.5;-2.8;-3.1;51.7;12;-3.9;-4.4;-3.7;-4.6;-4.9;191.6666667;0;0;2.7
3778200;-8;-7;26;51;-8.2;-6.6;-2.9;-3.5;50.8;12;-4.9;-5.1;-4.7;-5.6;-4.9;191.6666667;0;0;2.7
3779100;-8;-5;0;0;-7.7;-6;-3.1;-4;52.8;12;-4.8;-5.1;-4.6;-5.3;-4.9;191.6666667;0;0;2.7
3780000;-7;-4;0;0;-6.8;-5.4;-3.3;-4.7;55;2.4;-4.3;-4.7;-4.1;-4.8;-5.6;194.4444444;0;0;3
3780900;-7;-2;14;34;-6.8;-2.9;-3.3;-4.9;55.8;0;-4.1;-4.6;-3.9;-4.8;-5.6;194.4444444;0;0;3
3781800;-8;-7;14;26;-8.4;-6.9;-3.4;-5.1;58.3;0;-5.2;-5.4;-5;-5.8;-5.6;194.4444444;0;0;3
3782700;-7;-5;0;0;-7.5;-5.8;-3.4;-5.3;60.7;0;-4.8;-5.2;-4.6;-5.3;-5.6;194.4444444;0;0;3
3783600;-7;-5;0;0;-6.7;-5.5;-3.5;-5.2;62.6;0;-4.3;-4.7;-4.1;-4.8;-5.6;194.4444444;0;0;3.9
3784500;-7;-5;15;30;-6.9;-5.6;-3.6;-5.2;63.9;0;-4.2;-4.6;-4;-4.9;-5.6;194.4444444;0;0;3.9
3785400;-8;-7;14;24;-8.5;-7.2;-3.7;-5.1;64.5;0;-5.4;-5.7;-5.2;-5.9;-5.6;194.4444444;0;0;3.9
3786300;-8;-5;0;0;-7.6;-6.2;-3.9;-4.9;65.6;0;-5.1;-5.4;-4.9;-5.5;-5.6;194.4444444;0;0;3.9
3787200;-7;-5;0;0;-6.9;-6;-4;-5.3;66.7;0;-4.6;-5;-4.4;-5;-5.8;191.6666667;0;0;3.6
3788100;-6;-5;1;2;-6.5;-6;-4;-5.4;66.8;0;-4;-4.6;-3.9;-4.5;-5.8;191.6666667;0;0;3.6
3789000;-9;-7;28;51;-8.4;-7;-4;-5.6;66.9;0;-5.4;-5.8;-5.2;-6.1;-5.8;191.6666667;0;0;3.6
3789900;-8;-4;0;0;-8;-4.8;-4.3;-6.1;67.5;0;-5.6;-5.8;-5.3;-5.8;-5.8;191.6666667;0;0;3.6
3790800;-7;-5;0;0;-7.2;-5;-4.2;-6.5;67.8;0;-5;-5.4;-4.7;-5.3;-6.8;191.6666667;0;0;1.9
3791700;-6;-5;0;0;-6.6;-5.5;-4.2;-6.7;68.3;0;-4.4;-4.8;-4.2;-4.8;-6.8;191.6666667;0;0;1.9
3792600;-6;-7;0;0;-6.2;-5.8;-4.3;-6.5;67.7;0;-4.2;-5.1;-4.2;-4.2;-6.8;191.6666667;0;0;1.9
3793500;-6;-7;0;0;-5.9;-6;-4.7;-6.2;68.5;0;-3.8;-5.6;-4.3;-3.8;-6.8;191.6666667;0;0;1.9
3794400;-6;-7;0;0;-5.5;-6;-5.2;-6.7;69.9;0;-3.1;-6;-3.3;-3.3;-7;191.6666667;0;0;3.2
3795300;-5;-6;6;7;-5.2;-5.5;-5.1;-6.9;71;0;-2.6;-6;-2.7;-3.4;-7;191.6666667;0;0;3.2
3796200;-8;-7;24;38;-8.2;-7.2;-5.3;-6.8;71.2;0;-5.5;-5.9;-5.3;-6.1;-7;191.6666667;0;0;3.2
3797100;-7.5;-4.5;12;19;-7.4;-4.45;-5.35;-6.35;71.8;0;-5.3;-5.7;-5.05;-5.65;-7;191.6666667;0;0;3.2
3798000;-7;-2;0;0;-6.6;-1.7;-5.4;-5.9;72.4;0;-5.1;-5.5;-4.8;-5.2;-6.7;191.6666667;0;0;3.7
3798900;-6;-4;0;0;-6.3;-3.4;-5.5;-5.7;72.8;0;-4.5;-5;-4.3;-4.6;-6.7;191.6666667;0;0;3.7
3799800;-7;-5;11;21;-6.5;-5.4;-6;-5.7;73.6;0;-4.5;-5;-4.4;-5.1;-6.7;191.6666667;0;0;3.7
3800700;-9;-8;15;26;-8.9;-8;-6.5;-5.7;73.8;0;-6.3;-6.6;-6.2;-6.7;-6.7;191.6666667;0;0;3.7
3801600;-8;-6;0;0;-7.8;-6.6;-6.5;-5.7;75.3;0;-6.1;-6.7;-6;-6.2;-9.1;188.8888889;0;0;3.1
3802500;-7;-6;0;0;-7.1;-6.3;-6.6;-5.7;75.6;0;-5.6;-6.1;-5.4;-5.7;-9.1;188.8888889;0;0;3.1
3803400;-6;-5;0;0;-6.6;-6.1;-6.8;-5.7;76.6;0;-5;-5.6;-4.8;-5.1;-9.1;188.8888889;0;0;3.1
3804300;-6;-7;0;0;-6.1;-5.9;-6.7;-5.7;76.4;0;-5;-6.4;-4.8;-4.6;-9.1;188.8888889;0;0;3.1
3805200;-6;-7;0;0;-5.7;-6.3;-7;-6.1;77.2;0;-4.4;-7.4;-3.8;-4.1;-8;186.1111111;0;0;2.9
3806100;-6;-4;0;0;-5.2;-4.1;-7;-6.3;77.2;0;-3.5;-7.4;-3.1;-3.6;-8;186.1111111;0;0;2.9
3807000;-6;-3;4;10;-5.8;-3.3;-7.2;-6.3;77.5;0;-3.9;-7.2;-3.7;-4.4;-8;186.1111111;0;0;2.9
3807900;-9;-8;17;26;-9.1;-8.3;-7.2;-6.3;77.8;0;-6.7;-7;-6.6;-7;-8;186.1111111;0;0;2.9
3808800;-8;-6;0;0;-7.6;-6.5;-7.4;-7.8;77.9;0;-6.6;-7.1;-6.5;-6.6;-8.4;186.1111111;0;0;2.4
3809700;-7;-6;0;0;-7;-6.4;-7.4;-8.4;78;0;-5.8;-6.5;-5.9;-6.1;-8.4;186.1111111;0;0;2.4
3810600;-6;-6;0;0;-6.4;-6.4;-7.5;-8.8;78.2;0;-5.4;-6;-5.3;-5.5;-8.4;186.1111111;0;0;2.4
3811500;-6;-5;0;0;-6.2;-6.1;-7.7;-9.5;78.1;0;-4.8;-5.4;-4.7;-4.9;-8.4;186.1111111;0;0;2.4
3812400;-6;-5;0;0;-5.9;-5.1;-7.8;-9.8;78.6;0;-4.4;-5.1;-4.3;-4.4;-8;186.1111111;0;0;1.7
3813300;-6;-7;0;0;-5.6;-5.9;-7.8;-9.9;78.9;0;-4.8;-6;-4.7;-3.9;-8;186.1111111;0;0;1.7
3814200;-6;-6;0;0;-5.1;-5.6;-7.9;-9.5;79.1;0;-5.7;-7.2;-3.8;-3.4;-8;186.1111111;0;0;1.7
3815100;-5;-2;0;0;-4.1;-2.5;-8;-8.5;79.6;0;-6.6;-8.3;-2.7;-2.7;-8;186.1111111;0;0;1.7
3816000;-5;-4;1;1;-4.6;-3.8;-8;-8.8;79.1;0;-7.6;-8.3;-4.7;-1.7;-8.8;183.3333333;0;0;2.5
3816900;-5;-6;0;0;-4.3;-5.5;-8;-8.9;79.1;0;-7.8;-8.4;-4.7;-0.4;-8.8;183.3333333;0;0;2.5
3817800;-3;-6;0;0;-2.7;-5.9;-8.1;-8.9;79.1;0;-7.8;-8.5;-2.1;0.4;-8.8;183.3333333;0;0;2.5
3818700;-3;-7;0;0;-2.7;-6.5;-8.1;-8.9;79.2;0;-7.9;-8.6;-2.1;0.9;-8.8;183.3333333;0;0;2.5
3819600;-3;-7;0;0;-2.7;-6.5;-8.1;-8.8;79.3;0;-8.1;-8.7;-4.3;0;-8.8;183.3333333;0;0;3
3820500;-3;-7;0;0;-2.7;-6.5;-8.1;-8.7;79.3;0;-8.3;-8.9;-5.3;-0.9;-8.8;183.3333333;0;0;3
3821400;-3;-8;0;0;-3.1;-6.5;-8.3;-8.5;79.6;0;-8.4;-9;-5.5;-0.9;-8.8;183.3333333;0;0;3
3822300;-4;-8;0;0;-3.3;-6.7;-8.3;-8.1;79.6;0;-8.5;-9.1;-5.4;-1.5;-8.8;183.3333333;0;0;3
3823200;-4;-4;0;0;-3.9;-4.9;-8.4;-8.1;79.7;0;-8.6;-9.2;-5.3;-1.9;-9.1;183.3333333;22.22222222;44.44444444;6.4
3824100;-7;-6;1;0;-6.5;-7;-8.6;-8.1;79.7;0;-8.6;-9.1;-6.1;-2.1;-9.1;183.3333333;22.22222222;44.44444444;6.4
3825000;-6;-5;0;0;-6;-5.5;-8.7;-8.2;79.8;0;-8.6;-9.1;-4.9;-2.5;-9.1;183.3333333;22.22222222;44.44444444;6.4
3825900;-6;-7;0;0;-5.4;-5.9;-8.5;-8.6;80.1;0;-8.4;-9.2;-4.7;-2.3;-9.1;183.3333333;22.22222222;44.44444444;6.4
3826800;-5;-8;0;0;-5.3;-7.4;-8;-7.8;79.9;20;-8;-9.1;-5.1;-2.3;-7.3;186.1111111;44.44444444;205.5555556;6.8
3827700;-5;-8;0;0;-4.8;-7.5;-7.3;-7.8;79;20;-7;-9;-5.6;-2.4;-7.3;186.1111111;44.44444444;205.5555556;6.8
3828600;-5;-8;0;0;-4.8;-7.5;-6.5;-7.8;77.5;20;-6.1;-8.8;-5.6;-2.7;-7.3;186.1111111;44.44444444;205.5555556;6.8
3829500;-5;-8;0;0;-4.8;-7.5;-5.4;-7.8;73.6;20;-5.1;-8.3;-5.3;-2.8;-7.3;186.1111111;44.44444444;205.5555556;6.8
3830400;-5;-8;0;0;-4.8;-7.5;-4.7;-6.7;69.4;144.6;-3.9;-7.6;-4.8;-2.7;-5.2;188.8888889;52.77777778;344.4444444;7.4
3831300;-6;-8;0;0;-5.5;-7.7;-4.1;-6.7;66.8;144.6;-2.7;-6.8;-3.4;-2.4;-5.2;188.8888889;52.77777778;344.4444444;7.4
3832200;-8;-7;31;56;-7.7;-7;-3.4;-7.3;64.7;144.6;-3.5;-5.7;-4;-3.9;-5.2;188.8888889;52.77777778;344.4444444;7.4
3833100;-7;-4;2;2;-7.5;-4.8;-2.6;-8;62.1;144.6;-4;-4.5;-4.3;-5.2;-5.2;188.8888889;52.77777778;344.4444444;7.4
3834000;-8;-6;40;78;-7.9;-5.7;-1.7;-6.4;58;278.9;-3.9;-4.6;-4.2;-4.3;-1.9;197.2222222;63.88888889;455.5555556;7.4
3834900;-9;-7;44;86;-8.5;-6.7;-1;-6.3;55.1;288.5;-4.7;-5.2;-4.8;-5;-1.9;197.2222222;63.88888889;455.5555556;7.4
3835800;-8;-6;10;19;-7.8;-6.7;-0.1;-6.1;52.1;288.7;-4.1;-4.3;-4.2;-5;-1.9;197.2222222;63.88888889;455.5555556;7.4
3836700;-8;-6;42;88;-7.6;-5.7;0.3;-5.8;49.4;289.1;-3.5;-4.2;-3.8;-3.7;-1.9;197.2222222;63.88888889;455.5555556;7.4
3837600;-8;-6;44;88;-7.7;-6.1;1;-4.2;47.8;360.5;-3.8;-4.3;-4;-4.1;0.3;202.7777778;75;508.3333333;6.1
3838500;-8;-6;43;89;-7.7;-6.1;1.7;-4;45.7;371.5;-3.7;-4.2;-3.9;-4;0.3;202.7777778;75;508.3333333;6.1
3839400;-8;-6;44;88;-7.7;-6.1;2.1;-3.9;43.3;371.5;-3.5;-4;-3.8;-3.8;0.3;202.7777778;75;508.3333333;6.1
3840300;-7;-5;43;92;-7.6;-5.7;2.2;-3.6;40.6;371.5;-3.1;-3.7;-3.4;-3.4;0.3;202.7777778;75;508.3333333;6.1
3841200;-7;-5;43;91;-7.2;-5.4;2.5;-2.2;38.7;423.1;-2.8;-3.3;-3.1;-3.1;1.6;208.3333333;102.7777778;516.6666667;6.4
3842100;-7;-5;43;94;-6.9;-5.1;2.7;-1.7;36.7;441.8;-2.4;-3;-2.7;-2.8;1.6;208.3333333;102.7777778;516.6666667;6.4
3843000;-7;-4;43;97;-6.7;-4.7;2.8;-1.2;36.5;441.8;-2.2;-2.7;-2.4;-2.5;1.6;208.3333333;102.7777778;516.6666667;6.4
3843900;-6;-4;43;97;-6.6;-4.6;3.1;-0.1;36.4;441.8;-2;-2.5;-2.2;-2.3;1.6;208.3333333;102.7777778;516.6666667;6.4
3844800;-6;-4;43;98;-6.2;-4.4;3.3;1;36;463.8;-1.8;-2.4;-2.1;-2.2;2.3;205.5555556;75;444.4444444;5.7
3845700;-6;-4;43;98;-6.2;-4.1;3.5;1.4;35.1;471.8;-1.7;-2.3;-1.9;-2.1;2.3;205.5555556;75;444.4444444;5.7
3846600;-6;-4;43;99;-6.2;-4.1;3.8;1.6;35.1;471.8;-1.6;-2.1;-1.8;-1.9;2.3;205.5555556;75;444.4444444;5.7
3847500;-6;-4;43;99;-6.2;-4.1;3.8;2;33.9;471.8;-1.5;-2.1;-1.8;-1.9;2.3;205.5555556;75;444.4444444;5.7
3848400;-6;-4;43;99;-6.2;-4.1;3.8;2.9;33.5;459.7;-1.4;-2;-1.7;-1.8;2.8;208.3333333;69.44444444;361.1111111;5.6
3849300;-6;-4;43;100;-6.2;-4.1;4.2;3.3;32.6;453.7;-1.4;-2;-1.7;-1.8;2.8;208.3333333;69.44444444;361.1111111;5.6
3850200;-6;-4;43;99;-5.7;-4.1;4.3;3.3;32.5;453.7;-1.5;-2;-1.7;-1.8;2.8;208.3333333;69.44444444;361.1111111;5.6
3851100;-6;-4;43;100;-5.7;-4.1;4.4;3.3;31.2;453.7;-1.5;-2;-1.7;-1.8;2.8;208.3333333;69.44444444;361.1111111;5.6
3852000;-6;-4;43;100;-5.7;-4.1;4.2;3.6;31.1;384.9;-1.6;-2.1;-1.8;-1.9;2.9;205.5555556;55.55555556;241.6666667;5.5
3852900;-6;-4;43;100;-5.7;-4.1;4.3;3.6;30.7;380;-1.6;-2.1;-1.9;-1.9;2.9;205.5555556;55.55555556;241.6666667;5.5
3853800;-6;-4;43;99;-5.7;-4.1;4.3;3.3;29.7;380;-1.7;-2.2;-1.9;-1.9;2.9;205.5555556;55.55555556;241.6666667;5.5
3854700;-6;-4;43;98;-5.9;-4.1;4.2;2.8;29.4;380;-1.9;-2.4;-2.1;-2.1;2.9;205.5555556;55.55555556;241.6666667;5.5
3855600;-6;-4;43;97;-6.2;-4.1;4.2;2.2;29.3;291.4;-2.1;-2.6;-2.3;-2.3;1.9;202.7777778;19.44444444;58.33333333;2.3
3856500;-7;-4;43;96;-6.3;-4.4;4;2;27.4;259.2;-2.3;-2.9;-2.5;-2.6;1.9;202.7777778;19.44444444;58.33333333;2.3
3857400;-7;-5;42;95;-6.7;-4.6;3.7;2;28;259.2;-2.6;-3.2;-2.7;-3;1.9;202.7777778;19.44444444;58.33333333;2.3
3858300;-7;-5;43;92;-7;-5.1;2.2;2;51.2;259.2;-3;-3.6;-3.1;-3.5;1.9;202.7777778;19.44444444;58.33333333;2.3
3859200;-8;-6;44;90;-7.4;-5.5;0.9;1;69.9;123.7;-3.6;-4.1;-3.6;-4;0;202.7777778;0;0;3.4
3860100;-8;-6;44;88;-7.9;-6.2;0.8;0.9;70;114;-4.2;-4.6;-4.3;-4.6;0;202.7777778;0;0;3.4
3861000;-8;-7;31;57;-7.9;-6.8;0.6;1.3;61.3;114;-4.7;-5;-4.7;-5.3;0;202.7777778;0;0;3.4
3861900;-6;-4;0;0;-5.7;-5.5;0.8;1.8;56.9;114;-4.1;-4.3;-4.1;-5;0;202.7777778;0;0;3.4
3862800;-6;-5;24;48;-6.6;-5;0.7;1;61.8;40;-3.6;-3.9;-3.4;-4.2;-0.5;205.5555556;0;0;4.4
3863700;-8;-7;38;72;-8;-6.5;0.3;0.7;66.7;13.1;-4.7;-5;-4.6;-5.1;-0.5;205.5555556;0;0;4.4
3864600;-7;-5;0;0;-7.1;-6;0.1;0.8;62;13.1;-4.5;-4.7;-4.4;-5.1;-0.5;205.5555556;0;0;4.4
3865500;-6;-4;1;1;-6.4;-5.1;0.1;0.9;59.1;13.1;-4;-4.2;-3.8;-4.6;-0.5;205.5555556;0;0;4.4
3866400;-8;-6;39;78;-7.8;-6;-0.4;-0.1;65.4;0;-4.4;-4.7;-4.2;-4.7;-1.5;208.3333333;0;0;3.5
3867300;-7;-4;0;0;-7.6;-5;-1;-0.1;67;0;-4.8;-5.1;-4.6;-5.3;-1.5;208.3333333;0;0;3.5
3868200;-7;-3;0;0;-6.6;-3.4;-1.4;-0.4;66.3;0;-4.2;-4.7;-4.1;-4.8;-1.5;208.3333333;0;0;3.5
3869100;-7;-5;24;51;-7.2;-5.5;-1.2;-0.9;62.2;0;-4.1;-4.5;-3.8;-4.5;-1.5;208.3333333;0;0;3.5
3870000;-8;-7;17;31;-8.2;-6.8;-0.9;-1.3;62.9;0;-4.8;-5.1;-4.8;-5.3;-1.5;233.3333333;0;0;3.2
3870900;-7;-5;0;0;-7.2;-5.7;-1.3;-1.4;65.3;0;-4.4;-4.7;-4.3;-4.9;-1.5;233.3333333;0;0;3.2
3871800;-6;-5;0;0;-6.5;-5.6;-1.7;-1.2;66.7;0;-3.9;-4.4;-3.9;-4.5;-1.5;233.3333333;0;0;3.2
3872700;-8;-6;31;62;-7.8;-6.3;-1.8;-0.9;66.9;0;-4.6;-5;-4.5;-5;-1.5;233.3333333;0;0;3.2
3873600;-8;-5;0;0;-7.8;-6.3;-1.8;-1.3;67.2;0;-4.7;-5.2;-4.7;-5.1;-1.7;258.3333333;0;0;2.7
3874500;-7;-5;0;0;-6.9;-5.6;-1.5;-1.4;65.7;0;-4;-4.6;-4;-4.6;-1.7;258.3333333;0;0;2.7
3875400;-7;-6;27;50;-7.4;-6;-1.3;-1.5;66.3;0;-4.3;-4.8;-4.2;-4.8;-1.7;258.3333333;0;0;2.7
3876300;-8;-5;1;1;-7.9;-5.6;-0.9;-1.8;65.5;0;-4.8;-5.2;-4.7;-5.2;-1.7;258.3333333;0;0;2.7
3877200;-7;-5;0;0;-7.1;-4.9;-0.7;-2.2;64.4;0;-4.2;-4.6;-4.1;-4.7;-1.9;252.7777778;0;0;3.5
3878100;-7;-6;27;56;-7.4;-5.9;-0.5;-2.3;65;0;-4.1;-4.6;-4;-4.6;-1.9;252.7777778;0;0;3.5
3879000;-8;-6;5;10;-8.1;-6.7;-0.5;-2.2;65.1;0;-4.8;-5.1;-4.7;-5.3;-1.9;252.7777778;0;0;3.5
3879900;-7;-5;0;0;-7.3;-5.7;-0.5;-2;64.2;0;-4.3;-4.7;-4.2;-4.8;-1.9;252.7777778;0;0;3.5
3880800;-7;-5;15;29;-7;-5.7;-0.7;-2.2;64.4;0;-4;-4.5;-3.8;-4.5;-2.3;244.4444444;0;0;1
3881700;-8;-7;16;29;-8.3;-6.8;-0.9;-2.3;63.4;0;-4.9;-5.1;-4.8;-5.4;-2.3;244.4444444;0;0;1
3882600;-7;-5;0;0;-7.3;-5.8;-1;-2.2;63;0;-4.5;-4.8;-4.3;-4.9;-2.3;244.4444444;0;0;1
3883500;-7.5;-6;13;23.5;-7.7;-6.15;-0.9;-3.45;62;0;-4.65;-4.95;-4.5;-5.05;-2.3;244.4444444;0;0;1
3884400;-8;-7;26;47;-8.1;-6.5;-0.8;-4.7;61;0;-4.8;-5.1;-4.7;-5.2;-2.9;252.7777778;0;0;1
3885300;-8;-5;0;0;-7.8;-5;-0.8;-5.7;59.4;0;-4.5;-4.8;-4.4;-5.1;-2.9;252.7777778;0;0;1
3886200;-7;-5;0;0;-6.9;-5.5;-0.7;-5.7;56.7;0;-4;-4.4;-3.8;-4.6;-2.9;252.7777778;0;0;1
3887100;-8;-6;31;64;-7.9;-6.3;-0.9;-5.7;62.2;0;-4.5;-4.9;-4.4;-4.9;-2.9;252.7777778;0;0;1
3888000;-8;-6;0;0;-7.9;-6.5;-0.8;-5.7;60.5;0;-4.6;-5;-4.6;-5.2;-2.8;244.4444444;0;0;3.1
3888900;-7;-5;0;0;-7.1;-5.6;-0.5;-5.7;55.6;0;-4.1;-4.5;-4;-4.7;-2.8;244.4444444;0;0;3.1
3889800;-8;-6;31;62;-7.7;-6;-0.4;-5.7;57.2;0;-4.1;-4.7;-4.1;-4.6;-2.8;244.4444444;0;0;3.1
3890700;-8;-6;7;13;-8.1;-6.7;-0.2;-5.7;55;0;-4.7;-5;-4.6;-5.2;-2.8;244.4444444;0;0;3.1
3891600;-7;-5;0;0;-7.2;-5.8;-0.2;-6.1;53.1;0;-4.1;-4.4;-4;-4.7;-3.6;208.3333333;0;0;2.3
3892500;-8;-5;30;64;-7.5;-5.8;-0.5;-6.3;51.6;0;-4;-4.4;-3.9;-4.4;-3.6;208.3333333;0;0;2.3
3893400;-8;-6;13;27;-8.1;-6.5;-0.8;-6.3;51.2;0;-4.8;-5.1;-4.7;-5.3;-3.6;208.3333333;0;0;2.3
3894300;-7;-5;0;0;-7.5;-5.8;-1.1;-6.3;51.1;0;-4.3;-4.7;-4.2;-4.9;-3.6;208.3333333;0;0;2.3
3895200;-7;-5;2;8;-6.8;-5.6;-1.6;-4.3;55.4;0;-3.9;-4.4;-3.8;-4.4;-4.1;211.1111111;0;0;3
3896100;-8;-7;25;46;-8.1;-6.6;-2.4;-3.6;59.1;0;-4.8;-5.2;-4.7;-5.4;-4.1;211.1111111;0;0;3
3897000;-8;-5;0;0;-7.8;-6.3;-2.8;-3.4;61.2;0;-4.5;-5.2;-4.6;-5.2;-4.1;211.1111111;0;0;3
3897900;-7;-5;0;0;-6.9;-6.1;-2.9;-3.1;63.1;0;-4;-4.7;-4.1;-4.7;-4.1;211.1111111;0;0;3
3898800;-6;-7;0;0;-6.4;-5.9;-3;-3.4;63.9;0;-3.4;-4.8;-4.1;-4.1;-4;225;0;0;2.4
3899700;-6;-7;0;0;-6.1;-6.1;-3.3;-3.5;64.7;0;-3.3;-5.1;-4.3;-3.7;-4;225;0;0;2.4
3900600;-6;-6;0;0;-5.6;-5.7;-3.4;-3.6;65.3;0;-3.2;-5.4;-4.4;-3.3;-4;225;0;0;2.4
3901500;-6;-2;1;4;-5.2;-2.3;-3.7;-3.8;66.5;0;-2.8;-5.5;-4.3;-3;-4;225;0;0;2.4
3902400;-8;-7;25;43;-7.9;-6.5;-3.7;-3.9;67.3;0;-5;-5.4;-4.8;-5.6;-4.2;247.2222222;0;0;2.5
3903300;-7;-5;0;0;-7.5;-6.2;-3.5;-3.9;67.5;0;-4.8;-5.6;-5;-5.2;-4.2;247.2222222;0;0;2.5
3904200;-6;-6;0;0;-6.5;-6;-3.4;-3.9;67.5;0;-4.4;-5.1;-4.4;-4.7;-4.2;247.2222222;0;0;2.5
3905100;-6;-6;3;1;-6;-5.9;-3.3;-4;67.3;0;-4;-4.6;-4;-4.4;-4.2;247.2222222;0;0;2.5
3906000;-9;-7;26;45;-8.6;-7.2;-3.1;-4.2;67.6;0;-5.6;-5.8;-5.5;-6.1;-4.3;255.5555556;0;0;3.2
3906900;-8;-6;0;0;-8.1;-6.8;-2.8;-4.3;67.1;0;-5.4;-5.8;-5.3;-5.7;-4.3;255.5555556;0;0;3.2
3907800;-7;-6;0;0;-7.2;-6.5;-2.8;-4.3;67.2;0;-4.9;-5.4;-4.8;-5.2;-4.3;255.5555556;0;0;3.2
3908700;-7;-7;0;0;-6.6;-6.2;-2.6;-4.2;66.4;0;-4.2;-5.3;-4.5;-4.7;-4.3;255.5555556;0;0;3.2
3909600;-6;-4;0;0;-6.2;-4.5;-2.3;-4.2;65.8;0;-3.4;-5.4;-4.5;-4.2;-4;255.5555556;41.66666667;41.66666667;3.8
3910500;-6;-3;0;0;-5.8;-2.9;-2.2;-4.2;66.1;0;-2.7;-5.4;-4.2;-3.7;-4;255.5555556;41.66666667;41.66666667;3.8
3911400;-6;-2;0;0;-5.2;-2.2;-2.1;-4.1;64.3;0;-2.5;-5;-3.6;-3.2;-4;255.5555556;41.66666667;41.66666667;3.8
3912300;-8;-6;35;64;-7.6;-5.9;-1.8;-4;61.7;0;-4.5;-5.1;-4.5;-4.9;-4;255.5555556;41.66666667;41.66666667;3.8
3913200;-7;-6;0;0;-7.5;-6.2;-1.6;-3.7;61.6;4.3;-4.8;-5.1;-4.7;-5.1;-3.3;261.1111111;116.6666667;119.4444444;3.5
3914100;-6;-5;0;0;-6.5;-5.7;-1.1;-3.5;60.8;6.4;-4;-4.5;-4;-4.6;-3.3;261.1111111;116.6666667;119.4444444;3.5
3915000;-8;-6;39;70;-7.8;-6.3;-0.4;-3.5;56.6;6.4;-4.4;-5;-4.6;-4.7;-3.3;261.1111111;116.6666667;119.4444444;3.5
3915900;-8;-6;0;0;-8;-6.4;0;-3.6;55;6.4;-4.4;-4.8;-4.5;-5.1;-3.3;261.1111111;116.6666667;119.4444444;3.5
3916800;-7;-5;8;19;-7.2;-5.7;0.4;-2.9;53.6;42.5;-3.7;-4.1;-3.8;-4.4;-1.9;291.6666667;169.4444444;169.4444444;3
3917700;-8;-6;43;86;-8.1;-6.3;0.8;-2.5;54.4;60.5;-4.4;-4.9;-4.5;-4.6;-1.9;291.6666667;169.4444444;169.4444444;3
3918600;-8;-6;8;15;-7.9;-6.5;1.5;-2.6;54.9;60.5;-4.4;-4.7;-4.5;-5.1;-1.9;291.6666667;169.4444444;169.4444444;3
3919500;-7;-2;14;36;-7.2;-3.2;2.3;-2.8;54;60.5;-3.3;-3.9;-3.5;-4.1;-1.9;291.6666667;169.4444444;169.4444444;3
3920400;-8;-6;43;87;-7.7;-5.8;2.9;-2;52.1;98.1;-3.8;-4.4;-4;-4.1;-0.6;305.5555556;130.5555556;130.5555556;4.1
3921300;-8;-6;45;85;-8.1;-6.3;3.4;-1.7;49.7;111.8;-4.1;-4.6;-4.3;-4.4;-0.6;305.5555556;130.5555556;130.5555556;4.1
3922200;-8;-6;43;87;-8.1;-6.3;3.4;-1.8;48.8;109.9;-4.2;-4.7;-4.4;-4.6;-0.6;305.5555556;130.5555556;130.5555556;4.1
3923100;-8;-7;45;87;-8.1;-6.4;3.5;-2.1;48.8;104.6;-4.4;-4.9;-4.6;-4.8;-0.6;305.5555556;130.5555556;130.5555556;4.1
3924000;-8;-7;45;88;-8.6;-6.8;3.6;-1.1;58;158.8;-4.6;-5.1;-4.8;-5;-0.1;305.5555556;147.2222222;147.2222222;3.7
3924900;-9;-7;37;69;-8.3;-6.8;3;-0.8;74.3;178.5;-4.7;-5.2;-4.9;-5.2;-0.1;305.5555556;147.2222222;147.2222222;3.7
3925800;-7;-5;0;0;-7.2;-5.7;3.4;-0.7;77.6;176.1;-4;-4.3;-4.1;-4.9;-0.1;305.5555556;147.2222222;147.2222222;3.7
3926700;-7;-5;33;74;-7.1;-5.1;3.3;-0.6;76;169.4;-3;-3.7;-3.3;-3.4;-0.1;305.5555556;147.2222222;147.2222222;3.7
3927600;-8;-6;44;89;-7.6;-5.8;3.8;0.2;74.2;183.4;-3.8;-4.3;-4;-4.1;1;297.2222222;202.7777778;202.7777778;4.1
3928500;-8;-6;44;90;-7.6;-5.9;4.1;0.6;69.4;190.4;-3.8;-4.4;-4.1;-4.2;1;297.2222222;202.7777778;202.7777778;4.1
3929400;-8;-6;44;90;-7.6;-5.9;4.5;0.6;64;190.4;-3.8;-4.4;-4.1;-4.2;1;297.2222222;202.7777778;202.7777778;4.1
3930300;-8;-6;44;89;-8;-5.9;5.2;0.7;71;190.4;-3.9;-4.5;-4.1;-4.3;1;297.2222222;202.7777778;202.7777778;4.1
3931200;-8;-6;44;89;-8.1;-5.9;5.7;1.6;70.5;176.2;-3.8;-4.4;-4.1;-4.2;1.7;308.3333333;197.2222222;197.2222222;3.6
3932100;-8;-6;43;92;-7.8;-5.9;5.2;2;82.1;169.1;-3.3;-3.9;-3.6;-3.7;1.7;308.3333333;197.2222222;197.2222222;3.6
3933000;-7;-5;42;94;-7.6;-5.9;4.8;1.8;81.6;169.1;-3.1;-3.7;-3.4;-3.4;1.7;308.3333333;197.2222222;197.2222222;3.6
3933900;-7;-5;43;93;-7.6;-5.4;4.4;1.3;76.2;169.1;-3.1;-3.7;-3.4;-3.5;1.7;308.3333333;197.2222222;197.2222222;3.6
3934800;-7;-5;42;92;-7.6;-5.4;4.9;2.2;72.9;167.5;-3.2;-3.9;-3.5;-3.7;2.6;319.4444444;125;125;3.5
3935700;-8;-6;43;93;-7.6;-5.4;5.4;2.6;81.9;166.7;-3.4;-3.9;-3.6;-3.9;2.6;319.4444444;125;125;3.5
3936600;-8;-6;42;92;-7.6;-5.4;5.3;2.5;80.3;166.7;-3.3;-3.9;-3.6;-3.7;2.6;319.4444444;125;125;3.5
3937500;-8;-5;42;93;-7.6;-5.4;5.1;2.3;91;166.7;-3.2;-3.9;-3.5;-3.6;2.6;319.4444444;125;125;3.5
3938400;-8;-6;43;93;-7.6;-5.4;4.4;2.8;91.3;154;-3.3;-3.9;-3.6;-3.8;2.9;319.4444444;55.55555556;55.55555556;4.1
3939300;-8;-6;43;93;-7.6;-5.4;3.9;3.1;91.5;147.6;-3.4;-4;-3.6;-3.9;2.9;319.4444444;55.55555556;55.55555556;4.1
3940200;-8;-6;42;92;-7.6;-5.4;4.1;2.9;91.4;147.6;-3.4;-4;-3.6;-3.9;2.9;319.4444444;55.55555556;55.55555556;4.1
3941100;-8;-6;43;91;-7.6;-5.8;3.9;2.4;91.3;147.6;-3.6;-4.1;-3.8;-4.2;2.9;319.4444444;55.55555556;55.55555556;4.1
3942000;-8;-6;43;90;-7.8;-5.9;4;2.7;91.5;89.9;-3.8;-4.3;-3.9;-4.5;2.4;325;5.555555556;5.555555556;4
3942900;-8;-6;44;89;-8.1;-6.1;4.4;2.8;91.5;61;-4;-4.5;-4.1;-4.7;2.4;325;5.555555556;5.555555556;4
3943800;-8;-7;45;89;-8.3;-6.4;4.6;2.8;90.7;61;-4.4;-4.8;-4.5;-5.1;2.4;325;5.555555556;5.555555556;4
3944700;-8;-7;45;83;-8.6;-6.6;4.5;2.8;90.2;61;-4.5;-4.9;-4.6;-5.1;2.4;325;5.555555556;5.555555556;4
3945600;-8;-7;45;87;-8.6;-6.9;4.3;2.8;90.5;39.6;-4.4;-5;-4.7;-4.9;1.9;322.2222222;0;0;3.8
3946500;-8;-6;45;89;-8.6;-6.9;4.4;2.8;90.6;28.9;-4.2;-4.8;-4.4;-4.5;1.9;322.2222222;0;0;3.8
3947400;-8;-6;43;91;-8.6;-6.4;4.5;2.8;90.6;28.9;-4.1;-4.7;-4.4;-4.6;1.9;322.2222222;0;0;3.8
3948300;-8;-6;45;87;-8.6;-6.4;4.4;2.8;90.2;28.9;-4.1;-4.6;-4.3;-4.6;1.9;322.2222222;0;0;3.8
3949200;-8;-6;45;94;-8.1;-6.4;4.4;2.9;90.5;13.1;-3.8;-4.3;-4;-4.4;1.7;319.4444444;0;0;3.4
3950100;-8;-6;44;90;-8.1;-6.4;4.4;3;90.2;5.2;-4;-4.3;-4;-4.7;1.7;319.4444444;0;0;3.4
3951000;-8;-6;44;88;-8.1;-6.4;4.4;2.7;90.1;5.2;-4.1;-4.4;-4.1;-4.8;1.7;319.4444444;0;0;3.4
3951900;-8;-6;43;92;-8.1;-6.4;4.4;2.5;90.6;5.2;-3.8;-4.2;-3.8;-4.3;1.7;319.4444444;0;0;3.4
3952800;-8;-6;42;91;-8.1;-5.9;4.5;2.7;90.6;0;-3.7;-4;-3.8;-4.4;1.6;316.6666667;0;0;1.4
3953700;-8;-6;43;90;-8.1;-6.1;4.5;2.7;90.2;0;-4.1;-4.3;-4.1;-4.8;1.6;316.6666667;0;0;1.4
3954600;-8;-6;44;89;-8.1;-6.4;4.4;2.3;90.1;0;-4.2;-4.5;-4.2;-4.8;1.6;316.6666667;0;0;1.4
3955500;-8;-6;43;90;-8.1;-6.4;4.4;2;90.4;0;-4.2;-4.6;-4.3;-4.8;1.6;316.6666667;0;0;1.4
3956400;-8;-6;44;89;-8.1;-6.4;4.6;2.1;90.6;0;-4.1;-4.6;-4.3;-4.9;3.5;316.6666667;0;0;1.6
3957300;-8;-6;45;90;-8.1;-6.4;4.6;2.1;90.4;0;-4.2;-4.6;-4.3;-4.9;3.5;316.6666667;0;0;1.6
3958200;-8;-6;44;90;-8.1;-6.4;4.8;1.9;90.6;0;-4.1;-4.6;-4.3;-4.7;3.5;316.6666667;0;0;1.6
3959100;-8;-6;43;92;-8.1;-6.4;4.7;1.7;90.2;0;-3.7;-4.2;-3.9;-4.5;3.5;316.6666667;0;0;1.6
3960000;-8;-6;42;93;-8.1;-6;4.9;2.1;90.1;0;-3.4;-3.9;-3.6;-4.2;3.3;327.7777778;0;0;2.7
3960900;-7;-5;42;95;-7.6;-5.9;5.1;2.2;90.4;0;-3.1;-3.6;-3.4;-3.9;3.3;327.7777778;0;0;2.7
3961800;-7;-5;42;94;-7.6;-5.5;5.3;2.1;90.1;0;-3;-3.4;-3.1;-3.7;3.3;327.7777778;0;0;2.7
3962700;-7;-5;42;96;-7.6;-5.4;5.4;1.9;90.1;0;-3;-3.4;-3.1;-3.8;3.3;327.7777778;0;0;2.7
3963600;-7;-5;42;94;-7.6;-5.4;5.6;2.3;90;0;-3.2;-3.6;-3.3;-4;3;330.5555556;0;0;2.7
3964500;-8;-6;43;92;-7.6;-5.6;5.7;2.4;89.6;0;-3.5;-3.9;-3.6;-4.3;3;330.5555556;0;0;2.7
3965400;-8;-6;43;92;-7.6;-5.9;5.8;3;89.8;0;-3.6;-4;-3.7;-4.4;3;330.5555556;0;0;2.7
3966300;-8;-6;43;91;-7.8;-5.9;5.8;3.8;89.6;0;-3.8;-4.2;-3.9;-4.6;3;330.5555556;0;0;2.7
3967200;-8;-6;44;89;-8.1;-6.2;5.7;3.7;89.6;0;-4.1;-4.4;-4.2;-4.9;3.9;330.5555556;0;0;3.3
3968100;-8;-6;45;89;-8.1;-6.4;5.6;3.6;89.6;0;-4.3;-4.7;-4.3;-4.9;3.9;330.5555556;0;0;3.3
3969000;-8;-6;45;91;-8.1;-6.4;5.5;3.5;89.5;0;-4.3;-4.7;-4.4;-4.9;3.9;330.5555556;0;0;3.3
3969900;-8;-6.5;44.5;88.5;-8.2;-6.4;5.45;0.4;89.75;0;-4.35;-4.75;-4.45;-5.1;3.9;330.5555556;0;0;3.3
3970800;-8;-7;44;86;-8.3;-6.4;5.4;-2.7;90;0;-4.4;-4.8;-4.5;-5.3;2.7;330.5555556;0;0;3.7
3971700;-9;-7;44;85;-8.6;-6.8;5.3;-5.7;89.6;0;-4.6;-5;-4.6;-5.5;2.7;330.5555556;0;0;3.7
3972600;-9;-7;45;87;-8.6;-6.9;5.2;-5.7;89.6;0;-4.7;-5;-4.8;-5.5;2.7;330.5555556;0;0;3.7
3973500;-9;-7;45;88;-8.6;-6.9;5.2;-5.7;90.1;0;-4.6;-5;-4.7;-5.5;2.7;330.5555556;0;0;3.7
3974400;-9;-7;44;83;-8.6;-6.9;5.2;-5.7;90;0;-4.6;-5;-4.7;-5.5;3;330.5555556;0;0;3.1
3975300;-8;-7;22;40;-7;-6.9;5.2;-5.7;90.1;0;-4.6;-4.7;-4.6;-5.5;3;330.5555556;0;0;3.1
3976200;-5;-4;7;12;-5.4;-5;5;-5.7;89.8;0;-3.5;-3.4;-3.4;-4.5;3;330.5555556;0;0;3.1
3977100;-7;-5;42;94;-7.1;-5.2;5.1;-5.7;90.1;0;-3.2;-3.5;-3.3;-3.9;3;330.5555556;0;0;3.1
3978000;-8;-6;43;92;-7.8;-5.8;5.1;-6.3;89.9;0;-3.7;-4.1;-3.8;-4.5;2.7;327.7777778;0;0;3.8
3978900;-8;-6;43;88;-8;-6.2;5.1;-6.3;89.7;0;-4;-4.4;-4.1;-4.9;2.7;327.7777778;0;0;3.8
3979800;-8;-7;44;88;-8.3;-6.4;5.1;-6.3;89.6;0;-4.4;-4.7;-4.4;-5.2;2.7;327.7777778;0;0;3.8
3980700;-8;-7;44;88;-8.3;-6.7;5.2;-6.3;89.4;0;-4.5;-4.9;-4.7;-5.4;2.7;327.7777778;0;0;3.8
3981600;-9;-7;46;91;-8.8;-6.9;5.2;1.7;87.9;0;-4.7;-5.1;-4.8;-5.5;3.2;330.5555556;0;0;3.9
3982500;-7;-6;8;16;-7.1;-6.3;5.2;2.9;85.6;0;-4.4;-4.6;-4.4;-5.5;3.2;330.5555556;0;0;3.9
3983400;-6;-4;8;21;-6.7;-4.5;5.2;2.9;83;0;-3.3;-3.6;-3.3;-4.5;3.2;330.5555556;0;0;3.9
3984300;-7;-5;42;92;-7.3;-5.2;5.2;3;81.4;0;-3.3;-3.7;-3.4;-4.1;3.2;330.5555556;0;0;3.9
3985200;-8;-6;43;91;-7.9;-6;5.3;3.1;80.6;0;-3.9;-4.3;-4;-4.5;4.2;336.1111111;0;0;4.1
3986100;-8;-6;44;91;-7.9;-6;5.7;3.1;80.1;0;-3.6;-4.4;-4.1;-4.3;4.2;336.1111111;0;0;4.1
3987000;-8;-6;43;93;-7.9;-6;6.3;3;78.4;0;-3.5;-4.2;-3.9;-4.3;4.2;336.1111111;0;0;4.1
3987900;-8;-6;43;93;-7.9;-6;6.8;2.7;76.2;0;-3.2;-3.9;-3.6;-4;4.2;336.1111111;0;0;4.1
3988800;-8;-5;43;94;-7.9;-6;7;2.8;75;0;-3.1;-3.7;-3.5;-4;3.8;333.3333333;0;0;3.5
3989700;-8;-5;42;95;-7.9;-6;7.2;2.9;74;0;-3.1;-3.7;-3.5;-3.9;3.8;333.3333333;0;0;3.5
3990600;-8;-5;42;94;-7.9;-6;7.1;3.1;73.5;0;-3.2;-3.8;-3.5;-4;3.8;333.3333333;0;0;3.5
3991500;-8;-6;42;93;-7.9;-6;6.7;3.2;74.1;0;-3.3;-3.9;-3.6;-4.3;3.8;333.3333333;0;0;3.5
3992400;-8;-6;43;92;-7.9;-6;6.6;3.2;74.6;0;-3.6;-4;-3.7;-4.6;4.2;333.3333333;0;0;3.5
3993300;-8;-6;44;91;-7.9;-6;6.3;3.2;75.1;0;-3.9;-4.3;-4;-4.9;4.2;333.3333333;0;0;3.5
3994200;-8;-6;44;88;-8.2;-6.4;6.1;3.7;75.8;0;-4.2;-4.5;-4.3;-5.1;4.2;333.3333333;0;0;3.5
3995100;-8;-6;45;88;-8.4;-6.5;6.1;4.1;76.1;0;-4.3;-4.7;-4.4;-5.2;4.2;333.3333333;0;0;3.5
3996000;-8;-6;44;88;-8.4;-6.5;6.1;4.1;76.7;0;-4.1;-4.7;-4.3;-4.9;4;333.3333333;19.44444444;19.44444444;3.2
3996900;-8;-6;43;89;-8.4;-6.5;6.2;4.1;77.5;0;-3.9;-4.5;-4.1;-4.5;4;333.3333333;19.44444444;19.44444444;3.2
3997800;-8;-6;43;91;-7.9;-6.4;6.5;3.9;76.9;0;-3.6;-4.2;-3.9;-4.4;4;333.3333333;19.44444444;19.44444444;3.2
3998700;-8;-6;43;91;-7.9;-6;6.7;3.8;76.4;0;-3.7;-4.2;-3.8;-4.5;4;333.3333333;19.44444444;19.44444444;3.2
3999600;-8;-6;43;91;-7.9;-6;6.8;4.1;75.5;1.5;-3.7;-4.2;-3.9;-4.7;4.3;322.2222222;94.44444444;94.44444444;3.5
4000500;-8;-6;43;91;-7.9;-6;6.9;4.1;75.1;1.7;-3.7;-4.2;-3.8;-4.7;4.3;322.2222222;94.44444444;94.44444444;3.5
4001400;-8;-6;43;92;-7.9;-6;7.1;4.3;75.1;1.7;-3.8;-4.2;-3.9;-4.7;4.3;322.2222222;94.44444444;94.44444444;3.5
4002300;-8;-6;43;91;-7.9;-6;7.5;4.5;74.5;1.7;-3.7;-4.2;-3.8;-4.6;4.3;322.2222222;94.44444444;94.44444444;3.5
4003200;-8;-6;42;92;-7.9;-6;7.8;5.1;73.1;34.7;-3.5;-4.1;-3.7;-4.5;4.9;316.6666667;147.2222222;147.2222222;3.8
4004100;-8;-6;42;94;-7.9;-6;8.2;5.2;72;39.8;-3.4;-4;-3.6;-4.4;4.9;316.6666667;147.2222222;147.2222222;3.8
4005000;-8;-6;42;94;-7.9;-6;8.4;5;70.9;39.8;-3.2;-3.8;-3.4;-4.2;4.9;316.6666667;147.2222222;147.2222222;3.8
4005900;-7;-5;42;93;-7.4;-5.7;8.7;4.7;70.1;39.8;-3.1;-3.6;-3.2;-4;4.9;316.6666667;147.2222222;147.2222222;3.8
4006800;-7;-5;42;96;-7.4;-5.5;8.9;5.6;69.7;87.2;-2.8;-3.4;-3;-3.7;6.9;288.8888889;188.8888889;338.8888889;3.7
4007700;-7;-5;42;99;-7.3;-5.1;8.9;5.7;69.1;94.5;-2.4;-3.1;-2.7;-3.4;6.9;288.8888889;188.8888889;338.8888889;3.7
4008600;-7;-5;42;99;-6.9;-5;9.4;5.5;68.3;99;-2.2;-2.9;-2.5;-3.1;6.9;288.8888889;188.8888889;338.8888889;3.7
4009500;-7;-4;43;102;-6.7;-4.5;10;5.3;66.6;104.1;-1.7;-2.5;-2.1;-2.6;6.9;288.8888889;188.8888889;338.8888889;3.7
4010400;-6;-4;43;107;-6.1;-3.8;10.5;6.3;64.9;179.9;-1;-1.8;-1.4;-1.8;9.1;294.4444444;227.7777778;422.2222222;3.9
4011300;-5;-3;43;112;-5.2;-3;10.8;6.4;63.6;191.6;0;-0.8;-0.5;-0.8;9.1;294.4444444;227.7777778;422.2222222;3.9
4012200;-4;-2;43;116;-4.4;-2.1;11;6.3;63;207;0.9;0.1;0.5;0;9.1;294.4444444;227.7777778;422.2222222;3.9
4013100;-3;-1;43;122;-3.4;-0.9;11.6;6.2;61.2;230.2;2;1.2;1.7;1.1;9.1;294.4444444;227.7777778;422.2222222;3.9
4014000;-2;0;43;125;-2.6;0;12.4;7.8;58.7;289.9;2.9;1.9;2.4;2;10.2;311.1111111;294.4444444;338.8888889;3.7
4014900;-2;0;43;127;-2.4;0.2;13.1;8;57.1;299.1;3.1;2.1;2.7;2.3;10.2;311.1111111;294.4444444;338.8888889;3.7
4015800;-2;0;43;129;-2;0.5;13.4;8.2;56.1;299.1;3.4;2.5;3;2.5;10.2;311.1111111;294.4444444;338.8888889;3.7
4016700;-2;0;43;131;-1.9;0.8;13.3;8.6;56.8;299.1;3.7;2.8;3.3;2.8;10.2;311.1111111;294.4444444;338.8888889;3.7
4017600;-2;1;43;133;-1.4;1.1;13.5;9.8;56.6;294.8;4;3.1;3.6;3;10.9;325;191.6666667;202.7777778;4.5
4018500;-2;1;43;134;-1.4;1.5;14;10;55.2;294.1;4.3;3.4;3.8;3.2;10.9;325;191.6666667;202.7777778;4.5
4019400;-2;1;43;136;-1.1;1.7;14.2;10.2;55;294.1;4.6;3.7;4.1;3.4;10.9;325;191.6666667;202.7777778;4.5
4020300;-2;1;43;136;-0.9;2;14.1;10.5;55.5;294.1;4.7;3.8;4.2;3.5;10.9;325;191.6666667;202.7777778;4.5
4021200;-2;1;43;134;-0.9;2;14.4;11.1;55.3;317.8;4.4;3.5;3.9;3.1;11.5;308.3333333;158.3333333;166.6666667;4.1
4022100;-2;1;43;135;-0.9;1.6;14.9;11.3;54.6;323.7;4.3;3.5;3.8;3.1;11.5;308.3333333;158.3333333;166.6666667;4.1
4023000;-2;1;43;136;-0.9;1.9;14.7;11.2;54.4;323.7;4.7;3.8;4.2;3.6;11.5;308.3333333;158.3333333;166.6666667;4.1
4023900;-2;1;43;137;-0.9;2;14.8;11.1;54.8;323.7;4.8;4;4.3;3.7;11.5;308.3333333;158.3333333;166.6666667;4.1
4024800;-2;1;43;137;-0.9;2;14.9;10.9;54.3;270.5;4.7;4.1;4.3;3.7;11.4;322.2222222;72.22222222;72.22222222;2
4025700;-2;1;43;135;-0.9;2;14.3;10.9;55.9;257.2;4.3;3.8;4.1;3.4;11.4;322.2222222;72.22222222;72.22222222;2
4026600;-2;1;43;133;-0.9;1.8;14.1;10.8;56.8;257.2;3.9;3.4;3.7;3;11.4;322.2222222;72.22222222;72.22222222;2
4027500;-2;1;43;134;-0.9;1.5;13.6;10.7;57.9;257.2;4.1;3.4;3.8;3.1;11.4;322.2222222;72.22222222;72.22222222;2
4028400;-2;1;43;133;-1;1.5;13.4;10.3;58.6;195.7;4;3.2;3.6;2.8;11.5;308.3333333;33.33333333;36.11111111;1.5
4029300;-2;0;43;131;-1.4;1.5;13.3;10.2;59.6;186.2;3.7;3.1;3.4;2.5;11.5;308.3333333;33.33333333;36.11111111;1.5
4030200;-2;0;43;129;-1.4;1.1;13;10.4;60.7;186.2;3.4;2.9;3.2;2.2;11.5;308.3333333;33.33333333;36.11111111;1.5
4031100;-2;0;43;127;-1.6;1;12.7;10.8;61.6;186.2;3.1;2.7;3;2.3;11.5;308.3333333;33.33333333;36.11111111;1.5
4032000;-2;0;43;125;-2;0.6;12.1;9.8;62.9;98.9;2.6;2.3;2.6;1.8;10.3;286.1111111;0;0;2.1
4032900;-3;0;43;123;-2.5;0.1;11.5;9.7;64.6;85.5;2.1;1.8;2;1.2;10.3;286.1111111;0;0;2.1
4033800;-3;0;43;120;-3;-0.5;10.9;10.1;65.9;85.5;1.5;1.2;1.4;0.6;10.3;286.1111111;0;0;2.1
4034700;-4;0;43;116;-3.6;-1.2;10.2;10.6;68;85.5;0.9;0.5;0.8;0;10.3;286.1111111;0;0;2.1
4035600;-4;-2;43;115;-4;-1.6;9.4;10;70.2;26.6;0.5;0;0.3;-0.4;9.5;277.7777778;0;0;3.4
4036500;-4;-2;43;115;-4.4;-2;8.8;9.8;71.9;11.9;0.3;-0.3;0.1;-0.5;9.5;277.7777778;0;0;3.4
4037400;-5;-2;43;113;-4.4;-2.1;8.4;10.2;73.4;11.9;0.1;-0.6;-0.1;-0.9;9.5;277.7777778;0;0;3.4
4038300;-5;-2;43;112;-4.8;-2.5;8.1;10.8;74.6;11.9;-0.1;-0.8;-0.2;-1;9.5;277.7777778;0;0;3.4
4039200;-5;-2;43;112;-4.9;-2.5;8;10.5;75.3;2.4;-0.1;-0.7;-0.3;-1.2;7.4;286.1111111;0;0;4.2
4040100;-5;-3;43;109;-4.9;-2.5;7.5;10.4;75.5;0;-0.4;-1;-0.6;-1;7.4;286.1111111;0;0;4.2
4041000;-5;-3;43;110;-5.3;-3;7.2;10.3;76.8;0;-0.6;-1.2;-0.7;-1.4;7.4;286.1111111;0;0;4.2
4041900;-5;-2;43;113;-5.1;-2.7;7.2;10.2;78.1;0;0;-0.7;-0.2;-1;7.4;286.1111111;0;0;4.2
4042800;-5;-2;43;111;-4.9;-2.5;7.3;9.3;77.3;0;-0.3;-0.8;-0.5;-1.3;7.3;294.4444444;0;0;3.7
4043700;-5;-3;43;110;-4.9;-2.9;7.2;9.1;76.7;0;-0.5;-1.1;-0.8;-1.5;7.3;294.4444444;0;0;3.7
4044600;-5;-3;43;108;-5.3;-3;7;8.9;76.7;0;-0.8;-1.4;-1.1;-1.7;7.3;294.4444444;0;0;3.7
4045500;-6;-3;43;106;-5.6;-3.4;6.8;8.6;77;0;-1.3;-1.8;-1.5;-2.2;7.3;294.4444444;0;0;3.7
4046400;-6;-4;43;103;-6.1;-3.9;6.4;8.8;76.9;0;-1.9;-2.2;-1.9;-2.8;6.8;313.8888889;0;0;2.8
4047300;-6;-4;43;103;-6.4;-4;6.3;8.8;77.2;0;-1.9;-2.5;-2.1;-2.6;6.8;313.8888889;0;0;2.8
4048200;-6;-4;43;106;-6.1;-3.8;6.5;8.4;77.6;0;-1;-1.9;-1.2;-2;6.8;313.8888889;0;0;2.8
4049100;-5;-3;43;112;-5.2;-2.9;7.5;7.7;74.4;0;-0.1;-0.9;-0.3;-1.1;6.8;313.8888889;0;0;2.8
4050000;-4;-2;43;115;-4.5;-2.2;8.3;7.5;70.8;0;0.6;0;0.5;-0.5;8.7;333.3333333;0;0;3.7
4050900;-4;-2;43;117;-4;-1.6;8.7;7.5;68.7;0;1.1;0.6;1;-0.1;8.7;333.3333333;0;0;3.7
4051800;-4;-2;43;118;-3.9;-1.5;9.1;7.4;66.6;0;1.3;0.8;1.2;0.2;8.7;333.3333333;0;0;3.7
4052700;-3;-2;43;121;-3.4;-1;9.3;7.2;65.5;0;1.7;1.2;1.7;0.5;8.7;333.3333333;0;0;3.7
4053600;-3;0;43;122;-3.2;-0.5;9.6;7;64.6;0;2;1.6;1.9;0.8;8.3;338.8888889;0;0;5.2
4054500;-3;0;43;122;-2.9;-0.5;9.8;7;63.8;0;2;1.7;2;0.9;8.3;338.8888889;0;0;5.2
4055400;-3;0;43;121;-2.9;-0.5;9.9;6.8;63.5;0;1.9;1.5;1.9;0.9;8.3;338.8888889;0;0;5.2
4056300;-3;0;43;119.5;-2.85;-0.4;9.95;1.75;64.25;0;2.1;1.7;2.1;1.1;8.3;338.8888889;0;0;5.2
4057200;-3;0;43;118;-2.8;-0.3;10;-3.3;65;0;2.3;1.9;2.3;1.3;7.9;344.4444444;0;0;4
4058100;-2;0;43;121;-2.3;0.2;10.4;-5.7;66.7;0;3;2.4;2.8;1.8;7.9;344.4444444;0;0;4
4059000;-2;0;43;127;-1.9;0.5;10.7;-5.7;68.9;0;3.4;2.7;3.1;2.2;7.9;344.4444444;0;0;4
4059900;-2;0;43;127;-1.9;0.5;10.5;-5.7;72.6;0;3.2;2.8;3;2.1;7.9;344.4444444;0;0;4
4060800;-2;0;43;126;-1.9;0.5;10.3;-5.7;73.4;0;2.7;2.4;2.6;1.8;8.1;333.3333333;0;0;4.6
4061700;-2;0;43;125;-2.4;0.5;10.2;-5.7;75;0;2.5;2.1;2.4;1.5;8.1;333.3333333;0;0;4.6
4062600;-3;0;43;123;-2.4;0;10;-5.7;76;0;2.1;1.8;2.2;1.3;8.1;333.3333333;0;0;4.6
4063500;-3;0;43;123;-2.4;0;9.8;-5.7;77.3;0;2.1;1.7;2.1;1.3;8.1;333.3333333;0;0;4.6
4064400;-3;0;43;121;-2.9;-0.2;9.7;-6.1;78.3;0;1.8;1.5;1.8;0.9;7.8;308.3333333;0;0;2
4065300;-3;0;43;122;-2.9;-0.5;9.6;-6.3;78.7;0;1.9;1.5;1.9;0.9;7.8;308.3333333;0;0;2
4066200;-3;0;43;123;-2.9;-0.4;9.2;-6.3;79.8;0;2.3;1.7;2.1;1.3;7.8;308.3333333;0;0;2
4067100;-2;0;43;126;-2.6;0;9.1;-6.3;79.7;0;2.5;2.1;2.4;1.6;7.8;308.3333333;0;0;2
4068000;-2;0;43;125;-2.4;0;9;3.8;78.9;0;2.4;2.1;2.4;1.7;7.9;336.1111111;0;0;2.7
4068900;-2;0;43;126;-2.4;0;9.2;7.5;77.9;0;2.6;2.1;2.5;1.7;7.9;336.1111111;0;0;2.7
4069800;-2;0;43;127;-2.4;0;9.5;7.6;75.6;0;2.7;2.2;2.6;1.7;7.9;336.1111111;0;0;2.7
4070700;-2;0;43;127;-2.4;0.3;9.7;7.9;73.4;0;2.9;2.4;2.8;1.9;7.9;336.1111111;0;0;2.7
4071600;-2;0;43;127;-2.4;0.5;9.8;7.7;72.4;0;2.8;2.4;2.7;1.9;8;327.7777778;0;0;2.7
4072500;-2;0;43;126;-2.4;0.5;9.8;7.7;72.2;0;2.6;2.3;2.6;1.7;8;327.7777778;0;0;2.7
4073400;-2;0;43;125;-2.4;0.5;9.9;7.7;72.4;0;2.5;2.2;2.5;1.6;8;327.7777778;0;0;2.7
4074300;-2;0;43;126;-2.4;0.5;10;7.7;72.2;0;2.7;2.2;2.6;1.8;8;327.7777778;0;0;2.7
4075200;-2;0;43;126;-2.4;0.5;10;7.5;72.2;0;2.7;2.2;2.6;1.7;8.1;319.4444444;0;0;3.2
4076100;-2;0;43;126;-2.4;0.5;9.9;7.4;72.2;0;2.7;2.2;2.6;1.7;8.1;319.4444444;0;0;3.2
4077000;-2;0;43;127;-2.4;0.5;9.8;7.5;71.9;0;2.7;2.3;2.7;1.8;8.1;319.4444444;0;0;3.2
4077900;-2;0;43;126;-2.4;0.5;9.5;7.7;72.5;0;2.6;2.1;2.5;1.6;8.1;319.4444444;0;0;3.2
4078800;-2;0;43;125;-2.4;0.5;9.3;7.6;73;0;2.5;2.1;2.4;1.5;7.5;325;0;0;3.6
4079700;-3;0;43;123;-2.5;0.1;9.3;7.6;72.6;0;2.1;1.8;2.1;1.1;7.5;325;0;0;3.6
4080600;-3;0;43;120;-2.9;-0.5;8.9;7.7;73.6;0;1.5;1.2;1.4;0.7;7.5;325;0;0;3.6
4081500;-3;0;43;118;-3.4;-0.9;8.7;8;74.5;0;1.3;0.8;1.2;0.4;7.5;325;0;0;3.6
4082400;-4;0;43;115;-3.5;-1.1;8.8;7.8;75;0;1;0.6;0.9;0;8;327.7777778;27.77777778;27.77777778;3.2
4083300;-4;-1;43;115;-3.9;-1.5;8.9;7.7;74.7;0;0.7;0.3;0.5;-0.4;8;327.7777778;27.77777778;27.77777778;3.2
4084200;-4;-2;43;117;-3.9;-1.5;9.1;7.8;74.6;0;1;0.6;0.8;0;8;327.7777778;27.77777778;27.77777778;3.2
4085100;-3;-2;43;120;-3.6;-1.2;9.3;8;73.1;0;1.5;1.1;1.5;0.5;8;327.7777778;27.77777778;27.77777778;3.2
4086000;-3;0;43;124;-3.1;-0.6;9.6;7.9;71.7;1.9;2.1;1.6;2;1;7.9;327.7777778;86.11111111;86.11111111;4.1
4086900;-3;0;43;125;-2.9;-0.2;9.7;7.9;72;2.9;2.4;2;2.3;1.3;7.9;327.7777778;86.11111111;86.11111111;4.1
4087800;-2;0;43;127;-2.5;0;9.9;7.8;71.7;2.9;2.6;2.3;2.6;1.6;7.9;327.7777778;86.11111111;86.11111111;4.1
4088700;-2;0;43;130;-2.3;0.5;10.1;7.5;70.7;2.9;3;2.7;2.9;1.9;7.9;327.7777778;86.11111111;86.11111111;4.1
4089600;-2;0;43;130;-1.9;0.6;10.3;7.6;70.5;37.1;3.3;2.9;3.2;2.2;8.5;294.4444444;130.5555556;255.5555556;4.1
4090500;-2;0;43;132;-1.9;1;10.6;7.6;69.3;49.6;3.5;3.2;3.5;2.5;8.5;294.4444444;130.5555556;255.5555556;4.1
4091400;-2;1;43;135;-1.4;1.4;10.8;7.8;68.1;49.6;4;3.6;3.9;2.9;8.5;294.4444444;130.5555556;255.5555556;4.1
4092300;-2;1;43;134;-1;1.5;11;8.2;67.1;49.6;4.2;3.9;4.1;3.1;8.5;294.4444444;130.5555556;255.5555556;4.1
4093200;-2;1;43;134;-0.9;1.5;10.7;8.4;67.8;105.9;4.1;3.7;4;2.9;9.7;308.3333333;188.8888889;280.5555556;4.5
4094100;-2;1;43;138;-0.9;1.8;10.8;8.5;67;134.1;4.6;4.2;4.4;3.3;9.7;308.3333333;188.8888889;280.5555556;4.5
4095000;0;2;43;139;-0.5;2.3;11.2;8.5;64.5;136.8;5;4.6;4.9;3.8;9.7;308.3333333;188.8888889;280.5555556;4.5
4095900;0;2;43;141;-0.2;2.7;11.6;8.5;63;142.1;5.5;5;5.3;4.3;9.7;308.3333333;188.8888889;280.5555556;4.5
4096800;0;2;43;141;0.1;3;11.5;8.8;63;192;5.7;5.2;5.4;4.4;9.8;325;180.5555556;188.8888889;4.2
4097700;0;3;43;146;0.5;3.5;12.4;9;61.4;217;6.3;5.9;6.1;5.1;9.8;325;180.5555556;188.8888889;4.2
4098600;0;3;43;148;1.1;4;12.5;9.1;60.2;216.6;6.7;6.3;6.5;5.5;9.8;325;180.5555556;188.8888889;4.2
4099500;0;4;43;147;1.1;4.4;12.6;9.3;59.9;215.4;6.7;6.3;6.6;5.5;9.8;325;180.5555556;188.8888889;4.2
4100400;0;3;43;142;1;4;12.8;9.7;59.9;254.3;6.1;5.7;6;5;10;325;169.4444444;183.3333333;3.8
4101300;0;3;43;145;0.8;3.8;13.5;9.9;57.3;268.5;6.5;6;6.4;5.2;10;325;169.4444444;183.3333333;3.8
4102200;0;4;43;149;1.1;4.3;13.6;10;53.4;268.5;7;6.5;7;5.8;10;325;169.4444444;183.3333333;3.8
4103100;1;5;43;155;2.1;5.2;13.8;10.3;51.7;268.5;8.1;7.6;8;6.8;10;325;169.4444444;183.3333333;3.8
4104000;2;5;43;158;2.7;6;13.8;10.5;49.2;269.7;8.8;8.3;8.7;7.4;10.7;330.5555556;188.8888889;200;3
4104900;2;6;43;160;3.1;6.5;13.8;10.6;48;270.2;9.1;8.8;9.1;7.7;10.7;330.5555556;188.8888889;200;3
4105800;2;6;43;155;3.1;6.5;13.9;10.5;48;270.2;8.8;8.6;8.8;7.5;10.7;330.5555556;188.8888889;200;3
4106700;2;6;39;185;2.6;6.6;14;10.2;48.4;270.2;8.9;8.7;8.9;7.7;10.7;330.5555556;188.8888889;200;3
4107600;3;5;32;67;4.5;6.5;14.1;10.4;48.2;279.3;8.8;8.7;9;7.5;10.8;311.1111111;130.5555556;150;1.7
4108500;3;6;43;168;3.7;7;14;10.5;49.2;283.9;9.6;9.5;9.7;8.5;10.8;311.1111111;130.5555556;150;1.7
4109400;3;6;43;164;3.7;7;13.7;10.5;49.3;283.9;9.2;9;9.2;8;10.8;311.1111111;130.5555556;150;1.7
4110300;2;6;43;162;3.4;6.8;13.6;10.5;50.3;283.9;8.8;8.6;8.8;7.6;10.8;311.1111111;130.5555556;150;1.7
4111200;2;5;43;159;3.1;6.4;13.3;10.4;50.7;255.2;8.5;8.3;8.5;7.3;10.7;313.8888889;91.66666667;97.22222222;2.4
4112100;2;5;43;154;2.7;6;13.3;10.4;50.6;240.9;8;7.8;8;6.9;10.7;313.8888889;91.66666667;97.22222222;2.4
4113000;1;4;43;149;2.3;5.3;13.4;10.5;50.6;240.9;7.4;7.2;7.4;6.3;10.7;313.8888889;91.66666667;97.22222222;2.4
4113900;1;4;43;145;1.8;4.7;13.4;10.7;51.5;240.9;6.8;6.6;6.7;5.7;10.7;313.8888889;91.66666667;97.22222222;2.4
4114800;0;3;43;142;1.3;4.3;13.1;10.5;52.6;185.1;6.3;6.1;6.3;5.3;10.2;319.4444444;27.77777778;36.11111111;2.9
4115700;1;3;40;97;1.7;4;13;10.4;53.4;164.8;6.3;6;6.2;5.1;10.2;319.4444444;27.77777778;36.11111111;2.9
4116600;2;4;42;74;2.7;4.3;12.6;10.5;55.2;164.8;6.9;6.7;7;5.8;10.2;319.4444444;27.77777778;36.11111111;2.9
4117500;0;3;43;142;1.4;4.4;12.3;10.6;57.2;164.8;6.3;6;6.3;5.4;10.2;319.4444444;27.77777778;36.11111111;2.9
4118400;0;2;43;138;0.6;3.4;12.4;10.1;57.8;104.9;5.5;5;5.4;4.5;9.5;330.5555556;0;0;2.3
4119300;0;2;42;89;1.2;3;12.3;9.9;58.2;74.9;5.2;4.9;5.3;4.2;9.5;330.5555556;0;0;2.3
4120200;0;2;43;79;1.4;3;12;10;59.5;74.9;5.2;4.9;5.3;4.3;9.5;330.5555556;0;0;2.3
4121100;0;2;38;119;0.3;2.9;11.8;10.1;60.9;74.9;5.1;4.7;5;4.2;9.5;330.5555556;0;0;2.3
4122000;0;1;43;134;-0.7;2.1;11.5;9.7;62.3;33;4.1;3.6;4;3.1;9.1;313.8888889;0;0;2.3
4122900;-1;0;43;129;-1.6;1.2;10.9;9.5;64.2;12;3.2;2.7;3;2.2;9.1;313.8888889;0;0;2.3
4123800;-2;0;43;123;-2.3;0.2;10.7;9.6;65.1;12;2.2;1.8;2.1;1.3;9.1;313.8888889;0;0;2.3
4124700;-3;0;43;119;-2.9;-0.4;10.6;9.8;65;12;1.6;1.3;1.6;0.7;9.1;313.8888889;0;0;2.3
4125600;-3;0;43;116;-3.4;-0.9;10.3;9.5;66;4;1.1;0.8;1.2;0.1;9.1;280.5555556;0;0;2.8
4126500;-4;0;43;116;-3.5;-1.1;9.8;9.3;67.2;0;1;0.4;0.9;0;9.1;280.5555556;0;0;2.8
4127400;-4;0;43;118;-3.9;-1.5;9.4;9.2;69.3;0;1.1;0.5;1;0;9.1;280.5555556;0;0;2.8
4128300;-4;0;43;119;-3.9;-1.5;8.9;8.9;70.3;0;1.2;0.7;1.2;0;9.1;280.5555556;0;0;2.8
4129200;-4;0;43;117;-3.9;-1.5;8.5;8.2;71.1;0;1.1;0.5;0.9;0;8.6;266.6666667;0;0;1.9
4130100;-4;0;43;116;-3.9;-1.5;8;7.9;72.9;0;1;0.4;0.9;-0.1;8.6;266.6666667;0;0;1.9
4131000;-4;0;43;115;-3.9;-1.5;7.5;8;74;0;0.9;0.2;0.8;-0.1;8.6;266.6666667;0;0;1.9
4131900;-4;-2;43;113;-3.9;-1.7;7.2;8.1;75;0;0.6;-0.2;0.3;-0.4;8.6;266.6666667;0;0;1.9
4132800;-4;-2;43;111;-4.4;-2;6.9;7.7;75.7;0;0.1;-0.4;0.1;-0.5;7.2;261.1111111;0;0;3
4133700;-5;-2;43;111;-4.4;-2;6.7;7.5;76.7;0;0;-0.5;0;-0.6;7.2;261.1111111;0;0;3
4134600;-5;-2;43;107;-4.6;-2.4;6.4;7.8;77.2;0;-0.3;-1;-0.4;-1;7.2;261.1111111;0;0;3
4135500;-5;-3;43;108;-4.9;-2.5;6.1;8.6;78.1;0;-0.4;-1.2;-0.6;-1.2;7.2;261.1111111;0;0;3
4136400;-5;-3;43;108;-5.1;-2.9;5.8;8;78.6;0;-0.8;-1.3;-0.9;-1.4;5.1;258.3333333;0;0;3.7
4137300;-6;-3;43;105;-5.5;-3.3;5.6;7.7;79.4;0;-1.2;-1.7;-1.4;-2;5.1;258.3333333;0;0;3.7
4138200;-6;-4;43;101;-6.1;-3.9;5.3;7.8;79.8;0;-2;-2.3;-2;-2.8;5.1;258.3333333;0;0;3.7
4139100;-7;-4;42;100;-6.4;-4.5;5;7.9;80.6;0;-2.4;-2.7;-2.3;-3.1;5.1;258.3333333;0;0;3.7
4140000;-7;-5;42;98;-6.8;-4.6;4.8;7.4;81.8;0;-2.7;-2.9;-2.6;-3.5;4.1;255.5555556;0;0;3.7
4140900;-7;-5;42;95;-6.9;-5;4.7;7.1;81.8;0;-2.9;-3.2;-3;-3.7;4.1;255.5555556;0;0;3.7
4141800;-7;-5;42;94;-7.3;-5;4.5;6.9;82.5;0;-3.2;-3.4;-3.1;-4;4.1;255.5555556;0;0;3.7
4142700;-7.5;-5.5;42;91.5;-7.35;-5.25;4.3;2.65;82.6;0;-3.4;-3.6;-3.3;-4.2;4.1;255.5555556;0;0;3.7
4143600;-8;-6;42;89;-7.4;-5.5;4.1;-1.6;82.7;0;-3.6;-3.8;-3.5;-4.4;3.6;255.5555556;0;0;4.3
4144500;-8;-6;42;89;-7.6;-5.9;4.1;-5.7;83.1;0;-3.8;-4;-3.7;-4.5;3.6;255.5555556;0;0;4.3
4145400;-8;-6;42;89;-7.9;-6;3.9;-5.7;82.9;0;-4;-4.2;-4;-4.8;3.6;255.5555556;0;0;4.3
4146300;-8;-6;42;88;-7.9;-6;3.9;-5.7;84.1;0;-4.1;-4.3;-4.1;-5;3.6;255.5555556;0;0;4.3
4147200;-8;-6;42;88;-8.2;-6.4;3.7;-5.7;83.6;0;-4.3;-4.5;-4.3;-5.1;3.2;261.1111111;0;0;4.2
4148100;-8;-6;42;88;-8.4;-6.5;3.6;-5.7;83.6;0;-4.4;-4.7;-4.5;-5.1;3.2;261.1111111;0;0;4.2
4149000;-9;-7;42;87;-8.4;-6.6;3.5;-5.7;83.6;0;-4.6;-4.9;-4.7;-5.5;3.2;261.1111111;0;0;4.2
4149900;-4;-6;33;22;-3.7;-6.6;3.4;-5.7;83.6;0;-3.9;-3.8;-3.6;-5;3.2;261.1111111;0;0;4.2
4150800;-6;-4;43;99;-5.8;-3.8;3.3;8.3;83.6;0;-1.6;-1.9;-1.6;-2.3;2.4;261.1111111;0;0;4
4151700;-7;-5;42;92;-6.9;-4.9;3.2;8.3;83.8;0;-3.1;-3.3;-3;-3.6;2.4;261.1111111;0;0;4
4152600;-8;-6;42;89;-7.6;-5.7;3.2;8.3;83.6;0;-3.9;-4.1;-3.9;-4.5;2.4;261.1111111;0;0;4
4153500;-8;-6;42;87;-8.2;-6.4;3.1;8.3;83.6;0;-4.5;-4.7;-4.5;-5.2;2.4;261.1111111;0;0;4
4154400;-7;-6;10;18;-6.9;-6.2;3.1;3;83.6;0;-4.6;-4.8;-4.6;-5.5;2;255.5555556;0;0;3.6
4155300;-6;-3;0;0;-6.2;-3.4;3.1;2.6;83.6;0;-3.9;-4.2;-3.9;-5;2;255.5555556;0;0;3.6
4156200;-7;-5;36;79;-6.9;-4.6;3;2.6;83.9;0;-2.9;-3.3;-2.9;-3.9;2;255.5555556;0;0;3.6
4157100;-8;-6;42;89;-7.7;-5.8;2.9;2.7;83.6;0;-3.9;-4.2;-3.9;-4.7;2;255.5555556;0;0;3.6
4158000;-8;-7;42;87;-8.4;-6.6;2.7;2.8;83.6;0;-4.6;-4.8;-4.6;-5.4;1.7;252.7777778;0;0;3.4
4158900;-6;-5;5;8;-6.8;-5.8;2.6;2.8;83.9;0;-4.5;-4.6;-4.4;-5.5;1.7;252.7777778;0;0;3.4
4159800;-6;-2;1;4;-6.2;-3;2.5;2.6;84.1;0;-3.9;-4;-3.8;-5;1.7;252.7777778;0;0;3.4
4160700;-7;-5;42;90;-7.2;-5;2.3;2.4;84.1;0;-3.3;-3.6;-3.2;-4.1;1.7;252.7777778;0;0;3.4
4161600;-8;-6;42;87;-8.1;-6.3;2.3;2;84.1;0;-4.4;-4.7;-4.4;-4.9;1.3;252.7777778;0;0;3.1
4162500;-7;-6;15;30;-7.3;-6.6;2.2;1.9;84.5;0;-4.7;-4.9;-4.6;-5.5;1.3;252.7777778;0;0;3.1
4163400;-6;-3;0;0;-6.3;-3.8;2.1;1.7;84.6;0;-4.1;-4.3;-3.9;-5.1;1.3;252.7777778;0;0;3.1
4164300;-7;-4;26;58;-6.7;-4.2;2;1.4;84.6;0;-3.3;-3.6;-3.2;-4.2;1.3;252.7777778;0;0;3.1
4165200;-8;-6;42;87;-8;-6.2;2;1.4;84.7;0;-4.4;-4.6;-4.3;-5;1.3;261.1111111;0;0;3.4
4166100;-8;-6;12;23;-7.3;-6.4;1.9;1.4;84.7;0;-4.7;-4.9;-4.6;-5.5;1.3;261.1111111;0;0;3.4
4167000;-6;-3;0;0;-6.5;-3.9;1.8;1.5;84.9;0;-4.1;-4.3;-4.1;-5.1;1.3;261.1111111;0;0;3.4
4167900;-7;-4;26;57;-6.7;-4.2;1.9;1.5;85.1;0;-3.3;-3.8;-3.4;-4.1;1.3;261.1111111;0;0;3.4
4168800;-8;-6;42;85;-8;-6.1;2.1;1.6;85.1;0.1;-4.1;-4.5;-4.2;-4.7;1.2;269.4444444;36.11111111;36.11111111;3.7
4169700;-8;-7;31;62;-8.1;-6.8;2.2;1.6;85.4;0.1;-4.7;-5;-4.7;-5.5;1.2;269.4444444;36.11111111;36.11111111;3.7
4170600;-7;-3;0;0;-6.8;-3.9;2.3;1.4;85.1;0.1;-4.3;-4.4;-4.2;-5.3;1.2;269.4444444;36.11111111;36.11111111;3.7
4171500;-6;-3;12;30;-6.5;-2.7;2.5;1.3;85.1;0.1;-3.3;-3.5;-3.3;-4.5;1.2;269.4444444;36.11111111;36.11111111;3.7
4172400;-7;-5;42;90;-7.3;-5.3;2.8;2.3;84.6;11.2;-3.6;-3.7;-3.4;-4.3;1.4;266.6666667;111.1111111;133.3333333;3.5
4173300;-8;-6;42;89;-7.9;-6;3.1;2.3;84.4;11.2;-4;-4.3;-4;-4.9;1.4;266.6666667;111.1111111;133.3333333;3.5
4174200;-8;-6;42;88;-8.2;-6.5;3.4;2.2;84.1;11.2;-4.4;-4.6;-4.3;-5.2;1.4;266.6666667;111.1111111;133.3333333;3.5
4175100;-9;-7;42;87;-8.2;-6.5;3.7;2.1;83.8;11.2;-4.5;-4.7;-4.4;-5.4;1.4;266.6666667;111.1111111;133.3333333;3.5
4176000;-8;-7;42;87;-8.2;-6.5;4.1;3.5;83.2;91.4;-4.3;-4.6;-4.3;-5.4;3.3;266.6666667;180.5555556;294.4444444;3.1
4176900;-8;-6;42;90;-8.2;-6.4;4.6;3.6;81.1;97.1;-3.9;-4.1;-3.8;-4.9;3.3;266.6666667;180.5555556;294.4444444;3.1
4177800;-7;-5;42;94;-7.6;-5.7;5.3;3.1;79.2;97.1;-3.1;-3.3;-3;-4.2;3.3;266.6666667;180.5555556;294.4444444;3.1
4178700;-7;-4;43;97;-6.8;-4.8;5.9;2.5;77.5;97.1;-2;-2.3;-2;-3.3;3.3;266.6666667;180.5555556;294.4444444;3.1
4179600;-5;-3;43;105;-5.7;-3.5;7;4.1;74.5;183.5;-0.8;-0.9;-0.7;-2.1;6.4;283.3333333;236.1111111;377.7777778;3.6
4180500;-4;-2;43;111;-4.6;-2.3;8;4.3;69.4;196.8;0.3;0.2;0.5;-0.9;6.4;283.3333333;236.1111111;377.7777778;3.6
4181400;-4;-2;43;115;-3.9;-1.5;8.5;3.7;67.6;196.2;1.2;1;1.3;-0.1;6.4;283.3333333;236.1111111;377.7777778;3.6
4182300;-3;-1;43;118;-3.1;-0.7;9.4;2.8;65;195.3;1.9;1.8;2;0.7;6.4;283.3333333;236.1111111;377.7777778;3.6
4183200;-2;0;43;123;-2.5;0;9.9;4.5;61.8;249.3;2.6;2.5;2.8;1.3;8.3;297.2222222;272.2222222;366.6666667;3
4184100;-2;0;43;128;-1.7;0.9;10.8;4.9;60;262.8;3.6;3.5;3.6;2.2;8.3;297.2222222;272.2222222;366.6666667;3
4185000;-1;1;43;132;-1;1.8;11.2;4.9;58.2;260.7;4.5;4.4;4.5;3.1;8.3;297.2222222;272.2222222;366.6666667;3
4185900;0;2;43;141;0.2;3.1;11.5;4.9;56.2;256.6;5.8;5.7;5.8;4.6;8.3;297.2222222;272.2222222;366.6666667;3
4186800;0;3;43;144;1.1;3.9;11.9;6.3;54.9;279.1;6.6;6.5;6.7;5.5;9.4;308.3333333;263.8888889;286.1111111;2.7
4187700;1;4;43;147;1.3;4.5;11.9;6.8;55.6;287.3;7;6.8;7;5.8;9.4;308.3333333;263.8888889;286.1111111;2.7
4188600;1;4;43;149;1.7;4.8;12.5;7.6;54.3;287.3;7.3;7.1;7.3;6.1;9.4;308.3333333;263.8888889;286.1111111;2.7
4189500;1;4;43;150;1.8;5;13;8;52.8;287.3;7.6;7.4;7.6;6.4;9.4;308.3333333;263.8888889;286.1111111;2.7
4190400;2;5;43;154;2.3;5.5;13.6;9;51;274.5;8.2;8;8.1;6.9;10.8;322.2222222;186.1111111;186.1111111;3.1
4191300;2;5;43;153;2.8;5.5;13.9;9.5;50.1;268.1;8.1;7.9;8.1;6.9;10.8;322.2222222;186.1111111;186.1111111;3.1
4192200;1;5;43;150;2.5;5.5;14.2;9.6;50;268.1;7.6;7.5;7.6;6.5;10.8;322.2222222;186.1111111;186.1111111;3.1
4193100;1;4;43;147;2;5;13.9;9.6;49.7;268.1;7.1;6.9;7.1;5.9;10.8;322.2222222;186.1111111;186.1111111;3.1
4194000;0;4;43;146;1.8;4.6;14.1;10.7;50.6;271.5;6.9;6.6;6.8;5.6;11.2;322.2222222;125;125;4.4
4194900;0;4;43;146;1.8;4.5;14.6;10.7;49.8;271.5;6.9;6.5;6.7;5.5;11.2;322.2222222;125;125;4.4
4195800;0;3;43;142;1.3;4.2;14.8;10.7;49.7;271.5;6.2;6.1;6.2;5.1;11.2;322.2222222;125;125;4.4
4196700;0;3;43;141;0.7;3.7;14.5;10.7;50.3;271.5;5.7;5.5;5.7;4.6;11.2;322.2222222;125;125;4.4
4197600;0;2;43;139;0.3;3.2;14.6;11.1;50.4;245.3;5.3;5.1;5.2;4.1;12;313.8888889;100;108.3333333;2.8
4198500;0;2;43;138;-0.1;3;14.4;11.1;50.2;243.4;5;4.8;5;3.9;12;313.8888889;100;108.3333333;2.8
4199400;0;2;43;141;-0.1;3;14.4;11.1;50.6;243.4;5.3;5.1;5.4;4.3;12;313.8888889;100;108.3333333;2.8
4200300;0;3;43;144;0.5;3.4;14.3;11.1;50.6;243.4;6;5.7;6.1;4.8;12;313.8888889;100;108.3333333;2.8
4201200;0;3;43;142;0.8;3.5;14.3;11.1;51.9;197.6;5.9;5.4;5.8;4.6;11.9;300;36.11111111;36.11111111;2.4
4202100;0;2;43;139;0.2;3.2;14.2;11.1;52.8;167;5.2;4.8;5.1;4.1;11.9;300;36.11111111;36.11111111;2.4
4203000;0;1;43;135;-0.4;2.4;14;11.2;55.1;167;4.5;4.2;4.4;3.5;11.9;300;36.11111111;36.11111111;2.4
4203900;0;1;43;132;-0.8;1.9;13.5;11.2;55.9;167;3.9;3.7;4;3;11.9;300;36.11111111;36.11111111;2.4
4204800;0;1;43;132;-1.2;1.5;13;10.7;54.6;96.4;3.7;3.4;3.7;3;11.5;300;0;0;3.1
4205700;0;1;43;132;-1.2;1.5;12.6;10.7;51;96.4;3.6;3.3;3.6;2.9;11.5;300;0;0;3.1
4206600;0;0;43;131;-1.2;1.5;12.3;11.1;49.2;96.4;3.4;3.1;3.5;2.9;11.5;300;0;0;3.1
4207500;-2;0;43;131;-1.2;1.5;12;11.5;47.8;96.4;3.5;3.1;3.4;2.8;11.5;300;0;0;3.1
4208400;-2;0;43;132;-1.2;1.5;11.8;11.1;46.7;22.7;3.6;3.3;3.4;2.8;10.9;311.1111111;0;0;3.2
4209300;-2;0;43;128;-1.5;1.2;11.6;11.1;46.5;17.4;3.2;2.8;3;2.2;10.9;311.1111111;0;0;3.2
4210200;-2;0;43;126;-2;0.6;11.3;11.3;46.3;17.4;2.9;2.4;2.7;2;10.9;311.1111111;0;0;3.2
4211100;-2;0;43;128;-2.2;0.5;11.4;11.6;45.8;17.4;2.9;2.7;2.8;2;10.9;311.1111111;0;0;3.2
4212000;-2;0;43;122;-2.2;0.3;11.4;11;47.5;2.3;2.2;2.1;2.3;1.4;10.1;302.7777778;0;0;2.7
4212900;-3;0;43;117;-2.9;-0.3;11;10.9;48.4;0;1.6;1.4;1.6;0.6;10.1;302.7777778;0;0;2.7
4213800;-4;0;43;115;-3.3;-1;10.7;10.9;48.4;0;1.2;0.7;0.9;0.3;10.1;302.7777778;0;0;2.7
4214700;-4;-1;43;113;-3.7;-1.4;10.4;11;49.9;0;0.7;0.3;0.7;-0.3;10.1;302.7777778;0;0;2.7
4215600;-4;-2;43;110;-4.2;-1.9;10;10.4;52.3;0;0.2;-0.2;0.1;-0.8;9.9;305.5555556;0;0;3.5
4216500;-5;-2;43;108;-4.6;-2.3;9.8;10.3;54;0;-0.1;-0.6;-0.2;-1.1;9.9;305.5555556;0;0;3.5
4217400;-5;-2;43;111;-4.7;-2.5;9.7;10.3;53.8;0;0;-0.5;-0.1;-1;9.9;305.5555556;0;0;3.5
4218300;-5;-2;43;110;-4.7;-2.5;9.8;10.3;53.1;0;0;-0.5;-0.1;-1;9.9;305.5555556;0;0;3.5
4219200;-5;-2;43;108;-4.7;-2.5;9.7;10.4;53.4;0;-0.2;-0.7;-0.4;-1.4;9.9;316.6666667;0;0;2.7
4220100;-5;-3;43;108;-4.7;-2.5;9.7;10.4;54.1;0;-0.3;-0.8;-0.4;-1.5;9.9;316.6666667;0;0;2.7
4221000;-5;-3;43;107;-4.7;-2.5;9.5;10.4;54.7;0;-0.3;-0.7;-0.3;-1.3;9.9;316.6666667;0;0;2.7
4221900;-4;-2;43;115;-4.4;-2.1;9.9;10.3;49.7;0;0.7;0.2;0.6;-0.4;9.9;316.6666667;0;0;2.7
4222800;-3;-1;43;120;-3.4;-1;10.4;10.1;48.5;0;1.7;1.4;1.9;0.5;10.8;330.5555556;0;0;4.7
4223700;-2;0;43;126;-2.4;0.1;11.2;10;47.8;0;2.8;2.5;3;1.6;10.8;330.5555556;0;0;4.7
4224600;-2;0;43;127;-1.8;0.7;11.4;9.9;48.6;0;3.3;2.9;3.4;2.1;10.8;330.5555556;0;0;4.7
4225500;-2;0;43;128;-1.7;1;11.4;9.8;50.3;0;3.5;3.1;3.5;2.2;10.8;330.5555556;0;0;4.7
4226400;-2;0;43;128;-1.7;1;11.4;9.2;51.8;0;3.4;3.1;3.6;2.2;10.3;341.6666667;0;0;4.5
4227300;-2;0;43;128;-1.7;1;11.5;9.2;56.9;0;3.3;3;3.5;2.4;10.3;341.6666667;0;0;4.5
4228200;-2;1;43;130;-1.5;1.2;11.7;9.3;61.6;0;3.8;3.4;3.8;2.8;10.3;341.6666667;0;0;4.5
4229100;-2;0.5;43;126;-1.35;1.35;11.65;9.3;62.35;0;3.65;3.3;3.6;2.65;10.3;341.6666667;0;0;4.5
4230000;-2;0;43;122;-1.2;1.5;11.6;9.3;63.1;0;3.5;3.2;3.4;2.5;9.4;319.4444444;0;0;3.5
4230900;0;1;19;41;0.7;1.8;11.2;9.3;66.9;0;4.2;4;4.3;3.2;9.4;319.4444444;0;0;3.5
4231800;0;2;38;100;0.5;2.6;11;9.3;70;0;4.9;4.6;5;3.9;9.4;319.4444444;0;0;3.5
4232700;0;1;43;138;-0.3;2.6;10.9;9.3;70.6;0;4.6;4.2;4.5;3.6;9.4;319.4444444;0;0;3.5
4233600;0;1;43;135;-0.6;2.1;10.7;8.9;70.6;0;4.2;3.8;4.2;3.1;9.2;344.4444444;0;0;2.7
4234500;0;1;43;133;-1;1.5;10.6;8.8;71.5;0;3.8;3.4;3.8;2.8;9.2;344.4444444;0;0;2.7
4235400;-1;0;43;131;-1.2;1.5;10.6;8.8;71.8;0;3.7;3.2;3.5;2.6;9.2;344.4444444;0;0;2.7
4236300;-2;0;43;132;-1.5;1.5;10.7;8.8;71.6;0;3.7;3.3;3.6;2.7;9.2;344.4444444;0;0;2.7
4237200;-2;1;43;136;-1.2;1.5;11;8.4;71.6;0;4.2;3.8;4.1;3;7.3;336.1111111;0;0;2.4
4238100;-1;1;43;136;-0.8;1.9;10.8;8.3;74.2;0;4.6;4.2;4.5;3.6;7.3;336.1111111;0;0;2.4
4239000;0;1;43;137;-0.5;2;9.8;8.3;74.9;0;4.6;4.3;4.6;3.6;7.3;336.1111111;0;0;2.4
4239900;0;1;43;135;-0.7;2;9.6;8.3;74.3;0;4.1;3.9;4.2;3.2;7.3;336.1111111;0;0;2.4
4240800;0;1;43;132;-1;1.7;9.5;7.9;73.4;0;3.6;3.5;3.8;2.8;6.4;327.7777778;0;0;3
4241700;-1;0;43;130;-1.4;1.2;9.3;7.7;72.5;0;3.3;3.1;3.3;2.3;6.4;327.7777778;0;0;3
4242600;-2;0;43;128;-1.5;1;9.3;7.9;71.1;0;3;2.8;3.1;2.1;6.4;327.7777778;0;0;3
4243500;-2;0;43;128;-2;1;9.1;8.5;70.7;0;2.9;2.7;3;2;6.4;327.7777778;0;0;3
4244400;-2;0;43;125;-2;0.5;8.8;8;71.4;0;2.6;2.3;2.6;1.6;6.4;333.3333333;0;0;2
4245300;-2;0;43;124;-2.4;0.3;8.9;7.8;71.9;0;2.3;2.1;2.3;1.3;6.4;333.3333333;0;0;2
4246200;-3;0;43;122;-2.5;0;8.9;7.2;71.6;0;2.1;1.8;2.2;1.1;6.4;333.3333333;0;0;2
4247100;-3;0;43;123;-2.5;0;8.9;6.8;70.5;0;2.2;1.9;2.2;1.2;6.4;333.3333333;0;0;2
4248000;-3;0;43;123;-2.5;0;8.9;6.1;69.6;0;2.1;1.8;2.2;1.2;6.2;330.5555556;0;0;2.3
4248900;-3;0;43;123;-2.7;0;8.9;6.1;71;0;1.9;1.6;1.9;0.9;6.2;330.5555556;0;0;2.3
4249800;-3;0;43;122;-3;-0.1;8.9;5.9;72.5;0;1.9;1.5;1.9;0.9;6.2;330.5555556;0;0;2.3
4250700;-3;0;43;120;-3;-0.5;8.8;5.7;73.6;0;1.6;1.2;1.5;0.6;6.2;330.5555556;0;0;2.3
4251600;-4;0;43;118;-3.5;-1;8.9;5.3;74;0;1.1;0.9;1.1;0.3;5.8;327.7777778;0;0;2.1
4252500;-4;0;43;117;-3.5;-1;8.8;5.3;74.4;0;0.9;0.7;1;0.1;5.8;327.7777778;0;0;2.1
4253400;-4;0;43;116;-3.5;-1.1;8.8;5.6;73.8;0;0.7;0.5;0.9;-0.1;5.8;327.7777778;0;0;2.1
4254300;-4;-1;43;115;-3.9;-1.5;8.8;5.9;73;0;0.5;0.3;0.8;-0.4;5.8;327.7777778;0;0;2.1
4255200;-4;-2;43;113;-4;-1.5;8.8;5.6;73.4;0;0.4;0.3;0.8;-0.4;5.8;330.5555556;13.88888889;13.88888889;3.5
4256100;-4;-2;43;116;-4;-1.5;8.8;5.5;73.6;0;0.6;0.6;1;-0.3;5.8;330.5555556;13.88888889;13.88888889;3.5
4257000;-4;-2;43;117;-4;-1.5;8.8;5.7;73.6;0;1;0.8;1.1;-0.2;5.8;330.5555556;13.88888889;13.88888889;3.5
4257900;-4;-2;43;117;-4;-1.5;9;5.9;73.8;0;1;0.8;1.1;0.1;5.8;330.5555556;13.88888889;13.88888889;3.5
4258800;-3;-2;43;119;-3.6;-1.2;9.1;6;72.6;5.1;1.3;1.1;1.4;0.4;5.8;336.1111111;58.33333333;58.33333333;3.5
4259700;-3;-2;43;119;-3.5;-1;9.1;6;72.5;6.9;1.3;1.2;1.4;0.4;5.8;336.1111111;58.33333333;58.33333333;3.5
4260600;-3;-2;43;118;-3.5;-1;9.3;6;72.7;6.9;1.3;1.1;1.3;0.3;5.8;336.1111111;58.33333333;58.33333333;3.5
4261500;-3;-2;43;120;-3.5;-1;9.5;6;73.9;6.9;1.5;1.4;1.6;0.6;5.8;336.1111111;58.33333333;58.33333333;3.5
4262400;-3;0;43;123;-3;-0.4;9.6;6.5;75.3;53.4;2.1;2;2.2;1.2;6.4;333.3333333;155.5555556;172.2222222;2.3
4263300;-2;0;43;125;-2.5;0;9.7;6.7;75.7;70.3;2.4;2.3;2.5;1.6;6.4;333.3333333;155.5555556;172.2222222;2.3
4264200;-2;0;43;127;-2.5;0.3;10.4;6.7;75;70.3;2.8;2.6;2.7;1.9;6.4;333.3333333;155.5555556;172.2222222;2.3
4265100;-2;0;43;126;-2;0.5;10.8;6.6;73.4;70.3;3;2.8;3;2;6.4;333.3333333;155.5555556;172.2222222;2.3
4266000;-2;0;43;129;-2;0.6;10.9;7.2;72.4;119.7;3.2;3.1;3.3;2.3;8;311.1111111;219.4444444;355.5555556;1.7
4266900;-2;0;43;132;-1.5;1.2;11.4;7.4;70.2;137.7;3.6;3.5;3.7;2.7;8;311.1111111;219.4444444;355.5555556;1.7
4267800;-2;1;43;135;-1.2;1.5;11.2;7.2;69.7;141.5;4;4;4.1;3;8;311.1111111;219.4444444;355.5555556;1.7
4268700;-2;1;43;136;-1;1.7;11.2;6.7;72;149;4.3;4.1;4.3;3.2;8;311.1111111;219.4444444;355.5555556;1.7
4269600;0;2;43;140;-0.5;2.3;11.8;7.6;69.3;210.2;5.1;4.8;5;3.8;9.3;311.1111111;236.1111111;302.7777778;2
4270500;0;2;43;141;0;2.7;11.7;7.8;69.6;225.5;5.3;5.1;5.3;4.1;9.3;311.1111111;236.1111111;302.7777778;2
4271400;0;2;43;143;0.1;3.1;12.1;7.7;67.2;217.6;5.7;5.5;5.7;4.5;9.3;311.1111111;236.1111111;302.7777778;2
4272300;0;3;43;148;0.8;3.9;12.5;7.6;64.9;213.6;6.6;6.4;6.6;5.5;9.3;311.1111111;236.1111111;302.7777778;2
4273200;1;4;43;150;1.6;4.7;13;8.6;64.7;246.5;7.4;7.2;7.3;6.3;9.6;338.8888889;172.2222222;177.7777778;1.1
4274100;2;5;43;157;2.5;5.8;13.8;8.6;61.2;246.5;8.3;8.2;8.2;7.1;9.6;338.8888889;172.2222222;177.7777778;1.1
4275000;2;5;43;153;2.5;5.9;14.1;8.8;60.4;246.5;8;7.9;7.9;6.7;9.6;338.8888889;172.2222222;177.7777778;1.1
4275900;1;4;43;151;2.5;5.5;13.1;8.9;63.2;246.5;7.5;7.4;7.6;6.4;9.6;338.8888889;172.2222222;177.7777778;1.1
4276800;1;5;43;153;2.5;5.5;13.5;9.7;62.6;284.2;7.8;7.7;7.9;6.7;10.6;333.3333333;194.4444444;216.6666667;1.6
4277700;2;5;43;157;2.5;5.9;14.5;9.8;59.9;286.9;8.3;8.2;8.2;7.1;10.6;333.3333333;194.4444444;216.6666667;1.6
4278600;2;5;43;156;2.5;6;15;10;59;286.9;8.3;8.2;8.2;7.1;10.6;333.3333333;194.4444444;216.6666667;1.6
4279500;3;6;43;165;3.3;6.7;15.6;10.2;56.9;286.9;9.4;9.4;9.4;8.1;10.6;333.3333333;194.4444444;216.6666667;1.6
4280400;3;7;43;168;4;7.5;16.2;10.7;54.4;278.2;10.1;10;10.1;8.7;12;316.6666667;183.3333333;297.2222222;2.2
4281300;4;7;43;171;4.4;7.9;16.2;10.8;53.1;276.9;10.5;10.4;10.5;9.1;12;316.6666667;183.3333333;297.2222222;2.2
4282200;3;7;43;168;4.5;8;15.7;10.8;55.1;276.9;10.3;10.1;10.2;8.8;12;316.6666667;183.3333333;297.2222222;2.2
4283100;4;7;43;170;4.5;8;15.4;10.8;57;276.9;10.5;10.4;10.4;9.1;12;316.6666667;183.3333333;297.2222222;2.2
4284000;3;7;43;162;4.2;7.6;15.1;11;57.1;229.5;9.5;9.4;9.5;8.2;12.1;313.8888889;113.8888889;150;2.5
4284900;2;6;43;156;3.5;6.9;15.4;11;56.1;217.7;8.9;8.8;8.9;7.6;12.1;313.8888889;113.8888889;150;2.5
4285800;2;5;43;152;3.3;6.4;15.4;10.9;57;217.7;8.4;8.3;8.5;7.2;12.1;313.8888889;113.8888889;150;2.5
4286700;3;5;39;100;3.7;6;15.8;10.8;55.6;217.7;8.4;8.4;8.6;7.2;12.1;313.8888889;113.8888889;150;2.5
4287600;4;6;43;101;5.2;6.7;15.5;10.8;55.5;179.7;9.4;9.3;9.5;8;12.5;294.4444444;52.77777778;72.22222222;2.1
4288500;3;6;43;161;3.7;7;15.1;10.8;56.9;165.9;9;8.8;9.1;7.8;12.5;294.4444444;52.77777778;72.22222222;2.1
4289400;2;5;43;155;3.2;6.4;14.8;11.5;58.2;165.9;8.4;8.2;8.5;7.2;12.5;294.4444444;52.77777778;72.22222222;2.1
4290300;2;5;43;150;2.6;5.7;14.4;11.9;59.5;165.9;7.7;7.4;7.8;6.5;12.5;294.4444444;52.77777778;72.22222222;2.1
4291200;1;4;43;145;1.8;4.9;14.1;11.4;60.1;109.3;6.8;6.4;6.9;5.7;11.5;294.4444444;2.777777778;2.777777778;3.6
4292100;0;3;43;141;0.9;3.9;13.6;11.2;61.9;81;5.8;5.4;5.9;4.8;11.5;294.4444444;2.777777778;2.777777778;3.6
4293000;0;2;43;138;0.3;3.2;13;11.3;63.7;81;5.1;4.9;5.2;4.4;11.5;294.4444444;2.777777778;2.777777778;3.6
4293900;0;2;43;134;-0.3;2.5;12.4;11.4;65.3;81;4.4;4.1;4.4;3.8;11.5;294.4444444;2.777777778;2.777777778;3.6
4294800;-1;0;43;128;-1.1;1.6;11.7;11.1;67.8;9.7;3.4;3.1;3.4;2.7;10;291.6666667;0;0;2.9
4295700;-2;0;43;123;-2;0.6;11.1;11.1;69.9;9.7;2.7;2.2;2.5;1.8;10;291.6666667;0;0;2.9
4296600;-3;0;43;122;-2.5;0.1;10.7;11.7;71.4;9.7;2.2;1.6;2.1;1.2;10;291.6666667;0;0;2.9
4297500;-3;0;43;120;-2.8;-0.4;10.4;12.2;72.9;9.7;1.8;1.1;1.6;0.8;10;291.6666667;0;0;2.9
4298400;-3;0;43;118;-3.2;-0.5;10.1;11.7;74;0.6;1.5;1;1.4;0.6;9.5;286.1111111;0;0;1.8
4299300;-4;0;43;115;-3.4;-1;9.7;11.7;74.8;0;1;0.6;1;0.2;9.5;286.1111111;0;0;1.8
4300200;-4;0;43;114;-3.7;-1.5;9.4;11.4;76.7;0;0.8;0.3;0.6;-0.1;9.5;286.1111111;0;0;1.8
4301100;-4;-2;43;113;-4.1;-1.5;9.2;11.1;77.2;0;0.5;0.1;0.3;-0.5;9.5;286.1111111;0;0;1.8
4302000;-4;-2;43;112;-4.2;-1.9;9;10.6;78.3;0;0.3;-0.1;0.2;-0.7;7.6;286.1111111;0;0;2.2
4302900;-4;-2;43;114;-4.2;-2;8.8;10.5;78.6;0;0.1;-0.3;0;-0.8;7.6;286.1111111;0;0;2.2
4303800;-5;-2;43;113;-4.7;-2;8.7;10.1;79;0;0;-0.5;-0.1;-0.9;7.6;286.1111111;0;0;2.2
4304700;-5;-2;43;113;-4.7;-2;8.5;9.6;79.5;0;0.3;-0.6;0;-0.6;7.6;286.1111111;0;0;2.2
4305600;-5;-2;43;113;-4.7;-2;8.3;9.3;80.6;0;0.2;-0.5;0;-0.7;8.2;325;0;0;2.7
4306500;-5;-2;43;112;-4.7;-2.2;8.2;9.2;81.1;0;-0.2;-0.6;-0.2;-1.2;8.2;325;0;0;2.7
4307400;-5;-2;43;111;-4.7;-2.5;8.3;9.2;81.1;0;-0.1;-0.6;-0.3;-1.1;8.2;325;0;0;2.7
4308300;-5;-2;43;111;-4.7;-2.5;8.6;9.2;80.5;0;-0.1;-0.7;-0.3;-1.2;8.2;325;0;0;2.7
4309200;-5;-2;43;111;-4.7;-2.5;9;9;79.5;0;-0.2;-0.7;-0.3;-1.2;7.8;336.1111111;0;0;2.2
4310100;-5;-3;43;110;-4.7;-2.5;9.4;8.9;78.8;0;-0.3;-0.8;-0.4;-1.4;7.8;336.1111111;0;0;2.2
4311000;-5;-2;43;110;-4.7;-2.5;9.5;8.5;78.6;0;-0.2;-0.7;-0.4;-1.2;7.8;336.1111111;0;0;2.2
4311900;-5;-2;43;110;-4.7;-2.5;9.7;7.4;78.3;0;-0.2;-0.6;-0.3;-1.2;7.8;336.1111111;0;0;2.2
4312800;-5;-2;43;111;-4.7;-2.5;9.7;7.5;78.1;0;0;-0.5;-0.2;-1.1;7.9;291.6666667;0;0;2.7
4313700;-5;-2;43;111;-4.7;-2.5;9.8;7.6;78.1;0;-0.1;-0.4;-0.2;-0.9;7.9;291.6666667;0;0;2.7
4314600;-5;-2;43;111;-4.7;-2.5;9.8;8;78.1;0;-0.2;-0.3;-0.1;-0.9;7.9;291.6666667;0;0;2.7
4315500;-5;-2.5;43;107;-4.75;-2.6;9.4;8.05;78.15;0;-0.45;-0.6;-0.45;-1.25;7.9;291.6666667;0;0;2.7
4316400;-5;-3;43;103;-4.8;-2.7;9;8.1;78.2;0;-0.7;-0.9;-0.8;-1.6;7.5;283.3333333;0;0;2.9
4317300;-5;-3;43;101;-5.2;-3.1;8.4;8.1;79.4;0;-1.1;-1.3;-1.1;-1.9;7.5;283.3333333;0;0;2.9
4318200;-6;-3;43;104;-5.6;-3.5;8;8.1;80.2;0;-1.4;-1.6;-1.4;-2.2;7.5;283.3333333;0;0;2.9
4319100;-6;-4;43;104;-5.7;-3.5;7.7;8.1;80.9;0;-1.6;-1.8;-1.6;-2.4;7.5;283.3333333;0;0;2.9
4320000;-6;-4;42;103;-6;-3.9;7.4;7.8;81.6;0;-1.7;-2;-1.8;-2.6;7;286.1111111;0;0;2.8
4320900;-6;-4;42;103;-6.2;-4;7.3;7.8;82.4;0;-1.9;-2.2;-2;-2.8;7;286.1111111;0;0;2.8
4321800;-6;-4;42;101;-6.2;-4.2;7.2;7.8;82.7;0;-2.2;-2.4;-2.2;-3;7;286.1111111;0;0;2.8
4322700;-7;-4;42;101;-6.5;-4.5;7.2;7.8;82.9;0;-2.3;-2.6;-2.3;-3.2;7;286.1111111;0;0;2.8
4323600;-7;-5;42;100;-6.7;-4.5;6.9;7.3;83;0;-2.4;-2.7;-2.4;-3.3;6.1;280.5555556;0;0;2.6
4324500;-7;-5;42;98;-6.7;-4.5;7;7.2;83.5;0;-2.4;-2.8;-2.5;-3.4;6.1;280.5555556;0;0;2.6
4325400;-7;-4;42;100;-6.7;-4.5;7;7.2;83.6;0;-2.2;-2.6;-2.4;-3.1;6.1;280.5555556;0;0;2.6
4326300;-7;-4;42;100;-6.7;-4.5;6.8;7.2;83.3;0;-2.3;-2.6;-2.4;-3;6.1;280.5555556;0;0;2.6
4327200;-7;-5;42;98;-6.7;-4.5;6.7;6.4;83.2;0;-2.6;-2.9;-2.6;-3.4;5.7;280.5555556;0;0;3.3
4328100;-7;-5;42;98;-6.7;-4.9;6.4;6.2;83.4;0;-2.6;-3.1;-2.7;-3.5;5.7;280.5555556;0;0;3.3
4329000;-7;-5;42;98;-6.7;-5;6.3;6.3;83.5;0;-2.7;-3.1;-2.8;-3.6;5.7;280.5555556;0;0;3.3
4329900;-7;-5;42;97;-7.1;-5;6.2;6.4;83.6;0;-2.9;-3.2;-3;-3.8;5.7;280.5555556;0;0;3.3
4330800;-7;-5;42;95;-7.2;-5.4;6.2;6;83.6;0;-3.3;-3.6;-3.3;-4.1;5.1;272.2222222;0;0;4.1
4331700;-8;-6;42;94;-7.7;-5.5;6.2;5.9;83.6;0;-3.6;-3.9;-3.7;-4.4;5.1;272.2222222;0;0;4.1
4332600;-8;-6;42;92;-7.7;-6;6;5.8;83.8;0;-3.8;-4;-3.8;-4.6;5.1;272.2222222;0;0;4.1
4333500;-8;-6;42;92;-7.7;-6;5.8;5.6;84.1;0;-3.8;-4.1;-3.9;-4.7;5.1;272.2222222;0;0;4.1
4334400;-8;-6;42;92;-8;-6;5.6;5.1;84.2;0;-4;-4.2;-4;-4.8;4.4;266.6666667;0;0;3.4
4335300;-8;-6;42;92;-8.2;-6.2;5.4;4.8;84.3;0;-4.1;-4.4;-4.2;-4.9;4.4;266.6666667;0;0;3.4
4336200;-8;-6;42;92;-8.2;-6.5;5.3;4.9;84.6;0;-4.2;-4.5;-4.3;-5.1;4.4;266.6666667;0;0;3.4
4337100;-8;-7;42;90;-8.3;-6.5;5.2;4.9;84.6;0;-4.4;-4.7;-4.4;-5.3;4.4;266.6666667;0;0;3.4
4338000;-9;-7;42;89;-8.7;-6.5;5.1;4.5;84.6;0;-4.7;-4.9;-4.7;-5.4;3.9;266.6666667;2.777777778;2.777777778;3
4338900;-8;-7;36;71;-7.4;-7;4.9;4.5;84.6;0;-4.9;-4.9;-4.8;-5.5;3.9;266.6666667;2.777777778;2.777777778;3
4339800;-3;-5;36;49;-3.8;-5;4.9;4.6;85.3;0;-2;-2;-1.6;-3.3;3.9;266.6666667;2.777777778;2.777777778;3
4340700;-6;-4;42;99;-6.2;-4.1;4.7;4.7;84.8;0;-2.4;-2.6;-2.3;-2.9;3.9;266.6666667;2.777777778;2.777777778;3
4341600;-7;-5;42;93;-7;-5.1;4.6;4.7;85.6;0.1;-3.3;-3.4;-3.2;-3.9;4.1;266.6666667;52.77777778;72.22222222;3.2
4342500;-8;-6;42;91;-7.8;-5.8;4.6;4.7;85.2;0.1;-3.9;-4.1;-3.9;-4.6;4.1;266.6666667;52.77777778;72.22222222;3.2
4343400;-8;-6;42;90;-8.2;-6.4;4.7;4.5;85.1;0.1;-4.3;-4.7;-4.4;-5.2;4.1;266.6666667;52.77777778;72.22222222;3.2
4344300;-9;-7;42;89;-8.6;-6.7;4.8;4.3;85.1;0.1;-4.6;-5;-4.7;-5.5;4.1;266.6666667;52.77777778;72.22222222;3.2
4345200;-6;-4;1;1;-6.1;-5.3;5.2;5.1;85.2;15.9;-4.3;-4.4;-4.2;-5.4;5.3;269.4444444;97.22222222;188.8888889;1.9
4346100;-6;-3;20;47;-6.3;-3.5;5.6;5.3;85.6;19.8;-2.7;-3.1;-2.6;-3.9;5.3;269.4444444;97.22222222;188.8888889;1.9
4347000;-7;-5;42;98;-6.6;-4.6;6.3;5.1;85.1;19.8;-2.5;-2.9;-2.4;-3.5;5.3;269.4444444;97.22222222;188.8888889;1.9
4347900;-7;-5;42;99;-6.8;-4.6;7.1;4.8;84.2;19.8;-2.4;-2.8;-2.4;-3.5;5.3;269.4444444;97.22222222;188.8888889;1.9
4348800;-7;-4;42;101;-6.8;-4.6;7.6;6.1;82.7;107.2;-2;-2.4;-2;-3.3;6.8;-2775;138.8888889;313.8888889;3.1
4349700;-6;-4;42;105;-6.1;-3.9;8;6.3;80.5;120.7;-1.1;-1.6;-1.1;-2.5;6.8;-2775;138.8888889;313.8888889;3.1
4350600;-5;-3;42;110;-5.3;-3;8.3;6;78.9;120.7;-0.3;-0.6;-0.3;-1.8;6.8;-2775;138.8888889;313.8888889;3.1
4351500;-4;-2;42;111;-4.7;-2.3;8.9;5.5;77.3;120.7;0.4;0.1;0.4;-1.1;6.8;-2775;138.8888889;313.8888889;3.1
4352400;-4;-2;42;117;-4;-1.6;9.5;7;75.4;216.2;1.3;0.9;1.2;-0.4;9.5;283.3333333;183.3333333;419.4444444;4.4
4353300;-3;0;43;123;-3.1;-0.5;10.2;7.4;72;240.1;2.3;2;2.4;0.6;9.5;283.3333333;183.3333333;419.4444444;4.4
4354200;-2;0;43;129;-2.1;0.5;10.9;7.3;70.6;240.5;3.4;3;3.4;1.5;9.5;283.3333333;183.3333333;419.4444444;4.4
4355100;-1;1;43;137;-1.1;1.8;11.8;7;66.7;241.2;4.7;4.5;4.7;2.8;9.5;283.3333333;183.3333333;419.4444444;4.4
4356000;0;3;43;146;0.4;3.4;12.7;8.6;65.3;323.6;6.2;6.2;6.4;4.6;12.2;286.1111111;152.7777778;461.1111111;3.9
4356900;1;5;43;155;2;5.2;13.3;9.2;62.3;353.6;8;7.9;8.1;6.4;12.2;286.1111111;152.7777778;461.1111111;3.9
4357800;2;6;43;162;2.9;6.3;13.5;9.2;62.1;353.6;9;8.9;9;7.5;12.2;286.1111111;152.7777778;461.1111111;3.9
4358700;3;6;43;166;3.6;6.9;13.7;9.2;61.8;353.6;9.7;9.6;9.7;8.2;12.2;286.1111111;152.7777778;461.1111111;3.9
4359600;3;7;43;171;4.2;7.7;13.9;11.4;60.8;429.4;10.5;10.3;10.4;9;14.4;294.4444444;127.7777778;533.3333333;2.9
4360500;4;8;43;176;5;8.6;14.2;11.4;59.8;429.4;11.3;11.2;11.3;9.9;14.4;294.4444444;127.7777778;533.3333333;2.9
4361400;5;9;43;180;5.8;9.5;14.8;11.4;57.5;429.4;12.2;12.1;12.1;10.7;14.4;294.4444444;127.7777778;533.3333333;2.9
4362300;6;10;43;185;6.5;10.4;15.3;11.4;55.2;429.4;13.1;13;13.1;11.7;14.4;294.4444444;127.7777778;533.3333333;2.9
4363200;3;10;42;343;4.3;11.1;15.7;12.9;53.6;471.5;13.6;13.5;13.3;12.2;16.3;300;127.7777778;475;2.6
4364100;4;9;37;203;5.2;10.2;16.1;13;52.5;474.5;12.7;12.6;12.4;10.9;16.3;300;127.7777778;475;2.6
4365000;6;10;43;193;6.6;10.6;16.6;13.3;50.5;474.5;13.3;13.2;13.2;11.7;16.3;300;127.7777778;475;2.6
4365900;6;11;43;199;7.2;11.3;17.2;13.6;48.4;474.5;14.1;14;14;12.5;16.3;300;127.7777778;475;2.6
4366800;8;11;41;171;8.6;12.1;17.8;14.4;46.5;439.5;15;14.8;14.8;13.2;17.1;302.7777778;119.4444444;366.6666667;3.2
4367700;10;13;37;122;11;13.6;18.3;14.5;44.4;434.1;16.5;16.4;16.5;14.6;17.1;302.7777778;119.4444444;366.6666667;3.2
4368600;11;14;43;169;11.8;15.1;18.8;14.8;42.5;434.1;17.7;17.7;17.8;16.1;17.1;302.7777778;119.4444444;366.6666667;3.2
4369500;9;14;43;228;10.4;15.1;19.1;15.3;40.1;434.1;17.2;17.2;17.2;15.7;17.1;302.7777778;119.4444444;366.6666667;3.2
4370400;11;14;39;147;11.5;14.9;19.5;15.7;37.1;365.2;17.4;17.3;17.3;15.7;18;305.5555556;97.22222222;186.1111111;4.2
4371300;10;15;31;157;10.1;15.3;19.5;15.7;37.3;360.3;18.1;18;18.1;16.3;18;305.5555556;97.22222222;186.1111111;4.2
4372200;9;14;43;225;10.1;14.8;19.5;16.4;36.4;360.3;16.6;16.6;16.6;15.2;18;305.5555556;97.22222222;186.1111111;4.2
4373100;5;13;38;342;6.7;13.5;19.5;16.8;36.4;360.3;15.5;15.3;15.2;14.3;18;305.5555556;97.22222222;186.1111111;4.2
4374000;4;10;43;265;5.4;10.9;19.5;16.4;35.9;265.4;12.9;12.8;12.6;11.4;18;305.5555556;50;69.44444444;4.3
4374900;4;9;43;226;5.2;9.9;19.5;16.4;34.3;258.6;11.9;11.8;11.8;10.4;18;305.5555556;50;69.44444444;4.3
4375800;4;8;43;196;4.9;9.1;19.2;16.6;32.6;258.6;11.2;10.9;11;10;18;305.5555556;50;69.44444444;4.3
4376700;4;8;43;180;4.9;8.7;18.9;16.8;31.7;258.6;10.8;10.3;10.7;9.7;18;305.5555556;50;69.44444444;4.3
4377600;4;7;43;160;4.9;8.2;18.3;15.7;33.8;136.8;10.1;9.7;10.2;9.2;16.4;297.2222222;2.777777778;2.777777778;4.2
4378500;4;7;36;105;5.1;7.4;17.3;15.7;39.1;136.8;9.4;9.1;9.6;8.6;16.4;297.2222222;2.777777778;2.777777778;4.2
4379400;4;6;39;93;4.7;6.8;16;16.3;43.6;136.8;8.7;8.4;8.9;7.8;16.4;297.2222222;2.777777778;2.777777778;4.2
4380300;3;5;39;87;4.2;6.1;15;17;46;136.8;8;7.8;8.1;7.1;16.4;297.2222222;2.777777778;2.777777778;4.2
4381200;2;4;39;89;3.4;5.5;14.1;15.9;47.7;39;7.4;7.2;7.5;6.6;15.3;291.6666667;0;0;3.5
4382100;2;3;43;92;2.5;4.6;13.4;15.7;49.6;24;6.4;6.1;6.5;5.7;15.3;291.6666667;0;0;3.5
4383000;2;3;43;76;2.8;4.4;12.8;16.3;51.9;24;6.5;5.9;6.4;5.6;15.3;291.6666667;0;0;3.5
4383900;2;3;43;69;2.8;4.2;12.4;16.9;53.1;24;6.2;5.8;6.2;5.3;15.3;291.6666667;0;0;3.5
4384800;1;3;43;63;2.8;3.9;12;15.3;54.9;3.2;5.9;5.6;6;5;12.8;286.1111111;0;0;2.4
4385700;1;3;43;61;2.8;3.9;11.7;15;55.8;0;5.9;5.5;5.9;4.9;12.8;286.1111111;0;0;2.4
4386600;1;2;43;54;2.5;3.5;11.2;14.9;58;0;5.6;5.3;5.7;4.7;12.8;286.1111111;0;0;2.4
4387500;1;2;17;21;2.3;3.4;10.8;14.7;59.2;0;5.5;5.2;5.7;4.6;12.8;286.1111111;0;0;2.4
4388400;1;3;4;11;2.2;3.4;10.4;13.7;60.6;0;6;5.7;6.2;5;11.7;277.7777778;0;0;2.1
4389300;1;3;30;73;2;3.9;10;13.6;62;0;5.9;5.2;5.7;5.1;11.7;277.7777778;0;0;2.1
4390200;0;2;43;118;0.5;2.8;9.7;14;63.7;0;5.2;4.5;5;4.3;11.7;277.7777778;0;0;2.1
4391100;-1;0;43;130;-1.3;1.5;9.4;14.4;65.3;0;3.4;2.9;3.3;2.5;11.7;277.7777778;0;0;2.1
4392000;-2;0;43;124;-2.2;0.3;9.2;13.5;66.4;0;2.3;2;2.2;1.4;10.6;-2775;0;0;3.1
4392900;-3;0;43;119;-3;-0.5;9;13.4;66.9;0;1.5;1.2;1.4;0.6;10.6;-2775;0;0;3.1
4393800;-4;0;43;114;-3.6;-1.3;8.9;12.8;67;0;0.8;0.4;0.7;-0.1;10.6;-2775;0;0;3.1
4394700;-4;-2;43;113;-4;-1.6;8.7;12.2;67.2;0;0.4;-0.1;0.3;-0.5;10.6;-2775;0;0;3.1
4395600;-4;-2;42;113;-4.2;-2.1;8.6;11.4;67.9;0;0.4;-0.3;0.3;-0.4;9.6;272.2222222;0;0;3.2
4396500;-4;-2;42;111;-4.2;-2.1;8.5;11.3;68.8;0;0.1;-0.5;0;-0.6;9.6;272.2222222;0;0;3.2
4397400;-5;-2;42;109;-4.7;-2.4;8.2;11.2;69.6;0;-0.3;-0.8;-0.4;-1.2;9.6;272.2222222;0;0;3.2
4398300;-5;-3;42;107;-4.9;-2.6;8;11;70.4;0;-0.7;-1;-0.7;-1.5;9.6;272.2222222;0;0;3.2
4399200;-5;-3;42;107;-5.2;-3.1;7.8;10.2;71.4;0;-1;-1.2;-1;-1.8;8.8;269.4444444;0;0;3.3
4400100;-6;-3;42;106;-5.5;-3.2;7.5;10.1;72.2;0;-1.3;-1.5;-1.3;-2;8.8;269.4444444;0;0;3.3
4401000;-6;-3;42;105;-5.7;-3.6;7.4;10;73.1;0;-1.4;-1.7;-1.4;-2.1;8.8;269.4444444;0;0;3.3
4401900;-6;-3.5;42;102.5;-5.7;-3.6;7.25;9.15;73.9;0;-1.5;-1.8;-1.5;-2.15;8.8;269.4444444;0;0;3.3
4402800;-6;-4;42;100;-5.7;-3.6;7.1;8.3;74.7;0;-1.6;-1.9;-1.6;-2.2;7.7;266.6666667;0;0;3.6
4403700;-6;-4;42;98;-5.9;-3.9;6.8;8.1;75.2;0;-1.8;-2.1;-1.9;-2.7;7.7;266.6666667;0;0;3.6
4404600;-6;-4;42;101;-6.2;-4.1;6.6;8.1;75.8;0;-2.1;-2.4;-2.2;-3;7.7;266.6666667;0;0;3.6
4405500;-7;-5;42;100;-6.7;-4.6;6.5;8.1;76.7;0;-2.4;-2.6;-2.4;-3.2;7.7;266.6666667;0;0;3.6
4406400;-7;-5;42;99;-6.7;-4.6;6.2;7.8;77.3;0;-2.5;-2.8;-2.5;-3.2;7.1;263.8888889;0;0;4.2
4407300;-7;-5;42;98;-6.7;-4.6;6.1;7.8;78;0;-2.7;-2.9;-2.7;-3.4;7.1;263.8888889;0;0;4.2
4408200;-7;-5;42;97;-7.1;-5.1;6;7.8;78.3;0;-2.9;-3.1;-2.9;-3.8;7.1;263.8888889;0;0;4.2
4409100;-7;-5;42;97;-7.2;-5.1;5.8;7.8;79;0;-2.9;-3.1;-2.9;-3.6;7.1;263.8888889;0;0;4.2
4410000;-7;-5;42;98;-7.2;-5.1;5.7;7.3;79.3;0;-2.9;-3.1;-2.9;-3.5;6.1;261.1111111;0;0;3.8
4410900;-7;-5;42;96;-7.2;-5.1;5.5;7.2;79.8;0;-2.9;-3.2;-3;-3.7;6.1;261.1111111;0;0;3.8
4411800;-7;-5;42;96;-7.2;-5.1;5.5;7.2;80.3;0;-2.8;-3.2;-3;-3.7;6.1;261.1111111;0;0;3.8
4412700;-7;-5;42;97;-7.2;-5.1;5.3;7.2;80.9;0;-2.7;-3.2;-3;-3.6;6.1;261.1111111;0;0;3.8
4413600;-7;-5;42;97;-7.2;-5.1;5.1;6;80.9;0;-2.8;-3.3;-3;-3.7;5.3;258.3333333;0;0;4.3
4414500;-7;-5;42;96;-7.2;-5.1;5.1;5.7;81.4;0;-2.9;-3.3;-3.1;-3.8;5.3;258.3333333;0;0;4.3
4415400;-7;-5;42;96;-7.2;-5.1;4.9;5.8;81.5;0;-3;-3.4;-3.2;-4;5.3;258.3333333;0;0;4.3
4416300;-8;-5;42;94;-7.4;-5.5;4.8;6;81.8;0;-3.2;-3.7;-3.5;-4.2;5.3;258.3333333;0;0;4.3
4417200;-8;-6;42;93;-7.7;-5.6;4.7;5.4;82.4;0;-3.4;-3.8;-3.7;-4.5;4.5;255.5555556;0;0;4.3
4418100;-8;-6;42;92;-7.7;-5.7;4.6;5.2;82.7;0;-3.7;-4;-3.8;-4.6;4.5;255.5555556;0;0;4.3
4419000;-8;-6;43;89;-7.9;-6.1;4.4;5.3;82.4;0;-4;-4.2;-4;-4.8;4.5;255.5555556;0;0;4.3
4419900;-8;-6;43;87;-8.2;-6.4;4.3;5.4;82.5;0;-4.3;-4.6;-4.3;-5;4.5;255.5555556;0;0;4.3
4420800;-8;-6;43;88;-8.2;-6.6;4.2;4.6;83;0;-4.3;-4.6;-4.4;-5.2;3.8;252.7777778;0;0;4.3
4421700;-9;-7;43;86;-8.5;-6.6;4;4.4;82.8;0;-4.6;-4.8;-4.7;-5.4;3.8;252.7777778;0;0;4.3
4422600;-9;-7;44;86;-8.7;-6.6;3.9;4.4;83.2;0;-4.6;-5;-4.8;-5.6;3.8;252.7777778;0;0;4.3
4423500;-7;-7;41;59;-6.8;-7;3.8;4.4;83.3;0;-4.7;-5;-4.8;-5.7;3.8;252.7777778;0;0;4.3
4424400;-4;-4;38;57;-3.9;-4.6;3.7;3.8;83.3;0;-1.7;-1.8;-1.3;-3;3.3;255.5555556;2.777777778;2.777777778;4.3
4425300;-7;-4;43;97;-6.5;-4.4;3.7;3.7;83.5;0;-2.7;-2.8;-2.6;-3.2;3.3;255.5555556;2.777777778;2.777777778;4.3
4426200;-8;-6;42;93;-7.5;-5.5;3.6;3.8;83.3;0;-3.6;-3.8;-3.7;-4.3;3.3;255.5555556;2.777777778;2.777777778;4.3
4427100;-8;-6;42;90;-8.1;-6.2;3.5;3.9;83.7;0;-4.3;-4.4;-4.3;-5;3.3;255.5555556;2.777777778;2.777777778;4.3
4428000;-9;-7;43;87;-8.3;-6.6;3.5;3.8;83.7;0.3;-4.6;-4.8;-4.7;-5.4;3.4;252.7777778;44.44444444;75;3.3
4428900;-7;-6;16;30;-6.9;-6.3;3.4;3.8;83.8;0.4;-4.6;-4.7;-4.6;-5.6;3.4;252.7777778;44.44444444;75;3.3
4429800;-6;-2;0;0;-6;-2;3.5;3.8;83.8;0.4;-4;-3.9;-3.8;-5.1;3.4;252.7777778;44.44444444;75;3.3
4430700;-7;-5;38;85;-6.7;-3.8;3.9;3.9;84.2;0.4;-2.8;-3.1;-2.7;-3.6;3.4;252.7777778;44.44444444;75;3.3
4431600;-8;-5;42;94;-7.4;-5.4;4.5;4.7;83.6;28.5;-3.4;-3.8;-3.4;-4.2;4.6;252.7777778;55.55555556;230.5555556;2.1
4432500;-8;-6;42;93;-7.5;-5.7;5;5;82.8;38.7;-3.5;-4;-3.7;-4.6;4.6;252.7777778;55.55555556;230.5555556;2.1
4433400;-8;-6;42;92;-7.9;-6;5.5;4.8;81.8;38.7;-3.6;-4.1;-3.8;-4.7;4.6;252.7777778;55.55555556;230.5555556;2.1
4434300;-8;-6;42;95;-7.9;-5.9;6.2;4.4;80.5;38.7;-3.2;-3.8;-3.3;-4.4;4.6;252.7777778;55.55555556;230.5555556;2.1
4435200;-7;-5;42;99;-7.2;-5.2;6.8;5.6;77.9;127.4;-2.3;-3;-2.4;-3.7;7.1;258.3333333;55.55555556;369.4444444;1.4
4436100;-6;-4;42;104;-6.3;-4.2;7.6;6.1;75.8;159.7;-1.4;-1.8;-1.4;-2.8;7.1;258.3333333;55.55555556;369.4444444;1.4
4437000;-5;-3;42;110;-5.3;-3.1;8.2;6.1;72.7;159.7;-0.3;-0.6;-0.2;-1.8;7.1;258.3333333;55.55555556;369.4444444;1.4
4437900;-4;-2;43;115;-4.2;-1.8;8.8;6.1;69.2;159.7;1;0.7;1.1;-0.6;7.1;258.3333333;55.55555556;369.4444444;1.4
4438800;-3;0;43;122;-3;-0.5;9.4;7.6;66.7;261;2.3;2;2.4;0.7;10;263.8888889;55.55555556;475;1.4
4439700;-2;0;43;130;-2;0.7;10;8.1;64.8;297.9;3.7;3.3;3.7;1.8;10;263.8888889;55.55555556;475;1.4
4440600;-1;2;43;139;-0.7;2.2;10.6;7.6;62.9;297.9;5.1;4.8;5.1;3.3;10;263.8888889;55.55555556;475;1.4
4441500;0;3;43;147;0.7;3.7;11.2;6.6;61.4;297.9;6.6;6.5;6.7;4.9;10;263.8888889;55.55555556;475;1.4
4442400;1;5;43;155;2.2;5.4;11.8;8.5;59.6;366.1;8.2;8.2;8.3;6.5;12.5;272.2222222;55.55555556;530.5555556;1.4
4443300;3;6;43;165;3.4;6.9;12.3;9;59;383.1;9.7;9.6;9.7;8;12.5;272.2222222;55.55555556;530.5555556;1.4
4444200;4;7;43;172;4.5;8;12.8;9.1;57.3;393.3;10.8;10.7;10.8;9.2;12.5;272.2222222;55.55555556;530.5555556;1.4
4445100;4;8;43;178;5.2;8.9;13.2;9.3;55.9;413.8;11.6;11.6;11.6;10.1;12.5;272.2222222;55.55555556;530.5555556;1.4
4446000;5;9;43;181;5.9;9.7;13.8;10.8;54.2;464.9;12.4;12.3;12.3;10.9;15.9;280.5555556;52.77777778;530.5555556;5.3
4446900;4;10;38;287;4.4;10.4;14.3;11.3;51.6;483.5;13;12.8;12.6;11.6;15.9;280.5555556;52.77777778;530.5555556;5.3
4447800;5;9;38;187;5.8;10.3;14.9;11.5;46.3;483.5;12.6;12.5;12.4;10.9;15.9;280.5555556;52.77777778;530.5555556;5.3
4448700;6;10;43;193;6.6;10.6;15.3;11.9;42;483.5;13.2;13.1;13.2;11.7;15.9;280.5555556;52.77777778;530.5555556;5.3
4449600;7;11;42;184;7.5;11.3;15.8;13.4;38.1;524.8;14.1;14;14;12.6;17.4;286.1111111;50;477.7777778;4.5
4450500;4;11;43;335;4.7;11.6;16.3;14;37.4;539.8;14;13.9;13.7;12.5;17.4;286.1111111;50;477.7777778;4.5
4451400;6;11;38;192;7.1;11.7;16.9;14.2;37.1;539.8;14.2;14.1;14.1;12.5;17.4;286.1111111;50;477.7777778;4.5
4452300;7;11;43;203;7.9;12.2;17.4;14.5;36.9;539.8;14.8;14.7;14.8;13.2;17.4;286.1111111;50;477.7777778;4.5
4453200;9;12;40;161;9.6;12.9;17.9;15.4;37.6;514.4;15.8;15.7;15.7;14.1;18.2;288.8888889;47.22222222;377.7777778;2.5
4454100;11;14;38;120;11.8;14.4;18.2;15.6;37.9;508.1;17.3;17.3;17.3;15.4;18.2;288.8888889;47.22222222;377.7777778;2.5
4455000;11;15;42;165;12.6;16;18.5;16.1;37;508.1;18.5;18.5;18.6;16.8;18.2;288.8888889;47.22222222;377.7777778;2.5
4455900;9;15;38;270;9.7;15.9;18.8;17;36.4;508.1;18.1;18.1;18;16.4;18.2;288.8888889;47.22222222;377.7777778;2.5
4456800;6;13;43;350;6.5;14;19.2;17.4;36;444.2;15.9;15.7;15.4;14.1;19.2;288.8888889;38.88888889;241.6666667;3.5
4457700;7;12;41;207;8.2;12.6;19.4;17.5;36.5;421;15.1;14.9;14.9;13.1;19.2;288.8888889;38.88888889;241.6666667;3.5
4458600;8;11;38;171;8.7;12.5;19.5;17.7;35.7;421;14.6;14.5;14.6;12.9;19.2;288.8888889;38.88888889;241.6666667;3.5
4459500;4;11;43;307;5.1;11.6;19.5;18;35.2;421;13.6;13.5;13.3;12.1;19.2;288.8888889;38.88888889;241.6666667;3.5
4460400;5;9;43;194;6.3;10.4;19.5;17.6;34.4;321.5;12.5;12.4;12.5;10.9;18.2;283.3333333;22.22222222;94.44444444;3.3
4461300;5;9;43;180;6.1;9.8;19.4;17.5;33.7;285.3;11.9;11.8;11.9;10.5;18.2;283.3333333;22.22222222;94.44444444;3.3
4462200;5;9;43;186;5.8;9.5;19.2;17.7;31.7;285.3;12.1;11.7;11.9;10.8;18.2;283.3333333;22.22222222;94.44444444;3.3
4463100;5;9;43;179;5.8;9.5;18.9;18;30;285.3;12;11;11.7;10.8;18.2;283.3333333;22.22222222;94.44444444;3.3
4464000;5;9;34;113;6.7;9.5;18.4;17.2;28.9;181.8;12.2;11;11.9;10.8;15.4;277.7777778;2.777777778;2.777777778;1.7
4464900;6;9;39;106;7.2;9.5;17.7;16.9;30.2;144.1;12;11;11.8;10.7;15.4;277.7777778;2.777777778;2.777777778;1.7
4465800;6;8;39;97;7;9.2;16.7;17.3;34.5;144.1;11.2;10.6;11.1;10.3;15.4;277.7777778;2.777777778;2.777777778;1.7
4466700;3;7;42;171;4.3;8;15.1;18.2;40;144.1;9.7;9.2;9.6;9.1;15.4;277.7777778;2.777777778;2.777777778;1.7
4467600;3;5;43;91;4.1;5.9;13.9;17;43;56;8;7.4;7.8;6.9;13.5;272.2222222;0;0;1.9
4468500;2;4;43;83;3.5;5.2;12.9;16.6;45.9;24;7.3;6.7;7.3;6.5;13.5;272.2222222;0;0;1.9
4469400;2;4;43;77;3.5;4.9;12.2;16.7;47.9;24;6.9;6.4;6.8;6.3;13.5;272.2222222;0;0;1.9
4470300;2;3;43;64;3;4.3;11.6;16.8;49.4;24;6.3;6;6.3;5.7;13.5;272.2222222;0;0;1.9
4471200;2;3;43;55;2.9;3.9;11.2;15.4;50.7;6.4;5.8;5.6;5.9;5.1;12.5;269.4444444;0;0;1.7
4472100;1;3;35;68;2;3.4;10.7;14.9;52.5;0;5.5;5.3;5.5;4.7;12.5;269.4444444;0;0;1.7
4473000;0;2;39;77;1.1;2.8;10.4;14.5;54.4;0;4.9;4.4;4.7;4.1;12.5;269.4444444;0;0;1.7
4473900;0;2;39;73;1;2.5;10.1;13.7;55.8;0;5;4.2;4.7;4.1;12.5;269.4444444;0;0;1.7
4474800;0;2;40;72;1.3;2.6;9.7;12.3;58;0;5.4;4.4;5;4.1;10.5;266.6666667;0;0;1.5
4475700;1;2;27;57;1.4;3;9.3;11.8;60.3;0;5.4;4.4;5.2;4.3;10.5;266.6666667;0;0;1.5
4476600;0;1;43;134;-0.6;2.2;9.1;11.8;61.3;0;4.1;3.4;4;3.3;10.5;266.6666667;0;0;1.5
4477500;-2;0;43;125;-2;0.6;8.9;11.8;62.5;0;2.5;2.1;2.4;1.7;10.5;266.6666667;0;0;1.5
4478400;-3;0;43;119;-3;-0.5;8.7;11.1;63.3;0;1.4;1;1.3;0.7;9.1;266.6666667;0;0;2
4479300;-4;-1;43;116;-3.7;-1.3;8.6;10.9;64.2;0;0.8;0.3;0.6;-0.1;9.1;266.6666667;0;0;2
4480200;-4;-2;43;110;-4.2;-1.9;8.6;11.2;65.2;0;0.2;-0.2;0;-0.7;9.1;266.6666667;0;0;2
4481100;-5;-2;43;111;-4.5;-2.3;8.3;11.7;66.8;0;-0.2;-0.5;-0.3;-1.1;9.1;266.6666667;0;0;2
4482000;-5;-3;43;108;-4.9;-2.6;8.2;10.9;67.4;0;-0.6;-0.9;-0.6;-1.5;7.9;263.8888889;0;0;2.6
4482900;-5;-3;43;105;-5.2;-3;7.9;10.6;68.4;0;-1;-1.3;-1;-1.9;7.9;263.8888889;0;0;2.6
4483800;-6;-3;43;103;-5.5;-3.4;7.7;10.3;69.4;0;-1.4;-1.6;-1.3;-2.3;7.9;263.8888889;0;0;2.6
4484700;-6;-4;43;102;-5.9;-3.8;7.4;9.7;70.6;0;-1.7;-1.9;-1.7;-2.6;7.9;263.8888889;0;0;2.6
4485600;-6;-4;43;102;-6;-4;7.2;8.6;71.6;0;-1.8;-2.1;-1.8;-2.7;6.7;261.1111111;0;0;2.6
4486500;-6;-4;43;101;-6;-4;7;8.2;72.2;0;-1.8;-2.3;-1.9;-2.8;6.7;261.1111111;0;0;2.6
4487400;-6;-4;43;100;-6;-4;6.9;8.3;73.3;0;-1.8;-2.4;-1.9;-2.8;6.7;261.1111111;0;0;2.6
4488300;-6;-4;43;99;-6;-4;6.75;8.25;74.3;0;-1.65;-2.2;-1.75;-2.6;6.7;261.1111111;0;0;2.6
4489200;-6;-4;43;98;-6;-4;6.6;8.2;75.3;0;-1.5;-2;-1.6;-2.4;5.6;258.3333333;0;0;3.9
4490100;-6;-3;43;101;-5.9;-3.8;6.6;8.1;76.2;0;-1.2;-1.5;-1.1;-2;5.6;258.3333333;0;0;3.9
4491000;-5;-3;43;106;-5.5;-3.5;6.5;8.1;76.7;0;-0.8;-1.1;-0.8;-1.6;5.6;258.3333333;0;0;3.9
4491900;-5;-3;43;104;-5.5;-3.5;6.3;8.1;76.5;0;-1.1;-1.4;-1.1;-1.8;5.6;258.3333333;0;0;3.9
4492800;-6;-4;43;101;-5.8;-3.6;6.1;7.9;77.3;0;-1.6;-1.9;-1.7;-2.4;5.2;255.5555556;0;0;4.2
4493700;-6;-4;43;99;-6.2;-4.1;5.9;7.8;78;0;-2;-2.4;-2.2;-2.9;5.2;255.5555556;0;0;4.2
4494600;-7;-5;42;97;-6.5;-4.5;5.8;7.8;78;0;-2.4;-2.9;-2.5;-3.2;5.2;255.5555556;0;0;4.2
4495500;-7;-5;42;96;-6.8;-4.9;5.6;7.8;78.6;0;-2.6;-3.2;-2.8;-3.3;5.2;255.5555556;0;0;4.2
4496400;-7;-5;42;96;-7;-5;5.4;7.4;79.6;0;-2.8;-3.2;-2.9;-3.6;4.5;252.7777778;0;0;3.9
4497300;-7;-5;42;93;-7;-5;5.2;7.2;80.4;0;-3;-3.3;-3;-3.8;4.5;252.7777778;0;0;3.9
4498200;-7;-5;42;93;-7.1;-5.1;5.1;7.2;80.2;0;-3.1;-3.6;-3.2;-4;4.5;252.7777778;0;0;3.9
4499100;-7;-5;42;94;-7.5;-5.5;5;7.2;81.2;0;-3.2;-3.6;-3.1;-4.1;4.5;252.7777778;0;0;3.9
4500000;-7;-5;42;93;-7.5;-5.5;5;5.2;81.5;0;-3.2;-3.7;-3.2;-4.1;4.3;252.7777778;0;0;3.9
4500900;-7;-5;42;96;-7.5;-5.5;5.2;4.2;82.7;0;-2.9;-3.3;-3;-3.8;4.3;252.7777778;0;0;3.9
4501800;-7;-5;42;93;-7.5;-5.5;4.9;4.3;81.7;0;-3.1;-3.4;-3.2;-4;4.3;252.7777778;0;0;3.9
4502700;-8;-6;42;92;-7.5;-5.5;4.7;4.5;82;0;-3.6;-3.7;-3.5;-4.3;4.3;252.7777778;0;0;3.9
4503600;-8;-6;42;92;-7.5;-5.5;4.6;4.2;82.5;0;-3.5;-3.9;-3.5;-4.3;3.9;250;0;0;4.2
4504500;-8;-6;42;92;-7.5;-5.8;4.6;4;82.5;0;-3.7;-4.1;-3.7;-4.4;3.9;250;0;0;4.2
4505400;-8;-6;42;89;-7.9;-6;4.4;4;82.9;0;-3.9;-4.3;-3.8;-4.6;3.9;250;0;0;4.2
4506300;-8;-6;42;89;-8;-6;4.2;4;83.1;0;-4.2;-4.4;-4;-4.9;3.9;250;0;0;4.2
4507200;-8;-6;42;89;-8.2;-6.5;4.1;3.5;83.3;0;-4.4;-4.6;-4.3;-5.1;3.6;250;0;0;3.4
4508100;-9;-7;42;88;-8.5;-6.6;3.9;3.2;83.2;0;-4.7;-4.9;-4.6;-5.3;3.6;250;0;0;3.4
4509000;-5;-5;7;11;-4.9;-6.2;3.8;3.3;83.4;0;-4.6;-4.6;-4.4;-5.5;3.6;250;0;0;3.4
4509900;-4;-3;3;3;-4.3;-3.2;3.7;3.6;83.7;0;-3.6;-3.7;-3.4;-4.7;3.6;250;0;0;3.4
4510800;-7;-5;42;93;-7;-5;3.6;3;83.5;0;-3.1;-3.4;-3;-3.8;3.2;252.7777778;2.777777778;2.777777778;3.8
4511700;-8;-6;42;90;-7.8;-5.9;3.5;2.8;84;0;-4;-4.2;-3.9;-4.6;3.2;252.7777778;2.777777778;2.777777778;3.8
4512600;-8;-6;42;88;-8.3;-6.4;3.3;2.9;84;0;-4.4;-4.7;-4.5;-5.2;3.2;252.7777778;2.777777778;2.777777778;3.8
4513500;-7;-6;19;38;-7.2;-6.6;3.2;3.2;84;0;-4.7;-4.8;-4.6;-5.5;3.2;252.7777778;2.777777778;2.777777778;3.8
4514400;-6;0;0;0;-5.9;-0.7;3.2;3.1;84;0.3;-4.1;-4.1;-3.9;-5;2.5;255.5555556;55.55555556;72.22222222;2.5
4515300;-7;-4;32;69;-6.3;-3.3;3.3;3;84.3;0.4;-3.2;-3.4;-2.9;-3.9;2.5;255.5555556;55.55555556;72.22222222;2.5
4516200;-8;-6;42;89;-7.7;-5.8;3.4;3.5;84.5;0.4;-3.9;-4.1;-3.9;-4.6;2.5;255.5555556;55.55555556;72.22222222;2.5
4517100;-8;-6;42;89;-8.1;-6.3;3.7;3.7;84.5;0.4;-4.2;-4.6;-4.3;-5;2.5;255.5555556;55.55555556;72.22222222;2.5
4518000;-9;-7;42;88;-8.5;-6.5;4.1;4.3;84.5;14.6;-4.4;-4.8;-4.5;-5.3;4.2;261.1111111;113.8888889;202.7777778;2.1
4518900;-9;-7;42;89;-8.5;-6.5;4.7;4.7;84.1;24.1;-4.4;-4.8;-4.5;-5.4;4.2;261.1111111;113.8888889;202.7777778;2.1
4519800;-9;-7;42;89;-8.5;-6.5;5.2;4.4;83;24.1;-4.4;-4.7;-4.4;-5.4;4.2;261.1111111;113.8888889;202.7777778;2.1
4520700;-8;-6;42;91;-8.4;-6.5;6;4.2;81.6;24.1;-4;-4.3;-4;-5;4.2;261.1111111;113.8888889;202.7777778;2.1
4521600;-7;-5;42;96;-7.7;-5.8;6.7;6.1;78.4;157.1;-3.1;-3.4;-3;-4.1;6.1;263.8888889;150;344.4444444;1.8
4522500;-7;-4;42;100;-6.8;-4.8;7.5;6.1;76.2;157.1;-2;-2.3;-2;-3.2;6.1;263.8888889;150;344.4444444;1.8
4523400;-6;-3;43;105;-5.8;-3.7;8;5.1;71.8;157.1;-1;-1.2;-1;-2.3;6.1;263.8888889;150;344.4444444;1.8
4524300;-5;-2;43;109;-4.8;-2.6;8.5;4.3;69.1;157.1;0.1;-0.1;0.2;-1.1;6.1;263.8888889;150;344.4444444;1.8
4525200;-4;-2;43;116;-3.8;-1.4;9;6.4;66.8;284.1;1.3;1.1;1.3;0;9.1;277.7777778;211.1111111;411.1111111;1.3
4526100;-3;0;43;122;-2.8;-0.4;9.6;6.5;64.3;293.2;2.4;2.3;2.5;1;9.1;277.7777778;211.1111111;411.1111111;1.3
4527000;-2;0;43;129;-1.8;0.9;10.2;6.4;62.3;293.8;3.7;3.5;3.7;2.1;9.1;277.7777778;211.1111111;411.1111111;1.3
4527900;-1;2;43;139;-0.4;2.4;10.7;6.2;60.9;294.5;5.3;5.2;5.3;3.7;9.1;277.7777778;211.1111111;411.1111111;1.3
4528800;0;3;43;145;1;3.9;11.3;8.5;58.9;352.6;6.7;6.6;6.7;5.2;11.3;288.8888889;225;322.2222222;1.6
4529700;0;4;43;146;1.5;4.5;11.6;8.7;57.5;356.8;7;6.8;6.9;5.6;11.3;288.8888889;225;322.2222222;1.6
4530600;1;4;43;149;1.9;4.9;12.2;8.7;54.9;357.8;7.6;7.4;7.6;6.3;11.3;288.8888889;225;322.2222222;1.6
4531500;2;5;43;156;2.7;5.9;12.9;8.6;51.8;358.9;8.7;8.5;8.7;7.3;11.3;288.8888889;225;322.2222222;1.6
4532400;3;6;43;156;3.5;6.5;13.3;10.6;50.5;441.3;9;8.9;9;7.7;12.3;305.5555556;269.4444444;305.5555556;1.7
4533300;2;5;37;167;2.9;6.5;13.6;10.9;51.2;454;8.6;8.4;8.6;7.3;12.3;305.5555556;269.4444444;305.5555556;1.7
4534200;2;5;38;134;2.7;5.8;14;11.1;47.3;454;8.2;7.9;8.1;6.9;12.3;305.5555556;269.4444444;305.5555556;1.7
4535100;2;5;43;156;2.7;6;14.5;11.3;45.4;454;8.3;7.9;8.1;6.9;12.3;305.5555556;269.4444444;305.5555556;1.7
4536000;2;5;43;155;2.7;6;15.3;13;44.4;491.2;8.4;8.1;8.2;7.1;14.9;300;255.5555556;547.2222222;1.6
4536900;2;6;43;159;3.1;6.4;15.9;13.4;40.9;500.5;9.3;9;9.1;7.9;14.9;300;255.5555556;547.2222222;1.6
4537800;3;8;40;240;3.8;8.7;16.5;13.3;38.2;500.5;11.8;11.4;11.4;10.1;14.9;300;255.5555556;547.2222222;1.6
4538700;5;9;38;206;5.5;10.3;17.5;13.2;35.6;500.5;12.9;12.8;12.6;11.1;14.9;300;255.5555556;547.2222222;1.6
4539600;6;10;43;197;7;11.1;18;14.2;34.4;479.8;13.8;13.7;13.7;12;16.3;288.8888889;125;372.2222222;2.5
4540500;7;11;41;174;8.2;11.8;17.8;14.4;33.5;474.6;14.6;14.5;14.5;12.8;16.3;288.8888889;125;372.2222222;2.5
4541400;10;12;39;125;10.4;13.1;17.9;14;35.4;474.6;16;15.9;16;14.1;16.3;288.8888889;125;372.2222222;2.5
4542300;11;14;42;133;12;14.6;18.1;13.3;35.5;474.6;17.2;17.2;17.3;15.5;16.3;288.8888889;125;372.2222222;2.5
4543200;9;13;37;220;9.7;14.3;18.2;13.8;35.8;402.4;16.4;16.3;16.4;15;16.4;291.6666667;108.3333333;211.1111111;3.4
4544100;4;12;43;345;5.2;12.6;18.3;13.9;36.9;384.4;14.6;14.3;14.2;12.9;16.4;291.6666667;108.3333333;211.1111111;3.4
4545000;6;10;38;203;7.2;11.5;18.4;14.4;38.7;384.4;13.8;13.5;13.6;12;16.4;291.6666667;108.3333333;211.1111111;3.4
4545900;5;9;43;185;6.7;10.4;18.1;15.2;41;384.4;12.5;12.3;12.4;11.1;16.4;291.6666667;108.3333333;211.1111111;3.4
4546800;7;10;29;89;8.2;10.6;18;15.1;42.3;285.1;13.2;13.1;13.3;11.6;15.6;291.6666667;58.33333333;72.22222222;3.7
4547700;6;10;41;214;6.7;11.2;18;15.1;42.4;260.3;13.6;13.4;13.6;12.2;15.6;291.6666667;58.33333333;72.22222222;3.7
4548600;4;8;43;186;5.5;9.3;17.7;15.5;43.9;260.3;11.2;10.9;11;9.9;15.6;291.6666667;58.33333333;72.22222222;3.7
4549500;4;7;43;142;5.2;8.2;17.4;16.2;45.8;260.3;10.2;9.7;10.2;8.9;15.6;291.6666667;58.33333333;72.22222222;3.7
4550400;4;6;43;123;4.9;7.3;16.9;15.6;48.2;167.7;9.4;8.9;9.4;8.2;13.6;288.8888889;2.777777778;2.777777778;1.6
4551300;3;6;43;105;4.4;6.6;16.1;15.4;51.8;144.5;8.5;8.2;8.7;7.5;13.6;288.8888889;2.777777778;2.777777778;1.6
4552200;3;5;43;84;4;5.7;15;15.5;55.4;144.5;7.6;7.4;7.7;6.7;13.6;288.8888889;2.777777778;2.777777778;1.6
4553100;2;4;43;73;3.6;5.1;14;15.7;58.5;144.5;7;6.8;7.1;6.1;13.6;288.8888889;2.777777778;2.777777778;1.6
4554000;2;4;43;67;3.4;4.7;13.1;15.1;61.6;46.3;6.7;6.4;6.7;5.9;11.2;283.3333333;0;0;2
4554900;2;3;43;65;3.4;4.5;12.5;15;64.1;21.8;6.6;6.2;6.5;5.8;11.2;283.3333333;0;0;2
4555800;2;3;43;58;3.1;4.3;11.9;15;66.3;21.8;6.2;6;6.3;5.4;11.2;283.3333333;0;0;2
4556700;2;3;34;64;2.5;4;11.6;15;68.5;21.8;6;5.8;6.1;5.1;11.2;283.3333333;0;0;2
4557600;1;2;39;80;1.8;3.5;11.3;14.6;70;4.4;5.5;5.2;5.5;4.6;9.8;280.5555556;0;0;1.5
4558500;1;2;39;76;1.8;3.5;11.4;14.5;71.7;0;5.7;5.3;5.5;4.7;9.8;280.5555556;0;0;1.5
4559400;2;3;39;68;1.9;3.5;11.3;14;72.4;0;5.8;5.3;5.7;4.6;9.8;280.5555556;0;0;1.5
4560300;1;2;0;0;2.1;3.5;11.3;13.3;72.9;0;6.1;5.7;6;4.5;9.8;280.5555556;0;0;1.5
4561200;1;3;23;71;2.2;4;11.1;11.8;73.4;0;6.7;6.3;6.8;5.5;8.8;280.5555556;0;0;2.4
4562100;2;3;14;18;3;4;10.8;11.4;73.9;0;6.2;5.8;6.2;5.1;8.8;280.5555556;0;0;2.4
4563000;0;3;43;140;0.7;3.6;10.5;10.5;74.6;0;5.6;5.1;5.5;4.7;8.8;280.5555556;0;0;2.4
4563900;0;1;42;132;-0.8;2;10.2;9.2;75.3;0;3.9;3.5;3.8;3;8.8;280.5555556;0;0;2.4
4564800;-2;0;42;125;-2;0.7;9.9;9;75.7;0;2.6;2.3;2.5;1.6;8.3;280.5555556;0;0;3.6
4565700;-3;0;42;119;-2.9;-0.4;9.5;9;76.4;0;1.5;1.3;1.5;0.5;8.3;280.5555556;0;0;3.6
4566600;-4;0;42;115;-3.6;-1.1;9.2;9.1;77;0;0.9;0.5;0.7;0;8.3;280.5555556;0;0;3.6
4567500;-4;-2;42;114;-4;-1.5;8.9;9.3;77.7;0;0.5;0.1;0.4;-0.3;8.3;280.5555556;0;0;3.6
4568400;-4;-2;42;113;-4.1;-1.9;8.7;9;77.7;0;0.3;-0.2;0.2;-0.4;6.8;277.7777778;0;0;3.6
4569300;-5;-2;42;111;-4.5;-2.1;8.6;8.9;78.2;0;0;-0.5;-0.2;-0.9;6.8;277.7777778;0;0;3.6
4570200;-5;-3;42;109;-4.6;-2.5;8.3;8.7;78.4;0;-0.3;-0.8;-0.4;-1.3;6.8;277.7777778;0;0;3.6
4571100;-5;-3;42;109;-5.1;-2.5;8.1;8.5;79.5;0;-0.3;-0.7;-0.5;-1.1;6.8;277.7777778;0;0;3.6
4572000;-5;-2;42;110;-5.1;-2.5;8;7.7;80.6;0;-0.2;-0.6;-0.3;-1;7.1;288.8888889;0;0;3.2
4572900;-5;-2;42;110;-5.1;-2.5;7.9;7.6;80.1;0;-0.2;-0.7;-0.1;-1.1;7.1;288.8888889;0;0;3.2
4573800;-5;-3;42;108;-5.1;-2.5;7.8;7.2;79.6;0;-0.4;-1;-0.5;-1.2;7.1;288.8888889;0;0;3.2
4574700;-5;-3;42;105.5;-5.1;-2.5;7.8;7.5;79.65;0;-0.45;-0.95;-0.55;-1.25;7.1;288.8888889;0;0;3.2
4575600;-5;-3;42;103;-5.1;-2.5;7.8;7.8;79.7;0;-0.5;-0.9;-0.6;-1.3;6.9;288.8888889;0;0;4.2
4576500;-5;-3;42;104;-5.1;-2.5;7.8;8.1;79.6;0;-0.3;-0.9;-0.5;-1.1;6.9;288.8888889;0;0;4.2
4577400;-5;-3;42;106;-5.1;-2.8;7.7;8.1;79.6;0;-0.7;-1.1;-0.7;-1.4;6.9;288.8888889;0;0;4.2
4578300;-5;-3;42;105;-5.1;-3;7.6;8.1;79.9;0;-1;-1.4;-1;-1.7;6.9;288.8888889;0;0;4.2
4579200;-6;-3;42;103;-5.6;-3.4;7.5;7.9;80.1;0;-1.4;-1.6;-1.4;-2.2;6.7;286.1111111;0;0;4.4
4580100;-6;-4;42;102;-5.8;-3.6;7.4;7.8;80.4;0;-1.7;-1.9;-1.7;-2.5;6.7;286.1111111;0;0;4.4
4581000;-6;-4;42;102;-6.1;-4;7.3;7.8;80.6;0;-1.8;-2.1;-1.9;-2.6;6.7;286.1111111;0;0;4.4
4581900;-6;-4;42;102;-6.1;-4;7.2;7.8;81;0;-1.8;-2;-1.9;-2.6;6.7;286.1111111;0;0;4.4
4582800;-6;-4;42;101;-6.1;-4;7.1;7.3;81.1;0;-1.9;-2.1;-1.9;-2.6;6;286.1111111;0;0;5.2
4583700;-6;-4;42;100;-6.1;-4;7;7.2;81.6;0;-1.8;-2.1;-1.9;-2.6;6;286.1111111;0;0;5.2
4584600;-6;-4;42;102;-6.1;-4;7;7.2;81.8;0;-1.6;-2;-1.9;-2.4;6;286.1111111;0;0;5.2
4585500;-6;-4;42;102;-6.1;-4;7.1;7.2;82.4;0;-1.6;-1.8;-1.8;-2.5;6;286.1111111;0;0;5.2
4586400;-6;-4;42;101;-6.1;-4;7;6.6;82.1;0;-1.6;-2;-1.8;-2.6;5.8;286.1111111;0;0;5.2
4587300;-6;-4;42;101;-6.1;-4;6.8;6.5;82.1;0;-1.7;-2.1;-1.9;-2.6;5.8;286.1111111;0;0;5.2
4588200;-6;-4;42;99;-6.2;-4.1;6.7;6.5;82.1;0;-2.1;-2.4;-2.1;-2.9;5.8;286.1111111;0;0;5.2
4589100;-7;-4;42;98;-6.6;-4.5;6.6;6.5;82.1;0;-2.4;-2.6;-2.4;-3.1;5.8;286.1111111;0;0;5.2
4590000;-7;-5;42;97;-6.6;-4.5;6.6;6.4;82.3;0;-2.6;-2.8;-2.6;-3.3;5.6;283.3333333;0;0;4.6
4590900;-7;-5;42;96;-6.8;-4.9;6.5;6.4;81.7;0;-2.7;-3.1;-2.8;-3.6;5.6;283.3333333;0;0;4.6
4591800;-7;-5;42;94;-7.1;-5;6.4;6.2;82.1;0;-2.9;-3.1;-2.9;-3.6;5.6;283.3333333;0;0;4.6
4592700;-7;-5;42;94;-7.1;-5;6.3;6;81.8;0;-3;-3.2;-3;-3.7;5.6;283.3333333;0;0;4.6
4593600;-7;-5;42;95;-7.1;-5;6.2;5.4;81.8;0;-3.1;-3.4;-3.2;-3.9;5.4;283.3333333;0;0;4.9
4594500;-7;-5;42;95;-7.1;-5.2;6.1;5.3;82.1;0;-3.2;-3.4;-3.3;-4;5.4;283.3333333;0;0;4.9
4595400;-8;-5;42;94;-7.5;-5.5;6.1;5.2;82.1;0;-3.3;-3.7;-3.5;-4.2;5.4;283.3333333;0;0;4.9
4596300;-8;-6;42;94;-7.6;-5.5;5.9;5.1;82.1;0;-3.5;-3.8;-3.6;-4.3;5.4;283.3333333;0;0;4.9
4597200;-8;-6;43;93;-7.6;-5.8;5.8;4.8;82.1;0;-3.7;-3.9;-3.7;-4.5;5.1;283.3333333;2.777777778;2.777777778;4.3
4598100;-8;-6;44;92;-7.6;-6;5.8;4.7;82.1;0;-3.8;-4;-3.7;-4.5;5.1;283.3333333;2.777777778;2.777777778;4.3
4599000;-8;-6;44;94;-7.7;-6;5.7;4.9;82.1;0;-3.9;-4.1;-3.9;-4.6;5.1;283.3333333;2.777777778;2.777777778;4.3
4599900;-8;-6;44;88;-8.1;-6;5.7;5.2;82;0;-4;-4.3;-4;-4.8;5.1;283.3333333;2.777777778;2.777777778;4.3
4600800;-8;-6;45;92;-8.1;-6;5.7;5.4;81.6;1;-4.2;-4.4;-4.1;-5;5.2;283.3333333;55.55555556;61.11111111;2.7
4601700;-8;-6;45;94;-8.1;-6.2;5.7;5.5;81.6;1.3;-4.2;-4.4;-4.2;-5;5.2;283.3333333;55.55555556;61.11111111;2.7
4602600;-8;-6;44;88;-8.1;-6.5;5.7;5.6;81.6;1.3;-4.1;-4.4;-4.1;-5;5.2;283.3333333;55.55555556;61.11111111;2.7
4603500;-8;-6;45;90;-8.1;-6.5;5.9;5.7;81.6;1.2;-4.2;-4.4;-4.2;-5;5.2;283.3333333;55.55555556;61.11111111;2.7
4604400;-8;-6;45;91;-8.1;-6.5;6.2;6.8;81.5;24.7;-4;-4.3;-4.1;-4.9;6.2;286.1111111;122.2222222;183.3333333;1.2
4605300;-8;-6;44;92;-8.1;-6.2;6.7;7.2;80.6;33.2;-3.6;-4;-3.7;-4.6;6.2;286.1111111;122.2222222;183.3333333;1.2
4606200;-8;-6;42;94;-7.8;-5.9;7.3;7;79.3;33.2;-3.2;-3.6;-3.3;-4.3;6.2;286.1111111;122.2222222;183.3333333;1.2
4607100;-7;-5;42;98;-7.4;-5.4;8;6.6;76.2;33.2;-2.7;-3.1;-2.8;-3.8;6.2;286.1111111;122.2222222;183.3333333;1.2
4608000;-7;-4;42;102;-6.8;-4.7;8.6;7.9;73.2;111.9;-1.9;-2.3;-2;-3.1;7.6;288.8888889;161.1111111;294.4444444;1.4
4608900;-6;-3;42;107;-6;-3.8;9;8.6;70.6;151.2;-1;-1.4;-1.1;-2.3;7.6;288.8888889;161.1111111;294.4444444;1.4
4609800;-5;-3;42;110;-5.3;-3;9.6;7.7;68.7;151.2;-0.3;-0.6;-0.2;-1.6;7.6;288.8888889;161.1111111;294.4444444;1.4
4610700;-4;-2;42;112;-4.6;-2.3;10.1;7.2;65.9;151.2;0.4;0.1;0.5;-1;7.6;288.8888889;161.1111111;294.4444444;1.4
4611600;-4;-2;42;119;-3.8;-1.4;10.6;9.8;64.2;290.1;1.4;1.2;1.5;-0.1;9.9;294.4444444;186.1111111;411.1111111;1.5
4612500;-3;0;42;125;-2.7;-0.2;10.9;9.8;62.8;290.1;2.6;2.3;2.7;1.1;9.9;294.4444444;186.1111111;411.1111111;1.5
4613400;-2;0;42;134;-1.6;1.1;11.1;9;62.4;288.9;4.1;3.7;4.1;2.3;9.9;294.4444444;186.1111111;411.1111111;1.5
4614300;0;2;42;142;-0.3;2.6;11.9;8.4;60.5;288.1;5.5;5.3;5.6;3.9;9.9;294.4444444;186.1111111;411.1111111;1.5
4615200;0;3;43;149;1;4.1;12.7;10.6;57.8;388.5;6.9;6.8;7;5.4;13.1;302.7777778;191.6666667;463.8888889;1.9
4616100;1;5;43;156;2.3;5.5;13.2;10.8;56.4;395.7;8.4;8.2;8.4;6.8;13.1;302.7777778;191.6666667;463.8888889;1.9
4617000;3;6;43;163;3.4;6.8;13.9;10.3;54.9;403.3;9.7;9.5;9.6;8;13.1;302.7777778;191.6666667;463.8888889;1.9
4617900;4;7;43;169;4.5;7.9;14.5;9.7;53.2;412;10.7;10.6;10.7;9.2;13.1;302.7777778;191.6666667;463.8888889;1.9
4618800;3;8;37;238;4.1;9.1;15;11.8;51.7;476.9;11.5;11.5;11.5;10;16;308.3333333;188.8888889;466.6666667;1.5
4619700;5;8;39;184;5.2;9.3;15.5;12.1;50.8;486.9;12;11.8;11.8;10.4;16;308.3333333;188.8888889;466.6666667;1.5
4620600;5;9;43;186;6.1;9.9;16;12.1;49.6;486.9;12.7;12.5;12.6;11.1;16;308.3333333;188.8888889;466.6666667;1.5
4621500;6;10;43;189;6.8;10.7;16.5;12;47.9;486.9;13.4;13.3;13.3;11.9;16;308.3333333;188.8888889;466.6666667;1.5
4622400;8;11;39;132;8.8;11.6;17;13.5;46.6;513.3;14.5;14.4;14.4;12.8;17.9;313.8888889;172.2222222;422.2222222;1.6
4623300;10;12;38;93;11.2;13.1;17.7;13.9;45.1;519.9;15.9;15.9;16;14.4;17.9;313.8888889;172.2222222;422.2222222;1.6
4624200;10;14;43;197;10.5;14.7;18.3;14.2;44.6;519.9;17.1;17.1;17.2;15.8;17.9;313.8888889;172.2222222;422.2222222;1.6
4625100;9;14;39;253;9.2;14.7;18.9;14.7;45.1;519.9;17;16.9;17;15.5;17.9;313.8888889;172.2222222;422.2222222;1.6
4626000;5;12;43;363;5.8;13.4;19.3;15.3;44.6;493.6;15.3;15.1;14.8;13.7;18.8;313.8888889;152.7777778;325;1.2
4626900;7;11;38;202;7.6;12.4;19.6;15.5;45;484;14.9;14.6;14.7;13;18.8;313.8888889;152.7777778;325;1.2
4627800;7;12;37;179;8.5;12.5;19.9;15.5;44;484;15;14.9;14.9;13.4;18.8;313.8888889;152.7777778;325;1.2
4628700;4;12;43;335;6;12.7;20;15.5;43.5;484;14.9;14.6;14.6;13.3;18.8;313.8888889;152.7777778;325;1.2
4629600;6;11;43;233;6.8;11.9;20.2;15.8;43.4;416.4;14;13.8;13.9;12.4;18.9;313.8888889;119.4444444;194.4444444;1.7
4630500;6;10;43;213;6.8;11.5;20.3;16;42.1;382.6;13.6;13.4;13.4;12;18.9;313.8888889;119.4444444;194.4444444;1.7
4631400;6;10;37;170;7.2;11.1;20.3;17.3;40.9;382.6;13.6;13.3;13.4;12;18.9;313.8888889;119.4444444;194.4444444;1.7
4632300;6;11;37;206;7.2;11.7;20.3;18.2;41.1;382.6;14.1;13.7;13.8;12.3;18.9;313.8888889;119.4444444;194.4444444;1.7
4633200;5;9;43;192;6.6;10.7;20.1;17.8;41.3;279;12.8;12.4;12.6;11.2;18.3;313.8888889;55.55555556;69.44444444;2.4
4634100;5;9;43;173;6.6;10.1;19.9;17.8;41.6;279;12.1;11.8;12;10.8;18.3;313.8888889;55.55555556;69.44444444;2.4
4635000;5;8;43;156;6.1;9.4;19.7;18.2;41.6;279;11.6;11.1;11.4;10.2;18.3;313.8888889;55.55555556;69.44444444;2.4
4635900;5;8;43;142;6.1;8.9;19.3;18.5;43;279;11;10.6;10.9;9.8;18.3;313.8888889;55.55555556;69.44444444;2.4
4636800;5;7;38;114;5.7;8.4;18.7;17.6;45.8;159.3;10.6;10.1;10.5;9.4;17.4;313.8888889;2.777777778;2.777777778;3
4637700;5;7;39;97;5.9;8;17.9;17.5;49.2;150.8;10.3;9.8;10.2;9.1;17.4;313.8888889;2.777777778;2.777777778;3
4638600;4;6;39;93;5.4;7.5;16.9;17.8;52;150.8;9.5;9.1;9.5;8.5;17.4;313.8888889;2.777777778;2.777777778;3
4639500;3;6;37;114;4.1;6.9;16.1;18.1;54.6;150.8;8.8;8.5;8.9;8;17.4;313.8888889;2.777777778;2.777777778;3
4640400;3;5;43;80;4.2;5.6;15.3;17.3;56.8;46;7.5;7.4;7.8;6.7;16.4;311.1111111;0;0;3
4641300;3;4;43;73;3.8;5.4;14.8;17.2;58.5;29.9;7.3;7.1;7.5;6.4;16.4;311.1111111;0;0;3
4642200;3;4;43;74;3.7;5;14.3;17.4;60.2;29.9;7.3;6.9;7.5;6.4;16.4;311.1111111;0;0;3
4643100;3;4;43;77;3.7;5;13.8;17.7;62.3;29.9;7.5;6.9;7.6;6.5;16.4;311.1111111;0;0;3
4644000;3;4;43;76;3.7;5;13.4;16.6;63.8;6;7.5;6.9;7.6;6.4;14.2;308.3333333;0;0;4.1
4644900;3;4;43;72;3.7;5;13.1;16.3;65.1;0;7.4;6.9;7.4;6.3;14.2;308.3333333;0;0;4.1
4645800;3;4;43;68;3.7;5;12.8;16.3;66.2;0;7.3;6.8;7.3;6.1;14.2;308.3333333;0;0;4.1
4646700;3;4;43;68;3.7;5;12.6;16.3;67.2;0;7.2;6.7;7.2;6.1;14.2;308.3333333;0;0;4.1
4647600;2;4;43;61;3.7;4.8;12.3;15.3;68.1;0;6.9;6.5;6.9;5.9;12.7;302.7777778;0;0;4.5
4648500;2;4;37;51;3.5;4.5;12;15;69.2;0;6.6;6.2;6.7;5.7;12.7;302.7777778;0;0;4.5
4649400;1;3;39;81;2.4;4.2;11.7;15.3;70;0;6.2;5.8;6.2;5.4;12.7;302.7777778;0;0;4.5
4650300;1;3;39;75;2.3;3.8;11.5;15.4;70.7;0;5.9;5.3;5.9;5;12.7;302.7777778;0;0;4.5
4651200;1;3;36;68;2.4;3.5;11.3;15;71.2;0;6;5.4;6;5.1;12.2;300;0;0;3.6
4652100;2;3;12;22;2.5;3.7;11.2;14.8;71.7;0;6.3;5.7;6.4;5.2;12.2;300;0;0;3.6
4653000;0;3;43;142;0.8;3.8;10.9;14.3;72.3;0;5.7;5.1;5.6;4.9;12.2;300;0;0;3.6
4653900;0;1;43;133;-0.5;2.3;10.8;13.9;72.6;0;4.2;3.6;4.1;3.4;12.2;300;0;0;3.6
4654800;-1;0;43;129;-1.6;1.1;10.6;13.2;73.1;0;3;2.6;2.9;2.2;11.6;300;0;0;3.6
4655700;-3;0;43;124;-2.4;0.2;10.4;13.2;74;0;2.1;1.8;2.1;1.2;11.6;300;0;0;3.6
4656600;-3;0;43;119;-3;-0.5;10.2;12.7;74.7;0;1.4;1.3;1.4;0.6;11.6;300;0;0;3.6
4657500;-4;0;43;117;-3.5;-1;10.1;12.2;75.3;0;0.9;0.8;1;0.2;11.6;300;0;0;3.6
4658400;-4;0;43;116;-3.8;-1.4;9.9;11.2;75.7;0;0.7;0.4;0.6;0;11;294.4444444;0;0;3.5
4659300;-4;-2;43;116;-4;-1.5;9.8;11.1;76.1;0;0.6;0.3;0.5;-0.3;11;294.4444444;0;0;3.5
4660200;-4;-2;43;117;-4;-1.5;9.7;11.1;76.3;0;1;0.3;0.6;-0.1;11;294.4444444;0;0;3.5
4661100;-4;-2;43;113;-4;-1.5;9.55;9.8;76.85;0;0.75;0.2;0.45;-0.3;11;294.4444444;0;0;3.5
4662000;-4;-2;43;109;-4;-1.5;9.4;8.5;77.4;0;0.5;0.1;0.3;-0.5;10.3;294.4444444;0;0;3.2
4662900;-4;-2;43;109;-4;-1.5;9.3;8.1;78;0;0.4;0.1;0.4;-0.5;10.3;294.4444444;0;0;3.2
4663800;-4;-2;43;112;-4;-1.5;9.3;8.1;78.6;0;0.5;0.2;0.4;-0.5;10.3;294.4444444;0;0;3.2
4664700;-4;-2;32;87;-3.5;-1.5;9.2;8.1;79.5;0;0.7;0.4;0.6;-0.3;10.3;294.4444444;0;0;3.2
4665600;-2;-2;0;0;-1.8;-1.5;9.1;7.9;79.7;0;1.4;1.4;1.6;0;9.1;288.8888889;0;0;3.8
4666500;-2;-2;0;0;-1.7;-1.2;9;7.8;80.1;0;2.1;2.2;2.7;0.4;9.1;288.8888889;0;0;3.8
4667400;-2;-1;20;56;-1.1;0.1;8.9;7.8;80.2;0;3.5;3.5;4;1.9;9.1;288.8888889;0;0;3.8
4668300;-1;0;43;129;-1.4;1.3;8.9;7.8;80.3;0;3.3;2.9;3.1;2.3;9.1;288.8888889;0;0;3.8
4669200;-2;0;43;123;-2.2;0.4;8.8;7.4;80.4;0;2.4;2.1;2.3;1.5;8.4;288.8888889;0;0;4
4670100;-3;0;43;118;-2.8;-0.3;8.6;7.2;80.3;0;1.7;1.4;1.6;0.8;8.4;288.8888889;0;0;4
4671000;-3;0;43;116;-3.3;-0.9;8.3;7.2;80.2;0;1.2;0.9;1;0.3;8.4;288.8888889;0;0;4
4671900;-4;0;43;115;-3.7;-1.3;8.3;7.2;80.8;0;0.9;0.5;0.7;-0.1;8.4;288.8888889;0;0;4
4672800;-4;0;43;115;-3.8;-1.4;8.2;8.2;81.6;0;0.8;0.4;0.6;-0.1;7.8;286.1111111;0;0;3.9
4673700;-4;-1;43;114;-3.8;-1.4;8.1;8.5;81.6;0;0.6;0.3;0.5;-0.1;7.8;286.1111111;0;0;3.9
4674600;-4;-2;43;114;-3.8;-1.4;8.1;8.4;81.7;0;0.6;0.2;0.4;-0.3;7.8;286.1111111;0;0;3.9
4675500;-4;-2;43;114;-3.8;-1.5;8.1;8.3;82.1;0;0.6;0.2;0.4;-0.4;7.8;286.1111111;0;0;3.9
4676400;-4;-2;43;113;-4.2;-1.9;8;7.6;82.1;0;0.4;0.1;0.3;-0.6;7.4;286.1111111;0;0;4.7
4677300;-4;-2;43;113;-4.3;-1.9;7.9;7.4;82.3;0;0.4;0;0.2;-0.6;7.4;286.1111111;0;0;4.7
4678200;-4;-2;43;111;-4.3;-1.9;7.8;7.5;82.5;0;0.4;0;0.2;-0.7;7.4;286.1111111;0;0;4.7
4679100;-4;-2;43;112;-4.3;-1.9;7.8;7.6;82.7;0;0.5;0.1;0.2;-0.6;7.4;286.1111111;0;0;4.7
4680000;-4;-2;43;114;-4.3;-1.9;7.8;7.1;82.7;0;0.5;0.1;0.2;-0.6;6.7;286.1111111;0;0;3.4
4680900;-4;-2;43;114;-4.3;-1.9;7.7;6.9;82.4;0;0.3;0;0.1;-0.7;6.7;286.1111111;0;0;3.4
4681800;-5;-2;43;113;-4.3;-1.9;7.6;7;82.3;0;0.1;-0.1;0;-0.9;6.7;286.1111111;0;0;3.4
4682700;-5;-2;43;112;-4.5;-2.3;7.4;7.3;82.6;0;-0.2;-0.4;-0.2;-1;6.7;286.1111111;0;0;3.4
4683600;-5;-2;43;111;-4.8;-2.4;7.3;6.9;82.6;0;-0.4;-0.5;-0.4;-1.1;6.4;286.1111111;2.777777778;2.777777778;3.6
4684500;-5;-2;43;111;-4.8;-2.4;7.3;6.7;82.8;0;-0.4;-0.6;-0.4;-1.2;6.4;286.1111111;2.777777778;2.777777778;3.6
4685400;-5;-3;43;111;-4.8;-2.4;7.3;6.8;82.7;0;-0.5;-0.6;-0.5;-1.3;6.4;286.1111111;2.777777778;2.777777778;3.6
4686300;-5;-3;43;110;-4.8;-2.4;7.3;6.9;82.4;0;-0.5;-0.6;-0.5;-1.3;6.4;286.1111111;2.777777778;2.777777778;3.6
4687200;-5;-3;43;109;-4.8;-2.4;7.2;7.2;82.4;1.1;-0.6;-0.7;-0.6;-1.4;6.5;286.1111111;58.33333333;66.66666667;3.3
4688100;-5;-3;43;109;-4.8;-2.5;7.2;7.3;82.3;1.7;-0.6;-0.7;-0.6;-1.5;6.5;286.1111111;58.33333333;66.66666667;3.3
4689000;-5;-3;43;108;-4.8;-2.9;7.2;7.2;82.1;1.8;-0.6;-0.8;-0.6;-1.6;6.5;286.1111111;58.33333333;66.66666667;3.3
4689900;-5;-3;43;107;-5.1;-2.9;7.3;7.1;82.1;1.8;-0.7;-0.9;-0.8;-1.8;6.5;286.1111111;58.33333333;66.66666667;3.3
4690800;-5;-3;43;109;-5.3;-2.9;7.6;8;81.7;28.9;-0.7;-0.9;-0.7;-1.7;7.5;288.8888889;127.7777778;191.6666667;2.6
4691700;-5;-3;43;111;-5.2;-2.9;8.2;8.4;80.4;42.5;-0.4;-0.5;-0.4;-1.4;7.5;288.8888889;127.7777778;191.6666667;2.6
4692600;-5;-2;43;113;-4.8;-2.5;8.8;8;78.8;42.5;0.1;-0.1;0.1;-1;7.5;288.8888889;127.7777778;191.6666667;2.6
4693500;-4;-2;43;116;-4.4;-2;9.5;7.8;76.9;42.5;0.6;0.3;0.4;-0.6;7.5;288.8888889;127.7777778;191.6666667;2.6
4694400;-4;-2;43;118;-4.1;-1.7;10.1;8.9;73.6;131;1.1;0.7;0.9;-0.2;9.6;291.6666667;169.4444444;322.2222222;1.8
4695300;-3;-1;43;122;-3.5;-1;10.7;9.5;70.9;175.3;1.8;1.5;1.7;0.4;9.6;291.6666667;169.4444444;322.2222222;1.8
4696200;-3;0;43;127;-2.7;-0.1;11.3;8.6;68;175.3;2.6;2.3;2.6;1.2;9.6;291.6666667;169.4444444;322.2222222;1.8
4697100;-2;0;43;132;-2;0.8;12;8.2;66.2;175.3;3.5;3.3;3.5;2.1;9.6;291.6666667;169.4444444;322.2222222;1.8
4698000;-2;1;43;137;-1.1;1.8;12.5;9.7;63.5;274;4.6;4.3;4.6;3.1;12.3;300;197.2222222;419.4444444;1.7
4698900;0;2;43;145;0.1;3;12.9;10.4;62.3;323.4;5.8;5.6;5.9;4.3;12.3;300;197.2222222;419.4444444;1.7
4699800;0;4;43;152;1.2;4.3;13.5;9.9;60.9;323.1;7.1;7;7.2;5.6;12.3;300;197.2222222;419.4444444;1.7
4700700;2;5;43;160;2.4;5.6;13.6;9.7;59.5;322.9;8.5;8.3;8.5;6.9;12.3;300;197.2222222;419.4444444;1.7
4701600;3;6;43;168;3.5;6.9;14.3;11.3;58.1;382.8;9.8;9.6;9.7;8;15;305.5555556;208.3333333;472.2222222;2.3
4702500;4;7;43;176;4.5;8;15.1;12.1;55.7;412.7;10.8;10.7;10.8;9.2;15;305.5555556;208.3333333;472.2222222;2.3
4703400;4;8;43;182;5.3;9;15.6;12;54.2;415.3;11.7;11.7;11.7;10.2;15;305.5555556;208.3333333;472.2222222;2.3
4704300;5;9;43;188;6;9.9;16.2;11.9;53.1;417.1;12.6;12.5;12.6;11.1;15;305.5555556;208.3333333;472.2222222;2.3
4705200;6;10;43;191;6.8;10.7;16.8;14.2;51.1;498.7;13.4;13.3;13.3;11.9;17.9;313.8888889;211.1111111;469.4444444;1.7
4706100;4;11;38;269;5.3;11.6;17.4;14.2;49.7;498.7;14.1;14.1;13.9;12.7;17.9;313.8888889;211.1111111;469.4444444;1.7
4707000;6;10;38;199;6.5;11.3;18;14.3;48.7;498.7;13.6;13.5;13.3;11.9;17.9;313.8888889;211.1111111;469.4444444;1.7
4707900;6;11;43;202;7.4;11.6;18.5;14.4;46.8;498.7;14.1;14;14.1;12.6;17.9;313.8888889;211.1111111;469.4444444;1.7
4708800;7;11;43;201;8.1;12.1;19.1;15.9;45.1;545.4;14.8;14.7;14.8;13.3;19.3;316.6666667;194.4444444;419.4444444;1.1
4709700;9;13;39;132;10.4;13.3;19.4;16;43.7;548.7;16.2;16;16;14.5;19.3;316.6666667;194.4444444;419.4444444;1.1
4710600;12;14;38;108;12.6;15;19.9;16.3;42.7;548.7;17.7;17.7;17.9;16.2;19.3;316.6666667;194.4444444;419.4444444;1.1
4711500;10;15;43;238;11.1;15.9;20.2;16.5;42.2;548.7;18;17.9;17.9;16.7;19.3;316.6666667;194.4444444;419.4444444;1.1
4712400;11;15;39;149;12.4;15.7;20.5;17.2;40.6;520.9;18.2;18.2;18.2;16.6;19.6;319.4444444;169.4444444;322.2222222;1
4713300;7;15;39;387;7.8;16.1;20.9;17.5;40.2;507;18.3;18.1;18;16.9;19.6;319.4444444;169.4444444;322.2222222;1
4714200;6;12;43;285;7.5;13.5;21.2;17.5;39.1;507;15.6;15.4;15.2;13.8;19.6;319.4444444;169.4444444;322.2222222;1
4715100;6;12;43;258;7.5;12.6;21.4;17.5;38.2;507;14.9;14.6;14.6;13.2;19.6;319.4444444;169.4444444;322.2222222;1
4716000;6;11;43;247;7.5;12.6;21.4;18;37.5;442;14.8;14.4;14.5;13.1;19.3;316.6666667;122.2222222;197.2222222;3.4
4716900;6;11;43;239;7.5;12.1;21.4;18.2;38.1;409.5;14.7;14.3;14.3;13.2;19.3;316.6666667;122.2222222;197.2222222;3.4
4717800;6;11;43;233;7.5;12.1;21.4;19.4;38.5;409.5;14.4;14.3;14.2;13.1;19.3;316.6666667;122.2222222;197.2222222;3.4
4718700;6;11;43;216;7.5;12;21.2;20;40.3;409.5;14;13.9;13.9;12.7;19.3;316.6666667;122.2222222;197.2222222;3.4
4719600;6;11;43;203;7.5;11.6;20.9;19.7;41.3;327.9;13.7;13.6;13.5;12.4;19.1;316.6666667;55.55555556;69.44444444;3
4720500;6;10;43;187;7.3;11.1;20.8;19.6;42;287.1;13.2;13.1;13.1;11.9;19.1;316.6666667;55.55555556;69.44444444;3
4721400;6;10;43;172;7;10.7;20.5;19.4;42.6;287.1;12.8;12.5;12.5;11.4;19.1;316.6666667;55.55555556;69.44444444;3
4722300;6;9;43;150;6.9;9.9;20.2;19.3;43.7;287.1;12.1;11.7;11.7;10.8;19.1;316.6666667;55.55555556;69.44444444;3
4723200;5;8;43;129;6.5;9.1;19.5;18.6;46.9;197.7;11.2;10.9;10.9;10;17.8;313.8888889;2.777777778;2.777777778;2.3
4724100;5;8;36;91;6.4;8.6;18.6;18.2;50;153;10.7;10.5;10.5;9.7;17.8;313.8888889;2.777777778;2.777777778;2.3
4725000;5;7;39;95;5.9;8.1;17.6;18.3;53;153;10;9.8;9.9;9.1;17.8;313.8888889;2.777777778;2.777777778;2.3
4725900;4;6;36;102;5.4;7.4;16.8;18.3;54.7;153;9.4;9.2;9.4;8.4;17.8;313.8888889;2.777777778;2.777777778;2.3
4726800;4;5;43;96;4.2;6.4;16;17;56.7;33.1;8.3;8;8.3;7.4;16.8;308.3333333;0;0;2.5
4727700;3;5;43;73;4.4;6.1;15.3;17;59.3;33.1;8;7.6;8;7.1;16.8;308.3333333;0;0;2.5
4728600;3;5;43;72;4.4;5.8;14.8;17.3;60.5;33.1;8;7.4;7.9;7;16.8;308.3333333;0;0;2.5
4729500;3;5;43;73;4.4;5.6;14.4;17.9;61.8;33.1;8;7.4;7.9;7;16.8;308.3333333;0;0;2.5
4730400;3;5;43;67;4.4;5.6;14.1;17;63.4;8.8;7.7;7.3;7.7;6.8;15.7;305.5555556;0;0;2.1
4731300;3;4;43;62;4.4;5.5;13.7;16.7;65;0;7.4;7.2;7.5;6.5;15.7;305.5555556;0;0;2.1
4732200;3;4;33;61;3.8;5.1;13.4;16.7;66.1;0;7.4;7.1;7.4;6.4;15.7;305.5555556;0;0;2.1
4733100;2;4;37;70;3.4;5;13.1;16.8;66.7;0;6.9;6.7;7;6.1;15.7;305.5555556;0;0;2.1
4734000;3;4;3;4;3.6;4.6;12.9;15.7;66;0;7.1;6.9;7.2;6;14.7;300;0;0;3
4734900;3;5;20;71;3.4;5.2;13;15.5;65.6;0;8.2;7.7;8.2;7;14.7;300;0;0;3
4735800;3;4;43;71;4;5.6;13;15.6;65.6;0;7.6;7.1;7.6;6.7;14.7;300;0;0;3
4736700;3;4;38;64;3.9;5.3;12.8;15.7;65.8;0;7.5;7;7.5;6.6;14.7;300;0;0;3
4737600;2;4;39;83;3.3;5.1;12.6;15.1;66;0;7.2;6.8;7.2;6.4;13.3;294.4444444;0;0;3.2
4738500;2;4;34;66;3.5;5;12.3;15;66;0;6.9;6.4;6.9;6;13.3;294.4444444;0;0;3.2
4739400;0;3;43;136;1.1;4.1;12;15.1;66.8;0;6;5.5;5.9;5.2;13.3;294.4444444;0;0;3.2
4740300;0;2;43;137;-0.2;2.7;11.6;15.2;67.7;0;4.7;4.1;4.5;4;13.3;294.4444444;0;0;3.2
4741200;0;1;43;133;-0.9;1.8;11.3;14.2;68.5;0;3.9;3.2;3.6;3.3;12.6;288.8888889;0;0;3.4
4742100;-2;0;43;130;-1.5;1.2;11;14.1;69.6;0;3.3;2.5;3;2.6;12.6;288.8888889;0;0;3.4
4743000;-2;0;43;126;-2.2;0.4;10.6;14.1;71;0;2.6;1.8;2.2;1.9;12.6;288.8888889;0;0;3.4
4743900;-3;0;43;124;-2.7;-0.2;10.3;14.1;71.6;0;2;1.3;1.6;1.3;12.6;288.8888889;0;0;3.4
4744800;-3;0;43;121;-3.1;-0.6;10.1;13.4;72.2;0;1.6;0.8;1.3;0.7;11.7;286.1111111;0;0;2.6
4745700;-3;0;43;121;-3.5;-0.9;9.8;13.3;72.7;0;1.5;0.6;1.2;0.7;11.7;286.1111111;0;0;2.6
4746600;-4;0;43;118;-3.6;-1.2;9.8;12.9;73.1;0;0.9;0.4;0.8;0;11.7;286.1111111;0;0;2.6
4747500;-4;-1;43;114.5;-3.8;-1.55;9.65;10.8;73.6;0;0.6;0.25;0.55;-0.25;11.7;286.1111111;0;0;2.6
4748400;-4;-2;43;111;-4;-1.9;9.5;8.7;74.1;0;0.3;0.1;0.3;-0.5;10.8;283.3333333;0;0;3.6
4749300;-1;-2;33;22;-0.7;-1.6;9.3;8.1;74.4;0;1;0.8;1.2;-0.2;10.8;283.3333333;0;0;3.6
4750200;0;-1;0;0;0.2;-0.9;9.1;8.1;75;0;2.7;2.4;2.9;0.8;10.8;283.3333333;0;0;3.6
4751100;0;0;31;84;-0.9;0.7;8.9;8.1;75.8;0;3.4;3;3.4;2.4;10.8;283.3333333;0;0;3.6
4752000;-2;0;43;124;-2.4;0.2;8.7;7.8;76.4;0;2.1;1.8;2;1.5;9.6;280.5555556;0;0;4.8
4752900;-3;0;43;119;-3.2;-0.7;8.6;7.8;77;0;1.3;0.8;1.1;0.5;9.6;280.5555556;0;0;4.8
4753800;-4;0;43;116;-3.8;-1.3;8.4;7.8;77.7;0;0.9;0.4;0.6;0;9.6;280.5555556;0;0;4.8
4754700;-4;-2;43;115;-3.9;-1.6;8.3;7.8;78;0;0.6;0.1;0.3;-0.3;9.6;280.5555556;0;0;4.8
4755600;-4;-2;43;113;-4.3;-1.9;8.2;7.3;78;0;0.3;-0.2;0;-0.6;8.6;277.7777778;0;0;4.9
4756500;-5;-2;43;111;-4.4;-1.9;8.1;7.2;78.8;0;0.3;-0.3;-0.1;-0.8;8.6;277.7777778;0;0;4.9
4757400;-4;-2;43;113;-4.4;-1.9;7.9;7.2;79.5;0;0.4;-0.2;0;-0.8;8.6;277.7777778;0;0;4.9
4758300;-4;-2;43;114;-4.4;-1.9;8;7.2;80;0;0.5;0;0.2;-0.7;8.6;277.7777778;0;0;4.9
4759200;-4;-2;43;114;-4.4;-1.9;7.9;7.8;80;0;0.6;0.1;0.3;-0.6;8;272.2222222;0;0;5.4
4760100;-4;-2;43;114;-4.4;-1.9;7.9;8;80.2;0;0.4;0.1;0.2;-0.7;8;272.2222222;0;0;5.4
4761000;-4;-2;43;114;-4.4;-1.9;7.7;8.1;80.2;0;0.3;0;0.1;-0.8;8;272.2222222;0;0;5.4
4761900;-5;-2;43;111;-4.6;-2.2;7.4;8.2;80;0;-0.2;-0.5;-0.4;-1.1;8;272.2222222;0;0;5.4
4762800;-5;-3;43;108;-5;-2.8;7.2;7.3;80.1;0;-0.7;-1.1;-0.9;-1.5;6.9;272.2222222;0;0;5
4763700;-6;-3;43;105;-5.4;-3.2;7;7.1;80.7;0;-1.1;-1.5;-1.3;-2;6.9;272.2222222;0;0;5
4764600;-6;-4;43;102;-5.8;-3.6;6.8;7.3;81;0;-1.5;-1.8;-1.7;-2.4;6.9;272.2222222;0;0;5
4765500;-6;-4;43;101;-5.9;-3.9;6.7;7.6;81.4;0;-1.9;-2.1;-1.9;-2.6;6.9;272.2222222;0;0;5
4766400;-6;-4;42;100;-6.4;-4.2;6.6;6.9;81.5;0;-2.2;-2.4;-2.2;-3;6.7;272.2222222;0;0;3.8
4767300;-7;-4;43;99;-6.5;-4.4;6.5;6.7;81.7;0;-2.5;-2.7;-2.5;-3.2;6.7;272.2222222;0;0;3.8
4768200;-7;-5;42;99;-6.9;-4.9;6.5;6.9;82;0;-2.7;-3;-2.8;-3.3;6.7;272.2222222;0;0;3.8
4769100;-7;-5;43;98;-6.9;-4.9;6.4;7.2;82.1;0;-2.8;-3;-2.9;-3.6;6.7;272.2222222;0;0;3.8
4770000;-7;-5;43;98;-6.9;-4.9;6.3;6.4;82.5;0;-2.6;-2.8;-2.8;-3.4;6;272.2222222;5.555555556;5.555555556;3.2
4770900;-7;-5;43;97;-6.9;-4.9;6.2;6.2;82.5;0;-2.6;-2.8;-2.7;-3.3;6;272.2222222;5.555555556;5.555555556;3.2
4771800;-7;-5;42;98;-6.9;-4.9;6.1;6.2;82.5;0;-2.7;-3;-2.8;-3.5;6;272.2222222;5.555555556;5.555555556;3.2
4772700;-7;-5;43;97;-7.1;-5.1;6.1;6.1;82.7;0;-3;-3.2;-3.1;-3.9;6;272.2222222;5.555555556;5.555555556;3.2
4773600;-7;-5;43;95;-7.4;-5.4;6.1;6;82.8;0.8;-3.1;-3.3;-3.1;-3.9;6.4;269.4444444;58.33333333;80.55555556;2.7
4774500;-7;-5;43;94;-7.4;-5.4;6.1;6;82.6;1;-3.1;-3.4;-3.2;-3.9;6.4;269.4444444;58.33333333;80.55555556;2.7
4775400;-7;-5;43;95;-7.4;-5.4;6.1;6.4;82.6;1.1;-3.1;-3.3;-3.2;-3.8;6.4;269.4444444;58.33333333;80.55555556;2.7
4776300;-7;-5;43;97;-7.4;-5.4;6.3;6.9;82.6;1.2;-2.9;-3.2;-2.9;-3.7;6.4;269.4444444;58.33333333;80.55555556;2.7
4777200;-7;-5;43;98;-7.3;-5.3;6.7;7.8;82.4;37.7;-2.7;-3;-2.7;-3.5;7.8;272.2222222;105.5555556;225;3
4778100;-7;-5;42;99;-6.9;-4.9;7.2;8.1;81.4;51;-2.2;-2.8;-2.4;-3.2;7.8;272.2222222;105.5555556;225;3
4779000;-6;-4;42;103;-6.5;-4.3;8;7.8;79.9;51;-1.6;-2.1;-1.7;-2.6;7.8;272.2222222;105.5555556;225;3
4779900;-5;-3;42;109;-5.7;-3.4;8.8;7.3;76;51;-0.6;-1.2;-0.7;-1.7;7.8;272.2222222;105.5555556;225;3
4780800;-5;-2;42;113;-4.7;-2.4;9.6;8.5;72;150.8;0.4;-0.1;0.3;-0.8;9.9;277.7777778;130.5555556;358.3333333;5.2
4781700;-4;-2;43;120;-3.8;-1.3;10.3;9;68.7;187.1;1.5;1.1;1.5;0.3;9.9;277.7777778;130.5555556;358.3333333;5.2
4782600;-3;0;43;125;-2.7;-0.1;11;8.7;65.8;187.1;2.6;2.3;2.7;1.3;9.9;277.7777778;130.5555556;358.3333333;5.2
4783500;-2;0;43;133;-1.6;1;11.6;8.1;63.8;187.1;3.9;3.5;3.9;2.4;9.9;277.7777778;130.5555556;358.3333333;5.2
4784400;-1;2;43;142;-0.4;2.5;12.1;9.5;62;302.5;5.3;5;5.4;3.8;12.5;286.1111111;150;458.3333333;4.9
4785300;0;3;43;149;0.9;4;12.8;10;59.6;344.5;6.8;6.6;6.9;5.3;12.5;286.1111111;150;458.3333333;4.9
4786200;1;5;43;157;2.2;5.4;13.5;9.9;57.6;345.6;8.3;8.1;8.3;6.7;12.5;286.1111111;150;458.3333333;4.9
4787100;3;6;43;167;3.4;6.7;14.1;9.7;55.7;347.8;9.6;9.4;9.6;8;12.5;286.1111111;150;458.3333333;4.9
4788000;4;7;43;174;4.4;8;14.7;11.2;54.1;423.6;10.8;10.7;10.8;9.1;15.1;294.4444444;150;516.6666667;4.3
4788900;5;8;43;180;5.4;9.1;15.3;11.8;52.4;451.1;11.9;11.8;11.8;10.2;15.1;294.4444444;150;516.6666667;4.3
4789800;5;9;43;184;6.3;10.1;15.8;11.8;50.2;450.3;12.8;12.7;12.8;11.2;15.1;294.4444444;150;516.6666667;4.3
4790700;6;10;38;170;7;10.9;16.4;11.9;49.6;448.8;13.8;13.8;13.7;12.2;15.1;294.4444444;150;516.6666667;4.3
4791600;4;11;42;330;4.4;11.4;17;13.4;48.2;504.8;13.7;13.5;13.3;12.2;17.8;297.2222222;130.5555556;525;3.1
4792500;6;11;40;193;7.3;11.5;17.4;14;47.5;525.2;14.1;13.8;14;12.4;17.8;297.2222222;130.5555556;525;3.1
4793400;7;11;43;203;7.9;12;17.8;14.2;47.3;525.2;14.8;14.6;14.7;13.4;17.8;297.2222222;130.5555556;525;3.1
4794300;8;12;31;210;8;13;18.2;14.5;45.3;525.2;15.9;15.7;15.8;14.4;17.8;297.2222222;130.5555556;525;3.1
4795200;8;13;35;207;9.6;14.1;18.8;15.7;43.2;568.5;16.7;16.6;16.4;15.2;18.9;300;116.6666667;480.5555556;2.7
4796100;11;15;41;140;12.8;15.5;19.3;16.1;38.3;584.3;18.3;18.3;18.4;16.8;18.9;300;116.6666667;480.5555556;2.7
4797000;10;15;42;222;11.8;16.1;19.8;16.3;36.5;584.3;18.6;18.6;18.6;17.4;18.9;300;116.6666667;480.5555556;2.7
4797900;12;16;35;218;12.1;16.9;20;16.7;36.5;584.3;19.6;19.7;19.6;18.1;18.9;300;116.6666667;480.5555556;2.7
4798800;6;15;43;423;7.2;15.9;20.3;17.1;37.9;548.3;17.7;17.6;17.1;16.4;20;302.7777778;108.3333333;372.2222222;1.8
4799700;7;13;43;311;7.8;14.3;20.6;17.3;36.6;535.2;16.4;16.3;16;14.8;20;302.7777778;108.3333333;372.2222222;1.8
4800600;7;13;43;298;7.8;14.1;20.9;17.3;35.6;535.2;16.2;16.1;15.9;14.6;20;302.7777778;108.3333333;372.2222222;1.8
4801500;7;13;43;288;7.8;13.8;21;17.3;35.9;535.2;16.1;15.9;15.8;14.5;20;302.7777778;108.3333333;372.2222222;1.8
4802400;7;13;43;275;7.8;13.6;21.1;17.6;35.9;474.1;15.8;15.7;15.6;14.3;20.2;305.5555556;88.88888889;238.8888889;1.7
4803300;7;12;43;261;7.8;13.4;20.9;17.7;35.7;451.9;15.6;15.3;15.4;14.1;20.2;305.5555556;88.88888889;238.8888889;1.7
4804200;7;12;43;249;7.8;13.1;21;18.3;35.1;451.9;15.4;15.1;15.1;14;20.2;305.5555556;88.88888889;238.8888889;1.7
4805100;7;12;43;233;7.8;12.8;21;19.4;34.9;451.9;15;14.7;14.7;13.7;20.2;305.5555556;88.88888889;238.8888889;1.7
4806000;7;11;43;211;7.8;12.3;21;19.1;34.2;352.2;14.4;14.2;14.2;13.1;18.6;300;50;86.11111111;2.1
4806900;7;11;43;201;7.8;12.1;21.1;19;33.2;315.9;14.2;13.8;14;12.8;18.6;300;50;86.11111111;2.1
4807800;7;11;43;190;7.8;11.7;20.7;19.3;36.7;315.9;13.8;13.5;13.7;12.6;18.6;300;50;86.11111111;2.1
4808700;7;10;36;130;8.2;11.4;20;19.9;38.4;315.9;13.7;13.2;13.6;12.6;18.6;300;50;86.11111111;2.1
4809600;8;10;39;116;8.9;11.4;19.4;19;38.9;208;13.5;12.9;13.4;12.4;16.5;294.4444444;2.777777778;5.555555556;2
4810500;7;10;39;106;8.3;10.8;18.9;18.7;40.4;168.7;12.7;12.2;12.7;11.6;16.5;294.4444444;2.777777778;5.555555556;2
4811400;7;9;37;152;6.3;9.9;18;18.9;43.8;168.7;11.7;11.3;11.6;10.8;16.5;294.4444444;2.777777778;5.555555556;2
4812300;5;7;43;97;6;8;16.9;19.4;47.7;168.7;10;9.7;9.9;9;16.5;294.4444444;2.777777778;5.555555556;2
4813200;4;6;43;78;5.6;7.1;15.9;18.5;50.7;71.6;9;8.8;9;8.1;15.6;291.6666667;0;0;1.7
4814100;4;5;43;66;5.2;6.5;14.9;18.2;53.7;36.3;8.4;8.2;8.5;7.6;15.6;291.6666667;0;0;1.7
4815000;4;5;43;59;4.9;6.1;14.2;18;56.2;36.3;7.9;7.8;8.1;7.3;15.6;291.6666667;0;0;1.7
4815900;4;5;40;54;4.7;5.7;13.6;17.7;58.1;36.3;7.7;7.5;7.8;7;15.6;291.6666667;0;0;1.7
4816800;4;5;0;0;4.7;5.6;13.1;16.7;59.9;9.7;7.8;7.7;8.1;7;14.2;286.1111111;0;0;1.9
4817700;4;7;23;73;4.4;7.1;12.8;16.3;61.8;0;8.5;8.1;8.6;7.7;14.2;286.1111111;0;0;1.9
4818600;4;5;3;7;4.6;5.8;12.4;16;62.9;0;7.9;7.5;7.9;7;14.2;286.1111111;0;0;1.9
4819500;4;5;19;57;4.7;6.3;12;15.3;64.6;0;8.6;7.9;8.4;7.6;14.2;286.1111111;0;0;1.9
4820400;4;5;9;14;4.5;5.7;11.8;14.1;65.9;0;7.6;7.1;7.8;6.9;12.8;288.8888889;0;0;2
4821300;4;5;21;31;5;5.8;11.4;13.7;67.1;0;8.4;7.7;8.5;7.5;12.8;288.8888889;0;0;2
4822200;3;5;39;83;4;5.9;11.3;13.9;68;0;7.8;7.3;7.9;7.1;12.8;288.8888889;0;0;2
4823100;2;4;36;76;3.4;5.2;11.2;14.2;68.5;0;7.2;6.8;7.3;6.4;12.8;288.8888889;0;0;2
4824000;3;4;3;3;3.6;4.6;11;13.7;68.7;0;7;6.6;7.1;5.9;11.5;286.1111111;0;0;1.7
4824900;2;4;16;48;3.5;5;10.7;13.5;69.4;0;7.8;7;7.7;6.5;11.5;286.1111111;0;0;1.7
4825800;0;3;43;143;1.3;4.4;10.5;13.6;69.9;0;6.2;5.7;6.1;5.4;11.5;286.1111111;0;0;1.7
4826700;0;2;42;134;-0.3;2.6;10.3;13.7;70.3;0;4.5;4.1;4.4;3.7;11.5;286.1111111;0;0;1.7
4827600;-1;0;42;130;-1.4;1.4;10.1;12.9;70.9;0;3.3;2.8;3.2;2.5;10.2;283.3333333;0;0;2
4828500;-2;0;42;125;-2.2;0.4;9.8;12.6;71.6;0;2.4;1.8;2.3;1.6;10.2;283.3333333;0;0;2
4829400;-3;0;39;96;-2.3;-0.3;9.5;12.4;72.4;0;1.8;1.2;1.6;0.8;10.2;283.3333333;0;0;2
4830300;0;0;17;0;1.3;-0.1;9.3;12.1;73;0;2.7;2.6;3.1;1.3;10.2;283.3333333;0;0;2
4831200;0;0;0;0;1.2;0.2;9.1;11.4;74.1;0;3.8;3.4;4;2;9.5;280.5555556;0;0;3.5
4832100;0;1;20;53;0.7;1.4;8.8;11.1;74.7;0;4.8;4.1;4.9;3.6;9.5;280.5555556;0;0;3.5
4833000;0;1;43;132;-0.9;1.9;8.7;10.9;75.4;0;3.7;3.2;3.6;3.2;9.5;280.5555556;0;0;3.5
4833900;-1.5;0.5;43;122.5;-1.95;0.6;8.6;9.8;75.45;0;2.45;2.1;2.45;1.85;9.5;280.5555556;0;0;3.5
4834800;-3;0;43;113;-3;-0.7;8.5;8.7;75.5;0;1.2;1;1.3;0.5;9;283.3333333;0;0;3.4
4835700;-4;0;43;110;-3.6;-1.3;8.3;8.1;76.2;0;0.7;0.4;0.7;-0.1;9;283.3333333;0;0;3.4
4836600;-4;-2;43;112;-4;-1.7;8.1;8.1;77.1;0;0.3;0;0.4;-0.4;9;283.3333333;0;0;3.4
4837500;-4;-2;43;112;-4.3;-1.9;8.2;8.1;77.5;0;0.3;-0.3;0;-0.6;9;283.3333333;0;0;3.4
4838400;-5;-2;43;110;-4.6;-2.4;8.2;7.9;77;0;-0.3;-0.6;-0.4;-1.1;8.3;280.5555556;0;0;3.7
4839300;-5;-3;43;110;-4.8;-2.6;8.1;7.8;77.2;0;-0.5;-0.8;-0.8;-1.4;8.3;280.5555556;0;0;3.7
4840200;-5;-3;43;108;-5;-2.9;7.8;7.8;77.7;0;-0.6;-1.1;-0.9;-1.6;8.3;280.5555556;0;0;3.7
4841100;-5;-3;43;107;-5.3;-2.9;7.8;7.8;78;0;-1;-1.3;-1.1;-1.8;8.3;280.5555556;0;0;3.7
4842000;-6;-3;43;106;-5.3;-3.4;7.6;7.4;78;0;-1.2;-1.5;-1.3;-2;7.8;277.7777778;0;0;3.4
4842900;-6;-4;43;104;-5.8;-3.4;7.4;7.2;78;0;-1.4;-1.7;-1.4;-2.1;7.8;277.7777778;0;0;3.4
4843800;-6;-4;43;103;-5.8;-3.7;7.3;7.2;78.5;0;-1.7;-1.9;-1.7;-2.5;7.8;277.7777778;0;0;3.4
4844700;-6;-4;43;102;-6.1;-3.9;7.2;7.2;78.5;0;-2;-2.1;-1.9;-2.8;7.8;277.7777778;0;0;3.4
4845600;-6;-4;43;102;-6.3;-3.9;7.1;7.3;78.5;0;-2.1;-2.2;-2;-2.9;7.4;-2775;0;0;3.5
4846500;-6;-4;43;101;-6.3;-4.2;6.9;7.3;78.5;0;-2.2;-2.3;-2.1;-2.9;7.4;-2775;0;0;3.5
4847400;-7;-4;43;101;-6.3;-4.4;6.8;7.3;78.5;0;-2.2;-2.5;-2.3;-3;7.4;-2775;0;0;3.5
4848300;-7;-4;43;101;-6.3;-4.4;6.7;7.3;78.5;0;-2.1;-2.5;-2.3;-3;7.4;-2775;0;0;3.5
4849200;-7;-4;42;100;-6.3;-4.4;6.7;7;78.2;0;-2.3;-2.6;-2.4;-3.1;6.6;277.7777778;0;0;3.1
4850100;-7;-4;42;100;-6.7;-4.4;6.6;6.8;77.5;0;-2.3;-2.7;-2.4;-3.2;6.6;277.7777778;0;0;3.1
4851000;-7;-4;42;99;-6.8;-4.4;6.5;7.1;77.4;0;-2.1;-2.6;-2.4;-3.2;6.6;277.7777778;0;0;3.1
4851900;-7;-4;43;99;-6.8;-4.4;6.3;7.3;77.4;0;-2.3;-2.5;-2.4;-3.1;6.6;277.7777778;0;0;3.1
4852800;-7;-4;42;100;-6.8;-4.4;6.3;6.7;77.2;0;-2.3;-2.6;-2.5;-3.2;6.3;280.5555556;0;0;2.7
4853700;-7;-4;43;100;-6.8;-4.4;6.3;6.7;76.7;0;-2.4;-2.6;-2.5;-3.3;6.3;280.5555556;0;0;2.7
4854600;-7;-5;42;99;-6.8;-4.6;6.2;6.8;76.6;0;-2.7;-2.9;-2.7;-3.4;6.3;280.5555556;0;0;2.7
4855500;-7;-5;42;97;-7;-5;6.2;6.9;76.5;0;-3;-3.2;-3;-3.8;6.3;280.5555556;0;0;2.7
4856400;-7;-5;42;96;-7.3;-5.4;6.1;6.4;76.4;0;-3.1;-3.4;-3.1;-3.9;5.9;277.7777778;5.555555556;5.555555556;3
4857300;-7;-5;42;97;-7.3;-5.4;6.2;6.4;76.3;0;-2.9;-3.2;-3;-3.8;5.9;277.7777778;5.555555556;5.555555556;3
4858200;-7;-5;42;96;-7.3;-5.4;6.1;6.3;75.9;0;-3.1;-3.3;-3.1;-3.8;5.9;277.7777778;5.555555556;5.555555556;3
4859100;-7;-5;42;95;-7.3;-5.4;6;6.2;75.8;0;-3.2;-3.5;-3.3;-4;5.9;277.7777778;5.555555556;5.555555556;3
4860000;-8;-5;42;93;-7.3;-5.4;6;6.3;75.8;0.5;-3.4;-3.6;-3.4;-4.1;5.7;277.7777778;61.11111111;77.77777778;1.7
4860900;-8;-6;42;93;-7.3;-5.4;6.1;6.3;75.7;0.6;-3.4;-3.7;-3.5;-4.2;5.7;277.7777778;61.11111111;77.77777778;1.7
4861800;-8;-5;42;94;-7.3;-5.4;6.2;6.4;75.3;0.6;-3.2;-3.5;-3.3;-4.2;5.7;277.7777778;61.11111111;77.77777778;1.7
4862700;-7;-5;42;96;-7.3;-5.4;6.4;6.5;75.3;0.6;-2.9;-3.3;-3.1;-3.9;5.7;277.7777778;61.11111111;77.77777778;1.7
4863600;-7;-5;42;98;-7.3;-5.4;6.8;7;74.9;26;-2.7;-3.1;-2.9;-3.7;6.2;280.5555556;119.4444444;213.8888889;2.9
4864500;-7;-5;42;101;-7;-4.9;7.4;7.1;72.2;32.3;-2.2;-2.6;-2.4;-3.3;6.2;280.5555556;119.4444444;213.8888889;2.9
4865400;-6;-4;43;105;-6.3;-4.2;8.2;6.9;69.3;32.3;-1.3;-1.9;-1.6;-2.6;6.2;280.5555556;119.4444444;213.8888889;2.9
4866300;-5;-3;43;108;-5.6;-3.5;8.9;6.6;64.8;32.3;-0.6;-1.2;-0.8;-1.9;6.2;280.5555556;119.4444444;213.8888889;2.9
4867200;-5;-2;43;113;-4.9;-2.6;9.3;7.5;62.2;116.3;0.3;-0.2;0.2;-1.1;8.7;288.8888889;161.1111111;227.7777778;5.7
4868100;-4;-2;43;118;-4;-1.6;9.7;7.8;60.5;146.9;1.2;0.8;1.2;-0.2;8.7;288.8888889;161.1111111;227.7777778;5.7
4869000;-3;-1;43;122;-3.2;-0.8;10.4;7.2;59.3;146.9;2;1.7;1.9;0.6;8.7;288.8888889;161.1111111;227.7777778;5.7
4869900;-3;0;43;122;-2.8;-0.4;10.7;6.9;58.2;146.9;2.2;2;2.3;0.9;8.7;288.8888889;161.1111111;227.7777778;5.7
4870800;-2;0;43;126;-2.5;0.1;11.1;7.8;56.7;215;2.8;2.5;2.9;1.4;10.3;302.7777778;263.8888889;433.3333333;5.3
4871700;-2;0;43;129;-2.1;0.6;11.4;8.2;55.6;249;3.2;2.9;3.3;1.9;10.3;302.7777778;263.8888889;433.3333333;5.3
4872600;-2;1;43;133;-1.4;1.2;11.8;7.7;55.6;254;3.9;3.7;3.9;2.6;10.3;302.7777778;263.8888889;433.3333333;5.3
4873500;-2;1;43;137;-1.1;1.7;12.3;7.4;54.6;257.3;4.5;4.2;4.4;3.2;10.3;302.7777778;263.8888889;433.3333333;5.3
4874400;0;3;43;148;0.5;3.5;13.5;8.7;52.6;297.4;6.5;6.3;6.4;5;13.5;330.5555556;286.1111111;352.7777778;5.9
4875300;2;5;43;160;2.5;5.7;14.1;8.7;50.8;297.4;8.6;8.5;8.6;7;13.5;330.5555556;286.1111111;352.7777778;5.9
4876200;3;7;43;169;3.7;7.2;14.5;9.2;49.4;298.5;10;9.9;10;8.5;13.5;330.5555556;286.1111111;352.7777778;5.9
4877100;4;8;43;177;5.1;8.6;15.4;9.8;46.5;299.7;11.4;11.4;11.4;10;13.5;330.5555556;286.1111111;352.7777778;5.9
4878000;5;9;43;181;6.1;9.6;16.5;10.7;43.9;323.8;12.2;12.2;12.2;10.8;13.5;341.6666667;216.6666667;216.6666667;5.4
4878900;5;9;40;165;6.3;9.6;16.7;10.8;43.8;327.5;11.9;11.9;11.9;10.7;13.5;341.6666667;216.6666667;216.6666667;5.4
4879800;3;9;40;251;4.3;9.6;16.9;11;43.6;327.5;11.8;11.6;11.5;10.5;13.5;341.6666667;216.6666667;216.6666667;5.4
4880700;4;8;41;173;5.5;9.1;16.8;11.2;43.7;327.5;11.4;11.3;11.3;10.1;13.5;341.6666667;216.6666667;216.6666667;5.4
4881600;4;8;43;174;5.2;9;16.7;11.6;43.4;331.3;11;10.9;10.9;9.8;13;341.6666667;197.2222222;200;5.2
4882500;4;8;42;159;5.2;8.6;16.5;11.7;43.4;331.9;10.7;10.6;10.7;9.7;13;341.6666667;197.2222222;200;5.2
4883400;5;8;39;100;6.2;8.7;16.3;12.8;44.4;331.9;11.1;11;11.2;10.1;13;341.6666667;197.2222222;200;5.2
4884300;6;9;43;128;7.5;9.7;16.4;14;45.6;331.9;12.4;12.3;12.4;11.3;13;341.6666667;197.2222222;200;5.2
4885200;5;9;43;183;6.1;9.9;16.2;13.4;48.2;260.8;11.8;11.7;11.7;10.9;11.4;336.1111111;144.4444444;144.4444444;5.9
4886100;4;8;42;166;5.6;9;15.7;13.3;50.8;249.9;11;10.9;11;10;11.4;336.1111111;144.4444444;144.4444444;5.9
4887000;5;8;39;101;6.4;8.6;15.1;13.3;56.1;249.9;11.1;11;11.1;10;11.4;336.1111111;144.4444444;144.4444444;5.9
4887900;6;9;43;118;7.2;9.1;15;13.3;58.8;249.9;11.6;11.5;11.7;10.5;11.4;336.1111111;144.4444444;144.4444444;5.9
4888800;4;8;43;161;5.3;8.8;14.6;12.4;62.3;211.9;10.6;10.5;10.6;9.7;9.5;341.6666667;77.77777778;77.77777778;5.1
4889700;3;7;43;166;4.3;7.7;14;12.3;65;206.1;9.6;9.5;9.6;8.7;9.5;341.6666667;77.77777778;77.77777778;5.1
4890600;2;6;37;168;3.4;6.8;13.5;12.3;67.4;206.1;8.9;8.7;8.9;7.9;9.5;341.6666667;77.77777778;77.77777778;5.1
4891500;3;5;37;110;3.2;6.2;13.3;12.2;68.7;206.1;8.3;8.2;8.3;7.4;9.5;341.6666667;77.77777778;77.77777778;5.1
4892400;2;5;43;157;2.7;6;12.8;11.5;70.6;145.1;7.9;7.8;7.9;7;8.4;347.2222222;16.66666667;16.66666667;4
4893300;1;4;43;152;2.3;5.4;12.3;11.3;71.5;129.8;7.4;7.2;7.4;6.4;8.4;347.2222222;16.66666667;16.66666667;4
4894200;1;4;43;148;2;5.1;12;11;72.1;129.8;7;6.8;7;6;8.4;347.2222222;16.66666667;16.66666667;4
4895100;1;4;42;133;1.7;4.6;11.6;10.6;72;129.8;6.6;6.4;6.6;5.8;8.4;347.2222222;16.66666667;16.66666667;4
4896000;2;4;36;102;2.5;4.6;10.8;10;72.9;76.9;6.9;6.7;7;5.9;7.3;341.6666667;2.777777778;2.777777778;3.5
4896900;2;4;43;78;2.8;4.6;10.5;9.9;73.3;63.7;6.6;6.4;6.7;5.7;7.3;341.6666667;2.777777778;2.777777778;3.5
4897800;2;4;43;78;2.8;4.6;10.3;9.5;73.4;63.7;6.7;6.5;6.8;5.8;7.3;341.6666667;2.777777778;2.777777778;3.5
4898700;1;4;38;109;2.1;4.6;9.9;8.8;74.3;63.7;6.6;6.4;6.7;5.8;7.3;341.6666667;2.777777778;2.777777778;3.5
4899600;0;3;43;141;0.6;3.6;9.9;8.3;74.2;28.2;5.4;5.2;5.4;4.7;6.4;338.8888889;0;0;3
4900500;0;2;43;136;-0.1;2.7;9.8;8.1;74;10.5;4.7;4.4;4.6;3.7;6.4;338.8888889;0;0;3
4901400;0;1;43;135;-0.7;2.1;9.7;7.8;73.6;10.5;4.2;3.9;4.1;3.3;6.4;338.8888889;0;0;3
4902300;0;1;43;135;-0.8;1.9;9.3;7.6;74.4;10.5;3.9;3.7;3.9;3;6.4;338.8888889;0;0;3
4903200;-1;0;43;131;-1.2;1.5;9.3;6.8;74.8;0;3.5;3.2;3.5;2.7;6;338.8888889;0;0;2.5
4904100;-2;0;43;130;-1.6;1.1;9.1;6.8;75.3;0;3.3;3;3.3;2.4;6;338.8888889;0;0;2.5
4905000;-2;0;43;130;-1.7;1.1;8.9;6.5;76;0;3.3;3;3.2;2.3;6;338.8888889;0;0;2.5
4905900;-2;0;43;130;-1.7;1.1;8.8;6.3;77.2;0;3.1;2.8;3.1;2.2;6;338.8888889;0;0;2.5
4906800;-2;0;43;128;-2;0.7;8.9;5.9;77.8;0;2.8;2.6;2.8;1.9;5.5;336.1111111;0;0;2.8
4907700;-2;0;43;130;-2.2;0.6;8.5;5.9;80.9;0;3;2.7;2.9;2.2;5.5;336.1111111;0;0;2.8
4908600;-2;0;43;128;-2.2;0.6;8.2;5.9;82.6;0;2.9;2.7;2.8;2;5.5;336.1111111;0;0;2.8
4909500;-2;0;43;129;-2.2;0.6;8;5.9;81.8;0;3;2.8;2.9;2.2;5.5;336.1111111;0;0;2.8
4910400;-2;0;43;130;-2.2;0.6;7.9;5.6;81.3;0;3;2.9;3;2.2;5.5;327.7777778;0;0;2.8
4911300;-2;0;43;128;-2.2;0.6;7.9;5.5;80.7;0;2.9;2.7;2.8;2;5.5;327.7777778;0;0;2.8
4912200;-2;0;43;127;-2.2;0.6;7.9;5.5;80.2;0;2.8;2.7;2.8;1.9;5.5;327.7777778;0;0;2.8
4913100;-2;0;43;126;-2.2;0.6;7.9;5.5;79.6;0;2.6;2.5;2.6;1.8;5.5;327.7777778;0;0;2.8
4914000;-2;0;43;125;-2.2;0.6;7.9;5.4;79.1;0;2.5;2.3;2.5;1.6;5.4;319.4444444;0;0;2.5
4914900;-2;0;43;123;-2.2;0.2;8.1;5.4;78.7;0;2.3;2.1;2.2;1.4;5.4;319.4444444;0;0;2.5
4915800;-3;0;43;121;-2.3;0.1;8.1;5.4;77.5;0;2.2;2;2.1;1.2;5.4;319.4444444;0;0;2.5
4916700;-3;0;43;119;-2.7;-0.1;8.1;5.3;76.5;0;1.9;1.7;1.8;0.9;5.4;319.4444444;0;0;2.5
4917600;-3;0;43;117;-3;-0.7;8.3;5.3;75.5;0;1.4;1.2;1.3;0.4;4.9;263.8888889;0;0;2.2
4918500;-4;0;43;115;-3.5;-0.9;8.4;5.3;74.2;0;1;0.7;0.9;0.2;4.9;263.8888889;0;0;2.2
4919400;-4;0;43;115;-3.7;-1.4;8.2;5.4;73.9;0;0.8;0.6;0.6;-0.1;4.9;263.8888889;0;0;2.2
4920300;-4;-1;43;110.5;-3.9;-1.65;7.65;6.3;75.35;0;0.45;0.25;0.3;-0.45;4.9;263.8888889;0;0;2.2
4921200;-4;-2;43;106;-4.1;-1.9;7.1;7.2;76.8;0;0.1;-0.1;0;-0.8;3.9;252.7777778;0;0;2.5
4922100;-5;-2;43;103;-4.5;-2.4;6.6;8.1;78.2;0;-0.3;-0.6;-0.4;-0.9;3.9;252.7777778;0;0;2.5
4923000;-5;-3;43;107;-4.8;-2.6;6.4;8.1;79.5;0;-0.6;-1;-0.7;-1.3;3.9;252.7777778;0;0;2.5
4923900;-5;-3;43;105;-5.3;-3.1;6.2;8.1;80.3;0;-1.1;-1.5;-1.2;-1.8;3.9;252.7777778;0;0;2.5
4924800;-6;-4;43;103;-5.8;-3.6;6;7.8;80.8;0;-1.7;-1.9;-1.7;-2.4;3.1;247.2222222;0;0;1.9
4925700;-6;-4;42;101;-6.2;-4.1;5.8;7.8;81.3;0;-2.2;-2.4;-2.2;-2.9;3.1;247.2222222;0;0;1.9
4926600;-7;-5;42;98;-6.7;-4.7;5.5;7.8;81.4;0;-2.7;-2.9;-2.6;-3.6;3.1;247.2222222;0;0;1.9
4927500;-7;-5;42;96;-7.1;-5.1;5.4;7.8;81.7;0;-3.1;-3.3;-3.1;-4;3.1;247.2222222;0;0;1.9
4928400;-8;-5;42;94;-7.3;-5.4;5.2;7.2;81.6;0;-3.4;-3.6;-3.4;-4.1;2.7;244.4444444;0;0;1.9
4929300;-8;-6;43;90;-7.7;-5.8;4.9;7.2;82;0;-3.8;-4.1;-3.8;-4.6;2.7;244.4444444;0;0;1.9
4930200;-8;-6;43;92;-8.1;-6.1;4.7;7.2;82.6;0;-4;-4.3;-4.1;-4.9;2.7;244.4444444;0;0;1.9
4931100;-8;-6;44;91;-8.2;-6.4;4.6;7.2;82.8;0;-4.3;-4.6;-4.3;-5.1;2.7;244.4444444;0;0;1.9
4932000;-8;-7;45;90;-8.3;-6.5;4.4;3.6;82.8;0;-4.6;-4.9;-4.6;-5.1;2.4;244.4444444;0;0;1.2
4932900;-9;-7;45;88;-8.7;-6.9;4.3;3;83.4;0;-4.7;-5;-4.8;-5.3;2.4;244.4444444;0;0;1.2
4933800;-5;-7;36;24;-4;-6.6;4.1;2.8;83.7;0;-3.9;-3.9;-3.6;-4.9;2.4;244.4444444;0;0;1.2
4934700;-5;-4;42;94;-5.6;-3.5;4;2.4;83.6;0;-1.4;-1.7;-1.3;-2;2.4;244.4444444;0;0;1.2
4935600;-7;-5;42;96;-6.7;-4.6;3.9;2.4;83.9;0;-2.7;-3.2;-2.8;-3.4;2.2;247.2222222;0;0;0.7
4936500;-8;-6;42;92;-7.4;-5.5;4;2.4;84.8;0;-3.5;-3.9;-3.5;-4.2;2.2;247.2222222;0;0;0.7
4937400;-8;-6;43;90;-7.9;-6;4.1;2.4;84.7;0;-3.9;-4.2;-3.9;-4.8;2.2;247.2222222;0;0;0.7
4938300;-8;-6;44;87;-8.3;-6.5;3.8;2.5;84.3;0;-4.5;-4.7;-4.5;-5.3;2.2;247.2222222;0;0;0.7
4939200;-6;-5;8;14;-5.7;-5.7;3.7;2.5;84.3;0;-4.7;-4.8;-4.6;-5.2;1.9;297.2222222;0;0;1.2
4940100;-7;-5;37;69;-7.2;-5.4;3.6;2.5;84.1;0;-3.9;-4.1;-3.9;-4.7;1.9;297.2222222;0;0;1.2
4941000;-8;-7;45;91;-8.3;-6.5;3.8;2.4;84.3;0;-4.6;-4.8;-4.6;-5.3;1.9;297.2222222;0;0;1.2
4941900;-6;-5;9;17;-5.8;-5.7;4;2.1;84.3;0;-4.4;-4.7;-4.5;-5.5;1.9;297.2222222;0;0;1.2
4942800;-5;-2;3;2;-5.2;-2.9;4.4;2;84.1;0;-3.6;-3.8;-3.6;-4.8;2;302.7777778;5.555555556;5.555555556;2.6
4943700;-7;-5;42;95;-6.9;-4.8;4.7;2;83.8;0;-2.7;-3.1;-2.8;-3.7;2;302.7777778;5.555555556;5.555555556;2.6
4944600;-8;-6;42;91;-7.5;-5.7;4.9;2;83.4;0;-3.6;-3.9;-3.7;-4.5;2;302.7777778;5.555555556;5.555555556;2.6
4945500;-8;-6;43;90;-8;-6;5.3;1.9;83;0;-3.9;-4.3;-4;-5;2;302.7777778;5.555555556;5.555555556;2.6
4946400;-8;-6;44;90;-8.2;-6.4;5.4;2.1;82.6;0.2;-4.2;-4.5;-4.2;-5.2;1.6;280.5555556;61.11111111;63.88888889;3.6
4947300;-8;-6;45;90;-8.2;-6.5;5.4;2.2;82;0.3;-4.2;-4.6;-4.3;-5.3;1.6;280.5555556;61.11111111;63.88888889;3.6
4948200;-8;-6;43;92;-8.2;-6.5;5.5;2.1;82.1;0.3;-4;-4.4;-4;-5.1;1.6;280.5555556;61.11111111;63.88888889;3.6
4949100;-8;-6;43;90;-8.2;-6.5;5.7;2;81;0.3;-3.9;-4.2;-3.9;-4.9;1.6;280.5555556;61.11111111;63.88888889;3.6
4950000;-8;-6;43;92;-8.2;-6;5.8;2.3;80.4;16.3;-3.8;-3.9;-3.6;-4.8;2.2;291.6666667;141.6666667;141.6666667;4.3
4950900;-8;-6;43;94;-8.2;-6;6.2;2.4;79.1;24.3;-3.7;-3.9;-3.6;-4.7;2.2;291.6666667;141.6666667;141.6666667;4.3
4951800;-8;-6;42;93;-8;-6;6.4;2.4;78.1;24.3;-3.6;-3.7;-3.5;-4.8;2.2;291.6666667;141.6666667;141.6666667;4.3
4952700;-8;-5;42;94;-7.7;-5.8;6.7;2.3;77.2;24.3;-3.3;-3.4;-3.2;-4.3;2.2;291.6666667;141.6666667;141.6666667;4.3
4953600;-7;-5;42;99;-7.2;-5.2;7;2.8;74.8;94;-2.5;-2.7;-2.5;-3.7;3.5;283.3333333;211.1111111;305.5555556;3.9
4954500;-6;-4;42;103;-6.5;-4.4;6.8;3;75.3;128.9;-1.7;-1.9;-1.7;-2.9;3.5;283.3333333;211.1111111;305.5555556;3.9
4955400;-6;-3;42;107;-5.9;-3.7;7.1;2.8;74.5;128.9;-1;-1.2;-1;-2.2;3.5;283.3333333;211.1111111;305.5555556;3.9
4956300;-5;-2;42;113;-4.9;-2.6;7.5;2.1;72.6;128.9;0.2;0;0.3;-1.1;3.5;283.3333333;211.1111111;305.5555556;3.9
4957200;-3;-1;43;124;-3.1;-0.6;8;2.8;70.8;201.1;2.3;2.2;2.3;0.7;5.3;250;97.22222222;508.3333333;3.9
4958100;-2;0;43;134;-1.6;1.1;7.8;3.1;69.9;237.2;3.9;3.9;3.9;2.3;5.3;250;97.22222222;508.3333333;3.9
4959000;-1;2;43;141;-0.5;2.5;7.5;3.1;70.6;235.2;5.2;5.2;5.2;3.7;5.3;250;97.22222222;508.3333333;3.9
4959900;0;3;43;147;0.7;3.6;7.7;3;70;229.6;6.4;6.4;6.5;4.9;5.3;250;97.22222222;508.3333333;3.9
4960800;1;4;43;153;1.7;4.9;8.2;3.6;65.6;285.5;7.6;7.6;7.7;6.1;6.5;261.1111111;138.8888889;511.1111111;3.8
4961700;2;5;43;158;2.5;5.8;8.6;3.9;61.9;313.4;8.5;8.5;8.6;7;6.5;261.1111111;138.8888889;511.1111111;3.8
4962600;2;6;43;163;3.2;6.5;8.9;4;56.3;315.6;9.2;9.3;9.3;7.8;6.5;261.1111111;138.8888889;511.1111111;3.8
4963500;2;6;43;160;3.5;6.8;9.1;4.4;50.3;321.6;8.9;8.9;8.9;7.6;6.5;261.1111111;138.8888889;511.1111111;3.8
4964400;2;5;43;154;2.9;6.1;8.9;5.1;48.1;364.2;8.1;8.1;8.2;7;7.8;258.3333333;136.1111111;516.6666667;3.6
4965300;2;5;43;157;2.9;6.1;8.9;5.4;50.1;385.5;8.5;8.5;8.6;7.4;7.8;258.3333333;136.1111111;516.6666667;3.6
4966200;3;6;43;167;3.7;7.2;9.2;5.6;49.4;385.5;9.5;9.7;9.6;8.4;7.8;258.3333333;136.1111111;516.6666667;3.6
4967100;2;6;43;159;3.4;6.7;9.2;6.2;49.5;385.5;8.8;8.9;8.9;7.7;7.8;258.3333333;136.1111111;516.6666667;3.6
4968000;3;6;43;166;3.5;6.9;9.6;6.5;48.1;371.8;9.5;9.5;9.5;8.4;7.8;258.3333333;119.4444444;466.6666667;4
4968900;4;7;43;174;4.5;8;10.3;6.7;46.8;364.9;10.7;10.8;10.7;9.5;7.8;258.3333333;119.4444444;466.6666667;4
4969800;4;7;43;169;4.9;8.2;9.9;6.8;46.7;364.9;10.3;10.4;10.3;9.1;7.8;258.3333333;119.4444444;466.6666667;4
4970700;3;7;43;170;4.4;7.8;10.3;7;46.6;364.9;10.4;10.5;10.4;9.2;7.8;258.3333333;119.4444444;466.6666667;4
4971600;4;8;43;176;5.1;8.8;10.6;7.4;46.2;360.5;11.2;11.4;11.3;9.9;8.6;255.5555556;66.66666667;419.4444444;3
4972500;4;8;43;171;5;8.7;10.2;7.6;47.1;358.3;10.8;10.9;10.8;9.5;8.6;255.5555556;66.66666667;419.4444444;3
4973400;4;8;43;171;5.1;8.5;10.5;7.6;46.6;358.3;11.2;11.2;11.2;9.8;8.6;255.5555556;66.66666667;419.4444444;3
4974300;4;8;43;172;5.3;8.9;10.4;7.6;46.4;358.3;11.2;11.3;11.3;9.8;8.6;255.5555556;66.66666667;419.4444444;3
4975200;3;8;37;207;3.8;8.9;10.6;7.9;46.9;327.7;10.9;11.1;10.9;9.6;8.9;255.5555556;52.77777778;272.2222222;2.3
4976100;3;7;38;156;4.3;8;10.7;8.1;46.5;312.4;10.2;10.4;10.3;8.7;8.9;255.5555556;52.77777778;272.2222222;2.3
4977000;3;7;43;167;4.4;8;10.5;8.2;46.3;312.4;9.9;9.9;9.9;8.6;8.9;255.5555556;52.77777778;272.2222222;2.3
4977900;3;6;43;165;4.1;7.5;10.5;8.3;46.1;312.4;9.5;9.5;9.6;8.3;8.9;255.5555556;52.77777778;272.2222222;2.3
4978800;3;6;43;161;3.8;7;10.6;8.1;45.6;262.5;9;9;9.1;7.9;8.4;255.5555556;36.11111111;116.6666667;2.6
4979700;2;5;43;156;3.4;6.6;10.5;8;46.1;237.6;8.5;8.4;8.6;7.4;8.4;255.5555556;36.11111111;116.6666667;2.6
4980600;2;5;43;152;2.9;6;10.3;8.1;47.2;237.6;8;7.8;8;6.8;8.4;255.5555556;36.11111111;116.6666667;2.6
4981500;1;4;43;146;2.3;5.3;10.2;8.3;48.4;237.6;7.4;7;7.4;6.3;8.4;255.5555556;36.11111111;116.6666667;2.6
4982400;0;4;43;142;1.6;4.5;10.1;8.1;49.8;168.1;6.5;6;6.6;5.5;7.5;252.7777778;5.555555556;8.333333333;2.6
4983300;0;3;43;138;0.7;3.7;9.7;8;50.9;133.3;5.7;5;5.7;4.7;7.5;252.7777778;5.555555556;8.333333333;2.6
4984200;0;2;43;133;-0.1;2.7;9.3;8.2;51.9;133.3;4.8;4;4.6;3.7;7.5;252.7777778;5.555555556;8.333333333;2.6
4985100;0;1;43;127;-0.9;1.7;9.1;8.7;53.1;133.3;3.7;3.2;3.7;2.8;7.5;252.7777778;5.555555556;8.333333333;2.6
4986000;-2;0;43;124;-1.6;1;8.8;8;54.7;57.4;3;2.5;2.9;2.1;6.1;247.2222222;0;0;3
4986900;-2;0;43;121;-2.2;0.3;8.5;7.8;54.9;29.8;2.4;1.9;2.4;1.4;6.1;247.2222222;0;0;3
4987800;-3;0;43;118;-2.6;-0.1;8.3;7.7;55.1;29.8;2;1.4;1.9;1;6.1;247.2222222;0;0;3
4988700;-3;0;43;117;-3.1;-0.6;8;7.6;55.4;29.8;1.5;0.9;1.4;0.5;6.1;247.2222222;0;0;3
4989600;-4;0;43;111;-3.5;-1.2;7.8;6.8;56.4;9.9;0.8;0.3;0.7;-0.1;5.1;247.2222222;0;0;2.8
4990500;-4;-2;43;107;-4.3;-2;7.3;6.4;58.4;0;0;-0.5;0;-0.8;5.1;247.2222222;0;0;2.8
4991400;-5;-3;42;105;-4.8;-2.6;6.6;6.3;61.5;0;-0.5;-1.1;-0.6;-1.4;5.1;247.2222222;0;0;2.8
4992300;-5;-3;42;105;-5.1;-3;6.4;6.2;63.1;0;-0.8;-1.3;-0.9;-1.7;5.1;247.2222222;0;0;2.8
4993200;-5;-3;42;107;-5.1;-3;6.6;6.1;63.7;0;-0.8;-1.2;-1;-1.7;4.5;244.4444444;0;0;2.5
4994100;-5;-3;42;106;-5.1;-3;6.5;6.1;64.7;0;-0.9;-1.3;-1;-1.7;4.5;244.4444444;0;0;2.5
4995000;-5;-3;42;105;-5.1;-3;6.4;6.2;64.4;0;-0.8;-1.5;-1;-1.8;4.5;244.4444444;0;0;2.5
4995900;-5;-3;42;105;-5.1;-3;6.4;6.2;64.6;0;-0.8;-1.5;-1;-1.8;4.5;244.4444444;0;0;2.5
4996800;-6;-3;42;103;-5.5;-3.4;5.9;4.6;66.6;0;-1.4;-1.8;-1.4;-2.3;3.6;241.6666667;0;0;2.2
4997700;-6;-4;42;98;-6.2;-4.2;5.3;4.5;67.9;0;-2.2;-2.5;-2.1;-3;3.6;241.6666667;0;0;2.2
4998600;-7;-5;42;94;-6.6;-4.8;5;4;69.2;0;-2.7;-3;-2.7;-3.5;3.6;241.6666667;0;0;2.2
4999500;-7;-5;42;93;-6.9;-5;4.8;3.5;70;0;-3;-3.2;-2.9;-3.7;3.6;241.6666667;0;0;2.2
5000400;-7;-5;42;93;-7.1;-5;4.7;3;70.8;0;-3.1;-3.4;-3.1;-3.9;2.8;238.8888889;0;0;2.2
5001300;-7;-5;42;94;-7.1;-5.4;4.6;2.9;72;0;-3.1;-3.5;-3.2;-4;2.8;238.8888889;0;0;2.2
5002200;-3;-5;35;33;-3.4;-5.1;4.8;3.3;71.8;0;-2.1;-2.2;-1.9;-3.2;2.8;238.8888889;0;0;2.2
5003100;-2;-3;0;0;-1.5;-3;4.9;3.9;72.2;0;0.6;0.5;1;-1.2;2.8;238.8888889;0;0;2.2
5004000;-2;-3;0;0;-1.5;-3;4.8;4.5;72;0;1.2;1;1.6;-0.5;2.3;233.3333333;0;0;2
5004900;-2;-3;0;0;-1.5;-2.6;4.7;4.6;72.4;0;1.6;1.3;2;0.4;2.3;233.3333333;0;0;2
5005800;-2;-2;0;0;-1.2;-2.2;4.5;4.4;72.9;0;1.9;1.6;2.3;1;2.3;233.3333333;0;0;2
5006700;-2;-0.5;0;0;-0.85;-0.2;4.35;5.7;73.7;0;2.05;1.8;2.55;1.2;2.3;233.3333333;0;0;2
5007600;-2;1;0;0;-0.5;1.8;4.2;7;74.5;0;2.2;2;2.8;1.4;1.3;236.1111111;0;0;1.4
5008500;-2;1;0;0;-0.3;2.1;4.1;8.1;74.9;0;2.3;2.3;3.3;1.6;1.3;236.1111111;0;0;1.4
5009400;-1;0;0;0;0;1.9;4;8.1;75.6;0;2.3;2.6;3.7;1.7;1.3;236.1111111;0;0;1.4
5010300;0;0;0;0;0.4;1.6;3.8;8.1;76.1;0;2.3;2.8;4.1;1.8;1.3;236.1111111;0;0;1.4
5011200;0;0;0;0;0.6;1.6;3.7;7.9;76.8;0;2.1;3;4.3;1.9;1;233.3333333;0;0;1.1
5012100;0;0;0;0;1;1.6;3.4;7.8;77.4;0;1.8;3.2;4.5;1.9;1;233.3333333;0;0;1.1
5013000;0;0;0;0;1.2;2.1;3.2;7.8;77.5;0;1.9;3.7;4.5;1.8;1;233.3333333;0;0;1.1
5013900;0;1;0;0;1.5;2.1;2.8;7.8;77.7;0;2;4.2;4.3;1.6;1;233.3333333;0;0;1.1
5014800;0;1;0;0;1.8;2.1;2.4;7.2;79;0;1.9;4.3;4.7;1.4;0.3;230.5555556;0;0;0.9
5015700;0;3;0;0;2.1;3.4;2.6;7.2;80.3;0;1.7;4.5;5.8;0.9;0.3;230.5555556;0;0;0.9
5016600;0;4;0;0;2.5;4.6;2.7;7.2;79.4;0;1.7;5;5.7;0.7;0.3;230.5555556;0;0;0.9
5017500;0;3;0;0;2.5;4.1;2.6;7.2;79.7;0;1.7;5.2;5.6;0.5;0.3;230.5555556;0;0;0.9
5018400;1;2;0;0;2.4;3.6;2.4;1.1;79.5;0;1.5;5.4;5.8;0.5;0;230.5555556;0;0;0.9
5019300;1;2;0;0;2;3.6;2.2;0.2;79.8;0;1.3;5;6;0.3;0;230.5555556;0;0;0.9
5020200;0;2;0;0;2;3.6;2;0.2;79.8;0;1.1;4.5;5.4;0;0;230.5555556;0;0;0.9
5021100;0;2;0;0;2;3.1;1.9;0.3;80.2;0;0.9;4.4;5.1;0;0;230.5555556;0;0;0.9
5022000;0;2;0;0;1.5;3.1;1.8;0.1;80.6;0;0.7;4.5;5.1;-0.1;-0.8;230.5555556;0;0;1.1
5022900;0;2;0;0;1.5;3.1;1.7;0;80.6;0;0.6;4.6;5.2;-0.2;-0.8;230.5555556;0;0;1.1
5023800;0;3;0;0;1.5;3.2;1.5;-0.1;80.7;0;0.6;4.6;5.2;-0.3;-0.8;230.5555556;0;0;1.1
5024700;0;5;0;0;1;5.5;1.6;-0.2;81.5;0;0.5;4.4;5.2;-0.5;-0.8;230.5555556;0;0;1.1
5025600;1;4;0;0;1;5.2;2;-0.5;81.2;0;0.7;4.5;5.1;-0.5;-1;230.5555556;0;0;1.1
5026500;0;3;0;0;1;3.9;2.1;-0.6;80.6;0;0.9;4.6;5.1;-0.3;-1;230.5555556;0;0;1.1
5027400;0;2;0;0;1;3.5;1.8;-0.6;79.9;0;1;4.5;5.3;-0.1;-1;230.5555556;0;0;1.1
5028300;0;2;0;0;1;3.1;1.3;-0.5;80.5;0;0.8;4.3;5.1;-0.4;-1;230.5555556;0;0;1.1
5029200;0;2;0;0;1;3.1;1.2;-0.7;81.6;0;0.6;4.2;4.9;-0.4;-1.3;230.5555556;5.555555556;5.555555556;1.8
5030100;0;2;0;0;1;3.1;1.1;-0.8;81.6;0;0.3;4.1;4.8;-0.5;-1.3;230.5555556;5.555555556;5.555555556;1.8
5031000;0;2;0;0;1;3.1;1;-0.9;81.9;0;0.2;4.1;4.8;-0.6;-1.3;230.5555556;5.555555556;5.555555556;1.8
5031900;0;2;0;0;1;3.1;0.7;-1.2;81.5;0;0;4;4.8;-0.8;-1.3;230.5555556;5.555555556;5.555555556;1.8
5032800;0;4;0;0;0.8;4.5;0.6;-1.1;82.6;0.3;-0.2;3.9;4.7;-0.9;-0.9;230.5555556;41.66666667;94.44444444;1.4
5033700;0;5;0;0;0.5;5.6;0.6;-1;82.9;0.4;-0.3;4;4.7;-1;-0.9;230.5555556;41.66666667;94.44444444;1.4
5034600;0;5;0;0;0.3;5.6;1;-1;83.1;0.4;-0.1;4.2;4.7;-0.9;-0.9;230.5555556;41.66666667;94.44444444;1.4
5035500;0;4;0;0;0;5.2;1.3;-1;82.1;0.4;0.6;4.3;4.9;-0.5;-0.9;230.5555556;41.66666667;94.44444444;1.4
5036400;0;2;0;0;0.4;3.8;2.1;-0.4;81.1;21.4;1.4;4.2;5.1;-0.1;1;233.3333333;63.88888889;266.6666667;1.6
5037300;0;2;0;0;0.5;3.2;2.7;-0.2;78.4;29.1;2.4;4.2;5;0.9;1;233.3333333;63.88888889;266.6666667;1.6
5038200;0;2;5;2;0.6;3;3;-0.2;76.9;29.1;3.5;4.1;5.1;1.6;1;233.3333333;63.88888889;266.6666667;1.6
5039100;-1;0;43;116;-1.5;1;3.3;-0.2;75.5;29.1;3;2.1;3;2.2;1;233.3333333;63.88888889;266.6666667;1.6
5040000;-3;0;43;119;-2.4;0.1;3.7;0.5;74;106.6;2.1;1.8;2.2;1.3;2.6;236.1111111;72.22222222;405.5555556;1.5
5040900;-3;0;43;121;-2.6;0.1;3.9;0.9;73.2;145.4;2.3;2;2.3;1.2;2.6;236.1111111;72.22222222;405.5555556;1.5
5041800;-2;0;43;124;-2.4;0.2;4.2;0.6;72.4;145.4;2.8;2.6;2.8;1.6;2.6;236.1111111;72.22222222;405.5555556;1.5
5042700;-2;0;43;127;-1.7;0.9;4.8;0.1;70.5;145.4;3.5;3.4;3.6;2.3;2.6;236.1111111;72.22222222;405.5555556;1.5
5043600;-2;1;43;132;-1;1.7;5.3;1.2;68.7;228.9;4.3;4.3;4.4;3.1;3.6;244.4444444;83.33333333;511.1111111;3.4
5044500;0;2;43;138;-0.3;2.5;5.7;1.7;67.3;270.7;5.2;5.2;5.2;3.9;3.6;244.4444444;83.33333333;511.1111111;3.4
5045400;0;3;43;143;0.5;3.4;5.9;1.9;66.2;271.4;6;6;6;4.6;3.6;244.4444444;83.33333333;511.1111111;3.4
5046300;0;3;43;146;1.1;4.1;6.2;2.4;65.4;273.3;6.7;6.8;6.8;5.3;3.6;244.4444444;83.33333333;511.1111111;3.4
5047200;1;4;43;150;1.8;4.9;6.6;3.6;64.6;345.5;7.5;7.5;7.6;6.1;6.2;250;86.11111111;558.3333333;3.5
5048100;2;5;43;154;2.5;5.7;7.1;4;63.1;371.7;8.3;8.3;8.3;6.9;6.2;250;86.11111111;558.3333333;3.5
5049000;2;6;43;157;3.1;6.3;7.5;4.1;61.8;374.4;8.9;8.9;8.9;7.6;6.2;250;86.11111111;558.3333333;3.5
5049900;3;6;43;161;3.4;6.8;7.8;4.2;61.4;379.8;9.3;9.3;9.4;8.1;6.2;250;86.11111111;558.3333333;3.5
5050800;3;6;43;163;3.9;7.1;8;5.4;60.6;436.9;9.6;9.7;9.7;8.6;7.3;255.5555556;77.77777778;561.1111111;3
5051700;3;7;43;166;4.2;7.6;8.4;5.9;59.4;457.7;10.1;10.2;10.1;9;7.3;255.5555556;77.77777778;561.1111111;3
5052600;4;7;43;169;4.5;8.1;8.8;5.7;58.6;457.7;10.6;10.6;10.6;9.4;7.3;255.5555556;77.77777778;561.1111111;3
5053500;4;8;43;172;4.9;8.4;9;5.2;58.3;457.7;10.8;10.8;10.9;9.7;7.3;255.5555556;77.77777778;561.1111111;3
5054400;4;8;43;174;5.1;8.6;9.5;6.2;56.8;494.3;11.2;11.2;11.2;10.1;9;258.3333333;69.44444444;513.8888889;3.2
5055300;5;8;43;176;5.4;9.1;10;6.7;54.4;512.6;11.5;11.5;11.5;10.4;9;258.3333333;69.44444444;513.8888889;3.2
5056200;5;9;43;178;5.6;9.2;10.2;7;52.7;512.6;11.8;11.8;11.7;10.6;9;258.3333333;69.44444444;513.8888889;3.2
5057100;5;9;43;179;5.9;9.6;10.7;7.5;50.8;512.6;12.1;12.1;12.1;10.8;9;258.3333333;69.44444444;513.8888889;3.2
5058000;5;9;43;181;6.1;9.8;11.1;8.2;47.7;473.4;12.4;12.4;12.3;11;10.8;261.1111111;58.33333333;422.2222222;2.9
5058900;5;9;42;206;5.5;10.2;11.5;8.5;44.7;459.2;12.9;13;12.8;11.4;10.8;261.1111111;58.33333333;422.2222222;2.9
5059800;4;9;38;192;4.9;9.7;11.6;8.5;43.3;459.2;11.8;11.9;11.6;10.3;10.8;261.1111111;58.33333333;422.2222222;2.9
5060700;5;9;43;181;6;9.6;11.8;8.5;43;459.2;11.8;11.9;11.8;10.3;10.8;261.1111111;58.33333333;422.2222222;2.9
5061600;5;9;43;179;6;9.6;12;8.9;42.4;412;11.8;11.9;11.8;10.4;10.7;261.1111111;47.22222222;277.7777778;2.8
5062500;5;9;43;176;6;9.6;12.1;9;41.1;394.8;11.6;11.7;11.7;10.4;10.7;261.1111111;47.22222222;277.7777778;2.8
5063400;5;8;37;165;5.9;9.6;12.3;9.1;40.1;394.8;11.5;11.6;11.6;10.2;10.7;261.1111111;47.22222222;277.7777778;2.8
5064300;3;8;39;210;4;8.7;12.3;9.4;39.1;394.8;10.8;10.7;10.6;9.5;10.7;261.1111111;47.22222222;277.7777778;2.8
5065200;4;7;43;169;4.6;8.1;12.2;9.5;39.9;316.8;10.2;10.1;10.2;8.9;10.3;258.3333333;30.55555556;122.2222222;2.2
5066100;3;7;43;165;4.2;7.7;12.1;9.6;39.9;288.4;9.6;9.5;9.6;8.5;10.3;258.3333333;30.55555556;122.2222222;2.2
5067000;3;6;43;159;3.7;7;12.1;10.1;40.4;288.4;9;8.8;9;7.8;10.3;258.3333333;30.55555556;122.2222222;2.2
5067900;2;5;43;152;3.2;6.4;11.9;11;40.3;288.4;8.3;8;8.3;7.3;10.3;258.3333333;30.55555556;122.2222222;2.2
5068800;2;5;38;131;2.9;5.6;11.7;10.6;41.1;207.4;7.7;7;7.7;6.6;9;255.5555556;5.555555556;11.11111111;1.9
5069700;2;4;39;107;2.3;4.8;11.4;10.4;41.9;166.9;7.1;6.4;7.1;6;9;255.5555556;5.555555556;11.11111111;1.9
5070600;0;3;43;143;1.2;4.2;10.9;10.4;44.7;166.9;6.1;5.5;6.1;5.2;9;255.5555556;5.555555556;11.11111111;1.9
5071500;0;2;43;135;-0.1;2.7;10.5;10.3;46;166.9;4.7;4.2;4.7;3.8;9;255.5555556;5.555555556;11.11111111;1.9
5072400;0;1;43;129;-1.1;1.6;10.1;9.5;47.1;72;3.7;3;3.5;2.7;7.5;252.7777778;0;0;1.6
5073300;-2;0;43;127;-1.8;0.8;9.8;9.1;49.1;24.6;2.9;2.3;2.8;1.9;7.5;252.7777778;0;0;1.6
5074200;-3;0;43;121;-2.5;0.1;9.4;9.2;50.9;24.6;2.2;1.6;2;1.1;7.5;252.7777778;0;0;1.6
5075100;-3;0;43;119;-3;-0.6;9.1;9.3;52.4;24.6;1.5;0.9;1.5;0.5;7.5;252.7777778;0;0;1.6
5076000;-4;0;42;115;-3.6;-1.2;8.4;8.3;54.8;6.6;0.7;0.3;0.8;-0.2;6.2;250;0;0;1
5076900;-4;-2;42;111;-4.2;-1.9;7.8;8;57.1;0;0;-0.3;0.1;-0.8;6.2;250;0;0;1
5077800;-5;-3;42;107;-5;-2.8;7.1;8;58.6;0;-0.9;-1.2;-0.9;-1.7;6.2;250;0;0;1
5078700;-6;-4;42;103;-5.7;-3.6;6.7;7.9;59.7;0;-1.7;-1.9;-1.6;-2.4;6.2;250;0;0;1
5079600;-6;-4;42;100;-6.3;-4.1;6.3;7;61.4;0;-2.2;-2.4;-2.1;-2.8;5.8;247.2222222;0;0;1.1
5080500;-7;-4;42;98;-6.5;-4.4;5.8;6.9;63.7;0;-2.4;-2.8;-2.4;-3.1;5.8;247.2222222;0;0;1.1
5081400;-7;-5;42;96;-6.8;-4.8;5.5;6.8;65;0;-2.9;-3.1;-2.8;-3.5;5.8;247.2222222;0;0;1.1
5082300;-7;-5;42;95;-7.3;-5.2;5.4;6.6;65.2;0;-3.3;-3.4;-3.1;-3.8;5.8;247.2222222;0;0;1.1
5083200;-7;-5;43;94;-7.3;-5.4;5.1;5.9;66.4;0;-3.4;-3.7;-3.4;-4;5;244.4444444;0;0;0.7
5084100;-8;-6;43;94;-7.6;-5.7;4.8;5.8;67.8;0;-3.7;-3.9;-3.8;-4.3;5;244.4444444;0;0;0.7
5085000;-8;-6;44;91;-7.8;-5.9;4.7;5.7;68.2;0;-3.8;-4.3;-4;-4.6;5;244.4444444;0;0;0.7
5085900;-8;-6;45;89;-8.1;-6.3;4.5;5.5;68.5;0;-4.2;-4.6;-4.3;-5.1;5;244.4444444;0;0;0.7
5086800;-9;-7;46;84;-8.4;-6.7;4.2;4.7;69;0;-4.6;-5;-4.7;-5.5;3.7;241.6666667;0;0;0.8
5087700;-3;-6;36;21;-3.1;-6.1;4;4.6;69.9;0;-3.1;-3.3;-2.7;-4.4;3.7;241.6666667;0;0;0.8
5088600;-6;-4;42;99;-5.9;-3.8;3.8;4.9;70.6;0;-1.8;-2.2;-1.8;-2.4;3.7;241.6666667;0;0;0.8
5089500;-7;-5;43;92;-7.1;-5.1;3.6;5.2;71.2;0;-3.2;-3.6;-3.2;-3.7;3.7;241.6666667;0;0;0.8
5090400;-8;-6;44;90;-7.6;-5.8;3.5;4.4;71.4;0;-3.7;-4.2;-3.7;-4.4;3.2;238.8888889;0;0;0.7
5091300;-8;-6;44;89;-8.1;-6.2;3.3;4.3;72.1;0;-4.2;-4.7;-4.3;-5;3.2;238.8888889;0;0;0.7
5092200;-8;-7;34;60;-7.7;-6.8;3.2;4.3;72.2;0;-4.6;-5.1;-4.7;-5.4;3.2;238.8888889;0;0;0.7
5093100;-7;-4.5;27;51;-6.75;-4;3;5.95;72.7;0;-3.75;-4.35;-3.85;-4.7;3.2;238.8888889;0;0;0.7
5094000;-6;-2;20;42;-5.8;-1.2;2.8;7.6;73.2;0;-2.9;-3.6;-3;-4;2.5;238.8888889;0;0;0.4
5094900;-7;-5;43;89;-7.1;-5.1;2.7;8.1;73.8;0;-3.2;-3.7;-3.2;-4.1;2.5;238.8888889;0;0;0.4
5095800;-8;-6;44;85;-7.9;-6.2;2.5;8.1;74.2;0;-4.2;-4.6;-4.1;-5;2.5;238.8888889;0;0;0.4
5096700;-8;-7;44;84;-8.5;-6.5;2.3;8.1;74.7;0;-4.4;-5;-4.5;-5.3;2.5;238.8888889;0;0;0.4
5097600;-7;-6;19;36;-6.8;-6.8;2.2;7.8;75.2;0;-4.5;-5.2;-4.6;-5.5;1.2;236.1111111;0;0;0.7
5098500;-5;-2;0;0;-5.3;-2.9;2.1;7.8;75.9;0;-3.9;-4.7;-4.1;-5.1;1.2;236.1111111;0;0;0.7
5099400;-5;-3;8;14;-5.5;-2.9;2;7.8;76.2;0;-3.3;-4.3;-3.4;-4.4;1.2;236.1111111;0;0;0.7
5100300;-8;-6;43;89;-7.5;-5.6;1.8;7.8;76.3;0;-3.8;-4.2;-3.8;-4.4;1.2;236.1111111;0;0;0.7
5101200;-7;-7;22;38;-7.1;-6.6;1.6;7.3;76.9;0;-4.8;-5;-4.8;-5.5;0.1;233.3333333;0;0;0.6
5102100;-6;-1;0;0;-5.8;-1.6;1.5;7.2;77.5;0;-4.3;-4.6;-4.2;-5.2;0.1;233.3333333;0;0;0.6
5103000;-5;-1;5;15;-5.7;-0.2;1.3;7.2;78;0;-3.6;-4.1;-3.6;-4.5;0.1;233.3333333;0;0;0.6
5103900;-8;-6;44;89;-7.4;-5.6;1.2;7.2;78.7;0;-3.8;-4.1;-3.8;-4.4;0.1;233.3333333;0;0;0.6
5104800;-7;-7;25;45;-7.3;-6.8;1.1;1.8;79.5;0;-4.8;-5;-4.8;-5.5;-0.5;233.3333333;0;0;0.6
5105700;-6;-3;0;0;-5.6;-3.7;1;1;79.7;0;-4.6;-4.7;-4.3;-5.1;-0.5;233.3333333;0;0;0.6
5106600;-5;-3;0;0;-5.3;-3.1;1;0.8;79.7;0;-4;-4.3;-3.7;-4.7;-0.5;233.3333333;0;0;0.6
5107500;-7;-5;41;81;-7.1;-5.4;0.9;0.4;79.7;0;-3.8;-4.1;-3.7;-4.5;-0.5;233.3333333;0;0;0.6
5108400;-7;-6;21;36;-7.1;-6.6;0.8;0;80.2;0;-4.8;-5;-4.8;-5.5;-0.5;233.3333333;0;0;0.6
5109300;-6;-3;0;0;-5.9;-3.6;0.7;-0.1;80.2;0;-4.4;-4.7;-4.3;-5.1;-0.5;233.3333333;0;0;0.6
5110200;-5;-2;1;5;-5.5;-2.9;0.7;-0.2;80.5;0;-3.9;-4.3;-3.8;-4.6;-0.5;233.3333333;0;0;0.6
5111100;-8;-5;41;86;-7.5;-5.6;0.7;-0.5;80.7;0;-3.9;-4.3;-3.8;-4.5;-0.5;233.3333333;0;0;0.6
5112000;-7;-6;18;31;-7.1;-6.5;0.5;-0.7;81;0;-4.9;-5;-4.7;-5.4;-0.8;233.3333333;0;0;1
5112900;-6;-3;0;0;-5.9;-3.4;0.4;-0.8;81.7;0;-4.4;-4.6;-4.2;-5;-0.8;233.3333333;0;0;1
5113800;-5;-3;10;17;-5.6;-3.5;0.3;-0.9;81.7;0;-3.8;-4.2;-3.6;-4.5;-0.8;233.3333333;0;0;1
5114700;-8;-6;45;88;-8;-6.2;0.3;-0.9;81.7;0;-4.5;-4.7;-4.3;-5;-0.8;233.3333333;0;0;1
5115600;-6;-5;1;0;-6.4;-5.7;0.3;-1.1;81.7;0;-4.8;-5;-4.6;-5.3;-1.5;233.3333333;5.555555556;5.555555556;1.5
5116500;-6;-3;0;0;-5.9;-3.7;0.2;-1.1;81.7;0;-4.2;-4.5;-4;-4.8;-1.5;233.3333333;5.555555556;5.555555556;1.5
5117400;-6;-4;20;40;-6.4;-4.4;0.2;-0.9;81.8;0;-3.8;-4.3;-3.5;-4.4;-1.5;233.3333333;5.555555556;5.555555556;1.5
5118300;-8;-7;30;56;-7.5;-6.5;0.2;-0.8;82.6;0;-4.7;-5;-4.6;-5.3;-1.5;233.3333333;5.555555556;5.555555556;1.5
5119200;-6;-1;0;0;-6.2;-1.9;0.2;-0.6;82.2;0.7;-4.6;-4.9;-4.4;-5.2;-1.1;236.1111111;33.33333333;97.22222222;1.7
5120100;-6;0;0;1;-5.7;-0.1;0.5;-0.6;82.2;0.7;-4;-4.4;-3.7;-4.7;-1.1;236.1111111;33.33333333;97.22222222;1.7
5121000;-7;-4;40;81;-7.3;-5.1;0.7;-0.6;82.4;2.2;-3.7;-4.3;-3.5;-4.3;-1.1;236.1111111;33.33333333;97.22222222;1.7
5121900;-8;-7;37;68;-8;-6.6;1;-0.5;82.3;3.9;-4.7;-5.1;-4.6;-5.4;-1.1;236.1111111;33.33333333;97.22222222;1.7
5122800;-6;-4;0;0;-6.4;-4.9;1.6;0.4;81.1;49.6;-4.3;-5;-4.2;-5.3;1.5;241.6666667;50;272.2222222;2.4
5123700;-6;-3;18;38;-6.3;-3.9;2.2;0.5;79.3;56.6;-2.8;-3.9;-2.5;-4;1.5;241.6666667;50;272.2222222;2.4
5124600;-7;-5;42;96;-6.6;-4.6;2.9;0.1;77.3;56.6;-2.3;-3;-2.2;-3.4;1.5;241.6666667;50;272.2222222;2.4
5125500;-7;-4;42;98;-6.6;-4.7;3.6;-0.5;76.9;56.6;-2.2;-2.7;-2.1;-3.4;1.5;241.6666667;50;272.2222222;2.4
5126400;-6;-4;43;101;-6.4;-4.4;4.3;0.8;76.1;171.6;-1.7;-2;-1.7;-3;3.2;247.2222222;55.55555556;408.3333333;2.2
5127300;-6;-3;43;106;-5.8;-3.6;5.1;1.1;70.2;200.4;-0.8;-1.1;-0.8;-2.2;3.2;247.2222222;55.55555556;408.3333333;2.2
5128200;-5;-2;43;112;-4.8;-2.6;5.3;0.8;67.4;200.4;0.2;0;0.3;-1.2;3.2;247.2222222;55.55555556;408.3333333;2.2
5129100;-4;-2;43;116;-3.9;-1.5;5.5;0.3;65.3;200.4;1.2;1.1;1.3;-0.2;3.2;247.2222222;55.55555556;408.3333333;2.2
5130000;-3;0;43;122;-3;-0.5;6.1;1.8;63.7;289.4;2.2;2.2;2.3;0.8;5.8;252.7777778;61.11111111;513.8888889;2.4
5130900;-2;0;43;129;-2;0.6;7.1;2.3;61;321.7;3.4;3.4;3.4;1.8;5.8;252.7777778;61.11111111;513.8888889;2.4
5131800;-1;1;43;137;-0.9;1.9;7.6;3;57.4;321.8;4.7;4.7;4.7;3.1;5.8;252.7777778;61.11111111;513.8888889;2.4
5132700;0;3;43;144;0.4;3.3;8.1;3.4;55.3;321.9;6.1;6.1;6.1;4.5;5.8;252.7777778;61.11111111;513.8888889;2.4
5133600;1;4;43;151;1.6;4.7;8.7;4.7;53;398.6;7.5;7.5;7.5;6;8.2;261.1111111;63.88888889;563.8888889;2.5
5134500;2;5;43;158;2.7;5.9;9.1;5.4;51.4;437;8.7;8.7;8.7;7.2;8.2;261.1111111;63.88888889;563.8888889;2.5
5135400;3;6;43;164;3.6;6.9;9.4;5.3;50;448;9.6;9.6;9.6;8.2;8.2;261.1111111;63.88888889;563.8888889;2.5
5136300;3;7;43;169;4.2;7.7;10;5.2;48.9;455.4;10.4;10.4;10.4;9;8.2;261.1111111;63.88888889;563.8888889;2.5
5137200;4;8;43;174;4.8;8.5;10.6;7.2;47.4;524.8;11.1;11.1;11;9.8;11.6;269.4444444;61.11111111;563.8888889;3.2
5138100;5;8;43;178;5.4;9;11;7.3;46.7;529.8;11.6;11.6;11.6;10.4;11.6;269.4444444;61.11111111;563.8888889;3.2
5139000;5;9;43;181;5.9;9.6;11.7;7.6;45.1;529.8;12.2;12.2;12.2;11;11.6;269.4444444;61.11111111;563.8888889;3.2
5139900;6;9;43;183;6.4;10.1;12.2;7.8;40.6;529.8;12.7;12.7;12.7;11.6;11.6;269.4444444;61.11111111;563.8888889;3.2
5140800;6;10;40;185;7.2;10.7;12.9;9.3;35.8;578.2;13.3;13.3;13.2;12.1;12.7;272.2222222;58.33333333;519.4444444;3.3
5141700;3;10;40;312;3.6;11.1;13.4;9.5;34.1;585.7;13.2;13.2;12.9;12.1;12.7;272.2222222;58.33333333;519.4444444;3.3
5142600;6;10;41;177;6.5;10.7;13.8;9.6;32.9;585.7;13.2;13.2;13;11.7;12.7;272.2222222;58.33333333;519.4444444;3.3
5143500;6;10;43;194;7.1;11;14.3;9.8;31.8;585.7;13.7;13.7;13.6;12.3;12.7;272.2222222;58.33333333;519.4444444;3.3
5144400;7;11;43;194;7.7;11.6;14.6;10.7;31.4;579.1;14.3;14.3;14.2;12.8;13.6;272.2222222;52.77777778;422.2222222;3.3
5145300;4;11;39;330;5;12.1;14.8;10.9;31;577.5;14.3;14.4;13.9;12.8;13.6;272.2222222;52.77777778;422.2222222;3.3
5146200;6;10;38;194;6.8;11.3;15.2;10.9;31.4;577.5;13.7;13.8;13.6;11.9;13.6;272.2222222;52.77777778;422.2222222;3.3
5147100;6;11;43;196;7.4;11.3;15.3;10.9;30.7;577.5;13.8;13.9;13.8;12.3;13.6;272.2222222;52.77777778;422.2222222;3.3
5148000;7;11;41;163;8.1;11.5;15.4;11.4;31;498.9;14.2;14.2;14.2;12.6;14.4;-2775;44.44444444;277.7777778;3
5148900;9;12;34;102;10.1;12.3;15.5;11.6;31.2;470.3;15;15.1;15.1;13.4;14.4;-2775;44.44444444;277.7777778;3
5149800;8;12;39;177;9.8;13.4;15.5;12.2;31.3;470.3;15.7;15.6;15.7;14.2;14.4;-2775;44.44444444;277.7777778;3
5150700;7;11;43;200;8.5;12.5;15.5;13.4;31.4;470.3;14.4;14.4;14.4;13.2;14.4;-2775;44.44444444;277.7777778;3
5151600;4;11;37;281;5.4;11.4;15.5;13.4;32.2;390.2;13.3;13.1;13;12;14.1;272.2222222;30.55555556;125;2.5
5152500;4;8;38;166;5.4;9.5;15.5;13.4;32.7;350.1;11.7;11.6;11.5;10.2;14.1;272.2222222;30.55555556;125;2.5
5153400;4;8;43;175;5.3;8.9;15.3;13.6;32.7;350.1;10.9;10.7;10.9;9.6;14.1;272.2222222;30.55555556;125;2.5
5154300;4;7;40;151;4.9;8.1;15.1;13.8;33.4;350.1;10.3;10;10.2;9.1;14.1;272.2222222;30.55555556;125;2.5
5155200;3;6;40;173;3.8;7.2;14.8;13.4;33.8;266;9.3;8.7;9.2;8.2;12.3;269.4444444;5.555555556;11.11111111;1.7
5156100;2;5;38;148;3.1;6.5;14.4;13.1;34.7;209.9;8.7;7.9;8.5;7.6;12.3;269.4444444;5.555555556;11.11111111;1.7
5157000;1;4;43;149;2.2;5.4;13.7;13.6;35.6;209.9;7.4;6.8;7.2;6.4;12.3;269.4444444;5.555555556;11.11111111;1.7
5157900;1;4;38;119;2.1;4.5;13.1;14;36.3;209.9;6.8;6.3;6.6;5.7;12.3;269.4444444;5.555555556;11.11111111;1.7
5158800;2;3;43;75;2.8;4.3;12.5;12.8;37.6;52.6;6.7;6.3;6.5;5.7;10.6;266.6666667;0;0;1
5159700;2;4;43;77;2.8;4.3;12;12.8;39.1;52.6;6.8;6.4;6.7;6;10.6;266.6666667;0;0;1
5160600;1;4;39;114;1.8;4.5;11.6;13;40.5;52.6;6.7;6.2;6.5;6;10.6;266.6666667;0;0;1
5161500;0;2;43;139;0.5;3.4;11.1;13.3;42.3;52.6;5.5;4.9;5.1;4.7;10.6;266.6666667;0;0;1
5162400;0;1;43;133;-0.4;2.4;10.7;12.2;44.1;7;4.3;3.9;4.2;3.6;8.8;266.6666667;0;0;0.7
5163300;0;1;43;129;-1.2;1.7;10.3;12;45.8;0;3.6;3.3;3.6;2.8;8.8;266.6666667;0;0;0.7
5164200;-2;0;43;122;-2;0.6;9.9;11.7;47.7;0;2.4;2.2;2.4;1.5;8.8;266.6666667;0;0;0.7
5165100;-3;0;43;116;-3.1;-0.6;9.3;11.3;49.7;0;1.2;1.1;1.2;0.4;8.8;266.6666667;0;0;0.7
5166000;-4;-1;43;111;-4;-1.5;8.8;10.3;51.3;0;0.3;0.1;0.3;-0.4;8.5;266.6666667;0;0;0.9
5166900;-5;-2;43;110;-4.6;-2.3;8.4;10.1;52.7;0;-0.3;-0.8;-0.4;-0.9;8.5;266.6666667;0;0;0.9
5167800;-5;-3;43;107;-5.2;-3;7.9;9.9;54.7;0;-1;-1.4;-1.1;-1.7;8.5;266.6666667;0;0;0.9
5168700;-6;-4;43;104;-5.8;-3.6;7.6;9.6;55.6;0;-1.7;-2;-1.7;-2.5;8.5;266.6666667;0;0;0.9
5169600;-6;-4;42;101;-6.4;-4.3;7.2;8.9;57.3;0;-2.3;-2.6;-2.3;-3.1;7.7;261.1111111;0;0;1
5170500;-7;-5;42;99;-6.8;-4.7;6.9;8.8;58.5;0;-2.5;-3;-2.7;-3.4;7.7;261.1111111;0;0;1
5171400;-7;-5;42;95;-7;-5;6.7;8.5;59.7;0;-2.9;-3.3;-3;-3.8;7.7;261.1111111;0;0;1
5172300;-7;-5;42;97;-7.3;-5.2;6.4;8.2;61.2;0;-2.7;-3.5;-3;-3.7;7.7;261.1111111;0;0;1
5173200;-7;-5;42;98;-7.3;-5.2;6.1;7.3;62.4;0;-2.8;-3.5;-3;-3.7;6.8;258.3333333;0;0;1
5174100;-7;-5;42;96;-7.3;-5.2;5.9;7.2;63.8;0;-3;-3.7;-3.2;-3.9;6.8;258.3333333;0;0;1
5175000;-8;-6;42;94;-7.5;-5.6;5.7;7.4;64.8;0;-3.4;-3.9;-3.5;-4.2;6.8;258.3333333;0;0;1
5175900;-8;-6;42;94;-7.8;-5.7;5.5;7.6;65.4;0;-3.3;-4.1;-3.5;-4.2;6.8;258.3333333;0;0;1
5176800;-8;-6;42;94;-7.8;-5.7;5.3;6.6;66.7;0;-3.2;-4;-3.4;-4.2;5.5;258.3333333;0;0;1.8
5177700;-8;-6;42;92;-7.8;-5.8;5.1;6.4;67.6;0;-3.7;-4.2;-3.8;-4.5;5.5;258.3333333;0;0;1.8
5178600;-8;-6;43;90;-7.8;-6.2;4.9;6.5;68;0;-3.8;-4.5;-4;-4.6;5.5;258.3333333;0;0;1.8
5179500;-8;-6;42.5;88.5;-8.05;-6.2;4.8;7.2;68.55;0;-3.9;-4.6;-4.1;-4.8;5.5;258.3333333;0;0;1.8
5180400;-8;-6;42;87;-8.3;-6.2;4.7;7.9;69.1;0;-4;-4.7;-4.2;-5;4.3;255.5555556;0;0;2.4
5181300;-8;-6;42;89;-8.3;-6.4;4.6;8.1;69.8;0;-4.2;-4.8;-4.4;-5;4.3;255.5555556;0;0;2.4
5182200;-9;-7;44;90;-8.3;-6.7;4.3;8.1;70.4;0;-4.3;-5;-4.5;-5.2;4.3;255.5555556;0;0;2.4
5183100;-7;-7;41;59;-6.6;-6.7;4.3;8.1;70.7;0;-4.6;-5.1;-4.7;-5.6;4.3;255.5555556;0;0;2.4
5184000;-4;-4;38;57;-3.9;-4.6;4.1;7.8;71.8;0;-1.6;-1.7;-1.3;-3.1;3.8;252.7777778;0;0;3.2
5184900;-7;-5;42;97;-6.5;-4.4;4;7.8;72.8;0;-2.6;-3;-2.7;-3.3;3.8;252.7777778;0;0;3.2
5185800;-8;-6;42;92;-7.6;-5.6;3.7;7.8;73.1;0;-3.8;-4;-3.7;-4.5;3.8;252.7777778;0;0;3.2
5186700;-8;-6;42;90;-8.3;-6.4;3.6;7.8;73.9;0;-4.5;-4.7;-4.5;-5.3;3.8;252.7777778;0;0;3.2
5187600;-7;-7;40;52;-6.3;-6.7;3.5;7.3;74.6;0;-4.7;-4.8;-4.6;-5.6;2.8;247.2222222;0;0;3.4
5188500;-5;-4;35;66;-4.8;-4.4;3.4;7.2;74.7;0;-1.6;-1.7;-1.3;-2.8;2.8;247.2222222;0;0;3.4
5189400;-7;-5;42;95;-6.8;-4.8;3.3;7.2;75;0;-3;-3.3;-3;-3.6;2.8;247.2222222;0;0;3.4
5190300;-8;-6;42;91;-7.9;-5.9;3.2;7.2;75.4;0;-4;-4.3;-4;-4.7;2.8;247.2222222;0;0;3.4
5191200;-8;-7;44;89;-8.4;-6.5;3.1;3.4;75.8;0;-4.5;-4.9;-4.5;-5.2;2;244.4444444;0;0;3.3
5192100;-7;-6;20;37;-6.9;-6.5;2.9;2.8;76.5;0;-4.7;-5;-4.7;-5.4;2;244.4444444;0;0;3.3
5193000;-6;-2;0;0;-5.9;-3;2.7;2.9;77.6;0;-4.2;-4.4;-4;-5;2;244.4444444;0;0;3.3
5193900;-6;-3;21;44;-6.3;-3.4;2.6;3.1;78;0;-3.4;-3.6;-3.1;-4.1;2;244.4444444;0;0;3.3
5194800;-8;-6;42;91;-7.7;-5.7;2.4;2.6;78.2;0;-4;-4.2;-3.9;-4.5;1.9;244.4444444;0;0;3
5195700;-8;-7;42;82;-8.2;-6.6;2.4;2.5;78.5;0;-4.8;-4.9;-4.7;-5.4;1.9;244.4444444;0;0;3
5196600;-6;-4;5;10;-6;-5;2.3;2.4;78.9;0;-4.4;-4.5;-4.2;-5.1;1.9;244.4444444;0;0;3
5197500;-8;-6;43;87;-7.9;-6;2.2;2.3;79.2;0;-4.1;-4.4;-4;-4.7;1.9;244.4444444;0;0;3
5198400;-8;-7;41;80;-8.3;-6.6;2.1;1.9;80.2;0;-4.7;-4.8;-4.6;-5.4;1.1;241.6666667;0;0;3.9
5199300;-6;-4;0;0;-5.8;-5.1;2;1.8;80;0;-4.5;-4.5;-4.3;-5.4;1.1;241.6666667;0;0;3.9
5200200;-6;-3;0;0;-5.8;-3.2;1.8;1.7;80.3;0;-4;-4.1;-3.8;-4.9;1.1;241.6666667;0;0;3.9
5201100;-7;-5;41;87;-7;-4.8;1.8;1.5;80.8;0;-3.4;-3.7;-3.3;-4.2;1.1;241.6666667;0;0;3.9
5202000;-8;-6;41;81;-8.3;-6.4;1.7;1.1;80.4;0;-4.6;-4.8;-4.6;-5.2;0.5;238.8888889;8.333333333;8.333333333;3.9
5202900;-6;-4;0;0;-5.9;-5.2;1.6;1;80.4;0;-4.6;-4.7;-4.5;-5.4;0.5;238.8888889;8.333333333;8.333333333;3.9
5203800;-5;-3;0;0;-5.6;-3.3;1.6;1.2;80.9;0;-4;-4.2;-3.8;-4.9;0.5;238.8888889;8.333333333;8.333333333;3.9
5204700;-7;-5;36;75;-6.9;-4.8;1.5;1.4;81.1;0;-3.5;-3.8;-3.4;-4.2;0.5;238.8888889;8.333333333;8.333333333;3.9
5205600;-8;-6;44;85;-8.3;-6.4;1.4;1.3;81.2;7.2;-4.6;-4.8;-4.5;-5.2;1.5;238.8888889;38.88888889;102.7777778;3.1
5206500;-6;-4;1;0;-6.3;-5;1.6;1.3;82;8.3;-4.5;-4.7;-4.4;-5.4;1.5;238.8888889;38.88888889;102.7777778;3.1
5207400;-6;-2;2;7;-6;-1.6;1.8;1.3;81.9;8.8;-3.7;-4;-3.5;-4.7;1.5;238.8888889;38.88888889;102.7777778;3.1
5208300;-7;-5;42;95;-7.1;-5;2.3;1.2;81.3;9.4;-3;-3.6;-3;-3.8;1.5;238.8888889;38.88888889;102.7777778;3.1
5209200;-8;-6;42;92;-7.5;-5.7;2.9;2;79.8;80;-3.4;-4.1;-3.4;-4.3;3.4;244.4444444;55.55555556;277.7777778;1.9
5210100;-8;-6;42;94;-7.5;-5.8;3.7;2.1;77;90.9;-3.2;-4;-3.1;-4.3;3.4;244.4444444;55.55555556;277.7777778;1.9
5211000;-7;-5;42;97;-7.3;-5.4;4.2;2.1;74;90.9;-2.6;-3.3;-2.6;-3.8;3.4;244.4444444;55.55555556;277.7777778;1.9
5211900;-6;-4;43;103;-6.5;-4.4;4.8;2.1;71.9;90.9;-1.7;-2.2;-1.6;-2.8;3.4;244.4444444;55.55555556;277.7777778;1.9
5212800;-5;-3;43;108;-5.6;-3.4;5.5;3.3;69.8;213.3;-0.7;-1;-0.6;-1.8;5.4;250;66.66666667;419.4444444;1.3
5213700;-4;-2;43;113;-4.7;-2.4;6.2;3.5;68;232.1;0.3;0.1;0.4;-0.9;5.4;250;66.66666667;419.4444444;1.3
5214600;-3;-2;43;119;-3.7;-1.3;6.8;3.2;66.1;232.1;1.5;1.4;1.6;0.2;5.4;250;66.66666667;419.4444444;1.3
5215500;-2;0;43;124;-2.6;-0.1;7.6;2.9;64.9;232.1;2.7;2.6;2.8;1.3;5.4;250;66.66666667;419.4444444;1.3
5216400;-2;0;43;133;-1.5;1.2;8.4;4.5;63.1;331.8;4;3.9;4;2.5;7.6;255.5555556;72.22222222;527.7777778;1.4
5217300;0;2;43;141;-0.3;2.6;9;4.7;60.9;347.1;5.3;5.3;5.4;3.9;7.6;255.5555556;72.22222222;527.7777778;1.4
5218200;0;3;43;149;1;4.1;9.2;4.9;59.8;351.7;6.8;6.8;6.9;5.4;7.6;255.5555556;72.22222222;527.7777778;1.4
5219100;1;5;43;156;2.3;5.4;9.6;5.2;59.6;357;8.2;8.2;8.2;6.7;7.6;255.5555556;72.22222222;527.7777778;1.4
5220000;3;6;43;164;3.4;6.7;10.4;7.1;57.4;450.7;9.5;9.5;9.5;7.9;10;261.1111111;72.22222222;577.7777778;1.6
5220900;4;7;43;172;4.3;7.8;11.1;7.4;55.5;465.1;10.6;10.6;10.6;9;10;261.1111111;72.22222222;577.7777778;1.6
5221800;4;8;43;177;5.1;8.7;11.4;7.5;54;472.8;11.4;11.4;11.4;10;10;261.1111111;72.22222222;577.7777778;1.6
5222700;5;9;43;181;5.7;9.4;11.8;7.6;53.6;484.3;12;12;12;10.7;10;261.1111111;72.22222222;577.7777778;1.6
5223600;5;9;43;184;6.3;10;12.3;9.4;52.2;558.5;12.7;12.6;12.6;11.3;12.6;266.6666667;69.44444444;575;1.8
5224500;6;10;43;185;6.8;10.5;12.7;9.8;51.3;577.1;13.2;13.1;13.1;11.9;12.6;266.6666667;69.44444444;575;1.8
5225400;6;10;40;180;7.1;11.1;12.9;9.8;50.1;577.1;13.8;13.8;13.7;12.5;12.6;266.6666667;69.44444444;575;1.8
5226300;3;10;39;316;4.2;11.1;13.2;9.8;48.9;577.1;13.3;13.3;12.9;12;12.6;266.6666667;69.44444444;575;1.8
5227200;6;10;43;194;6.9;10.7;13.5;11.3;46.4;624.3;13.1;13.1;13.1;11.7;13.1;272.2222222;69.44444444;525;1.8
5228100;6;10;43;195;7.2;11.1;14;11.7;43.1;636.1;13.8;13.8;13.7;12.5;13.1;272.2222222;69.44444444;525;1.8
5229000;7;11;42;176;8.1;11.8;14.2;11.7;41.1;636.1;14.4;14.5;14.3;13;13.1;272.2222222;69.44444444;525;1.8
5229900;4;11;42;363;4.6;12;14.7;11.8;38.3;636.1;14.2;14.1;13.8;12.7;13.1;272.2222222;69.44444444;525;1.8
5230800;6;11;42;201;7.2;11.6;15.1;12.5;39.8;601.9;14;14.1;14;12.4;14.3;-2775;66.66666667;425;2
5231700;7;11;43;199;7.7;11.8;15.4;12.7;40.6;593.3;14.4;14.4;14.4;12.8;14.3;-2775;66.66666667;425;2
5232600;5;12;40;296;6.2;12.5;15.6;12.7;39.2;593.3;14.9;14.9;14.8;13.4;14.3;-2775;66.66666667;425;2
5233500;5;10;37;225;6.5;11.5;15.7;12.7;38.8;593.3;13.7;13.7;13.5;11.9;14.3;-2775;66.66666667;425;2
5234400;6;10;43;196;7.2;11.2;15.8;13.3;38.1;508;13.7;13.7;13.6;12;14.3;-2775;58.33333333;275;2.5
5235300;7;10;41;164;7.8;11.2;16;13.4;37.6;486.7;13.8;13.8;13.8;12.3;14.3;-2775;58.33333333;275;2.5
5236200;9;11;39;115;9.4;11.9;16;13.5;37.1;486.7;14.6;14.6;14.7;13.1;14.3;-2775;58.33333333;275;2.5
5237100;9;12;43;137;10.2;12.9;16;13.7;38.4;486.7;15.2;15.2;15.4;13.9;14.3;-2775;58.33333333;275;2.5
5238000;7;11;40;182;8.5;12.3;15.9;13.8;38.9;367.3;14.3;14.2;14.2;13.1;14.1;272.2222222;38.88888889;122.2222222;2.3
5238900;4;10;43;295;4.7;10.7;15.8;13.8;39.1;337.5;12.6;12.5;12.3;11.4;14.1;272.2222222;38.88888889;122.2222222;2.3
5239800;4;8;38;168;5.4;9.2;15.6;14.1;38.8;337.5;11.4;11.2;11.2;10;14.1;272.2222222;38.88888889;122.2222222;2.3
5240700;4;7;43;170;4.8;8.3;15.4;14.5;38.5;337.5;10.3;10;10.2;9;14.1;272.2222222;38.88888889;122.2222222;2.3
5241600;3;6;38;162;4;7.4;15.2;14.1;38.2;244.2;9.7;9;9.5;8.4;12.9;269.4444444;5.555555556;11.11111111;1
5242500;3;5;38;109;3.7;6.4;14.9;13.9;38.5;210.3;8.6;7.9;8.6;7.4;12.9;269.4444444;5.555555556;11.11111111;1
5243400;1;5;43;153;2.5;5.7;14;13.9;41.1;210.3;7.7;7;7.6;6.6;12.9;269.4444444;5.555555556;11.11111111;1
5244300;0;3;43;140;0.9;3.9;12.9;13.8;46.1;210.3;5.8;5.4;5.6;4.9;12.9;269.4444444;5.555555556;11.11111111;1
5245200;0;1;37;68;1.2;2.6;11.9;13.1;49.1;90.2;4.6;4.4;4.5;3.7;11;269.4444444;0;0;1.8
5246100;1;1;0;0;1.8;2.2;11;12.8;52;46.5;4.8;4.9;4.9;3.7;11;269.4444444;0;0;1.8
5247000;1;2;21;45;1.9;3.1;10.3;12.9;54.2;46.5;5.6;5.3;5.5;4.6;11;269.4444444;0;0;1.8
5247900;1;2;17;41;1.9;3.2;9.8;13.2;56.7;46.5;5.4;5.1;5.3;4.8;11;269.4444444;0;0;1.8
5248800;0;1;43;132;-0.5;2.3;9.4;12.4;59;12.4;4;3.6;3.9;3.5;10.2;269.4444444;0;0;2.8
5249700;-2;0;43;124;-1.9;0.7;9.2;12.1;60.4;0;2.6;2.2;2.5;1.8;10.2;269.4444444;0;0;2.8
5250600;-3;0;43;118;-2.9;-0.4;8.9;12;61.1;0;1.6;1.1;1.4;0.7;10.2;269.4444444;0;0;2.8
5251500;-4;0;43;116;-3.6;-1.2;8.7;11.9;61.8;0;0.8;0.4;0.7;0;10.2;269.4444444;0;0;2.8
5252400;-4;-2;43;114;-4;-1.7;8.4;10.9;62.7;0;0.4;-0.1;0.3;-0.5;9.6;269.4444444;0;0;2.4
5253300;-5;-2;43;112;-4.4;-2;8.1;10.5;63.5;0;0.1;-0.5;0;-0.8;9.6;269.4444444;0;0;2.4
5254200;-5;-2;43;113;-4.4;-2.3;7.9;10.2;64.8;0;0.1;-0.6;-0.1;-0.9;9.6;269.4444444;0;0;2.4
5255100;-5;-2;43;111;-4.7;-2.3;7.8;9.7;65.5;0;-0.1;-0.8;-0.3;-1.2;9.6;269.4444444;0;0;2.4
5256000;-5;-3;43;110;-4.9;-2.4;7.5;9.2;66.1;0;-0.3;-1;-0.4;-1.4;8.8;266.6666667;0;0;3.2
5256900;-5;-3;43;108;-4.9;-2.8;7.3;9;66.8;0;-0.6;-1.2;-0.7;-1.7;8.8;266.6666667;0;0;3.2
5257800;-6;-3;43;104;-5.4;-3.2;7.1;9.2;67.8;0;-0.9;-1.5;-1;-2;8.8;266.6666667;0;0;3.2
5258700;-6;-3;43;106;-5.4;-3.3;6.8;9.5;68.6;0;-1.1;-1.5;-1;-2.1;8.8;266.6666667;0;0;3.2
5259600;-6;-3;43;105;-5.5;-3.3;6.7;9;69.4;0;-1.3;-1.7;-1.3;-2.1;7.1;263.8888889;0;0;3.8
5260500;-6;-4;43;101;-6;-3.9;6.5;8.8;70.1;0;-1.9;-2.3;-1.9;-2.6;7.1;263.8888889;0;0;3.8
5261400;-7;-4;43;98;-6.4;-4.3;6.2;8.9;71.2;0;-2.3;-2.8;-2.4;-3;7.1;263.8888889;0;0;3.8
5262300;-7;-5;42;97;-6.4;-4.4;6.1;9;71.6;0;-2.3;-3;-2.6;-3.2;7.1;263.8888889;0;0;3.8
5263200;-7;-5;42;97;-6.9;-4.8;5.9;8.3;72.2;0;-2.7;-3.2;-2.8;-3.6;5.7;263.8888889;0;0;4
5264100;-7;-5;43;96;-6.9;-5.1;5.7;8.1;73.2;0;-3;-3.5;-3.1;-3.7;5.7;263.8888889;0;0;4
5265000;-7;-5;43;95;-7.4;-5.3;5.5;8;73.6;0;-3;-3.7;-3.2;-3.7;5.7;263.8888889;0;0;4
5265900;-7;-5;43;93.5;-7.4;-5.35;5.4;8;74.3;0;-3.15;-3.75;-3.35;-3.95;5.7;263.8888889;0;0;4
5266800;-7;-5;43;92;-7.4;-5.4;5.3;8;75;0;-3.3;-3.8;-3.5;-4.2;5.4;266.6666667;0;0;4.2
5267700;-8;-6;44;90;-7.5;-5.8;5.2;8.1;75.5;0;-3.7;-3.8;-3.7;-4.5;5.4;266.6666667;0;0;4.2
5268600;-8;-6;43;91;-7.9;-5.8;5.1;8.1;76.5;0;-3.7;-3.9;-3.8;-4.5;5.4;266.6666667;0;0;4.2
5269500;-8;-6;44;93;-7.9;-5.8;5;8.1;76.5;0;-3.6;-4;-3.8;-4.4;5.4;266.6666667;0;0;4.2
5270400;-8;-6;44;92;-7.9;-5.8;4.8;7.9;77.7;0;-3.7;-4;-3.8;-4.4;5;269.4444444;0;0;4
5271300;-8;-6;44;94;-7.9;-5.8;4.8;7.8;77.6;0;-3.9;-4.1;-3.9;-4.6;5;269.4444444;0;0;4
5272200;-8;-6;44;93;-7.9;-6.2;4.8;7.8;77.5;0;-4.1;-4.3;-4.1;-4.8;5;269.4444444;0;0;4
5273100;-8;-6;44;90;-8.2;-6.3;4.7;7.8;77.5;0;-4.3;-4.6;-4.3;-5;5;269.4444444;0;0;4
5274000;-8;-6;46;91;-8.4;-6.3;4.7;7.4;77.5;0;-4.3;-4.6;-4.3;-5.1;4.2;272.2222222;0;0;4.2
5274900;-8;-6;46;92;-8.4;-6.3;4.6;7.2;77.8;0;-4.3;-4.5;-4.3;-5;4.2;272.2222222;0;0;4.2
5275800;-8;-6;45;89;-8.4;-6.3;4.6;7.2;78.2;0;-4.4;-4.6;-4.4;-5.1;4.2;272.2222222;0;0;4.2
5276700;-8;-7;46;92;-8.4;-6.5;4.7;7.2;77.9;0;-4.5;-4.7;-4.5;-5.2;4.2;272.2222222;0;0;4.2
5277600;-9;-7;45;87;-8.4;-6.8;4.6;5;78.3;0;-4.5;-4.7;-4.5;-5.3;4;272.2222222;0;0;3.5
5278500;-8;-6;46;92;-8.4;-6.8;4.6;3.6;78.2;0;-4.3;-4.5;-4.4;-5.2;4;272.2222222;0;0;3.5
5279400;-8;-6;46;91;-8.4;-6.8;4.6;3.7;78.1;0;-4.3;-4.4;-4.3;-5.1;4;272.2222222;0;0;3.5
5280300;-8;-7;45;86;-8.4;-6.8;4.5;3.8;78;0;-4.6;-4.7;-4.5;-5.3;4;272.2222222;0;0;3.5
5281200;-9;-7;46;88;-8.4;-6.8;4.5;3.3;78;0;-4.7;-4.9;-4.7;-5.5;3.9;272.2222222;0;0;3.9
5282100;-9;-7;46;87;-8.4;-6.8;4.5;3;77.9;0;-4.7;-5;-4.7;-5.5;3.9;272.2222222;0;0;3.9
5283000;-9;-7;45;85;-8.4;-6.8;4.4;3.2;77.5;0;-4.8;-5;-4.8;-5.5;3.9;272.2222222;0;0;3.9
5283900;-5;-5;7;5;-4.6;-5.6;4.3;3.3;77.5;0;-4.3;-4.2;-4.2;-4.9;3.9;272.2222222;0;0;3.9
5284800;-8;-6;43;91;-7.3;-5.7;4.3;2.9;78;0;-3.8;-3.9;-3.7;-4.5;3.4;-2775;0;0;4
5285700;-8;-6;45;88;-8.1;-6.3;4.2;2.7;78;0;-4.4;-4.6;-4.4;-5.1;3.4;-2775;0;0;4
5286600;-8;-7;36;68;-7.8;-6.9;4.2;3.1;78;0;-4.7;-4.9;-4.8;-5.5;3.4;-2775;0;0;4
5287500;-5;-3;0;0;-5.2;-4.3;4.2;3.4;78.3;0;-4.2;-4.2;-4.2;-5.3;3.4;-2775;0;0;4
5288400;-6;-3;20;42;-5.9;-3.7;4.2;3;78;0;-3.2;-3.2;-3;-4.1;3.4;280.5555556;5.555555556;5.555555556;3.9
5289300;-7;-5;43;94;-7.1;-5.2;4.3;2.7;78;0;-3.3;-3.4;-3.2;-4;3.4;280.5555556;5.555555556;5.555555556;3.9
5290200;-8;-6;44;91;-7.7;-5.8;4.3;3;78.1;0;-3.8;-4;-3.8;-4.6;3.4;280.5555556;5.555555556;5.555555556;3.9
5291100;-8;-6;43;87;-8;-6.1;4.3;3.3;77.9;0;-4.2;-4.3;-4.1;-4.9;3.4;280.5555556;5.555555556;5.555555556;3.9
5292000;-8;-6;46;89;-8.3;-6.6;4.3;3.3;77.5;8.1;-4.5;-4.6;-4.5;-5.2;3.3;288.8888889;47.22222222;47.22222222;3.8
5292900;-9;-7;45;84;-8.3;-6.6;4.5;3.3;77.5;8.7;-4.7;-4.9;-4.6;-5.5;3.3;288.8888889;47.22222222;47.22222222;3.8
5293800;-8;-7;27;47;-7.5;-6.8;4.8;3.5;77.2;8.9;-4.7;-4.9;-4.6;-5.7;3.3;288.8888889;47.22222222;47.22222222;3.8
5294700;-5;-2;0;0;-5.6;-3.5;5.2;3.8;76.5;9.2;-4;-4;-3.9;-5.3;3.3;288.8888889;47.22222222;47.22222222;3.8
5295600;-6;-4;36;75;-6.3;-4.1;5.5;5;75.4;93.7;-2.3;-2.7;-2.2;-3.4;3.9;291.6666667;111.1111111;111.1111111;3.2
5296500;-7;-5;42;95;-6.9;-4.9;5.9;5.2;74.6;106.7;-2.9;-3.1;-2.8;-3.7;3.9;291.6666667;111.1111111;111.1111111;3.2
5297400;-7;-5;42;95;-7.2;-4.9;6.3;5.1;73.1;106.7;-3;-3.2;-3;-3.9;3.9;291.6666667;111.1111111;111.1111111;3.2
5298300;-7;-5;43;96;-7.2;-4.9;6.8;4.9;70.4;106.7;-2.9;-3.1;-2.9;-3.9;3.9;291.6666667;111.1111111;111.1111111;3.2
5299200;-7;-5;42;96;-7.2;-4.9;7.3;6.1;68.3;217.7;-2.8;-2.9;-2.7;-3.8;4.8;288.8888889;172.2222222;172.2222222;2
5300100;-7;-5;42;97;-7.1;-4.9;7.9;6.6;66.2;258.1;-2.5;-2.7;-2.5;-3.5;4.8;288.8888889;172.2222222;172.2222222;2
5301000;-7;-4;43;99;-6.7;-4.9;8.3;6;64.3;258.1;-2.2;-2.4;-2.3;-3.3;4.8;288.8888889;172.2222222;172.2222222;2
5301900;-6;-4;43;100;-6.6;-4.4;8.4;5.1;63.5;258.1;-1.8;-2.1;-1.9;-3;4.8;288.8888889;172.2222222;172.2222222;2
5302800;-6;-4;43;103;-6.2;-4;8.7;6.7;63.6;341.1;-1.4;-1.6;-1.4;-2.6;6.2;291.6666667;227.7777778;227.7777778;1.4
5303700;-6;-3;43;106;-5.7;-3.6;9.4;7.3;61.4;371.3;-1;-1.3;-1.1;-2.2;6.2;291.6666667;227.7777778;227.7777778;1.4
5304600;-5;-3;43;107;-5.7;-3.4;9.6;6.9;59.8;369;-0.8;-1;-0.8;-1.9;6.2;291.6666667;227.7777778;227.7777778;1.4
5305500;-5;-3;43;109;-5.2;-3;10;6;59.1;364.3;-0.5;-0.6;-0.4;-1.6;6.2;291.6666667;227.7777778;227.7777778;1.4
5306400;-5;-2;43;112;-4.8;-2.5;10.3;7.7;58.3;472.3;0.2;-0.1;0.2;-1;7.5;291.6666667;291.6666667;302.7777778;1.6
5307300;-4;-2;43;116;-4.2;-1.8;10.6;8.3;57.7;511.6;0.8;0.5;0.8;-0.4;7.5;291.6666667;291.6666667;302.7777778;1.6
5308200;-3;-2;43;119;-3.6;-1.2;11.1;7.8;56.2;514.2;1.4;1.3;1.5;0.3;7.5;291.6666667;291.6666667;302.7777778;1.6
5309100;-3;0;43;124;-2.9;-0.4;11.7;6.8;54.8;519.4;2.2;2.1;2.3;1.1;7.5;291.6666667;291.6666667;302.7777778;1.6
5310000;-2;0;43;127;-2.2;0.4;12;8.5;53.8;561.6;3.1;3;3.2;1.8;9.2;305.5555556;263.8888889;269.4444444;2.3
5310900;-2;1;43;133;-1.5;1.3;12.3;9.1;53.2;577;3.9;3.8;3.9;2.7;9.2;305.5555556;263.8888889;269.4444444;2.3
5311800;-2;1;43;137;-0.9;1.9;12.7;8.8;52.3;577;4.5;4.4;4.5;3.3;9.2;305.5555556;263.8888889;269.4444444;2.3
5312700;0;2;43;139;-0.4;2.4;12.9;8.2;51.4;577;5.1;5;5.1;3.9;9.2;305.5555556;263.8888889;269.4444444;2.3
5313600;0;2;43;141;-0.1;2.9;13.5;9.8;50.5;573.6;5.5;5.3;5.5;4.2;10.6;308.3333333;227.7777778;227.7777778;2.6
5314500;0;2;43;142;0.3;3.1;13.4;10.4;49.4;572.3;5.7;5.6;5.7;4.4;10.6;308.3333333;227.7777778;227.7777778;2.6
5315400;0;3;43;143;0.3;3.2;14;10;49.3;572.3;5.9;5.7;5.8;4.6;10.6;308.3333333;227.7777778;227.7777778;2.6
5316300;0;3;43;144;0.6;3.6;14.2;9.3;48;572.3;6.1;6;6;4.8;10.6;308.3333333;227.7777778;227.7777778;2.6
5317200;0;3;43;145;0.8;3.6;14.3;10.2;47.5;570;6.3;6.1;6.2;5;11.9;305.5555556;197.2222222;197.2222222;1.6
5318100;0;3;43;146;0.8;3.7;14.4;10.5;47.2;569.2;6.4;6.2;6.4;5.1;11.9;305.5555556;197.2222222;197.2222222;1.6
5319000;0;3;43;145;0.8;4.1;14.4;10.5;46.8;569.2;6.5;6.3;6.5;5.2;11.9;305.5555556;197.2222222;197.2222222;1.6
5319900;0;3;43;146;0.8;4.1;14.8;10.5;46.4;569.2;6.5;6.3;6.4;5.3;11.9;305.5555556;197.2222222;197.2222222;1.6
5320800;0;3;43;145;0.8;4.1;15;11.1;45.6;514.3;6.4;6.2;6.3;5.1;12.4;302.7777778;125;125;1.5
5321700;0;3;43;144;0.8;4.1;15.1;11.3;44.7;494.3;6.3;6.1;6.2;5.1;12.4;302.7777778;125;125;1.5
5322600;0;3;43;143;0.8;4.1;15.2;11.2;43.8;494.3;6.1;5.9;6;5;12.4;302.7777778;125;125;1.5
5323500;0;3;43;142;0.8;4;15.1;10.9;42.2;494.3;5.9;5.7;5.9;5;12.4;302.7777778;125;125;1.5
5324400;0;3;42;139;0.8;3.6;15;11.3;42;376.7;5.7;5.5;5.7;4.8;12.1;308.3333333;47.22222222;47.22222222;1
5325300;1;3;39;86;1.4;3.6;14.9;11.4;42.1;334;5.9;5.6;5.9;4.9;12.1;308.3333333;47.22222222;47.22222222;1
5326200;1;3;43;85;2.4;3.9;14.6;11.5;42.6;334;6.5;6.2;6.6;5.5;12.1;308.3333333;47.22222222;47.22222222;1
5327100;0;3;43;140;0.8;3.7;14.3;11.9;45.6;334;5.6;5.4;5.6;4.8;12.1;308.3333333;47.22222222;47.22222222;1
5328000;0;2;43;135;-0.1;2.7;13.9;11.7;48.6;243.2;4.6;4.3;4.6;3.8;11.1;316.6666667;2.777777778;2.777777778;2.1
5328900;0;1;43;131;-1;1.8;13.3;11.6;50.6;197.8;3.8;3.4;3.6;2.9;11.1;316.6666667;2.777777778;2.777777778;2.1
5329800;-2;0;43;128;-1.7;0.9;12.7;11.7;52.3;197.8;3;2.6;2.8;2.1;11.1;316.6666667;2.777777778;2.777777778;2.1
5330700;-2;0;43;123;-2.4;0.3;12.3;11.8;53;197.8;2.3;1.8;2.2;1.3;11.1;316.6666667;2.777777778;2.777777778;2.1
5331600;-3;0;43;120;-2.8;-0.4;11.8;11.2;54.3;107.6;1.8;1.2;1.7;0.6;10.2;333.3333333;0;0;2.7
5332500;-4;0;43;118;-3.4;-0.8;11.4;10.9;55.9;62.5;1.2;0.8;1.2;0;10.2;333.3333333;0;0;2.7
5333400;-4;0;43;116;-3.7;-1.4;11.3;11;56.1;62.5;0.7;0.4;0.7;-0.2;10.2;333.3333333;0;0;2.7
5334300;-4;-2;43;115;-4.2;-1.7;11;11;57.5;62.5;0.3;0.1;0.4;-0.5;10.2;333.3333333;0;0;2.7
5335200;-4;-2;42;114;-4.2;-1.9;10.9;10.8;58.5;25;0.2;0;0.3;-0.6;10;336.1111111;0;0;2.9
5336100;-4;-2;43;112;-4.2;-1.9;11;10.6;57.1;0;0.2;-0.1;0.2;-0.7;10;336.1111111;0;0;2.9
5337000;-5;-2;42;112;-4.4;-2;11.1;10.5;57.6;0;0;-0.3;0;-0.9;10;336.1111111;0;0;2.9
5337900;-5;-2;42;113;-4.7;-2.4;11;10.5;57.8;0;0.1;-0.3;0;-0.9;10;336.1111111;0;0;2.9
5338800;-4;-2;42;115;-4.6;-2.1;11.2;9.8;58.3;0;0.4;-0.1;0.5;-0.5;10.2;319.4444444;0;0;2.7
5339700;-4;-2;42;115;-4.2;-1.9;11.2;9.4;58.8;0;0.6;0;0.4;-0.4;10.2;319.4444444;0;0;2.7
5340600;-4;-2;42;114;-4.2;-1.9;11.2;9.1;58.8;0;0.4;-0.1;0.2;-0.6;10.2;319.4444444;0;0;2.7
5341500;-4;-2;42;113;-4.2;-1.9;11;8.9;59.6;0;0.2;-0.2;0.2;-0.7;10.2;319.4444444;0;0;2.7
5342400;-5;-2;42;112;-4.4;-1.9;10.7;8.8;60.7;0;0;-0.4;0;-0.9;9.2;305.5555556;0;0;1.4
5343300;-5;-2;42;111;-4.7;-2.4;10.5;8.8;61.9;0;-0.3;-0.6;-0.3;-1.1;9.2;305.5555556;0;0;1.4
5344200;-5;-3;42;108;-4.8;-2.6;10.2;9.4;63.1;0;-0.5;-0.9;-0.5;-1.4;9.2;305.5555556;0;0;1.4
5345100;-5;-3;42;107;-5.2;-2.9;9.9;9.7;64.4;0;-0.8;-1.2;-0.8;-1.8;9.2;305.5555556;0;0;1.4
5346000;-6;-3;42;107;-5.2;-3.3;9.6;9.3;65.4;0;-1;-1.3;-1.2;-2;8.7;316.6666667;0;0;2.1
5346900;-6;-3;42;106;-5.4;-3.4;9.4;9.3;66.6;0;-1.1;-1.4;-1.2;-1.9;8.7;316.6666667;0;0;2.1
5347800;-6;-3;42;106;-5.7;-3.4;9.2;9.6;67.4;0;-1.1;-1.4;-1.2;-1.9;8.7;316.6666667;0;0;2.1
5348700;-6;-3;42;107;-5.7;-3.4;9.1;9.8;67.7;0;-1.2;-1.3;-1.2;-1.9;8.7;316.6666667;0;0;2.1
5349600;-6;-3;42;107;-5.7;-3.4;9.1;9.2;68;0;-1.2;-1.4;-1.2;-2;8.4;325;0;0;1.8
5350500;-6;-3;42;105;-5.7;-3.4;9.1;9.2;67.7;0;-1.2;-1.5;-1.3;-2.1;8.4;325;0;0;1.8
5351400;-6;-3;42;106;-5.7;-3.4;9.1;8.9;68.2;0;-1.3;-1.6;-1.4;-2.1;8.4;325;0;0;1.8
5352300;-6;-3;42;103.5;-5.7;-3.4;9.2;8.55;68;0;-1.3;-1.6;-1.4;-2.1;8.4;325;0;0;1.8
5353200;-6;-3;42;101;-5.7;-3.4;9.3;8.2;67.8;0;-1.3;-1.6;-1.4;-2.1;7.9;319.4444444;0;0;1.9
5354100;-6;-4;42;101;-5.7;-3.4;9.2;8.1;67.9;0;-1.4;-1.6;-1.4;-2.3;7.9;319.4444444;0;0;1.9
5355000;-6;-4;42;104;-5.7;-3.4;9.2;8.1;68.1;0;-1.5;-1.7;-1.5;-2.3;7.9;319.4444444;0;0;1.9
5355900;-6;-4;42;103;-5.9;-3.9;9.2;8.1;67.7;0;-1.7;-1.9;-1.7;-2.6;7.9;319.4444444;0;0;1.9
5356800;-6;-4;42;105;-6.2;-3.9;9.2;7.9;67.9;0;-1.4;-1.8;-1.6;-2.4;7.1;313.8888889;0;0;2.9
5357700;-6;-4;42;105;-6.2;-3.9;9;7.8;69;0;-1.4;-1.8;-1.5;-2.4;7.1;313.8888889;0;0;2.9
5358600;-6;-4;42;105;-6.2;-3.9;8.9;7.8;69;0;-1.6;-1.8;-1.6;-2.4;7.1;313.8888889;0;0;2.9
5359500;-6;-4;42;103;-6.2;-3.9;8.9;7.8;69.3;0;-1.5;-1.9;-1.6;-2.5;7.1;313.8888889;0;0;2.9
5360400;-6;-4;42;104;-6.2;-3.9;8.7;7.4;69.6;0;-1.5;-1.8;-1.6;-2.4;7.4;313.8888889;0;0;2.4
5361300;-6;-4;42;101;-6.2;-3.9;8.6;7.2;70.6;0;-1.7;-2;-1.7;-2.5;7.4;313.8888889;0;0;2.4
5362200;-6;-4;42;102;-6.2;-3.9;8.3;7.2;70.7;0;-1.9;-2;-1.9;-2.6;7.4;313.8888889;0;0;2.4
5363100;-6;-4;42;102;-6.2;-3.9;8.4;7.2;70.6;0;-2;-2.3;-2;-2.9;7.4;313.8888889;0;0;2.4
5364000;-6;-4;42;100;-6.2;-4.4;8.4;6.5;70.7;0;-2.2;-2.4;-2.2;-3;6.9;316.6666667;0;0;1.6
5364900;-7;-4;42;100;-6.7;-4.4;8.4;6.3;69.8;0;-2.4;-2.6;-2.4;-3.2;6.9;316.6666667;0;0;1.6
5365800;-7;-5;42;99;-6.7;-4.7;8.2;6.3;70.1;0;-2.6;-2.8;-2.6;-3.5;6.9;316.6666667;0;0;1.6
5366700;-7;-5;43;99;-6.7;-4.9;8.2;6.2;70.5;0;-2.6;-2.9;-2.7;-3.5;6.9;316.6666667;0;0;1.6
5367600;-7;-5;43;99;-6.7;-4.9;8.3;5.8;70.1;0;-2.5;-2.8;-2.6;-3.4;7.4;305.5555556;0;0;1.6
5368500;-7;-4;42;100;-6.7;-4.9;8.4;5.7;70.2;0;-2.2;-2.6;-2.4;-3.2;7.4;305.5555556;0;0;1.6
5369400;-7;-5;42;98;-6.7;-4.9;8.2;6;70.1;0;-2.4;-2.7;-2.5;-3.2;7.4;305.5555556;0;0;1.6
5370300;-7;-5;42;98;-6.7;-4.9;8.1;6.8;70.6;0;-2.5;-2.7;-2.5;-3.4;7.4;305.5555556;0;0;1.6
5371200;-7;-5;42;99;-6.7;-4.9;8.1;6.3;70.4;0;-2.6;-2.8;-2.6;-3.4;6.6;297.2222222;0;0;2.3
5372100;-7;-5;42;97;-6.9;-4.9;7.8;6.1;70.8;0;-2.8;-3.1;-2.9;-3.7;6.6;297.2222222;0;0;2.3
5373000;-7;-5;43;96;-7.2;-5;7.5;6.2;71.6;0;-3;-3.3;-3.1;-3.9;6.6;297.2222222;0;0;2.3
5373900;-7;-5;44;95;-7.2;-5.4;7.3;6.3;72.2;0;-3.2;-3.5;-3.2;-4;6.6;297.2222222;0;0;2.3
5374800;-7;-5;43;96;-7.2;-5.4;7.3;5.9;72.5;0;-3.4;-3.5;-3.3;-4.3;6.4;286.1111111;5.555555556;5.555555556;2.5
5375700;-8;-6;43;92;-7.7;-5.7;7.1;5.7;73;0;-3.6;-3.7;-3.6;-4.6;6.4;286.1111111;5.555555556;5.555555556;2.5
5376600;-8;-6;44;92;-7.7;-5.9;7;6;73.1;0;-3.8;-3.9;-3.7;-4.7;6.4;286.1111111;5.555555556;5.555555556;2.5
5377500;-8;-6;44;89;-7.7;-5.9;6.8;6.9;73.2;0;-3.9;-4;-3.9;-4.9;6.4;286.1111111;5.555555556;5.555555556;2.5
5378400;-8;-6;45;93;-7.7;-5.9;6.6;6.8;73.6;2.7;-3.9;-4.1;-3.9;-4.8;6.2;291.6666667;66.66666667;75;3.1
5379300;-8;-6;45;89;-7.7;-5.9;6.5;6.8;73.9;4.1;-3.9;-4.1;-3.8;-4.7;6.2;291.6666667;66.66666667;75;3.1
5380200;-8;-6;44;95;-7.7;-5.9;6.7;6.8;73.5;4.8;-3.6;-3.9;-3.7;-4.5;6.2;291.6666667;66.66666667;75;3.1
5381100;-8;-6;44;93;-7.7;-5.9;7.1;6.8;72.6;5.1;-3.6;-3.9;-3.6;-4.5;6.2;291.6666667;66.66666667;75;3.1
5382000;-8;-6;43;94;-7.7;-5.9;7.5;7.3;71.6;44.5;-3.4;-3.6;-3.4;-4.3;7.1;280.5555556;130.5555556;205.5555556;3.8
5382900;-7;-5;43;95;-7.6;-5.6;8;7.6;70.6;70.7;-3;-3.3;-3.1;-4.1;7.1;280.5555556;130.5555556;205.5555556;3.8
5383800;-7;-5;42;99;-7.1;-5.1;8.6;7.5;68.3;70.7;-2.3;-2.7;-2.5;-3.5;7.1;280.5555556;130.5555556;205.5555556;3.8
5384700;-6;-4;43;105;-6.4;-4.2;9.7;7.4;64.1;70.7;-1.4;-1.8;-1.5;-2.6;7.1;280.5555556;130.5555556;205.5555556;3.8
5385600;-5;-3;43;109;-5.5;-3.2;10.3;8.7;59.1;187.6;-0.6;-0.9;-0.6;-1.9;10.1;297.2222222;194.4444444;344.4444444;5.8
5386500;-5;-2;43;114;-4.8;-2.5;10.8;8.7;57.4;187.6;0.2;0;0.2;-1.1;10.1;297.2222222;194.4444444;344.4444444;5.8
5387400;-4;-2;43;118;-4;-1.6;11.4;8.2;54.9;187.6;1.2;0.8;1.1;-0.3;10.1;297.2222222;194.4444444;344.4444444;5.8
5388300;-3;0;43;124;-2.8;-0.3;12.5;7.7;50.4;187.6;2.5;2.3;2.5;1;10.1;297.2222222;194.4444444;344.4444444;5.8
5389200;-2;0;43;133;-1.8;0.9;13.8;9.2;43.9;283.8;3.8;3.5;3.7;2.2;12.3;286.1111111;158.3333333;455.5555556;6.1
5390100;-1;2;43;140;-0.7;2.2;14.4;9.3;41.8;290.7;5.1;4.8;5;3.5;12.3;286.1111111;158.3333333;455.5555556;6.1
5391000;0;3;43;149;0.9;4;14.4;9.1;41.2;294;6.9;6.6;6.8;5.3;12.3;286.1111111;158.3333333;455.5555556;6.1
5391900;2;5;43;160;2.5;5.7;14.5;8.8;41.8;297.7;8.7;8.5;8.6;7;12.3;286.1111111;158.3333333;455.5555556;6.1
5392800;3;7;43;173;4.1;7.6;15;9.8;41.8;413.1;10.5;10.4;10.5;8.8;13.7;302.7777778;205.5555556;522.2222222;6
5393700;5;8;43;180;5.4;9.1;15.4;9.9;41.2;430.8;11.9;11.9;11.9;10.2;13.7;302.7777778;205.5555556;522.2222222;6
5394600;6;10;43;185;6.5;10.2;15.7;10.4;42.9;420.4;13;12.9;12.9;11.4;13.7;302.7777778;205.5555556;522.2222222;6
5395500;6;10;43;193;7.2;11.1;15.9;11.4;44.2;399.5;13.8;13.8;13.8;12.4;13.7;302.7777778;205.5555556;522.2222222;6
5396400;8;11;39;139;9.2;12.2;16.2;12.1;42.4;433.2;14.9;14.9;14.9;13.5;14.3;311.1111111;247.2222222;447.2222222;4
5397300;11;13;40;96;11.5;13.6;16.3;12.3;41.3;445.4;16.3;16.4;16.5;14.9;14.3;311.1111111;247.2222222;447.2222222;4
5398200;9;14;43;219;10;14.4;16.8;12.6;41.6;445.4;16.5;16.4;16.4;15.3;14.3;311.1111111;247.2222222;447.2222222;4
5399100;8;12;43;202;8.7;12.9;16.4;13.3;41.2;445.4;14.8;14.7;14.8;13.6;14.3;311.1111111;247.2222222;447.2222222;4
5400000;8;11;39;130;8.8;11.7;16.4;13.7;40.7;456.8;14;14;14;12.7;13.9;319.4444444;244.4444444;333.3333333;3
5400900;8;11;38;107;8.2;11.8;16.5;13.9;38.9;460.9;14.5;14.4;14.5;13.2;13.9;319.4444444;244.4444444;333.3333333;3
5401800;7;11;43;200;8;12.1;16.7;14.1;36.1;460.9;14.1;14.1;14.1;13;13.9;319.4444444;244.4444444;333.3333333;3
5402700;7;11;37;196;7.3;11.6;17;14.5;34.9;460.9;14.1;14;14;12.8;13.9;319.4444444;244.4444444;333.3333333;3
5403600;3;10;40;298;4.4;11;16.8;14.3;34.8;402.6;12.8;12.8;12.5;11.7;13.6;344.4444444;158.3333333;161.1111111;2
5404500;5;9;41;171;5.7;9.8;16.5;14.2;35.3;381.4;11.9;11.8;11.8;10.6;13.6;344.4444444;158.3333333;161.1111111;2
5405400;4;8;43;174;5.4;9;16.7;14.2;35;381.4;11;10.9;11;9.8;13.6;344.4444444;158.3333333;161.1111111;2
5406300;3;8;40;205;4.3;8.6;16.6;14.2;33.6;381.4;10.8;10.6;10.7;9.7;13.6;344.4444444;158.3333333;161.1111111;2
5407200;3;7;39;149;4.3;7.8;16.5;13.8;34.7;314.5;10;9.8;9.9;8.9;13.3;338.8888889;108.3333333;119.4444444;2.9
5408100;3;7;43;169;4.2;7.7;16.3;13.6;35.5;290.2;9.7;9.6;9.7;8.7;13.3;338.8888889;108.3333333;119.4444444;2.9
5409000;3;6;43;166;4.2;7.6;16;13.6;36.4;290.2;9.6;9.5;9.6;8.5;13.3;338.8888889;108.3333333;119.4444444;2.9
5409900;4;6;40;123;4.6;7.6;15.8;13.5;35.9;290.2;9.6;9.4;9.5;8.4;13.3;338.8888889;108.3333333;119.4444444;2.9
5410800;3;7;38;163;4.4;7.7;15.5;13.1;37;228.2;10;9.8;10;8.9;12.9;327.7777778;55.55555556;72.22222222;6.5
5411700;3;6;43;143;4;6.8;15.4;12.8;37.5;186.8;9;8.8;9;8;12.9;327.7777778;55.55555556;72.22222222;6.5
5412600;3;7;43;163;4;7.2;15.6;12.9;37.3;186.8;9.8;9.6;9.8;8.6;12.9;327.7777778;55.55555556;72.22222222;6.5
5413500;3;6;39;133;3.8;7.3;15;13;38.6;186.8;9.4;9.2;9.4;8.1;12.9;327.7777778;55.55555556;72.22222222;6.5
5414400;2;5;43;157;3.1;6.4;14.8;12;40.4;79;8.2;8;8.2;7.2;12.3;322.2222222;8.333333333;8.333333333;3.7
5415300;1;4;43;150;2.2;5.3;14.8;11.9;41;71.3;7.4;7.1;7.3;6.3;12.3;322.2222222;8.333333333;8.333333333;3.7
5416200;1;4;43;143;1.9;4.9;14.7;12.1;42.6;71.3;7;6.7;6.9;5.8;12.3;322.2222222;8.333333333;8.333333333;3.7
5417100;1;4;39;94;2.2;4.6;14.2;12.4;44.5;71.3;6.8;6.6;6.8;5.5;12.3;322.2222222;8.333333333;8.333333333;3.7
5418000;2;4;42;84;2.8;4.6;13.5;11.7;46.8;28.3;6.9;6.7;7;5.7;11.4;336.1111111;0;0;3
5418900;0;3;42;144;1.2;4.3;13.2;11.5;48;17.6;6.1;5.8;6.1;5.3;11.4;336.1111111;0;0;3
5419800;0;2;42;139;0.5;3.4;13.2;11.7;49;17.6;5.4;5;5.4;4.4;11.4;336.1111111;0;0;3
5420700;0;2;42;137;-0.1;2.7;13.2;12.2;49.1;17.6;4.9;4.4;4.8;3.8;11.4;336.1111111;0;0;3
5421600;0;2;42;137;-0.1;2.6;13;11.3;49;4.7;4.7;4.3;4.7;3.7;10.9;338.8888889;0;0;3.2
5422500;0;2;42;136;-0.1;2.6;13;11;49.1;0;4.8;4.5;4.9;3.9;10.9;338.8888889;0;0;3.2
5423400;0;2;42;136;-0.1;2.6;12.8;11.1;49.8;0;5;4.5;5;3.8;10.9;338.8888889;0;0;3.2
5424300;0;2;42;136;-0.1;2.6;12.7;11.3;51.1;0;5;4.6;4.9;3.9;10.9;338.8888889;0;0;3.2
5425200;0;2;42;137;-0.1;2.6;11.4;10.4;65;0;5.2;5;5.2;4.3;7.1;327.7777778;0;0;3.6
5426100;0;2;42;135;-0.1;2.6;10.3;10.2;72.5;0;4.9;4.7;4.9;4;7.1;327.7777778;0;0;3.6
5427000;0;1;41;123;0;2.6;10.1;10.3;73.8;0;4.5;4.3;4.5;3.7;7.1;327.7777778;0;0;3.6
5427900;1;2;23;33;1.7;2.6;9.9;10.5;73.4;0;5.1;5;5.2;3.8;7.1;327.7777778;0;0;3.6
5428800;1;2;0;0;1.9;2.7;9.8;9.9;72.6;0;5.8;5.8;6.1;4.3;7;333.3333333;0;0;5.6
5429700;0;3;40;112;1.5;4;9.8;9.8;71.9;0;6.1;5.9;6.1;5.2;7;333.3333333;0;0;5.6
5430600;0;2;43;135;-0.1;2.7;9.9;10;71.6;0;4.5;4.4;4.5;3.8;7;333.3333333;0;0;5.6
5431500;0;1;43;131;-1;1.8;10;10.4;72.3;0;3.6;3.4;3.6;2.8;7;333.3333333;0;0;5.6
5432400;-2;0;43;129;-1.6;1;9.9;9.7;73.5;0;3;2.8;3;2.1;6.6;338.8888889;0;0;5.9
5433300;-2;0;43;126;-1.7;0.6;9.9;9.5;73.4;0;2.8;2.5;2.8;1.8;6.6;338.8888889;0;0;5.9
5434200;-2;0;43;128;-1.7;0.6;9.9;8.3;73.8;0;3;2.8;3.1;2.1;6.6;338.8888889;0;0;5.9
5435100;-2;0;43;129;-1.7;0.6;9.7;6.6;75.4;0;3.2;2.9;3.3;2.3;6.6;338.8888889;0;0;5.9
5436000;-2;0;43;128;-1.7;0.6;9.3;6.3;77.1;0;3.2;2.9;3.3;2.2;6.6;325;0;0;5.6
5436900;-2;0;43;127;-1.7;0.6;9.4;6.2;76.9;0;3;2.8;3.1;2.1;6.6;325;0;0;5.6
5437800;-2;0;43;127;-1.7;0.6;9.5;6.3;76;0;3;2.8;3.1;2.1;6.6;325;0;0;5.6
5438700;-2;0;43;124;-1.7;0.6;9.55;7.05;75.85;0;3;2.8;3.1;2.15;6.6;325;0;0;5.6
5439600;-2;0;43;121;-1.7;0.6;9.6;7.8;75.7;0;3;2.8;3.1;2.2;6.8;336.1111111;0;0;5
5440500;0;1;28;34;0.8;1.1;9.6;8.1;75.8;0;3.7;3.6;4;2.7;6.8;336.1111111;0;0;5
5441400;0;1;23;68;0.7;2.3;9.5;8.1;76.5;0;4.9;4.8;5.3;3.8;6.8;336.1111111;0;0;5
5442300;0;1;43;135;-0.5;2.4;9.5;8.1;76.5;0;4.2;4;4.3;3.4;6.8;336.1111111;0;0;5
5443200;0;1;43;132;-1;1.7;9.1;7.9;75.4;0;3.7;3.5;3.7;2.9;4.3;330.5555556;0;0;4.4
5444100;-1;0;43;129;-1.3;1.3;8.6;7.8;76.2;0;3.3;3;3.3;2.4;4.3;330.5555556;0;0;4.4
5445000;-2;0;43;127;-1.8;0.9;7.9;7.8;75.3;0;2.9;2.7;2.9;2;4.3;330.5555556;0;0;4.4
5445900;-2;0;43;124;-2.1;0.6;7.6;7.8;76.3;0;2.5;2.3;2.5;1.6;4.3;330.5555556;0;0;4.4
5446800;-3;0;43;122;-2.4;0.1;7.2;7.4;76.8;0;2.1;2;2.1;1.3;3.3;325;0;0;3.9
5447700;-3;0;43;119;-2.8;-0.2;6.8;7.2;76.6;0;1.8;1.6;1.8;1;3.3;325;0;0;3.9
5448600;-3;0;43;119;-2.8;-0.4;6.3;7.2;77.3;0;1.6;1.4;1.6;0.7;3.3;325;0;0;3.9
5449500;-3;0;43;119;-3.2;-0.6;6.2;7.2;77.6;0;1.4;1.2;1.4;0.5;3.3;325;0;0;3.9
5450400;-4;0;43;118;-3.3;-0.9;6.2;5.6;77.6;0;1.2;1;1.1;0.4;3;325;0;0;3.2
5451300;-4;0;43;117;-3.3;-0.9;6.1;5;77.2;0;1.1;0.9;1.1;0.3;3;325;0;0;3.2
5452200;-4;0;43;117;-3.3;-0.9;5.9;4.6;77.5;0;1;0.8;1;0.3;3;325;0;0;3.2
5453100;-4;0;43;116;-3.6;-1.2;5.9;3.9;77.6;0;0.9;0.7;0.9;0.1;3;325;0;0;3.2
5454000;-4;0;42;115;-3.8;-1.4;6;3.7;77.6;0;0.7;0.5;0.7;-0.1;2.9;322.2222222;0;0;3.5
5454900;-4;-2;43;114;-3.8;-1.4;6;3.6;77.3;0;0.5;0.3;0.6;-0.2;2.9;322.2222222;0;0;3.5
5455800;-4;-2;43;113;-3.8;-1.4;5.9;3.2;77.2;0;0.5;0.3;0.5;-0.3;2.9;322.2222222;0;0;3.5
5456700;-4;-2;43;113;-3.8;-1.7;5.9;2.9;77.4;0;0.4;0.2;0.4;-0.5;2.9;322.2222222;0;0;3.5
5457600;-4;-2;43;114;-3.9;-1.9;5.8;2.7;78;0;0.4;0.2;0.4;-0.4;2.7;322.2222222;0;0;3.3
5458500;-4;-2;42;114;-4.3;-1.9;5.6;2.7;79;0;0.5;0.2;0.4;-0.4;2.7;322.2222222;0;0;3.3
5459400;-4;-2;42;113;-4.3;-1.9;5.7;2.7;79.2;0;0.3;0.1;0.3;-0.5;2.7;322.2222222;0;0;3.3
5460300;-4;-2;42;112;-4.3;-1.9;5.6;2.6;79.5;0;0.2;-0.1;0.2;-0.7;2.7;322.2222222;0;0;3.3
5461200;-4;-2;42;112;-4.3;-1.9;5.6;2.3;79.6;0;0.1;-0.2;0.1;-0.7;2.6;319.4444444;2.777777778;2.777777778;2.8
5462100;-5;-2;42;111;-4.3;-1.9;5.6;2.3;79;0;0;-0.3;-0.1;-0.8;2.6;319.4444444;2.777777778;2.777777778;2.8
5463000;-5;-2;42;110;-4.6;-2.4;5.7;2.3;78.5;0;-0.3;-0.5;-0.3;-1;2.6;319.4444444;2.777777778;2.777777778;2.8
5463900;-5;-2;42;109;-4.8;-2.4;5.9;2.4;77.8;0;-0.4;-0.6;-0.4;-1.1;2.6;319.4444444;2.777777778;2.777777778;2.8
5464800;-5;-2;42;108;-4.8;-2.4;5.8;2.3;77.7;1.8;-0.4;-0.6;-0.5;-1.1;2.6;316.6666667;13.88888889;13.88888889;2.8
5465700;-5;-2;42;109;-4.8;-2.4;5.6;2.3;77.2;2.1;-0.4;-0.6;-0.4;-1.3;2.6;316.6666667;13.88888889;13.88888889;2.8
5466600;-5;-2;42;110;-4.8;-2.4;5.5;2.3;77.5;2.1;-0.3;-0.5;-0.3;-1.2;2.6;316.6666667;13.88888889;13.88888889;2.8
5467500;-5;-2;42;111;-4.8;-2.4;5.3;2.4;78.3;2.1;-0.1;-0.2;-0.2;-1.2;2.6;316.6666667;13.88888889;13.88888889;2.8
5468400;-5;-2;42;111;-4.8;-2.4;5.3;2.3;78.7;14.7;-0.1;-0.2;-0.1;-1;2.7;316.6666667;41.66666667;41.66666667;2.6
5469300;-5;-2;42;111;-4.8;-2.4;5.3;2.3;78.1;16.6;0;-0.1;0;-0.9;2.7;316.6666667;41.66666667;41.66666667;2.6
5470200;-5;-2;42;111;-4.8;-2.4;5.5;2.3;77.9;16.6;0;-0.1;0;-0.9;2.7;316.6666667;41.66666667;41.66666667;2.6
5471100;-5;-2;42;111;-4.8;-2.4;5.5;2.3;77.4;16.6;0.1;-0.1;0;-0.9;2.7;316.6666667;41.66666667;41.66666667;2.6
5472000;-5;-2;42;111;-4.8;-2.4;5.7;2.4;77;50.4;0.1;-0.1;-0.1;-0.9;2.7;313.8888889;69.44444444;69.44444444;2.2
5472900;-4;-2;42;112;-4.8;-2.4;5.7;2.4;76.9;55.6;0.1;0.1;0.1;-0.8;2.7;313.8888889;69.44444444;69.44444444;2.2
5473800;-4;-2;42;112;-4.7;-2.4;5.8;2.5;75.7;55.6;0.2;0.1;0.2;-0.7;2.7;313.8888889;69.44444444;69.44444444;2.2
5474700;-4;-2;42;110;-4.3;-2.4;6;2.6;75.9;55.6;0.2;0;0.2;-0.6;2.7;313.8888889;69.44444444;69.44444444;2.2
5475600;-4;-2;42;112;-4.3;-2.4;6.1;2.7;74.5;91.4;0.2;0.1;0.2;-0.7;3;316.6666667;133.3333333;133.3333333;2
5476500;-4;-2;42;112;-4.3;-2.4;6.1;2.7;73.1;100.4;0.2;0.1;0.2;-0.7;3;316.6666667;133.3333333;133.3333333;2
5477400;-4;-2;43;113;-4.3;-2;6.2;2.7;72.9;101.2;0.4;0.3;0.4;-0.6;3;316.6666667;133.3333333;133.3333333;2
5478300;-4;-2;43;113;-4.3;-1.9;6.8;2.8;71.1;102.2;0.5;0.4;0.5;-0.4;3;316.6666667;133.3333333;133.3333333;2
5479200;-4;-2;43;114;-4.3;-1.9;6.8;3;70.9;174;0.7;0.6;0.7;-0.3;3.4;316.6666667;130.5555556;130.5555556;2.7
5480100;-4;-2;43;116;-3.9;-1.5;7.4;3;68.8;191.9;1;0.9;0.9;0;3.4;316.6666667;130.5555556;130.5555556;2.7
5481000;-4;-2;43;117;-3.8;-1.4;7.4;3;67.5;181.6;1.2;1;1.1;0.1;3.4;316.6666667;130.5555556;130.5555556;2.7
5481900;-3;-2;43;117;-3.8;-1.4;7.3;2.9;66.8;166.2;1.2;1.1;1.2;0.3;3.4;316.6666667;130.5555556;130.5555556;2.7
5482800;-3;-2;43;116;-3.5;-1.1;7.1;3.1;67.3;200.4;1.3;1.2;1.3;0.3;3.7;313.8888889;130.5555556;130.5555556;2.7
5483700;-3;-2;43;116;-3.3;-0.9;7.3;3.1;66;208.9;1.2;1.1;1.2;0.2;3.7;313.8888889;130.5555556;130.5555556;2.7
5484600;-3;-2;43;117;-3.3;-0.9;7.1;3.1;65.6;208.9;1.2;1.1;1.2;0.2;3.7;313.8888889;130.5555556;130.5555556;2.7
5485500;-4;-2;43;116;-3.3;-0.9;7.3;3.1;64.9;208.9;1.1;1;1.1;0.1;3.7;313.8888889;130.5555556;130.5555556;2.7
5486400;-4;-2;43;116;-3.3;-0.9;7.7;3.3;63.7;229.4;1;0.9;1;0.1;4.1;316.6666667;136.1111111;136.1111111;2.8
5487300;-4;-2;43;116;-3.3;-0.9;7.8;3.3;62.8;234.5;1.1;0.9;1.1;0.1;4.1;316.6666667;136.1111111;136.1111111;2.8
5488200;-4;-2;43;116;-3.3;-0.9;7.9;3.4;62.3;234.5;1.1;1;1.1;0.1;4.1;316.6666667;136.1111111;136.1111111;2.8
5489100;-3;-2;43;117;-3.3;-0.9;8;3.5;61.1;234.5;1.2;1.1;1.2;0.2;4.1;316.6666667;136.1111111;136.1111111;2.8
5490000;-3;-2;43;118;-3.3;-0.9;7.9;3.7;61.3;232.2;1.2;1.1;1.3;0.2;4.1;316.6666667;58.33333333;58.33333333;1.1
5490900;-3;-2;43;117;-3.3;-0.9;7.9;3.8;61.8;231.6;1.3;1.1;1.2;0.2;4.1;316.6666667;58.33333333;58.33333333;1.1
5491800;-3;-2;43;116;-3.3;-0.9;8;3.9;61.9;231.6;1.2;1.1;1.2;0.2;4.1;316.6666667;58.33333333;58.33333333;1.1
5492700;-4;-2;43;116;-3.3;-0.9;7.6;4;63.1;231.6;1.1;0.9;1.1;0;4.1;316.6666667;58.33333333;58.33333333;1.1
5493600;-4;-2;43;115;-3.7;-1.3;7;4.1;66;198.3;0.9;0.7;0.9;-0.1;3.6;313.8888889;44.44444444;44.44444444;1.7
5494500;-4;-2;43;115;-3.8;-1.4;6.5;4.1;67.3;190;0.8;0.6;0.8;-0.2;3.6;313.8888889;44.44444444;44.44444444;1.7
5495400;-4;-2;43;114;-3.8;-1.4;6.5;4.1;68.6;190;0.7;0.5;0.7;-0.3;3.6;313.8888889;44.44444444;44.44444444;1.7
5496300;-4;-2;43;114;-3.8;-1.4;6.4;4.2;69.8;190;0.7;0.4;0.6;-0.3;3.6;313.8888889;44.44444444;44.44444444;1.7
5497200;-4;-2;43;114;-3.8;-1.4;6.3;4;71.2;172.2;0.6;0.4;0.7;-0.4;2.4;313.8888889;16.66666667;16.66666667;2.1
5498100;-4;-2;42;114;-3.8;-1.4;6.3;3.9;70.8;167.8;0.6;0.4;0.6;-0.4;2.4;313.8888889;16.66666667;16.66666667;2.1
5499000;-4;-2;42;113;-3.8;-1.4;6.3;3.9;70.3;167.8;0.5;0.3;0.6;-0.4;2.4;313.8888889;16.66666667;16.66666667;2.1
5499900;-4;-2;43;114;-3.8;-1.4;5.5;3.9;72.6;167.8;0.6;0.4;0.7;-0.3;2.4;313.8888889;16.66666667;16.66666667;2.1
5500800;-4;-2;42;112;-4;-1.7;4.9;3.8;74.9;138.8;0.3;0.1;0.3;-0.5;2.4;305.5555556;5.555555556;5.555555556;2.3
5501700;-5;-2;42;109;-4.6;-2.2;5.1;3.7;74.2;128.2;-0.4;-0.5;-0.3;-1.1;2.4;305.5555556;5.555555556;5.555555556;2.3
5502600;-5;-3;42;107;-5;-2.8;5.4;3.6;71.1;128.2;-0.7;-1;-0.8;-1.7;2.4;305.5555556;5.555555556;5.555555556;2.3
5503500;-6;-3;42;105;-5.3;-3.1;5.7;3.5;69.8;128.2;-1.2;-1.4;-1.2;-2.1;2.4;305.5555556;5.555555556;5.555555556;2.3
5504400;-6;-4;42;103;-5.8;-3.6;5.8;3.1;68.5;58.2;-1.6;-1.9;-1.6;-2.5;2.7;277.7777778;0;0;2.4
5505300;-6;-4;42;102;-6.2;-3.9;5.8;3;68.9;32.7;-2;-2.2;-1.9;-2.9;2.7;277.7777778;0;0;2.4
5506200;-6;-4;42;101;-6.3;-4;5.8;2.6;69.1;32.7;-2;-2.4;-2;-3;2.7;277.7777778;0;0;2.4
5507100;-6;-4;42;99;-6.3;-4.4;5.7;1.9;69.3;32.7;-2.1;-2.6;-2.2;-3.2;2.7;277.7777778;0;0;2.4
5508000;-7;-4;42;100;-6.3;-4.4;5.7;1.8;68.7;8.7;-2.2;-2.6;-2.2;-3.2;2;233.3333333;0;0;2.9
5508900;-7;-4;42;98;-6.3;-4.4;5.5;1.7;69.3;0;-2.3;-2.7;-2.3;-3.3;2;233.3333333;0;0;2.9
5509800;-7;-5;42;97;-6.8;-4.7;5;1.8;70.3;0;-2.6;-3.1;-2.5;-3.4;2;233.3333333;0;0;2.9
5510700;-7;-5;42;97;-6.8;-4.9;4.6;2.1;71.5;0;-2.8;-3.3;-2.8;-3.7;2;233.3333333;0;0;2.9
5511600;-7;-5;42;94;-7.3;-5.2;4.2;1.7;73;0;-3.1;-3.5;-3.1;-4.1;1.4;227.7777778;0;0;2.4
5512500;-8;-6;42;93;-7.4;-5.5;3.9;1.6;74.9;0;-3.4;-3.9;-3.4;-4.3;1.4;227.7777778;0;0;2.4
5513400;-8;-6;43;92;-7.8;-5.9;3.4;1.8;76.5;0;-3.7;-4.2;-3.6;-4.6;1.4;227.7777778;0;0;2.4
5514300;-8;-6;43;90;-7.9;-6.1;3.3;2.2;75.1;0;-4.1;-4.5;-4;-5;1.4;227.7777778;0;0;2.4
5515200;-8;-7;34;68;-7.5;-6.7;2.7;1.8;76.2;0;-4.7;-5;-4.6;-5.6;0.6;225;0;0;1.5
5516100;-4;-4;0;0;-3.4;-4.8;2.3;1.7;77.2;0;-4.3;-4.3;-4.1;-5.4;0.6;225;0;0;1.5
5517000;-5;-2;20;41;-4.4;-3.4;2.2;1.7;76.4;0;-3.2;-3.5;-3;-4.4;0.6;225;0;0;1.5
5517900;-8;-6;42;90;-7.5;-5.6;2;1.6;76.7;0;-3.6;-4;-3.7;-4.5;0.6;225;0;0;1.5
5518800;-8;-6;44;89;-8.2;-6.4;1.8;1.4;76.2;0;-4.3;-4.7;-4.4;-5.2;0;222.2222222;0;0;2.1
5519700;-8;-7;45;89;-8.5;-6.5;2;1.3;74.2;0;-4.5;-4.8;-4.5;-5.4;0;222.2222222;0;0;2.1
5520600;-9;-7;44;89;-8.5;-6.5;2.2;1.2;70.8;0;-4.5;-4.9;-4.6;-5.4;0;222.2222222;0;0;2.1
5521500;-8;-7;34;60;-7.8;-7;2.4;1;69;0;-4.7;-5.1;-4.8;-5.6;0;222.2222222;0;0;2.1
5522400;-5;-3;0;0;-5.2;-4;2;0.8;70.4;0;-4.2;-4.5;-4.2;-5.3;-0.9;219.4444444;0;0;2.3
5523300;-5;-2;6;12;-5.3;-2.7;1.2;0.7;72.9;0;-3.5;-4;-3.6;-4.7;-0.9;219.4444444;0;0;2.3
5524200;-8;-6;43;87;-7.9;-6.1;0.8;0.6;73.7;0;-4.3;-4.5;-4.2;-5;-0.9;219.4444444;0;0;2.3
5525100;-6.5;-3;21.5;43.5;-6.75;-2.9;0.7;3.3;74.5;0;-4.25;-4.4;-4.1;-5;-0.9;219.4444444;0;0;2.3
5526000;-5;0;0;0;-5.6;0.3;0.6;6;75.3;0;-4.2;-4.3;-4;-5;-1.2;219.4444444;0;0;2.2
5526900;-7;-3;28;60;-6.7;-3.3;1;8.1;72.5;0;-3.6;-4;-3.4;-4.4;-1.2;219.4444444;0;0;2.2
5527800;-8;-6;43;88;-8.1;-6.3;1.3;8.1;68;0;-4.3;-4.7;-4.3;-5;-1.2;219.4444444;0;0;2.2
5528700;-7;-7;25;48;-7.4;-6.8;1.3;8.1;66.8;0;-4.7;-5.1;-4.6;-5.6;-1.2;219.4444444;0;0;2.2
5529600;-6;-2;0;0;-5.5;-3.6;1.3;7.9;67.6;0;-4.2;-4.5;-4;-5.2;-1.6;216.6666667;0;0;2.4
5530500;-6;-2;13;25;-5.7;-3.5;1;7.8;68.9;0;-3.5;-4;-3.3;-4.5;-1.6;216.6666667;0;0;2.4
5531400;-8;-6;44;88;-7.9;-6.1;0.5;7.8;70.2;0;-4.3;-4.7;-4.1;-4.9;-1.6;216.6666667;0;0;2.4
5532300;-6;-5;4;5;-6.4;-5.8;0.1;7.8;71.8;0;-4.7;-5;-4.6;-5.4;-1.6;216.6666667;0;0;2.4
5533200;-6;-3;0;0;-5.8;-3.3;-0.1;-1;72.2;0;-4.2;-4.5;-3.9;-4.9;-1.9;213.8888889;0;0;1.4
5534100;-6;-4;25;50;-6.6;-4.6;-0.2;-1;73.3;0;-3.8;-4.3;-3.6;-4.6;-1.9;213.8888889;0;0;1.4
5535000;-7;-6;19;35;-6.9;-6.4;-0.4;-1;73.5;0;-4.9;-5.1;-4.8;-5.4;-1.9;213.8888889;0;0;1.4
5535900;-6;-3;0;0;-5.9;-3.8;-0.7;-1;74.2;0;-4.4;-4.7;-4.3;-5.1;-1.9;213.8888889;0;0;1.4
5536800;-5;-3;0;0;-5.5;-3.6;-0.8;-2.3;75;0;-3.9;-4.3;-3.8;-4.6;-2.2;208.3333333;0;0;2
5537700;-7;-6;34;63;-7.4;-5.9;-0.9;-2.4;75.7;0;-4.5;-4.9;-4.4;-5;-2.2;208.3333333;0;0;2
5538600;-6;-4;0;0;-6.3;-5.1;-1;-2.4;75.5;0;-4.8;-5;-4.7;-5.2;-2.2;208.3333333;0;0;2
5539500;-6;-3;0;0;-5.7;-3.7;-1.2;-2.3;75.8;0;-4.3;-4.6;-4.2;-4.7;-2.2;208.3333333;0;0;2
5540400;-6;-4;15;26;-6.2;-4.2;-1.2;-2.6;75.4;0;-4;-4.5;-3.9;-4.6;-2.7;208.3333333;0;0;1.9
5541300;-7;-6;16;30;-7.4;-6.5;-0.8;-2.7;74.1;0;-4.8;-5.1;-4.7;-5.4;-2.7;208.3333333;0;0;1.9
5542200;-6;-2;0;0;-6.2;-3.4;-0.9;-2.5;73.4;0;-4.4;-4.7;-4.4;-5;-2.7;208.3333333;0;0;1.9
5543100;-6;0;0;1;-5.8;0.1;-1.2;-2.3;73.5;0;-3.9;-4.4;-3.8;-4.5;-2.7;208.3333333;0;0;1.9
5544000;-7;-6;33;66;-7.5;-6.1;-1.2;-2.7;72.8;0;-4.6;-5;-4.4;-5.2;-3.1;208.3333333;0;0;2.4
5544900;-6;-4;0;0;-6.3;-4.9;-1.3;-2.8;73;0;-4.8;-5.1;-4.5;-5.2;-3.1;208.3333333;0;0;2.4
5545800;-6;-3;0;0;-5.8;-3.9;-1.4;-2.8;73.4;0;-4.2;-4.6;-4;-4.7;-3.1;208.3333333;0;0;2.4
5546700;-6;-4;20;36;-6.5;-4.7;-1.2;-2.7;72.6;0;-4.1;-4.5;-3.8;-4.7;-3.1;208.3333333;0;0;2.4
5547600;-7;-6;13;23;-7.2;-6.5;-1.1;-2.9;71.7;0;-4.8;-5.2;-4.8;-5.5;-3.4;208.3333333;11.11111111;11.11111111;3.6
5548500;-6;-4;0;0;-6.3;-4;-1.3;-3;72.4;0;-4.4;-4.8;-4.3;-5.1;-3.4;208.3333333;11.11111111;11.11111111;3.6
5549400;-6;-3;0;0;-5.8;-3.9;-1.7;-3;73.3;0;-4;-4.4;-3.9;-4.6;-3.4;208.3333333;11.11111111;11.11111111;3.6
5550300;-7;-6;27;48;-7.5;-5.9;-1.9;-3;73.9;0;-4.7;-5;-4.6;-5.3;-3.4;208.3333333;11.11111111;11.11111111;3.6
5551200;-7;-2;0;0;-6.6;-2.6;-1.9;-2.8;73.9;8.4;-4.9;-5.2;-4.8;-5.3;-2.6;211.1111111;38.88888889;130.5555556;4.4
5552100;-6;0;0;0;-6.1;-0.5;-1.4;-2.7;73.1;14;-4.4;-4.7;-4.1;-4.8;-2.6;211.1111111;38.88888889;130.5555556;4.4
5553000;-6;-2;15;31;-6.2;-2;-0.2;-2.8;70.3;13.3;-3.8;-4.4;-3.5;-4.4;-2.6;211.1111111;38.88888889;130.5555556;4.4
5553900;-8;-6;44;86;-8.1;-6.3;0.6;-2.9;64.8;12.8;-4.4;-5;-4.2;-5;-2.6;211.1111111;38.88888889;130.5555556;4.4
5554800;-8;-7;25;46;-7.8;-6.7;0.6;-2.2;63.3;77.3;-4.6;-5.2;-4.5;-5.5;-0.7;213.8888889;52.77777778;311.1111111;4
5555700;-6;-3;4;6;-6.4;-4;0.6;-1.8;63.1;109.6;-3.5;-4;-3.3;-4.8;-0.7;213.8888889;52.77777778;311.1111111;4
5556600;-7;-5;42;98;-6.7;-4.7;0.9;-2.1;61;109.6;-2.4;-3.1;-2.2;-3.4;-0.7;213.8888889;52.77777778;311.1111111;4
5557500;-7;-5;42;97;-6.7;-4.7;1.5;-2.4;59.3;109.6;-2.4;-2.8;-2.3;-3.4;-0.7;213.8888889;52.77777778;311.1111111;4
5558400;-6;-4;42;101;-6.5;-4.5;2.2;-1.2;58.3;259.7;-1.8;-2.1;-1.8;-3;0.7;219.4444444;58.33333333;450;3.4
5559300;-6;-3;42;104;-5.9;-3.8;3.6;-1.1;54.2;270.4;-1.1;-1.3;-1.1;-2.3;0.7;219.4444444;58.33333333;450;3.4
5560200;-5;-3;42;109;-5.2;-3;3.4;-1.3;53.8;270.4;-0.3;-0.4;-0.3;-1.6;0.7;219.4444444;58.33333333;450;3.4
5561100;-4;-2;42;112;-4.4;-2.1;4.2;-1.4;54.4;270.4;0.5;0.5;0.6;-0.8;0.7;219.4444444;58.33333333;450;3.4
5562000;-3;-2;43;117;-3.7;-1.3;4.2;0.1;50.5;397.7;1.4;1.4;1.5;0.1;3;225;63.88888889;558.3333333;3.4
5562900;-3;0;43;122;-3;-0.4;4.3;0.2;50.2;406.8;2.2;2.2;2.3;0.8;3;225;63.88888889;558.3333333;3.4
5563800;-2;0;43;126;-2.3;0.3;4.6;0.5;48.8;404.2;2.9;2.9;3;1.4;3;225;63.88888889;558.3333333;3.4
5564700;-2;0;43;129;-1.8;0.9;4.7;0.8;47.9;401.9;3.6;3.6;3.6;2;3;225;63.88888889;558.3333333;3.4
5565600;-2;1;43;133;-1.3;1.5;4.9;2.1;47.6;501.6;4.2;4.3;4.2;2.7;4.7;227.7777778;63.88888889;611.1111111;3.5
5566500;-1;2;43;137;-0.6;2.2;5.1;2.2;46.6;508.7;4.8;5;4.9;3.4;4.7;227.7777778;63.88888889;611.1111111;3.5
5567400;0;2;43;141;0;2.9;5.6;2.2;45.4;500.2;5.6;5.7;5.6;4.1;4.7;227.7777778;63.88888889;611.1111111;3.5
5568300;0;3;43;146;0.7;3.7;5.8;2.1;43.4;490.4;6.3;6.5;6.4;5;4.7;227.7777778;63.88888889;611.1111111;3.5
5569200;1;4;43;149;1.6;4.6;6;3.3;42.4;575.8;7.2;7.3;7.3;6.1;5;230.5555556;63.88888889;608.3333333;3.7
5570100;1;5;43;154;2.3;5.5;6.3;3.5;41.5;588.9;8;8.1;8.1;6.9;5;230.5555556;63.88888889;608.3333333;3.7
5571000;2;5;43;158;2.8;6.1;6.5;3.9;39.3;588.9;8.6;8.7;8.7;7.5;5;230.5555556;63.88888889;608.3333333;3.7
5571900;2;6;43;161;3.3;6.6;6.6;4.3;38.1;588.9;9.1;9.2;9.1;8;5;230.5555556;63.88888889;608.3333333;3.7
5572800;3;6;43;164;3.6;6.8;6.8;5.1;36.4;608.1;9.4;9.6;9.4;8.3;6.6;233.3333333;61.11111111;561.1111111;3.4
5573700;3;6;43;164;3.8;7.2;6.9;5.2;34.8;611.1;9.5;9.8;9.6;8.4;6.6;233.3333333;61.11111111;561.1111111;3.4
5574600;3;7;43;165;3.8;7.3;7.2;5.4;33.9;611.1;9.6;9.9;9.7;8.6;6.6;233.3333333;61.11111111;561.1111111;3.4
5575500;3;7;43;167;3.9;7.3;7.5;5.6;32.8;611.1;9.8;10.1;9.9;8.7;6.6;233.3333333;61.11111111;561.1111111;3.4
5576400;3;7;43;167;4.3;7.7;7.7;6.4;33.2;596.7;10;10.3;10.1;8.8;6.5;236.1111111;55.55555556;466.6666667;3.4
5577300;3;7;43;168;4.3;7.8;8.2;6.5;32.3;594.5;10.2;10.4;10.3;8.8;6.5;236.1111111;55.55555556;466.6666667;3.4
5578200;4;7;43;168;4.3;7.8;8.2;6.5;31.6;594.5;10.2;10.5;10.3;8.8;6.5;236.1111111;55.55555556;466.6666667;3.4
5579100;4;7;43;168;4.3;7.8;8.4;6.5;32.4;594.5;10.2;10.4;10.2;8.8;6.5;236.1111111;55.55555556;466.6666667;3.4
5580000;3;7;43;167;4.3;7.8;8.5;7.1;31.7;512;10;10.2;10.1;8.6;6.5;233.3333333;47.22222222;322.2222222;3.8
5580900;3;7;43;165;4.3;7.8;8.6;7.2;31.6;499.3;9.8;9.9;9.8;8.4;6.5;233.3333333;47.22222222;322.2222222;3.8
5581800;3;6;43;163;4;7.4;8.6;7.3;33;499.3;9.4;9.5;9.4;8.1;6.5;233.3333333;47.22222222;322.2222222;3.8
5582700;2;6;43;159;3.6;6.9;8.7;7.4;32.4;499.3;8.9;9;8.9;7.6;6.5;233.3333333;47.22222222;322.2222222;3.8
5583600;2;5;43;155;3.1;6.4;8.7;7.3;31.5;385.1;8.3;8.4;8.3;7.1;6.8;233.3333333;33.33333333;161.1111111;2.2
5584500;1;5;43;151;2.6;5.7;8.4;7.3;31.1;367.5;7.6;7.6;7.7;6.5;6.8;233.3333333;33.33333333;161.1111111;2.2
5585400;1;4;43;147;1.9;5;8.3;6.9;31.3;367.5;6.9;6.9;6.9;5.8;6.8;233.3333333;33.33333333;161.1111111;2.2
5586300;0;3;43;141;1.2;4.2;8.3;6.5;31;367.5;6.1;6;6.2;5.1;6.8;233.3333333;33.33333333;161.1111111;2.2
5587200;0;2;43;138;0.4;3.3;8.1;6.4;31.7;255.4;5.3;5;5.3;4.2;5.4;230.5555556;8.333333333;22.22222222;1.7
5588100;0;1;43;134;-0.5;2.3;7.7;6.4;31.9;238.2;4.3;3.7;4.2;3.2;5.4;230.5555556;8.333333333;22.22222222;1.7
5589000;-1;0;43;127;-1.4;1.2;7.3;6.4;32.4;238.2;3.3;2.7;3.2;2.1;5.4;230.5555556;8.333333333;22.22222222;1.7
5589900;-3;0;43;121;-2.4;0.2;6.9;6.4;33.1;238.2;2.1;1.7;2.1;1.1;5.4;230.5555556;8.333333333;22.22222222;1.7
5590800;-3;0;43;115;-3.3;-0.8;6.5;5.6;34.4;95.5;1;0.6;1.1;0.1;4.3;227.7777778;0;0;1.3
5591700;-5;-2;42;108;-4.5;-2.2;5.7;5.5;38.3;73.6;-0.3;-0.6;-0.3;-1.1;4.3;227.7777778;0;0;1.3
5592600;-6;-3;42;103;-5.5;-3.3;5;5.7;43.2;73.6;-1.5;-1.8;-1.4;-2.2;4.3;227.7777778;0;0;1.3
5593500;-6;-4;42;100;-6.3;-4.2;4.4;5.9;44.8;73.6;-2.2;-2.7;-2.2;-3;4.3;227.7777778;0;0;1.3
5594400;-7;-5;42;97;-6.9;-4.8;4.3;4.8;44.3;14.7;-2.7;-3.3;-2.8;-3.6;2.6;227.7777778;0;0;1.5
5595300;-8;-5;42;93;-7.2;-5.2;3.7;4.5;46.9;0;-3.3;-3.8;-3.4;-4.1;2.6;227.7777778;0;0;1.5
5596200;-8;-6;42;94;-7.6;-5.7;3.6;4.3;46.5;0;-3.5;-4;-3.6;-4.2;2.6;227.7777778;0;0;1.5
5597100;-8;-6;42;92;-7.9;-6;3.3;4.1;47.2;0;-3.8;-4.3;-3.9;-4.7;2.6;227.7777778;0;0;1.5
5598000;-8;-6;42;92;-8.2;-6.2;3.2;3.1;47.2;0;-3.9;-4.3;-3.9;-4.7;1.8;225;0;0;2.4
5598900;-8;-6;42;92;-8.2;-6.2;2.9;2.8;47.1;0;-4.2;-4.5;-4;-4.4;1.8;225;0;0;2.4
5599800;-8;-6;42;93;-8.2;-6.2;3.1;2.9;44.9;0;-4.2;-4.4;-3.9;-4.5;1.8;225;0;0;2.4
5600700;-8;-6;42;91;-8.2;-6.3;3;3;45.8;0;-4.4;-4.6;-4.1;-5;1.8;225;0;0;2.4
5601600;-9;-7;42;89;-8.6;-6.7;2.6;2.5;47.5;0;-4.7;-5;-4.5;-5.4;1.5;222.2222222;0;0;1.3
5602500;-6;-6;13;24;-5.7;-6.4;2.3;2.4;49;0;-4.5;-5;-4.6;-5.5;1.5;222.2222222;0;0;1.3
5603400;-4;-1;0;0;-4.3;-1.6;2.2;2.2;51.5;0;-3.9;-4.4;-3.8;-5.1;1.5;222.2222222;0;0;1.3
5604300;-6;-4;29;61;-6;-3.3;1.8;2.1;53.6;0;-3.3;-3.7;-3.1;-4.1;1.5;222.2222222;0;0;1.3
5605200;-8;-6;42;89;-8.1;-6.2;1.4;1.4;56.4;0;-4.3;-4.6;-4.4;-4.9;0.2;222.2222222;0;0;1
5606100;-7;-5;7;13;-6.5;-5.8;0.9;1.4;58.5;0;-4.7;-4.8;-4.7;-5.4;0.2;222.2222222;0;0;1
5607000;-6;-2;0;0;-6;-3.2;0.7;1.4;59.6;0;-4.1;-4.3;-4.1;-4.9;0.2;222.2222222;0;0;1
5607900;-7;-4;26;52;-6.4;-4.2;0.5;1.4;60.6;0;-3.5;-4;-3.6;-4.2;0.2;222.2222222;0;0;1
5608800;-8;-7;28;57;-7.8;-6.6;0.3;0.6;60.7;0;-4.7;-5;-4.7;-5.2;-1;219.4444444;0;0;0.9
5609700;-6;-3;0;0;-6.3;-4.3;0.2;0.5;60.6;0;-4.6;-4.8;-4.6;-5.1;-1;219.4444444;0;0;0.9
5610600;-6;-3;0;0;-5.8;-3.2;0.2;0.6;60.3;0;-4;-4.4;-4;-4.7;-1;219.4444444;0;0;0.9
5611500;-6.5;-4.5;6;10.5;-6.45;-4.6;0.05;0.4;61.75;0;-4.45;-4.75;-4.35;-5.05;-1;219.4444444;0;0;0.9
5612400;-7;-6;12;21;-7.1;-6;-0.1;0.2;63.2;0;-4.9;-5.1;-4.7;-5.4;-1.2;219.4444444;0;0;1.9
5613300;-6;-2;0;0;-6.2;-2.5;-0.3;0.1;64.2;0;-4.4;-4.7;-4.2;-5;-1.2;219.4444444;0;0;1.9
5614200;-6;-3;8;19;-6;-3.4;-0.5;0.1;65.1;0;-3.9;-4.3;-3.7;-4.6;-1.2;219.4444444;0;0;1.9
5615100;-8;-7;27;53;-7.6;-6.4;-0.5;0.1;65.1;0;-4.8;-5;-4.7;-5.2;-1.2;219.4444444;0;0;1.9
5616000;-6;-3;0;0;-6.5;-4.5;-0.7;-0.3;65.6;0;-4.8;-5;-4.6;-5.1;-1.8;219.4444444;0;0;2.5
5616900;-6;-3;0;0;-5.9;-3.7;-0.7;-0.4;65.6;0;-4.3;-4.6;-4.1;-4.6;-1.8;219.4444444;0;0;2.5
5617800;-7;-4;22;43;-6.8;-4.8;-0.8;-0.4;65.8;0;-4.2;-4.5;-4;-4.7;-1.8;219.4444444;0;0;2.5
5618700;-7;-6;10;17;-7.2;-6.3;-0.8;-0.4;67.1;0;-5;-5.3;-4.9;-5.3;-1.8;219.4444444;0;0;2.5
5619600;-6;-3;0;0;-6.3;-4.2;-0.9;-0.8;67.8;0;-4.5;-4.9;-4.3;-4.9;-2.3;216.6666667;0;0;2
5620500;-6;-1;3;9;-6;-1.8;-1;-1;68.9;0;-4;-4.5;-3.8;-4.4;-2.3;216.6666667;0;0;2
5621400;-8;-6;32;67;-7.7;-6.3;-1;-1;70.1;0;-4.7;-5;-4.5;-5;-2.3;216.6666667;0;0;2
5622300;-7;-4;0;0;-6.7;-5.1;-1.2;-1;70.8;0;-4.9;-5;-4.6;-5.2;-2.3;216.6666667;0;0;2
5623200;-6;-3;0;0;-6.1;-3.9;-1.3;-1.8;71.1;0;-4.3;-4.7;-4.1;-4.7;-2.6;216.6666667;0;0;2.1
5624100;-7;-4;19;37;-6.8;-4.7;-1.4;-2.1;71.7;0;-4.1;-4.7;-4.1;-4.7;-2.6;216.6666667;0;0;2.1
5625000;-7;-6;10;17;-7.2;-6.4;-1.4;-2.2;71.7;0;-4.8;-5.4;-4.9;-5.2;-2.6;216.6666667;0;0;2.1
5625900;-6;-3;0;0;-6.3;-4.2;-1.1;-2.4;71.5;0;-4.3;-5.1;-4.4;-4.8;-2.6;216.6666667;0;0;2.1
5626800;-6;-4;0;1;-5.9;-3.9;-1.1;-2.5;71.4;0;-3.8;-4.6;-3.8;-4.3;-2.7;213.8888889;0;0;1.3
5627700;-8;-6;35;72;-7.7;-6.2;-1.4;-2.6;72.5;0;-4.5;-5;-4.4;-5;-2.7;213.8888889;0;0;1.3
5628600;-7;-4;0;0;-6.7;-4.8;-1.7;-2.6;72.8;0;-4.8;-5.2;-4.7;-5.2;-2.7;213.8888889;0;0;1.3
5629500;-6;0;0;0;-6.1;-0.3;-1.8;-2.5;73.6;0;-4.4;-4.8;-4.2;-4.7;-2.7;213.8888889;0;0;1.3
5630400;-6;-3;11;25;-6.4;-2.3;-1.9;-2.8;74.4;0;-4.2;-4.7;-4;-4.7;-3.2;216.6666667;0;0;1.9
5631300;-8;-6;16;29;-7.9;-6.7;-1.9;-2.9;74.5;0;-5.2;-5.5;-5.1;-5.5;-3.2;216.6666667;0;0;1.9
5632200;-6;-4;0;0;-6.6;-4.4;-2;-2.9;74.7;0;-4.9;-5.4;-4.7;-5.1;-3.2;216.6666667;0;0;1.9
5633100;-6;-4;0;0;-6.1;-4.1;-1.9;-3;74.5;0;-4.3;-4.9;-4.2;-4.6;-3.2;216.6666667;0;0;1.9
5634000;-7;-4;15;27;-6.5;-4.7;-2.1;-3.1;75;0;-4.2;-4.8;-4.1;-4.7;-3.1;225;11.11111111;13.88888889;1.4
5634900;-8;-6;14;27;-7.7;-6.8;-2.1;-3.1;74.9;0;-5.4;-5.6;-5.2;-5.6;-3.1;225;11.11111111;13.88888889;1.4
5635800;-7;-4;0;0;-6.6;-4.6;-2;-3;75.2;0;-5.1;-5.4;-4.7;-5.2;-3.1;225;11.11111111;13.88888889;1.4
5636700;-6;-4;0;0;-6.1;-4.6;-1.7;-2.9;74.8;0;-4.4;-4.9;-4.2;-4.7;-3.1;225;11.11111111;13.88888889;1.4
5637600;-6;-2;8;22;-6.1;-2.2;-1.8;-2.8;74.7;11.9;-4.1;-4.7;-3.8;-4.4;-2.4;227.7777778;50;127.7777778;1.2
5638500;-8;-6;21;42;-7.8;-6.4;-1.5;-2.7;74.1;17.9;-4.9;-5.3;-4.7;-5.2;-2.4;227.7777778;50;127.7777778;1.2
5639400;-7;-3;0;0;-6.7;-3.2;-1.1;-2.8;73.3;18.3;-4.5;-5.1;-4.4;-5;-2.4;227.7777778;50;127.7777778;1.2
5640300;-6;-3;1;2;-6.1;-2.7;-0.4;-2.9;71.7;19.3;-3.9;-4.6;-3.7;-4.4;-2.4;227.7777778;50;127.7777778;1.2
5641200;-7;-5;42;91;-7.2;-5.1;0.2;-2.2;69.8;91.2;-3.2;-4.1;-3.1;-3.9;-0.5;233.3333333;83.33333333;286.1111111;2.3
5642100;-8;-6;42;93;-7.8;-5.7;1.2;-1.8;65.5;127.1;-3.6;-4.3;-3.5;-4.5;-0.5;233.3333333;83.33333333;286.1111111;2.3
5643000;-8;-6;42;95;-7.9;-5.7;1.7;-1.8;61.4;127.1;-3.3;-3.8;-3.1;-4.3;-0.5;233.3333333;83.33333333;286.1111111;2.3
5643900;-7;-5;42;99;-7.2;-5.3;2.2;-1.8;60.2;127.1;-2.5;-3;-2.5;-3.7;-0.5;233.3333333;83.33333333;286.1111111;2.3
5644800;-6;-4;43;100;-6.6;-4.6;2.6;-0.7;58.9;224.8;-1.9;-2.2;-1.9;-3.1;1.8;241.6666667;130.5555556;444.4444444;3.1
5645700;-6;-4;43;103;-6.1;-4;2.8;-0.2;57.8;273.7;-1.4;-1.6;-1.3;-2.5;1.8;241.6666667;130.5555556;444.4444444;3.1
5646600;-5;-3;43;110;-5.1;-2.9;3.6;-0.7;55.2;273.7;-0.1;-0.3;0;-1.3;1.8;241.6666667;130.5555556;444.4444444;3.1
5647500;-4;-2;43;116;-3.8;-1.4;4.2;-0.9;53;273.7;1.3;1.2;1.3;0.1;1.8;241.6666667;130.5555556;444.4444444;3.1
5648400;-2;0;43;124;-2.6;-0.1;4.8;0.4;51.6;362.6;2.7;2.5;2.7;1.3;4;272.2222222;294.4444444;500;2.7
5649300;-2;0;43;130;-1.6;1.1;5.4;1;51;407.1;3.8;3.6;3.7;2.4;4;272.2222222;294.4444444;500;2.7
5650200;-1;2;43;137;-0.7;2.3;6;1.1;49;400.1;4.8;4.7;4.8;3.5;4;272.2222222;294.4444444;500;2.7
5651100;0;2;43;139;-0.2;2.9;6.4;1.2;48.4;395.4;5.5;5.3;5.4;4.1;4;272.2222222;294.4444444;500;2.7
5652000;0;4;43;151;1.3;4.3;7.7;2.5;45.5;455;7.3;7.1;7.1;5.9;5.4;269.4444444;272.2222222;519.4444444;2.9
5652900;2;6;43;161;3.1;6.3;8.2;3.1;44.2;484.8;9.2;9.1;9;7.7;5.4;269.4444444;272.2222222;519.4444444;2.9
5653800;3;6;43;162;3.6;7.3;8.7;3.3;43.7;483.2;9.3;9.4;9.3;8;5.4;269.4444444;272.2222222;519.4444444;2.9
5654700;2;6;43;155;3.4;6.7;9;3.5;43.3;482.2;8.7;8.6;8.7;7.4;5.4;269.4444444;272.2222222;519.4444444;2.9
5655600;2;5;43;157;3.1;6.3;8.6;5.1;44.2;539.3;8.6;8.7;8.8;7.5;6;252.7777778;155.5555556;583.3333333;2.7
5656500;2;6;43;160;3.4;6.6;8.4;5.1;45.7;539.3;9.1;9.2;9.3;8;6;252.7777778;155.5555556;583.3333333;2.7
5657400;2;5;43;156;3.3;6.5;8.3;5.3;46.5;539.3;8.6;8.6;8.6;7.6;6;252.7777778;155.5555556;583.3333333;2.7
5658300;3;6;43;162;3.5;6.8;8.6;5.5;46.1;539.3;9.4;9.4;9.4;8.4;6;252.7777778;155.5555556;583.3333333;2.7
5659200;3;7;43;168;4.1;7.6;8.9;6.5;44.7;545.1;10.1;10.1;10.1;9;7;250;102.7777778;544.4444444;2.1
5660100;4;7;43;172;4.6;8.1;9.1;6.6;44;545.5;10.6;10.6;10.7;9.5;7;250;102.7777778;544.4444444;2.1
5661000;4;8;43;174;5.1;8.5;9.3;6.6;42.9;545.5;11;11.1;11.1;9.8;7;250;102.7777778;544.4444444;2.1
5661900;4;8;43;173;5.1;8.8;9.1;6.6;43.5;545.5;11.1;11.2;11.2;9.9;7;250;102.7777778;544.4444444;2.1
5662800;4;8;43;174;5.1;8.8;9.3;7.1;43.6;492.6;11.1;11.3;11.3;9.9;7.9;250;94.44444444;441.6666667;1.9
5663700;4;8;43;175;5.1;8.8;9.4;7.2;43.4;484.5;11.4;11.4;11.4;10;7.9;250;94.44444444;441.6666667;1.9
5664600;4;8;43;174;5.6;8.8;9.7;7.2;43.3;484.5;11.4;11.4;11.4;9.9;7.9;250;94.44444444;441.6666667;1.9
5665500;4;8;43;174;5.6;8.8;10.1;7.2;42.3;484.5;11.4;11.4;11.4;9.8;7.9;250;94.44444444;441.6666667;1.9
5666400;4;8;43;172;5.5;8.8;10.3;7.6;41.4;412.6;11;11.1;11.1;9.6;7.6;250;75;305.5555556;1.3
5667300;4;8;43;169;5.1;8.6;10;7.7;42.6;394.6;10.6;10.7;10.7;9.2;7.6;250;75;305.5555556;1.3
5668200;4;7;43;166;4.7;8.1;10.2;7.6;42.5;394.6;10.1;10.1;10.2;8.8;7.6;250;75;305.5555556;1.3
5669100;3;7;43;162;4.3;7.6;10.3;7.5;42.3;394.6;9.6;9.6;9.7;8.4;7.6;250;75;305.5555556;1.3
5670000;3;6;43;158;3.8;7.1;10.3;7.4;40.2;327.5;9;9;9.1;7.8;7.6;250;50;147.2222222;2.2
5670900;2;5;43;153;3.2;6.4;10.2;7.4;40;317.2;8.3;8.2;8.3;7.1;7.6;250;50;147.2222222;2.2
5671800;1;5;43;149;2.5;5.6;10.2;7.6;40.2;317.2;7.5;7.5;7.6;6.4;7.6;250;50;147.2222222;2.2
5672700;1;4;43;144;1.8;4.8;9.8;7.8;40.6;317.2;6.7;6.6;6.7;5.6;7.6;250;50;147.2222222;2.2
5673600;0;3;43;139;1;3.9;9.6;7.1;41.3;204.9;5.8;5.6;5.8;4.7;7;250;11.11111111;19.44444444;2.1
5674500;0;2;43;134;-0.1;2.8;9.3;7;42.1;187.6;4.7;4.3;4.7;3.6;7;250;11.11111111;19.44444444;2.1
5675400;-1;1;43;127;-1;1.6;8.8;6.9;43.2;187.6;3.6;3.1;3.5;2.5;7;250;11.11111111;19.44444444;2.1
5676300;-2;0;43;120;-2.3;0.3;8.1;6.8;45.8;187.6;2.2;1.8;2.1;1.2;7;250;11.11111111;19.44444444;2.1
5677200;-4;0;43;113;-3.5;-1.1;7.4;5.9;48.8;77.8;0.8;0.5;0.7;0;4.9;244.4444444;0;0;2.1
5678100;-5;-2;43;108;-4.5;-2.3;6.7;5.8;52.3;60.9;-0.4;-0.7;-0.5;-1.1;4.9;244.4444444;0;0;2.1
5679000;-5;-3;43;105;-5.2;-3;6.4;6.1;54.4;60.9;-1;-1.3;-1.2;-1.8;4.9;244.4444444;0;0;2.1
5679900;-6;-4;43;100;-5.9;-3.8;5.9;6.6;56.3;60.9;-1.9;-2.2;-2.1;-2.7;4.9;244.4444444;0;0;2.1
5680800;-7;-5;42;96;-6.6;-4.6;5.4;6;58;12.2;-2.6;-3;-2.7;-3.4;4.1;244.4444444;0;0;1.8
5681700;-7;-5;42;94;-6.9;-4.9;4.9;5.8;60.6;0;-2.9;-3.3;-2.9;-3.7;4.1;244.4444444;0;0;1.8
5682600;-7;-5;42;93;-7.3;-5.4;4.6;6;61.9;0;-3.5;-3.7;-3.5;-2.8;4.1;244.4444444;0;0;1.8
5683500;-8;-6;42;91;-7.8;-5.8;4.3;6.3;62.3;0;-4;-4.2;-4;-4.5;4.1;244.4444444;0;0;1.8
5684400;-8;-6;42;90;-8;-6.2;4.1;5.1;63.5;0;-4.2;-4.5;-4.3;-4.8;2.9;238.8888889;0;0;1.3
5685300;-8;-7;42;89;-8.4;-6.6;3.8;5;64.5;0;-4.4;-4.9;-4.6;-5.1;2.9;238.8888889;0;0;1.3
5686200;-9;-7;42;88;-8.4;-6.7;3.6;4.3;65.2;0;-4.6;-5.2;-4.7;-5.3;2.9;238.8888889;0;0;1.3
5687100;-6;-7;16;33;-6.1;-6.6;3.3;3.7;65.8;0;-4.6;-5.1;-4.8;-5.3;2.9;238.8888889;0;0;1.3
5688000;-4;-3;0;0;-4.2;-3.9;3.1;3;66;0;-4;-4.5;-4.1;-4.8;3.3;236.1111111;0;0;2.1
5688900;-6;-4;30;61;-6;-4.5;3;3;66.7;0;-2.7;-3.5;-2.8;-3.5;3.3;236.1111111;0;0;2.1
5689800;-7;-6;42;91;-7.4;-5.5;2.8;3.2;67.7;0;-3.3;-4;-3.5;-4.1;3.3;236.1111111;0;0;2.1
5690700;-8;-6;42;90;-7.9;-6;2.6;3.4;68.2;0;-3.8;-4.6;-4;-4.7;3.3;236.1111111;0;0;2.1
5691600;-8;-7;42;89;-8.4;-6.3;2.4;2.8;69.1;0;-4.3;-5;-4.4;-5.1;2.4;233.3333333;0;0;2.8
5692500;-8;-7;27;54;-7.9;-6.8;2.2;2.8;69.5;0;-4.5;-5.1;-4.7;-5.5;2.4;233.3333333;0;0;2.8
5693400;-6;-3;0;0;-6.1;-4.3;2.1;2.5;70.3;0;-3.9;-4.5;-4.1;-5.2;2.4;233.3333333;0;0;2.8
5694300;-6;-4;17;38;-6.3;-3.9;1.9;2.3;71.5;0;-3;-3.7;-3.1;-4.1;2.4;233.3333333;0;0;2.8
5695200;-7;-5;42;92;-7.3;-5.3;1.7;1.6;71.5;0;-3.4;-3.9;-3.5;-4.1;1.2;230.5555556;0;0;2.8
5696100;-8;-6;42;89;-8.1;-6.2;1.6;1.5;72;0;-4.2;-4.6;-4.3;-5;1.2;230.5555556;0;0;2.8
5697000;-8;-6;19;38;-7.5;-6.7;1.5;2.1;71.9;0;-4.6;-5.1;-4.7;-5.6;1.2;230.5555556;0;0;2.8
5697900;-7;-4;17;37;-6.95;-4.05;1.3;1.2;72.4;0;-3.9;-4.55;-4.05;-4.95;1.2;230.5555556;0;0;2.8
5698800;-6;-2;15;36;-6.4;-1.4;1.1;0.3;72.9;0;-3.2;-4;-3.4;-4.3;0.5;227.7777778;0;0;2.4
5699700;-8;-6;42;89;-7.8;-5.9;0.8;0.1;73.1;0;-3.9;-4.5;-4;-4.6;0.5;227.7777778;0;0;2.4
5700600;-8;-7;21;43;-7.7;-6.8;0.7;0.1;73.1;0;-4.6;-5.2;-4.7;-5.4;0.5;227.7777778;0;0;2.4
5701500;-6;-3;0;0;-6.4;-4;0.6;0.1;73.1;0;-4.1;-4.9;-4.3;-5.1;0.5;227.7777778;0;0;2.4
5702400;-6;-3;4;10;-6.1;-3.7;0.5;-0.3;73.7;0;-3.6;-4.4;-3.7;-4.6;-1.1;225;0;0;2.4
5703300;-8;-6;42;87;-7.7;-5.9;0.3;-0.4;74.5;0;-4.1;-4.6;-4.1;-4.7;-1.1;225;0;0;2.4
5704200;-7;-5;5;9;-7;-5.9;0.2;-0.4;74.8;0;-4.8;-5;-4.7;-5.4;-1.1;225;0;0;2.4
5705100;-6;-3;0;0;-6.2;-3.9;0.1;-0.4;74.8;0;-4.2;-4.6;-4.2;-4.9;-1.1;225;0;0;2.4
5706000;-6;-4;14;29;-6.4;-4.1;0;-0.9;75.4;0;-3.8;-4.2;-3.7;-4.5;-1.1;219.4444444;0;0;2
5706900;-8;-6;27;54;-7.8;-6.4;-0.2;-1;76.1;0;-4.7;-5;-4.6;-5.2;-1.1;219.4444444;0;0;2
5707800;-7;-3;0;0;-6.6;-3.4;-0.2;-1;76.7;0;-4.6;-4.9;-4.5;-5.2;-1.1;219.4444444;0;0;2
5708700;-6;-3;0;0;-6;-3;-0.2;-1;76.8;0;-4;-4.4;-3.9;-4.7;-1.1;219.4444444;0;0;2
5709600;-7;-5;34;70;-7.2;-5.1;0.1;-0.5;75.1;0;-3.8;-4.3;-3.8;-4.5;-2.1;219.4444444;0;0;1.2
5710500;-8;-6;21;40;-7.7;-6.6;0.1;-0.4;73.8;0;-4.7;-5.1;-4.8;-5.3;-2.1;219.4444444;0;0;1.2
5711400;-6;-3;0;0;-6.6;-4.4;0.1;-1;72.6;0;-4.4;-4.7;-4.4;-5;-2.1;219.4444444;0;0;1.2
5712300;-6;-3;0;0;-6;-3.7;0;-1.6;72.6;0;-3.9;-4.4;-4;-4.5;-2.1;219.4444444;0;0;1.2
5713200;-8;-5;35;72;-7.5;-5.6;-0.3;-1.7;73.1;0;-4.2;-4.6;-4.1;-4.8;-2.9;219.4444444;0;0;1.6
5714100;-7;-6;6;11;-7.3;-6;-0.5;-1.7;74.1;0;-4.8;-5.1;-4.8;-5.3;-2.9;219.4444444;0;0;1.6
5715000;-6;-2;0;0;-6.5;-3.5;-0.6;-1.6;75.4;0;-4.2;-4.7;-4.2;-4.9;-2.9;219.4444444;0;0;1.6
5715900;-7;-2;18;40;-6.5;-1.9;-0.4;-1.4;75;0;-3.7;-4.2;-3.7;-4.3;-2.9;219.4444444;0;0;1.6
5716800;-8;-6;36;73;-8.1;-6.4;-0.4;-1.6;74.5;0;-4.5;-4.9;-4.6;-5;-2.6;219.4444444;0;0;1.3
5717700;-7;-4;0;0;-6.9;-5.4;-0.5;-1.7;74.8;0;-4.5;-5;-4.6;-5.2;-2.6;219.4444444;0;0;1.3
5718600;-6;-3;0;0;-6.2;-3.9;-0.4;-2;75.1;0;-4;-4.6;-4.1;-4.7;-2.6;219.4444444;0;0;1.3
5719500;-7;-5;23;46;-6.9;-4.8;-0.6;-2.5;74.8;0;-3.8;-4.5;-4;-4.5;-2.6;219.4444444;0;0;1.3
5720400;-7;-6;13;24;-7.5;-6.5;-0.9;-2.7;75.8;0;-4.8;-5.3;-4.9;-5.4;-2.9;219.4444444;13.88888889;16.66666667;1.5
5721300;-6;-4;0;0;-6.6;-4.4;-0.9;-2.7;76.4;0;-4.4;-5;-4.4;-5;-2.9;219.4444444;13.88888889;16.66666667;1.5
5722200;-6;-4;0;0;-6;-4;-1.1;-2.9;76.7;0;-3.9;-4.6;-4;-4.5;-2.9;219.4444444;13.88888889;16.66666667;1.5
5723100;-7;-6;28;54;-7.5;-5.8;-1.2;-3.2;76.5;0;-4.4;-5;-4.5;-5;-2.9;219.4444444;13.88888889;16.66666667;1.5
5724000;-7;-2;0;0;-7.1;-2.8;-1.2;-3;77.3;5.2;-4.8;-5.4;-4.9;-5.2;-2.2;219.4444444;58.33333333;136.1111111;1.7
5724900;-6;0;0;0;-6.3;-1;-0.9;-3;77.1;6.5;-4.1;-4.9;-4.3;-4.7;-2.2;219.4444444;58.33333333;136.1111111;1.7
5725800;-7;-2;18;42;-6.5;-2.9;-0.4;-2.8;76.5;6.9;-3.5;-4.5;-3.6;-4.2;-2.2;219.4444444;58.33333333;136.1111111;1.7
5726700;-8;-6;42;88;-8;-6.1;0.4;-2.5;74.3;7.8;-4.2;-4.8;-4.1;-4.8;-2.2;219.4444444;58.33333333;136.1111111;1.7
5727600;-9;-7;42;87;-8.4;-6.8;0.9;-1.8;73.5;75.8;-4.5;-5.1;-4.4;-5.3;-1;222.2222222;88.88888889;297.2222222;2.2
5728500;-9;-7;42;89;-8.4;-6.8;1.5;-1.6;71.8;100.5;-4.3;-4.9;-4.2;-5.2;-1;222.2222222;88.88888889;297.2222222;2.2
5729400;-8;-6;42;94;-8.1;-6.2;1.7;-1.6;69;100.5;-3.4;-3.9;-3.4;-4.5;-1;222.2222222;88.88888889;297.2222222;2.2
5730300;-7;-5;42;98;-7.2;-5.2;1.9;-1.6;67.8;100.5;-2.5;-2.8;-2.5;-3.6;-1;222.2222222;88.88888889;297.2222222;2.2
5731200;-6;-4;43;101;-6.3;-4.3;2.3;-0.9;67.2;201.4;-1.6;-1.8;-1.6;-2.7;1.2;227.7777778;105.5555556;441.6666667;2.4
5732100;-5;-3;43;105;-5.6;-3.4;2.7;-0.5;65.3;251.8;-0.7;-0.9;-0.7;-1.9;1.2;227.7777778;105.5555556;441.6666667;2.4
5733000;-5;-2;43;109;-4.7;-2.5;3.5;-0.9;63.8;251.8;0.2;0;0.2;-1.1;1.2;227.7777778;105.5555556;441.6666667;2.4
5733900;-4;-2;43;113;-3.9;-1.5;3.7;-1.1;62;251.8;1.2;1;1.2;-0.2;1.2;227.7777778;105.5555556;441.6666667;2.4
5734800;-3;-1;43;120;-3.1;-0.6;3.9;0.5;60.9;371;2.1;2;2.1;0.7;2.4;230.5555556;113.8888889;550;2.1
5735700;-2;0;43;125;-2.2;0.3;4;0.5;60;371;3;2.9;3;1.5;2.4;230.5555556;113.8888889;550;2.1
5736600;-2;1;43;131;-1.4;1.3;4.7;0.4;58.4;374.4;4.1;4.1;4.1;2.6;2.4;230.5555556;113.8888889;550;2.1
5737500;-1;2;43;137;-0.5;2.4;5.1;0.4;56.6;377.4;5.1;5.1;5.1;3.6;2.4;230.5555556;113.8888889;550;2.1
5738400;0;3;43;144;0.5;3.5;5.5;1.8;55.1;461.2;6.2;6.2;6.3;4.7;3.9;236.1111111;130.5555556;594.4444444;2
5739300;1;4;43;148;1.4;4.5;5.6;1.9;54.9;467.2;7.1;7.2;7.2;5.8;3.9;236.1111111;130.5555556;594.4444444;2
5740200;1;5;43;152;2.1;5.2;5.7;2.2;54.5;467.6;7.8;7.9;7.9;6.6;3.9;236.1111111;130.5555556;594.4444444;2
5741100;2;5;43;155;2.7;5.9;6.2;2.7;52.4;468.1;8.5;8.5;8.5;7.3;3.9;236.1111111;130.5555556;594.4444444;2
5742000;2;6;43;158;3.3;6.5;6.7;3.8;49.3;525.6;9.1;9.1;9.1;7.9;4.6;238.8888889;138.8888889;586.1111111;1.4
5742900;3;6;43;161;3.6;7;6.7;4.1;48.5;540;9.4;9.6;9.5;8.4;4.6;238.8888889;138.8888889;586.1111111;1.4
5743800;3;7;43;162;4;7.2;7;4;48.4;540;9.8;9.7;9.7;8.6;4.6;238.8888889;138.8888889;586.1111111;1.4
5744700;3;7;43;163;4.1;7.6;7.2;3.8;46.6;540;9.8;9.9;9.9;8.8;4.6;238.8888889;138.8888889;586.1111111;1.4
5745600;3;7;43;163;4.1;7.7;7.1;4.5;44.8;547.1;10;10;10;8.9;6.1;244.4444444;158.3333333;519.4444444;1.9
5746500;4;7;43;166;4.3;7.7;7.2;4.7;45.3;548.9;10.2;10.3;10.2;9.1;6.1;244.4444444;158.3333333;519.4444444;1.9
5747400;4;7;43;166;4.6;7.7;7.6;4.7;44.1;548.9;10.2;10.3;10.2;9.1;6.1;244.4444444;158.3333333;519.4444444;1.9
5748300;4;7;43;166;4.6;7.7;7.7;4.8;42.2;548.9;10.3;10.3;10.3;9.1;6.1;244.4444444;158.3333333;519.4444444;1.9
5749200;4;7;43;166;4.6;7.7;8.3;5.5;41.6;507.9;10.4;10.4;10.4;9.1;7;247.2222222;158.3333333;430.5555556;1.9
5750100;4;7;43;168;4.6;8.1;8.6;5.7;38.8;497.6;10.6;10.7;10.6;9.2;7;247.2222222;158.3333333;430.5555556;1.9
5751000;4;8;43;168;4.6;8.2;8.7;5.7;36.7;497.6;10.8;10.8;10.7;9.4;7;247.2222222;158.3333333;430.5555556;1.9
5751900;4;8;43;169;5.1;8.2;9.3;5.7;37.6;497.6;10.8;10.8;10.8;9.4;7;247.2222222;158.3333333;430.5555556;1.9
5752800;4;7;43;167;5.1;8.2;9.5;6;37.1;428.6;10.5;10.5;10.5;9.1;6.5;247.2222222;130.5555556;241.6666667;2.4
5753700;4;7;43;165;4.6;8.2;9.1;6.1;37;411.3;10.2;10.2;10.2;8.8;6.5;247.2222222;130.5555556;241.6666667;2.4
5754600;3;7;43;161;4.3;7.6;9.3;6.3;36.3;411.3;9.6;9.6;9.6;8.3;6.5;247.2222222;130.5555556;241.6666667;2.4
5755500;2;6;43;155;3.6;6.8;9;6.5;35.4;411.3;8.7;8.7;8.8;7.5;6.5;247.2222222;130.5555556;241.6666667;2.4
5756400;2;5;43;150;2.8;5.9;8.9;6.4;36;325.5;7.8;7.8;7.8;6.7;6.4;244.4444444;69.44444444;113.8888889;2.1
5757300;1;4;43;145;1.9;5;8.7;6.4;37;304;6.8;6.8;6.9;5.7;6.4;244.4444444;69.44444444;113.8888889;2.1
5758200;0;3;43;140;1;4;8.6;6.6;38;304;5.9;5.7;5.9;4.8;6.4;244.4444444;69.44444444;113.8888889;2.1
5759100;0;2;43;135;0.2;3;8.4;6.9;38.4;304;4.9;4.8;5;3.9;6.4;244.4444444;69.44444444;113.8888889;2.1
5760000;0;1;43;130;-0.6;2.1;8.2;6.5;38.6;217.5;4;3.8;4.1;3;5.9;244.4444444;13.88888889;19.44444444;0.9
5760900;-1;0;43;126;-1.4;1.2;8;6.4;39.7;195.9;3.2;2.9;3.2;2.2;5.9;244.4444444;13.88888889;19.44444444;0.9
5761800;-2;0;43;121;-2.1;0.4;7.6;6.2;41.4;195.9;2.3;2;2.2;1.3;5.9;244.4444444;13.88888889;19.44444444;0.9
5762700;-3;0;43;115;-3;-0.6;7.2;6;43.2;195.9;1.4;1.1;1.2;0.4;5.9;244.4444444;13.88888889;19.44444444;0.9
5763600;-4;-1;43;110;-3.9;-1.6;6.7;5.7;45.3;90.1;0.4;0.1;0.1;-0.5;4.5;241.6666667;0;0;1.3
5764500;-5;-3;43;106;-4.7;-2.5;6.3;5.6;47.5;51.6;-0.4;-0.8;-0.7;-1.3;4.5;241.6666667;0;0;1.3
5765400;-5;-3;43;103;-5.3;-3.1;5.9;5.7;50.3;51.6;-1;-1.5;-1.2;-1.9;4.5;241.6666667;0;0;1.3
5766300;-6;-3;43;102;-5.4;-3.3;5.8;5.9;52.4;51.6;-1.3;-1.8;-1.4;-2.1;4.5;241.6666667;0;0;1.3
5767200;-6;-4;43;99;-5.9;-3.8;5.3;5.5;55.2;13.8;-1.7;-2.2;-1.8;-2.6;3.4;238.8888889;0;0;1.6
5768100;-6;-4;43;98;-5.9;-3.8;5.6;5.3;55.9;0;-1.6;-2.1;-1.7;-2.6;3.4;238.8888889;0;0;1.6
5769000;-6;-4;43;99;-5.9;-3.8;5.4;5.3;57.4;0;-1.7;-2.3;-1.8;-2.7;3.4;238.8888889;0;0;1.6
5769900;-6;-4;42;97;-6.3;-4.2;5;5.3;59.7;0;-2.1;-2.6;-2.1;-3.1;3.4;238.8888889;0;0;1.6
5770800;-7;-5;42;94;-6.6;-4.6;4.5;4.6;61.6;0;-2.6;-2.9;-2.7;-3.5;2.7;238.8888889;0;0;1.4
5771700;-7;-5;42;91;-7.2;-5.3;3.9;4.4;63.6;0;-3.5;-3.6;-3.4;-4.2;2.7;238.8888889;0;0;1.4
5772600;-8;-6;42;90;-7.8;-5.8;3.5;4.1;65.7;0;-3.9;-4.2;-3.9;-4.6;2.7;238.8888889;0;0;1.4
5773500;-8;-6;42;89;-7.9;-6.3;3.4;3.6;66.8;0;-4;-4.3;-4;-4.8;2.7;238.8888889;0;0;1.4
5774400;-8;-6;42;91;-7.9;-6.3;4.1;3;64.2;0;-3.7;-4.1;-3.6;-4.6;2.9;238.8888889;0;0;1.3
5775300;-8;-6;42;88;-7.9;-6.3;3.9;2.8;64.9;0;-4;-4.4;-4;-5;2.9;238.8888889;0;0;1.3
5776200;-8;-6;42;85;-8.3;-6.3;3.5;2.7;66;0;-4.3;-4.6;-4.2;-4.6;2.9;238.8888889;0;0;1.3
5777100;-8;-7;42;86;-8.4;-6.5;3.1;2.6;66.9;0;-4.5;-4.8;-4.5;-5.4;2.9;238.8888889;0;0;1.3
5778000;-7;-7;20;40;-6.6;-6.8;2.9;2.2;68.6;0;-4.7;-4.9;-4.7;-5.6;2.2;238.8888889;0;0;1.1
5778900;-4;-4;0;0;-4.2;-4.2;2.7;2.1;68.9;0;-4.1;-4.2;-4;-5.2;2.2;238.8888889;0;0;1.1
5779800;-6;-4;27;60;-5.7;-4.3;2.7;2.1;69.7;0;-2.8;-3.2;-2.7;-3.6;2.2;238.8888889;0;0;1.1
5780700;-7;-5;42;90;-7.3;-5.4;2.4;2.2;70.5;0;-3.5;-3.9;-3.5;-4.1;2.2;238.8888889;0;0;1.1
5781600;-8;-6;42;88;-7.9;-6.1;2.2;1.9;71.5;0;-4.1;-4.5;-4.2;-4.8;1.1;236.1111111;0;0;0.7
5782500;-8;-7;30;57;-7.8;-6.7;2.1;1.8;71.5;0;-4.7;-5;-4.7;-5.5;1.1;236.1111111;0;0;0.7
5783400;-6;-3;0;0;-6.3;-4.5;1.9;2;71.8;0;-4.4;-4.6;-4.3;-5.3;1.1;236.1111111;0;0;0.7
5784300;-6.5;-4;20;43;-6.7;-4.7;1.7;1.35;72.75;0;-3.9;-4.2;-3.85;-4.7;1.1;236.1111111;0;0;0.7
5785200;-7;-5;40;86;-7.1;-4.9;1.5;0.7;73.7;0;-3.4;-3.8;-3.4;-4.1;0.4;233.3333333;0;0;0.6
5786100;-8;-6;40;78;-8.1;-6.4;1.3;0.1;74.2;0;-4.6;-4.8;-4.6;-5.2;0.4;233.3333333;0;0;0.6
5787000;-7;-4;0;0;-6.6;-5.5;1.2;0.1;74.7;0;-4.6;-4.9;-4.6;-5.4;0.4;233.3333333;0;0;0.6
5787900;-6;-3;0;0;-6.1;-3.7;1.1;0.1;74.7;0;-4.2;-4.4;-4;-4.9;0.4;233.3333333;0;0;0.6
5788800;-7;-4;25;52;-6.7;-4.6;0.9;-0.3;75.4;0;-3.7;-4;-3.5;-4.5;-0.9;233.3333333;0;0;0.5
5789700;-8;-7;36;68;-8;-6.5;0.8;-0.4;75.6;0;-4.7;-4.9;-4.6;-5.3;-0.9;233.3333333;0;0;0.5
5790600;-7;-4;0;0;-6.8;-5.2;0.7;-0.4;76;0;-4.7;-4.8;-4.6;-5.4;-0.9;233.3333333;0;0;0.5
5791500;-6;-3;0;0;-6.2;-3.7;0.6;-0.4;76.4;0;-4.2;-4.4;-4;-4.9;-0.9;233.3333333;0;0;0.5
5792400;-7;-4;25;52;-6.7;-4.6;0.5;-0.8;77;0;-3.8;-4.1;-3.6;-4.5;-1.3;238.8888889;0;0;0.8
5793300;-8;-6;27;52;-7.8;-6.5;0.5;-1;77.3;0;-4.8;-4.9;-4.7;-5.4;-1.3;238.8888889;0;0;0.8
5794200;-7;-3;0;0;-6.7;-3.4;0.4;-1;77.9;0;-4.5;-4.7;-4.4;-5.2;-1.3;238.8888889;0;0;0.8
5795100;-6;-3;0;0;-6;-3.2;0.3;-1;77.8;0;-4;-4.3;-3.9;-4.8;-1.3;238.8888889;0;0;0.8
5796000;-7;-5;32;66;-7.1;-5.1;0.3;-0.7;77.6;0;-3.9;-4.2;-3.8;-4.5;-1.4;236.1111111;0;0;0.5
5796900;-8;-6;18;35;-7.7;-6.5;0.2;-0.5;78;0;-4.9;-5.1;-4.8;-5.5;-1.4;236.1111111;0;0;0.5
5797800;-7;-3;0;0;-6.6;-4.4;0.2;-0.7;78.1;0;-4.5;-4.8;-4.3;-5.1;-1.4;236.1111111;0;0;0.5
5798700;-6;-3;0;0;-6;-3.9;0.1;-1.3;78.8;0;-3.9;-4.4;-3.8;-4.7;-1.4;236.1111111;0;0;0.5
5799600;-8;-6;39;80;-7.7;-5.6;0.1;-1.3;78.7;0;-4.1;-4.5;-4.1;-4.7;-1.5;238.8888889;0;0;0.8
5800500;-7;-6;6;14;-7.4;-6.1;0;-1.3;78.5;0;-4.8;-5.1;-4.7;-5.4;-1.5;238.8888889;0;0;0.8
5801400;-6;-2;0;0;-6.4;-3.6;-0.2;-1.3;79;0;-4.3;-4.8;-4.2;-5;-1.5;238.8888889;0;0;0.8
5802300;-6;0;7;18;-6.2;-0.8;-0.2;-1.4;79;0;-3.8;-4.4;-3.8;-4.6;-1.5;238.8888889;0;0;0.8
5803200;-8;-7;31;61;-8.1;-6.4;-0.2;-1.5;79.1;0;-4.5;-5;-4.6;-5.2;-1.9;238.8888889;0;0;1.3
5804100;-7;-4;0;0;-6.9;-5.3;-0.3;-1.5;79.5;0;-4.7;-5.1;-4.6;-5.2;-1.9;238.8888889;0;0;1.3
5805000;-6;-3;0;0;-6.2;-4;-0.2;-1.6;79.5;0;-4.1;-4.6;-4;-4.8;-1.9;238.8888889;0;0;1.3
5805900;-7;-4;23;47;-6.9;-4.8;-0.3;-1.7;79.5;0;-3.9;-4.5;-3.8;-4.6;-1.9;238.8888889;0;0;1.3
5806800;-8;-6;17;31;-7.6;-6.6;-0.3;-1.7;79.6;0;-4.8;-5.2;-4.7;-5.3;-2.2;247.2222222;13.88888889;13.88888889;2.5
5807700;-7;-3;0;0;-6.6;-4.6;-0.4;-1.7;80;0;-4.4;-5;-4.3;-5;-2.2;247.2222222;13.88888889;13.88888889;2.5
5808600;-6;-3;0;0;-6.1;-4;-0.3;-1.7;80.3;0;-3.9;-4.6;-3.8;-4.5;-2.2;247.2222222;13.88888889;13.88888889;2.5
5809500;-8;-6;40;79;-7.8;-5.8;-0.2;-1.6;80.3;0;-4.2;-4.8;-4.1;-4.9;-2.2;247.2222222;13.88888889;13.88888889;2.5
5810400;-7;-3;5;6;-7.3;-3.7;0;-1.5;80;3.9;-4.8;-5.1;-4.6;-5.4;-2.1;252.7777778;88.88888889;94.44444444;1.6
5811300;-6;-2;0;0;-6.4;-1.5;0.2;-1.5;79.7;5.8;-4.2;-4.6;-4;-4.9;-2.1;252.7777778;88.88888889;94.44444444;1.6
5812200;-6;-4;23;52;-6.6;-3.3;0.5;-1.6;79.3;5.8;-3.5;-4;-3.3;-4.2;-2.1;252.7777778;88.88888889;94.44444444;1.6
5813100;-8;-6;42;87;-7.8;-6;0.9;-1.8;78.1;5.9;-4.1;-4.5;-4;-4.7;-2.1;252.7777778;88.88888889;94.44444444;1.6
5814000;-8;-7;42;86;-8.4;-6.5;1.3;-1.3;76.4;37.6;-4.6;-4.9;-4.5;-5.3;-0.6;269.4444444;175;188.8888889;1.2
5814900;-9;-7;42;85;-8.5;-6.9;1.9;-1;74.9;53.4;-4.7;-4.9;-4.6;-5.5;-0.6;269.4444444;175;188.8888889;1.2
5815800;-9;-7;42;87;-8.5;-6.9;2.6;-1.3;72.6;53.4;-4.4;-4.6;-4.3;-5.4;-0.6;269.4444444;175;188.8888889;1.2
5816700;-8;-6;42;90;-8.2;-6.3;3.3;-1.5;70.3;53.4;-3.8;-4;-3.6;-4.8;-0.6;269.4444444;175;188.8888889;1.2
5817600;-7;-5;42;92;-7.7;-5.9;3.8;-0.4;68.8;138.4;-3.4;-3.5;-3.2;-4.4;1.3;280.5555556;261.1111111;297.2222222;1.5
5818500;-7;-5;42;93;-7.5;-5.5;4.2;-0.4;67.7;138.4;-3;-3.2;-2.9;-4;1.3;280.5555556;261.1111111;297.2222222;1.5
5819400;-7;-4;42;98;-6.8;-4.8;5;-0.8;65.9;138.4;-2.2;-2.3;-2.1;-3.3;1.3;280.5555556;261.1111111;297.2222222;1.5
5820300;-6;-4;43;101;-5.9;-3.9;5.6;-1.1;63.5;138.4;-1.3;-1.4;-1.2;-2.4;1.3;280.5555556;261.1111111;297.2222222;1.5
5821200;-5;-2;43;107;-5;-2.8;5.7;0.3;62.6;211.9;-0.1;-0.3;-0.1;-1.3;3;288.8888889;300;336.1111111;2.2
5822100;-4;-2;43;112;-4.2;-1.9;6.5;0.4;60.9;217.2;0.8;0.6;0.8;-0.4;3;288.8888889;300;336.1111111;2.2
5823000;-3;-2;43;114;-3.7;-1.3;7;0.5;59.5;211.3;1.3;1.2;1.3;0.1;3;288.8888889;300;336.1111111;2.2
5823900;-3;-1;43;117;-3.2;-0.8;7.2;0.6;58.1;204.6;1.8;1.7;1.9;0.6;3;288.8888889;300;336.1111111;2.2
5824800;-2;0;43;120;-2.7;-0.2;7.7;1.8;57.4;334.7;2.4;2.3;2.4;1.2;4.6;294.4444444;311.1111111;344.4444444;2
5825700;-2;0;43;123;-2.2;0.3;8;2;56;354.7;3;2.9;3;1.7;4.6;294.4444444;311.1111111;344.4444444;2
5826600;-2;0;43;127;-1.7;0.9;8.2;2.2;55.1;349.8;3.5;3.4;3.5;2.3;4.6;294.4444444;311.1111111;344.4444444;2
5827500;-2;1;43;130;-1.2;1.4;8.6;2.6;54.1;342.5;4.1;4;4;2.9;4.6;294.4444444;311.1111111;344.4444444;2
5828400;-1;1;43;130;-0.8;1.9;9.1;3.6;52.1;372.2;4.4;4.4;4.4;3.3;5.6;294.4444444;316.6666667;397.2222222;2.5
5829300;0;1;43;133;-0.5;2.1;8.8;3.9;52.5;379.6;4.6;4.6;4.6;3.5;5.6;294.4444444;316.6666667;397.2222222;2.5
5830200;0;2;43;137;-0.3;2.5;9.6;4;50.6;379.6;5.1;5.1;5.1;4;5.6;294.4444444;316.6666667;397.2222222;2.5
5831100;0;3;43;141;0.3;3.2;9.9;4.1;47.8;379.6;5.8;5.8;5.8;4.6;5.6;294.4444444;316.6666667;397.2222222;2.5
5832000;0;3;43;146;1;4;10.2;4.8;45.5;381.4;6.7;6.6;6.6;5.5;6.4;297.2222222;277.7777778;352.7777778;2
5832900;1;4;43;150;1.8;4.8;10.2;5;43.1;382;7.4;7.4;7.3;6.2;6.4;297.2222222;277.7777778;352.7777778;2
5833800;1;5;43;153;2.3;5.4;10.4;5.3;42.5;382;8.1;8.1;8.1;6.9;6.4;297.2222222;277.7777778;352.7777778;2
5834700;2;5;43;156;3;6.1;10.6;5.4;42.1;382;8.6;8.6;8.6;7.3;6.4;297.2222222;277.7777778;352.7777778;2
5835600;2;5;43;151;2.8;5.9;10.5;5.9;41.9;365.7;7.9;7.9;7.9;6.7;6.4;305.5555556;225;238.8888889;2.1
5836500;1;5;43;150;2.5;5.5;10.5;6.1;42.4;357.5;7.6;7.5;7.6;6.4;6.4;305.5555556;225;238.8888889;2.1
5837400;1;4;43;148;2;5.1;10.4;6.2;42.2;357.5;7.4;7.3;7.3;6.2;6.4;305.5555556;225;238.8888889;2.1
5838300;1;4;43;149;2;5.1;10.5;6.2;42.9;357.5;7.4;7.4;7.4;6.2;6.4;305.5555556;225;238.8888889;2.1
5839200;1;4;43;146;2;5;10.3;6.4;44.2;259.4;7;6.9;7;5.9;6.6;302.7777778;180.5555556;188.8888889;2.9
5840100;1;4;43;148;2;4.7;10.5;6.4;45.1;259.4;7.2;7.2;7.2;6.1;6.6;302.7777778;180.5555556;188.8888889;2.9
5841000;1;4;43;145;1.8;4.8;10.4;6.5;44.6;259.4;6.7;6.7;6.7;5.6;6.6;302.7777778;180.5555556;188.8888889;2.9
5841900;0;3;43;141;1.1;4;9.9;6.5;45.2;259.4;5.9;5.9;5.9;4.9;6.6;302.7777778;180.5555556;188.8888889;2.9
5842800;0;2;43;138;0.5;3.2;9.8;6.4;45.4;197.2;5.3;5.1;5.2;4.2;6.4;305.5555556;61.11111111;63.88888889;2.9
5843700;0;2;43;136;0;2.8;9.7;6.4;45.7;192.8;4.8;4.7;4.8;3.7;6.4;305.5555556;61.11111111;63.88888889;2.9
5844600;0;1;43;133;-0.6;2.3;9.6;6.3;46.1;192.8;4.2;4.1;4.2;3.1;6.4;305.5555556;61.11111111;63.88888889;2.9
5845500;0;1;43;128;-1;1.6;9.1;6.2;47.4;192.8;3.7;3.6;3.6;2.6;6.4;305.5555556;61.11111111;63.88888889;2.9
5846400;-2;0;43;124;-1.6;1;8.9;5.8;48.6;117.8;2.9;2.8;2.9;1.9;6.1;313.8888889;8.333333333;8.333333333;2.7
5847300;-3;0;43;120;-2.5;0;9.1;5.7;49;99.1;1.9;1.8;1.9;1;6.1;313.8888889;8.333333333;8.333333333;2.7
5848200;-3;0;43;115;-3.2;-0.8;9;5.8;49.7;99.1;1.1;0.9;1.1;0.2;6.1;313.8888889;8.333333333;8.333333333;2.7
5849100;-4;-1;43;111;-3.9;-1.7;8.9;6;50.4;99.1;0.3;0.1;0.3;-0.5;6.1;313.8888889;8.333333333;8.333333333;2.7
5850000;-5;-2;43;109;-4.5;-2.1;8.8;5.5;50.9;40.1;-0.2;-0.3;-0.2;-1;5.8;313.8888889;0;0;2.1
5850900;-5;-2;43;107;-4.7;-2.5;8.5;5.4;51.3;25.3;-0.5;-0.7;-0.5;-1.4;5.8;313.8888889;0;0;2.1
5851800;-5;-3;43;106;-5;-2.9;8.3;5.6;50.7;25.3;-0.7;-0.9;-0.7;-1.5;5.8;313.8888889;0;0;2.1
5852700;-5;-3;43;107;-5;-2.9;8.1;5.8;50.1;25.3;-0.6;-0.9;-0.7;-1.5;5.8;313.8888889;0;0;2.1
5853600;-5;-3;43;108;-5;-2.9;8;5.6;50.2;5.1;-0.4;-0.7;-0.5;-1.2;5.4;319.4444444;0;0;1.9
5854500;-5;-2;43;108;-5;-2.9;7.8;5.5;52.6;0;-0.2;-0.6;-0.3;-1;5.4;319.4444444;0;0;1.9
5855400;-5;-3;43;107;-5;-2.9;7.8;5.6;53.5;0;-0.5;-0.8;-0.7;-1.4;5.4;319.4444444;0;0;1.9
5856300;-5;-3;43;105;-5;-2.9;7.8;5.8;53.8;0;-0.8;-1.1;-0.9;-1.8;5.4;319.4444444;0;0;1.9
5857200;-5;-3;43;105;-5;-2.9;7.7;5.4;55.4;0;-0.8;-1;-0.8;-1.7;4.7;313.8888889;0;0;2.5
5858100;-5;-3;43;108;-5;-2.8;7.5;5.3;58.6;0;-0.3;-0.6;-0.3;-1.3;4.7;313.8888889;0;0;2.5
5859000;-5;-2;43;108;-5;-2.4;7.2;5.4;62.8;0;-0.2;-0.4;-0.2;-1.2;4.7;313.8888889;0;0;2.5
5859900;-5;-2;43;107;-5;-2.4;7.1;5.5;64;0;-0.5;-0.7;-0.3;-1.3;4.7;313.8888889;0;0;2.5
5860800;-5;-3;43;107;-5;-2.4;7.1;5.2;63.7;0;-0.6;-0.7;-0.4;-1.4;4.5;308.3333333;0;0;2.3
5861700;-5;-2;43;109;-5;-2.4;6.9;5.1;65.4;0;-0.3;-0.5;-0.2;-1.2;4.5;308.3333333;0;0;2.3
5862600;-5;-3;43;105;-5;-2.5;6.8;5.1;65.5;0;-0.5;-0.7;-0.4;-1.4;4.5;308.3333333;0;0;2.3
5863500;-5;-3;43;106;-5;-2.9;6.9;5.2;65;0;-0.5;-0.8;-0.5;-1.4;4.5;308.3333333;0;0;2.3
5864400;-5;-3;43;107;-5;-2.9;7;4.9;64.8;0;-0.6;-0.9;-0.6;-1.5;4.3;311.1111111;0;0;1.8
5865300;-5;-3;43;105;-5;-2.9;6.8;4.8;65.5;0;-0.8;-1.1;-0.8;-1.8;4.3;311.1111111;0;0;1.8
5866200;-5;-3;43;106;-5;-2.9;6.8;4.7;65.8;0;-0.6;-1.1;-0.7;-1.7;4.3;311.1111111;0;0;1.8
5867100;-5;-3;43;107;-5;-2.9;6.7;4.5;66;0;-0.6;-0.8;-0.5;-1.7;4.3;311.1111111;0;0;1.8
5868000;-5;-3;43;108;-5;-2.9;6.8;4.6;65.6;0;-0.4;-0.8;-0.4;-1.5;4.3;319.4444444;0;0;1.9
5868900;-5;-3;43;109;-5;-2.9;6.8;4.6;65.5;0;-0.3;-0.6;-0.3;-1.3;4.3;319.4444444;0;0;1.9
5869800;-5;-2;43;109;-5;-2.9;6.9;4.6;65.7;0;-0.4;-0.6;-0.4;-1.4;4.3;319.4444444;0;0;1.9
5870700;-5;-2.5;43;107;-5;-2.9;7;2.95;65.9;0;-0.4;-0.6;-0.35;-1.4;4.3;319.4444444;0;0;1.9
5871600;-5;-3;43;105;-5;-2.9;7.1;1.3;66.1;0;-0.4;-0.6;-0.3;-1.4;3.7;316.6666667;0;0;1.9
5872500;-5;-2;43;105;-5;-2.9;6.9;0.1;66.8;0;-0.3;-0.6;-0.2;-1.3;3.7;316.6666667;0;0;1.9
5873400;-5;-3;43;107;-5;-2.9;7.1;0.1;67;0;-0.4;-0.7;-0.4;-1.5;3.7;316.6666667;0;0;1.9
5874300;-5;-3;43;106;-5;-2.9;7.2;0.1;66.6;0;-0.8;-1;-0.8;-1.8;3.7;316.6666667;0;0;1.9
5875200;-5;-3;43;106;-5;-2.9;7.1;-0.3;67.1;0;-0.8;-1.2;-0.9;-1.9;3.8;322.2222222;0;0;1.6
5876100;-5;-3;43;107;-5;-2.9;6.8;-0.4;68;0;-0.8;-1.2;-0.9;-1.8;3.8;322.2222222;0;0;1.6
5877000;-5;-3;43;106;-5.2;-2.9;6.8;-0.4;68.5;0;-1;-1.2;-0.9;-1.9;3.8;322.2222222;0;0;1.6
5877900;-5;-3;43;106;-5.5;-3.4;6.9;-0.4;69.1;0;-0.9;-1.3;-1;-1.9;3.8;322.2222222;0;0;1.6
5878800;-5;-3;43;107;-5.5;-3.4;6.9;-0.8;69.7;0;-0.9;-1.2;-0.9;-1.8;3.7;300;0;0;1.9
5879700;-5;-3;43;103;-5.5;-3.4;7.1;-1;69.5;0;-0.9;-1.3;-1.1;-2.1;3.7;300;0;0;1.9
5880600;-6;-4;43;102;-5.7;-3.6;7.1;-1;69.1;0;-1.5;-1.8;-1.6;-2.5;3.7;300;0;0;1.9
5881500;-6;-4;43;102;-6;-3.9;7;-1;69.7;0;-1.8;-1.9;-1.7;-2.7;3.7;300;0;0;1.9
5882400;-6;-4;43;103;-6;-3.9;6.8;1.9;70.1;0;-1.7;-1.8;-1.6;-2.6;3.8;311.1111111;0;0;0.9
5883300;-6;-4;43;101;-6;-3.9;6.3;3.4;71.6;0;-1.8;-1.8;-1.7;-2.7;3.8;311.1111111;0;0;0.9
5884200;-6;-4;43;100;-6;-3.9;6.5;3.5;71.2;0;-2;-2;-1.8;-2.9;3.8;311.1111111;0;0;0.9
5885100;-6;-4;43;100;-6;-3.9;6.7;3.6;71.5;0;-1.9;-2;-1.7;-2.9;3.8;311.1111111;0;0;0.9
5886000;-6;-4;43;101;-6;-3.9;6.7;3.7;71.4;0;-1.8;-1.9;-1.7;-2.8;3.7;297.2222222;0;0;1.9
5886900;-6;-4;43;102;-6;-3.9;6.7;3.7;71;0;-1.7;-1.8;-1.7;-2.6;3.7;297.2222222;0;0;1.9
5887800;-6;-4;43;102;-6;-3.9;6.6;3.8;71.3;0;-1.6;-1.7;-1.5;-2.5;3.7;297.2222222;0;0;1.9
5888700;-6;-4;43;100;-6;-3.9;6.3;3.8;72;0;-1.9;-2;-1.7;-2.8;3.7;297.2222222;0;0;1.9
5889600;-6;-4;43;99;-6.1;-4;6.2;3.7;72.4;0;-2;-2.4;-2.1;-3;3.5;305.5555556;0;0;3.6
5890500;-7;-4;42;98;-6.5;-4.4;6.2;3.7;72.6;0;-2.3;-2.7;-2.3;-3.2;3.5;305.5555556;0;0;3.6
5891400;-7;-5;42;97;-6.5;-4.6;6.1;3.8;72.5;0;-2.6;-2.8;-2.5;-3.6;3.5;305.5555556;0;0;3.6
5892300;-7;-5;42;95;-6.9;-4.9;6.1;3.8;72.5;0;-2.9;-3.1;-2.8;-3.8;3.5;305.5555556;0;0;3.6
5893200;-7;-5;42;95;-7;-4.9;6.2;3.7;72.9;0;-2.7;-3.2;-2.9;-3.8;3.7;311.1111111;11.11111111;11.11111111;3.4
5894100;-7;-5;43;97;-7;-4.9;6.2;3.6;73.5;0;-2.5;-2.8;-2.5;-3.5;3.7;311.1111111;11.11111111;11.11111111;3.4
5895000;-7;-4;42;100;-6.7;-4.7;6.4;3.5;72.9;0;-2.1;-2.2;-2.1;-3.1;3.7;311.1111111;11.11111111;11.11111111;3.4
5895900;-6;-4;43;100;-6.5;-4.4;6.4;3.5;72.5;0;-1.8;-1.9;-1.8;-2.8;3.7;311.1111111;11.11111111;11.11111111;3.4
5896800;-6;-4;43;100;-6.1;-4;6.6;3.5;72.1;3.5;-1.6;-1.7;-1.5;-2.6;4.1;313.8888889;63.88888889;63.88888889;4.8
5897700;-6;-3;43;103;-6;-3.9;6.7;3.5;71;3.5;-1.3;-1.5;-1.2;-2.3;4.1;313.8888889;63.88888889;63.88888889;4.8
5898600;-6;-3;43;104;-5.7;-3.5;6.8;3.5;70.7;3.5;-1;-1.3;-1;-2.1;4.1;313.8888889;63.88888889;63.88888889;4.8
5899500;-5;-3;43;106;-5.4;-3.2;6.9;3.5;70.1;3.5;-0.5;-0.9;-0.7;-1.6;4.1;313.8888889;63.88888889;63.88888889;4.8
5900400;-5;-2;43;109;-5;-2.8;6.8;3.8;70.2;45.3;-0.1;-0.5;-0.2;-1.2;4.9;311.1111111;119.4444444;119.4444444;4.8
5901300;-4;-2;43;110;-4.6;-2.4;7.2;3.8;69.7;48.3;0.1;-0.1;0.1;-0.8;4.9;311.1111111;119.4444444;119.4444444;4.8
5902200;-4;-2;43;111;-4.5;-2.1;7.4;3.9;68.4;48.3;0.5;0.2;0.5;-0.5;4.9;311.1111111;119.4444444;119.4444444;4.8
5903100;-4;-2;43;113;-4;-1.9;7.5;4;68.2;48.3;0.7;0.4;0.7;-0.4;4.9;311.1111111;119.4444444;119.4444444;4.8
5904000;-4;-2;43;114;-4;-1.6;7.7;4.6;67.3;115.7;1;0.7;0.9;-0.1;5.6;302.7777778;244.4444444;255.5555556;3.5
5904900;-3;-2;43;116;-3.6;-1.4;8.3;4.7;65.7;126.1;1.3;1;1.3;0.2;5.6;302.7777778;244.4444444;255.5555556;3.5
5905800;-3;-1;43;119;-3.3;-0.9;8.9;4.7;63.9;126.1;1.8;1.5;1.7;0.6;5.6;302.7777778;244.4444444;255.5555556;3.5
5906700;-3;0;43;120;-2.8;-0.3;9.5;4.7;62.1;126.1;2.3;2.1;2.3;1.1;5.6;302.7777778;244.4444444;255.5555556;3.5
5907600;-2;0;43;125;-2.3;0.3;10.1;5.3;60.5;198;2.9;2.7;2.9;1.7;6.6;305.5555556;250;297.2222222;2.6
5908500;-2;0;43;128;-1.9;0.8;10.5;5.4;58.8;216;3.4;3.2;3.3;2.2;6.6;305.5555556;250;297.2222222;2.6
5909400;-2;0;43;129;-1.5;1.1;10.5;5.5;58.2;216.3;3.7;3.5;3.7;2.6;6.6;305.5555556;250;297.2222222;2.6
5910300;-2;0;43;129;-1.5;1.1;10.3;5.7;56.5;217;3.6;3.5;3.6;2.5;6.6;305.5555556;250;297.2222222;2.6
5911200;-2;0;43;129;-1.5;1.1;10.3;6.2;56;270.3;3.6;3.4;3.6;2.6;7.2;297.2222222;283.3333333;311.1111111;2
5912100;-2;1;43;132;-1.3;1.3;10.5;6.4;54.2;289.7;4;3.8;3.9;2.9;7.2;297.2222222;283.3333333;311.1111111;2
5913000;-1;2;43;141;-0.4;2.5;11.1;6.4;48.6;295;5.4;5.3;5.3;4.2;7.2;297.2222222;283.3333333;311.1111111;2
5913900;0;4;43;147;1.3;4.1;11.1;6.4;45.4;297.6;6.7;6.7;6.7;5.5;7.2;297.2222222;283.3333333;311.1111111;2
5914800;0;3;43;144;1.5;4.1;11.2;6.8;43.2;333;6.4;6.3;6.4;5.3;7.7;305.5555556;302.7777778;336.1111111;1.6
5915700;0;3;43;144;1.5;4.1;11.4;7;41.2;350.7;6.4;6.2;6.4;5.3;7.7;305.5555556;302.7777778;336.1111111;1.6
5916600;0;4;43;147;1.5;4.3;11.7;7.2;40.9;350.7;6.8;6.7;6.8;5.7;7.7;305.5555556;302.7777778;336.1111111;1.6
5917500;1;4;43;148;1.5;4.6;12.1;7.3;40.5;350.7;7;7;7;6;7.7;305.5555556;302.7777778;336.1111111;1.6
5918400;1;4;43;150;1.6;4.7;12.2;7.7;39.9;371.7;7.3;7.2;7.3;6.2;8.4;305.5555556;288.8888889;347.2222222;1.5
5919300;1;4;43;152;2;5.1;12.3;7.7;38.3;371.7;7.6;7.5;7.6;6.5;8.4;305.5555556;288.8888889;347.2222222;1.5
5920200;1;5;43;152;2;5.1;12.2;7.7;38;371.7;7.7;7.6;7.7;6.6;8.4;305.5555556;288.8888889;347.2222222;1.5
5921100;1;4;43;150;2;5.1;12.2;7.7;39.2;371.7;7.5;7.4;7.5;6.4;8.4;305.5555556;288.8888889;347.2222222;1.5
5922000;1;4;43;148;2;5.1;12;8.1;40.3;353.2;7.2;7.2;7.2;6.1;8.7;305.5555556;241.6666667;263.8888889;2.2
5922900;1;4;43;150;2;5.1;12.5;8.2;39;350.3;7.5;7.4;7.4;6.3;8.7;305.5555556;241.6666667;263.8888889;2.2
5923800;2;5;43;154;2.5;5.6;12.9;8.2;37.8;350.3;8.2;8.2;8.2;7;8.7;305.5555556;241.6666667;263.8888889;2.2
5924700;2;5;43;153;2.5;5.6;13.2;8.2;37;350.3;8;7.9;8;6.8;8.7;305.5555556;241.6666667;263.8888889;2.2
5925600;3;6;43;163;3.3;6.6;13.5;8.7;36.8;299.6;9.4;9.3;9.3;8.1;8.7;288.8888889;158.3333333;236.1111111;2.4
5926500;3;7;43;166;4;7.6;13.6;8.7;35.7;296;9.9;10;10;8.6;8.7;288.8888889;158.3333333;236.1111111;2.4
5927400;2;6;43;156;3.6;6.8;12.7;8.8;37;296;8.7;8.6;8.7;7.5;8.7;288.8888889;158.3333333;236.1111111;2.4
5928300;2;5;43;151;2.9;6;12.2;9;38;296;8;7.9;8;6.9;8.7;288.8888889;158.3333333;236.1111111;2.4
5929200;1;5;43;152;2.5;5.6;12.9;9;37.4;220.4;7.9;7.8;7.9;6.7;8.9;-2775;80.55555556;105.5555556;2.8
5930100;2;6;43;159;2.9;6.1;13.4;9;35.7;201.5;8.8;8.7;8.8;7.5;8.9;-2775;80.55555556;105.5555556;2.8
5931000;2;5;43;155;3;6.1;12.4;8.9;37.8;201.5;8.4;8.3;8.4;7.1;8.9;-2775;80.55555556;105.5555556;2.8
5931900;1;4;43;146;2.3;5.4;12;8.8;38.9;201.5;7.2;7.1;7.2;6.1;8.9;-2775;80.55555556;105.5555556;2.8
5932800;0;3;43;141;1.2;4.1;11.4;8.5;39.7;156.1;6;5.8;6;4.9;8.5;288.8888889;13.88888889;13.88888889;3.5
5933700;0;2;43;136;0.1;2.9;11;8.4;41.7;144.7;4.8;4.6;4.8;3.8;8.5;288.8888889;13.88888889;13.88888889;3.5
5934600;0;1;43;132;-0.7;2.1;10.7;8.4;42.3;144.7;4;3.8;4;2.9;8.5;288.8888889;13.88888889;13.88888889;3.5
5935500;-1;0;43;128;-1.4;1.3;10.4;8.4;43.3;144.7;3.3;3;3.1;2.2;8.5;288.8888889;13.88888889;13.88888889;3.5
5936400;-2;0;43;124;-2.2;0.4;10;7.9;44.7;32.9;2.3;2.2;2.4;1.4;7.7;297.2222222;0;0;3.8
5937300;-3;0;43;120;-2.7;-0.2;9.6;7.9;45.6;32.9;1.6;1.5;1.7;0.9;7.7;297.2222222;0;0;3.8
5938200;-4;0;43;115;-3.3;-1;9.3;8.2;47.1;32.9;0.8;0.7;1;0.1;7.7;297.2222222;0;0;3.8
5939100;-4;-2;43;110;-4.2;-1.9;9.1;8.4;48.3;32.9;-0.1;-0.2;0;-0.8;7.7;297.2222222;0;0;3.8
5940000;-5;-3;43;106;-4.9;-2.6;8.9;8.1;49.4;4.4;-0.6;-0.9;-0.6;-1.5;7.3;288.8888889;0;0;2.5
5940900;-5;-3;43;103;-5.2;-3.1;8.7;8;50.9;0;-1.1;-1.4;-1.1;-2;7.3;288.8888889;0;0;2.5
5941800;-6;-4;43;102;-5.7;-3.5;8.3;8.1;51.4;0;-1.5;-1.9;-1.5;-2.4;7.3;288.8888889;0;0;2.5
5942700;-6;-4;43;101;-6;-3.9;8.1;8.2;51.8;0;-1.6;-2.1;-1.8;-2.6;7.3;288.8888889;0;0;2.5
5943600;-6;-4;43;101;-6;-3.9;7.9;7.9;52.9;0;-1.7;-2.3;-2;-2.6;6.6;305.5555556;0;0;3.2
5944500;-6;-4;43;100;-6;-4.1;7.7;7.9;52.8;0;-2;-2.5;-2.1;-2.9;6.6;305.5555556;0;0;3.2
5945400;-6;-4;43;99;-6.4;-4.4;7.7;7.7;53.5;0;-2.2;-2.6;-2.2;-3.2;6.6;305.5555556;0;0;3.2
5946300;-7;-5;42;97;-6.5;-4.6;7.6;7.6;54.4;0;-2.6;-2.9;-2.5;-3.5;6.6;305.5555556;0;0;3.2
5947200;-7;-5;42;96;-7;-4.9;7.7;7.2;55.3;0;-2.8;-3;-2.8;-3.6;6.4;319.4444444;0;0;2.9
5948100;-7;-5;42;96;-7;-4.9;7.7;7.2;55.8;0;-2.8;-3.1;-2.9;-3.7;6.4;319.4444444;0;0;2.9
5949000;-7;-5;42;94;-7;-4.9;7.8;7.1;56.3;0;-2.9;-3.2;-2.9;-3.8;6.4;319.4444444;0;0;2.9
5949900;-7;-5;42;95;-7;-4.9;7.9;7;55.9;0;-2.9;-3.1;-2.9;-3.8;6.4;319.4444444;0;0;2.9
5950800;-7;-5;42;95;-7;-4.9;7.9;7.1;55.5;0;-2.9;-3.2;-3;-3.7;6;322.2222222;0;0;2.8
5951700;-7;-5;42;97;-7;-4.9;8.1;7.1;55.4;0;-2.7;-3.1;-2.8;-3.5;6;322.2222222;0;0;2.8
5952600;-7;-5;42;98;-7;-4.9;8.1;7;54.7;0;-2.4;-2.8;-2.5;-3.3;6;322.2222222;0;0;2.8
5953500;-7;-5;42;98;-7;-4.9;8.1;6.8;55.4;0;-2.5;-2.8;-2.5;-3.3;6;322.2222222;0;0;2.8
5954400;-7;-5;43;98;-7;-4.9;8.1;7.1;55.8;0;-2.5;-2.8;-2.5;-3.2;6.8;325;0;0;1.9
5955300;-7;-4;43;99;-7;-4.9;8.1;7.1;55.2;0;-2.3;-2.6;-2.3;-3.3;6.8;325;0;0;1.9
5956200;-6;-4;43;102;-6.4;-4.3;8.4;7.1;53.3;0;-1.6;-2;-1.6;-2.6;6.8;325;0;0;1.9
5957100;-5.5;-3;43;105;-5.55;-3.45;8.65;4.3;52.05;0;-0.8;-1.05;-0.8;-1.85;6.8;325;0;0;1.9
5958000;-5;-2;43;108;-4.7;-2.6;8.9;1.5;50.8;0;0;-0.1;0;-1.1;7.5;327.7777778;0;0;2.7
5958900;-4;-2;43;109;-4.2;-2;9.1;0.1;49.9;0;0.5;0.4;0.6;-0.6;7.5;327.7777778;0;0;2.7
5959800;-4;-2;43;113;-4;-1.8;9.3;0.1;49.7;0;0.8;0.6;0.9;-0.3;7.5;327.7777778;0;0;2.7
5960700;-4;-2;43;115;-4;-1.4;9.3;0.1;49.4;0;1;0.7;0.8;-0.2;7.5;327.7777778;0;0;2.7
5961600;-4;-2;43;115;-4;-1.4;9.4;-0.2;48.8;0;1;0.8;0.9;-0.2;8.2;333.3333333;0;0;2.4
5962500;-4;-2;43;114;-4;-1.4;9.5;-0.4;48.6;0;0.9;0.7;0.9;-0.3;8.2;333.3333333;0;0;2.4
5963400;-4;-2;43;112;-4;-1.4;9.6;-0.4;49.1;0;0.6;0.4;0.6;-0.4;8.2;333.3333333;0;0;2.4
5964300;-4;-2;43;112;-4;-1.4;9.7;-0.4;48.8;0;0.5;0.3;0.5;-0.5;8.2;333.3333333;0;0;2.4
5965200;-4;-2;43;113;-4;-1.4;9.8;-0.8;48.9;0;0.5;0.2;0.5;-0.5;8;336.1111111;0;0;3.5
5966100;-4;-2;43;113;-4;-1.4;9.9;-1;49.2;0;0.8;0.5;0.7;-0.2;8;336.1111111;0;0;3.5
5967000;-4;-2;43;114;-4;-1.4;9.9;-1;49.2;0;0.9;0.6;0.9;-0.1;8;336.1111111;0;0;3.5
5967900;-4;-2;43;113;-4;-1.4;9.9;-1;49.2;0;0.6;0.4;0.6;-0.4;8;336.1111111;0;0;3.5
5968800;-4;-2;43;111;-4;-1.8;9.9;4.7;50.3;0;0.3;0.1;0.4;-0.7;7.8;338.8888889;0;0;4.5
5969700;-4;-2;43;113;-4;-1.9;10.1;7.5;51.5;0;0.6;0.3;0.5;-0.4;7.8;338.8888889;0;0;4.5
5970600;-4;-2;43;116;-4;-1.5;10;7.7;52.3;0;1;0.8;1;0.1;7.8;338.8888889;0;0;4.5
5971500;-4;-2;43;115;-4;-1.4;10.2;8.3;52;0;1;0.8;1;0.1;7.8;338.8888889;0;0;4.5
5972400;-4;-2;43;115;-4;-1.4;10.2;8.2;51.8;0;1;0.8;1;0;7.2;341.6666667;0;0;6
5973300;-4;-2;43;113;-4;-1.4;10.2;8.1;51.5;0;0.6;0.4;0.6;-0.2;7.2;341.6666667;0;0;6
5974200;-4;-2;43;111;-4;-1.7;10.1;8;52.8;0;0.3;0.1;0.3;-0.6;7.2;341.6666667;0;0;6
5975100;-4;-2;43;109;-4.3;-1.9;10;8;54.8;0;0;-0.2;0.1;-0.9;7.2;341.6666667;0;0;6
5976000;-5;-2;43;109;-4.5;-2.4;10;8.1;55.4;0;-0.1;-0.3;-0.1;-1;9.3;347.2222222;0;0;6.4
5976900;-5;-2;43;110;-4.5;-2.4;10;8.1;55.3;0;0;-0.2;0;-0.9;9.3;347.2222222;0;0;6.4
5977800;-4;-2;43;114;-4.3;-2;10.2;8;57.1;0;0.8;0.4;0.6;-0.2;9.3;347.2222222;0;0;6.4
5978700;-3;0;43;123;-3;-0.6;10.9;8;56.7;0;2.3;1.8;2.1;1.2;9.3;347.2222222;0;0;6.4
5979600;-2;0;43;127;-2.2;0.4;11.2;8.2;56.5;0;3.3;2.8;3;2;9.5;327.7777778;8.333333333;8.333333333;6.3
5980500;-2;0;43;130;-1.6;1.1;11.3;8.2;56.9;0;3.8;3.4;3.7;2.6;9.5;327.7777778;8.333333333;8.333333333;6.3
5981400;-2;1;43;134;-1;1.6;11.2;7.9;57.2;0;4.3;4;4.3;3.2;9.5;327.7777778;8.333333333;8.333333333;6.3
5982300;-2;1;43;135;-1;2.1;11.3;7.6;57.9;0;4.5;4.1;4.4;3.4;9.5;327.7777778;8.333333333;8.333333333;6.3
5983200;0;1;43;135;-0.6;2.1;11.6;8.1;57.1;2.2;4.7;4.3;4.6;3.6;10;316.6666667;44.44444444;44.44444444;6.4
5984100;0;2;43;135;-0.5;2.1;11.4;8.2;58.1;2.5;4.8;4.4;4.7;3.6;10;316.6666667;44.44444444;44.44444444;6.4
5985000;0;1;43;133;-0.5;2.1;11.4;8.9;57.9;2.5;4.5;4.2;4.4;3.4;10;316.6666667;44.44444444;44.44444444;6.4
5985900;0;2;43;139;-0.4;2.4;11.7;10;57;2.6;5.2;4.8;5;4;10;316.6666667;44.44444444;44.44444444;6.4
5986800;0;2;43;142;0.2;3.1;11.9;10.6;56.2;20.8;5.7;5.5;5.8;4.6;10.7;322.2222222;138.8888889;138.8888889;5.4
5987700;0;3;43;144;0.7;3.6;12.2;10.7;55.6;25.4;6.3;6;6.3;5.1;10.7;322.2222222;138.8888889;138.8888889;5.4
5988600;0;4;43;148;1.2;4.2;12.3;10.6;55.7;25.4;6.9;6.6;6.9;5.7;10.7;322.2222222;138.8888889;138.8888889;5.4
5989500;1;4;43;150;1.7;4.7;12.7;10.4;55.4;25.4;7.5;7.1;7.4;6.3;10.7;322.2222222;138.8888889;138.8888889;5.4
5990400;1;5;43;153;2.1;5.3;13;11;54.9;69.3;7.9;7.7;7.9;6.7;11.9;344.4444444;169.4444444;169.4444444;5.8
5991300;2;5;43;158;2.8;6;13.3;11.2;54;85.2;8.7;8.5;8.7;7.5;11.9;344.4444444;169.4444444;169.4444444;5.8
5992200;2;6;43;161;3.3;6.6;13.9;11;52.4;85.2;9.1;9;9.1;7.9;11.9;344.4444444;169.4444444;169.4444444;5.8
5993100;3;6;43;163;3.7;6.9;14.3;10.9;52.1;85.2;9.6;9.4;9.7;8.4;11.9;344.4444444;169.4444444;169.4444444;5.8
5994000;4;7;43;167;4.3;7.7;14.5;11.6;52.4;173.4;10.2;10.1;10.3;9.1;12.7;358.3333333;141.6666667;141.6666667;6.2
5994900;4;7;43;172;4.5;8.1;14.9;11.7;51.8;179.7;10.5;10.3;10.4;9.2;12.7;358.3333333;141.6666667;141.6666667;6.2
5995800;4;7;43;173;4.5;8.1;15;11.7;51.2;180.4;10.6;10.4;10.5;9.4;12.7;358.3333333;141.6666667;141.6666667;6.2
5996700;4;8;43;174;4.5;8.1;15.5;11.7;50;181.5;10.7;10.6;10.8;9.5;12.7;358.3333333;141.6666667;141.6666667;6.2
5997600;4;8;43;174;4.6;8.1;15.6;12.1;50.5;236;10.8;10.6;10.8;9.6;13.3;361.1111111;113.8888889;113.8888889;7.2
5998500;5;9;43;180;5.5;9.2;16.5;12.3;49.2;255.8;11.8;11.7;11.8;10.6;13.3;361.1111111;113.8888889;113.8888889;7.2
5999400;6;9;40;142;7;9.9;16.5;12.5;49.6;222.5;12.5;12.5;12.6;11.2;13.3;361.1111111;113.8888889;113.8888889;7.2
6000300;8;10;41;82;9.2;10.9;16.2;12.6;52;200.3;13.4;13.4;13.6;12.2;13.3;361.1111111;113.8888889;113.8888889;7.2
6001200;6;10;43;187;6.9;10.8;15.5;12.9;56.7;206.6;12.5;12.3;12.5;11.6;12.2;347.2222222;188.8888889;194.4444444;8.1
6002100;4;7;43;170;5;8.6;15;12.9;61.9;207.1;10.3;10.2;10.4;9.5;12.2;347.2222222;188.8888889;194.4444444;8.1
6003000;3;6;43;162;4;7.3;14.7;13;64.7;207.1;9.2;9.1;9.3;8.3;12.2;347.2222222;188.8888889;194.4444444;8.1
6003900;3;6;41;140;3.7;6.9;14.5;13.1;67.1;207.1;8.9;8.8;9;8;12.2;347.2222222;188.8888889;194.4444444;8.1
6004800;5;7;40;80;5.6;7.3;14.8;13.3;66.8;209.2;9.9;9.8;10;8.9;12.8;325;266.6666667;363.8888889;8
6005700;4;8;43;143;5.9;8.5;15;13.3;66.6;209.7;10.9;10.8;11.1;10;12.8;325;266.6666667;363.8888889;8
6006600;4;8;43;177;5.1;8.6;15.1;13.3;66.6;209.7;10.9;10.9;11;10;12.8;325;266.6666667;363.8888889;8
6007500;4;8;43;180;5.1;9.1;15.3;13.3;65.1;209.7;11.4;11.3;11.5;10.3;12.8;325;266.6666667;363.8888889;8
6008400;5;8;38;154;6;9.1;15.3;13.4;64.7;193.7;11.5;11.4;11.7;10.4;13.4;341.6666667;233.3333333;316.6666667;5.6
6009300;5;9;33;151;6;9.5;15.3;13.4;65.6;189.7;12;12;12.2;10.9;13.4;341.6666667;233.3333333;316.6666667;5.6
6010200;7;10;43;133;8;10.6;15.7;13.1;64;189.7;12.9;12.9;13.1;11.8;13.4;341.6666667;233.3333333;316.6666667;5.6
6011100;5;9;43;186;6.4;10.3;15.5;12.3;63.9;189.7;12.4;12.2;12.4;11.2;13.4;341.6666667;233.3333333;316.6666667;5.6
6012000;5;9;42;160;6.5;10;15.4;12.2;63.5;187;12;11.8;12;10.7;12.6;338.8888889;122.2222222;136.1111111;6.1
6012900;2;8;43;269;3.5;9.1;15.7;12.1;62.1;185.6;11.1;10.9;11;10;12.6;338.8888889;122.2222222;136.1111111;6.1
6013800;3;7;43;200;4.4;8.6;15.9;12.3;61.8;185.6;10.7;10.5;10.7;9.5;12.6;338.8888889;122.2222222;136.1111111;6.1
6014700;3;7;43;183;4.4;8.3;15.4;12.5;64.4;185.6;10.2;10;10.3;9.1;12.6;338.8888889;122.2222222;136.1111111;6.1
6015600;3;7;38;142;4.2;7.7;14.8;12.1;64.9;155.4;9.7;9.6;9.9;8.9;12.4;333.3333333;55.55555556;55.55555556;8.8
6016500;3;6;43;166;4;7.3;14.2;12.1;62.3;153.2;9.3;9.1;9.4;8.3;12.4;333.3333333;55.55555556;55.55555556;8.8
6017400;2;6;43;163;3.5;7;13.9;12.6;60.9;153.2;9;8.8;9;8;12.4;333.3333333;55.55555556;55.55555556;8.8
6018300;2;6;42;150;3.6;6.6;13.8;13;57.3;153.2;8.9;8.6;8.9;7.8;12.4;333.3333333;55.55555556;55.55555556;8.8
6019200;3;6;39;102;4.1;6.6;13.5;12.3;60.5;75.9;8.9;8.7;9;7.8;11.1;319.4444444;11.11111111;11.11111111;8.4
6020100;4;6;43;106;4.7;6.9;13;12.3;62.7;75.9;9.1;9;9.3;8.2;11.1;319.4444444;11.11111111;11.11111111;8.4
6021000;2;5;43;156;3;6.3;12.7;12.2;65.5;75.9;8.1;7.9;8.2;7.3;11.1;319.4444444;11.11111111;11.11111111;8.4
6021900;1;5;43;151;2.5;5.6;12.6;12;66;75.9;7.6;7.4;7.8;6.7;11.1;319.4444444;11.11111111;11.11111111;8.4
6022800;1;4;43;149;2.2;5.2;12.2;11.6;67.8;36.7;7.2;7;7.3;6.2;10.3;300;0;0;6.6
6023700;1;4;43;147;1.9;4.8;11.9;11.4;68.1;22.4;6.8;6.5;6.9;5.9;10.3;300;0;0;6.6
6024600;0;4;43;147;1.5;4.6;11.8;11.6;66.5;22.4;6.8;6.4;6.7;5.8;10.3;300;0;0;6.6
6025500;0;4;43;147;1.4;4.6;11.7;11.9;66.2;22.4;6.7;6.3;6.7;5.6;10.3;300;0;0;6.6
6026400;0;3;43;145;1.4;4.4;11.6;11.5;66.3;9;6.5;6;6.5;5.4;10.2;297.2222222;0;0;3.8
6027300;0;3;43;142;1.2;4.1;11.4;11.3;66.5;0;6.2;5.8;6.2;5.1;10.2;297.2222222;0;0;3.8
6028200;0;3;43;143;0.9;3.8;11.2;10.8;66.6;0;5.9;5.6;6;4.9;10.2;297.2222222;0;0;3.8
6029100;0;3;43;142;0.9;3.6;11.2;10.4;66.7;0;5.7;5.3;5.8;4.7;10.2;297.2222222;0;0;3.8
6030000;0;2;38;113;0.9;3.6;11.2;9.9;66.6;0;5.7;5.3;5.7;4.6;6.6;333.3333333;0;0;3.5
6030900;1;3;43;91;2;3.8;10.5;9.8;73.1;0;6.3;6.1;6.4;5.3;6.6;333.3333333;0;0;3.5
6031800;2;3;39;69;2.3;4.1;8;9.8;84.5;0;6.2;6.1;6.3;5.3;6.6;333.3333333;0;0;3.5
6032700;0;2;43;142;0.6;3.6;7.8;9.7;84.9;0;5.5;5.3;5.5;4.7;6.6;333.3333333;0;0;3.5
6033600;0;2;43;138;-0.1;2.7;8.1;9.4;84;0;4.7;4.5;4.8;3.9;6.2;336.1111111;0;0;5.3
6034500;0;1;43;137;-0.3;2.5;7.5;9.3;87.6;0;4.4;4.3;4.5;3.6;6.2;336.1111111;0;0;5.3
6035400;0;1;43;136;-0.7;2.1;7.1;9.5;87.5;0;4.3;4.1;4.4;3.4;6.2;336.1111111;0;0;5.3
6036300;0;1;43;135;-0.7;2.1;7.2;9.8;88.8;0;4.1;3.9;4.3;3.2;6.2;336.1111111;0;0;5.3
6037200;0;1;43;136;-0.7;2.1;7.2;9.3;88.6;0;4.1;3.8;4.2;3.2;6.4;316.6666667;0;0;7.4
6038100;0;1;43;135;-0.7;2.1;7.2;9.2;88.5;0;4.1;3.8;4.1;3.2;6.4;316.6666667;0;0;7.4
6039000;0;1;43;133;-0.8;1.9;7.3;7.8;89;0;3.9;3.6;4;2.9;6.4;316.6666667;0;0;7.4
6039900;0;0;43;130;-1.2;1.6;7.3;6.3;87.3;0;3.5;3.3;3.6;2.6;6.4;316.6666667;0;0;7.4
6040800;-2;0;43;129;-1.5;1.1;7.4;6.2;85.8;0;3.2;3;3.3;2.4;6.2;291.6666667;0;0;6.1
6041700;-2;0;43;129;-1.7;1.1;7.4;6.2;85.1;0;3.2;2.9;3.2;2.3;6.2;291.6666667;0;0;6.1
6042600;-2;0;43;128;-1.7;1.1;7.4;6.1;85.8;0;3;2.7;3.1;2.1;6.2;291.6666667;0;0;6.1
6043500;-2;0;43;124;-1.7;0.85;7.3;5.95;84.85;0;2.95;2.65;3;2;6.2;291.6666667;0;0;6.1
6044400;-2;0;43;120;-1.7;0.6;7.2;5.8;83.9;0;2.9;2.6;2.9;1.9;6.2;294.4444444;0;0;4.9
6045300;-1;0;37;85;-1.2;0.6;7.1;5.8;85;0;2.8;2.6;2.9;1.8;6.2;294.4444444;0;0;4.9
6046200;0;0;29;34;0.4;1;6.8;5.8;85.1;0;3.6;3.5;3.9;2.4;6.2;294.4444444;0;0;4.9
6047100;-1;0;43;129;-1.4;1.3;7;5.8;84.9;0;3.2;2.9;3.3;2.4;6.2;294.4444444;0;0;4.9
6048000;-2;0;43;125;-2;0.6;7.2;5.6;82.9;0;2.6;2.1;2.5;1.6;7.4;302.7777778;0;0;6.8
6048900;-2;0;43;125;-2;0.6;7.7;5.5;80.1;0;2.6;2.2;2.6;1.6;7.4;302.7777778;0;0;6.8
6049800;-2;0;43;125;-2;0.6;8.1;5.5;77.6;0;2.7;2.4;2.7;1.8;7.4;302.7777778;0;0;6.8
6050700;-2;0;43;128;-2;0.6;8.3;5.5;74.7;0;3;2.7;3;2;7.4;302.7777778;0;0;6.8
6051600;-2;0;43;129;-2;0.7;8.6;5.5;72.7;0;3.3;3;3.3;2.3;7.1;305.5555556;0;0;6.1
6052500;-2;0;43;126;-1.6;1.1;8.3;5.5;74;0;3.2;2.9;3.2;2.2;7.1;305.5555556;0;0;6.1
6053400;-2;0;43;128;-1.5;1.1;8.3;5.5;72.3;0;3.1;2.9;3.2;2.2;7.1;305.5555556;0;0;6.1
6054300;-2;0;43;128;-1.5;1.1;8.4;5.5;70.3;0;3.2;2.9;3.2;2.2;7.1;305.5555556;0;0;6.1
6055200;-2;0;43;129;-1.5;1.1;8.1;5.7;70.3;0;3.1;2.9;3.2;2.2;5.7;-2775;0;0;3.7
6056100;-2;0;43;125;-1.9;0.7;7.9;5.8;68.6;0;2.6;2.3;2.6;1.7;5.7;-2775;0;0;3.7
6057000;-3;0;43;122;-2.5;0.1;8;6.6;68.3;0;2.2;1.9;2.2;1.2;5.7;-2775;0;0;3.7
6057900;-3;0;43;121;-2.5;-0.1;7.6;7;67.9;0;2;1.7;2;1.1;5.7;-2775;0;0;3.7
6058800;-3;0;43;120;-2.7;-0.4;7.4;6.6;67.2;0;1.9;1.5;1.9;0.9;6.3;308.3333333;0;0;3.5
6059700;-3;0;43;119;-3;-0.4;7.4;6.6;65.8;0;1.8;1.4;1.7;0.8;6.3;308.3333333;0;0;3.5
6060600;-3;0;43;116;-3;-0.6;7.6;6.7;66.3;0;1.5;1.2;1.5;0.5;6.3;308.3333333;0;0;3.5
6061500;-3;0;43;120;-3;-0.7;7.8;6.7;61.4;0;1.8;1.5;1.9;0.9;6.3;308.3333333;0;0;3.5
6062400;-3;0;43;123;-3;-0.4;7.8;6.4;59.6;0;2;1.8;2.1;1.2;6.1;308.3333333;0;0;2.8
6063300;-3;0;43;124;-3;-0.4;7.8;6.3;58.2;0;2.2;1.9;2.3;1.3;6.1;308.3333333;0;0;2.8
6064200;-2;0;43;125;-2.5;0;7.8;6;56.3;0;2.4;2.2;2.5;1.5;6.1;308.3333333;0;0;2.8
6065100;-2;0;43;125;-2.5;0.1;7.8;5.4;56.9;0;2.5;2.3;2.5;1.5;6.1;308.3333333;0;0;2.8
6066000;-2;0;43;123;-2.5;0.1;7.7;5.2;56.8;0;2.2;2;2.2;1.2;5.4;286.1111111;25;27.77777778;2.1
6066900;-3;0;43;122;-2.5;0;7.7;5.1;57.9;0;2;1.7;2;1;5.4;286.1111111;25;27.77777778;2.1
6067800;-3;0;43;120;-2.7;-0.4;7.7;5.7;58.2;0;1.7;1.6;1.8;0.8;5.4;286.1111111;25;27.77777778;2.1
6068700;-3;0;43;118;-3;-0.5;7.7;6;58.7;0;1.5;1.2;1.5;0.4;5.4;286.1111111;25;27.77777778;2.1
6069600;-3;0;43;117;-3;-0.9;7.9;5.9;59.2;2.1;1.4;1;1.4;0.4;5.9;286.1111111;75;136.1111111;4
6070500;-3;0;43;118;-3;-0.9;8;5.8;58.8;3.1;1.4;1;1.4;0.5;5.9;286.1111111;75;136.1111111;4
6071400;-3;0;43;119;-3;-0.9;8.3;5.9;58.8;3.2;1.7;1.1;1.7;0.7;5.9;286.1111111;75;136.1111111;4
6072300;-3;0;43;124;-2.8;-0.3;8.6;6;58.6;3.2;2.5;1.8;2.5;1.2;5.9;286.1111111;75;136.1111111;4
6073200;-2;0;43;126;-2.5;0.1;8.1;6.2;60.7;72.5;2.8;2.2;2.8;1.6;6.4;291.6666667;97.22222222;175;6
6074100;-2;0;43;131;-2;0.7;8.4;6.2;62;72.5;3.4;3;3.5;2.3;6.4;291.6666667;97.22222222;175;6
6075000;-2;1;43;134;-1.1;1.6;8.8;6;61;72.5;4;3.7;4;2.8;6.4;291.6666667;97.22222222;175;6
6075900;-2;1;43;132;-1.1;1.6;8.3;5.7;65.7;72.5;3.6;3.4;3.7;2.6;6.4;291.6666667;97.22222222;175;6
6076800;-2;0;43;127;-1.7;1;7.2;6.1;71.6;144.5;2.9;2.7;3;2.1;6.5;319.4444444;166.6666667;180.5555556;6.4
6077700;-2;0;43;131;-1.8;0.9;7.8;6.3;69.2;170.7;3.5;3.3;3.5;2.4;6.5;319.4444444;166.6666667;180.5555556;6.4
6078600;-2;1;43;135;-1.2;1.5;9.2;6.4;63.2;170.7;4;3.9;4;2.9;6.5;319.4444444;166.6666667;180.5555556;6.4
6079500;-2;1;43;130;-1.1;1.5;9.8;6.5;59.7;170.7;3.6;3.5;3.6;2.5;6.5;319.4444444;166.6666667;180.5555556;6.4
6080400;-2;0;43;131;-1.5;1.1;9.8;6.9;56.7;261.9;3.6;3.5;3.7;2.6;7;319.4444444;183.3333333;200;5.6
6081300;-2;1;43;135;-1.2;1.5;10.3;7.1;53.7;295.1;4.1;3.9;4.1;3.1;7;319.4444444;183.3333333;200;5.6
6082200;-2;1;43;136;-1;1.9;10.5;7.1;52.2;295.9;4.4;4.2;4.4;3.4;7;319.4444444;183.3333333;200;5.6
6083100;0;1;43;138;-0.5;2.1;10.5;7;51.3;297.5;4.7;4.5;4.8;3.7;7;319.4444444;183.3333333;200;5.6
6084000;0;2;43;141;-0.3;2.7;10.6;7.4;52.1;355.7;5.2;5;5.2;4.1;7.9;300;258.3333333;497.2222222;5
6084900;0;3;43;149;0.6;3.7;11.4;7.5;51.1;376.9;6.5;6.4;6.5;5.5;7.9;300;258.3333333;497.2222222;5
6085800;2;6;43;169;3.4;6.7;12.3;7.3;49.1;373.9;9.5;9.6;9.6;8.4;7.9;300;258.3333333;497.2222222;5
6086700;4;7;43;171;4.5;8;12.4;7;51.3;368;10.1;10.2;10.2;9;7.9;300;258.3333333;497.2222222;5
6087600;3;6;43;162;3.8;7.2;11.6;7.4;55;410.9;9.1;9.1;9.2;8.2;8.9;288.8888889;216.6666667;483.3333333;5.5
6088500;3;7;43;169;3.9;7.5;11.4;7.5;51.2;426.5;10;10;10;9;8.9;288.8888889;216.6666667;483.3333333;5.5
6089400;4;8;43;174;4.7;8.3;11.6;7.5;47.4;426.5;10.7;10.7;10.7;9.6;8.9;288.8888889;216.6666667;483.3333333;5.5
6090300;4;8;43;177;5.1;8.7;11.5;7.4;44.3;426.5;11.3;11.2;11.2;10.2;8.9;288.8888889;216.6666667;483.3333333;5.5
6091200;5;9;43;184;5.9;9.7;11.7;7.8;44;426.9;12.3;12.3;12.2;11.2;8.6;288.8888889;161.1111111;233.3333333;5.1
6092100;6;10;43;188;6.9;10.7;12.9;7.9;39.8;427;13.3;13.4;13.3;12.3;8.6;288.8888889;161.1111111;233.3333333;5.1
6093000;4;10;40;255;5.4;10.6;12.6;8;40.3;427;12.3;12.5;12.3;11.5;8.6;288.8888889;161.1111111;233.3333333;5.1
6093900;4;7;38;134;4.7;8;11.8;8.3;43.6;427;10;10.1;10.1;8.9;8.6;288.8888889;161.1111111;233.3333333;5.1
6094800;2;6;43;156;3.5;6.7;11.8;8.7;43.6;392.7;8.5;8.5;8.6;7.7;9.7;319.4444444;150;202.7777778;4
6095700;2;6;43;160;3.3;6.5;12.3;8.9;42.8;380.2;9.1;9;9;8;9.7;319.4444444;150;202.7777778;4
6096600;4;7;43;169;4.5;8;12.7;9.1;40.3;380.2;10.2;10.3;10.3;9;9.7;319.4444444;150;202.7777778;4
6097500;3;6;43;163;4.1;7.4;12.9;9.5;40.2;380.2;9.5;9.5;9.6;8.5;9.7;319.4444444;150;202.7777778;4
6098400;3;7;43;163;4;7.4;12.7;9.9;38.8;347.1;9.4;9.4;9.5;8.4;9.5;288.8888889;136.1111111;233.3333333;4.3
6099300;2;5;43;152;3.3;6.4;12.1;10;40.9;335.1;8.3;8.2;8.3;7.3;9.5;288.8888889;136.1111111;233.3333333;4.3
6100200;2;5;43;152;3.1;6.1;12.2;9.6;41;335.1;8.4;8.3;8.5;7.4;9.5;288.8888889;136.1111111;233.3333333;4.3
6101100;2;5;37;140;3;6.1;11.9;9.1;42.4;335.1;8.1;8;8.1;7.1;9.5;288.8888889;136.1111111;233.3333333;4.3
6102000;2;5;39;136;2.8;5.9;11.6;9.3;45.7;280.7;8.2;8.1;8.2;7.2;9.2;269.4444444;86.11111111;186.1111111;5.1
6102900;1;5;43;156;2.6;5.8;11.3;9.4;49;267.1;7.8;7.7;7.9;6.9;9.2;269.4444444;86.11111111;186.1111111;5.1
6103800;2;5;43;159;2.6;5.8;11.5;9.5;47.2;267.1;8.3;8.2;8.4;7.3;9.2;269.4444444;86.11111111;186.1111111;5.1
6104700;2;5;43;158;2.9;6.1;11.5;9.9;46.2;267.1;8.4;8.3;8.5;7.4;9.2;269.4444444;86.11111111;186.1111111;5.1
6105600;2;5;43;152;2.7;5.9;11.2;9.7;47.5;200.6;7.7;7.6;7.8;6.7;8.6;272.2222222;30.55555556;41.66666667;4.4
6106500;1;4;43;146;1.8;4.9;10.8;9.6;50.4;167.3;6.8;6.6;6.8;5.9;8.6;272.2222222;30.55555556;41.66666667;4.4
6107400;0;3;43;143;1.3;4.2;10.5;9.5;53.5;167.3;6.2;5.9;6.3;5.2;8.6;272.2222222;30.55555556;41.66666667;4.4
6108300;0;3;43;140;0.9;3.8;10.3;9.2;55.1;167.3;5.7;5.5;5.8;4.8;8.6;272.2222222;30.55555556;41.66666667;4.4
6109200;0;2;43;137;0.3;3.2;10.1;8.9;55.6;91.8;5.1;4.9;5.2;4.1;8;269.4444444;0;0;6.7
6110100;0;1;43;132;-0.5;2.3;9.6;8.7;57.2;54.1;4.1;4;4.2;3.2;8;269.4444444;0;0;6.7
6111000;-1;0;43;129;-1.2;1.4;9.3;8.7;57.6;54.1;3.4;3.2;3.6;2.5;8;269.4444444;0;0;6.7
6111900;-2;0;43;127;-1.6;1.1;9.1;8.7;57.6;54.1;3.1;2.8;3.1;2.2;8;269.4444444;0;0;6.7
6112800;-2;0;43;127;-1.6;1.1;9.2;8.1;56.5;5.8;3.1;2.8;3.1;2.1;7.9;-2775;0;0;5.3
6113700;-2;0;43;127;-1.6;1.1;9.3;8.1;56.3;2.3;3.1;2.7;3;2;7.9;-2775;0;0;5.3
6114600;-2;0;43;127;-1.7;0.9;9;8.1;57.3;2.3;3;2.6;2.9;1.9;7.9;-2775;0;0;5.3
6115500;-2;0;43;127;-2.1;0.6;9;8;58;2.4;2.7;2.3;2.7;1.7;7.9;-2775;0;0;5.3
6116400;-2;0;43;127;-2.1;0.6;9;7.8;58.4;0.3;2.8;2.5;2.8;1.8;7.8;266.6666667;0;0;3.9
6117300;-2;0;43;128;-2.1;0.6;8.8;7.8;58.8;0;2.9;2.6;2.9;1.8;7.8;266.6666667;0;0;3.9
6118200;-2;0;43;127;-2.1;0.6;8.8;7.8;59;0;2.8;2.5;2.8;1.8;7.8;266.6666667;0;0;3.9
6119100;-2;0;43;128;-2.1;0.6;8.7;7.8;58.9;0;3;2.7;3;2;7.8;266.6666667;0;0;3.9
6120000;-2;0;43;127;-2.1;0.6;8.6;7.6;59.4;0;2.8;2.6;3;1.8;7.8;305.5555556;0;0;4.3
6120900;-2;0;43;126;-2.1;0.6;8.6;7.5;60;0;2.8;2.5;2.7;1.7;7.8;305.5555556;0;0;4.3
6121800;-2;0;43;124;-2.1;0.6;8.7;7.5;59.8;0;2.7;2.4;2.7;1.7;7.8;305.5555556;0;0;4.3
6122700;-2;0;43;128;-2.1;0.6;8.9;7.6;58.4;0;3.1;2.8;3.1;2;7.8;305.5555556;0;0;4.3
6123600;-2;0;43;130;-1.9;0.8;9.1;7.4;57.6;0;3.4;3;3.4;2.4;4;327.7777778;0;0;4.6
6124500;-2;1;43;131;-1.5;1.2;9.5;7.3;56.3;0;3.9;3.4;3.7;2.9;4;327.7777778;0;0;4.6
6125400;-2;1;43;132;-1.1;1.6;8.9;7.6;64.3;0;4;3.7;3.9;3;4;327.7777778;0;0;4.6
6126300;-2;0;43;127;-1.3;1.4;6;7.7;85.5;0;3.3;3.1;3.3;2.5;4;327.7777778;0;0;4.6
6127200;-2;0;43;123;-1.9;0.7;5.6;7.6;89.1;0;2.5;2.4;2.6;1.8;3.9;322.2222222;0;0;3.8
6128100;-3;0;43;121;-2.4;0.1;5.7;7.6;89.7;0;2.1;1.9;2.1;1.3;3.9;322.2222222;0;0;3.8
6129000;-3;0;43;119;-2.8;-0.3;5.7;7.6;89.3;0;1.6;1.5;1.7;0.9;3.9;322.2222222;0;0;3.8
6129900;-3;0;43;115;-2.95;-0.6;5.85;7.4;88.7;0;1.45;1.25;1.5;0.7;3.9;322.2222222;0;0;3.8
6130800;-3;0;43;111;-3.1;-0.9;6;7.2;88.1;0;1.3;1;1.3;0.5;4.4;313.8888889;0;0;4.2
6131700;-3;0;43;111;-3.1;-0.9;6.1;7.2;87.5;0;1.4;1.1;1.4;0.6;4.4;313.8888889;0;0;4.2
6132600;-3;0;43;113;-3.1;-0.9;6.1;7.2;88.4;0;1.2;1;1.2;0.3;4.4;313.8888889;0;0;4.2
6133500;-3;0;43;116;-3.6;-0.9;6.3;7.2;87.5;0;1.1;0.9;1.3;0.3;4.4;313.8888889;0;0;4.2
6134400;-3;0;43;116;-3.6;-0.9;6.3;6.9;87.2;0;1;0.9;1.1;0.2;5.1;311.1111111;0;0;4.6
6135300;-3;0;43;120;-3.3;-0.7;6.6;6.9;85.9;0;1.7;1.5;1.8;0.8;5.1;311.1111111;0;0;4.6
6136200;-2;0;39;72;-1.6;-0.4;6.6;6.9;85.8;0;2;1.8;2.1;1.1;5.1;311.1111111;0;0;4.6
6137100;0;0;10;0;0.4;0.1;6.6;6.9;86.2;0;3;3;3.3;1.7;5.1;311.1111111;0;0;4.6
6138000;0;0;0;1;0.4;0.5;6.7;7.1;83;0;3.9;3.7;4.2;2;4.9;277.7777778;0;0;4.8
6138900;0;1;43;125;-0.5;2.2;6.5;7.1;86.5;0;4.3;4.1;4.5;3.4;4.9;277.7777778;0;0;4.8
6139800;-1;0;43;125;-1.6;1;6.4;7.1;86.2;0;2.8;2.6;2.9;2;4.9;277.7777778;0;0;4.8
6140700;-3;0;43;119;-2.5;-0.1;6.3;7.1;85.3;0;1.9;1.6;1.8;1.1;4.9;277.7777778;0;0;4.8
6141600;-3;0;43;116;-3.2;-0.7;6.1;5.2;85.8;0;1.2;1.1;1.4;0.4;4.9;286.1111111;0;0;5.8
6142500;-4;0;43;115;-3.5;-1.1;6.1;4.9;86.3;0;0.9;0.8;1;0;4.9;286.1111111;0;0;5.8
6143400;-4;0;43;115;-3.7;-1.4;6.2;5;85.9;0;0.9;0.7;1;0;4.9;286.1111111;0;0;5.8
6144300;-4;0;43;114;-3.7;-1.4;6.4;5.2;85.5;0;0.8;0.5;0.9;-0.1;4.9;286.1111111;0;0;5.8
6145200;-4;0;43;115;-3.7;-1.4;6.5;5.4;84.9;0;0.8;0.6;1;0;6.1;311.1111111;0;0;6.8
6146100;-4;0;43;116;-3.7;-1.4;6.5;5.4;84.8;0;1.1;0.9;1.1;0.1;6.1;311.1111111;0;0;6.8
6147000;-3;0;43;116;-3.7;-1.3;6.7;5.2;85.4;0;1.2;1.1;1.4;0.2;6.1;311.1111111;0;0;6.8
6147900;-3;0;43;118;-3.2;-0.9;7.2;4.9;84.3;0;1.5;1.4;1.6;0.5;6.1;311.1111111;0;0;6.8
6148800;-3;0;43;119;-3.2;-0.9;7.3;5.1;83.7;0;1.6;1.5;1.7;0.7;6.8;286.1111111;0;0;7
6149700;-3;0;43;121;-3.2;-0.7;7.4;5.1;82.8;0;1.8;1.7;1.9;0.9;6.8;286.1111111;0;0;7
6150600;-3;0;43;123;-2.9;-0.4;7.6;5;81.6;0;2.1;1.9;2.2;1.1;6.8;286.1111111;0;0;7
6151500;-2;0;43;124;-2.7;-0.1;7.6;4.9;81.7;0;2.3;2.2;2.4;1.3;6.8;286.1111111;0;0;7
6152400;-2;0;43;124;-2.7;0.1;7.4;5;80.7;0;2.4;2.2;2.5;1.4;7.3;294.4444444;19.44444444;19.44444444;7.2
6153300;-2;0;43;124;-2.7;0.1;7.7;5;77.8;0;2.5;2.2;2.5;1.5;7.3;294.4444444;19.44444444;19.44444444;7.2
6154200;-2;0;43;125;-2.4;0.1;8;5.4;75.8;0;2.6;2.4;2.7;1.7;7.3;294.4444444;19.44444444;19.44444444;7.2
6155100;-2;0;43;127;-2.2;0.5;8.5;5.9;71.7;0;3;2.7;3;2;7.3;294.4444444;19.44444444;19.44444444;7.2
6156000;-2;0;43;127;-1.8;0.6;8.9;6.1;69.6;1.4;3.3;2.9;3.2;2.2;8;308.3333333;94.44444444;127.7777778;8.1
6156900;-2;0;43;127;-1.7;0.6;8.9;6.2;68.2;1.7;3.3;2.9;3.2;2.2;8;308.3333333;94.44444444;127.7777778;8.1
6157800;-2;0;43;129;-1.7;1;9.4;6.5;66.6;1.6;3.5;3.1;3.5;2.3;8;308.3333333;94.44444444;127.7777778;8.1
6158700;-2;1;43;132;-1.5;1.1;10;7;63.8;1.4;3.8;3.5;3.8;2.7;8;308.3333333;94.44444444;127.7777778;8.1
6159600;-2;1;43;135;-1;1.8;10.4;7.5;61.9;19.6;4.4;4.1;4.4;3.2;8.9;300;138.8888889;172.2222222;8.8
6160500;0;2;43;139;-0.5;2.5;10.8;7.6;59.5;24.1;5;4.8;5;3.8;8.9;300;138.8888889;172.2222222;8.8
6161400;0;2;43;142;0;2.9;10.9;7.7;58.2;24.1;5.5;5.3;5.5;4.3;8.9;300;138.8888889;172.2222222;8.8
6162300;0;3;43;145;0.5;3.5;11.4;7.9;56.1;24.1;6.2;6;6.1;4.9;8.9;300;138.8888889;172.2222222;8.8
6163200;0;4;43;147;1.3;4.1;11.3;8.3;54.6;67;6.7;6.5;6.7;5.5;9.5;305.5555556;200;211.1111111;8.9
6164100;0;4;43;147;1.3;4.1;10.9;8.3;54.7;67;6.8;6.5;6.7;5.6;9.5;305.5555556;200;211.1111111;8.9
6165000;1;4;43;151;1.7;4.9;11;8.4;53.7;67;7.4;7.3;7.5;6.3;9.5;305.5555556;200;211.1111111;8.9
6165900;2;5;43;156;2.6;5.8;11.9;8.5;50.4;67;8.3;8.2;8.4;7.1;9.5;305.5555556;200;211.1111111;8.9
6166800;2;5;43;158;2.8;6.1;11.8;8.9;49.4;113.2;8.6;8.4;8.6;7.4;10;316.6666667;202.7777778;208.3333333;9.2
6167700;2;5;43;158;2.8;6.1;12;9.1;49.2;130;8.6;8.5;8.6;7.5;10;316.6666667;202.7777778;208.3333333;9.2
6168600;2;6;43;162;3.2;6.5;12.6;9.1;47.6;130;9;8.9;9;7.9;10;316.6666667;202.7777778;208.3333333;9.2
6169500;3;6;43;164;3.4;6.8;12.8;9.1;46.4;130;9.4;9.2;9.4;8.3;10;316.6666667;202.7777778;208.3333333;9.2
6170400;3;6;43;165;3.8;7.1;12.7;9.5;46.5;209.9;9.5;9.5;9.6;8.5;10.2;322.2222222;166.6666667;166.6666667;6.8
6171300;3;6;43;161;3.8;7.1;12.4;9.5;47.9;215.6;9.1;9;9.2;8.1;10.2;322.2222222;166.6666667;166.6666667;6.8
6172200;2;6;43;158;3.8;6.8;12.5;9.8;47.9;206.1;8.8;8.7;8.9;7.9;10.2;322.2222222;166.6666667;166.6666667;6.8
6173100;2;6;43;157;3.8;6.6;12.4;10.4;47.9;187.2;8.8;8.7;9;7.8;10.2;322.2222222;166.6666667;166.6666667;6.8
6174000;2;6;43;155;3.8;6.6;12.4;10.6;47.3;194.1;8.8;8.7;9;7.8;10.6;333.3333333;216.6666667;216.6666667;6.5
6174900;2;6;42;190;3.3;6.8;12.5;10.7;46.4;197.5;9;8.9;9.1;8.1;10.6;333.3333333;216.6666667;216.6666667;6.5
6175800;3;6;38;141;3.6;6.9;13;10.5;45.7;197.5;9.3;9.2;9.5;8.2;10.6;333.3333333;216.6666667;216.6666667;6.5
6176700;3;7;43;168;3.8;7.1;13.1;10.4;45.9;197.5;9.7;9.5;9.7;8.7;10.6;333.3333333;216.6666667;216.6666667;6.5
6177600;3;7;43;166;3.8;7.1;12.9;10.5;46.4;208;9.6;9.5;9.7;8.7;9.7;336.1111111;150;152.7777778;5.8
6178500;3;6;43;163;3.8;7.1;12.9;10.5;48.4;211.8;9.4;9.3;9.5;8.5;9.7;336.1111111;150;152.7777778;5.8
6179400;3;6;43;160;3.8;7.1;13.1;10.5;50.3;211.8;9.4;9.3;9.4;8.4;9.7;336.1111111;150;152.7777778;5.8
6180300;3;6;42;195;3.4;7.5;12.9;10.4;52.6;211.8;9.5;9.5;9.6;8.6;9.7;336.1111111;150;152.7777778;5.8
6181200;2;5;39;136;3.1;6.2;10.5;10.1;71.5;162.9;8;8;8.2;7.1;5;322.2222222;200;205.5555556;4
6182100;0;3;43;142;1.2;4.2;7;10;87.2;138.4;5.8;5.8;5.9;5.1;5;322.2222222;200;205.5555556;4
6183000;0;2;43;135;-0.1;2.8;6.5;10.1;90.5;138.4;4.6;4.5;4.7;3.9;5;322.2222222;200;205.5555556;4
6183900;0;1;43;135;-0.5;2.3;6.5;10.2;91.2;138.4;4.2;4.2;4.4;3.4;5;322.2222222;200;205.5555556;4
6184800;0;1;43;138;-0.8;2.1;7;9.2;91.1;140.8;4.4;4.4;4.5;3.6;6.1;322.2222222;108.3333333;108.3333333;4.4
6185700;0;2;43;139;-0.7;2.1;7.4;9;90.5;141.2;4.7;4.6;4.8;3.8;6.1;322.2222222;108.3333333;108.3333333;4.4
6186600;0;2;43;137;-0.3;2.6;7.3;8.8;89.9;141.2;4.6;4.5;4.7;3.6;6.1;322.2222222;108.3333333;108.3333333;4.4
6187500;0;1;43;137;-0.3;2.6;7.2;8.5;89.4;141.2;4.4;4.3;4.5;3.5;6.1;322.2222222;108.3333333;108.3333333;4.4
6188400;0;1;43;136;-0.4;2.4;7.2;8;89.3;130.8;4.3;4.1;4.4;3.3;5.4;300;58.33333333;58.33333333;2.6
6189300;0;1;43;133;-0.8;1.9;7.1;7.6;88.6;123.9;3.9;3.7;4;3;5.4;300;58.33333333;58.33333333;2.6
6190200;0;1;42;131;-1.2;1.6;7.2;5.7;89.1;123.9;3.6;3.4;3.7;2.7;5.4;300;58.33333333;58.33333333;2.6
6191100;-2;0;43;128;-1.3;1.3;7.1;4.1;88.8;123.9;3.4;3.1;3.4;2.5;5.4;300;58.33333333;58.33333333;2.6
6192000;-2;0;43;129;-1.3;1.1;7.1;3.9;88.8;73.4;3.3;3;3.3;2.3;5.5;269.4444444;25;30.55555556;3.1
6192900;-2;0;42;128;-1.7;1.1;7.2;3.9;89.2;65.6;3.1;2.9;3.1;2.2;5.5;269.4444444;25;30.55555556;3.1
6193800;-2;0;42;128;-1.8;1.1;7.3;4.4;89;65.6;3.1;2.8;3.1;2.1;5.5;269.4444444;25;30.55555556;3.1
6194700;-2;0;42;127;-1.8;1.1;7;5.5;88.7;65.6;3;2.8;3.1;2;5.5;269.4444444;25;30.55555556;3.1
6195600;-2;0;42;124;-2.1;0.5;6.6;5.4;89.3;36.8;2.5;2.3;2.5;1.5;5.2;291.6666667;0;0;2.3
6196500;-3;0;42;121;-2.6;0;6.5;5.4;89.1;17.6;2;1.7;2;1.1;5.2;291.6666667;0;0;2.3
6197400;-3;0;42;120;-2.8;-0.4;6.7;5.3;89.3;17.6;1.7;1.5;1.8;0.8;5.2;291.6666667;0;0;2.3
6198300;-3;0;42;120;-2.8;-0.4;6.8;5.1;86.3;17.6;1.7;1.4;1.8;0.8;5.2;291.6666667;0;0;2.3
6199200;-3;0;42;120;-2.8;-0.4;6.9;5;77.1;4.6;1.7;1.4;1.7;0.7;5.4;313.8888889;0;0;3.7
6200100;-3;0;42;120;-2.8;-0.4;6.9;5;74.8;3.7;1.8;1.5;1.9;0.9;5.4;313.8888889;0;0;3.7
6201000;-3;0;42;122;-2.8;-0.4;7.2;5.1;73.9;3.7;2;1.7;2.1;1.1;5.4;313.8888889;0;0;3.7
6201900;-3;0;42;123;-2.8;-0.4;7.4;5.2;74.6;3.7;2.2;1.9;2.3;1.2;5.4;313.8888889;0;0;3.7
6202800;-3;0;42;122;-2.8;-0.4;7.6;5.2;74.6;0.5;2;1.8;2.1;1.2;5.1;319.4444444;0;0;3
6203700;-3;0;42;120;-2.8;-0.4;7.5;5.2;73.5;0;1.7;1.5;1.7;0.8;5.1;319.4444444;0;0;3
6204600;-3;0;42;119;-3;-0.4;7.2;5.1;73.9;0;1.4;1.2;1.5;0.6;5.1;319.4444444;0;0;3
6205500;-3;0;42;117;-3.3;-0.9;7.3;5;73.9;0;1.3;1;1.3;0.4;5.1;319.4444444;0;0;3
6206400;-3;0;42;120;-3.3;-0.9;7.7;4.7;72.8;0;1.6;1.4;1.7;0.8;3.3;313.8888889;0;0;3.6
6207300;-3;0;42;119;-3.3;-0.9;7.4;4.7;74.7;0;1.6;1.3;1.6;0.8;3.3;313.8888889;0;0;3.6
6208200;-3;0;42;117;-3.3;-0.9;7;4.8;76.8;0;1.5;1.2;1.5;0.6;3.3;313.8888889;0;0;3.6
6209100;-4;0;42;114;-3.4;-1;6.5;4.9;78;0;0.9;0.8;0.9;0.1;3.3;313.8888889;0;0;3.6
6210000;-4;-2;42;112;-3.8;-1.6;6.6;4.8;78.7;0;0.4;0.2;0.4;-0.4;4.8;322.2222222;0;0;3.1
6210900;-4;-2;42;111;-4.3;-1.9;6.8;4.8;78.7;0;0.3;0.1;0.2;-0.6;4.8;322.2222222;0;0;3.1
6211800;-4;-2;42;112;-4.3;-1.9;7.1;4.9;78.1;0;0.3;0.2;0.4;-0.4;4.8;322.2222222;0;0;3.1
6212700;-4;-2;42;117;-3.7;-1.3;7.1;4.9;75.5;0;1.4;1.1;1.4;0.4;4.8;322.2222222;0;0;3.1
6213600;-3;0;42;121;-2.9;-0.5;6.2;4.6;82.1;0;2;1.8;2.1;1.1;3.7;305.5555556;0;0;4.4
6214500;-3;0;42;117;-3;-0.5;5.9;4.6;85.1;0;1.5;1.3;1.5;0.6;3.7;305.5555556;0;0;4.4
6215400;-4;0;42;115;-3.3;-0.9;6;3.8;85.8;0;1;0.8;1.1;0.2;3.7;305.5555556;0;0;4.4
6216300;-2;0;32.5;57.5;-1.6;-0.9;6;5.2;85.05;0;1.4;1.25;1.55;0.4;3.7;305.5555556;0;0;4.4
6217200;0;0;23;0;0.1;-0.9;6;6.6;84.3;0;1.8;1.7;2;0.6;3.4;311.1111111;0;0;4.9
6218100;0;0;0;0;0.2;0.2;5.9;7.2;82.2;0;3;2.7;3;1.1;3.4;311.1111111;0;0;4.9
6219000;0;0;0;0;0.2;0.6;6;7.2;81.8;0;3.3;3.1;3.4;1.4;3.4;311.1111111;0;0;4.9
6219900;0;0;0;0;0.2;0.6;5.7;7.2;82;0;3.6;3.3;3.7;1.8;3.4;311.1111111;0;0;4.9
6220800;0;0;0;0;0.4;1;5.7;6.9;82;0;4;3.6;4.1;2.2;2.8;316.6666667;0;0;4.4
6221700;0;1;22;27;0.8;1.5;5.9;6.9;81;0;4;3.7;4.2;2.7;2.8;316.6666667;0;0;4.4
6222600;0;1;0;0;1.2;1.6;5.8;6.9;80.8;0;4;3.7;4.1;2.9;2.8;316.6666667;0;0;4.4
6223500;0;1;22;29;1.1;1.9;5.7;6.9;82.4;0;4.1;3.8;4.3;3.1;2.8;316.6666667;0;0;4.4
6224400;0;1;0;0;1.2;2.1;5.7;7.1;84;0;4.1;3.8;4.2;3.1;2.8;322.2222222;0;0;4.8
6225300;0;1;22;27;1.2;2;5.2;7.1;84.3;0;4;3.8;4.1;3.1;2.8;322.2222222;0;0;4.8
6226200;0;2;0;0;1.2;2;5.1;7.1;86.1;0;4;3.7;4;3;2.8;322.2222222;0;0;4.8
6227100;0;1;23;25;1.2;2.2;5.2;7.1;85.7;0;4;3.7;4.1;3.1;2.8;322.2222222;0;0;4.8
6228000;0;1;0;0;1.2;1.6;5.3;4.4;85.5;0;4;3.7;4;3;2.4;313.8888889;0;0;5
6228900;0;1;23;25;1.2;1.6;5.3;3;83.7;0;4;3.7;4.1;3.1;2.4;313.8888889;0;0;5
6229800;0;1;0;0;1.2;1.6;5.1;2.8;82.9;0;4;3.7;4.1;3.1;2.4;313.8888889;0;0;5
6230700;0;1;23;24;1.2;1.9;5;2.5;82.2;0;3.9;3.7;4.1;3.2;2.4;313.8888889;0;0;5
6231600;0;1;0;0;1.2;1.6;4.9;2.6;83.2;0;3.9;3.7;4;3.1;2.5;300;0;0;4.6
6232500;0;1;23;22;1.2;1.6;5.1;2.6;83.1;0;3.8;3.7;4.1;3.1;2.5;300;0;0;4.6
6233400;0;1;0;0;1.2;1.7;5.1;2.7;82.9;0;3.9;3.6;3.9;3.1;2.5;300;0;0;4.6
6234300;0;2;23;25;1.3;2.6;5;2.8;82.9;0;3.8;3.6;4;3.1;2.5;300;0;0;4.6
6235200;0;1;0;0;1.2;1.7;5;2.7;82.9;0;3.9;3.5;3.9;3;2.7;297.2222222;0;0;4.9
6236100;1;1;10;10;1.5;2.1;4.9;2.7;83.6;0;4.1;3.6;4;3.2;2.7;297.2222222;0;0;4.9
6237000;0;1;14;11;1.1;1.7;5;2.4;82.5;0;3.7;3.4;3.8;2.9;2.7;297.2222222;0;0;4.9
6237900;0;1;0;0;1.3;1.6;5;2.2;81.1;0;3.9;3.6;3.9;3.2;2.7;297.2222222;0;0;4.9
6238800;0;1;21;23;1.2;1.6;4.9;2.1;80.6;0;3.8;3.6;4;3.1;2.4;283.3333333;16.66666667;16.66666667;4.8
6239700;0;1;0;0;1.2;1.6;4.7;2.1;80.6;0;3.8;3.4;3.8;3;2.4;283.3333333;16.66666667;16.66666667;4.8
6240600;1;1;0;0;1.7;1.7;4.6;2.1;80.7;0;4;3.4;3.8;3.4;2.4;283.3333333;16.66666667;16.66666667;4.8
6241500;1;1;0;0;1.8;2.1;4.6;2.2;79.8;0;4.1;3.3;3.8;3.7;2.4;283.3333333;16.66666667;16.66666667;4.8
6242400;1;2;19;25;1.7;2.6;5.2;2.1;77.8;0.9;3.9;3.4;3.9;3.7;2.9;288.8888889;75;77.77777778;4.7
6243300;0;1;3;1;1.1;1.7;5.4;2.1;75.4;1;3.7;3.4;3.8;3;2.9;288.8888889;75;77.77777778;4.7
6244200;1;3;0;0;1.6;3;5.2;2.2;75.4;1;4;3.5;3.9;3.3;2.9;288.8888889;75;77.77777778;4.7
6245100;0;1;23;30;1.1;2.4;5.6;2.4;73.7;1;4.1;3.8;4.2;3.3;2.9;288.8888889;75;77.77777778;4.7
6246000;1;1;0;0;1.4;2.1;6.1;2.7;71.7;18.8;4.5;4;4.4;3.4;3.5;302.7777778;105.5555556;105.5555556;5.8
6246900;1;2;23;48;1.4;2.8;6;2.8;70.6;25.3;5;4.6;5.1;4;3.5;302.7777778;105.5555556;105.5555556;5.8
6247800;1;2;0;0;1.8;2.6;6.7;2.8;69.1;25.3;5.5;5;5.4;4.1;3.5;302.7777778;105.5555556;105.5555556;5.8
6248700;1;3;28;70;2;3.6;6.6;2.7;67.3;25.3;5.8;5.6;5.9;4.8;3.5;302.7777778;105.5555556;105.5555556;5.8
6249600;2;2;0;0;2.5;3.6;6.4;3.1;68.2;65.7;5.6;5.3;5.6;4.5;4.4;300;219.4444444;255.5555556;5.6
6250500;1;3;28;62;2.2;3.6;6.7;3.3;67.3;80.4;5.7;5.6;5.8;4.7;4.4;300;219.4444444;255.5555556;5.6
6251400;1;2;0;0;2.4;3.6;6.7;3.3;67.4;80.4;6;5.8;6;4.6;4.4;300;219.4444444;255.5555556;5.6
6252300;1;4;31;94;2.3;4.3;7.4;3.4;64;80.4;6.7;6.5;6.9;5.5;4.4;300;219.4444444;255.5555556;5.6
6253200;2;3;43;71;2.6;4.1;7.8;3.8;61.3;122.4;6.1;6.1;6.3;5.3;4.6;316.6666667;133.3333333;136.1111111;2.4
6254100;2;3;43;86;2.4;4.3;7.9;3.9;61.4;137.7;6.6;6.5;6.7;5.7;4.6;316.6666667;133.3333333;136.1111111;2.4
6255000;2;5;43;135;2.9;5.6;9.1;3.9;57.9;138;8.4;8.5;8.5;7.4;4.6;316.6666667;133.3333333;136.1111111;2.4
6255900;3;6;43;132;3.8;6.6;9.1;3.9;56.2;138.5;8.4;8.6;8.5;7.3;4.6;316.6666667;133.3333333;136.1111111;2.4
6256800;2;4;43;86;3.5;5.3;8.3;4.3;56.8;212;7;7.1;7.2;6.1;5.2;311.1111111;263.8888889;277.7777778;1.3
6257700;2;4;43;84;3.4;5.1;8.9;4.4;56.1;238.7;6.8;6.8;7;6;5.2;311.1111111;263.8888889;277.7777778;1.3
6258600;2;4;43;84;3.4;5.1;9.1;4.7;55.2;240.8;6.9;6.8;7;6;5.2;311.1111111;263.8888889;277.7777778;1.3
6259500;2;4;43;82;3.4;4.6;9.1;4.9;54.8;241.8;6.9;6.9;7.1;6.1;5.2;311.1111111;263.8888889;277.7777778;1.3
6260400;2;5;43;126;3.5;5.9;9.6;5.2;51.2;258.7;8.3;8.3;8.3;7.4;5.8;313.8888889;211.1111111;219.4444444;2.5
6261300;3;5;43;100;3.9;5.9;9.6;5.3;50.4;267.2;7.8;7.8;7.9;6.8;5.8;313.8888889;211.1111111;219.4444444;2.5
6262200;3;5;43;98;3.9;5.6;9.6;5.1;49.8;267.2;7.6;7.6;7.8;6.8;5.8;313.8888889;211.1111111;219.4444444;2.5
6263100;3;5;43;94;3.9;5.6;9.8;5;48.4;267.2;7.5;7.6;7.7;6.7;5.8;313.8888889;211.1111111;219.4444444;2.5
6264000;2;4;43;91;3.9;5.6;9.8;5.2;48.6;261.5;7.4;7.4;7.6;6.6;4.1;322.2222222;113.8888889;113.8888889;5
6264900;2;4;43;82;3.7;5.3;9.1;5.3;53;258.7;7.1;7.1;7.4;6.3;4.1;322.2222222;113.8888889;113.8888889;5
6265800;2;4;43;65;3.4;4.8;8.4;5.4;59.7;258.7;6.5;6.5;6.7;5.7;4.1;322.2222222;113.8888889;113.8888889;5
6266700;2;3;0;0;3.4;4.1;7.6;5.5;67;258.7;6.3;6.3;6.5;5.4;4.1;322.2222222;113.8888889;113.8888889;5
6267600;2;3;22;44;2.8;4;7;5.5;71;188.1;6.1;6;6.2;5.3;3.7;325;55.55555556;55.55555556;3.2
6268500;2;2;0;0;2.8;3.6;7.8;5.5;70.7;188.1;5.5;5.5;5.7;4.8;3.7;325;55.55555556;55.55555556;3.2
6269400;2;4;22;56;2.6;4.5;8.3;5.6;70.2;188.1;6.1;6.1;6.3;5.2;3.7;325;55.55555556;55.55555556;3.2
6270300;2;3;3;3;2.8;4.1;8.2;5.7;69.7;188.1;5.8;5.8;6;5;3.7;325;55.55555556;55.55555556;3.2
6271200;2;3;20;43;2.5;4.1;7.8;5.6;71.1;177.1;5.9;5.9;6.1;5.2;3.1;325;63.88888889;63.88888889;2.2
6272100;2;2;3;2;2.8;3.6;7.6;5.5;75.2;173.1;5.4;5.3;5.6;4.7;3.1;325;63.88888889;63.88888889;2.2
6273000;2;3;20;37;2.6;3.6;6.8;4.5;82.4;173.1;5.7;5.5;5.7;4.9;3.1;325;63.88888889;63.88888889;2.2
6273900;2;2;3;2;2.4;3.1;6.7;3.8;88.2;173.1;5.3;5.2;5.4;4.5;3.1;325;63.88888889;63.88888889;2.2
6274800;2;3;20;36;2.6;3.3;6.5;3.8;88.2;125.8;5.6;5.4;5.7;4.8;3.5;325;41.66666667;41.66666667;4.3
6275700;2;2;3;2;2.3;3.1;6.8;3.8;87.2;125.8;5.3;5.2;5.4;4.5;3.5;325;41.66666667;41.66666667;4.3
6276600;2;3;20;37;2.5;3.3;6.3;3.6;85.5;125.8;5.6;5.4;5.7;4.8;3.5;325;41.66666667;41.66666667;4.3
6277500;2;3;3;2;2.4;3.6;6.1;3.5;86.3;125.8;5.2;5.1;5.4;4.5;3.5;325;41.66666667;41.66666667;4.3
6278400;2;4;20;39;2.5;4.8;6.1;3.5;86.6;81.6;5.5;5.3;5.6;4.7;3.9;255.5555556;16.66666667;19.44444444;4.2
6279300;2;2;3;2;2.3;3;6.2;3.5;85.5;78.4;5.2;5.1;5.3;4.4;3.9;255.5555556;16.66666667;19.44444444;4.2
6280200;2;2;20;34;2.3;3;5.9;3.2;85.1;78.4;5.4;5.2;5.5;4.6;3.9;255.5555556;16.66666667;19.44444444;4.2
6281100;1;2;3;2;2.2;3;5.3;2.9;84.4;78.4;4.9;4.6;5;4.2;3.9;255.5555556;16.66666667;19.44444444;4.2
6282000;2;2;20;22;2.4;2.9;4.9;3;85;30.5;4.8;4.6;5;4.2;3.4;252.7777778;0;0;1.9
6282900;1;1;3;1;2.1;2.5;4.8;3;85.4;18.5;4.5;4.1;4.6;3.7;3.4;252.7777778;0;0;1.9
6283800;1;2;20;17;1.9;2.5;4.6;3.1;85.7;18.5;4.5;4;4.5;3.8;3.4;252.7777778;0;0;1.9
6284700;1;1;3;1;1.7;2;4.5;3.3;86.1;18.5;4.2;3.7;4.2;3.4;3.4;252.7777778;0;0;1.9
6285600;1;1;0;0;2.1;2.1;4.6;3.5;86.3;6.1;4.4;3.7;4.2;3.8;3.8;272.2222222;0;0;2.2
6286500;1;4;2;5;2.2;4.6;4.7;3.6;86.1;1.6;4.6;3.6;4.3;4;3.8;272.2222222;0;0;2.2
6287400;1;1;20;18;1.6;2.3;5;3.7;84.5;1.6;4.3;3.8;4.3;3.5;3.8;272.2222222;0;0;2.2
6288300;1;1;0;0;1.8;2;5.3;4;82.9;1.6;4.5;3.9;4.5;3.7;3.8;272.2222222;0;0;2.2
6289200;1;1;22;22;1.7;2;5.3;4.2;82.9;0.4;4.3;4;4.4;3.7;4.2;311.1111111;0;0;2.6
6290100;1;1;0;0;1.8;2;5.3;4.3;82.5;0;4.4;4;4.4;3.7;4.2;311.1111111;0;0;2.6
6291000;1;1;22;23;1.7;2.4;5.5;4.1;81.3;0;4.4;4.1;4.6;3.7;4.2;311.1111111;0;0;2.6
6291900;1;1;0;0;1.8;2.5;5.9;3.6;80.6;0;4.6;4.2;4.7;3.8;4.2;311.1111111;0;0;2.6
6292800;1;2;22;26;1.7;2.5;6;3.5;81.6;0;4.7;4.4;4.8;3.9;2.9;308.3333333;0;0;2.2
6293700;1;2;0;0;2;2.5;5;3.5;87;0;4.7;4.4;4.8;3.9;2.9;308.3333333;0;0;2.2
6294600;1;1;22;22;1.7;2.4;4.9;3.5;89;0;4.3;4.1;4.5;3.6;2.9;308.3333333;0;0;2.2
6295500;1;2;0;0;1.9;2.6;5.2;3.6;89.6;0;4.4;4;4.4;3.6;2.9;308.3333333;0;0;2.2
6296400;1;1;22;20;1.7;2.4;5.3;3.7;89.2;0;4.2;4;4.3;3.6;3.5;294.4444444;0;0;1.3
6297300;1;1;0;0;1.7;2;5.6;3.7;89.6;0;4.5;4;4.4;3.6;3.5;294.4444444;0;0;1.3
6298200;1;1;22;22;1.7;2;5.5;3.9;89.1;0;4.3;4;4.4;3.6;3.5;294.4444444;0;0;1.3
6299100;1;1;0;0;1.7;2;5.5;4.2;89;0;4.4;4;4.4;3.6;3.5;294.4444444;0;0;1.3
6300000;1;1;22;22;1.7;2;5.4;4.2;88.6;0;4.3;4;4.4;3.6;3.5;305.5555556;0;0;1.8
6300900;1;1;0;0;1.7;2;5.1;4.2;88.6;0;4.4;3.9;4.3;3.7;3.5;305.5555556;0;0;1.8
6301800;1;1;22;19;1.7;2;5.3;3.8;89.1;0;4.2;3.9;4.3;3.5;3.5;305.5555556;0;0;1.8
6302700;1;1;0;0;1.6;2;5.5;2.9;88.2;0;4.5;3.9;4.4;3.6;3.5;305.5555556;0;0;1.8
6303600;1;2;22;27;1.7;2.6;5.4;6.1;86.6;0;4.4;4;4.5;3.7;3.6;305.5555556;0;0;2.9
6304500;1;2;0;0;1.7;2.5;5.5;7.2;86.2;0;4.6;4.1;4.5;3.8;3.6;305.5555556;0;0;2.9
6305400;1;2;22;26;1.7;2.5;5.7;7.2;85;0;4.5;4.1;4.6;3.8;3.6;305.5555556;0;0;2.9
6306300;1;1;0;0;1.8;2.5;5.6;7.2;84.3;0;4.7;4.2;4.6;3.8;3.6;305.5555556;0;0;2.9
6307200;1;1;22;24;1.7;2.5;5.6;7;84.2;0;4.5;4.1;4.5;3.7;3.5;-2775;0;0;3
6308100;1;1;0;0;1.8;2.5;5.6;6.9;83.7;0;4.6;4.1;4.5;3.7;3.5;-2775;0;0;3
6309000;1;1;22;21;1.7;2.3;5.2;6.9;84.3;0;4.3;3.9;4.4;3.5;3.5;-2775;0;0;3
6309900;1;1;0;0;1.7;2;5.2;6.9;84.4;0;4.3;3.8;4.2;3.5;3.5;-2775;0;0;3
6310800;1;1;22;14;1.8;2;5;7;84.7;0;4.1;3.7;4.2;3.4;2.6;258.3333333;0;0;3.9
6311700;1;3;0;0;1.6;2.9;4.7;7.1;84.9;0;4;3.4;3.9;3.2;2.6;258.3333333;0;0;3.9
6312600;1;4;0;0;1.8;4.7;4.4;7.1;85.4;0;4.1;3.3;3.8;3.6;2.6;258.3333333;0;0;3.9
6313500;1;3;0;0;2.1;4.6;4.2;7.1;85.7;0;4.3;3.2;3.8;3.9;2.6;258.3333333;0;0;3.9
6314400;1;3;0;0;2.4;4;4.2;4.6;85.7;0;4.4;3;3.7;4.2;2.2;269.4444444;0;0;4
6315300;1;1;21;12;1.8;2.5;4;3.4;85.6;0;3.7;2.9;3.6;3.2;2.2;269.4444444;0;0;4
6316200;0;0;0;0;1.5;1.5;3.9;3.4;85.6;0;3.4;2.8;3.3;2.9;2.2;269.4444444;0;0;4
6317100;1;1;0;0;1.6;1.6;3.8;3.4;85.6;0;3.7;2.7;3.2;3.2;2.2;269.4444444;0;0;4
6318000;1;1;0;0;2;2;3.7;3.4;85.6;0;3.8;2.6;3.3;3.5;2.5;308.3333333;0;0;3.4
6318900;1;2;0;0;2.1;2.5;3.4;3.4;85.9;0;3.9;2.7;3.2;3.9;2.5;308.3333333;0;0;3.4
6319800;1;2;0;0;2.5;2.8;3.7;2.9;86.9;0;3.9;3.3;3.3;4.1;2.5;308.3333333;0;0;3.4
6320700;1;4;7;17;2.6;5;4.5;2.6;86.7;0;3.8;3.5;3.5;4.3;2.5;308.3333333;0;0;3.4
6321600;1;1;15;7;1.4;2;5;2.6;84.9;0;3.9;3.4;3.9;3.2;2.6;319.4444444;0;0;2.8
6322500;1;1;0;0;1.5;2;5.3;2.6;84.2;0;4.3;3.6;4;3.5;2.6;319.4444444;0;0;2.8
6323400;1;1;23;21;1.4;2;5.4;2.3;83.9;0;4;3.7;4.1;3.3;2.6;319.4444444;0;0;2.8
6324300;1;1;0;0;1.5;2;5.5;2.1;83.7;0;4.2;3.7;4.1;3.4;2.6;319.4444444;0;0;2.8
6325200;1;1;23;22;1.5;2;5.6;2;83.9;0;4.1;3.8;4.2;3.3;2.5;322.2222222;5.555555556;5.555555556;4
6326100;1;1;0;0;1.5;2;5.7;2;84.1;0;4.3;3.9;4.2;3.5;2.5;322.2222222;5.555555556;5.555555556;4
6327000;1;1;23;20;1.5;2;5.8;2.1;84.4;0;4.1;3.9;4.3;3.4;2.5;322.2222222;5.555555556;5.555555556;4
6327900;1;1;0;0;1.5;2;5.9;2.3;84.2;0;4.3;4;4.3;3.5;2.5;322.2222222;5.555555556;5.555555556;4
6328800;1;1;23;21;1.5;2;6;2.2;84.1;1.7;4.2;4;4.3;3.5;2.9;322.2222222;61.11111111;61.11111111;6.1
6329700;1;2;0;0;1.6;2.6;5.9;2.2;83.6;2;4.3;4;4.3;3.6;2.9;322.2222222;61.11111111;61.11111111;6.1
6330600;1;2;23;29;1.5;2.5;5.9;2.3;82.8;2;4.3;4.1;4.4;3.5;2.9;322.2222222;61.11111111;61.11111111;6.1
6331500;1;2;0;0;1.6;2.3;6;2.4;81.3;2;4.5;4.2;4.5;3.6;2.9;322.2222222;61.11111111;61.11111111;6.1
6332400;1;2;24;34;1.6;2.5;6.2;2.5;79.3;14.4;4.6;4.4;4.9;3.9;2.7;325;61.11111111;61.11111111;7.3
6333300;1;2;0;0;1.9;2.5;6.4;2.5;78.6;17.5;5;4.7;5;4;2.7;325;61.11111111;61.11111111;7.3
6334200;1;2;24;35;1.8;2.8;6;2.5;78.4;17.5;4.8;4.7;5;4.1;2.7;325;61.11111111;61.11111111;7.3
6335100;1;2;0;0;2;2.5;5.5;2.5;81.6;17.5;4.7;4.5;4.8;4;2.7;325;61.11111111;61.11111111;7.3
6336000;1;2;24;28;1.8;2.5;5.5;2.8;82.2;56.8;4.6;4.5;4.8;3.9;3.7;327.7777778;91.66666667;94.44444444;6.8
6336900;1;2;0;0;2;2.5;6.2;2.8;81.3;56.8;5;4.8;5.1;4;3.7;327.7777778;91.66666667;94.44444444;6.8
6337800;1;2;25;51;1.8;3.3;6.7;3;79.5;56.8;5.4;5.4;5.6;4.5;3.7;327.7777778;91.66666667;94.44444444;6.8
6338700;1;4;0;0;2.4;4.4;6.9;3.1;78.8;56.8;5.6;5.5;5.8;4.7;3.7;327.7777778;91.66666667;94.44444444;6.8
6339600;1;3;25;58;2.2;4.2;6.8;3.6;78.6;65.9;5.5;5.5;5.7;4.8;4.5;330.5555556;144.4444444;144.4444444;7
6340500;2;2;0;0;2.5;3.5;6.8;3.6;78.7;66.6;5.6;5.4;5.7;4.7;4.5;330.5555556;144.4444444;144.4444444;7
6341400;1;3;26;58;2.3;3.6;7.1;3.6;78.9;66.6;5.7;5.7;5.9;5;4.5;330.5555556;144.4444444;144.4444444;7
6342300;2;3;0;0;2.5;3.5;7.3;3.6;79.8;66.6;5.9;5.8;6.1;4.9;4.5;330.5555556;144.4444444;144.4444444;7
6343200;1;3;32;75;2.3;4;8.1;3.9;79.4;109.4;6.3;6.3;6.5;5.5;5.1;330.5555556;194.4444444;194.4444444;5.7
6344100;2;3;43;64;2.5;4;8.3;4;78.8;116;6.1;6.1;6.3;5.3;5.1;330.5555556;194.4444444;194.4444444;5.7
6345000;2;3;43;67;2.5;4;8.4;4.1;79.1;121.4;6.2;6.1;6.4;5.5;5.1;330.5555556;194.4444444;194.4444444;5.7
6345900;2;3;43;73;2.5;4.1;8.9;4.2;76.5;132.3;6.5;6.5;6.7;5.8;5.1;330.5555556;194.4444444;194.4444444;5.7
6346800;2;4;43;84;3;4.5;9.4;4.6;74;161.7;6.9;6.9;7.1;6.2;5.4;319.4444444;211.1111111;222.2222222;4.8
6347700;2;4;43;89;3;4.8;9.7;4.7;72.2;172.4;7.2;7.3;7.4;6.4;5.4;319.4444444;211.1111111;222.2222222;4.8
6348600;2;4;43;86;3;5;9.3;4.8;71;172.4;7.2;7.2;7.4;6.3;5.4;319.4444444;211.1111111;222.2222222;4.8
6349500;2;4;43;75;3;5;9;4.9;71.5;172.4;6.9;6.8;7.1;6;5.4;319.4444444;211.1111111;222.2222222;4.8
6350400;2;4;43;90;3;5.1;9.7;5.3;68.2;205.6;7.4;7.3;7.6;6.5;6.6;280.5555556;225;402.7777778;4.7
6351300;3;4;43;87;3.5;5.5;9.4;5.4;68.1;217.7;7.4;7.4;7.6;6.4;6.6;280.5555556;225;402.7777778;4.7
6352200;2;4;43;87;3.5;5.5;9.4;5.4;68.8;217.7;7.5;7.4;7.6;6.6;6.6;280.5555556;225;402.7777778;4.7
6353100;3;5;43;121;3.6;6;9.7;5.5;65;217.7;8.6;8.7;8.8;7.6;6.6;280.5555556;225;402.7777778;4.7
6354000;3;6;43;119;4;6.5;9.3;5.7;63.2;222.6;8.7;8.8;8.9;7.6;6.7;-2775;169.4444444;366.6666667;5.5
6354900;3;5;43;105;4;6.5;9.1;5.8;57.9;225;8.5;8.5;8.7;7.4;6.7;-2775;169.4444444;366.6666667;5.5
6355800;3;5;43;106;4;6.3;8.8;5.7;57.1;225;8.4;8.4;8.6;7.3;6.7;-2775;169.4444444;366.6666667;5.5
6356700;3;5;43;90;4;6;9.1;5.6;55.1;225;7.9;7.9;8.1;6.9;6.7;-2775;169.4444444;366.6666667;5.5
6357600;3;5;43;104;4;6;9.2;5.8;54.3;195.5;8.4;8.4;8.6;7.4;7.5;277.7777778;113.8888889;263.8888889;3.9
6358500;4;7;43;143;4.4;7.4;10.1;5.8;52.1;191;9.7;9.8;9.8;8.5;7.5;277.7777778;113.8888889;263.8888889;3.9
6359400;4;6;43;100;4.5;6.8;9.6;6.1;52.4;191;8.6;8.6;8.8;7.5;7.5;277.7777778;113.8888889;263.8888889;3.9
6360300;3;5;43;98;4.5;6.1;9.5;6.7;54.8;191;8.5;8.4;8.6;7.5;7.5;277.7777778;113.8888889;263.8888889;3.9
6361200;4;6;43;124;4.5;6.8;10.2;6.6;52.7;175.4;9.3;9.4;9.5;8.3;7.2;272.2222222;75;111.1111111;4.6
6362100;4;6;43;118;4.5;7.3;10.7;6.5;50.3;167.6;9.2;9.3;9.4;8.2;7.2;272.2222222;75;111.1111111;4.6
6363000;4;6;43;106;4.5;7;10.6;6.6;52.5;167.6;8.9;8.9;9.1;8;7.2;272.2222222;75;111.1111111;4.6
6363900;3;5;43;76;4.5;6.1;9.7;6.6;52.9;167.6;7.9;7.8;8.1;7;7.2;272.2222222;75;111.1111111;4.6
6364800;3;4;32;45;4.1;5.2;9;6.4;55.5;133.8;7.1;6.9;7.2;6.2;6.8;297.2222222;13.88888889;13.88888889;5.2
6365700;3;4;0;0;4;5;8.7;6.4;57.6;128.6;7.2;7;7.4;6.2;6.8;297.2222222;13.88888889;13.88888889;5.2
6366600;3;4;23;56;3.4;5.2;8.8;6.7;58;128.6;7.1;6.8;7.2;6.4;6.8;297.2222222;13.88888889;13.88888889;5.2
6367500;3;4;0;0;3.8;5;9;7.4;58.7;128.6;7.1;6.7;7;6.1;6.8;297.2222222;13.88888889;13.88888889;5.2
6368400;3;4;22;50;3.3;4.8;7.1;7.3;79.6;68;6.7;6.4;6.7;5.9;4.6;247.2222222;0;0;6.2
6369300;3;3;0;0;3.5;4.5;6.6;7.2;79.8;45.9;6.3;6;6.3;5.6;4.6;247.2222222;0;0;6.2
6370200;2;3;22;33;3.1;4;6.3;7.2;79.4;45.9;5.8;5.6;5.9;5.2;4.6;247.2222222;0;0;6.2
6371100;2;3;0;0;3;3.5;6.2;7.2;79.3;45.9;5.5;5.2;5.5;4.9;4.6;247.2222222;0;0;6.2
6372000;2;2;22;18;2.7;3.2;5.8;6.8;79.9;14.7;5.1;4.7;5.1;4.4;3.8;258.3333333;0;0;6.1
6372900;2;5;0;0;2.6;4.8;5.5;6.7;80.5;3.3;4.9;4.4;4.8;4.2;3.8;258.3333333;0;0;6.1
6373800;2;5;0;0;3;5.9;5.4;6.6;80.3;3.3;5.1;4.2;4.8;4.6;3.8;258.3333333;0;0;6.1
6374700;2;4;0;0;3.1;5.5;5.5;6.5;78.4;3.2;5.2;4.2;4.8;4.9;3.8;258.3333333;0;0;6.1
6375600;1;2;23;17;2.4;3.2;5.6;6;76.9;0.9;4.7;4.2;4.8;4.1;4.4;308.3333333;0;0;6.6
6376500;2;2;0;0;2.4;2.9;5.7;5.8;76.2;0;4.8;4.2;4.8;4.2;4.4;308.3333333;0;0;6.6
6377400;1;2;22;14;2;2.9;6.1;5.2;75;0;4.7;4.4;4.8;4.1;4.4;308.3333333;0;0;6.6
6378300;1;2;0;0;2.4;2.9;6.3;4.1;73.5;0;5;4.5;5;4.2;4.4;308.3333333;0;0;6.6
6379200;1;2;22;23;2.2;2.9;6.7;4;72.2;0;5;4.7;5.2;4.3;4.9;319.4444444;0;0;5
6380100;2;2;0;0;2.4;2.9;6.9;4;70.5;0;5.3;4.9;5.3;4.5;4.9;319.4444444;0;0;5
6381000;2;2;22;30;2.2;3.2;7.1;3.9;69.7;0;5.3;5;5.5;4.6;4.9;319.4444444;0;0;5
6381900;2;3;0;0;2.5;3.6;7.2;3.6;69.5;0;5.4;5;5.4;4.6;4.9;319.4444444;0;0;5
6382800;2;3;22;33;2.5;3.6;7.1;3.6;70.7;0;5.3;5;5.5;4.6;4.3;305.5555556;0;0;5.6
6383700;2;2;0;0;2.5;3.4;6.8;3.6;71.5;0;5.4;5.1;5.4;4.6;4.3;305.5555556;0;0;5.6
6384600;2;2;22;30;2.5;3.4;6.8;3.8;71.7;0;5.3;5;5.4;4.6;4.3;305.5555556;0;0;5.6
6385500;2;2;0;0;2.4;3.4;6.6;4.3;72;0;5.3;5;5.4;4.6;4.3;305.5555556;0;0;5.6
6386400;2;2;22;30;2.2;3.4;6.7;4.2;71.5;0;5.2;5;5.4;4.5;4.2;311.1111111;0;0;5.6
6387300;2;2;0;0;2.5;3.4;6.7;4.2;71.7;0;5.3;5;5.4;4.6;4.2;311.1111111;0;0;5.6
6388200;2;2;22;30;2.2;3.2;6.4;4.3;72.4;0;5.2;5;5.3;4.5;4.2;311.1111111;0;0;5.6
6389100;2;2.5;22;33.5;2.3;3.35;6.45;5.35;71.7;0;5.25;5.05;5.35;4.55;4.2;311.1111111;0;0;5.6
6390000;2;3;22;37;2.4;3.5;6.5;6.4;71;0;5.3;5.1;5.4;4.6;4.1;311.1111111;0;0;4.9
6390900;2;3;0;0;2.4;3.4;6.6;7.2;70.7;0;5.3;5.1;5.4;4.6;4.1;311.1111111;0;0;4.9
6391800;2;2;22;33;2.4;3.4;6.4;7.2;69.7;0;5.2;5;5.4;4.6;4.1;311.1111111;0;0;4.9
6392700;2;2;0;0;2.4;2.9;6.6;7.2;69.7;0;5.3;5;5.3;4.6;4.1;311.1111111;0;0;4.9
6393600;2;2;22;30;2.4;3.1;6.6;7;69.1;0;5.2;5;5.3;4.5;4.1;300;0;0;6.2
6394500;2;2;0;0;2.4;2.9;6.6;6.9;69.4;0;5.2;4.9;5.3;4.5;4.1;300;0;0;6.2
6395400;1;2;22;28;2.4;2.9;6.4;6.9;69.8;0;5.1;4.8;5.1;4.4;4.1;300;0;0;6.2
6396300;2;2;0;0;2.3;2.9;6.4;6.9;69.5;0;5.1;4.7;5.1;4.3;4.1;300;0;0;6.2
6397200;1;2;22;28;2.1;2.9;6.3;7;68.3;0;5;4.7;5;4.3;4;311.1111111;0;0;5.4
6398100;1;4;0;0;2.3;3.9;6.2;7.1;67.6;0;5;4.7;5;4.3;4;311.1111111;0;0;5.4
6399000;1;3;22;33;2.1;3.6;6.3;7.1;68;0;5;4.7;5.1;4.3;4;311.1111111;0;0;5.4
6399900;1;2;0;0;2.3;2.9;6.3;7.1;68.8;0;5.1;4.8;5.1;4.3;4;311.1111111;0;0;5.4
6400800;1;2;22;29;2.1;2.9;6.3;4.2;69.7;0;5;4.8;5.2;4.3;3.7;308.3333333;0;0;6
6401700;1;2;0;0;2.3;2.9;6.2;3.7;70.4;0;5.1;4.8;5.2;4.4;3.7;308.3333333;0;0;6
6402600;1;2;22;29;2.1;2.9;6.2;3.8;70.1;0;5;4.8;5.1;4.3;3.7;308.3333333;0;0;6
6403500;1;2;0;0;2.3;2.9;6.1;3.9;71.1;0;5;4.7;5.1;4.3;3.7;308.3333333;0;0;6
6404400;1;2;22;26;2.1;2.9;5.8;3.8;74.1;0;4.8;4.6;4.9;4.1;3.2;311.1111111;0;0;4.7
6405300;1;2;0;0;2.3;2.9;5.9;3.7;72.6;0;4.7;4.4;4.8;4;3.2;311.1111111;0;0;4.7
6406200;1;2;22;20;1.9;2.7;5.9;3.8;72.6;0;4.6;4.3;4.7;3.9;3.2;311.1111111;0;0;4.7
6407100;1;4;0;0;2.1;4.4;5.8;3.9;73.4;0;4.6;4.2;4.6;3.9;3.2;311.1111111;0;0;4.7
6408000;1;2;22;24;1.9;3.1;5.7;3.7;72.2;0;4.4;4.2;4.5;3.7;2.8;311.1111111;0;0;5.2
6408900;1;1;0;0;1.9;2.4;5.6;3.6;73.1;0;4.5;4.2;4.5;3.8;2.8;311.1111111;0;0;5.2
6409800;1;1;22;18;1.9;2.4;5.4;3.6;76;0;4.4;4.1;4.5;3.7;2.8;311.1111111;0;0;5.2
6410700;1;1;0;0;1.9;2.4;5.4;3.5;75.5;0;4.4;4;4.4;3.7;2.8;311.1111111;0;0;5.2
6411600;1;2;18;17;2.1;2.4;5.4;3.4;73.8;0;4.4;4.1;4.5;3.8;3.3;311.1111111;11.11111111;11.11111111;6.7
6412500;1;1;3;1;1.8;2.4;5.5;3.3;73;0;4.2;4;4.3;3.6;3.3;311.1111111;11.11111111;11.11111111;6.7
6413400;1;1;15;14;1.8;2.4;5.7;3.1;72.4;0;4.5;4.2;4.6;3.8;3.3;311.1111111;11.11111111;11.11111111;6.7
6414300;1;1;6;5;1.8;2.4;5.8;3;71.5;0;4.4;4.1;4.5;3.6;3.3;311.1111111;11.11111111;11.11111111;6.7
6415200;1;2;16;23;1.9;3;6.1;2.9;70.7;2.7;4.6;4.3;4.8;3.9;3.3;316.6666667;30.55555556;30.55555556;5.2
6416100;1;2;6;6;1.8;2.5;6.2;2.9;69.6;2.7;4.5;4.3;4.6;3.8;3.3;316.6666667;30.55555556;30.55555556;5.2
6417000;1;3;16;25;2;3.2;6.2;2.8;69.7;2.8;4.8;4.6;4.9;4;3.3;316.6666667;30.55555556;30.55555556;5.2
6417900;1;2;6;6;1.8;2.9;6.1;2.7;70.2;2.9;4.8;4.6;4.9;4.1;3.3;316.6666667;30.55555556;30.55555556;5.2
6418800;1;2;16;21;2.1;2.9;6.1;2.9;71.5;40.6;5.1;4.8;5.1;4.3;2.7;313.8888889;86.11111111;86.11111111;5.1
6419700;1;2;6;6;1.9;2.9;6;2.9;73.6;46.4;4.7;4.5;4.8;3.9;2.7;313.8888889;86.11111111;86.11111111;5.1
6420600;1;2;16;17;2.1;2.9;5.8;3.1;77.1;46.4;4.8;4.6;4.9;4.1;2.7;313.8888889;86.11111111;86.11111111;5.1
6421500;1;2;6;7;1.8;2.5;6.3;3.5;78.4;46.4;4.8;4.6;4.9;4;2.7;313.8888889;86.11111111;86.11111111;5.1
6422400;1;2;15;29;2.1;2.7;6.3;3.8;80.8;105.4;5.5;5.4;5.6;4.5;4;313.8888889;175;175;4.9
6423300;2;2;9;14;2.3;3.4;6.6;3.9;80;126.9;5.5;5.4;5.6;4.7;4;313.8888889;175;175;4.9
6424200;2;3;14;35;2.4;3.5;7.1;3.9;74.6;126.9;6;5.9;6.1;5;4;313.8888889;175;175;4.9
6425100;2;3;12;24;2.7;3.9;7.5;3.8;70.1;126.9;5.8;5.8;6;5;4;313.8888889;175;175;4.9
6426000;2;4;11;35;2.7;4.6;7.9;4;67.9;182.2;6.7;6.7;6.8;5.4;3.7;313.8888889;194.4444444;197.2222222;4.2
6426900;2;3;15;39;2.7;4.2;7.8;4.2;66.4;219;6.1;6.1;6.3;5.3;3.7;313.8888889;194.4444444;197.2222222;4.2
6427800;2;3;7;14;2.9;4;8;3.6;66.8;209.1;6.8;6.7;6.9;5.6;3.7;313.8888889;194.4444444;197.2222222;4.2
6428700;2;4;20;59;2.9;4.6;7.4;3.1;68.8;200.4;6.4;6.4;6.6;5.6;3.7;313.8888889;194.4444444;197.2222222;4.2
6429600;2;3;1;1;3.2;4.4;7.5;3.7;70.4;267.8;6.6;6.6;6.8;5.5;4.9;313.8888889;227.7777778;227.7777778;4.5
6430500;2;3;43;88;2.7;4.6;7.9;3.8;68.6;278.2;6.5;6.6;6.8;6;4.9;313.8888889;227.7777778;227.7777778;4.5
6431400;2;4;43;79;3.2;4.4;8.8;4.3;65.2;263.6;6.8;6.8;7;6.1;4.9;313.8888889;227.7777778;227.7777778;4.5
6432300;2;4;43;82;3.2;4.9;9.2;4.9;62.3;246.9;7;7;7.2;6.2;4.9;313.8888889;227.7777778;227.7777778;4.5
6433200;2;4;43;77;3.2;4.9;9.4;5.5;59.5;305;6.9;6.9;7.1;6.1;4.2;316.6666667;130.5555556;130.5555556;4.6
6434100;2;4;43;66;3.2;4.7;8.9;5.6;58.4;313.9;6.6;6.6;6.8;5.8;4.2;316.6666667;130.5555556;130.5555556;4.6
6435000;2;3;43;59;3.2;4.4;8.7;5;59.6;313.9;6.3;6.2;6.5;5.5;4.2;316.6666667;130.5555556;130.5555556;4.6
6435900;2;3;3;4;3.2;4.4;8;4.3;63;313.9;6.3;6.2;6.5;5.3;4.2;316.6666667;130.5555556;130.5555556;4.6
6436800;2;3;20;51;3;4.4;8;4.8;63;319.6;6.6;6.5;6.7;5.7;5.3;311.1111111;147.2222222;147.2222222;4.9
6437700;2;4;36;95;2.5;4.4;9.1;4.9;57.6;321;6.6;6.5;6.7;5.9;5.3;311.1111111;147.2222222;147.2222222;4.9
6438600;0;3;43;144;1.5;4.3;9.1;5;54.3;321;6.3;6.2;6.3;5.5;5.3;311.1111111;147.2222222;147.2222222;4.9
6439500;0;2;43;136;0.3;3.2;8.6;5.3;54.5;321;5;4.9;5;4.2;5.3;311.1111111;147.2222222;147.2222222;4.9
6440400;0;1;43;133;-0.5;2.3;8.8;5.4;52.9;296.7;4.2;4.1;4.2;3.3;6;305.5555556;191.6666667;205.5555556;2.6
6441300;0;1;43;133;-0.8;1.9;9;5.4;50.2;284.6;4;3.8;3.9;2.9;6;305.5555556;191.6666667;205.5555556;2.6
6442200;0;1;43;134;-0.8;1.9;9.4;5.1;49.6;284.6;4.2;4;4.1;3.2;6;305.5555556;191.6666667;205.5555556;2.6
6443100;0;1;43;135;-0.8;1.9;9.8;4.1;48.5;284.6;4.3;4.2;4.3;3.3;6;305.5555556;191.6666667;205.5555556;2.6
6444000;0;1;43;135;-0.8;1.9;9.8;4.2;47.3;207.4;4.2;4.1;4.2;3.3;6.4;291.6666667;130.5555556;138.8888889;3.5
6444900;0;1;43;135;-0.8;1.9;9.5;4.2;46.7;207.4;4.2;4.1;4.3;3.2;6.4;291.6666667;130.5555556;138.8888889;3.5
6445800;0;1;43;136;-0.8;1.9;9.8;4.6;47.5;207.4;4.4;4.2;4.4;3.4;6.4;291.6666667;130.5555556;138.8888889;3.5
6446700;0;2;43;138;-0.4;2.3;10.1;5.2;46.2;207.4;4.8;4.7;4.9;3.7;6.4;291.6666667;130.5555556;138.8888889;3.5
6447600;0;2;43;136;-0.3;2.4;9.5;5;47.3;165.6;4.6;4.4;4.6;3.6;6.3;308.3333333;52.77777778;52.77777778;3.8
6448500;0;1;43;136;-0.3;2.4;9.5;5;47.8;155.2;4.5;4.4;4.5;3.5;6.3;308.3333333;52.77777778;52.77777778;3.8
6449400;0;1;43;135;-0.3;2.4;9.6;5.3;48;155.2;4.4;4.3;4.4;3.4;6.3;308.3333333;52.77777778;52.77777778;3.8
6450300;0;1;43;132;-0.8;2;8.8;5.7;53.2;155.2;3.9;3.7;4;3;6.3;308.3333333;52.77777778;52.77777778;3.8
6451200;-1;0;43;129;-1.3;1.4;8.4;5.5;54.8;141.6;3.3;3.1;3.4;2.4;3.6;313.8888889;5.555555556;5.555555556;2.9
6452100;-2;0;43;127;-1.8;0.9;8.1;5.4;58.1;138.2;2.9;2.7;2.9;1.9;3.6;313.8888889;5.555555556;5.555555556;2.9
6453000;-2;0;43;125;-2;0.6;7.1;5.7;70.1;138.2;2.5;2.3;2.6;1.6;3.6;313.8888889;5.555555556;5.555555556;2.9
6453900;-3;0;43;119;-2.7;-0.2;6.5;6.1;79.9;138.2;1.6;1.5;1.7;0.9;3.6;313.8888889;5.555555556;5.555555556;2.9
6454800;-4;0;43;115;-3.3;-1;6.7;5.8;78.6;52.5;0.9;0.8;1.1;0.2;3.5;283.3333333;0;0;2.3
6455700;-4;0;43;114;-3.8;-1.1;6.8;5.7;77.2;31.1;0.8;0.6;0.8;0;3.5;283.3333333;0;0;2.3
6456600;-4;0;43;115;-3.8;-1.1;6.3;5.8;81;31.1;0.9;0.6;0.9;0.1;3.5;283.3333333;0;0;2.3
6457500;-4;-1;43;113;-3.8;-1.6;5.5;6;82.2;31.1;0.5;0.3;0.6;-0.2;3.5;283.3333333;0;0;2.3
6458400;-4;-2;43;109;-4.2;-1.9;5.3;5.6;83.3;9;-0.1;-0.3;0;-0.7;3.3;319.4444444;0;0;2.4
6459300;-5;-2;43;109;-4.7;-2.1;5.4;5.5;82.4;3.5;-0.1;-0.3;0.1;-0.8;3.3;319.4444444;0;0;2.4
6460200;-4;-2;43;111;-4.6;-2.1;5.8;4.7;81.8;3.5;0.2;-0.1;0.3;-0.7;3.3;319.4444444;0;0;2.4
6461100;-4;-2;43;115;-4.2;-1.9;5.8;3.2;80.2;3.5;0.7;0.5;0.8;-0.2;3.3;319.4444444;0;0;2.4
6462000;-4;-2;43;115;-3.8;-1.6;5.5;3.1;83.3;0.7;0.8;0.7;0.9;0;3.2;316.6666667;0;0;2.4
6462900;-4;-2;43;111;-3.9;-1.6;5.5;3.1;84.1;0;0.4;0.2;0.5;-0.5;3.2;316.6666667;0;0;2.4
6463800;-4;-2;43;111;-4.3;-1.6;5.7;3.1;83.8;0;0.3;0;0.4;-0.6;3.2;316.6666667;0;0;2.4
6464700;-4;-2;43;111;-4.3;-1.9;5.8;3.2;82.5;0;0.2;-0.1;0.2;-0.8;3.2;316.6666667;0;0;2.4
6465600;-4;-2;43;111;-4.3;-2.1;5.7;3.1;80.7;0;0.2;-0.1;0.3;-0.6;3.2;319.4444444;0;0;1.9
6466500;-4;-2;43;112;-4.3;-2.1;5.9;3;80.4;0;0.3;0.2;0.4;-0.5;3.2;319.4444444;0;0;1.9
6467400;-4;-2;43;109;-4.3;-2.1;6;3;79.9;0;0.2;-0.1;0.2;-0.7;3.2;319.4444444;0;0;1.9
6468300;-5;-2;43;108;-4.3;-2.1;6;3;79.7;0;-0.1;-0.4;-0.1;-1;3.2;319.4444444;0;0;1.9
6469200;-5;-2;43;108;-4.7;-2.4;6.2;2.9;79.3;0;-0.4;-0.7;-0.3;-1.2;3.2;302.7777778;0;0;3.3
6470100;-5;-3;43;107;-4.8;-2.6;6.2;2.9;79;0;-0.6;-0.8;-0.5;-1.4;3.2;302.7777778;0;0;3.3
6471000;-5;-3;43;106;-5;-2.8;6.3;2.9;78.4;0;-0.9;-1.1;-0.8;-1.6;3.2;302.7777778;0;0;3.3
6471900;-5;-3;43;105;-5.3;-3.1;6.3;3;76.9;0;-1;-1.3;-1;-1.9;3.2;302.7777778;0;0;3.3
6472800;-5;-3;43;105;-5.3;-3.1;6.3;3;77.1;0;-1;-1.2;-0.9;-1.9;2.9;302.7777778;0;0;3.4
6473700;-5;-3;43;104;-5.3;-3.1;6.3;3;76.9;0;-1.2;-1.4;-1.1;-2;2.9;302.7777778;0;0;3.4
6474600;-6;-3;43;103;-5.6;-3.5;6;3.2;77.5;0;-1.4;-1.6;-1.3;-2.2;2.9;302.7777778;0;0;3.4
6475500;-6;-3.5;43;101.5;-5.7;-3.55;5.9;4.7;78.05;0;-1.45;-1.7;-1.4;-2.25;2.9;302.7777778;0;0;3.4
6476400;-6;-4;43;100;-5.8;-3.6;5.8;6.2;78.6;0;-1.5;-1.8;-1.5;-2.3;2.9;313.8888889;0;0;3.4
6477300;-6;-4;43;101;-5.8;-3.6;5.9;7.2;77.9;0;-1.5;-1.7;-1.4;-2.3;2.9;313.8888889;0;0;3.4
6478200;-6;-4;43;102;-5.8;-3.6;6.1;7.2;77.1;0;-1.5;-1.9;-1.6;-2.5;2.9;313.8888889;0;0;3.4
6479100;-6;-4;43;102;-5.8;-3.6;6.1;7.2;77.2;0;-1.7;-2;-1.7;-2.5;2.9;313.8888889;0;0;3.4
6480000;-6;-4;43;102;-5.8;-3.6;6.1;7;77;0;-1.8;-1.9;-1.7;-2.5;2.9;319.4444444;0;0;3.6
6480900;-6;-4;43;102;-5.8;-3.6;6.2;6.9;76.8;0;-1.7;-2;-1.7;-2.5;2.9;319.4444444;0;0;3.6
6481800;-6;-4;42;100;-5.9;-4.1;6.1;6.9;76.8;0;-1.9;-2;-1.9;-2.7;2.9;319.4444444;0;0;3.6
6482700;-6;-4;43;100;-6.3;-4.1;6.2;6.9;76.4;0;-2;-2.3;-2;-2.8;2.9;319.4444444;0;0;3.6
6483600;-6;-4;43;103;-6.2;-4.1;6.2;7;76.9;0;-1.6;-1.8;-1.6;-2.3;2.8;313.8888889;0;0;2.9
6484500;-6;-4;43;101;-5.8;-4.1;6;7.1;78;0;-1.5;-1.7;-1.5;-2.3;2.8;313.8888889;0;0;2.9
6485400;-6;-4;43;102;-5.8;-4.1;6.1;7.1;78.2;0;-1.6;-1.9;-1.6;-2.4;2.8;313.8888889;0;0;2.9
6486300;-6;-4;43;104;-5.8;-3.9;6.1;7.1;78.7;0;-1.5;-1.6;-1.4;-2.2;2.8;313.8888889;0;0;2.9
6487200;-6;-4;43;102;-5.8;-3.6;5.8;4.2;80.7;0;-1.5;-1.7;-1.5;-2.3;2.5;311.1111111;0;0;3.5
6488100;-6;-4;43;102;-5.8;-3.7;5.7;2.7;81.6;0;-1.8;-2;-1.7;-2.6;2.5;311.1111111;0;0;3.5
6489000;-6;-4;42;101;-6.3;-4.1;5.7;2.7;81.6;0;-2;-2.2;-2;-2.9;2.5;311.1111111;0;0;3.5
6489900;-6;-4;42;101;-6.3;-4.1;5.6;2.7;80.6;0;-1.9;-2.3;-1.9;-2.8;2.5;311.1111111;0;0;3.5
6490800;-6;-4;43;103;-6.3;-4.1;5.4;2.6;80;0;-1.7;-2;-1.7;-2.6;2.2;308.3333333;0;0;2.9
6491700;-6;-4;43;102;-6.3;-4.1;5.2;2.5;79.8;0;-1.6;-2;-1.7;-2.5;2.2;308.3333333;0;0;2.9
6492600;-6;-4;43;100;-6.3;-4.1;5.2;2.6;79.7;0;-1.7;-2.1;-1.7;-2.5;2.2;308.3333333;0;0;2.9
6493500;-6;-4;42;100;-6.3;-4.1;5;2.6;80;0;-1.7;-2.1;-1.8;-2.7;2.2;308.3333333;0;0;2.9
6494400;-6;-4;43;100;-6.3;-4.1;5;2.5;80.2;0;-2;-2.3;-2.1;-3.1;2.2;319.4444444;0;0;2.4
6495300;-6;-4;42;101;-6.3;-4.1;5.2;2.5;80.2;0;-2.1;-2.3;-2.1;-2.8;2.2;319.4444444;0;0;2.4
6496200;-6;-4;43;101;-6.3;-4.1;5.4;2.4;80;0;-1.8;-2.1;-1.9;-2.7;2.2;319.4444444;0;0;2.4
6497100;-6;-4;42;101;-6.3;-4.1;5.4;2.3;79.7;0;-1.8;-2.1;-2;-2.6;2.2;319.4444444;0;0;2.4
6498000;-6;-4;42;102;-6.3;-4.1;5.3;2.2;79.7;0;-1.7;-2;-1.7;-2.6;2.3;322.2222222;5.555555556;5.555555556;2.3
6498900;-6;-4;43;102;-6.3;-4.1;5.2;2.1;80.2;0;-1.6;-1.8;-1.6;-2.5;2.3;322.2222222;5.555555556;5.555555556;2.3
6499800;-6;-4;43;102;-6.1;-4.1;5.4;2.1;79.8;0;-1.5;-1.7;-1.5;-2.4;2.3;322.2222222;5.555555556;5.555555556;2.3
6500700;-6;-4;43;102;-5.8;-4.1;5.4;2;79.7;0;-1.4;-1.7;-1.4;-2.4;2.3;322.2222222;5.555555556;5.555555556;2.3
6501600;-6;-4;43;102;-5.8;-3.9;5.6;1.9;79.5;4.3;-1.3;-1.6;-1.4;-2.2;2.4;316.6666667;55.55555556;55.55555556;2.6
6502500;-6;-3;43;103;-5.8;-3.6;5.7;1.9;79;4.3;-1.2;-1.5;-1.4;-2.2;2.4;316.6666667;55.55555556;55.55555556;2.6
6503400;-6;-3;43;102;-5.8;-3.6;5.8;2;79.6;4.1;-1.3;-1.6;-1.3;-2.2;2.4;316.6666667;55.55555556;55.55555556;2.6
6504300;-6;-3;43;103;-5.8;-3.6;6;2;78.9;4;-1.3;-1.5;-1.3;-2.1;2.4;316.6666667;55.55555556;55.55555556;2.6
6505200;-6;-3;43;104;-5.8;-3.6;5.9;2;78.7;35.3;-1.1;-1.3;-1.2;-2;2.9;294.4444444;144.4444444;197.2222222;2.2
6506100;-5;-3;43;105;-5.7;-3.5;6.3;2;77.9;37.5;-0.9;-1.1;-0.9;-1.9;2.9;294.4444444;144.4444444;197.2222222;2.2
6507000;-5;-3;43;106;-5.3;-3.1;6.5;2.1;77;37.5;-0.8;-0.9;-0.7;-1.7;2.9;294.4444444;144.4444444;197.2222222;2.2
6507900;-5;-3;43;107;-5.3;-3.1;6.8;2.2;75;37.5;-0.5;-0.7;-0.6;-1.5;2.9;294.4444444;144.4444444;197.2222222;2.2
6508800;-5;-3;43;108;-5.3;-3;7.1;2.3;72.2;93.7;-0.4;-0.5;-0.4;-1.4;4.1;-2775;194.4444444;322.2222222;3.4
6509700;-5;-2;43;111;-4.9;-2.5;7.4;2.3;69.1;102.4;0.1;-0.1;0.1;-1;4.1;-2775;194.4444444;322.2222222;3.4
6510600;-4;-1;43;118;-3.7;-1.2;8.2;2.4;67.6;102.4;1.4;1.3;1.4;0.2;4.1;-2775;194.4444444;322.2222222;3.4
6511500;-3;0;43;119;-3.1;-0.6;8.4;2.5;65.6;102.4;2;1.9;2;0.7;4.1;-2775;194.4444444;322.2222222;3.4
6512400;-2;0;43;126;-2.4;0.2;8.2;2.7;61.8;134;2.8;2.8;3;1.4;4.7;308.3333333;244.4444444;275;1.6
6513300;-2;1;43;133;-1.4;1.3;8.4;2.7;57.4;141.9;4.1;4.1;4.1;2.4;4.7;308.3333333;244.4444444;275;1.6
6514200;-1;1;43;137;-0.7;2.1;9;2.9;54;154.6;4.9;4.9;4.7;3.1;4.7;308.3333333;244.4444444;275;1.6
6515100;0;1;43;133;-0.5;2.2;9.2;3.2;55.1;180.1;4.3;4.4;4.3;2.9;4.7;308.3333333;244.4444444;275;1.6
6516000;0;1;43;137;-0.7;2.1;9.3;3.4;52.7;230.1;4.7;4.6;4.7;3.4;5.3;316.6666667;141.6666667;144.4444444;3.1
6516900;0;2;43;141;0.2;3.3;9.4;3.5;52.7;248.3;5.6;5.7;5.6;4.3;5.3;316.6666667;141.6666667;144.4444444;3.1
6517800;0;2;43;142;0.3;3.4;10;3.8;54.1;256;5.7;5.7;5.8;4.5;5.3;316.6666667;141.6666667;144.4444444;3.1
6518700;0;3;43;142;0.7;3.4;10.3;4.5;51;277.1;5.9;5.8;5.9;4.7;5.3;316.6666667;141.6666667;144.4444444;3.1
6519600;0;2;43;136;0.3;3.1;9.6;4.6;51.7;323.4;5;4.9;5;3.9;3.5;322.2222222;83.33333333;83.33333333;2.8
6520500;0;1;43;128;-0.8;1.9;8.4;4.7;58;346.5;3.7;3.6;3.7;2.8;3.5;322.2222222;83.33333333;83.33333333;2.8
6521400;-2;0;43;124;-1.8;0.8;7.7;4.9;63.7;346.5;2.7;2.5;2.8;1.7;3.5;322.2222222;83.33333333;83.33333333;2.8
6522300;-3;0;43;121;-2.3;0;6.6;5;74.1;346.5;2.1;2;2.2;1.2;3.5;322.2222222;83.33333333;83.33333333;2.8
6523200;-3;0;43;121;-2.5;-0.1;5.3;5;86.5;332.1;1.9;1.9;2.1;1.2;1.5;319.4444444;102.7777778;102.7777778;1.6
6524100;-3;0;43;121;-2.8;-0.1;4.7;5;88.5;332.1;1.8;1.8;1.9;1;1.5;319.4444444;102.7777778;102.7777778;1.6
6525000;-3;0;43;119;-2.8;-0.2;4.1;5.3;90.3;332.1;1.6;1.6;1.7;0.8;1.5;319.4444444;102.7777778;102.7777778;1.6
6525900;-3;0;43;118;-3.2;-0.6;4.2;5.5;91.6;332.1;1.2;1.2;1.4;0.5;1.5;319.4444444;102.7777778;102.7777778;1.6
6526800;-4;-1;43;113;-3.6;-1.3;4.3;5.3;91.5;253.7;0.6;0.6;0.7;-0.2;3.1;297.2222222;202.7777778;238.8888889;2.3
6527700;-4;-2;43;112;-4.2;-1.6;5.1;5.3;92.1;248.1;0.3;0.3;0.4;-0.5;3.1;297.2222222;202.7777778;238.8888889;2.3
6528600;-4;-2;43;114;-3.8;-1.6;6.2;4.5;92.6;248.1;1;0.9;1;0;3.1;297.2222222;202.7777778;238.8888889;2.3
6529500;-3;-1;43;120;-3.4;-0.9;6.7;3.5;92.2;248.1;1.7;1.6;1.7;0.6;3.1;297.2222222;202.7777778;238.8888889;2.3
6530400;-2;0;43;125;-2.6;0;7;3.2;91.9;192.3;2.5;2.4;2.6;1.4;4.3;308.3333333;119.4444444;163.8888889;3
6531300;-2;0;43;125;-2.3;0.4;6.8;3.2;90.9;183.7;2.7;2.6;2.8;1.6;4.3;308.3333333;119.4444444;163.8888889;3
6532200;-2;0;43;123;-2.3;0.4;6.5;2.4;91;183.7;2.5;2.3;2.5;1.5;4.3;308.3333333;119.4444444;163.8888889;3
6533100;-2;0;43;127;-2.1;0.4;6.9;1.1;91.6;183.7;3.1;3;3.1;1.9;4.3;308.3333333;119.4444444;163.8888889;3
6534000;-2;0;43;124;-2;0.4;5.4;1;89.6;168.4;2.6;2.5;2.7;1.6;2.2;313.8888889;44.44444444;44.44444444;3.1
6534900;-3;0;43;120;-2.5;0;4.3;1;91.2;160.8;1.8;1.7;2;1;2.2;313.8888889;44.44444444;44.44444444;3.1
6535800;-3;0;43;116;-3.1;-0.8;4.2;1.5;92.1;160.8;1.1;1;1.3;0.3;2.2;313.8888889;44.44444444;44.44444444;3.1
6536700;-4;-1;43;110;-3.8;-1.4;4.6;2.6;92.4;160.8;0.4;0.3;0.6;-0.4;2.2;313.8888889;44.44444444;44.44444444;3.1
6537600;-4;-2;43;111;-4.3;-1.9;4.8;2.5;92.1;138.9;0.1;0.1;0.3;-0.7;2.6;308.3333333;27.77777778;30.55555556;3.3
6538500;-4;-2;43;109;-4.3;-2.1;4.8;2.4;92.3;127.9;-0.1;-0.3;0;-0.9;2.6;308.3333333;27.77777778;30.55555556;3.3
6539400;-5;-3;43;107;-4.7;-2.5;5;2.9;92.1;127.9;-0.5;-0.7;-0.5;-1.4;2.6;308.3333333;27.77777778;30.55555556;3.3
6540300;-5;-3;43;106;-4.8;-2.6;5.1;4;91.7;127.9;-0.8;-0.9;-0.8;-1.6;2.6;308.3333333;27.77777778;30.55555556;3.3
6541200;-5;-3;43;106;-5.1;-2.9;4.9;3.6;91.4;66.8;-0.8;-1;-0.8;-1.8;1.3;311.1111111;0;0;2.5
6542100;-5;-3;43;105;-5.3;-3.1;5;3.4;90.8;36.2;-1;-1.1;-0.9;-1.9;1.3;311.1111111;0;0;2.5
6543000;-5;-3;43;108;-5.3;-3.1;4.7;2.3;90.6;36.2;-0.6;-0.9;-0.5;-1.5;1.3;311.1111111;0;0;2.5
6543900;-5;-2;43;109;-4.8;-2.6;3.7;1.8;90.9;36.2;-0.1;-0.3;-0.2;-1.1;1.3;311.1111111;0;0;2.5
6544800;-5;-3;43;105;-4.8;-2.7;3.6;1.9;91.5;15.9;-0.7;-0.9;-0.7;-1.5;0.7;286.1111111;0;0;0.9
6545700;-5;-3;43;100;-5.4;-3.2;3.6;1.9;90.9;5.7;-1.3;-1.5;-1.2;-2.1;0.7;286.1111111;0;0;0.9
6546600;-6;-4;42;99;-5.9;-3.8;3.6;2.1;91.1;5.7;-1.9;-2;-1.9;-2.7;0.7;286.1111111;0;0;0.9
6547500;-7;-4;42;97;-6.5;-4.4;3.5;2.7;91.1;5.7;-2.5;-2.7;-2.4;-3.3;0.7;286.1111111;0;0;0.9
6548400;-7;-5;42;95;-6.9;-4.9;3.3;2.4;90.6;1.9;-3;-3.1;-2.9;-3.8;0.8;280.5555556;0;0;2.6
6549300;-8;-5;42;93;-7.3;-5.5;3.3;2.2;90.6;0;-3.4;-3.6;-3.4;-4.3;0.8;280.5555556;0;0;2.6
6550200;-8;-6;42;92;-7.8;-5.7;2.9;1.8;90.6;0;-3.7;-4;-3.7;-4.6;0.8;280.5555556;0;0;2.6
6551100;-8;-6;42;92;-7.8;-6.1;2.8;0.8;90.6;0;-3.7;-4.2;-3.8;-4.7;0.8;280.5555556;0;0;2.6
6552000;-8;-6;42;91;-7.8;-6.1;2.7;0.7;90.6;0;-3.9;-4.2;-3.9;-4.8;0.8;300;0;0;2.8
6552900;-8;-6;42;90;-8.2;-6.3;2.8;0.6;90.6;0;-4.2;-4.5;-4.2;-5.1;0.8;300;0;0;2.8
6553800;-8;-7;42;87;-8.3;-6.6;3.2;0.5;90.6;0;-4.5;-4.6;-4.4;-5.3;0.8;300;0;0;2.8
6554700;-9;-7;42;88;-8.5;-6.6;3.4;0.4;90.6;0;-4.6;-4.8;-4.6;-5.5;0.8;300;0;0;2.8
6555600;-9;-7;42;88;-8.8;-6.6;3.4;0.3;90.6;0;-4.6;-4.8;-4.6;-5.4;1.1;291.6666667;0;0;2.4
6556500;-9;-7;42;88;-8.8;-6.6;3.6;0.3;90.6;0;-4.6;-4.8;-4.6;-5.5;1.1;291.6666667;0;0;2.4
6557400;-9;-7;42;88;-8.8;-6.6;3.7;0.4;90.6;0;-4.6;-4.8;-4.6;-5.5;1.1;291.6666667;0;0;2.4
6558300;-9;-7;42;88;-8.8;-6.6;3.7;0.5;90.6;0;-4.6;-4.9;-4.6;-5.6;1.1;291.6666667;0;0;2.4
6559200;-7;-7;21;41;-6.3;-6.9;3.8;0.4;90.6;0;-4.6;-4.7;-4.7;-5.7;0.2;255.5555556;0;0;2.9
6560100;-3;-2;0;0;-2.8;-3.6;3.6;0.4;90.1;0;-4;-3.9;-3.9;-5.2;0.2;255.5555556;0;0;2.9
6561000;-6;-4;35;66;-5.7;-4.6;3.1;0.5;90.1;0;-3.1;-3.2;-2.9;-4.1;0.2;255.5555556;0;0;2.9
6561900;-6;-5;24.5;46.5;-6;-5.4;2.75;0.3;90.15;0;-3.85;-4;-3.8;-4.75;0.2;255.5555556;0;0;2.9
6562800;-6;-6;14;27;-6.3;-6.2;2.4;0.1;90.2;0;-4.6;-4.8;-4.7;-5.4;0.2;280.5555556;0;0;2.3
6563700;-5;-2;0;0;-5.2;-2.1;2.6;0.1;90.6;0;-4;-4.1;-3.9;-4.9;0.2;280.5555556;0;0;2.3
6564600;-7;-5;38;82;-6.8;-4.7;2.6;0.1;90.6;0;-3.1;-3.3;-3;-3.7;0.2;280.5555556;0;0;2.3
6565500;-8;-6;42;91;-7.7;-5.8;2.7;0.1;90.6;0;-3.9;-4.1;-3.9;-4.5;0.2;280.5555556;0;0;2.3
6566400;-8;-6;42;88;-8.3;-6.4;2.8;-0.2;90.6;0;-4.5;-4.7;-4.4;-5.3;0.4;297.2222222;0;0;2.4
6567300;-7;-6;13;26;-6.7;-6.3;2.9;-0.2;90.6;0;-4.6;-4.7;-4.5;-5.6;0.4;297.2222222;0;0;2.4
6568200;-6;-2;0;0;-5.7;-2.6;3.1;-0.2;90.6;0;-4;-3.9;-3.7;-5.1;0.4;297.2222222;0;0;2.4
6569100;-7;-4;38;88;-6.8;-4.6;3.2;-0.2;90.6;0;-2.9;-3;-2.7;-3.8;0.4;297.2222222;0;0;2.4
6570000;-8;-6;42;91;-7.6;-5.7;3.3;-0.5;90.4;0;-3.9;-3.9;-3.8;-4.6;0.4;288.8888889;0;0;1.9
6570900;-8;-7;42;87;-8.3;-6.4;3.3;-0.6;90.1;0;-4.6;-4.7;-4.5;-5.4;0.4;288.8888889;0;0;1.9
6571800;-6;-5;9;16;-6.3;-5.9;3.1;-0.6;90.1;0;-4.6;-4.6;-4.5;-5.6;0.4;288.8888889;0;0;1.9
6572700;-6;-2;0;0;-5.5;-2.7;3;-0.6;90.1;0;-3.9;-4;-3.8;-5.1;0.4;288.8888889;0;0;1.9
6573600;-7;-5;40;88;-6.9;-4.9;3.1;-0.6;90.1;0;-3;-3.1;-2.9;-3.9;0.4;297.2222222;0;0;1.8
6574500;-8;-6;42;91;-7.7;-5.9;3.1;-0.6;90.1;0;-4;-4.1;-3.9;-4.6;0.4;297.2222222;0;0;1.8
6575400;-8;-6;42;89;-8.3;-6.4;3;-0.4;90.1;0;-4.5;-4.6;-4.4;-5.2;0.4;297.2222222;0;0;1.8
6576300;-7;-6;19;40;-7;-6.5;3.1;0.1;90.1;0;-4.7;-4.8;-4.6;-5.6;0.4;297.2222222;0;0;1.8
6577200;-6;-2;0;0;-5.6;-3;3.3;-0.1;90.1;0;-4.1;-4.1;-4;-5.2;0.5;297.2222222;0;0;1.9
6578100;-6;-4;29;60;-6.4;-3.7;3.4;-0.2;90.1;0;-3.1;-3.1;-2.9;-4.1;0.5;297.2222222;0;0;1.9
6579000;-8;-6;42;90;-7.5;-5.7;3.4;-0.1;89.6;0;-3.8;-3.9;-3.7;-4.5;0.5;297.2222222;0;0;1.9
6579900;-8;-6;42;89;-8.1;-6.2;3.4;0.2;89.6;0;-4.3;-4.4;-4.2;-5.1;0.5;297.2222222;0;0;1.9
6580800;-9;-7;36;72;-8.2;-6.8;3.4;0;89.6;0;-4.7;-4.9;-4.7;-5.6;0.4;294.4444444;0;0;1.3
6581700;-6;-4;0;0;-6;-4.6;3.4;-0.1;89.6;0;-4.3;-4.3;-4.2;-5.4;0.4;294.4444444;0;0;1.3
6582600;-6;-3;15;28;-6;-3.4;3.5;0;89.6;0;-3.3;-3.4;-3.1;-4.2;0.4;294.4444444;0;0;1.3
6583500;-7;-5;42;92;-7.2;-5.2;3.4;0.2;89.6;0;-3.4;-3.5;-3.4;-4.2;0.4;294.4444444;0;0;1.3
6584400;-8;-6;42;90;-7.9;-6.1;3.5;0;89.6;0;-4.2;-4.3;-4.1;-5;0.4;283.3333333;38.88888889;41.66666667;1.6
6585300;-8;-7;33;68;-8.1;-6.7;3.4;-0.1;89.6;0;-4.7;-4.8;-4.7;-5.5;0.4;283.3333333;38.88888889;41.66666667;1.6
6586200;-6;-3;0;0;-5.9;-4.4;3.3;0;89.6;0;-4.3;-4.3;-4.2;-5.3;0.4;283.3333333;38.88888889;41.66666667;1.6
6587100;-6;-3;18;40;-6.2;-3.6;3.3;0.3;89.8;0;-3.2;-3.2;-3;-4.2;0.4;283.3333333;38.88888889;41.66666667;1.6
6588000;-7;-5;42;93;-7;-5.1;3.4;0.2;89.8;6.1;-3.1;-3.3;-3.1;-3.9;1;-2775;125;166.6666667;2
6588900;-8;-6;42;92;-7.5;-5.6;3.6;0.2;90.1;9.2;-3.6;-3.8;-3.5;-4.4;1;-2775;125;166.6666667;2
6589800;-8;-6;42;92;-7.9;-5.7;4.1;0.3;90.6;9.2;-3.7;-3.9;-3.7;-4.6;1;-2775;125;166.6666667;2
6590700;-8;-6;42;94;-7.9;-5.7;4.3;0.5;90.1;9.2;-3.3;-3.6;-3.3;-4.3;1;-2775;125;166.6666667;2
6591600;-7;-5;42;97;-7.4;-5.4;5.2;0.9;90.8;64.9;-2.7;-3;-2.7;-3.8;2.2;250;133.3333333;322.2222222;1.7
6592500;-7;-4;42;99;-6.9;-4.7;5.2;1.1;89.6;92.8;-2.2;-2.4;-2.2;-3.3;2.2;250;133.3333333;322.2222222;1.7
6593400;-6;-4;42;100;-6.5;-4.6;5.3;1.1;90.2;92.8;-1.9;-2.1;-1.9;-3;2.2;250;133.3333333;322.2222222;1.7
6594300;-6;-3;43;105;-5.9;-3.7;6;1.1;89.9;92.8;-1;-1.2;-1;-2.2;2.2;250;133.3333333;322.2222222;1.7
6595200;-5;-2;43;109;-5;-2.8;6.4;1.9;87;184.2;-0.1;-0.2;-0.1;-1.4;3.4;272.2222222;236.1111111;416.6666667;3.6
6596100;-4;-2;43;114;-4.3;-1.9;6.7;1.9;77.2;184.2;0.8;0.7;0.8;-0.6;3.4;272.2222222;236.1111111;416.6666667;3.6
6597000;-3;-1;43;122;-3.1;-0.6;7;1.9;67.1;184.2;2.1;2;2.2;0.6;3.4;272.2222222;236.1111111;416.6666667;3.6
6597900;-2;0;43;120;-2.5;-0.2;6.7;1.9;63.7;184.2;2.2;2.2;2.4;0.9;3.4;272.2222222;236.1111111;416.6666667;3.6
6598800;-3;0;43;118;-2.9;-0.5;6.7;2.8;63.8;288;1.7;1.7;1.8;0.6;3;294.4444444;175;180.5555556;4.7
6599700;-2;0;43;127;-2.3;0.3;7.8;2.8;55.9;288;3.1;3.1;3.1;1.6;3;294.4444444;175;180.5555556;4.7
6600600;-1;1;43;138;-0.8;2;8.7;2.8;55.3;288;5;4.9;4.7;3;3;294.4444444;175;180.5555556;4.7
6601500;0;3;43;143;0.7;3.6;9.2;2.8;53.3;288;6.1;6.2;6;4.2;3;294.4444444;175;180.5555556;4.7
6602400;0;1;43;132;-0.3;2.4;8.1;3.5;55.3;357.8;4.3;4.3;4.4;3;3.6;277.7777778;277.7777778;372.2222222;2.4
6603300;-1;0;43;125;-1.5;1.1;7.5;3.6;55.7;362.8;2.9;2.9;3;2;3.6;277.7777778;277.7777778;372.2222222;2.4
6604200;-2;0;43;122;-2.2;0.3;7.6;3.9;56.2;382.8;2.3;2.2;2.3;1.4;3.6;277.7777778;277.7777778;372.2222222;2.4
6605100;-3;0;43;122;-2.5;0.1;8.3;4.4;54.6;412.7;2.2;2;2.1;1.2;3.6;277.7777778;277.7777778;372.2222222;2.4
6606000;-2;0;43;123;-2.5;-0.1;8.7;5;52.2;450.3;2.5;2.4;2.5;1.4;4.5;305.5555556;191.6666667;244.4444444;3.6
6606900;-2;0;43;130;-1.8;0.8;8.7;5.2;51.9;459.7;3.5;3.4;3.4;2.5;4.5;305.5555556;191.6666667;244.4444444;3.6
6607800;-2;1;43;134;-1.2;1.5;9.4;4.7;49.6;459.7;4.2;4.1;4.1;3.1;4.5;305.5555556;191.6666667;244.4444444;3.6
6608700;0;1;43;136;-0.5;2.3;9.2;4;46.8;459.7;4.6;4.5;4.5;3.5;4.5;305.5555556;191.6666667;244.4444444;3.6
6609600;0;1;43;131;-0.9;1.9;8.6;4.5;49.6;454.9;3.8;3.7;3.8;2.7;4.8;269.4444444;227.7777778;538.8888889;2
6610500;-1;0;43;129;-1.3;1.3;8.9;4.6;46.9;453.7;3.5;3.3;3.5;2.4;4.8;269.4444444;227.7777778;538.8888889;2
6611400;-2;0;43;130;-1.5;1.3;8.7;4.4;50.3;453.7;3.6;3.5;3.6;2.6;4.8;269.4444444;227.7777778;538.8888889;2
6612300;-1;1;43;137;-1;1.8;7.9;4.2;55.4;453.7;4.6;4.5;4.5;3.5;4.8;269.4444444;227.7777778;538.8888889;2
6613200;0;3;43;148;0.7;3.7;8.2;4.5;56.1;413.5;6.6;6.7;6.5;5.4;5.4;252.7777778;138.8888889;525;1.8
6614100;2;5;43;162;2.9;6.2;8.5;4.6;55.3;403.5;8.8;9;8.9;7.4;5.4;252.7777778;138.8888889;525;1.8
6615000;2;6;43;160;3.5;6.8;7.7;4.7;55.8;403.5;8.8;9;9;7.7;5.4;252.7777778;138.8888889;525;1.8
6615900;3;6;43;161;3.5;6.8;7.7;4.9;54.7;403.5;9.1;9.3;9.2;7.9;5.4;252.7777778;138.8888889;525;1.8
6616800;3;6;43;162;3.5;6.8;7.9;5.1;51.1;344.2;9.3;9.4;9.3;7.9;5.3;266.6666667;158.3333333;450;2.2
6617700;3;6;43;162;3.5;6.8;8.3;5.1;49.4;329.4;9.3;9.3;9.3;7.8;5.3;266.6666667;158.3333333;450;2.2
6618600;2;6;43;160;3.5;6.8;8.4;5.1;47.9;329.4;9;9;9;7.6;5.3;266.6666667;158.3333333;450;2.2
6619500;2;6;43;158;3.5;6.7;8.4;5;46.2;329.4;8.7;8.7;8.8;7.5;5.3;266.6666667;158.3333333;450;2.2
6620400;2;5;43;156;3.1;6.3;8.5;4.8;44.7;280.4;8.4;8.4;8.5;7.2;3.3;286.1111111;88.88888889;108.3333333;1.6
6621300;2;5;43;154;3;6.2;9;4.7;44.4;268.2;8.2;8.1;8.3;6.9;3.3;286.1111111;88.88888889;108.3333333;1.6
6622200;1;4;43;146;2.2;5.3;8.9;4.9;44.7;268.2;7.1;7;7.2;5.9;3.3;286.1111111;88.88888889;108.3333333;1.6
6623100;0;2;43;135;0.6;3.5;8;5.1;51.9;268.2;5.2;5.1;5.3;4.3;3.3;286.1111111;88.88888889;108.3333333;1.6
6624000;0;1;43;128;-0.9;1.8;7.6;4.6;55.5;190.4;3.6;3.4;3.6;2.8;3.9;241.6666667;25;33.33333333;1.7
6624900;-2;0;43;122;-2;0.5;7.1;4.5;56.1;171;2.4;2.2;2.4;1.5;3.9;241.6666667;25;33.33333333;1.7
6625800;-3;0;43;115;-3.3;-0.8;6.5;4.6;55.6;171;1;0.8;1;0.1;3.9;241.6666667;25;33.33333333;1.7
6626700;-4;-2;43;109;-4.3;-2;6.1;4.8;55.2;171;-0.2;-0.3;-0.1;-0.9;3.9;241.6666667;25;33.33333333;1.7
6627600;-5;-3;43;106;-5.1;-2.9;5.7;4.4;56.1;85.8;-1;-1.2;-0.9;-1.7;3.5;238.8888889;0;0;1.1
6628500;-6;-4;43;102;-5.8;-3.6;5.3;4.3;58.4;64.5;-1.8;-2.1;-1.7;-2.5;3.5;238.8888889;0;0;1.1
6629400;-7;-4;42;99;-6.4;-4.4;4.8;3.8;60.7;64.5;-2.5;-2.8;-2.4;-3.2;3.5;238.8888889;0;0;1.1
6630300;-7;-5;42;95;-7.1;-5;4.4;2.9;61.6;64.5;-3.1;-3.5;-3;-3.8;3.5;238.8888889;0;0;1.1
6631200;-8;-6;42;93;-7.5;-5.6;4;2.7;64;20.9;-3.4;-4;-3.5;-4.3;2.7;277.7777778;0;0;0.7
6632100;-8;-6;42;90;-7.7;-5.8;3.8;2.6;65.9;5;-3.8;-4.3;-3.7;-4.5;2.7;277.7777778;0;0;0.7
6633000;-8;-6;42;92;-8;-6.2;3.8;2.9;66.4;5.2;-3.8;-4.4;-3.8;-4.7;2.7;277.7777778;0;0;0.7
6633900;-8;-6;42;92;-8;-6.2;4;3.5;66.3;5.6;-4;-4.5;-3.9;-4.9;2.7;277.7777778;0;0;0.7
6634800;-8;-6;42;94;-8;-6.2;4.7;3.1;64;1.5;-3.6;-4.1;-3.6;-4.5;2.4;283.3333333;0;0;1.2
6635700;-8;-6;42;95;-8;-5.7;5.2;3;62;0;-3.3;-3.8;-3.4;-4.3;2.4;283.3333333;0;0;1.2
6636600;-8;-6;42;93;-8;-5.7;5.2;3;61.4;0;-3.7;-3.9;-3.6;-4.6;2.4;283.3333333;0;0;1.2
6637500;-8;-6;42;93;-8;-5.7;5;3;63.1;0;-3.9;-4;-3.7;-4.8;2.4;283.3333333;0;0;1.2
6638400;-8;-6;42;92;-8;-6.2;4.9;2.9;64.9;0;-4.1;-4.2;-3.9;-5;2.6;291.6666667;0;0;1.4
6639300;-8;-6;42;90;-8.4;-6.4;4.7;2.8;65.9;0;-4.5;-4.6;-4.3;-5.3;2.6;291.6666667;0;0;1.4
6640200;-8;-6;42;90;-8.5;-6.7;4.8;2.7;64.5;0;-4.3;-4.6;-4.2;-5.1;2.6;291.6666667;0;0;1.4
6641100;-8;-6;42;91;-8.5;-6.7;4.8;2.5;64.6;0;-4.1;-4.4;-3.9;-4.9;2.6;291.6666667;0;0;1.4
6642000;-8;-6;42;91;-8.5;-6.7;4.9;2.4;65.2;0;-4.2;-4.5;-4.1;-5.1;2.4;300;0;0;0.9
6642900;-8;-6;42;91;-8.5;-6.7;5;2.4;65;0;-4.3;-4.6;-4.3;-5.2;2.4;300;0;0;0.9
6643800;-8;-6;42;92;-8.5;-6.7;5.2;2.3;64.8;0;-4.2;-4.3;-4;-5.1;2.4;300;0;0;0.9
6644700;-8;-6;42;90;-8.5;-6.7;5.3;2.1;63.8;0;-4.3;-4.5;-4.3;-5.2;2.4;300;0;0;0.9
6645600;-9;-7;42;89;-8.5;-6.7;5.3;2;62.9;0;-4.5;-4.7;-4.5;-5.4;1.8;308.3333333;0;0;1.5
6646500;-9;-7;42;90;-8.5;-6.7;5.3;1.9;63.5;0;-4.4;-4.6;-4.4;-5.4;1.8;308.3333333;0;0;1.5
6647400;-9;-7;42;89;-8.5;-6.7;5.3;2.1;64.2;0;-4.6;-4.7;-4.5;-5.6;1.8;308.3333333;0;0;1.5
6648300;-9;-7;42;89;-8.5;-6.7;5.35;1.45;65.35;0;-4.5;-4.65;-4.45;-5.45;1.8;308.3333333;0;0;1.5
6649200;-9;-7;42;89;-8.5;-6.7;5.4;0.8;66.5;0;-4.4;-4.6;-4.4;-5.3;1.1;311.1111111;0;0;1.2
6650100;-8;-6;42;92;-8.4;-6.5;5.4;0.1;66.1;0;-3.9;-4.1;-3.9;-4.8;1.1;311.1111111;0;0;1.2
6651000;-8;-6;42;94;-8;-6.1;5.3;0.1;65.9;0;-3.6;-3.7;-3.5;-4.4;1.1;311.1111111;0;0;1.2
6651900;-7;-5;42;96;-7.6;-5.7;4.9;0.1;70.6;0;-3.1;-3.4;-3.2;-4;1.1;311.1111111;0;0;1.2
6652800;-7;-5;42;95;-7.5;-5.7;4.6;-0.1;72.9;0;-3.3;-3.4;-3.3;-4;0.5;294.4444444;0;0;0.7
6653700;-8;-6;42;93;-7.5;-5.7;4.6;-0.2;73.9;0;-3.7;-3.7;-3.6;-4.4;0.5;294.4444444;0;0;0.7
6654600;-8;-6;42;92;-7.8;-5.8;4.5;-0.2;74.8;0;-3.9;-3.9;-3.8;-4.8;0.5;294.4444444;0;0;0.7
6655500;-8;-6;42;91;-8;-6.2;4.4;-0.2;75.8;0;-4.2;-4.3;-4.1;-5.1;0.5;294.4444444;0;0;0.7
6656400;-9;-7;42;89;-8.5;-6.6;4.2;-0.5;76.5;0;-4.5;-4.6;-4.4;-5.5;0.3;263.8888889;0;0;1
6657300;-7;-7;24;47;-6.7;-6.6;4;-0.6;77.5;0;-4.7;-4.7;-4.6;-5.7;0.3;263.8888889;0;0;1
6658200;-4;-2;0;0;-3.5;-2.8;3.8;-0.6;78.6;0;-4.2;-4.1;-4;-5.3;0.3;263.8888889;0;0;1
6659100;-5;-3;21;36;-5;-3.2;3.5;-0.6;79.5;0;-3.2;-3.1;-2.9;-4.2;0.3;263.8888889;0;0;1
6660000;-7;-5;42;92;-7.3;-5.3;3.3;0.2;80.4;0;-3.6;-3.7;-3.4;-4.2;0.2;277.7777778;0;0;0.9
6660900;-8;-6;42;89;-8.2;-6.4;3;0.5;81.1;0;-4.5;-4.6;-4.4;-5.2;0.2;277.7777778;0;0;0.9
6661800;-9;-7;42;89;-8.5;-6.7;3.4;0.4;82.3;0;-4.6;-5;-4.7;-5.7;0.2;277.7777778;0;0;0.9
6662700;-9;-7;39;80;-8.3;-6.7;3.7;0.3;81.1;0;-4.8;-5;-4.7;-5.6;0.2;277.7777778;0;0;0.9
6663600;-6;-4;0;0;-5.4;-4.5;3.5;0.2;81.1;0;-4.4;-4.3;-4.1;-5.4;0.2;302.7777778;0;0;1
6664500;-6;-2;9;18;-5.6;-3.1;3.6;0.2;81;0;-3.5;-3.5;-3;-4.6;0.2;302.7777778;0;0;1
6665400;-7;-5;42;93;-7;-5;3.9;0.1;80.1;0;-3.1;-3.2;-3;-4;0.2;302.7777778;0;0;1
6666300;-8;-6;42;91;-7.7;-5.8;4;0.1;79.8;0;-3.8;-4;-3.7;-4.6;0.2;302.7777778;0;0;1
6667200;-8;-6;42;90;-8.1;-6.3;4.1;-0.1;79.7;0;-4.3;-4.5;-4.2;-5.1;0.4;297.2222222;0;0;2.2
6668100;-8;-7;34;70;-8.2;-6.7;4.1;-0.2;79.6;0;-4.7;-4.8;-4.6;-5.6;0.4;297.2222222;0;0;2.2
6669000;-6;-3;0;0;-6;-4.2;4.1;-0.2;79.1;0;-4.3;-4.3;-4.2;-5.4;0.4;297.2222222;0;0;2.2
6669900;-6;-3;21;43;-5.9;-3.6;4.1;-0.2;78.7;0;-3;-3.1;-2.8;-4.1;0.4;297.2222222;0;0;2.2
6670800;-7;-5;42;94;-7;-5.1;4.2;-0.5;77.7;0;-3.1;-3.4;-3;-4;0.4;308.3333333;8.333333333;8.333333333;2.9
6671700;-8;-6;42;92;-7.7;-5.8;4.2;-0.6;77.5;0;-3.8;-4;-3.7;-4.7;0.4;308.3333333;8.333333333;8.333333333;2.9
6672600;-8;-6;42;90;-8.1;-6.2;4.1;-0.4;77.7;0;-4.2;-4.4;-4.1;-5.1;0.4;308.3333333;8.333333333;8.333333333;2.9
6673500;-9;-7;42;89;-8.5;-6.5;4.2;-0.3;78.3;0;-4.6;-4.6;-4.5;-5.4;0.4;308.3333333;8.333333333;8.333333333;2.9
6674400;-9;-7;42;88;-8.7;-6.5;4.5;-0.5;76.9;5.1;-4.5;-4.6;-4.5;-5.4;0.5;313.8888889;61.11111111;61.11111111;2.3
6675300;-9;-7;42;89;-8.7;-6.5;4.7;-0.5;76.2;5.1;-4.4;-4.5;-4.4;-5.3;0.5;313.8888889;61.11111111;61.11111111;2.3
6676200;-8;-6;42;90;-8.6;-6.5;4.8;-0.1;76.7;5.4;-4.2;-4.3;-4;-5.2;0.5;313.8888889;61.11111111;61.11111111;2.3
6677100;-8;-6;42;91;-8.2;-6.5;5;0.2;76.2;5.6;-4;-4.1;-3.9;-5.1;0.5;313.8888889;61.11111111;61.11111111;2.3
6678000;-8;-6;42;91;-8.2;-6.5;4.8;0.4;76.4;47.3;-4;-4.1;-3.9;-5;0.9;316.6666667;66.66666667;66.66666667;4.4
6678900;-8;-6;42;91;-8.2;-6.5;5.1;0.4;76.5;50.3;-4.1;-4.1;-4;-4.9;0.9;316.6666667;66.66666667;66.66666667;4.4
6679800;-8;-6;42;92;-8.2;-6.5;5.3;0.5;75.5;50.3;-3.8;-4;-3.9;-4.7;0.9;316.6666667;66.66666667;66.66666667;4.4
6680700;-8;-6;42;93;-8.1;-6;5.5;0.6;75.6;50.3;-3.7;-3.7;-3.6;-4.5;0.9;316.6666667;66.66666667;66.66666667;4.4
6681600;-8;-5;42;95;-7.7;-5.8;5.1;0.9;76.9;113.7;-3.2;-3.3;-3.3;-4.3;1.1;313.8888889;133.3333333;133.3333333;4.2
6682500;-7;-5;42;96;-7.4;-5.5;5;1;78.9;123.5;-2.9;-2.9;-2.9;-4;1.1;313.8888889;133.3333333;133.3333333;4.2
6683400;-7;-5;42;98;-7;-5;4.7;1;79.3;123.5;-2.4;-2.4;-2.5;-3.6;1.1;313.8888889;133.3333333;133.3333333;4.2
6684300;-6;-4;42;99;-6.6;-4.5;4.9;0.9;80.1;123.5;-2;-2;-2;-3;1.1;313.8888889;133.3333333;133.3333333;4.2
6685200;-6;-4;43;101;-6.2;-4.1;4.6;1.3;80.5;153.1;-1.7;-1.7;-1.7;-2.7;2.3;311.1111111;150;158.3333333;4.1
6686100;-6;-4;43;103;-6.1;-3.9;4.8;1.4;79.6;160.5;-1.4;-1.4;-1.4;-2.4;2.3;311.1111111;150;158.3333333;4.1
6687000;-5;-3;43;105;-5.7;-3.5;4.6;1.4;77.8;159.6;-1;-1.1;-1;-2.1;2.3;311.1111111;150;158.3333333;4.1
6687900;-5;-3;43;107;-5.4;-3.2;5.1;1.4;74.2;157.9;-0.6;-0.6;-0.6;-1.7;2.3;311.1111111;150;158.3333333;4.1
6688800;-5;-2;43;108;-5.2;-2.7;5.9;1.8;70.5;183.4;-0.2;-0.3;-0.2;-1.4;2.4;308.3333333;238.8888889;261.1111111;4.3
6689700;-5;-2;43;107;-5.2;-2.5;5.5;2;70.3;192.7;-0.3;-0.4;-0.3;-1.5;2.4;308.3333333;238.8888889;261.1111111;4.3
6690600;-5;-3;43;107;-5.2;-2.5;5.5;1.8;74.2;197.9;-0.5;-0.6;-0.5;-1.5;2.4;308.3333333;238.8888889;261.1111111;4.3
6691500;-5;-3;43;107;-5.2;-2.5;6.5;1.7;71.2;201.3;-0.4;-0.5;-0.4;-1.5;2.4;308.3333333;238.8888889;261.1111111;4.3
6692400;-5;-2;43;108;-4.9;-2.5;5.9;2.3;71.7;252.5;-0.2;-0.2;-0.1;-1.3;2.1;313.8888889;141.6666667;141.6666667;2.2
6693300;-4;-2;43;111;-4.5;-2.2;5.6;2.3;70.5;252.5;0.3;0.2;0.4;-0.8;2.1;313.8888889;141.6666667;141.6666667;2.2
6694200;-4;-2;43;113;-4.2;-1.9;5.8;2.6;70.1;252.5;0.7;0.6;0.7;-0.4;2.1;313.8888889;141.6666667;141.6666667;2.2
6695100;-4;-2;43;115;-3.8;-1.5;5.5;2.8;71.3;252.5;0.9;0.8;0.9;-0.3;2.1;313.8888889;141.6666667;141.6666667;2.2
6696000;-4;-2;43;114;-3.7;-1.5;5.3;3.1;69.7;235.3;0.8;0.7;0.8;-0.3;2.1;311.1111111;147.2222222;150;1.2
6696900;-4;-2;43;112;-3.7;-1.5;5.1;3.1;68.9;234.1;0.6;0.4;0.6;-0.5;2.1;311.1111111;147.2222222;150;1.2
6697800;-4;-2;43;111;-4.2;-1.8;5;2.9;69.9;234.1;0.2;0.1;0.3;-0.8;2.1;311.1111111;147.2222222;150;1.2
6698700;-5;-2;43;109;-4.2;-2;4.5;2.7;73.3;234.1;0;-0.1;0;-1.1;2.1;311.1111111;147.2222222;150;1.2
6699600;-5;-2;43;109;-4.7;-2;4.6;3;72.4;255.7;-0.1;-0.3;-0.1;-1.2;3.1;308.3333333;177.7777778;177.7777778;3.7
6700500;-5;-2;43;109;-4.7;-2.5;4.8;3;70.1;259;-0.1;-0.3;-0.2;-1.2;3.1;308.3333333;177.7777778;177.7777778;3.7
6701400;-5;-2;43;109;-4.7;-2.5;5.5;2.8;66.2;259;-0.1;-0.3;0;-1.2;3.1;308.3333333;177.7777778;177.7777778;3.7
6702300;-4;-2;43;110;-4.7;-2.5;5.9;2.4;63.1;259;0.2;0;0.2;-0.9;3.1;308.3333333;177.7777778;177.7777778;3.7
6703200;-4;-2;43;113;-4.3;-2;6.1;2.6;62.5;219.9;0.6;0.4;0.6;-0.6;1.3;308.3333333;72.22222222;75;3.1
6704100;-4;-2;43;113;-4.2;-2;6.3;2.6;63.3;210.1;0.7;0.5;0.6;-0.5;1.3;308.3333333;72.22222222;75;3.1
6705000;-4;-2;43;113;-4.2;-2;5.7;2.5;67.7;210.1;0.6;0.4;0.6;-0.5;1.3;308.3333333;72.22222222;75;3.1
6705900;-4;-2;43;113;-4.2;-2;4.9;2.2;72.3;210.1;0.6;0.4;0.6;-0.5;1.3;308.3333333;72.22222222;75;3.1
6706800;-4;-2;43;110;-4.2;-2;4.1;2.1;77.1;194.6;0.1;-0.1;0.1;-0.9;2.1;-2775;83.33333333;102.7777778;2.7
6707700;-5;-3;43;107;-4.7;-2.5;4.1;2.1;79;189;-0.5;-0.6;-0.5;-1.5;2.1;-2775;83.33333333;102.7777778;2.7
6708600;-5;-3;43;106;-5.2;-3;4.7;2.3;77.4;189;-0.8;-0.9;-0.9;-1.8;2.1;-2775;83.33333333;102.7777778;2.7
6709500;-5;-3;43;104;-5.2;-3;4.8;2.9;74.5;189;-0.9;-1;-1;-2;2.1;-2775;83.33333333;102.7777778;2.7
6710400;-6;-3;43;103;-5.4;-3.3;4.5;2.8;74.9;178.8;-1.2;-1.3;-1.2;-2.3;2.7;305.5555556;5.555555556;5.555555556;2.6
6711300;-6;-4;43;102;-5.7;-3.6;5;2.8;73.1;173.7;-1.5;-1.7;-1.6;-2.6;2.7;305.5555556;5.555555556;5.555555556;2.6
6712200;-6;-4;42;100;-6.1;-4;5.3;1.8;70.1;173.7;-1.9;-2.1;-1.9;-2.9;2.7;305.5555556;5.555555556;5.555555556;2.6
6713100;-6;-4;42;99;-6.2;-4.1;5.1;1.2;69.4;173.7;-2.1;-2.3;-2.1;-3.2;2.7;305.5555556;5.555555556;5.555555556;2.6
6714000;-6;-4;42;100;-6.2;-4.5;4.3;1.1;73;57.7;-2;-2.1;-2;-3.1;2.1;238.8888889;0;0;1.9
6714900;-6;-4;42;99;-6.2;-4.5;3.3;1.1;76.2;57.7;-2.1;-2.3;-2.2;-3.2;2.1;238.8888889;0;0;1.9
6715800;-7;-5;42;97;-6.7;-4.6;3.3;1.4;81.3;57.7;-2.6;-2.8;-2.7;-3.6;2.1;238.8888889;0;0;1.9
6716700;-7;-5;42;94;-7.1;-5.2;3.2;1.8;80.5;57.7;-3.2;-3.4;-3.3;-4.2;2.1;238.8888889;0;0;1.9
6717600;-8;-6;42;92;-7.7;-5.8;3.1;1.6;78;9.7;-3.7;-4;-3.8;-4.7;1.5;230.5555556;0;0;1.7
6718500;-8;-6;42;88;-8.1;-6.2;2.9;1.6;77.8;6.3;-4.1;-4.5;-4.2;-5.2;1.5;230.5555556;0;0;1.7
6719400;-8;-7;32;66;-7.8;-6.7;2.7;1.9;76.4;6.3;-4.5;-4.9;-4.7;-5.6;1.5;230.5555556;0;0;1.7
6720300;-4;-3;0;0;-3.9;-4.4;2.5;2.4;77.5;6.2;-4;-4.3;-4.1;-5.4;1.5;230.5555556;0;0;1.7
6721200;-5;-3;17;33;-4.9;-3.5;2.1;1.8;78.2;0.8;-3.1;-3.6;-3.3;-4.6;0.4;227.7777778;0;0;1.7
6722100;-8;-6;42;89;-7.9;-5.9;1.9;1.7;79.1;0;-4;-4.4;-4.1;-4.8;0.4;227.7777778;0;0;1.7
6723000;-8;-7;29;58;-7.7;-6.7;2.1;1.6;77.5;0;-4.6;-4.9;-4.7;-5.6;0.4;227.7777778;0;0;1.7
6723900;-6;-3;0;0;-6;-3.9;1.8;1.3;78.4;0;-4.2;-4.4;-4.2;-5.3;0.4;227.7777778;0;0;1.7
6724800;-6;-3;13;23;-5.9;-3.5;1.6;0.8;79.1;0;-3.3;-3.8;-3.5;-4.6;0.3;244.4444444;0;0;1.6
6725700;-8;-6;42;90;-7.8;-5.9;1.8;0.7;77.4;0;-3.8;-4.2;-4;-4.8;0.3;244.4444444;0;0;1.6
6726600;-8;-7;30;62;-7.9;-6.6;1.8;0.7;75.8;0;-4.5;-4.9;-4.7;-5.6;0.3;244.4444444;0;0;1.6
6727500;-6;-3;0;0;-6;-3.4;1.9;0.8;73.8;0;-4.1;-4.2;-4.1;-5.4;0.3;244.4444444;0;0;1.6
6728400;-6;-3;21;44;-6.5;-3.1;2.3;0.5;74.2;0;-2.9;-3.4;-3.2;-4.3;0.2;238.8888889;0;0;2.2
6729300;-8;-6;42;91;-7.5;-5.6;2.4;0.4;71.9;0;-3.5;-3.8;-3.7;-4.5;0.2;238.8888889;0;0;2.2
6730200;-8;-6;42;89;-8.2;-6.3;2.5;0.1;69.6;0;-4.2;-4.5;-4.4;-5.2;0.2;238.8888889;0;0;2.2
6731100;-8;-7;33;68;-8;-6.8;2.4;-0.1;69;0;-4.6;-4.9;-4.8;-5.7;0.2;238.8888889;0;0;2.2
6732000;-6;-3;0;0;-5.8;-4.2;2.2;-0.2;68.3;0;-4.1;-4.2;-4.2;-5.5;-0.8;225;0;0;2.5
6732900;-6;-3;17;35;-6.2;-3.2;1.9;-0.3;69.6;0;-3.1;-3.4;-3.3;-4.6;-0.8;225;0;0;2.5
6733800;-8;-6;42;90;-7.7;-5.8;1.5;-0.1;72;0;-3.9;-4.1;-4;-4.8;-0.8;225;0;0;2.5
6734700;-7;-3;21;45;-6.85;-2.75;1.1;-0.1;73.8;0;-4.05;-4.25;-4.1;-4.95;-0.8;225;0;0;2.5
6735600;-6;0;0;0;-6;0.3;0.7;-0.1;75.6;0;-4.2;-4.4;-4.2;-5.1;-1.2;227.7777778;0;0;1.7
6736500;-7;-1;18;39;-6.3;-2.3;0.5;-0.1;76.6;0;-3.6;-4;-3.6;-4.5;-1.2;227.7777778;0;0;1.7
6737400;-8;-7;34;69;-8;-6.5;0.3;-0.1;77.6;0;-4.5;-4.9;-4.6;-5.2;-1.2;227.7777778;0;0;1.7
6738300;-6;-4;0;0;-6.2;-4.6;0.4;-0.1;77.6;0;-4.4;-4.6;-4.4;-5.3;-1.2;227.7777778;0;0;1.7
6739200;-6;-3;0;1;-5.9;-3.4;0.4;-0.5;78.4;0;-3.8;-4.1;-3.8;-4.8;-0.8;261.1111111;0;0;2.1
6740100;-8;-5;42;83;-7.5;-5.7;0.3;-0.6;78.8;0;-3.8;-4.3;-4;-4.5;-0.8;261.1111111;0;0;2.1
6741000;-7;-6;13;27;-7.2;-6.3;0.2;-0.6;79.3;0;-4.7;-5;-4.8;-5.5;-0.8;261.1111111;0;0;2.1
6741900;-6;-3;0;0;-6.1;-3.5;0.4;-0.6;79.6;0;-4.2;-4.5;-4.2;-5;-0.8;261.1111111;0;0;2.1
6742800;-7;-4;21;44;-6.5;-4.1;1.1;-1.2;78;0;-3.5;-4;-3.6;-4.4;-1.1;288.8888889;0;0;2.4
6743700;-8;-6;42;87;-8;-6.2;1.2;-1.2;77;0;-4.3;-4.6;-4.4;-5;-1.1;288.8888889;0;0;2.4
6744600;-7;-6;15;30;-7.3;-6.3;1.6;-1.2;75.8;0;-4.6;-4.8;-4.6;-5.6;-1.1;288.8888889;0;0;2.4
6745500;-6;-2;0;0;-6.1;-3.2;2.1;-1.2;73.8;0;-3.9;-4.1;-3.9;-5.1;-1.1;288.8888889;0;0;2.4
6746400;-7;-4;31;67;-6.7;-4.1;2.3;-2.1;73.7;0;-3.1;-3.4;-3;-4.1;-0.7;294.4444444;0;0;2.4
6747300;-8;-6;42;91;-7.7;-5.8;2.4;-2.2;72.5;0;-3.9;-4.2;-3.9;-4.7;-0.7;294.4444444;0;0;2.4
6748200;-8;-7;42;89;-8.3;-6.5;2.5;-1.9;72.2;0;-4.5;-4.7;-4.5;-5.3;-0.7;294.4444444;0;0;2.4
6749100;-7;-6;19;35;-7.3;-6.6;2.6;-1.2;72.5;0;-4.7;-4.8;-4.6;-5.7;-0.7;294.4444444;0;0;2.4
6750000;-6;-2;0;0;-6.2;-3.2;2.6;-1.6;72.9;0;-4.1;-4.1;-3.9;-5.3;-0.8;-2775;0;0;2.5
6750900;-7;-4;26;58;-6.5;-3.7;2.7;-1.7;73.5;0;-3.1;-3.4;-3;-4.3;-0.8;-2775;0;0;2.5
6751800;-8;-6;42;90;-7.6;-5.7;2.5;-1.6;74.1;0;-3.8;-4;-3.8;-4.7;-0.8;-2775;0;0;2.5
6752700;-8;-6;42;88;-8.2;-6.4;2.6;-1.5;73.7;0;-4.3;-4.5;-4.4;-5.3;-0.8;-2775;0;0;2.5
6753600;-8;-7;27;54;-7.8;-6.8;2.5;-1.8;73.6;0;-4.6;-4.7;-4.7;-5.7;-1.4;233.3333333;0;0;2.8
6754500;-6;-3;0;0;-6.1;-4;2.4;-1.9;73.7;0;-4.1;-4.1;-4.1;-5.4;-1.4;233.3333333;0;0;2.8
6755400;-6;-3;20;38;-6.4;-3.8;2.1;-1.7;74.8;0;-3.1;-3.2;-3.1;-4.4;-1.4;233.3333333;0;0;2.8
6756300;-8;-6;42;91;-7.5;-5.6;1.8;-1.1;75.7;0;-3.6;-3.8;-3.7;-4.5;-1.4;233.3333333;0;0;2.8
6757200;-8;-7;40;81;-8.2;-6.5;1.3;-1.4;77.4;0;-4.5;-4.8;-4.6;-5.4;-1.6;252.7777778;36.11111111;38.88888889;2.8
6758100;-6;-4;0;0;-6.2;-5.3;1.1;-1.6;78.8;0;-4.3;-4.5;-4.4;-5.5;-1.6;252.7777778;36.11111111;38.88888889;2.8
6759000;-6;-2;1;2;-6.1;-3.1;1.1;-1.3;78.7;0;-3.8;-4;-3.8;-5;-1.6;252.7777778;36.11111111;38.88888889;2.8
6759900;-7;-6;40;84;-7.3;-5.2;1.1;-1.2;78.7;0;-3.4;-3.8;-3.6;-4.5;-1.6;252.7777778;36.11111111;38.88888889;2.8
6760800;-8;-7;42;86;-8.3;-6.5;1.6;-1.5;76.7;10.9;-4.4;-4.7;-4.6;-5.4;-1.2;261.1111111;141.6666667;150;2.6
6761700;-7;-6;16;35;-7.3;-6.4;2.3;-1.5;72.9;10.9;-4.5;-4.7;-4.6;-5.7;-1.2;261.1111111;141.6666667;150;2.6
6762600;-6;-2;0;0;-6.2;-2;2.2;-1.5;71.1;9.2;-3.9;-4;-3.8;-5.3;-1.2;261.1111111;141.6666667;150;2.6
6763500;-7;-5;40;89;-6.8;-4.6;2.1;-1.5;69.4;8.1;-2.6;-3;-2.6;-3.9;-1.2;261.1111111;141.6666667;150;2.6
6764400;-7;-5;42;93;-7.3;-5.3;1.9;-1.3;68.1;92.7;-3.3;-3.5;-3.3;-4.3;-0.8;252.7777778;200;286.1111111;2.3
6765300;-8;-5;42;94;-7.3;-5.3;2.2;-1.3;65.8;98.7;-3.3;-3.5;-3.3;-4.4;-0.8;252.7777778;200;286.1111111;2.3
6766200;-7;-5;42;96;-7.3;-5.3;2.6;-1.3;63.7;98.7;-2.9;-3.2;-3;-4.1;-0.8;252.7777778;200;286.1111111;2.3
6767100;-7;-5;42;98;-7.1;-5.1;3.1;-1.3;60.2;98.7;-2.3;-2.6;-2.5;-3.7;-0.8;252.7777778;200;286.1111111;2.3
6768000;-6;-4;42;100;-6.6;-4.5;2.9;-0.9;58.4;216.7;-1.8;-2.1;-1.9;-3.3;-0.8;233.3333333;152.7777778;366.6666667;2.8
6768900;-6;-3;42;104;-6;-3.9;3.2;-0.8;56.3;234.9;-1;-1.3;-1.2;-2.6;-0.8;233.3333333;152.7777778;366.6666667;2.8
6769800;-5;-3;42;107;-5.4;-3;3;-0.7;54.3;234.9;-0.5;-0.6;-0.6;-2.1;-0.8;233.3333333;152.7777778;366.6666667;2.8
6770700;-5;-3;42;101;-5.4;-3.1;2.5;-0.6;54.3;234.9;-1.2;-1.3;-1.1;-2.4;-0.8;233.3333333;152.7777778;366.6666667;2.8
6771600;-5;-3;42;105;-5.5;-3.3;2.6;-0.1;52.6;356.1;-0.8;-0.8;-0.7;-2.1;1.2;261.1111111;355.5555556;636.1111111;2.6
6772500;-5;-2;42;109;-4.9;-2.5;3;0;51.6;386.4;-0.1;-0.2;-0.1;-1.6;1.2;261.1111111;355.5555556;636.1111111;2.6
6773400;-4;-2;43;116;-4.1;-1.7;4.5;0;41;390.2;1.1;1.1;1.1;-0.6;1.2;261.1111111;355.5555556;636.1111111;2.6
6774300;-3;-1;43;122;-3;-0.5;4.6;0;36.5;395.8;2.3;2.4;2.3;0.5;1.2;261.1111111;355.5555556;636.1111111;2.6
6775200;-2;0;43;128;-2;0.6;4.9;0.5;38.4;438.6;3.5;3.5;3.4;1.6;1.7;236.1111111;155.5555556;702.7777778;3.7
6776100;-2;1;43;131;-1.4;1.3;5.1;0.7;38;454.1;4;4;4;2.3;1.7;236.1111111;155.5555556;702.7777778;3.7
6777000;-2;1;43;132;-1.3;1.7;4.4;0.5;40.4;460.6;4.2;4.3;4.1;2.6;1.7;236.1111111;155.5555556;702.7777778;3.7
6777900;-1;1;43;135;-0.8;2;4.6;0.1;39.9;478.6;4.8;4.9;4.5;3.2;1.7;236.1111111;155.5555556;702.7777778;3.7
6778800;0;2;43;138;-0.2;2.6;4.5;0.6;39.7;538.1;5.2;5.4;5.2;3.8;2.9;244.4444444;205.5555556;638.8888889;2.3
6779700;0;2;43;139;0.2;2.8;4.2;0.8;40.1;567.8;5.5;5.7;5.4;4.2;2.9;244.4444444;205.5555556;638.8888889;2.3
6780600;0;3;43;145;0.8;3.7;4.3;1.5;39.7;567.8;6.3;6.5;6.4;5.3;2.9;244.4444444;205.5555556;638.8888889;2.3
6781500;1;4;43;148;1.4;4.5;4.7;1.9;39.5;567.8;7;7.2;7.1;6.1;2.9;244.4444444;205.5555556;638.8888889;2.3
6782400;1;5;43;153;2.3;5.5;5;2.4;39.5;534.4;8;8.2;8.1;7;2.8;241.6666667;183.3333333;605.5555556;1.2
6783300;2;6;43;159;3;6.4;5.1;2.4;40.1;534.4;8.9;9.2;9;7.9;2.8;241.6666667;183.3333333;605.5555556;1.2
6784200;3;6;43;163;3.7;7.1;5.3;2.3;39.3;534.4;9.3;9.6;9.4;8.2;2.8;241.6666667;183.3333333;605.5555556;1.2
6785100;3;7;43;165;3.8;7.3;5.5;2.3;39.4;534.4;9.8;9.9;9.8;8.6;2.8;241.6666667;183.3333333;605.5555556;1.2
6786000;3;7;43;163;4;7.4;5.5;2.8;39.3;524.4;9.5;9.7;9.4;8.2;2.6;283.3333333;302.7777778;375;0.9
6786900;2;6;43;158;3.4;6.7;5.6;2.8;39.1;523.7;8.9;9.1;9;7.7;2.6;283.3333333;302.7777778;375;0.9
6787800;1;4;43;145;2.5;5.6;5.3;3.1;38.6;523.7;7.3;7.4;7.5;6.2;2.6;283.3333333;302.7777778;375;0.9
6788700;1;4;43;148;1.9;5;6.1;3.4;37.8;523.7;7.4;7.5;7.6;6.3;2.6;283.3333333;302.7777778;375;0.9
6789600;1;4;43;147;2.1;5.1;6.8;3.6;36.4;454;7.1;7.3;7.2;5.9;2.9;297.2222222;216.6666667;219.4444444;1.2
6790500;0;3;43;141;1.4;4.4;6.9;3.6;33.9;443.3;6.2;6.2;6.3;5.1;2.9;297.2222222;216.6666667;219.4444444;1.2
6791400;0;2;43;137;0.5;3.4;6.6;3.4;34.4;443.3;5.2;5.2;5.4;4.3;2.9;297.2222222;216.6666667;219.4444444;1.2
6792300;0;2;43;133;-0.2;2.5;7.1;3.2;34.1;443.3;4.5;4.4;4.6;3.5;2.9;297.2222222;216.6666667;219.4444444;1.2
6793200;0;1;43;129;-0.8;1.9;6.9;3.1;33.5;341;3.8;3.7;3.9;2.8;2.8;291.6666667;102.7777778;102.7777778;1.5
6794100;-1;0;43;126;-1.3;1.3;6.2;3.1;34.2;315.4;3.2;3.2;3.3;2.3;2.8;291.6666667;102.7777778;102.7777778;1.5
6795000;-2;0;43;123;-1.9;0.7;5.9;2.9;34.1;315.4;2.6;2.6;2.7;1.7;2.8;291.6666667;102.7777778;102.7777778;1.5
6795900;-3;0;43;119;-2.5;0;6;2.5;34.6;315.4;2;1.8;2;1.1;2.8;291.6666667;102.7777778;102.7777778;1.5
6796800;-3;0;43;116;-3;-0.6;5.4;2.4;35;229.7;1.3;1.2;1.4;0.5;2.5;297.2222222;25;25;1.6
6797700;-4;0;43;114;-3.4;-1.1;5.1;2.3;35.6;198.6;0.8;0.7;0.9;0;2.5;297.2222222;25;25;1.6
6798600;-4;-2;42;112;-4;-1.6;5;2.4;36.6;198.6;0.3;0.1;0.3;-0.5;2.5;297.2222222;25;25;1.6
6799500;-5;-2;42;108;-4.5;-2.3;5;2.7;37.2;198.6;-0.4;-0.6;-0.3;-1.2;2.5;297.2222222;25;25;1.6
6800400;-5;-3;42;105;-5.1;-3;4.9;2.5;38.4;120.5;-1;-1.2;-1;-1.8;2.2;300;0;0;2.1
6801300;-6;-4;42;102;-5.7;-3.6;4.8;2.4;38.6;81.4;-1.7;-1.9;-1.7;-2.6;2.2;300;0;0;2.1
6802200;-6;-4;42;99;-6.3;-4.2;4.8;2.5;39.1;81.4;-2.3;-2.4;-2.2;-3.1;2.2;300;0;0;2.1
6803100;-7;-5;42;96;-6.8;-4.7;4.8;2.5;40.7;81.4;-2.8;-3;-2.8;-3.7;2.2;300;0;0;2.1
6804000;-7;-5;42;94;-7.3;-5.3;5;2.3;41.6;6.3;-3.3;-3.5;-3.3;-4.2;2;300;0;0;1.4
6804900;-8;-6;42;90;-7.7;-5.8;4.9;2.3;40.7;6.3;-3.8;-3.9;-3.7;-4.6;2;300;0;0;1.4
6805800;-8;-6;42;91;-7.8;-6.2;4.9;2.2;41.9;6.5;-4;-4.3;-4;-4.9;2;300;0;0;1.4
6806700;-8;-6;42;91;-7.8;-6.3;4.9;2.2;41.4;6.7;-4;-4.3;-3.9;-4.9;2;300;0;0;1.4
6807600;-8;-6;42;92;-7.8;-6.3;4.9;1.7;42.2;0.4;-4;-4.2;-3.9;-4.7;1.9;294.4444444;0;0;1.9
6808500;-8;-6;42;93;-7.8;-6.3;4.9;1.7;41.7;0;-3.7;-4;-3.7;-4.5;1.9;294.4444444;0;0;1.9
6809400;-8;-6;42;95;-7.8;-5.8;4.8;1.7;40.7;0;-3.5;-3.7;-3.4;-4.5;1.9;294.4444444;0;0;1.9
6810300;-8;-6;42;94;-7.8;-5.8;4.8;1.7;41.2;0;-3.6;-3.7;-3.5;-4.3;1.9;294.4444444;0;0;1.9
6811200;-8;-5;42;95;-7.8;-5.8;4.6;1.6;40.7;0;-3.3;-3.5;-3.2;-4.3;2;291.6666667;0;0;1.7
6812100;-8;-6;42;94;-7.8;-5.8;4.5;1.6;41.7;0;-3.5;-3.6;-3.3;-4.5;2;291.6666667;0;0;1.7
6813000;-8;-6;42;93;-7.8;-5.8;4.6;1.7;41.8;0;-3.6;-3.7;-3.5;-4.3;2;291.6666667;0;0;1.7
6813900;-8;-6;42;93;-7.8;-5.8;4.6;2;42.6;0;-3.8;-3.8;-3.5;-4.4;2;291.6666667;0;0;1.7
6814800;-8;-6;42;94;-7.8;-5.8;4.6;1.9;43.4;0;-3.7;-3.8;-3.5;-4.5;2;294.4444444;0;0;1.6
6815700;-8;-6;42;93;-7.8;-5.8;4.6;1.8;44.9;0;-3.7;-3.8;-3.6;-4.5;2;294.4444444;0;0;1.6
6816600;-8;-6;42;93;-7.8;-5.8;4.6;1.8;45.2;0;-3.7;-3.8;-3.6;-4.5;2;294.4444444;0;0;1.6
6817500;-8;-6;42;93;-7.8;-5.8;4.6;1.7;44.6;0;-3.7;-3.9;-3.6;-4.5;2;294.4444444;0;0;1.6
6818400;-8;-6;42;94;-7.8;-5.8;4.5;1.6;43.1;0;-3.4;-3.7;-3.3;-4.3;2;297.2222222;0;0;1.4
6819300;-8;-5;42;94;-7.8;-5.8;4.5;1.5;43.5;0;-3.3;-3.6;-3.3;-4.3;2;297.2222222;0;0;1.4
6820200;-8;-5;42;94;-7.8;-5.8;4.4;1.6;44.3;0;-3.4;-3.5;-3.3;-4.3;2;297.2222222;0;0;1.4
6821100;-7.5;-5;42;94;-7.7;-5.7;4.45;1.05;43.75;0;-3.2;-3.4;-3.15;-4.15;2;297.2222222;0;0;1.4
6822000;-7;-5;42;94;-7.6;-5.6;4.5;0.5;43.2;0;-3;-3.3;-3;-4;1.7;302.7777778;0;0;1.3
6822900;-7;-5;42;96;-7.3;-5.3;4.6;-0.1;43.4;0;-2.8;-3;-2.7;-3.8;1.7;302.7777778;0;0;1.3
6823800;-7;-5;42;97;-7.3;-5.3;4.6;-0.1;44.1;0;-2.8;-2.9;-2.7;-3.8;1.7;302.7777778;0;0;1.3
6824700;-7;-5;42;96;-7.3;-5.3;4.6;-0.1;43.8;0;-2.9;-3.1;-2.9;-4;1.7;302.7777778;0;0;1.3
6825600;-7;-5;42;95;-7.3;-5.3;4.7;-0.6;44.8;0;-3.1;-3.1;-3;-4.1;1.7;302.7777778;0;0;0.8
6826500;-7;-5;42;96;-7.3;-5.3;4.6;-0.6;45;0;-3.1;-3.1;-2.9;-4.1;1.7;302.7777778;0;0;0.8
6827400;-7;-5;42;96;-7.3;-5.3;4.4;-0.6;44.1;0;-3.1;-3.3;-2.9;-4.1;1.7;302.7777778;0;0;0.8
6828300;-7;-5;42;96;-7.3;-5.3;4.5;-0.6;44;0;-3;-3.2;-2.8;-4;1.7;302.7777778;0;0;0.8
6829200;-7;-5;42;96;-7.3;-5.3;4.6;-1.2;43.9;0;-3;-3.2;-2.9;-4;1.7;305.5555556;0;0;0.9
6830100;-7;-5;42;95;-7.3;-5.3;4.6;-1.2;44.9;0;-3;-3.2;-2.9;-4.1;1.7;305.5555556;0;0;0.9
6831000;-7;-5;42;95;-7.3;-5.3;4.6;-1.2;43.6;0;-3;-3.2;-2.9;-4.1;1.7;305.5555556;0;0;0.9
6831900;-7;-5;42;96;-7.3;-5.3;4.6;-1.2;43.4;0;-3;-3.4;-3.1;-4;1.7;305.5555556;0;0;0.9
6832800;-7;-5;42;95;-7.3;-5.3;4.6;1.1;43.9;0;-3.1;-3.4;-3.1;-4.2;1.7;305.5555556;0;0;1.1
6833700;-7;-5;42;95;-7.3;-5.3;4.6;1.4;44.2;0;-3.1;-3.3;-3;-4.2;1.7;305.5555556;0;0;1.1
6834600;-7;-5;42;95;-7.3;-5.3;4.6;1.5;44.8;0;-3.2;-3.3;-3.1;-4.2;1.7;305.5555556;0;0;1.1
6835500;-7;-5;42;94;-7.3;-5.3;4.6;1.7;45.5;0;-3.2;-3.5;-3.2;-4.3;1.7;305.5555556;0;0;1.1
6836400;-8;-6;42;94;-7.3;-5.5;4.6;1.5;45.4;0;-3.5;-3.7;-3.3;-4.4;1.8;305.5555556;0;0;1.5
6837300;-8;-6;42;94;-7.3;-5.8;4.6;1.4;46.3;0;-3.5;-3.7;-3.3;-4.3;1.8;305.5555556;0;0;1.5
6838200;-8;-5;42;95;-7.3;-5.8;4.6;1.4;45.9;0;-3.3;-3.5;-3.2;-4.3;1.8;305.5555556;0;0;1.5
6839100;-7;-5;42;95;-7.3;-5.6;4.6;1.5;45.5;0;-3.1;-3.4;-2.9;-4.1;1.8;305.5555556;0;0;1.5
6840000;-8;-6;42;94;-7.3;-5.4;4.4;1.3;46.1;0;-3.4;-3.6;-3.3;-4.3;1.7;308.3333333;0;0;2.2
6840900;-8;-6;42;93;-7.6;-5.8;4.5;1.2;46.4;0;-3.5;-3.8;-3.5;-4.4;1.7;308.3333333;0;0;2.2
6841800;-8;-6;42;93;-7.8;-5.8;4.5;1.3;46.5;0;-3.5;-3.9;-3.5;-4.5;1.7;308.3333333;0;0;2.2
6842700;-8;-6;42;92;-7.8;-5.8;4.6;1.5;47.2;0;-3.7;-4;-3.7;-4.7;1.7;308.3333333;0;0;2.2
6843600;-8;-6;42;92;-7.8;-5.8;4.7;1.3;47.6;0;-3.9;-4.1;-3.8;-4.9;2;311.1111111;8.333333333;8.333333333;3.3
6844500;-8;-6;42;92;-7.8;-5.8;4.7;1.2;47.5;0;-3.8;-4.2;-3.9;-4.9;2;311.1111111;8.333333333;8.333333333;3.3
6845400;-8;-6;42;91;-7.8;-5.8;4.7;1.4;48.4;0;-3.9;-4.2;-3.9;-4.9;2;311.1111111;8.333333333;8.333333333;3.3
6846300;-8;-6;42;92;-7.8;-6.3;4.8;1.7;48.6;0;-3.9;-4.2;-3.9;-4.9;2;311.1111111;8.333333333;8.333333333;3.3
6847200;-8;-6;42;91;-7.8;-6.3;5;1.6;49;12.4;-3.9;-3.9;-3.7;-4.8;2.3;311.1111111;25;25;4.7
6848100;-8;-6;42;92;-7.8;-6.2;5.2;1.6;48.6;15.5;-3.6;-3.8;-3.5;-4.6;2.3;311.1111111;25;25;4.7
6849000;-8;-6;42;94;-7.8;-5.8;5.2;1.7;48;14.7;-3.3;-3.7;-3.4;-4.3;2.3;311.1111111;25;25;4.7
6849900;-7;-5;42;95;-7.8;-5.8;5.4;1.9;47.8;13.4;-3.1;-3.5;-3.1;-4.1;2.3;311.1111111;25;25;4.7
6850800;-7;-5;42;96;-7.4;-5.4;5.6;2.2;47.4;67.1;-2.9;-3.1;-2.8;-3.9;2.8;313.8888889;55.55555556;55.55555556;4.3
6851700;-7;-5;42;96;-7.3;-5.3;5.7;2.3;47.8;80.5;-2.8;-3;-2.7;-3.8;2.8;313.8888889;55.55555556;55.55555556;4.3
6852600;-7;-5;42;96;-7.3;-5.3;5.8;2.4;48;80.5;-2.9;-3;-2.8;-3.8;2.8;313.8888889;55.55555556;55.55555556;4.3
6853500;-7;-5;42;96;-7.3;-5.3;6;2.6;47.3;80.5;-3;-3.1;-3;-4;2.8;313.8888889;55.55555556;55.55555556;4.3
6854400;-7;-5;42;97;-7.3;-5.3;6.2;2.9;47.1;128.3;-2.8;-2.9;-2.7;-3.8;3.4;316.6666667;91.66666667;91.66666667;4.8
6855300;-7;-5;42;98;-7.1;-5.1;6.6;3;46.2;140.3;-2.6;-2.6;-2.5;-3.5;3.4;316.6666667;91.66666667;91.66666667;4.8
6856200;-6;-4;42;102;-6.5;-4.4;6.8;3;45.8;140.3;-1.7;-1.9;-1.6;-2.7;3.4;316.6666667;91.66666667;91.66666667;4.8
6857100;-5;-3;42;107;-5.5;-3.4;7;2.9;45.2;140.3;-0.7;-0.9;-0.6;-1.8;3.4;316.6666667;91.66666667;91.66666667;4.8
6858000;-5;-2;42;109;-5;-2.8;6.8;3.2;45.5;190.1;-0.2;-0.4;-0.1;-1.2;3.9;316.6666667;133.3333333;133.3333333;5.4
6858900;-5;-2;42;110;-4.8;-2.4;6.8;3.3;45.7;202.5;0.1;-0.2;0.1;-0.9;3.9;316.6666667;133.3333333;133.3333333;5.4
6859800;-4;-2;42;111;-4.4;-2.3;6.7;3.3;46.6;205.1;0.3;0.1;0.3;-0.7;3.9;316.6666667;133.3333333;133.3333333;5.4
6860700;-4;-2;42;112;-4.3;-2.2;6.9;3.2;47;209;0.4;0.2;0.4;-0.6;3.9;316.6666667;133.3333333;133.3333333;5.4
6861600;-4;-2;42;113;-4.3;-1.8;7.7;3.5;46;234.4;0.6;0.5;0.6;-0.4;3.3;319.4444444;183.3333333;183.3333333;5.2
6862500;-4;-2;43;118;-3.7;-1.3;8;3.6;46.5;240.8;1.4;1.2;1.4;0.4;3.3;319.4444444;183.3333333;183.3333333;5.2
6863400;-3;0;43;121;-3.1;-0.6;8.1;3.7;49.8;240;2;1.9;2;1;3.3;319.4444444;183.3333333;183.3333333;5.2
6864300;-2;0;43;124;-2.6;0;8;3.9;53.5;238.9;2.5;2.3;2.4;1.5;3.3;319.4444444;183.3333333;183.3333333;5.2
6865200;-2;0;43;123;-2.3;0.2;7.9;4.2;56.3;221.4;2.6;2.5;2.6;1.6;4.5;322.2222222;130.5555556;130.5555556;5.4
6866100;-2;0;43;125;-2.3;0.2;8.4;4.3;52.6;217;2.8;2.7;2.8;1.7;4.5;322.2222222;130.5555556;130.5555556;5.4
6867000;-2;0;43;124;-2.3;0.2;8.4;4.3;50.3;217;2.7;2.6;2.7;1.7;4.5;322.2222222;130.5555556;130.5555556;5.4
6867900;-2;0;43;124;-2.3;0.2;8.2;4.4;50.4;217;2.6;2.4;2.6;1.5;4.5;322.2222222;130.5555556;130.5555556;5.4
6868800;-2;0;43;122;-2.3;0.2;8.1;4.7;53;238;2.4;2.2;2.4;1.4;4.6;319.4444444;247.2222222;247.2222222;5.1
6869700;-3;0;43;121;-2.3;0.2;8.4;4.8;55.5;243.3;2.2;2.1;2.2;1.3;4.6;319.4444444;247.2222222;247.2222222;5.1
6870600;-2;0;43;124;-2.3;0.2;8.9;4.4;56.9;243.3;2.4;2.3;2.4;1.5;4.6;319.4444444;247.2222222;247.2222222;5.1
6871500;-2;0;43;127;-2.2;0.3;9.3;3.7;57.8;243.3;2.9;2.8;2.9;2;4.6;319.4444444;247.2222222;247.2222222;5.1
6872400;-2;1;43;132;-1.5;1.2;9.9;4.1;58.1;212.1;3.9;3.7;3.8;2.8;5.1;322.2222222;122.2222222;122.2222222;6.3
6873300;-2;1;43;136;-0.8;2;9.7;4.2;57.7;200.8;4.5;4.4;4.5;3.4;5.1;322.2222222;122.2222222;122.2222222;6.3
6874200;0;1;43;135;-0.8;2.2;9.3;4.6;59.3;200.8;4.5;4.3;4.5;3.4;5.1;322.2222222;122.2222222;122.2222222;6.3
6875100;0;1;43;134;-0.8;2.2;9.4;5;59.2;200.8;4.3;4.2;4.3;3.3;5.1;322.2222222;122.2222222;122.2222222;6.3
6876000;0;1;43;132;-0.8;1.9;8.7;5.4;61.4;191.8;3.9;3.7;3.9;2.9;5.7;308.3333333;169.4444444;175;6.3
6876900;-1;0;43;128;-1.3;1.4;8.5;5.4;62.6;191.2;3.4;3.3;3.4;2.5;5.7;308.3333333;169.4444444;175;6.3
6877800;-2;0;43;128;-1.7;1.2;8.8;5.2;61.3;191.2;3.2;3.1;3.2;2.3;5.7;308.3333333;169.4444444;175;6.3
6878700;-2;0;43;130;-1.7;1.2;9.3;5;60.1;191.2;3.5;3.5;3.6;2.6;5.7;308.3333333;169.4444444;175;6.3
6879600;-2;1;43;135;-1.1;1.6;9.5;5.3;59;150.8;4.3;4.2;4.2;3.2;5.9;316.6666667;80.55555556;83.33333333;6.3
6880500;0;2;43;136;-0.8;2.2;9.4;5.3;59.4;150.8;4.6;4.5;4.6;3.5;5.9;316.6666667;80.55555556;83.33333333;6.3
6881400;0;1;43;134;-0.8;2.1;9.5;5.3;59.2;150.8;4.2;4;4.1;3.2;5.9;316.6666667;80.55555556;83.33333333;6.3
6882300;0;1;43;129;-1.1;1.7;9.4;5.4;59.2;150.8;3.6;3.5;3.6;2.7;5.9;316.6666667;80.55555556;83.33333333;6.3
6883200;-1;0;43;128;-1.3;1.3;9.4;5.4;59.6;126.2;3.3;3.2;3.4;2.4;5.8;311.1111111;25;25;6.1
6884100;-2;0;43;128;-1.6;1.2;9;5.4;60.7;120;3.1;3;3.2;2.1;5.8;311.1111111;25;25;6.1
6885000;-2;0;43;125;-1.8;0.7;8.8;5.5;61.5;120;2.8;2.7;2.9;1.8;5.8;311.1111111;25;25;6.1
6885900;-2;0;43;125;-1.8;0.7;8.5;5.7;62.5;120;2.8;2.5;2.7;1.7;5.8;311.1111111;25;25;6.1
6886800;-2;0;43;124;-2.2;0.6;8.3;5.6;63.4;43.5;2.5;2.4;2.5;1.6;5.4;305.5555556;0;0;5.3
6887700;-2;0;43;123;-2.3;0.2;8;5.6;64.5;31.7;2.4;2.2;2.4;1.4;5.4;305.5555556;0;0;5.3
6888600;-3;0;43;122;-2.3;0.2;7.8;5.7;65.6;31.7;2.2;2;2.3;1.2;5.4;305.5555556;0;0;5.3
6889500;-3;0;43;120;-2.7;-0.2;7.6;5.8;65.9;31.7;1.9;1.7;1.9;0.9;5.4;305.5555556;0;0;5.3
6890400;-3;0;43;119;-2.8;-0.3;7.5;5.7;66.6;9.1;1.5;1.4;1.6;0.7;5;302.7777778;0;0;5.5
6891300;-3;0;43;118;-2.8;-0.7;7.5;5.7;66.1;3.5;1.5;1.3;1.5;0.6;5;302.7777778;0;0;5.5
6892200;-3;0;43;119;-2.8;-0.8;7.4;5.7;65.6;3.5;1.5;1.3;1.5;0.6;5;302.7777778;0;0;5.5
6893100;-3;0;43;119;-2.8;-0.8;7.3;5.7;65.2;3.5;1.5;1.3;1.5;0.7;5;302.7777778;0;0;5.5
6894000;-3;0;43;118;-3.1;-0.8;7;5.5;65.5;0.7;1.4;1.2;1.4;0.6;4.6;288.8888889;0;0;4.4
6894900;-3;0;43;117;-3.3;-0.8;7.1;5.4;65.5;0;1.3;1.1;1.2;0.5;4.6;288.8888889;0;0;4.4
6895800;-3;0;43;117;-3.3;-0.8;6.9;5.3;65.5;0;1.3;1;1.2;0.3;4.6;288.8888889;0;0;4.4
6896700;-3;0;42;117;-3.3;-0.8;6.8;5.2;66;0;1.2;0.9;1.1;0.3;4.6;288.8888889;0;0;4.4
6897600;-4;0;43;115;-3.5;-1.3;6.6;4.6;66.4;0;0.9;0.7;0.9;0.2;4.2;297.2222222;0;0;4.2
6898500;-4;-1;42;114;-3.8;-1.3;6.3;4.5;66.8;0;0.6;0.3;0.6;-0.1;4.2;297.2222222;0;0;4.2
6899400;-4;-2;42;111;-4;-1.8;6.1;4.5;67.5;0;0.3;0;0.2;-0.3;4.2;297.2222222;0;0;4.2
6900300;-4;-2;42;111;-4.3;-1.8;6.2;4.4;67.3;0;0.3;0;0.2;-0.6;4.2;297.2222222;0;0;4.2
6901200;-4;-2;42;112;-4.3;-1.8;6.3;4.2;66.5;0;0.4;0.1;0.3;-0.6;4.2;311.1111111;0;0;4.1
6902100;-4;-2;42;112;-4.3;-1.8;6.4;4.1;66.2;0;0.4;0.1;0.3;-0.4;4.2;311.1111111;0;0;4.1
6903000;-4;-2;42;112;-4.3;-1.8;6.4;4.2;66;0;0.4;0.1;0.3;-0.6;4.2;311.1111111;0;0;4.1
6903900;-4;-2;42;112;-4.3;-1.8;6.4;4.3;66;0;0.5;0.1;0.3;-0.6;4.2;311.1111111;0;0;4.1
6904800;-4;-2;42;112;-4.3;-1.8;6.6;4.2;65.6;0;0.3;0;0.3;-0.5;3.9;280.5555556;0;0;3.6
6905700;-4;-2;42;112;-4.3;-1.8;6.6;4.1;65.5;0;0.3;0;0.3;-0.6;3.9;280.5555556;0;0;3.6
6906600;-4;-2;42;112;-4.3;-1.8;6.4;4.1;65.6;0;0.4;0.1;0.3;-0.5;3.9;280.5555556;0;0;3.6
6907500;-4;-2;42;109;-4.3;-1.95;6.15;4;66.5;0;0.15;-0.1;0.1;-0.7;3.9;280.5555556;0;0;3.6
6908400;-4;-2;42;106;-4.3;-2.1;5.9;3.9;67.4;0;-0.1;-0.3;-0.1;-0.9;3;263.8888889;0;0;3.8
6909300;-5;-2;42;104;-4.6;-2.4;5.5;3.9;69.1;0;-0.5;-0.7;-0.4;-1.3;3;263.8888889;0;0;3.8
6910200;-5;-3;42;105;-5;-2.8;5.1;3.9;71;0;-0.8;-1.1;-0.8;-1.7;3;263.8888889;0;0;3.8
6911100;-6;-3;42;103;-5.5;-3.4;4.9;3.9;71.6;0;-1.4;-1.7;-1.4;-2.2;3;263.8888889;0;0;3.8
6912000;-6;-4;42;101;-6;-3.9;4.7;3.7;72.1;0;-1.9;-2.2;-1.9;-2.6;3.3;302.7777778;0;0;4.1
6912900;-6;-4;42;101;-6.3;-4.3;4.9;3.7;72.4;0;-2;-2.4;-2.1;-2.8;3.3;302.7777778;0;0;4.1
6913800;-6;-4;42;102;-6.3;-4.3;5.4;3.7;71;0;-1.9;-2.2;-1.9;-2.7;3.3;302.7777778;0;0;4.1
6914700;-6;-4;42;103;-6.3;-4.3;5.7;3.7;70.1;0;-1.6;-2;-1.7;-2.6;3.3;302.7777778;0;0;4.1
6915600;-6;-4;42;103;-6.2;-3.9;5.8;3.3;69.5;0;-1.4;-1.8;-1.5;-2.4;3.2;302.7777778;0;0;4.4
6916500;-6;-3;42;103;-5.8;-3.8;5.8;3.2;69.4;0;-1.3;-1.6;-1.4;-2.2;3.2;302.7777778;0;0;4.4
6917400;-6;-3;42;104;-5.8;-3.8;5.8;3.2;68.5;0;-1.3;-1.6;-1.4;-2.1;3.2;302.7777778;0;0;4.4
6918300;-6;-3;42;104;-5.8;-3.8;5.8;3.2;68.2;0;-1.3;-1.7;-1.3;-2.2;3.2;302.7777778;0;0;4.4
6919200;-6;-3;42;104;-5.8;-3.8;5.7;2.5;68.5;0;-1.2;-1.6;-1.3;-2.3;3;302.7777778;0;0;3.4
6920100;-6;-4;42;104;-5.8;-3.8;5.7;2.3;68.9;0;-1.4;-1.6;-1.4;-2.3;3;302.7777778;0;0;3.4
6921000;-6;-4;42;104;-5.8;-3.8;5.7;2.5;69;0;-1.5;-1.7;-1.5;-2.4;3;302.7777778;0;0;3.4
6921900;-6;-4;42;102;-5.8;-3.8;5.7;3;69;0;-1.7;-2;-1.8;-2.5;3;302.7777778;0;0;3.4
6922800;-6;-4;42;101;-6.3;-3.8;5.7;2.8;67.9;0;-1.9;-2.1;-1.9;-2.7;2.8;305.5555556;0;0;3.2
6923700;-6;-4;42;101;-6.3;-4;5.6;2.7;67.3;0;-2;-2.3;-2.1;-2.8;2.8;305.5555556;0;0;3.2
6924600;-6;-4;42;99;-6.3;-4.3;5.6;2.7;66.3;0;-2;-2.3;-2.1;-2.9;2.8;305.5555556;0;0;3.2
6925500;-6;-4;42;101;-6.3;-4.3;5.5;2.9;66.5;0;-1.8;-2.1;-1.8;-2.8;2.8;305.5555556;0;0;3.2
6926400;-6;-4;42;103;-6.3;-4.1;5.4;2.5;67.4;0;-1.6;-1.9;-1.6;-2.5;2.8;308.3333333;0;0;3.7
6927300;-6;-4;42;103;-6.1;-3.8;5.3;2.5;65.8;0;-1.3;-1.7;-1.4;-2.3;2.8;308.3333333;0;0;3.7
6928200;-6;-4;42;102;-5.8;-3.8;5.5;2.6;64.2;0;-1.5;-1.8;-1.5;-2.4;2.8;308.3333333;0;0;3.7
6929100;-6;-4;42;102;-5.8;-3.8;5.6;2.6;65.8;0;-1.7;-2;-1.7;-2.6;2.8;308.3333333;0;0;3.7
6930000;-6;-4;42;102;-5.8;-3.8;5.4;2.2;66.7;0;-1.7;-2.1;-1.8;-2.7;2.9;308.3333333;11.11111111;11.11111111;3.6
6930900;-6;-4;42;102;-5.8;-3.8;5.4;2.2;64.9;0;-1.7;-2;-1.6;-2.5;2.9;308.3333333;11.11111111;11.11111111;3.6
6931800;-6;-4;42;102;-5.8;-3.8;5.5;2.3;63.4;0;-1.5;-1.9;-1.7;-2.3;2.9;308.3333333;11.11111111;11.11111111;3.6
6932700;-6;-4;42;103;-5.8;-3.8;5.5;2.4;62.5;0;-1.4;-1.7;-1.5;-2.2;2.9;308.3333333;11.11111111;11.11111111;3.6
6933600;-6;-4;42;101;-5.8;-3.8;5.7;2.1;63.2;6.3;-1.4;-1.7;-1.5;-2.4;2.7;308.3333333;50;50;3.5
6934500;-6;-4;42;102;-5.8;-3.8;5.7;2.1;65.1;7.3;-1.5;-1.8;-1.6;-2.5;2.7;308.3333333;50;50;3.5
6935400;-6;-4;42;103;-5.8;-3.8;5.8;2.3;66.5;6.9;-1.4;-1.6;-1.5;-2.3;2.7;308.3333333;50;50;3.5
6936300;-6;-3;42;104;-5.8;-3.8;5.8;2.6;66.9;6.3;-1.3;-1.4;-1.3;-2.1;2.7;308.3333333;50;50;3.5
6937200;-6;-3;42;104;-5.8;-3.8;6.1;2.8;66.2;37.6;-1.3;-1.5;-1.3;-2.1;3.1;311.1111111;111.1111111;111.1111111;3.4
6938100;-5;-3;42;105;-5.8;-3.5;6.2;2.8;65.5;45.4;-1;-1.2;-1.1;-2;3.1;311.1111111;111.1111111;111.1111111;3.4
6939000;-5;-3;42;106;-5.6;-3.3;6.6;2.9;64.1;45.4;-0.8;-1;-0.9;-1.7;3.1;311.1111111;111.1111111;111.1111111;3.4
6939900;-5;-3;42;107;-5.3;-3.2;6.7;3.2;63.3;45.4;-0.6;-0.8;-0.7;-1.5;3.1;311.1111111;111.1111111;111.1111111;3.4
6940800;-5;-3;42;108;-5.3;-2.8;6.7;3.4;61.7;89.1;-0.4;-0.6;-0.4;-1.4;3.8;313.8888889;147.2222222;147.2222222;3.4
6941700;-5;-2;42;110;-4.8;-2.6;7;3.5;59.1;111;0;-0.2;-0.1;-1;3.8;313.8888889;147.2222222;147.2222222;3.4
6942600;-4;-2;42;113;-4.5;-2.1;7.6;3.3;57.6;111;0.4;0.3;0.4;-0.6;3.8;313.8888889;147.2222222;147.2222222;3.4
6943500;-4;-2;43;113;-3.9;-1.8;7.8;3.2;56.8;111;0.9;0.7;0.8;-0.2;3.8;313.8888889;147.2222222;147.2222222;3.4
6944400;-4;-2;42;115;-3.8;-1.3;7.3;3.4;57.3;178;1;0.9;1;0;4.3;313.8888889;211.1111111;213.8888889;3.8
6945300;-4;-2;42;115;-3.8;-1.3;7;3.5;58.6;211.5;0.9;0.8;0.9;-0.1;4.3;313.8888889;211.1111111;213.8888889;3.8
6946200;-4;-2;43;117;-3.8;-1.3;7.4;3.5;58.1;209.5;1.2;1.1;1.2;0.2;4.3;313.8888889;211.1111111;213.8888889;3.8
6947100;-3;-1;43;119;-3.3;-1;8.4;3.5;55.9;208.5;1.6;1.5;1.6;0.6;4.3;313.8888889;211.1111111;213.8888889;3.8
6948000;-3;0;43;123;-2.9;-0.3;8.9;3.8;53.5;219.6;2.4;2.3;2.3;1.3;4.1;313.8888889;161.1111111;161.1111111;4.3
6948900;-2;0;43;124;-2.3;0.2;8.4;3.9;53.6;223.6;2.6;2.5;2.6;1.5;4.1;313.8888889;161.1111111;161.1111111;4.3
6949800;-3;0;43;121;-2.3;0.2;7.7;4.1;56.4;216.6;2.2;2.1;2.2;1.2;4.1;313.8888889;161.1111111;161.1111111;4.3
6950700;-3;0;43;119;-2.8;-0.3;7.6;4.3;57.9;211.9;1.8;1.7;1.8;0.9;4.1;313.8888889;161.1111111;161.1111111;4.3
6951600;-3;0;43;118;-2.8;-0.3;7.9;4.6;57.4;261.1;1.7;1.6;1.7;0.8;4.7;316.6666667;197.2222222;197.2222222;4.4
6952500;-3;0;43;121;-2.8;-0.3;8.4;4.6;55.9;261.1;2.1;2;2.1;1.1;4.7;316.6666667;197.2222222;197.2222222;4.4
6953400;-3;0;43;122;-2.8;-0.3;8.5;4.7;55.1;261.1;2.2;2;2.1;1.1;4.7;316.6666667;197.2222222;197.2222222;4.4
6954300;-2;0;43;125;-2.6;-0.1;9.5;4.7;52.6;261.1;2.5;2.4;2.5;1.5;4.7;316.6666667;197.2222222;197.2222222;4.4
6955200;-2;0;43;127;-2.3;0.5;9.5;5;51.4;252.3;3;2.9;2.9;1.9;4.7;316.6666667;100;100;4.1
6956100;-2;0;43;125;-2.3;0.7;9.1;5;52.9;251.7;2.8;2.7;2.8;1.8;4.7;316.6666667;100;100;4.1
6957000;-2;0;43;123;-2.3;0.4;8.4;4.7;55.5;251.7;2.3;2.2;2.4;1.4;4.7;316.6666667;100;100;4.1
6957900;-3;0;43;120;-2.6;-0.1;8.2;4.5;56.4;251.7;1.9;1.8;1.9;1;4.7;316.6666667;100;100;4.1
6958800;-3;0;43;119;-2.8;-0.3;8.1;4.8;56.9;227.8;1.7;1.5;1.6;0.8;5;316.6666667;94.44444444;94.44444444;4
6959700;-3;0;43;119;-2.8;-0.3;8.5;4.8;56.2;224.1;1.6;1.4;1.6;0.7;5;316.6666667;94.44444444;94.44444444;4
6960600;-3;0;43;119;-2.8;-0.3;8.6;4.9;55.8;224.1;1.9;1.8;1.9;0.9;5;316.6666667;94.44444444;94.44444444;4
6961500;-3;0;43;119;-2.8;-0.3;8.4;5;56.7;224.1;1.8;1.6;1.8;0.8;5;316.6666667;94.44444444;94.44444444;4
6962400;-3;0;43;121;-2.8;-0.3;8.3;5.2;57.1;209.4;1.9;1.7;1.8;0.9;5;316.6666667;50;50;3.5
6963300;-3;0;43;120;-2.8;-0.3;8.3;5.3;57.7;205.7;1.8;1.6;1.8;0.9;5;316.6666667;50;50;3.5
6964200;-3;0;43;119;-2.8;-0.3;8.3;5.2;58.4;205.7;1.7;1.5;1.6;0.7;5;316.6666667;50;50;3.5
6965100;-3;0;43;118;-2.8;-0.5;8.1;5;58.8;205.7;1.5;1.4;1.5;0.7;5;316.6666667;50;50;3.5
6966000;-3;0;43;118;-3.2;-0.8;7.9;5;59.9;178.2;1.4;1.3;1.4;0.5;4.9;316.6666667;22.22222222;22.22222222;3.2
6966900;-3;0;43;117;-3.3;-0.8;7.8;5;59;168.2;1.3;1.1;1.3;0.4;4.9;316.6666667;22.22222222;22.22222222;3.2
6967800;-3;0;43;116;-3.3;-0.8;7.7;5;59.8;168.2;1.2;1;1.2;0.3;4.9;316.6666667;22.22222222;22.22222222;3.2
6968700;-4;0;43;115;-3.3;-0.8;7.5;5;61.3;168.2;1.1;0.8;1.1;0.2;4.9;316.6666667;22.22222222;22.22222222;3.2
6969600;-4;0;42;115;-3.3;-1;7.4;5;62.4;126.5;1;0.8;1;0.2;4.8;316.6666667;11.11111111;11.11111111;3.1
6970500;-4;-1;42;114;-3.7;-1.3;7.5;5;62.2;105.7;0.7;0.5;0.7;-0.1;4.8;316.6666667;11.11111111;11.11111111;3.1
6971400;-4;-2;42;113;-3.8;-1.3;7.5;5;61.6;105.7;0.6;0.3;0.5;-0.3;4.8;316.6666667;11.11111111;11.11111111;3.1
6972300;-4;-2;42;112;-3.8;-1.8;7.4;5;61.6;105.7;0.4;0.2;0.4;-0.5;4.8;316.6666667;11.11111111;11.11111111;3.1
6973200;-4;-2;42;112;-4.1;-1.8;7.4;5;61.9;29.7;0.4;0.1;0.3;-0.6;4.8;316.6666667;0;0;2.8
6974100;-4;-2;42;110;-4.3;-2;7.3;5;62.3;29.7;0.1;-0.3;0;-0.9;4.8;316.6666667;0;0;2.8
6975000;-5;-2;42;110;-4.3;-2.3;7.3;4.9;62.8;29.7;-0.1;-0.4;-0.2;-1.1;4.8;316.6666667;0;0;2.8
6975900;-5;-2;42;110;-4.5;-2.3;7.3;4.9;63.4;29.7;-0.2;-0.4;-0.2;-1.2;4.8;316.6666667;0;0;2.8
6976800;-5;-2;42;109;-4.8;-2.3;7.2;4.8;64.1;2.7;-0.3;-0.5;-0.3;-1.2;4.5;316.6666667;0;0;2.7
6977700;-5;-2;42;108;-4.8;-2.3;7.2;4.8;64.3;2.7;-0.3;-0.5;-0.3;-1.3;4.5;316.6666667;0;0;2.7
6978600;-5;-2;42;109;-4.8;-2.3;7.1;4.7;64.5;2.7;-0.3;-0.5;-0.3;-1.4;4.5;316.6666667;0;0;2.7
6979500;-5;-3;42;108;-4.8;-2.5;7.2;4.6;64.5;2.8;-0.5;-0.7;-0.4;-1.5;4.5;316.6666667;0;0;2.7
6980400;-5;-3;42;108;-4.8;-2.8;7.1;4.7;64.8;0.2;-0.6;-0.8;-0.5;-1.5;4.5;316.6666667;0;0;2.8
6981300;-5;-3;42;107;-5.1;-2.8;7.1;4.7;64.5;0;-0.7;-1;-0.7;-1.6;4.5;316.6666667;0;0;2.8
6982200;-5;-3;42;107;-5.3;-2.8;7.1;4.7;64.2;0;-0.6;-0.9;-0.6;-1.7;4.5;316.6666667;0;0;2.8
6983100;-5;-3;42;107;-5.3;-2.8;7;4.8;64.8;0;-0.7;-1;-0.7;-1.6;4.5;316.6666667;0;0;2.8
6984000;-5;-3;42;107;-5.3;-2.8;6.9;4.8;64.7;0;-0.7;-0.9;-0.7;-1.8;4.4;316.6666667;0;0;3.1
6984900;-5;-3;42;106;-5.3;-2.8;6.9;4.8;64.4;0;-0.8;-1.1;-0.8;-1.9;4.4;316.6666667;0;0;3.1
6985800;-6;-3;42;103;-5.3;-3.3;7.1;4.7;64.1;0;-1.3;-1.5;-1.3;-2;4.4;316.6666667;0;0;3.1
6986700;-6;-4;42;103;-5.7;-3.3;7.1;4.4;64.1;0;-1.4;-1.6;-1.4;-2.3;4.4;316.6666667;0;0;3.1
6987600;-6;-4;42;102;-5.8;-3.7;7.1;4.4;64.3;0;-1.6;-1.8;-1.6;-2.5;4.2;322.2222222;0;0;2.9
6988500;-6;-4;42;103;-5.8;-3.8;7.1;4.4;64.9;0;-1.5;-1.9;-1.6;-2.4;4.2;322.2222222;0;0;2.9
6989400;-6;-4;42;103;-5.8;-3.8;7.1;4.4;65.2;0;-1.5;-1.7;-1.5;-2.4;4.2;322.2222222;0;0;2.9
6990300;-6;-3;42;105;-5.8;-3.8;7;4.4;66.2;0;-1.1;-1.4;-1.2;-2.3;4.2;322.2222222;0;0;2.9
6991200;-6;-3;42;105;-5.8;-3.6;6.9;4.4;67.2;0;-1.1;-1.3;-1.1;-2.1;4;319.4444444;0;0;2.3
6992100;-6;-3;42;105;-5.8;-3.3;7;4.4;67.4;0;-1.2;-1.4;-1.1;-2.1;4;319.4444444;0;0;2.3
6993000;-6;-3;42;105;-5.8;-3.3;6.9;4.4;67.9;0;-1.3;-1.4;-1.1;-2.1;4;319.4444444;0;0;2.3
6993900;-6;-3.5;42;102.5;-5.8;-3.55;7.05;4.35;67.8;0;-1.45;-1.6;-1.35;-2.3;4;319.4444444;0;0;2.3
6994800;-6;-4;42;100;-5.8;-3.8;7.2;4.3;67.7;0;-1.6;-1.8;-1.6;-2.5;4.1;319.4444444;0;0;2.6
6995700;-6;-4;42;101;-5.8;-3.8;6.9;4.3;68.5;0;-1.5;-1.6;-1.3;-2.3;4.1;319.4444444;0;0;2.6
6996600;-6;-3;42;104;-5.8;-3.8;6.9;4.3;68.4;0;-1.3;-1.4;-1.2;-2.2;4.1;319.4444444;0;0;2.6
6997500;-6;-3;42;105;-5.8;-3.8;6.9;4.3;68.7;0;-1.2;-1.4;-1.2;-2.1;4.1;319.4444444;0;0;2.6
6998400;-6;-3;42;105;-5.8;-3.8;6.9;4.1;68.6;0;-1.2;-1.4;-1.2;-2.1;3.9;322.2222222;0;0;2.6
6999300;-6;-3;42;104;-5.8;-3.8;7;4.1;68.3;0;-1.3;-1.6;-1.3;-2.1;3.9;322.2222222;0;0;2.6
7000200;-6;-4;42;103;-5.8;-3.8;7.1;4.1;68.2;0;-1.5;-1.7;-1.5;-2.2;3.9;322.2222222;0;0;2.6
7001100;-6;-4;42;104;-5.8;-3.8;7.1;4.1;68.5;0;-1.4;-1.7;-1.5;-2.3;3.9;322.2222222;0;0;2.6
7002000;-6;-4;42;103;-5.8;-3.8;7.1;4;68.7;0;-1.4;-1.8;-1.5;-2.3;3.9;322.2222222;0;0;2.4
7002900;-6;-4;42;102;-5.8;-3.8;6.9;4;69.2;0;-1.3;-1.7;-1.4;-2.2;3.9;322.2222222;0;0;2.4
7003800;-6;-3;42;104;-5.8;-3.8;6.9;4;69.8;0;-1.2;-1.5;-1.3;-2.2;3.9;322.2222222;0;0;2.4
7004700;-6;-4;42;104;-5.8;-3.8;7;4;69.9;0;-1.3;-1.6;-1.4;-2.3;3.9;322.2222222;0;0;2.4
7005600;-6;-3;42;105;-5.8;-3.8;6.8;3.8;70.6;0;-1.2;-1.5;-1.3;-2.2;3.7;319.4444444;0;0;2.3
7006500;-6;-3;42;105;-5.8;-3.8;6.9;3.7;71.2;0;-1.1;-1.4;-1.2;-2.1;3.7;319.4444444;0;0;2.3
7007400;-6;-3;42;105;-5.8;-3.8;6.8;3.7;71.2;0;-1.2;-1.5;-1.3;-2.1;3.7;319.4444444;0;0;2.3
7008300;-6;-3;42;104;-5.8;-3.8;6.8;3.6;71.7;0;-1.3;-1.6;-1.4;-2.3;3.7;319.4444444;0;0;2.3
7009200;-6;-4;42;104;-5.8;-3.8;6.8;3.5;71.4;0;-1.4;-1.6;-1.4;-2.3;3.8;316.6666667;0;0;1.6
7010100;-6;-3;42;104;-5.8;-3.8;6.8;3.4;71.1;0;-1.3;-1.6;-1.4;-2.2;3.8;316.6666667;0;0;1.6
7011000;-6;-4;42;103;-5.8;-3.8;6.9;3.5;70.7;0;-1.4;-1.6;-1.5;-2.2;3.8;316.6666667;0;0;1.6
7011900;-6;-4;42;104;-5.8;-3.8;6.8;3.7;70.8;0;-1.4;-1.7;-1.4;-2.3;3.8;316.6666667;0;0;1.6
7012800;-6;-4;42;104;-5.8;-3.8;6.8;3.6;71;0;-1.4;-1.7;-1.5;-2.3;3.8;319.4444444;0;0;1.4
7013700;-6;-4;42;104;-5.8;-3.8;6.8;3.6;70.7;0;-1.4;-1.7;-1.5;-2.4;3.8;319.4444444;0;0;1.4
7014600;-6;-4;42;103;-5.8;-3.8;6.8;3.7;70.7;0;-1.4;-1.8;-1.5;-2.4;3.8;319.4444444;0;0;1.4
7015500;-6;-4;42;102;-5.8;-3.8;6.8;3.7;70.7;0;-1.6;-1.9;-1.7;-2.6;3.8;319.4444444;0;0;1.4
7016400;-6;-4;42;101;-5.9;-3.8;6.9;3.5;70.7;0;-1.8;-2;-1.8;-2.8;3.8;316.6666667;19.44444444;19.44444444;0.9
7017300;-6;-4;42;100;-6.3;-4.1;6.9;3.5;70.7;0;-2;-2.3;-2.1;-2.9;3.8;316.6666667;19.44444444;19.44444444;0.9
7018200;-7;-4;42;98;-6.5;-4.4;7.1;3.5;70.2;0;-2.4;-2.6;-2.5;-3.3;3.8;316.6666667;19.44444444;19.44444444;0.9
7019100;-7;-5;42;97;-6.8;-4.8;7.2;3.6;69.7;0;-2.7;-2.9;-2.7;-3.7;3.8;316.6666667;19.44444444;19.44444444;0.9
7020000;-7;-5;42;96;-6.8;-4.8;7.3;3.5;69.7;9.7;-2.6;-2.8;-2.7;-3.7;4.1;316.6666667;63.88888889;63.88888889;2.3
7020900;-7;-5;42;98;-6.8;-4.8;7.4;3.5;69.2;11.2;-2.5;-2.7;-2.5;-3.4;4.1;316.6666667;63.88888889;63.88888889;2.3
7021800;-7;-5;42;98;-6.8;-4.8;7.5;3.6;69;11.3;-2.4;-2.6;-2.5;-3.3;4.1;316.6666667;63.88888889;63.88888889;2.3
7022700;-7;-5;42;98;-6.8;-4.8;7.9;3.8;67.8;11.5;-2.5;-2.6;-2.5;-3.4;4.1;316.6666667;63.88888889;63.88888889;2.3
7023600;-7;-5;42;98;-6.8;-4.8;8.1;4.1;66.9;59.8;-2.5;-2.6;-2.5;-3.4;4.6;316.6666667;127.7777778;127.7777778;3
7024500;-7;-4;42;100;-6.8;-4.8;8.4;4.1;65.8;67.2;-2.2;-2.3;-2.2;-3.3;4.6;316.6666667;127.7777778;127.7777778;3
7025400;-6;-4;42;102;-6.5;-4.3;8.6;4.2;65.3;67.2;-1.8;-2;-1.9;-2.9;4.6;316.6666667;127.7777778;127.7777778;3
7026300;-6;-4;42;104;-6.1;-4;8.9;4.3;64.4;67.2;-1.5;-1.6;-1.5;-2.4;4.6;316.6666667;127.7777778;127.7777778;3
7027200;-6;-3;42;106;-5.8;-3.6;9.2;4.6;63.2;124.8;-1.1;-1.2;-1.1;-2.1;5.4;319.4444444;219.4444444;219.4444444;2.3
7028100;-5;-3;42;108;-5.4;-3.1;9.6;4.7;62.2;133.7;-0.6;-0.7;-0.6;-1.5;5.4;319.4444444;219.4444444;219.4444444;2.3
7029000;-5;-2;42;111;-4.9;-2.6;10;4.7;60.7;133.7;-0.1;-0.1;0;-1.1;5.4;319.4444444;219.4444444;219.4444444;2.3
7029900;-4;-2;43;112;-4.3;-2.1;10.4;4.7;58.9;133.7;0.5;0.4;0.5;-0.6;5.4;319.4444444;219.4444444;219.4444444;2.3
7030800;-4;-2;42;116;-4;-1.6;10.9;5.2;58;195.9;1;0.9;1;-0.2;6.6;322.2222222;258.3333333;258.3333333;1.9
7031700;-3;-2;43;119;-3.6;-1.1;11.5;5.3;55.6;205.5;1.5;1.4;1.5;0.3;6.6;322.2222222;258.3333333;258.3333333;1.9
7032600;-3;0;43;123;-3.1;-0.6;11.9;5.3;52.4;205.5;2.1;2;2;0.8;6.6;322.2222222;258.3333333;258.3333333;1.9
7033500;-2;0;43;127;-2.4;0.2;12.1;5.3;48.6;205.5;3;2.9;2.9;1.6;6.6;322.2222222;258.3333333;258.3333333;1.9
7034400;-2;0;43;129;-1.8;0.7;11.4;5.8;50.7;257.5;3.4;3.4;3.4;2.1;6.7;325;261.1111111;261.1111111;1.6
7035300;-2;0;43;130;-1.8;1.1;12.1;5.8;48.1;261.2;3.6;3.5;3.5;2.4;6.7;325;261.1111111;261.1111111;1.6
7036200;-2;0;43;130;-1.8;1.2;11.6;5.9;48.2;261.2;3.6;3.5;3.5;2.4;6.7;325;261.1111111;261.1111111;1.6
7037100;-2;0;43;130;-1.8;1.2;11.3;6;46.9;261.2;3.5;3.3;3.4;2.3;6.7;325;261.1111111;261.1111111;1.6
7038000;-2;0;43;131;-1.6;1.2;11.6;6.5;45.3;293;3.8;3.7;3.7;2.7;6.7;325;191.6666667;191.6666667;1.3
7038900;-2;1;43;134;-1.3;1.7;12;6.6;44.2;297.9;4.2;4.1;4.1;3;6.7;325;191.6666667;191.6666667;1.3
7039800;-2;1;43;135;-1;1.7;11.8;6.8;44.4;297.9;4.3;4.2;4.2;3.2;6.7;325;191.6666667;191.6666667;1.3
7040700;-2;1;43;135;-0.8;1.7;11.7;7.3;45.3;297.9;4.3;4.2;4.2;3.1;6.7;325;191.6666667;191.6666667;1.3
7041600;-2;1;43;132;-0.8;1.7;11.3;7.6;46.2;319.7;3.9;3.8;3.9;2.8;6.9;325;183.3333333;183.3333333;1.4
7042500;-2;1;43;134;-0.8;1.7;11.5;7.7;45.9;325.2;4.1;3.9;4;3.1;6.9;325;183.3333333;183.3333333;1.4
7043400;-2;1;43;135;-0.8;1.7;11.7;7.6;46.1;325.2;4.2;4;4.1;3.1;6.9;325;183.3333333;183.3333333;1.4
7044300;-2;1;43;136;-0.8;1.7;11.7;7.2;45.3;325.2;4.3;4.2;4.3;3.3;6.9;325;183.3333333;183.3333333;1.4
7045200;-2;1;43;135;-0.8;1.7;11.4;7.5;46.2;304.7;4.3;4.2;4.2;3.3;7.4;319.4444444;252.7777778;269.4444444;0.9
7046100;-2;1;43;137;-0.8;1.9;11.9;7.6;45.5;294.4;4.5;4.5;4.5;3.5;7.4;319.4444444;252.7777778;269.4444444;0.9
7047000;0;2;43;139;-0.3;2.6;12.5;7.5;44.2;294.4;5.2;5.1;5.1;4;7.4;319.4444444;252.7777778;269.4444444;0.9
7047900;0;2;43;140;-0.3;2.7;12.8;7.2;43.8;294.4;5.2;5.2;5.2;4.1;7.4;319.4444444;252.7777778;269.4444444;0.9
7048800;0;2;43;140;-0.3;2.7;12.6;7.6;44.1;245.9;5.1;5.1;5.1;4;7.7;316.6666667;194.4444444;200;1.5
7049700;0;2;43;138;-0.3;2.7;12.6;7.8;44.6;221.6;4.9;4.8;4.9;3.8;7.7;316.6666667;194.4444444;200;1.5
7050600;0;1;43;136;-0.3;2.6;12.3;7.6;45.2;221.6;4.5;4.5;4.5;3.5;7.7;316.6666667;194.4444444;200;1.5
7051500;0;1;43;137;-0.3;2.2;12.1;7.5;45.2;221.6;4.5;4.4;4.5;3.4;7.7;316.6666667;194.4444444;200;1.5
7052400;0;1;43;136;-0.5;2.2;11.8;7.6;47.3;194.9;4.4;4.3;4.4;3.3;7.5;325;75;75;1.4
7053300;0;1;43;133;-0.8;1.8;11.7;7.6;46.8;181.6;3.9;3.8;3.9;2.9;7.5;325;75;75;1.4
7054200;-1;0;43;130;-1.3;1.4;11.6;7.5;47.5;181.6;3.4;3.2;3.3;2.4;7.5;325;75;75;1.4
7055100;-2;0;43;126;-1.8;0.8;11.4;7.5;47.7;181.6;2.9;2.7;2.9;1.9;7.5;325;75;75;1.4
7056000;-2;0;43;125;-2;0.6;11.2;7.5;48.2;132.8;2.6;2.5;2.6;1.6;7.4;322.2222222;27.77777778;27.77777778;0.9
7056900;-3;0;43;123;-2.3;0.2;11.2;7.5;48.2;115.1;2.2;2;2.2;1.1;7.4;322.2222222;27.77777778;27.77777778;0.9
7057800;-3;0;43;121;-2.8;-0.2;10.9;7.6;48.8;115.1;1.8;1.7;1.9;0.9;7.4;322.2222222;27.77777778;27.77777778;0.9
7058700;-3;0;43;120;-3;-0.5;10.7;7.7;49;115.1;1.5;1.3;1.5;0.5;7.4;322.2222222;27.77777778;27.77777778;0.9
7059600;-4;0;42;116;-3.4;-1.1;10.5;7.6;49.2;47.1;1;0.8;0.9;-0.1;6.7;288.8888889;0;0;1.3
7060500;-4;-1;42;115;-3.8;-1.3;10.1;7.6;50.9;47.1;0.6;0.4;0.6;-0.4;6.7;288.8888889;0;0;1.3
7061400;-4;-2;42;113;-4;-1.7;9.8;7.5;52.8;47.1;0.4;0.1;0.4;-0.6;6.7;288.8888889;0;0;1.3
7062300;-4;-2;42;111;-4.3;-1.9;9.6;7.4;54.5;47.1;0.1;-0.2;0;-0.8;6.7;288.8888889;0;0;1.3
7063200;-5;-2;42;110;-4.6;-2.3;9.2;7;54.1;7.2;-0.2;-0.5;-0.2;-1;5.8;255.5555556;0;0;3
7064100;-5;-2;42;108;-4.8;-2.4;8.7;7;55.4;4.3;-0.4;-0.8;-0.5;-1.1;5.8;255.5555556;0;0;3
7065000;-5;-3;42;106;-5.2;-3;7.8;6.9;57.9;4.3;-1;-1.3;-1.1;-1.8;5.8;255.5555556;0;0;3
7065900;-6;-4;42;103;-5.7;-3.6;7;6.8;61.9;4.2;-1.6;-1.9;-1.7;-2.5;5.8;255.5555556;0;0;3
7066800;-6;-4;42;99;-6.4;-4.3;6.4;6.5;64.1;0.6;-2.3;-2.6;-2.4;-3.1;5.2;252.7777778;0;0;3.1
7067700;-7;-5;42;96;-6.9;-4.9;5.9;6.4;65.7;0;-3;-3.3;-3;-3.7;5.2;252.7777778;0;0;3.1
7068600;-7;-5;42;95;-7.3;-5.3;5.7;6.4;66.9;0;-3.3;-3.6;-3.3;-4.2;5.2;252.7777778;0;0;3.1
7069500;-8;-6;42;94;-7.6;-5.7;5.4;6.3;68.6;0;-3.5;-4;-3.5;-4.4;5.2;252.7777778;0;0;3.1
7070400;-8;-6;42;93;-7.8;-5.8;5.1;6;68.6;0;-3.6;-4.3;-3.8;-4.6;4.6;250;0;0;2.7
7071300;-8;-6;42;93;-7.8;-5.8;4.8;5.9;69.6;0;-3.5;-4.2;-3.7;-4.5;4.6;250;0;0;2.7
7072200;-8;-6;42;92;-7.8;-5.8;4.7;5.7;70.3;0;-3.6;-4.2;-3.7;-4.6;4.6;250;0;0;2.7
7073100;-8;-6;42;93;-7.8;-5.8;4.6;5.4;70.9;0;-3.6;-4.1;-3.7;-4.6;4.6;250;0;0;2.7
7074000;-8;-6;42;94;-7.8;-5.8;4.4;5.2;71.8;0;-3.6;-3.9;-3.6;-4.5;3.5;250;0;0;2.9
7074900;-8;-6;42;93;-7.8;-5.8;4.3;5.1;72.5;0;-3.8;-4;-3.8;-4.6;3.5;250;0;0;2.9
7075800;-8;-6;42;91;-7.9;-6.1;4.2;4.9;72.5;0;-4;-4.3;-4;-4.9;3.5;250;0;0;2.9
7076700;-8;-6;42;90;-8.3;-6.3;4;4.8;73.2;0;-4.3;-4.6;-4.3;-5.1;3.5;250;0;0;2.9
7077600;-9;-7;42;89;-8.4;-6.7;3.6;4.5;74.3;0;-4.6;-5;-4.7;-5.2;2.9;241.6666667;0;0;2.5
7078500;-7;-7;21;41;-6.2;-6.8;3.4;4.4;75;0;-4.6;-5.1;-4.8;-5.5;2.9;241.6666667;0;0;2.5
7079400;-3;-3;0;0;-2.5;-3.8;3.2;4.2;75.6;0;-4.1;-4.4;-4.2;-5;2.9;241.6666667;0;0;2.5
7080300;-5.5;-4.5;21;45;-4.95;-4.65;3.05;3.95;76.05;0;-3.8;-4.2;-3.95;-4.7;2.9;241.6666667;0;0;2.5
7081200;-8;-6;42;90;-7.4;-5.5;2.9;3.7;76.5;0;-3.5;-4;-3.7;-4.4;1.9;244.4444444;0;0;2.9
7082100;-8;-7;41;84;-8.3;-6.5;2.8;3.7;76.6;0;-4.6;-4.9;-4.6;-5.3;1.9;244.4444444;0;0;2.9
7083000;-6;-4;0;0;-5.9;-5;2.6;3.7;77.4;0;-4.5;-4.7;-4.5;-5.4;1.9;244.4444444;0;0;2.9
7083900;-6;-2;0;0;-5.9;-2.6;2.4;3.7;77.9;0;-4;-4.2;-3.8;-4.9;1.9;244.4444444;0;0;2.9
7084800;-7;-5;37;78;-6.7;-4.6;2.3;3.3;78.5;0;-3.3;-3.6;-3.2;-4;1.4;241.6666667;0;0;2.6
7085700;-8;-6;42;89;-8.1;-6.2;2.3;3.2;78.8;0;-4.3;-4.7;-4.3;-5;1.4;241.6666667;0;0;2.6
7086600;-7;-5;10;21;-6.8;-5.9;2.2;3.2;79;0;-4.7;-5;-4.7;-5.5;1.4;241.6666667;0;0;2.6
7087500;-6;-2;0;0;-5.9;-2.7;2.1;3.2;79.3;0;-4.2;-4.4;-4;-5;1.4;241.6666667;0;0;2.6
7088400;-6;-4;22;48;-6.2;-3.6;1.9;2.5;80;0;-3.3;-3.7;-3.2;-4.2;0.8;241.6666667;0;0;3.2
7089300;-8;-6;42;87;-7.9;-6.1;1.8;2.5;80.2;0;-4.3;-4.5;-4.2;-4.9;0.8;241.6666667;0;0;3.2
7090200;-7;-6;13;26;-7.1;-6.2;1.7;2.5;80.5;0;-4.8;-4.9;-4.6;-5.5;0.8;241.6666667;0;0;3.2
7091100;-6;-2;0;0;-6;-2.9;1.6;2.5;80.5;0;-4.2;-4.3;-4;-5;0.8;241.6666667;0;0;3.2
7092000;-6;-4;22;47;-6.2;-3.7;1.6;1.1;81.3;0;-3.3;-3.6;-3.2;-4.2;0.3;241.6666667;0;0;4.1
7092900;-8;-6;42;90;-7.9;-6.1;1.5;0.8;81.5;0;-4.2;-4.5;-4.2;-4.9;0.3;241.6666667;0;0;4.1
7093800;-7;-6;13;27;-7;-6.1;1.3;0.8;81.5;0;-4.7;-4.9;-4.6;-5.5;0.3;241.6666667;0;0;4.1
7094700;-6;-2;0;0;-6.1;-2.8;1.2;0.8;81.8;0;-4.2;-4.3;-4;-5;0.3;241.6666667;0;0;4.1
7095600;-7;-4;23;46;-6.3;-4;1.1;0.6;82.2;0;-3.5;-3.7;-3.4;-4.3;-0.2;238.8888889;0;0;3.2
7096500;-8;-6;42;88;-8.2;-6.3;1;0.6;82.5;0;-4.5;-4.7;-4.4;-5.1;-0.2;238.8888889;0;0;3.2
7097400;-6;-4;2;3;-6.4;-4.9;1;0.5;82.6;0;-4.7;-4.8;-4.5;-5.4;-0.2;238.8888889;0;0;3.2
7098300;-6;0;0;0;-6;0.3;0.9;0.4;83;0;-4.2;-4.3;-3.9;-5;-0.2;238.8888889;0;0;3.2
7099200;-7;-4;29;61;-6.6;-3.5;0.8;0.4;83;0;-3.6;-3.9;-3.5;-4.4;-0.4;238.8888889;2.777777778;2.777777778;2.4
7100100;-8;-7;36;73;-8;-6.5;0.8;0.4;83.1;0;-4.7;-4.9;-4.6;-5.3;-0.4;238.8888889;2.777777778;2.777777778;2.4
7101000;-6;-4;0;0;-6.4;-4.8;0.9;0.3;83.4;0;-4.5;-4.7;-4.4;-5.3;-0.4;238.8888889;2.777777778;2.777777778;2.4
7101900;-6;-2;0;0;-6;-3.1;0.7;0.1;83.4;0;-3.9;-4.2;-3.8;-4.9;-0.4;238.8888889;2.777777778;2.777777778;2.4
7102800;-7;-5;38;78;-7.2;-5.2;0.6;0.2;83.4;0;-3.7;-4.1;-3.7;-4.5;-0.5;238.8888889;33.33333333;61.11111111;2.3
7103700;-7;-7;22;44;-7.6;-6.8;0.7;0.2;83.4;0;-4.8;-5;-4.7;-5.5;-0.5;238.8888889;33.33333333;61.11111111;2.3
7104600;-6;-2;0;0;-6.3;-3.7;0.7;0;83.4;0;-4.4;-4.5;-4.2;-5.2;-0.5;238.8888889;33.33333333;61.11111111;2.3
7105500;-6;-3;13;28;-6.2;-3.4;1.1;-0.3;83.4;0;-3.6;-3.9;-3.3;-4.4;-0.5;238.8888889;33.33333333;61.11111111;2.3
7106400;-8;-6;42;88;-7.7;-5.8;1.4;-0.1;83.1;18.7;-4;-4.3;-3.8;-4.6;0.8;241.6666667;66.66666667;225;1.6
7107300;-9;-7;42;87;-8.4;-6.5;2;0;82.5;25.5;-4.5;-5;-4.5;-5.3;0.8;241.6666667;66.66666667;225;1.6
7108200;-9;-7;42;88;-8.6;-6.9;2.6;-0.1;80.5;25.3;-4.4;-5.1;-4.4;-5.4;0.8;241.6666667;66.66666667;225;1.6
7109100;-8;-6;42;92;-8.5;-6.7;3.3;-0.2;78.4;25.1;-4;-4.5;-3.8;-5;0.8;241.6666667;66.66666667;225;1.6
7110000;-8;-5;42;96;-7.8;-5.8;3.8;0.8;76.6;120.4;-3.1;-3.6;-3;-4.1;3.2;247.2222222;80.55555556;391.6666667;1.7
7110900;-7;-5;42;100;-6.9;-4.9;4.4;1.2;73.5;155.1;-2.2;-2.5;-2.1;-3.4;3.2;247.2222222;80.55555556;391.6666667;1.7
7111800;-6;-4;43;104;-6.1;-3.9;5;1;71.8;155.1;-1.2;-1.4;-1.1;-2.6;3.2;247.2222222;80.55555556;391.6666667;1.7
7112700;-5;-2;43;110;-5.1;-2.9;5.6;0.7;69.8;155.1;-0.1;-0.2;0;-1.5;3.2;247.2222222;80.55555556;391.6666667;1.7
7113600;-4;-2;43;116;-4;-1.6;6.3;2.2;68;260.8;1.1;1;1.2;-0.3;5.8;255.5555556;88.88888889;533.3333333;1.7
7114500;-3;0;43;123;-2.9;-0.4;7.1;2.7;65.7;299.3;2.3;2.3;2.4;0.9;5.8;255.5555556;88.88888889;533.3333333;1.7
7115400;-2;0;43;131;-1.8;0.9;7.9;2.7;63.4;299.3;3.7;3.7;3.7;2.1;5.8;255.5555556;88.88888889;533.3333333;1.7
7116300;-1;2;43;139;-0.5;2.3;8.5;2.6;61.4;299.3;5.2;5.2;5.2;3.6;5.8;255.5555556;88.88888889;533.3333333;1.7
7117200;0;3;43;148;1;4;8.9;4.2;59.8;391.7;6.7;6.8;6.8;5.3;7.9;261.1111111;91.66666667;636.1111111;1.7
7118100;2;5;43;157;2.4;5.6;9.4;4.8;57.3;425.3;8.4;8.4;8.4;6.8;7.9;261.1111111;91.66666667;636.1111111;1.7
7119000;3;6;43;166;3.6;7;9.5;5;56.7;425.3;9.8;9.8;9.8;8.3;7.9;261.1111111;91.66666667;636.1111111;1.7
7119900;4;8;43;175;4.8;8.3;10.3;5.3;55.8;425.3;11.1;11.1;11.1;9.5;7.9;261.1111111;91.66666667;636.1111111;1.7
7120800;5;9;43;180;5.7;9.3;10.6;6.6;53.8;478.8;12;12.1;12;10.6;9.6;266.6666667;94.44444444;686.1111111;2
7121700;6;9;43;187;6.4;10.2;11.1;7.1;53.4;498.2;12.8;12.9;12.8;11.6;9.6;266.6666667;94.44444444;686.1111111;2
7122600;6;10;43;193;7;10.9;11.7;7.4;52.1;498.2;13.6;13.6;13.5;12.3;9.6;266.6666667;94.44444444;686.1111111;2
7123500;7;11;43;197;7.5;11.6;12;7.5;50.5;498.2;14.1;14.2;14.1;12.9;9.6;266.6666667;94.44444444;686.1111111;2
7124400;7;11;43;196;8.1;12;12.1;8.4;50.4;554.8;14.6;14.7;14.5;13.5;10.7;269.4444444;102.7777778;683.3333333;1.4
7125300;6;12;38;315;6;12.7;12.2;8.8;49.9;583.1;15.1;15.1;14.9;14;10.7;269.4444444;102.7777778;683.3333333;1.4
7126200;5;11;38;248;6.1;11.7;12.4;9.1;48.9;583.1;13.8;13.9;13.6;12.6;10.7;269.4444444;102.7777778;683.3333333;1.4
7127100;7;11;43;200;7.5;11.7;12.9;9.2;48.3;583.1;14.3;14.3;14.2;13;10.7;269.4444444;102.7777778;683.3333333;1.4
7128000;7;11;43;203;8;12.2;13;10;47;600.8;14.7;14.8;14.7;13.6;12;-2775;94.44444444;636.1111111;1.5
7128900;8;12;37;183;8.8;12.7;13.2;10.4;47.6;609.7;15.3;15.4;15.4;14.2;12;-2775;94.44444444;636.1111111;1.5
7129800;5;12;38;355;4.9;12.9;13.7;10.7;47.6;609.7;15;15;14.6;13.7;12;-2775;94.44444444;636.1111111;1.5
7130700;7;11;43;214;7.9;12.2;14;10.8;46.8;609.7;14.6;14.7;14.5;13.1;12;-2775;94.44444444;636.1111111;1.5
7131600;8;12;43;207;8.3;12.6;14.4;11.4;46;573.3;15.2;15.3;15.2;13.8;12.7;277.7777778;88.88888889;541.6666667;1.5
7132500;5;12;37;323;6.7;13.2;14.4;11.5;45.4;564.2;15.8;16;15.6;14.4;12.7;277.7777778;88.88888889;541.6666667;1.5
7133400;6;11;38;236;6.9;12.4;14.7;11.5;44.9;564.2;14.8;14.8;14.4;12.9;12.7;277.7777778;88.88888889;541.6666667;1.5
7134300;7;12;43;206;8.1;12.5;14.8;11.4;44.5;564.2;14.8;14.9;14.8;13.1;12.7;277.7777778;88.88888889;541.6666667;1.5
7135200;8;12;42;191;8.6;12.5;14.9;12;44.6;508;15.1;15.3;15.1;13.6;13.4;277.7777778;72.22222222;400;1
7136100;10;13;39;125;10.6;13.4;15.2;12.1;43.9;499.3;16;16.1;16.1;14.4;13.4;277.7777778;72.22222222;400;1
7137000;11;14;39;126;12.1;14.6;15.3;12.3;43.5;499.3;17.1;17.2;17.2;15.6;13.4;277.7777778;72.22222222;400;1
7137900;9;13;43;215;9.9;14.4;15.4;12.7;43;499.3;16.1;16.3;16.2;15;13.4;277.7777778;72.22222222;400;1
7138800;6;12;38;311;7;13.2;15.6;12.7;42.5;397.2;15.2;15.2;15;14;14;277.7777778;52.77777778;236.1111111;1.5
7139700;5;10;36;187;6.2;10.9;15.8;12.7;42;371.7;13;13;12.8;11.5;14;277.7777778;52.77777778;236.1111111;1.5
7140600;5;9;43;185;6.3;10.2;15.7;12.7;41.4;371.7;12.2;12.2;12.2;10.9;14;277.7777778;52.77777778;236.1111111;1.5
7141500;5;9;43;176;6.2;9.7;15.7;12.8;41.4;371.7;11.7;11.6;11.7;10.5;14;277.7777778;52.77777778;236.1111111;1.5
7142400;4;8;38;192;4.5;9.1;15.5;12.4;41;290.7;11.1;10.9;11;9.8;13.2;277.7777778;25;77.77777778;1.4
7143300;4;7;37;148;4.5;8;15.6;12.2;41;261.3;10.1;10;10.2;8.9;13.2;277.7777778;25;77.77777778;1.4
7144200;3;6;43;163;3.8;7.2;15.3;12.6;41.3;261.3;9.1;9;9.1;8;13.2;277.7777778;25;77.77777778;1.4
7145100;2;5;38;125;3.5;6.2;14.8;12.8;42.4;261.3;8.2;8;8.3;7.1;13.2;277.7777778;25;77.77777778;1.4
7146000;2;4;43;117;2.8;5.4;14.3;12.5;43.3;157.7;7.4;7.1;7.6;6.4;11.9;-2775;0;0;2
7146900;2;4;43;77;3.2;5;13.5;12.3;48.3;105.9;6.9;6.7;7;5.9;11.9;-2775;0;0;2
7147800;2;3;38;66;3;4.5;12.4;13.1;52;105.9;6.5;6.3;6.6;5.6;11.9;-2775;0;0;2
7148700;0;3;43;139;0.7;3.6;11.7;13.6;54.1;105.9;5.4;5.2;5.3;4.8;11.9;-2775;0;0;2
7149600;0;1;43;131;-0.8;2;11;12.2;55.8;9.5;3.8;3.6;3.7;3.1;10.7;-2775;0;0;1.7
7150500;-2;0;43;124;-1.8;0.7;10.4;12.2;56.9;9.5;2.5;2.4;2.5;1.9;10.7;-2775;0;0;1.7
7151400;-3;0;43;120;-2.7;-0.2;10;12;58;9.1;1.6;1.6;1.7;0.9;10.7;-2775;0;0;1.7
7152300;-4;0;43;115;-3.4;-1;9.5;11.9;59.2;8.7;0.9;0.6;0.8;0.1;10.7;-2775;0;0;1.7
7153200;-4;-1;43;113;-3.9;-1.5;9.3;10.8;60.1;0.6;0.6;0.1;0.4;-0.2;10.3;272.2222222;0;0;3.6
7154100;-4;-2;43;113;-4.2;-1.8;9;10.7;61.7;0;0.4;-0.2;0.3;-0.4;10.3;272.2222222;0;0;3.6
7155000;-4;-2;43;113;-4.2;-2;8.8;10.8;63.3;0;0.4;-0.3;0.2;-0.7;10.3;272.2222222;0;0;3.6
7155900;-5;-2;42;113;-4.4;-2;8.5;10.9;64.3;0;0.1;-0.6;0.1;-0.9;10.3;272.2222222;0;0;3.6
7156800;-5;-2;42;112;-4.7;-2;8.3;10;65.3;0;0.1;-0.5;0;-1;9.2;269.4444444;0;0;3.9
7157700;-5;-2;42;111;-4.7;-2.3;8.1;9.9;65.9;0;-0.1;-0.8;-0.1;-1.1;9.2;269.4444444;0;0;3.9
7158600;-5;-3;43;109;-4.7;-2.5;7.8;9.9;67.1;0;-0.3;-0.9;-0.4;-1.4;9.2;269.4444444;0;0;3.9
7159500;-5;-3;42;109;-4.7;-2.5;7.7;9.9;67.6;0;-0.4;-1;-0.5;-1.4;9.2;269.4444444;0;0;3.9
7160400;-5;-3;42;108;-5.1;-2.8;7.7;9.3;68.2;0;-0.7;-1.1;-0.7;-1.5;6.7;263.8888889;0;0;3.6
7161300;-5;-3;42;107;-5.2;-3;7.3;9.1;68.8;0;-1;-1.4;-1.1;-1.7;6.7;263.8888889;0;0;3.6
7162200;-6;-3;42;105;-5.6;-3.4;7;9.3;69.5;0;-1.3;-1.9;-1.4;-2;6.7;263.8888889;0;0;3.6
7163100;-6;-4;42;103;-5.9;-3.8;6.7;9.7;70.7;0;-1.6;-2.3;-1.8;-2.3;6.7;263.8888889;0;0;3.6
7164000;-6;-4;42;102;-6.2;-4;6.5;9;72;0;-1.9;-2.5;-2;-2.7;6.5;261.1111111;0;0;4.6
7164900;-7;-5;42;98;-6.6;-4.5;6.2;8.7;72.7;0;-2.6;-2.9;-2.5;-3.4;6.5;261.1111111;0;0;4.6
7165800;-7;-5;42;96;-7.1;-5;6;8.6;73.6;0;-3;-3.4;-3;-3.7;6.5;261.1111111;0;0;4.6
7166700;-7;-5;42;94.5;-7.15;-5.25;5.8;7.15;74.05;0;-3.05;-3.5;-3.05;-3.8;6.5;261.1111111;0;0;4.6
7167600;-7;-5;42;93;-7.2;-5.5;5.6;5.7;74.5;0;-3.1;-3.6;-3.1;-3.9;5.7;258.3333333;0;0;4.7
7168500;-7;-5;42;93;-7.2;-5.5;5.5;3.7;74.5;0;-3.3;-3.6;-3.2;-4.1;5.7;258.3333333;0;0;4.7
7169400;-8;-6;42;93;-7.6;-5.5;5.3;3.7;75;0;-3.6;-3.9;-3.6;-4.3;5.7;258.3333333;0;0;4.7
7170300;-8;-6;42;92;-7.7;-6;5.1;3.7;76;0;-3.9;-4.1;-3.8;-4.6;5.7;258.3333333;0;0;4.7
7171200;-8;-6;42;90;-8.1;-6.2;5;3.2;76.3;0;-4.2;-4.4;-4.2;-5;4.6;255.5555556;0;0;4.6
7172100;-8;-6;43;89;-8.2;-6.5;4.8;3.2;76.7;0;-4.4;-4.6;-4.4;-5.2;4.6;255.5555556;0;0;4.6
7173000;-9;-7;43;88;-8.6;-6.5;4.7;3.2;77.3;0;-4.6;-4.8;-4.6;-5.4;4.6;255.5555556;0;0;4.6
7173900;-9;-7;43;87;-8.7;-6.8;4.7;3.2;77.8;0;-4.7;-4.9;-4.6;-5.4;4.6;255.5555556;0;0;4.6
7174800;-9;-7;44;91;-8.7;-7;4.6;2.6;78.5;0;-4.6;-4.8;-4.7;-5.3;4;255.5555556;0;0;4.4
7175700;-9;-7;42;88;-8.7;-7;4.4;2.5;78.8;0;-4.5;-4.7;-4.6;-5.2;4;255.5555556;0;0;4.4
7176600;-9;-7;43;89;-8.7;-7;4.2;2.5;78.8;0;-4.5;-4.7;-4.6;-5.2;4;255.5555556;0;0;4.4
7177500;-8;-7;39;63;-7;-7;4.1;2.5;79.2;0;-4.7;-5;-4.8;-5.4;4;255.5555556;0;0;4.4
7178400;-3;-4;38;52;-3.4;-4.7;4;3.9;79.7;0;-1.8;-1.8;-1.5;-3;3.5;255.5555556;0;0;4.2
7179300;-6;-4;42;97;-6.4;-4.2;3.9;4.1;79.7;0;-2.5;-2.8;-2.5;-3;3.5;255.5555556;0;0;4.2
7180200;-7;-5;42;94;-7.3;-5.3;3.9;3.9;80.4;0;-3.4;-3.6;-3.3;-4;3.5;255.5555556;0;0;4.2
7181100;-8;-6;42;92;-7.8;-5.8;3.7;3.7;80.2;0;-3.9;-4.1;-3.9;-4.6;3.5;255.5555556;0;0;4.2
7182000;-8;-6;42;90;-8.1;-6.3;3.7;3;80.2;0;-4.3;-4.6;-4.3;-5;3;255.5555556;0;0;4.2
7182900;-9;-7;42;88;-8.6;-6.6;3.5;2.9;80.3;0;-4.6;-4.9;-4.6;-5.4;3;255.5555556;0;0;4.2
7183800;-7;-5;21;40;-7.2;-6.4;3.4;3.2;80.8;0;-4.7;-4.9;-4.7;-5.6;3;255.5555556;0;0;4.2
7184700;-6;0;0;0;-5.6;-0.3;3.3;3.5;81.2;0;-4;-4.1;-3.8;-5.1;3;255.5555556;0;0;4.2
7185600;-6;-4;35;79;-6.4;-3.8;3.2;3.1;81.2;0;-2.7;-3.2;-2.6;-3.6;2.5;252.7777778;2.777777778;2.777777778;3.2
7186500;-8;-6;42;92;-7.6;-5.6;3.2;3;81;0;-3.8;-4;-3.7;-4.4;2.5;252.7777778;2.777777778;2.777777778;3.2
7187400;-8;-6;42;89;-8.3;-6.4;3.1;3.1;81.2;0;-4.5;-4.7;-4.4;-5.2;2.5;252.7777778;2.777777778;2.777777778;3.2
7188300;-7;-6;16;29;-6.7;-6.4;3;3.2;81.2;0;-4.7;-4.9;-4.6;-5.5;2.5;252.7777778;2.777777778;2.777777778;3.2
7189200;-6;-2;0;0;-5.8;-3.4;2.9;2.9;81.5;0;-4;-4.1;-3.9;-5;2.5;255.5555556;47.22222222;66.66666667;1.9
7190100;-7;-4;35;77;-6.8;-4.6;2.9;2.8;81.8;0;-3;-3.2;-2.9;-3.9;2.5;255.5555556;47.22222222;66.66666667;1.9
7191000;-8;-6;42;90;-7.7;-5.8;3;2.8;81.7;0;-3.9;-4.1;-3.9;-4.5;2.5;255.5555556;47.22222222;66.66666667;1.9
7191900;-8;-6;42;88;-8.3;-6.5;3.2;2.8;81.7;0;-4.5;-4.7;-4.4;-5.2;2.5;255.5555556;47.22222222;66.66666667;1.9
7192800;-9;-7;43;87;-8.3;-6.6;3.7;3;81.1;33;-4.5;-4.8;-4.6;-5.3;4;261.1111111;108.3333333;213.8888889;1.3
7193700;-8;-6;42;89;-8.3;-6.6;4.6;3.1;79.1;41.3;-4.2;-4.6;-4.2;-5.1;4;261.1111111;108.3333333;213.8888889;1.3
7194600;-8;-6;42;92;-8.3;-6.3;5.7;3;75.7;42.7;-3.6;-4.1;-3.7;-4.7;4;261.1111111;108.3333333;213.8888889;1.3
7195500;-8;-5;42;96;-7.7;-5.8;6.5;2.9;72.6;44.7;-3;-3.5;-3;-4;4;261.1111111;108.3333333;213.8888889;1.3
7196400;-7;-4;42;101;-6.9;-4.8;6.9;4.2;69.2;158.5;-2.1;-2.6;-2.1;-3.1;6.2;269.4444444;155.5555556;372.2222222;2.2
7197300;-6;-3;42;106;-5.9;-3.7;7.2;4.5;68.3;186.9;-1;-1.3;-0.9;-2.1;6.2;269.4444444;155.5555556;372.2222222;2.2
7198200;-5;-2;42;112;-4.9;-2.6;7.8;4.3;66.3;186.9;0.1;-0.1;0.2;-1;6.2;269.4444444;155.5555556;372.2222222;2.2
7199100;-4;-2;42;117;-3.9;-1.5;8.5;4.1;63.6;186.9;1.3;1.1;1.4;0;6.2;269.4444444;155.5555556;372.2222222;2.2
7200000;-3;0;42;124;-2.8;-0.2;9.3;5.9;61.7;294.7;2.5;2.3;2.6;1.2;9.2;277.7777778;197.2222222;513.8888889;2
7200900;-2;0;43;132;-1.7;1.1;10.1;6.4;58.7;321.7;3.9;3.7;4;2.5;9.2;277.7777778;197.2222222;513.8888889;2
7201800;-1;2;43;140;-0.4;2.4;10.4;6.4;57.3;321.7;5.2;5.1;5.2;3.8;9.2;277.7777778;197.2222222;513.8888889;2
7202700;0;3;43;148;1;4;11.3;6.3;55.4;321.7;6.9;6.8;6.9;5.4;9.2;277.7777778;197.2222222;513.8888889;2
7203600;2;5;43;159;2.6;5.8;12;8.3;53.8;396.5;8.7;8.6;8.7;7.2;12.3;288.8888889;216.6666667;566.6666667;4.1
7204500;3;7;43;172;4.2;7.7;13;8.8;51.3;415.2;10.5;10.5;10.5;9;12.3;288.8888889;216.6666667;566.6666667;4.1
7205400;5;8;43;180;5.4;9.1;13.5;8.8;49.8;415.2;11.8;11.9;11.8;10.3;12.3;288.8888889;216.6666667;566.6666667;4.1
7206300;5;9;43;182;6;9.7;14.1;8.7;47.9;415.2;12.5;12.5;12.5;11;12.3;288.8888889;216.6666667;566.6666667;4.1
7207200;6;10;43;185;6.7;10.5;14.5;10.3;47.6;491.1;13.2;13.2;13.2;11.8;14.4;291.6666667;177.7777778;622.2222222;4.5
7208100;4;11;43;320;5.5;11.6;14.9;10.7;45.7;510.1;14.3;14.3;14.1;12.9;14.4;291.6666667;177.7777778;622.2222222;4.5
7209000;6;10;36;229;6.5;11.4;15.3;10.7;44.7;510.1;13.8;13.8;13.6;12.2;14.4;291.6666667;177.7777778;622.2222222;4.5
7209900;7;11;43;201;7.6;11.6;15.8;10.7;42.4;510.1;14.2;14.3;14.3;12.9;14.4;291.6666667;177.7777778;622.2222222;4.5
7210800;8;12;38;208;8.8;12.8;16.2;12;40.2;546;15.7;15.7;15.7;14.3;15.5;297.2222222;191.6666667;611.1111111;4.8
7211700;4;13;40;387;5.6;13.5;16.8;12.3;37.3;555;15.6;15.5;15.1;14.3;15.5;297.2222222;191.6666667;611.1111111;4.8
7212600;7;12;38;209;8.4;13;17.1;13.2;37.2;554.6;15.8;15.7;15.6;14.2;15.5;297.2222222;191.6666667;611.1111111;4.8
7213500;9;13;43;224;9.6;14.1;17.3;13.9;37.6;554.2;16.8;16.8;16.7;15.5;15.5;297.2222222;191.6666667;611.1111111;4.8
7214400;11;15;40;158;12.1;15.5;17.8;14.9;38;550.4;18.2;18.3;18.2;16.8;15.8;325;275;405.5555556;5.1
7215300;12;16;34;137;11.8;17;18.1;15;38;550.1;19.7;19.9;19.8;18.3;15.8;325;275;405.5555556;5.1
7216200;10;16;42;265;11.1;17.3;18.4;15.3;37.6;536.9;19.3;19.3;19.2;18;15.8;325;275;405.5555556;5.1
7217100;6;14;37;371;7.7;15.1;18.4;15.6;37.2;521.9;16.7;16.7;16.3;15.4;15.8;325;275;405.5555556;5.1
7218000;6;10;38;206;6.5;11.2;18.6;15.7;37.6;474.1;13.1;12.9;12.8;11.6;15.5;313.8888889;286.1111111;444.4444444;4.4
7218900;5;9;43;188;6.7;10.5;19.3;15.7;35.2;466.8;13;12.9;12.9;11.8;15.5;313.8888889;286.1111111;444.4444444;4.4
7219800;5;11;42;272;6.8;12;19.3;15.7;34.7;466.8;14.6;14.6;14.5;13.3;15.5;313.8888889;286.1111111;444.4444444;4.4
7220700;5;10;38;240;6.3;11.7;18.9;15.7;35.3;466.8;13.7;13.7;13.4;12.4;15.5;313.8888889;286.1111111;444.4444444;4.4
7221600;5;11;37;253;6.1;11.7;18.8;15.7;35.8;411.4;14.3;14.3;14.1;12.9;15.3;302.7777778;172.2222222;286.1111111;3.9
7222500;7;11;35;148;7.8;11.4;18.4;15.7;36.4;397.5;13.8;13.9;13.8;12.3;15.3;302.7777778;172.2222222;286.1111111;3.9
7223400;8;11;39;114;9.2;11.7;17.9;15.8;37.4;397.5;14.2;14.3;14.4;13;15.3;302.7777778;172.2222222;286.1111111;3.9
7224300;6;11;40;267;6.3;11.8;17.5;16;38.4;397.5;13.8;13.8;13.7;12.9;15.3;302.7777778;172.2222222;286.1111111;3.9
7225200;5;9;43;198;6.3;10.4;17.5;15.5;39.3;333;12.4;12.3;12.3;11.2;15.1;300;116.6666667;230.5555556;2.5
7226100;5;9;43;206;6.3;10.4;17.6;15.3;39.1;309.6;12.6;12.4;12.5;11.4;15.1;300;116.6666667;230.5555556;2.5
7227000;5;10;43;207;6.3;10.4;17.7;15.2;39.8;309.6;12.8;12.7;12.6;11.5;15.1;300;116.6666667;230.5555556;2.5
7227900;5;9;43;198;6.3;10.4;17.8;15.1;38.7;309.6;12.6;12.5;12.5;11.4;15.1;300;116.6666667;230.5555556;2.5
7228800;5;9;43;177;6.3;10.1;17.3;14.7;39.1;247.8;11.9;11.8;11.9;10.8;14.3;291.6666667;36.11111111;61.11111111;0.9
7229700;5;8;43;151;6.1;9.1;16.8;14.4;39.4;206.6;11.1;11;11.1;10;14.3;291.6666667;36.11111111;61.11111111;0.9
7230600;5;8;43;136;5.8;8.6;16.2;14.5;40.1;206.6;10.6;10.4;10.5;9.6;14.3;291.6666667;36.11111111;61.11111111;0.9
7231500;4;7;38;107;5.8;8;15.9;14.6;42.4;206.6;10.2;9.9;10.1;9.5;14.3;291.6666667;36.11111111;61.11111111;0.9
7232400;5;7;39;105;5.8;7.9;15.5;14.2;44.9;138.3;10.1;9.8;10;9.3;12.8;286.1111111;0;2.777777778;1
7233300;4;7;39;94;5.5;7.6;15;13.9;47;92.8;9.5;9.2;9.6;8.9;12.8;286.1111111;0;2.777777778;1
7234200;4;6;38;89;5.4;7.2;14.5;14.3;48.5;92.8;9.2;8.9;9.3;8.4;12.8;286.1111111;0;2.777777778;1
7235100;4;5;43;96;4.4;6.3;13.9;14.5;50.8;92.8;8.3;8;8.3;7.5;12.8;286.1111111;0;2.777777778;1
7236000;3;5;43;81;4.3;5.9;13.7;13.3;52.3;10.5;8.3;7.9;8.3;7.4;11.9;286.1111111;0;0;1.8
7236900;3;5;43;73;4.3;5.9;13.3;13.3;53.4;10.5;8.1;7.7;8.1;7.1;11.9;286.1111111;0;0;1.8
7237800;3;5;43;60;4.3;5.6;12.7;13.4;55.2;10.5;7.6;7.3;7.6;6.6;11.9;286.1111111;0;0;1.8
7238700;3;4;8;10;4.3;5.4;12.1;13.4;57.7;10.5;7.4;7.2;7.6;6.4;11.9;286.1111111;0;0;1.8
7239600;3;4;14;48;3.9;5.5;11.6;12.4;59.2;0.7;8;7.6;8.1;7;10.5;322.2222222;0;0;1.5
7240500;2;4;34;76;3.4;5.5;11.6;12.3;59.4;0;7.3;6.8;7.3;6.7;10.5;322.2222222;0;0;1.5
7241400;2;3;39;78;2.8;4.5;11.3;12.1;59.4;0;6.4;6;6.4;5.7;10.5;322.2222222;0;0;1.5
7242300;2;3;36;51;2.7;3.9;11.4;11.9;59.3;0;5.9;5.5;6;5.1;10.5;322.2222222;0;0;1.5
7243200;2;3;0;0;2.9;3.9;11.7;11.4;58.6;0;6.4;6.1;6.6;5.3;10.5;341.6666667;0;0;1
7244100;2;4;23;62;3.2;4.5;12.2;11.3;56.8;0;7.2;6.9;7.5;6.1;10.5;341.6666667;0;0;1
7245000;3;5;3;7;3.8;5.5;12.5;11.3;55.6;0;7.1;6.8;7.2;6;10.5;341.6666667;0;0;1
7245900;3;6;12;48;3.7;6.2;12.7;11.4;54.4;0;8;7.6;8.1;6.8;10.5;341.6666667;0;0;1
7246800;1;4;43;148;1.9;5;12.8;10.7;54.4;0;6.7;6.4;6.6;6;10.5;322.2222222;0;0;0.8
7247700;0;2;42;139;0.5;3.4;12.8;10.5;54.7;0;5.3;5;5.2;4.5;10.5;322.2222222;0;0;0.8
7248600;0;1;42;134;-0.6;2.3;12.7;10.2;55.1;0;4.2;3.9;4.1;3.2;10.5;322.2222222;0;0;0.8
7249500;-1;0;42;131;-1.4;1.3;12.5;9.8;55.9;0;3.3;3;3.2;2.3;10.5;322.2222222;0;0;0.8
7250400;-2;0;42;128;-2;0.8;12.1;9.4;57.5;0;2.7;2.4;2.8;1.8;10;294.4444444;0;0;2
7251300;-2;0;42;125;-2.3;0.3;11.9;9.2;58.2;0;2.2;1.9;2.4;1.3;10;294.4444444;0;0;2
7252200;-3;0;42;122;-2.8;-0.3;11.4;9.2;59.5;0;1.7;1.4;1.8;0.8;10;294.4444444;0;0;2
7253100;-3.5;0;42;117;-3.15;-0.7;10.75;7.2;61.3;0;1.35;0.9;1.3;0.45;10;294.4444444;0;0;2
7254000;-4;0;42;112;-3.5;-1.1;10.1;5.2;63.1;0;1;0.4;0.8;0.1;9.7;327.7777778;0;0;1.7
7254900;-4;0;42;114;-3.7;-1.6;10.2;3.7;63.9;0;1.1;0.4;0.8;0.1;9.7;327.7777778;0;0;1.7
7255800;-4;0;42;118;-3.7;-1.3;10.4;3.7;63.8;0;1.3;0.7;1.1;0.2;9.7;327.7777778;0;0;1.7
7256700;-4;0;42;118;-3.7;-1.1;10.6;3.7;63.5;0;1.2;0.7;1;0.1;9.7;327.7777778;0;0;1.7
7257600;-4;0;42;118;-3.7;-1.1;10.8;3.3;62.7;0;1.1;0.7;1;0;8.4;288.8888889;0;0;2.1
7258500;-4;0;42;117;-3.7;-1.1;10.9;3.2;62.1;0;1;0.6;0.8;0;8.4;288.8888889;0;0;2.1
7259400;-4;0;42;116;-3.7;-1.1;10.9;3.2;61.9;0;0.8;0.5;0.7;-0.1;8.4;288.8888889;0;0;2.1
7260300;-4;-1;42;114;-3.9;-1.6;10.3;3.2;63.5;0;0.4;0.2;0.4;-0.4;8.4;288.8888889;0;0;2.1
7261200;-5;-2;42;111;-4.5;-2.1;9.6;2.7;65.9;0;-0.1;-0.4;-0.2;-1;7.7;291.6666667;0;0;2.7
7262100;-5;-3;42;107;-4.9;-2.7;9;2.5;67.8;0;-0.7;-1;-0.7;-1.5;7.7;291.6666667;0;0;2.7
7263000;-5;-3;42;107;-5.2;-3.1;8.6;2.5;69.8;0;-1;-1.2;-1.1;-1.8;7.7;291.6666667;0;0;2.7
7263900;-6;-3;42;107;-5.2;-3.1;8.6;2.5;70.4;0;-1.1;-1.4;-1.2;-1.8;7.7;291.6666667;0;0;2.7
7264800;-6;-3;42;106;-5.6;-3.3;8.4;6.8;71.1;0;-1.3;-1.5;-1.3;-2.1;6.6;286.1111111;0;0;3.3
7265700;-6;-3;42;106;-5.7;-3.6;8.5;8.3;72.2;0;-1.1;-1.4;-1.3;-2.1;6.6;286.1111111;0;0;3.3
7266600;-6;-3;42;106;-5.7;-3.6;8.6;8.2;71.5;0;-1.3;-1.5;-1.3;-2.1;6.6;286.1111111;0;0;3.3
7267500;-6;-3;42;106;-5.7;-3.6;8.3;7.9;72.1;0;-1.1;-1.5;-1.3;-2.1;6.6;286.1111111;0;0;3.3
7268400;-6;-3;42;106;-5.7;-3.6;8;7.5;73.5;0;-1.1;-1.5;-1.3;-2.2;5.2;297.2222222;0;0;2.9
7269300;-6;-4;42;103;-5.8;-3.7;7.7;7.3;73.6;0;-1.7;-1.9;-1.7;-2.5;5.2;297.2222222;0;0;2.9
7270200;-6;-4;42;101;-6.2;-4.1;7.3;7.3;74.8;0;-2;-2.2;-2;-2.8;5.2;297.2222222;0;0;2.9
7271100;-6;-4;42;101;-6.2;-4.1;7.2;7.4;75.7;0;-2;-2.3;-2.2;-2.9;5.2;297.2222222;0;0;2.9
7272000;-6;-4;42;101;-6.2;-4.1;7.3;7;76.1;0;-2.1;-2.4;-2.2;-2.9;5;297.2222222;2.777777778;2.777777778;1.7
7272900;-6;-4;42;101;-6.2;-4.1;7.6;6.8;75.4;0;-2.1;-2.3;-2.1;-2.9;5;297.2222222;2.777777778;2.777777778;1.7
7273800;-6;-4;42;101;-6.2;-4.1;7.7;6.4;75.1;0;-2.1;-2.3;-2.1;-3;5;297.2222222;2.777777778;2.777777778;1.7
7274700;-6;-4;42;102;-6.2;-4.1;7.8;6.2;75.1;0;-2.1;-2.3;-2;-3;5;297.2222222;2.777777778;2.777777778;1.7
7275600;-6;-4;42;101;-6.2;-4.1;7.8;5.9;74.9;0;-2.1;-2.3;-2;-3;4.8;288.8888889;61.11111111;80.55555556;1.9
7276500;-7;-4;42;101;-6.2;-4.1;7.4;5.7;75.8;0;-2.2;-2.5;-2.1;-3;4.8;288.8888889;61.11111111;80.55555556;1.9
7277400;-7;-4;42;100;-6.6;-4.5;7.2;5.2;76.4;0;-2.3;-2.6;-2.2;-3.1;4.8;288.8888889;61.11111111;80.55555556;1.9
7278300;-7;-4;42;100;-6.7;-4.6;7.3;4.9;76.2;0;-2.3;-2.6;-2.2;-3;4.8;288.8888889;61.11111111;80.55555556;1.9
7279200;-6;-4;42;100;-6.6;-4.4;8;5;75.2;18.5;-1.8;-2.2;-1.9;-2.7;6.4;291.6666667;130.5555556;186.1111111;3.6
7280100;-6;-3;42;106;-6;-3.8;9.3;5;70.9;27.7;-1.1;-1.6;-1.1;-2.1;6.4;291.6666667;130.5555556;186.1111111;3.6
7281000;-5;-3;42;110;-5.3;-2.9;10.3;5.1;66.5;31;-0.3;-0.7;-0.3;-1.4;6.4;291.6666667;130.5555556;186.1111111;3.6
7281900;-5;-2;42;111;-4.9;-2.6;10.3;5.2;65.6;32.7;0;-0.3;0.1;-1.2;6.4;291.6666667;130.5555556;186.1111111;3.6
7282800;-4;-2;42;114;-4.5;-2.1;10.3;5.9;64.9;108.8;0.6;0.2;0.6;-0.7;8.2;280.5555556;155.5555556;372.2222222;3.2
7283700;-4;-2;42;120;-3.8;-1.3;10.4;6.4;65.3;159.6;1.5;1.1;1.5;0.2;8.2;280.5555556;155.5555556;372.2222222;3.2
7284600;-3;0;42;126;-2.7;-0.1;11.1;6.2;63.3;159.6;2.7;2.4;2.7;1.4;8.2;280.5555556;155.5555556;372.2222222;3.2
7285500;-2;0;42;133;-1.7;1;11.4;6;62;159.6;3.8;3.5;3.8;2.4;8.2;280.5555556;155.5555556;372.2222222;3.2
7286400;-1;2;42;141;-0.6;2.3;12;7.8;61;315.7;5.1;4.9;5.1;3.8;11.4;280.5555556;138.8888889;527.7777778;3.5
7287300;0;3;42;149;0.9;4;12.4;7.8;59;315.7;6.8;6.7;6.8;5.4;11.4;280.5555556;138.8888889;527.7777778;3.5
7288200;1;5;43;158;2.3;5.6;13.2;8;57.2;315.7;8.4;8.3;8.4;6.9;11.4;280.5555556;138.8888889;527.7777778;3.5
7289100;3;6;43;169;3.7;7.1;13.6;8.1;55.2;315.7;10;9.9;10;8.4;11.4;280.5555556;138.8888889;527.7777778;3.5
7290000;4;8;43;175;5;8.6;14.2;9.9;53.6;431.7;11.4;11.5;11.4;9.8;13;288.8888889;147.2222222;641.6666667;2.9
7290900;5;9;43;182;6.3;10;14.5;10;51.9;440;12.8;12.9;12.8;11.2;13;288.8888889;147.2222222;641.6666667;2.9
7291800;5;11;41;286;5.4;11.5;14.6;10;51.5;444.2;14.1;14.3;14.1;12.5;13;288.8888889;147.2222222;641.6666667;2.9
7292700;6;10;38;225;6.8;11.6;15;10;49.2;449.1;14;14.1;13.8;12.2;13;288.8888889;147.2222222;641.6666667;2.9
7293600;7;12;43;205;8.1;12.3;15.8;11.6;48.1;561.8;15;15;15;13.4;14.5;322.2222222;252.7777778;508.3333333;4.2
7294500;9;13;39;184;9.8;13.4;16.5;11.8;45.5;579.1;16.2;16.3;16.2;14.7;14.5;322.2222222;252.7777778;508.3333333;4.2
7295400;13;15;33;64;14.4;15.9;17.6;11.8;42.9;579.1;18.8;19.2;19.1;17.3;14.5;322.2222222;252.7777778;508.3333333;4.2
7296300;15;18;33;80;16.2;18.1;18.4;11.8;40.5;579.1;20.9;21.1;21.1;19.7;14.5;322.2222222;252.7777778;508.3333333;4.2
7297200;17;19;33;82;17.8;19.9;19.3;12.9;37.4;629.3;22.7;22.8;22.6;21.6;15.7;302.7777778;200;666.6666667;4.3
7298100;19;21;21;75;19.9;21.5;19.6;13.3;35.7;647.5;24.4;24.6;24.3;23.3;15.7;302.7777778;200;666.6666667;4.3
7299000;15;21;42;284;16.5;22.4;19.1;13.3;35.7;647.5;24.3;24.5;24.1;23.6;15.7;302.7777778;200;666.6666667;4.3
7299900;15;20;40;203;16.1;20.8;18.9;13.3;35.4;647.5;22.6;22.8;22.4;21.7;15.7;302.7777778;200;666.6666667;4.3
7300800;11;19;38;371;11.8;20.4;18.9;14.3;35.3;633.8;22.4;22.5;22.3;21.5;16;305.5555556;186.1111111;580.5555556;3.8
7301700;10;17;33;268;11.2;17.8;18.9;14.4;35.6;632.8;19.1;19.4;18.8;18.3;16;305.5555556;186.1111111;580.5555556;3.8
7302600;8;15;40;368;8.4;16.5;18.9;15.1;36.6;644.3;18.5;18.5;18.3;17.4;16;305.5555556;186.1111111;580.5555556;3.8
7303500;7;14;36;319;8.2;15.3;19.9;15.6;35.4;651.9;17.5;17.6;17.2;16;16;305.5555556;186.1111111;580.5555556;3.8
7304400;12;15;31;97;13.9;16;19.7;16.4;34.3;578.5;18.6;18.6;18.5;17;16.7;319.4444444;213.8888889;383.3333333;2.1
7305300;13;16;39;122;13.8;17.1;19.3;16.5;34.6;573.3;19.8;19.9;19.8;18.5;16.7;319.4444444;213.8888889;383.3333333;2.1
7306200;6;15;43;430;7.1;16.3;19.1;16.6;33.4;573.3;17.7;17.8;17.3;16.7;16.7;319.4444444;213.8888889;383.3333333;2.1
7307100;7;13;43;281;7.9;13.6;19.6;16.6;32.4;573.3;15.6;15.6;15.4;14.3;16.7;319.4444444;213.8888889;383.3333333;2.1
7308000;6;11;43;233;7.2;12.1;19.4;16.9;32.6;482.2;14.1;14;14;12.9;17.4;308.3333333;202.7777778;422.2222222;1.6
7308900;6;11;43;236;7;11.9;19.9;16.9;31.1;475.7;14.3;14.2;14.1;13;17.4;308.3333333;202.7777778;422.2222222;1.6
7309800;6;12;43;253;7.1;12.4;20.1;16.6;28.1;475.7;15;15;14.9;13.7;17.4;308.3333333;202.7777778;422.2222222;1.6
7310700;7;12;43;259;7.5;12.9;20;16.4;29.1;475.7;15.5;15.4;15.3;14.1;17.4;308.3333333;202.7777778;422.2222222;1.6
7311600;7;12;43;258;7.7;13.1;19.9;16.2;29.1;342.3;15.6;15.6;15.5;14.3;17.3;313.8888889;119.4444444;197.2222222;2.4
7312500;7;13;43;253;8;13.4;20.1;16.2;28.8;332.8;15.7;15.6;15.6;14.4;17.3;313.8888889;119.4444444;197.2222222;2.4
7313400;7;12;43;229;8;13;19.9;16.4;29.4;332.8;14.9;14.9;14.9;13.7;17.3;313.8888889;119.4444444;197.2222222;2.4
7314300;7;11;43;206;8;12.3;19.4;16.5;29.6;332.8;14.3;14.2;14.2;13.2;17.3;313.8888889;119.4444444;197.2222222;2.4
7315200;8;11;34;113;9.3;12.2;19;15.8;31.5;198.7;14.4;14.2;14.4;13.2;16.3;322.2222222;47.22222222;50;2.2
7316100;8;11;39;116;9.7;12.4;18.4;15.8;32.7;189.1;14.2;14.1;14.3;13.2;16.3;322.2222222;47.22222222;50;2.2
7317000;8;11;38;139;8.7;11.9;18.1;16.3;33.4;189.1;14;13.8;14;12.9;16.3;322.2222222;47.22222222;50;2.2
7317900;6;9;43;173;6.8;10.5;17.9;16.7;33.8;189.1;12.2;12;12.1;11.3;16.3;322.2222222;47.22222222;50;2.2
7318800;6;9;43;134;6.9;9.6;17.7;15.8;34.1;81.3;11.6;11.3;11.6;10.6;15.3;316.6666667;2.777777778;2.777777778;2.8
7319700;5;8;43;114;6.6;9;17.3;15.7;35.9;73.6;10.8;10.6;10.9;9.9;15.3;316.6666667;2.777777778;2.777777778;2.8
7320600;5;7;43;101;6.4;8.4;16.6;16.1;37.7;73.6;10.3;10.1;10.5;9.5;15.3;316.6666667;2.777777778;2.777777778;2.8
7321500;5;7;43;92;6.2;8;16;16.5;39.3;73.6;10;9.7;10.1;9.1;15.3;316.6666667;2.777777778;2.777777778;2.8
7322400;5;7;43;85;5.9;7.7;15.6;15.5;41.3;10.3;9.6;9.3;9.8;8.8;14.7;325;0;0;2.5
7323300;5;6;43;76;5.9;7.4;15.2;15.4;42.6;5.8;9.3;9;9.5;8.4;14.7;325;0;0;2.5
7324200;4;6;43;67;5.7;6.9;14.8;15.4;44.2;5.7;8.9;8.6;9.1;8.1;14.7;325;0;0;2.5
7325100;4;6;35;74;4.8;6.7;14.4;15.5;45.6;5.5;8.5;8.3;8.8;7.8;14.7;325;0;0;2.5
7326000;3;5;39;81;4.2;6.1;14.1;14.4;46.9;0.7;8;7.7;8.2;7.3;14.2;350;0;0;2.8
7326900;4;5;23;47;4.5;5.9;14.2;14.2;47.7;0;8;7.6;8.1;7;14.2;350;0;0;2.8
7327800;4;5;0;0;4.6;5.9;14.6;14.2;47.2;0;8.5;8.4;8.8;7.3;14.2;350;0;0;2.8
7328700;4;6;31;92;4.7;6.8;14.7;14.3;47.3;0;9.2;8.9;9.4;8.3;14.2;350;0;0;2.8
7329600;5;5;0;0;5.5;6.4;14.7;13.6;48.2;0;8.9;8.8;9.2;7.7;13.9;313.8888889;0;0;4.3
7330500;4;6;29;97;5.1;7.1;14.8;13.5;48;0;9.7;9.3;9.7;8.7;13.9;313.8888889;0;0;4.3
7331400;4;6;43;69;5.3;6.9;14.6;13.8;48.7;0;8.9;8.6;9;8;13.9;313.8888889;0;0;4.3
7332300;4;6;43;74;5.3;6.9;14.3;14.1;49.2;0;8.9;8.5;9;8;13.9;313.8888889;0;0;4.3
7333200;4;6;43;72;5.3;6.9;14.1;13.6;49.5;0;8.7;8.5;8.8;7.9;13.4;300;0;0;4.6
7334100;4;5;43;65;5.3;6.4;13.6;13.5;51.6;0;8.5;8.2;8.6;7.6;13.4;300;0;0;4.6
7335000;4;5;43;59;5.2;6.3;12.9;13.6;53.7;0;8.2;7.9;8.4;7.3;13.4;300;0;0;4.6
7335900;4;5;9;11;4.8;5.9;12.4;13.8;55.6;0;8.1;7.8;8.3;7.1;13.4;300;0;0;4.6
7336800;4;5;14;42;4.6;6.1;12.2;13.3;56.4;0;8.7;8.2;8.7;7.6;12.2;305.5555556;0;0;4.5
7337700;4;5;12;23;4.8;6;12;13.3;57.5;0;8;7.6;8;7.2;12.2;305.5555556;0;0;4.5
7338600;4;5;31;58;4.8;5.9;11.9;13.3;58.5;0;8.4;7.8;8.3;7.6;12.2;305.5555556;0;0;4.5
7339500;3.5;4.5;26.5;46;4.35;5.45;11.9;8.8;58.75;0;7.7;7.2;7.6;6.85;12.2;305.5555556;0;0;4.5
7340400;3;4;22;34;3.9;5;11.9;4.3;59;0;7;6.6;6.9;6.1;12.2;338.8888889;0;0;4.9
7341300;3;5;0;0;4;5.2;11.9;3.7;59.3;0;7.4;6.9;7.4;6.3;12.2;338.8888889;0;0;4.9
7342200;2;5;37;116;3;5.6;12;3.7;59.2;0;7.8;7.2;7.7;6.9;12.2;338.8888889;0;0;4.9
7343100;0;3;43;145;1.3;4.3;12.5;3.7;58.5;0;6.3;5.8;6.2;5.5;12.2;338.8888889;0;0;4.9
7344000;0;3;43;145;0.7;3.9;13;3.3;58.6;0;6;5.7;6;5;12;333.3333333;0;0;6.5
7344900;0;3;43;147;0.7;3.9;13.3;3.2;59.5;0;6.3;6.1;6.3;5.2;12;333.3333333;0;0;6.5
7345800;0;3;43;147;1.1;3.9;13.4;3.2;58.8;0;6.5;6.2;6.5;5.4;12;333.3333333;0;0;6.5
7346700;0;4;40;138;1.3;4.3;13.3;3.2;60;0;6.7;6.4;6.7;5.5;12;333.3333333;0;0;6.5
7347600;3;4;23;44;3.4;4.8;13.1;2.7;60.5;0;7.1;7.1;7.3;5.8;10.8;350;0;0;6.6
7348500;3;5;0;1;3.7;5.6;12.9;2.5;62.3;0;7.9;8;8.2;6.1;10.8;350;0;0;6.6
7349400;3;6;43;148;3.5;6.5;12.8;2.5;64.3;0;8.8;8.6;8.8;7.8;10.8;350;0;0;6.6
7350300;1;4;43;152;2.5;5.6;12.7;2.5;67.7;0;7.4;7.2;7.5;6.5;10.8;350;0;0;6.6
7351200;1;4;43;147;1.8;4.9;12.2;8.6;71.4;0;6.7;6.6;6.8;5.9;9.4;341.6666667;0;0;7.2
7352100;0;3;43;146;1.4;4.4;12;10.8;73.8;0;6.4;6.2;6.5;5.4;9.4;341.6666667;0;0;7.2
7353000;0;3;43;144;1.3;4;11.9;11;74.9;0;6.1;5.9;6.3;5.1;9.4;341.6666667;0;0;7.2
7353900;0;3;43;145;1.2;3.9;11.8;11.4;76.3;0;6;6;6.2;5.1;9.4;341.6666667;0;0;7.2
7354800;0;3;43;143;0.8;3.9;11.7;10.7;76.5;0;5.8;5.7;5.9;4.8;9;341.6666667;0;0;6.4
7355700;0;2;43;142;0.8;3.4;11.7;10.5;75.9;0;5.5;5.3;5.7;4.5;9;341.6666667;0;0;6.4
7356600;0;2;43;141;0.3;3.4;11.7;10.4;75.5;0;5.6;5.3;5.6;4.6;9;341.6666667;0;0;6.4
7357500;0;3;43;143;0.5;3.4;11;10.2;74.8;0;5.8;5.6;5.9;4.9;9;341.6666667;0;0;6.4
7358400;0;2;43;140;0.5;3.3;10.1;9.4;72.9;0;5.2;5.1;5.3;4.4;7.2;325;2.777777778;2.777777778;6.7
7359300;0;2;43;137;-0.2;2.6;9.7;9.1;71.4;0;4.6;4.4;4.7;3.7;7.2;325;2.777777778;2.777777778;6.7
7360200;0;1;43;135;-0.6;2.1;9.5;8.9;70.1;0;4;3.9;4.1;3.2;7.2;325;2.777777778;2.777777778;6.7
7361100;0;1;43;132;-1;1.7;9.3;8.5;70;0;3.6;3.5;3.7;2.7;7.2;325;2.777777778;2.777777778;6.7
7362000;-2;0;43;130;-1.2;1.4;9.2;7.9;68.9;0;3.3;3.2;3.4;2.4;6.2;316.6666667;27.77777778;27.77777778;7.4
7362900;-2;0;43;130;-1.4;1.3;8.8;7.7;69.2;0;3.2;3.1;3.3;2.2;6.2;316.6666667;27.77777778;27.77777778;7.4
7363800;-1;0;23;76;-0.8;0.9;8.8;8.1;69.6;0;3;2.7;3;1.9;6.2;316.6666667;27.77777778;27.77777778;7.4
7364700;0;0;0;0;0.4;0.9;8.9;8.3;68.7;0;3.5;3.6;3.9;2.3;6.2;316.6666667;27.77777778;27.77777778;7.4
7365600;0;2;17;49;0.5;2.4;9;8;66.3;9.1;4.7;4.9;5.2;3.3;6.1;302.7777778;138.8888889;227.7777778;8
7366500;0;1;43;134;-0.3;2.5;9.2;7.9;63.7;13.6;4.3;4.2;4.4;3.5;6.1;302.7777778;138.8888889;227.7777778;8
7367400;0;1;43;130;-1.1;1.7;9.2;7.2;63.3;11.2;3.6;3.4;3.6;2.7;6.1;302.7777778;138.8888889;227.7777778;8
7368300;-2;0;43;131;-1.5;1.3;9.4;6.8;62.4;10;3.7;3.4;3.7;2.8;6.1;302.7777778;138.8888889;227.7777778;8
7369200;-1;2;43;140;-0.5;2.3;9.8;7;58.1;130.1;5;4.7;5.1;3.9;6.9;272.2222222;141.6666667;391.6666667;6.9
7370100;0;3;43;144;0.4;3.3;10.1;7;52.9;130.1;5.9;5.8;6;4.7;6.9;272.2222222;141.6666667;391.6666667;6.9
7371000;0;3;43;146;0.9;3.9;9.7;6.8;52.5;130.1;6.5;6.4;6.6;5.3;6.9;272.2222222;141.6666667;391.6666667;6.9
7371900;1;4;43;151;1.8;4.8;9.7;6.4;51.3;130.1;7.5;7.4;7.5;6.2;6.9;272.2222222;141.6666667;391.6666667;6.9
7372800;2;5;43;158;2.6;5.9;10.1;6.8;50.1;201.9;8.5;8.5;8.6;7.3;7.6;258.3333333;91.66666667;583.3333333;7.8
7373700;3;6;43;163;3.5;6.7;10.4;7;49.9;237.8;9.2;9.3;9.3;8;7.6;258.3333333;91.66666667;583.3333333;7.8
7374600;2;6;43;158;3.3;6.7;9.5;6.8;51.7;237.8;8.7;8.8;8.8;7.6;7.6;258.3333333;91.66666667;583.3333333;7.8
7375500;2;6;43;158;3.2;6.5;9.6;6.6;46.8;237.8;8.8;8.9;8.9;7.8;7.6;258.3333333;91.66666667;583.3333333;7.8
7376400;3;7;43;165;3.8;7.1;10;7.3;44.2;375.4;9.7;9.8;9.8;8.6;8.3;263.8888889;119.4444444;655.5555556;6.5
7377300;4;8;43;172;4.9;8.4;10.5;7.3;42.9;385.2;10.9;11.2;11.1;9.7;8.3;263.8888889;119.4444444;655.5555556;6.5
7378200;5;9;43;179;6.1;9.7;10.9;7.3;42.5;385.2;12.2;12.5;12.3;11;8.3;263.8888889;119.4444444;655.5555556;6.5
7379100;5;10;38;228;5.4;10.7;11.1;7.4;41.7;385.2;13.2;13.3;13.1;12;8.3;263.8888889;119.4444444;655.5555556;6.5
7380000;5;10;36;176;6.3;10.9;11.5;7.9;40.3;432.9;13.2;13.5;13.1;12;10;288.8888889;233.3333333;694.4444444;7.3
7380900;7;11;43;197;7.5;11.5;12;8;37.9;444.8;13.9;14.2;13.9;12.9;10;288.8888889;233.3333333;694.4444444;7.3
7381800;6;10;43;185;7.3;11.1;11.3;8;38.2;444.8;12.8;13.1;12.9;12;10;288.8888889;233.3333333;694.4444444;7.3
7382700;5;8;40;144;5.8;9.1;10.8;8;39.3;444.8;10.9;10.9;11;10.1;10;288.8888889;233.3333333;694.4444444;7.3
7383600;4;8;40;203;4.7;8.8;11.7;8.5;37.1;493.1;11.3;11.3;11.1;10.4;9.7;286.1111111;227.7777778;688.8888889;6.4
7384500;6;10;40;185;6.6;10.5;12.2;8.5;36.2;493.1;13;13.2;13;12.1;9.7;286.1111111;227.7777778;688.8888889;6.4
7385400;5;9;43;181;6.5;10.3;11.9;8.5;37.3;493.1;12.2;12.3;12.2;11.3;9.7;286.1111111;227.7777778;688.8888889;6.4
7386300;5;9;43;176;6.2;9.8;11.9;8.5;36.8;493.1;12.1;12.1;12;11;9.7;286.1111111;227.7777778;688.8888889;6.4
7387200;5;9;38;209;5.1;9.8;11.8;8.8;38;505.8;12;12;11.9;11.1;10.2;302.7777778;266.6666667;402.7777778;5.6
7388100;4;8;36;135;5.4;8.7;12;8.9;38.1;512.1;10.9;10.9;10.8;9.8;10.2;302.7777778;266.6666667;402.7777778;5.6
7389000;5;9;43;185;6.1;9.8;13.3;9.9;35.7;523.7;12.2;12.3;12.2;11.2;10.2;302.7777778;266.6666667;402.7777778;5.6
7389900;5;9;43;174;5.8;9.5;13.6;10.5;34.3;531.4;11.3;11.4;11.3;10.3;10.2;302.7777778;266.6666667;402.7777778;5.6
7390800;4;7;43;164;4.9;8.3;12.3;10.7;35.1;468;10.4;10.3;10.4;9.4;11;297.2222222;202.7777778;511.1111111;6
7391700;5;9;38;225;4.8;9.5;12.9;10.7;34.6;463.5;11.8;11.9;11.7;10.8;11;297.2222222;202.7777778;511.1111111;6
7392600;4;8;38;163;5.4;9.2;12.9;10.5;34.5;463.5;11;11.1;11.1;9.9;11;297.2222222;202.7777778;511.1111111;6
7393500;4;7;43;171;4.7;8.3;12.4;10;35.8;463.5;10.6;10.5;10.5;9.5;11;297.2222222;202.7777778;511.1111111;6
7394400;5;8;43;178;5.5;8.9;12.3;10.1;36.1;411.2;11.5;11.6;11.5;10.4;10.3;294.4444444;172.2222222;269.4444444;4.1
7395300;4;8;38;192;5;8.7;12.4;10.2;35.6;385;10.8;10.8;10.8;9.8;10.3;294.4444444;172.2222222;269.4444444;4.1
7396200;4;7;38;149;5.1;8.2;12.4;10.3;36.5;385;10.5;10.5;10.6;9.5;10.3;294.4444444;172.2222222;269.4444444;4.1
7397100;3;7;43;167;4.4;7.9;12.6;10.4;36.1;385;9.6;9.6;9.7;8.7;10.3;294.4444444;172.2222222;269.4444444;4.1
7398000;2;6;43;157;3.4;6.7;12.1;10.4;37.9;328.3;8.6;8.5;8.6;7.7;9.8;305.5555556;111.1111111;133.3333333;3.1
7398900;2;5;38;131;3.9;6.1;12.2;10.4;38.4;319.6;8.4;8.3;8.4;7.4;9.8;305.5555556;111.1111111;133.3333333;3.1
7399800;3;5;38;114;3.7;6.2;12.4;10.5;37.8;319.6;8.6;8.5;8.7;7.6;9.8;305.5555556;111.1111111;133.3333333;3.1
7400700;2;6;43;161;3;6.5;12.3;10.9;37;319.6;8.6;8.6;8.8;7.8;9.8;305.5555556;111.1111111;133.3333333;3.1
7401600;2;5;43;156;3;6.3;12;10.8;37.4;248.3;8.3;8.1;8.3;7.3;9.6;313.8888889;38.88888889;38.88888889;2.7
7402500;1;5;43;148;2.6;5.7;11.5;10.7;39;212.6;7.5;7.4;7.6;6.6;9.6;313.8888889;38.88888889;38.88888889;2.7
7403400;2;4;37;95;3.4;5;11.5;10.5;39.3;212.6;7.1;7;7.2;6.1;9.6;313.8888889;38.88888889;38.88888889;2.7
7404300;2;4;38;108;2.6;5.2;11.4;10.1;40;212.6;7.4;7.2;7.5;6.4;9.6;313.8888889;38.88888889;38.88888889;2.7
7405200;0;3;43;145;1.5;4.5;11.4;9.8;40.3;126.7;6.4;6.2;6.4;5.5;9.1;288.8888889;2.777777778;2.777777778;1.7
7406100;0;3;43;140;0.8;3.7;11.3;9.6;40.1;83.7;5.5;5.3;5.6;4.7;9.1;288.8888889;2.777777778;2.777777778;1.7
7407000;0;2;43;137;0.1;2.9;10.9;9.5;40.2;83.7;4.9;4.7;4.9;4;9.1;288.8888889;2.777777778;2.777777778;1.7
7407900;0;2;43;135;-0.1;2.5;10.5;9.3;41;83.7;4.7;4.4;4.7;3.7;9.1;288.8888889;2.777777778;2.777777778;1.7
7408800;0;1;43;129;-0.7;2;10.1;8.8;42.5;34;4;3.6;4;2.9;8.9;313.8888889;0;0;1.8
7409700;0;0;43;126;-1;1.5;10.2;8.5;43;9.2;3.6;3.3;3.6;2.7;8.9;313.8888889;0;0;1.8
7410600;0;0;43;127;-1.4;1.5;10.4;8.6;42.9;9.2;3.5;3.3;3.6;2.7;8.9;313.8888889;0;0;1.8
7411500;0;0;43;125;-1.4;1.4;10.6;8.8;43;9.2;3.4;3.1;3.4;2.4;8.9;313.8888889;0;0;1.8
7412400;-2;0;43;124;-1.4;1;10.4;8.3;43.7;3.1;3.1;2.8;3.1;2.3;8.4;322.2222222;0;0;2.3
7413300;-2;0;43;123;-1.6;1;10.3;8.1;44.3;0;2.9;2.6;3;1.9;8.4;322.2222222;0;0;2.3
7414200;-2;0;43;121;-1.9;0.5;10.3;8.2;44.6;0;2.7;2.3;2.5;1.5;8.4;322.2222222;0;0;2.3
7415100;-2;0;43;121;-1.9;0.5;10.3;8.5;44.6;0;2.5;2.2;2.5;1.5;8.4;322.2222222;0;0;2.3
7416000;-2;0;43;121;-2.1;0.4;10.3;8.1;44.8;0;2.4;2.1;2.4;1.4;8.3;319.4444444;0;0;2.7
7416900;-3;0;43;119;-2.4;0;10.4;7.9;44.9;0;2.1;1.8;2;1;8.3;319.4444444;0;0;2.7
7417800;-3;0;43;118;-2.7;-0.1;10.3;8.1;45.1;0;1.9;1.5;1.9;0.9;8.3;319.4444444;0;0;2.7
7418700;-3;0;43;119;-2.9;-0.5;10.3;8.3;45.5;0;1.8;1.5;1.8;0.9;8.3;319.4444444;0;0;2.7
7419600;-3;0;43;120;-2.9;-0.5;10.3;8;46.3;0;1.7;1.4;1.7;0.8;8.1;316.6666667;0;0;3
7420500;-3;0;43;119;-2.9;-0.5;10.3;7.8;45.9;0;1.8;1.4;1.7;0.7;8.1;316.6666667;0;0;3
7421400;-3;0;43;118;-2.9;-0.5;10.2;8;46.3;0;1.5;1.2;1.6;0.6;8.1;316.6666667;0;0;3
7422300;-3;0;43;119;-2.9;-0.5;10.2;8.1;46.7;0;1.5;1.3;1.6;0.6;8.1;316.6666667;0;0;3
7423200;-3;0;43;119;-2.9;-0.5;10.2;7.8;47.4;0;1.4;1.2;1.6;0.4;7.9;280.5555556;0;0;2.8
7424100;-4;0;43;117;-3.4;-0.9;10;7.8;47.7;0;1.2;0.7;1.1;0.1;7.9;280.5555556;0;0;2.8
7425000;-4;0;43;115;-3.8;-1.4;9.8;7.8;48.6;0;1;0.3;0.8;-0.2;7.9;280.5555556;0;0;2.8
7425900;-3.989361702;0;42.9893617;114.9787234;-3.789361702;-1.389361702;9.80106383;7.807446809;48.67765957;0;1.005319149;0.310638298;0.807446809;-0.190425532;7.9;280.5555556;0;0;2.8
7426800;-3.978723404;0;42.9787234;114.9574468;-3.778723404;-1.378723404;9.80212766;7.814893617;48.75531915;0;1.010638298;0.321276596;0.814893617;-0.180851064;7.2;263.8888889;0;0;2.9
7427700;-3.968085106;0;42.96808511;114.9361702;-3.768085106;-1.368085106;9.803191489;7.822340426;48.83297872;0;1.015957447;0.331914894;0.822340426;-0.171276596;7.2;263.8888889;0;0;2.9
7428600;-3.957446809;0;42.95744681;114.9148936;-3.757446809;-1.357446809;9.804255319;7.829787234;48.9106383;0;1.021276596;0.342553191;0.829787234;-0.161702128;7.2;263.8888889;0;0;2.9
7429500;-3.946808511;0;42.94680851;114.893617;-3.746808511;-1.346808511;9.805319149;7.837234043;48.98829787;0;1.026595745;0.353191489;0.837234043;-0.15212766;7.2;263.8888889;0;0;2.9
7430400;-3.936170213;0;42.93617021;114.8723404;-3.736170213;-1.336170213;9.806382979;7.844680851;49.06595745;0;1.031914894;0.363829787;0.844680851;-0.142553191;6.7;261.1111111;0;0;1.9
7431300;-3.925531915;0;42.92553191;114.8510638;-3.725531915;-1.325531915;9.807446809;7.85212766;49.14361702;0;1.037234043;0.374468085;0.85212766;-0.132978723;6.7;261.1111111;0;0;1.9
7432200;-3.914893617;0;42.91489362;114.8297872;-3.714893617;-1.314893617;9.808510638;7.859574468;49.2212766;0;1.042553191;0.385106383;0.859574468;-0.123404255;6.7;261.1111111;0;0;1.9
7433100;-3.904255319;0;42.90425532;114.8085106;-3.704255319;-1.304255319;9.809574468;7.867021277;49.29893617;0;1.04787234;0.395744681;0.867021277;-0.113829787;6.7;261.1111111;0;0;1.9
7434000;-3.893617021;0;42.89361702;114.787234;-3.693617021;-1.293617021;9.810638298;7.874468085;49.37659574;0;1.053191489;0.406382979;0.874468085;-0.104255319;6.2;263.8888889;0;0;4.1
7434900;-3.882978723;0;42.88297872;114.7659574;-3.682978723;-1.282978723;9.811702128;7.881914894;49.45425532;0;1.058510638;0.417021277;0.881914894;-0.094680851;6.2;263.8888889;0;0;4.1
7435800;-3.872340426;0;42.87234043;114.7446809;-3.672340426;-1.272340426;9.812765957;7.889361702;49.53191489;0;1.063829787;0.427659574;0.889361702;-0.085106383;6.2;263.8888889;0;0;4.1
7436700;-3.861702128;0;42.86170213;114.7234043;-3.661702128;-1.261702128;9.813829787;7.896808511;49.60957447;0;1.069148936;0.438297872;0.896808511;-0.075531915;6.2;263.8888889;0;0;4.1
7437600;-3.85106383;0;42.85106383;114.7021277;-3.65106383;-1.25106383;9.814893617;7.904255319;49.68723404;0;1.074468085;0.44893617;0.904255319;-0.065957447;6;269.4444444;0;0;2.8
7438500;-3.840425532;0;42.84042553;114.6808511;-3.640425532;-1.240425532;9.815957447;7.911702128;49.76489362;0;1.079787234;0.459574468;0.911702128;-0.056382979;6;269.4444444;0;0;2.8
7439400;-3.829787234;0;42.82978723;114.6595745;-3.629787234;-1.229787234;9.817021277;7.919148936;49.84255319;0;1.085106383;0.470212766;0.919148936;-0.046808511;6;269.4444444;0;0;2.8
7440300;-3.819148936;0;42.81914894;114.6382979;-3.619148936;-1.219148936;9.818085106;7.926595745;49.92021277;0;1.090425532;0.480851064;0.926595745;-0.037234043;6;269.4444444;0;0;2.8
7441200;-3.808510638;0;42.80851064;114.6170213;-3.608510638;-1.208510638;9.819148936;7.934042553;49.99787234;0;1.095744681;0.491489362;0.934042553;-0.027659574;6.3;263.8888889;0;0;3.1
7442100;-3.79787234;0;42.79787234;114.5957447;-3.59787234;-1.19787234;9.820212766;7.941489362;50.07553191;0;1.10106383;0.50212766;0.941489362;-0.018085106;6.3;263.8888889;0;0;3.1
7443000;-3.787234043;0;42.78723404;114.5744681;-3.587234043;-1.187234043;9.821276596;7.94893617;50.15319149;0;1.106382979;0.512765957;0.94893617;-0.008510638;6.3;263.8888889;0;0;3.1
7443900;-3.776595745;0;42.77659574;114.5531915;-3.576595745;-1.176595745;9.822340426;7.956382979;50.23085106;0;1.111702128;0.523404255;0.956382979;0.00106383;6.3;263.8888889;0;0;3.1
7444800;-3.765957447;0;42.76595745;114.5319149;-3.565957447;-1.165957447;9.823404255;7.963829787;50.30851064;0;1.117021277;0.534042553;0.963829787;0.010638298;4.9;258.3333333;5.555555556;5.555555556;2.4
7445700;-3.755319149;0;42.75531915;114.5106383;-3.555319149;-1.155319149;9.824468085;7.971276596;50.38617021;0;1.122340426;0.544680851;0.971276596;0.020212766;4.9;258.3333333;5.555555556;5.555555556;2.4
7446600;-3.744680851;0;42.74468085;114.4893617;-3.544680851;-1.144680851;9.825531915;7.978723404;50.46382979;0;1.127659574;0.555319149;0.978723404;0.029787234;4.9;258.3333333;5.555555556;5.555555556;2.4
7447500;-3.734042553;0;42.73404255;114.4680851;-3.534042553;-1.134042553;9.826595745;7.986170213;50.54148936;0;1.132978723;0.565957447;0.986170213;0.039361702;4.9;258.3333333;5.555555556;5.555555556;2.4
7448400;-3.723404255;0;42.72340426;114.4468085;-3.523404255;-1.123404255;9.827659574;7.993617021;50.61914894;0;1.138297872;0.576595745;0.993617021;0.04893617;4.1;252.7777778;38.88888889;61.11111111;2.2
7449300;-3.712765957;0;42.71276596;114.4255319;-3.512765957;-1.112765957;9.828723404;8.00106383;50.69680851;0;1.143617021;0.587234043;1.00106383;0.058510638;4.1;252.7777778;38.88888889;61.11111111;2.2
7450200;-3.70212766;0;42.70212766;114.4042553;-3.50212766;-1.10212766;9.829787234;8.008510638;50.77446809;0;1.14893617;0.59787234;1.008510638;0.068085106;4.1;252.7777778;38.88888889;61.11111111;2.2
7451100;-3.691489362;0;42.69148936;114.3829787;-3.491489362;-1.091489362;9.830851064;8.015957447;50.85212766;0;1.154255319;0.608510638;1.015957447;0.077659574;4.1;252.7777778;38.88888889;61.11111111;2.2
7452000;-3.680851064;0;42.68085106;114.3617021;-3.480851064;-1.080851064;9.831914894;8.023404255;50.92978723;0;1.159574468;0.619148936;1.023404255;0.087234043;5.8;261.1111111;125;241.6666667;2.5
7452900;-3.670212766;0;42.67021277;114.3404255;-3.470212766;-1.070212766;9.832978723;8.030851064;51.00744681;0;1.164893617;0.629787234;1.030851064;0.096808511;5.8;261.1111111;125;241.6666667;2.5
7453800;-3.659574468;0;42.65957447;114.3191489;-3.459574468;-1.059574468;9.834042553;8.038297872;51.08510638;0;1.170212766;0.640425532;1.038297872;0.106382979;5.8;261.1111111;125;241.6666667;2.5
7454700;-3.64893617;0;42.64893617;114.2978723;-3.44893617;-1.04893617;9.835106383;8.045744681;51.16276596;0;1.175531915;0.65106383;1.045744681;0.115957447;5.8;261.1111111;125;241.6666667;2.5
7455600;-3.638297872;0;42.63829787;114.2765957;-3.438297872;-1.038297872;9.836170213;8.053191489;51.24042553;0;1.180851064;0.661702128;1.053191489;0.125531915;7.7;280.5555556;208.3333333;300;3.9
7456500;-3.627659574;0;42.62765957;114.2553191;-3.427659574;-1.027659574;9.837234043;8.060638298;51.31808511;0;1.186170213;0.672340426;1.060638298;0.135106383;7.7;280.5555556;208.3333333;300;3.9
7457400;-3.617021277;0;42.61702128;114.2340426;-3.417021277;-1.017021277;9.838297872;8.068085106;51.39574468;0;1.191489362;0.682978723;1.068085106;0.144680851;7.7;280.5555556;208.3333333;300;3.9
7458300;-3.606382979;0;42.60638298;114.212766;-3.406382979;-1.006382979;9.839361702;8.075531915;51.47340426;0;1.196808511;0.693617021;1.075531915;0.154255319;7.7;280.5555556;208.3333333;300;3.9
7459200;-3.595744681;0;42.59574468;114.1914894;-3.395744681;-0.995744681;9.840425532;8.082978723;51.55106383;0;1.20212766;0.704255319;1.082978723;0.163829787;10.4;266.6666667;102.7777778;561.1111111;3.3
7460100;-3.585106383;0;42.58510638;114.1702128;-3.385106383;-0.985106383;9.841489362;8.090425532;51.6287234;0;1.207446809;0.714893617;1.090425532;0.173404255;10.4;266.6666667;102.7777778;561.1111111;3.3
7461000;-3.574468085;0;42.57446809;114.1489362;-3.374468085;-0.974468085;9.842553191;8.09787234;51.70638298;0;1.212765957;0.725531915;1.09787234;0.182978723;10.4;266.6666667;102.7777778;561.1111111;3.3
7461900;-3.563829787;0;42.56382979;114.1276596;-3.363829787;-0.963829787;9.843617021;8.105319149;51.78404255;0;1.218085106;0.736170213;1.105319149;0.192553191;10.4;266.6666667;102.7777778;561.1111111;3.3
7462800;-3.553191489;0;42.55319149;114.106383;-3.353191489;-0.953191489;9.844680851;8.112765957;51.86170213;0;1.223404255;0.746808511;1.112765957;0.20212766;11.4;272.2222222;138.8888889;630.5555556;2.9
7463700;-3.542553191;0;42.54255319;114.0851064;-3.342553191;-0.942553191;9.845744681;8.120212766;51.9393617;0;1.228723404;0.757446809;1.120212766;0.211702128;11.4;272.2222222;138.8888889;630.5555556;2.9
7464600;-3.531914894;0;42.53191489;114.0638298;-3.331914894;-0.931914894;9.846808511;8.127659574;52.01702128;0;1.234042553;0.768085106;1.127659574;0.221276596;11.4;272.2222222;138.8888889;630.5555556;2.9
7465500;-3.521276596;0;42.5212766;114.0425532;-3.321276596;-0.921276596;9.84787234;8.135106383;52.09468085;0;1.239361702;0.778723404;1.135106383;0.230851064;11.4;272.2222222;138.8888889;630.5555556;2.9
7466400;-3.510638298;0;42.5106383;114.0212766;-3.310638298;-0.910638298;9.84893617;8.142553191;52.17234043;0;1.244680851;0.789361702;1.142553191;0.240425532;12.7;272.2222222;125;705.5555556;3
7467300;-3.5;0;42.5;114;-3.3;-0.9;9.85;8.15;52.25;0;1.25;0.8;1.15;0.25;12.7;272.2222222;125;705.5555556;3
7468200;-3.489361702;0;42.4893617;113.9787234;-3.289361702;-0.889361702;9.85106383;8.157446809;52.32765957;0;1.255319149;0.810638298;1.157446809;0.259574468;12.7;272.2222222;125;705.5555556;3
7469100;-3.478723404;0;42.4787234;113.9574468;-3.278723404;-0.878723404;9.85212766;8.164893617;52.40531915;0;1.260638298;0.821276596;1.164893617;0.269148936;12.7;272.2222222;125;705.5555556;3
7470000;-3.468085106;0;42.46808511;113.9361702;-3.268085106;-0.868085106;9.853191489;8.172340426;52.48297872;0;1.265957447;0.831914894;1.172340426;0.278723404;12.9;277.7777778;122.2222222;708.3333333;4.3
7470900;-3.457446809;0;42.45744681;113.9148936;-3.257446809;-0.857446809;9.854255319;8.179787234;52.5606383;0;1.271276596;0.842553191;1.179787234;0.288297872;12.9;277.7777778;122.2222222;708.3333333;4.3
7471800;-3.446808511;0;42.44680851;113.893617;-3.246808511;-0.846808511;9.855319149;8.187234043;52.63829787;0;1.276595745;0.853191489;1.187234043;0.29787234;12.9;277.7777778;122.2222222;708.3333333;4.3
7472700;-3.436170213;0;42.43617021;113.8723404;-3.236170213;-0.836170213;9.856382979;8.194680851;52.71595745;0;1.281914894;0.863829787;1.194680851;0.307446809;12.9;277.7777778;122.2222222;708.3333333;4.3
7473600;-3.425531915;0;42.42553191;113.8510638;-3.225531915;-0.825531915;9.857446809;8.20212766;52.79361702;0;1.287234043;0.874468085;1.20212766;0.317021277;14.2;280.5555556;108.3333333;663.8888889;4.5
7474500;-3.414893617;0;42.41489362;113.8297872;-3.214893617;-0.814893617;9.858510638;8.209574468;52.8712766;0;1.292553191;0.885106383;1.209574468;0.326595745;14.2;280.5555556;108.3333333;663.8888889;4.5
7475400;-3.404255319;0;42.40425532;113.8085106;-3.204255319;-0.804255319;9.859574468;8.217021277;52.94893617;0;1.29787234;0.895744681;1.217021277;0.336170213;14.2;280.5555556;108.3333333;663.8888889;4.5
7476300;-3.393617021;0;42.39361702;113.787234;-3.193617021;-0.793617021;9.860638298;8.224468085;53.02659574;0;1.303191489;0.906382979;1.224468085;0.345744681;14.2;280.5555556;108.3333333;663.8888889;4.5
7477200;-3.382978723;0;42.38297872;113.7659574;-3.182978723;-0.782978723;9.861702128;8.231914894;53.10425532;0;1.308510638;0.917021277;1.231914894;0.355319149;14.8;286.1111111;108.3333333;566.6666667;3.1
7478100;-3.372340426;0;42.37234043;113.7446809;-3.172340426;-0.772340426;9.862765957;8.239361702;53.18191489;0;1.313829787;0.927659574;1.239361702;0.364893617;14.8;286.1111111;108.3333333;566.6666667;3.1
7479000;-3.361702128;0;42.36170213;113.7234043;-3.161702128;-0.761702128;9.863829787;8.246808511;53.25957447;0;1.319148936;0.938297872;1.246808511;0.374468085;14.8;286.1111111;108.3333333;566.6666667;3.1
7479900;-3.35106383;0;42.35106383;113.7021277;-3.15106383;-0.75106383;9.864893617;8.254255319;53.33723404;0;1.324468085;0.94893617;1.254255319;0.384042553;14.8;286.1111111;108.3333333;566.6666667;3.1
7480800;-3.340425532;0;42.34042553;113.6808511;-3.140425532;-0.740425532;9.865957447;8.261702128;53.41489362;0;1.329787234;0.959574468;1.261702128;0.393617021;15.7;291.6666667;147.2222222;400;1.3
7481700;-3.329787234;0;42.32978723;113.6595745;-3.129787234;-0.729787234;9.867021277;8.269148936;53.49255319;0;1.335106383;0.970212766;1.269148936;0.403191489;15.7;291.6666667;147.2222222;400;1.3
7482600;-3.319148936;0;42.31914894;113.6382979;-3.119148936;-0.719148936;9.868085106;8.276595745;53.57021277;0;1.340425532;0.980851064;1.276595745;0.412765957;15.7;291.6666667;147.2222222;400;1.3
7483500;-3.308510638;0;42.30851064;113.6170213;-3.108510638;-0.708510638;9.869148936;8.284042553;53.64787234;0;1.345744681;0.991489362;1.284042553;0.422340426;15.7;291.6666667;147.2222222;400;1.3
7484400;-3.29787234;0;42.29787234;113.5957447;-3.09787234;-0.69787234;9.870212766;8.291489362;53.72553191;0;1.35106383;1.00212766;1.291489362;0.431914894;15;291.6666667;136.1111111;216.6666667;1.8
7485300;-3.287234043;0;42.28723404;113.5744681;-3.087234043;-0.687234043;9.871276596;8.29893617;53.80319149;0;1.356382979;1.012765957;1.29893617;0.441489362;15;291.6666667;136.1111111;216.6666667;1.8
7486200;-3.276595745;0;42.27659574;113.5531915;-3.076595745;-0.676595745;9.872340426;8.306382979;53.88085106;0;1.361702128;1.023404255;1.306382979;0.45106383;15;291.6666667;136.1111111;216.6666667;1.8
7487100;-3.265957447;0;42.26595745;113.5319149;-3.065957447;-0.665957447;9.873404255;8.313829787;53.95851064;0;1.367021277;1.034042553;1.313829787;0.460638298;15;291.6666667;136.1111111;216.6666667;1.8
7488000;-3.255319149;0;42.25531915;113.5106383;-3.055319149;-0.655319149;9.874468085;8.321276596;54.03617021;0;1.372340426;1.044680851;1.321276596;0.470212766;13.4;288.8888889;55.55555556;61.11111111;2.4
7488900;-3.244680851;0;42.24468085;113.4893617;-3.044680851;-0.644680851;9.875531915;8.328723404;54.11382979;0;1.377659574;1.055319149;1.328723404;0.479787234;13.4;288.8888889;55.55555556;61.11111111;2.4
7489800;-3.234042553;0;42.23404255;113.4680851;-3.034042553;-0.634042553;9.876595745;8.336170213;54.19148936;0;1.382978723;1.065957447;1.336170213;0.489361702;13.4;288.8888889;55.55555556;61.11111111;2.4
7490700;-3.223404255;0;42.22340426;113.4468085;-3.023404255;-0.623404255;9.877659574;8.343617021;54.26914894;0;1.388297872;1.076595745;1.343617021;0.49893617;13.4;288.8888889;55.55555556;61.11111111;2.4
7491600;-3.212765957;0;42.21276596;113.4255319;-3.012765957;-0.612765957;9.878723404;8.35106383;54.34680851;0;1.393617021;1.087234043;1.35106383;0.508510638;12.1;291.6666667;2.777777778;2.777777778;2.1
7492500;-3.20212766;0;42.20212766;113.4042553;-3.00212766;-0.60212766;9.879787234;8.358510638;54.42446809;0;1.39893617;1.09787234;1.358510638;0.518085106;12.1;291.6666667;2.777777778;2.777777778;2.1
7493400;-3.191489362;0;42.19148936;113.3829787;-2.991489362;-0.591489362;9.880851064;8.365957447;54.50212766;0;1.404255319;1.108510638;1.365957447;0.527659574;12.1;291.6666667;2.777777778;2.777777778;2.1
7494300;-3.180851064;0;42.18085106;113.3617021;-2.980851064;-0.580851064;9.881914894;8.373404255;54.57978723;0;1.409574468;1.119148936;1.373404255;0.537234043;12.1;291.6666667;2.777777778;2.777777778;2.1
7495200;-3.170212766;0;42.17021277;113.3404255;-2.970212766;-0.570212766;9.882978723;8.380851064;54.65744681;0;1.414893617;1.129787234;1.380851064;0.546808511;11.8;302.7777778;0;0;0.9
7496100;-3.159574468;0;42.15957447;113.3191489;-2.959574468;-0.559574468;9.884042553;8.388297872;54.73510638;0;1.420212766;1.140425532;1.388297872;0.556382979;11.8;302.7777778;0;0;0.9
7497000;-3.14893617;0;42.14893617;113.2978723;-2.94893617;-0.54893617;9.885106383;8.395744681;54.81276596;0;1.425531915;1.15106383;1.395744681;0.565957447;11.8;302.7777778;0;0;0.9
7497900;-3.138297872;0;42.13829787;113.2765957;-2.938297872;-0.538297872;9.886170213;8.403191489;54.89042553;0;1.430851064;1.161702128;1.403191489;0.575531915;11.8;302.7777778;0;0;0.9
7498800;-3.127659574;0;42.12765957;113.2553191;-2.927659574;-0.527659574;9.887234043;8.410638298;54.96808511;0;1.436170213;1.172340426;1.410638298;0.585106383;11.9;297.2222222;0;0;2.7
7499700;-3.117021277;0;42.11702128;113.2340426;-2.917021277;-0.517021277;9.888297872;8.418085106;55.04574468;0;1.441489362;1.182978723;1.418085106;0.594680851;11.9;297.2222222;0;0;2.7
7500600;-3.106382979;0;42.10638298;113.212766;-2.906382979;-0.506382979;9.889361702;8.425531915;55.12340426;0;1.446808511;1.193617021;1.425531915;0.604255319;11.9;297.2222222;0;0;2.7
7501500;-3.095744681;0;42.09574468;113.1914894;-2.895744681;-0.495744681;9.890425532;8.432978723;55.20106383;0;1.45212766;1.204255319;1.432978723;0.613829787;11.9;297.2222222;0;0;2.7
7502400;-3.085106383;0;42.08510638;113.1702128;-2.885106383;-0.485106383;9.891489362;8.440425532;55.2787234;0;1.457446809;1.214893617;1.440425532;0.623404255;10.2;302.7777778;0;0;2.8
7503300;-3.074468085;0;42.07446809;113.1489362;-2.874468085;-0.474468085;9.892553191;8.44787234;55.35638298;0;1.462765957;1.225531915;1.44787234;0.632978723;10.2;302.7777778;0;0;2.8
7504200;-3.063829787;0;42.06382979;113.1276596;-2.863829787;-0.463829787;9.893617021;8.455319149;55.43404255;0;1.468085106;1.236170213;1.455319149;0.642553191;10.2;302.7777778;0;0;2.8
7505100;-3.053191489;0;42.05319149;113.106383;-2.853191489;-0.453191489;9.894680851;8.462765957;55.51170213;0;1.473404255;1.246808511;1.462765957;0.65212766;10.2;302.7777778;0;0;2.8
7506000;-3.042553191;0;42.04255319;113.0851064;-2.842553191;-0.442553191;9.895744681;8.470212766;55.5893617;0;1.478723404;1.257446809;1.470212766;0.661702128;9.6;294.4444444;0;0;3.1
7506900;-3.031914894;0;42.03191489;113.0638298;-2.831914894;-0.431914894;9.896808511;8.477659574;55.66702128;0;1.484042553;1.268085106;1.477659574;0.671276596;9.6;294.4444444;0;0;3.1
7507800;-3.021276596;0;42.0212766;113.0425532;-2.821276596;-0.421276596;9.89787234;8.485106383;55.74468085;0;1.489361702;1.278723404;1.485106383;0.680851064;9.6;294.4444444;0;0;3.1
7508700;-3.010638298;0;42.0106383;113.0212766;-2.810638298;-0.410638298;9.89893617;8.492553191;55.82234043;0;1.494680851;1.289361702;1.492553191;0.690425532;9.6;294.4444444;0;0;3.1
7509600;-3;0;42;113;-2.8;-0.4;9.9;8.5;55.9;0;1.5;1.3;1.5;0.7;9.1;291.6666667;0;0;3.7
7510500;-4;-1;42;108;-3.5;-1.3;9.5;7.4;57.8;0;0.6;0.4;0.6;-0.1;9.1;291.6666667;0;0;3.7
7511400;-4;-2;42;109;-4.1;-1.9;9.2;7.4;58.1;0;0.2;-0.2;0.1;-0.5;9.1;291.6666667;0;0;3.7
7512300;-5;-2;42;107;-4.5;-2.1;9.1;7.4;59;0;-0.1;-0.6;-0.3;-0.7;9.1;291.6666667;0;0;3.7
7513200;-5;-3;42;106;-4.8;-2.6;9.1;6.9;59.6;0;-0.6;-1;-0.6;-1.2;8.5;294.4444444;0;0;4
7514100;-5;-3;42;104;-5.3;-3;9;6.9;60;0;-1.1;-1.3;-1.1;-1.9;8.5;294.4444444;0;0;4
7515000;-6;-4;42;102;-5.7;-3.5;8.8;6.9;60.8;0;-1.6;-1.7;-1.6;-2.5;8.5;294.4444444;0;0;4
7515900;-6;-4;42;102;-6;-4;8.7;6.9;61.3;0;-1.9;-2;-1.9;-2.7;8.5;294.4444444;0;0;4
7516800;-6;-4;42;101;-6;-4;8.6;6.5;62;0;-2.1;-2.2;-2.1;-2.8;8;288.8888889;0;0;4.1
7517700;-6;-4;42;100;-6.3;-4;8.6;6.3;62.1;0;-2.1;-2.4;-2.2;-2.9;8;288.8888889;0;0;4.1
7518600;-7;-4;42;99;-6.5;-4.5;8.6;6.3;62.1;0;-2.2;-2.6;-2.3;-3.2;8;288.8888889;0;0;4.1
7519500;-7;-4;42;99;-6.5;-4.5;8.4;6.3;62.2;0;-2.3;-2.7;-2.4;-3.3;8;288.8888889;0;0;4.1
7520400;-7;-5;42;97;-6.6;-4.5;8.2;7.5;62.9;0;-2.5;-2.9;-2.5;-3.5;7;-2775;0;0;3.5
7521300;-7;-5;42;95;-7;-5;8;7.6;64.4;0;-2.8;-3;-2.8;-3.7;7;-2775;0;0;3.5
7522200;-7;-5;42;95;-7;-5;7.7;7.7;65.4;0;-2.9;-3.1;-2.9;-3.7;7;-2775;0;0;3.5
7523100;-7;-5;42;95;-7;-5;7.3;7.8;66.5;0;-3.1;-3.2;-3;-3.8;7;-2775;0;0;3.5
7524000;-7;-5;42;95;-7;-5;7.2;7.2;67.7;0;-3.2;-3.4;-3.2;-3.9;6.5;-2775;0;0;3.6
7524900;-7;-5;42;95;-7;-5;7.1;7;67.8;0;-3;-3.3;-3.1;-3.8;6.5;-2775;0;0;3.6
7525800;-7;-5;42;96;-7;-5;7;7.1;68.4;0;-3;-3.2;-3.1;-3.7;6.5;-2775;0;0;3.6
7526700;-7;-5;42;95;-7;-5;6.7;7.2;68.9;0;-3.1;-3.3;-3.1;-3.8;6.5;-2775;0;0;3.6
7527600;-7;-5;42;94;-7.3;-5.3;6.6;6.6;68.5;0;-3.3;-3.5;-3.3;-4;6;283.3333333;0;0;3.8
7528500;-8;-5;42;93;-7.5;-5.5;6.6;6.6;68.9;0;-3.3;-3.7;-3.5;-4.1;6;283.3333333;0;0;3.8
7529400;-8;-5;42;93;-7.5;-5.5;6.4;6.6;69.5;0;-3.4;-3.6;-3.4;-4;6;283.3333333;0;0;3.8
7530300;-8;-5;42;93;-7.5;-5.5;6.1;6.5;70.2;0;-3.5;-3.6;-3.5;-4.1;6;283.3333333;0;0;3.8
7531200;-8;-6;42;93;-7.5;-5.5;6.1;6.2;70.8;0;-3.6;-3.8;-3.6;-4.3;5.8;313.8888889;2.777777778;2.777777778;3
7532100;-8;-6;42;93;-7.5;-5.5;6.5;6.1;69.9;0;-3.7;-3.9;-3.7;-4.3;5.8;313.8888889;2.777777778;2.777777778;3
7533000;-8;-6;42;94;-7.5;-5.5;7;6.2;68.8;0;-3.6;-3.8;-3.5;-4.2;5.8;313.8888889;2.777777778;2.777777778;3
7533900;-8;-5;42;94;-7.5;-5.5;7.2;6.2;67.8;0;-3.4;-3.6;-3.4;-4.1;5.8;313.8888889;2.777777778;2.777777778;3
7534800;-8;-5;42;94;-7.5;-5.5;7.4;5.8;67.2;0;-3.4;-3.5;-3.4;-4.1;6.2;291.6666667;52.77777778;55.55555556;2.2
7535700;-8;-5;42;94;-7.5;-5.5;7.7;5.8;66.3;0;-3.4;-3.5;-3.3;-4.2;6.2;291.6666667;52.77777778;55.55555556;2.2
7536600;-7;-5;42;95;-7.5;-5.5;7.9;5.7;66.3;0;-3.2;-3.4;-3.2;-4;6.2;291.6666667;52.77777778;55.55555556;2.2
7537500;-7;-5;42;95;-7.5;-5.5;7.8;5.7;66.4;0;-3.1;-3.3;-3.1;-3.9;6.2;291.6666667;52.77777778;55.55555556;2.2
7538400;-7;-5;42;95;-7.1;-5.3;8.1;6;65.6;15;-2.8;-3.1;-2.8;-3.6;7.1;308.3333333;144.4444444;177.7777778;2
7539300;-7;-5;42;97;-7;-5;8.6;6.1;64.9;20.5;-2.5;-2.8;-2.5;-3.4;7.1;308.3333333;144.4444444;177.7777778;2
7540200;-6;-4;42;102;-6.3;-4.3;9.6;6.2;58.5;22.6;-1.5;-2;-1.6;-2.6;7.1;308.3333333;144.4444444;177.7777778;2
7541100;-5;-3;42;106;-5.7;-3.5;10.1;6.4;55.8;24.9;-0.7;-1.2;-0.9;-1.8;7.1;308.3333333;144.4444444;177.7777778;2
7542000;-5;-2;42;109;-5.1;-2.9;10.2;7.8;55.2;123.7;-0.1;-0.6;-0.3;-1.3;8.6;305.5555556;219.4444444;330.5555556;1.6
7542900;-4;-2;42;112;-4.5;-2.2;10.7;7.9;54.6;130.8;0.6;0.3;0.5;-0.6;8.6;305.5555556;219.4444444;330.5555556;1.6
7543800;-1;-1;27;16;0;-0.7;11.3;7.8;52.2;130.8;2.3;2.1;2.4;0.7;8.6;305.5555556;219.4444444;330.5555556;1.6
7544700;0;0;0;0;0.6;0;11.8;7.8;50.9;130.8;4.2;4;4.2;1.7;8.6;305.5555556;219.4444444;330.5555556;1.6
7545600;1;3;33;90;1.5;3.1;12.8;9.3;49.3;224.6;6.8;6.8;6.9;5.2;12.8;291.6666667;152.7777778;505.5555556;1.8
7546500;2;5;43;135;3.3;6;13.2;9.9;48;258.7;8.8;8.7;8.9;7.3;12.8;291.6666667;152.7777778;505.5555556;1.8
7547400;3;7;43;167;4;7.5;13.8;9.6;47;258.7;10.4;10.3;10.4;8.8;12.8;291.6666667;152.7777778;505.5555556;1.8
7548300;4;8;43;208;4.8;9.1;15.1;9.2;43.8;258.7;11.9;11.9;11.8;10.3;12.8;291.6666667;152.7777778;505.5555556;1.8
7549200;7;10;30;87;7.7;10.4;15.2;11.3;42.6;429.1;13.3;13.3;13.3;11.5;15.2;291.6666667;86.11111111;655.5555556;2.5
7550100;9;12;33;76;10.3;12.1;15.5;11.5;41.9;441.3;15.1;15.1;15.2;13.4;15.2;291.6666667;86.11111111;655.5555556;2.5
7551000;12;14;33;82;13.1;15;16.2;11.1;40.3;441.3;18;18.2;18.1;16.4;15.2;291.6666667;86.11111111;655.5555556;2.5
7551900;15;17;33;84;15.5;17.5;16.9;10.9;38.2;441.3;20.4;20.7;20.6;18.7;15.2;291.6666667;86.11111111;655.5555556;2.5
7552800;17;19;33;86;17.5;19.6;17.4;12.5;37;604.2;22.3;22.6;22.4;20.8;17.3;294.4444444;100;702.7777778;2.5
7553700;18;20;33;85;18.9;21.1;17.6;12.9;35.8;644.9;23.7;24.1;23.9;22.4;17.3;294.4444444;100;702.7777778;2.5
7554600;19;22;33;87;20.3;22.4;17.9;12.9;34.9;644.9;24.9;25.4;25.2;23.8;17.3;294.4444444;100;702.7777778;2.5
7555500;20;23;33;87;21.3;23.5;18.3;12.9;33.6;644.9;26;26.2;26.2;24.9;17.3;294.4444444;100;702.7777778;2.5
7556400;21;24;33;95;21.8;24.3;18.5;14.7;33.3;657.5;26.7;27;26.9;25.8;18.1;300;111.1111111;700;2.9
7557300;21;24;29;91;22.4;25;18.7;14.7;32.7;657.5;27.5;27.8;27.7;26.5;18.1;300;111.1111111;700;2.9
7558200;22;25;24;85;22.8;25.9;19;15.4;30.5;658.8;28.5;28.9;28.6;27.5;18.1;300;111.1111111;700;2.9
7559100;22;26;18;82;22.8;26.7;19.2;16.9;29.8;661.4;29.2;29.7;29.2;28.3;18.1;300;111.1111111;700;2.9
7560000;22;26;15;74;23;27.3;19.5;17.9;28.1;714.7;29.7;30.5;29.7;29;19.7;297.2222222;102.7777778;675;2.8
7560900;22;27;12;71;23.3;28.1;20;18.2;27.9;728;31;31.5;31.1;30.2;19.7;297.2222222;102.7777778;675;2.8
7561800;22;28;10;71;23.3;29.2;20.4;18.5;27.3;728;32.1;32.5;32.2;31.1;19.7;297.2222222;102.7777778;675;2.8
7562700;22;29;9;71;23.3;29.8;20.5;18.7;26.5;728;32.7;33.2;32.7;31.9;19.7;297.2222222;102.7777778;675;2.8
7563600;11;27;32;693;12.6;28.5;20.9;18.8;26.3;710.9;29.8;30.1;29.3;29;19.7;300;102.7777778;569.4444444;2
7564500;10;19;43;469;10.6;20.5;21.2;18.9;24.5;702.4;22.2;22.3;21.4;20.1;19.7;300;102.7777778;569.4444444;2
7565400;8;16;43;389;9.3;17.4;21.4;18.7;24.6;702.4;19.3;19.4;19;17.7;19.7;300;102.7777778;569.4444444;2
7566300;8;15;43;355;8.9;16.3;21.6;18.4;24.3;702.4;18.3;18.4;18;16.7;19.7;300;102.7777778;569.4444444;2
7567200;8;15;43;337;8.6;15.7;21.9;18.5;23.9;584.9;17.9;17.9;17.7;16.3;20.2;302.7777778;94.44444444;425;2.4
7568100;8;14;37;263;8.6;15.7;21.9;18.5;23.7;576.5;17.7;17.8;17.5;16.1;20.2;302.7777778;94.44444444;425;2.4
7569000;12;15;39;137;13.2;16.4;21.9;18.5;24;576.5;19.2;19.3;19.3;17.4;20.2;302.7777778;94.44444444;425;2.4
7569900;12;17;38;232;12.7;17.9;21.9;18.5;24.3;576.5;20.6;20.7;20.6;18.9;20.2;302.7777778;94.44444444;425;2.4
7570800;8;16;43;375;9.1;16.7;22.1;18.3;24.9;475.3;18.4;18.3;17.9;17.1;19.9;302.7777778;72.22222222;252.7777778;2.1
7571700;8;14;43;278;8.9;14.7;22.1;18.2;24.8;438.5;16.7;16.6;16.4;15.1;19.9;302.7777778;72.22222222;252.7777778;2.1
7572600;7;13;43;250;8.4;13.8;22.5;18.7;24;438.5;15.7;15.7;15.6;14.3;19.9;302.7777778;72.22222222;252.7777778;2.1
7573500;7;12;43;229;8.4;13.1;22.5;19.5;24.2;438.5;15.1;15;14.9;13.8;19.9;302.7777778;72.22222222;252.7777778;2.1
7574400;7;11;43;199;8.1;12.2;21.6;18.8;25.6;323.9;14.2;14;14;13;19.4;297.2222222;38.88888889;100;1.3
7575300;7;11;43;191;7.9;11.7;21.2;18.7;25.1;315.7;13.8;13.7;13.6;12.8;19.4;297.2222222;38.88888889;100;1.3
7576200;7;10;43;171;7.8;11.2;20.7;19.2;24.4;315.7;13.2;13.1;13.1;12;19.4;297.2222222;38.88888889;100;1.3
7577100;6;10;43;156;7.4;10.7;20.3;19.6;23.2;315.7;12.8;12.5;12.6;11.7;19.4;297.2222222;38.88888889;100;1.3
7578000;7;9;36;104;7.8;10.3;19.7;18.5;22.7;165.6;12.6;12.3;12.5;11.4;17;291.6666667;2.777777778;5.555555556;1.7
7578900;7;9;39;99;8;10.1;18.8;18.4;27.5;154.9;12;11.8;12;11.1;17;291.6666667;2.777777778;5.555555556;1.7
7579800;5;8;38;117;6.4;9.1;17.6;18.8;30.7;154.9;10.8;10.6;10.7;10.1;17;291.6666667;2.777777778;5.555555556;1.7
7580700;5;7;43;77;6.1;7.7;16.5;19;33.5;154.9;9.6;9.4;9.7;8.8;17;291.6666667;2.777777778;5.555555556;1.7
7581600;5;6;43;67;5.9;7.2;15.7;17.8;32.6;43.9;9.1;8.8;9.1;8.3;16.7;288.8888889;0;0;3.1
7582500;4;6;43;58;5.6;6.7;15;17.6;34;26.8;8.7;8.4;8.8;7.9;16.7;288.8888889;0;0;3.1
7583400;4;6;43;57;5.4;6.7;14.4;17.9;35.7;25.2;8.7;8.2;8.7;7.8;16.7;288.8888889;0;0;3.1
7584300;4;6;37;64;5.2;6.7;14;18.3;37.7;23.4;8.9;8.3;8.8;7.9;16.7;288.8888889;0;0;3.1
7585200;3;5;39;86;4.4;6.4;13.7;17.1;39.2;4.7;8.3;7.8;8.3;7.5;15.5;286.1111111;0;0;2.2
7586100;4;5;33;67;4.5;5.9;13.2;16.8;40.6;0;8.1;7.4;7.9;7;15.5;286.1111111;0;0;2.2
7587000;4;5;0;0;4.7;5.7;12.8;16.4;42.2;0;8.4;7.8;8.2;7.1;15.5;286.1111111;0;0;2.2
7587900;4;5;26;70;4.6;6.3;12.5;15.9;43;0;9;8.1;8.7;7.8;15.5;286.1111111;0;0;2.2
7588800;4;5;0;0;5.2;6.2;12.2;14.9;43.8;0;8.6;7.7;8.4;7.5;13.6;280.5555556;0;0;2.2
7589700;4;6;26;69;5;6.4;11.8;14.5;45.9;0;9;8.1;8.8;8;13.6;280.5555556;0;0;2.2
7590600;4;6;0;0;5.2;6.8;11.4;14.9;46.9;0;8.6;7.7;8.4;7.4;13.6;280.5555556;0;0;2.2
7591500;4;6;21;65;4.7;7.7;11.2;15.6;47.8;0;8.9;8;8.8;7.8;13.6;280.5555556;0;0;2.2
7592400;4;5;10;11;5.2;6.2;10.9;14.4;47.9;0;8.3;7.5;8.1;7.3;12.7;277.7777778;0;0;2.5
7593300;3;5;39;82;3.8;5.7;10.7;14.3;49.5;0;7.6;7.1;7.5;6.8;12.7;277.7777778;0;0;2.5
7594200;2;4;43;79;3.1;4.6;10.3;14.5;51.5;0;6.5;6.1;6.6;5.9;12.7;277.7777778;0;0;2.5
7595100;0.5;2;43;102;0.9;2.95;10.1;11.2;51.15;0;4.9;4.4;4.8;4.2;12.7;277.7777778;0;0;2.5
7596000;-1;0;43;125;-1.3;1.3;9.9;7.9;50.8;0;3.3;2.7;3;2.5;10.1;269.4444444;0;0;4.1
7596900;-2;0;43;118;-2.2;0.3;9.7;7.4;52.5;0;2.3;1.7;2.1;1.5;10.1;269.4444444;0;0;4.1
7597800;0;0;26;8;1.3;0;9.4;7.4;53.1;0;2.7;2.2;2.8;1.5;10.1;269.4444444;0;0;4.1
7598700;0;0;0;0;1.4;0.8;9.2;7.4;54.1;0;4.3;3.5;4.3;2.4;10.1;269.4444444;0;0;4.1
7599600;1;3;9;20;1.3;3.5;9;6.9;55.9;0;4.9;4.1;4.8;3.2;9.6;269.4444444;0;0;4.6
7600500;0;1;43;131;-0.6;2.1;8.7;6.9;57;0;3.9;3.3;3.7;3.3;9.6;269.4444444;0;0;4.6
7601400;-3;0;43;120;-2.5;0.1;8.6;6.9;56.4;0;1.9;1.5;1.8;1.3;9.6;269.4444444;0;0;4.6
7602300;-4;-1;43;114;-3.6;-1.2;8.4;6.9;56.3;0;0.9;0.3;0.6;0.1;9.6;269.4444444;0;0;4.6
7603200;-4;-2;43;109;-4.4;-2.1;8.3;6.4;56.6;0;0;-0.6;-0.3;-0.9;7.6;266.6666667;0;0;4.7
7604100;-5;-3;43;105;-5.2;-3;8.2;6.3;57.5;0;-1;-1.3;-1.1;-1.9;7.6;266.6666667;0;0;4.7
7605000;-6;-3;43;104;-5.6;-3.4;8;6.3;58.3;0;-1.4;-1.6;-1.4;-2.1;7.6;266.6666667;0;0;4.7
7605900;-6;-4;43;103;-5.6;-3.4;7.8;6.3;60.9;0;-1.5;-1.9;-1.6;-2.2;7.6;266.6666667;0;0;4.7
7606800;-6;-4;43;103;-5.9;-3.9;7.6;7.8;62.9;0;-1.6;-2.1;-1.8;-2.3;7.3;263.8888889;0;0;5
7607700;-6;-4;43;100;-6.1;-3.9;7.5;8.4;64.5;0;-1.8;-2.1;-2;-2.5;7.3;263.8888889;0;0;5
7608600;-6;-4;42;99;-6.2;-4.2;7.3;8.6;66.1;0;-2.2;-2.5;-2.3;-2.9;7.3;263.8888889;0;0;5
7609500;-7;-5;42;98;-6.6;-4.4;7.2;8.9;67.5;0;-2.5;-2.8;-2.5;-3.3;7.3;263.8888889;0;0;5
7610400;-7;-5;42;97;-6.6;-4.9;7.2;8.2;68.4;0;-2.7;-3;-2.8;-3.5;6.8;261.1111111;0;0;4.8
7611300;-7;-5;42;96;-7.1;-4.9;7;7.9;69.5;0;-2.9;-3.1;-2.9;-3.6;6.8;261.1111111;0;0;4.8
7612200;-7;-5;42;96;-7.1;-4.9;6.9;7.4;70.3;0;-3;-3.2;-3;-3.7;6.8;261.1111111;0;0;4.8
7613100;-7;-5;42;95;-7.1;-4.9;6.7;6.6;71.4;0;-3.1;-3.3;-3;-3.8;6.8;261.1111111;0;0;4.8
7614000;-7;-5;42;94;-7.1;-5.4;6.6;6.2;72;0;-3.2;-3.5;-3.2;-3.9;6.6;261.1111111;0;0;3.8
7614900;-7;-5;42;94;-7.2;-5.4;6.4;6.1;72.4;0;-3.4;-3.6;-3.3;-4;6.6;261.1111111;0;0;3.8
7615800;-8;-6;42;91;-7.6;-5.4;6.3;6.3;72.8;0;-3.6;-3.8;-3.6;-4.3;6.6;261.1111111;0;0;3.8
7616700;-8;-6;42;91;-7.6;-5.6;6.2;6.7;73.2;0;-3.6;-3.8;-3.6;-4.3;6.6;261.1111111;0;0;3.8
7617600;-8;-6;42;92;-7.6;-5.9;6;6.2;73.1;0;-3.8;-4;-3.8;-4.5;6.1;258.3333333;5.555555556;5.555555556;2.8
7618500;-8;-6;43;90;-8;-5.9;6;6.2;73.1;0;-4;-4.2;-4;-4.8;6.1;258.3333333;5.555555556;5.555555556;2.8
7619400;-8;-6;43;89;-8.1;-6.4;5.9;6.3;73.2;0;-4.1;-4.3;-4;-4.8;6.1;258.3333333;5.555555556;5.555555556;2.8
7620300;-8;-6;42;90;-8.1;-6.4;6;6.4;73.4;0;-3.9;-4.1;-4;-4.7;6.1;258.3333333;5.555555556;5.555555556;2.8
7621200;-8;-6;42;91;-8.1;-6.4;5.8;6.3;73.1;0.9;-3.9;-4.1;-3.9;-4.6;6;261.1111111;36.11111111;86.11111111;2
7622100;-8;-6;43;91;-8.1;-6.4;5.8;6.3;73.5;1;-3.9;-4.1;-3.9;-4.5;6;261.1111111;36.11111111;86.11111111;2
7623000;-8;-6;42;91;-8.1;-6.3;6.1;6.4;73.1;1;-3.7;-4.1;-3.8;-4.4;6;261.1111111;36.11111111;86.11111111;2
7623900;-8;-6;42;93;-8;-5.9;6.4;6.5;72.9;1;-3.4;-4;-3.5;-4.1;6;261.1111111;36.11111111;86.11111111;2
7624800;-7;-5;42;93;-7.6;-5.6;7;7;71.6;53.3;-3;-3.6;-3.1;-3.9;7.6;263.8888889;58.33333333;266.6666667;1.8
7625700;-7;-5;42;97;-7.2;-5.1;7.9;7.1;67.8;61.4;-2.4;-3.1;-2.5;-3.4;7.6;263.8888889;58.33333333;266.6666667;1.8
7626600;-6;-4;42;102;-6.4;-4.4;8.7;7;63;63.9;-1.5;-2.3;-1.6;-2.7;7.6;263.8888889;58.33333333;266.6666667;1.8
7627500;-5;-3;42;108;-5.4;-3.2;9.6;6.9;59.1;66.8;-0.3;-1;-0.3;-1.6;7.6;263.8888889;58.33333333;266.6666667;1.8
7628400;-4;-2;43;114;-4.2;-1.9;10.2;8.5;57;198.2;0.9;0.4;0.9;-0.4;10.4;269.4444444;69.44444444;438.8888889;1.4
7629300;-3;-1;43;122;-3.1;-0.5;10.9;8.9;54.6;231.1;2.3;2;2.3;0.8;10.4;269.4444444;69.44444444;438.8888889;1.4
7630200;-2;0;43;130;-1.8;0.9;11.6;8.6;53.3;231.1;3.7;3.5;3.7;2.1;10.4;269.4444444;69.44444444;438.8888889;1.4
7631100;-1;2;43;140;-0.4;2.5;12;8;52;231.1;5.3;5.2;5.4;3.8;10.4;269.4444444;69.44444444;438.8888889;1.4
7632000;0;4;43;149;1.3;4.3;12.9;10.4;50.8;383.7;7.2;7;7.2;5.7;13.2;277.7777778;77.77777778;583.3333333;1.6
7632900;2;6;43;159;3;6.2;13.7;10.4;48.4;383.7;9;8.9;9;7.5;13.2;277.7777778;77.77777778;583.3333333;1.6
7633800;4;7;43;169;4.5;7.9;14.5;10.1;47;383.7;10.8;10.8;10.8;9.2;13.2;277.7777778;77.77777778;583.3333333;1.6
7634700;4;9;38;238;5.2;9.8;15.3;9.9;45.7;383.7;12.4;12.4;12.4;10.8;13.2;277.7777778;77.77777778;583.3333333;1.6
7635600;8;10;29;82;8.5;11;15.9;12.2;44.1;539.6;14.2;14.2;14.2;12.2;16.4;286.1111111;80.55555556;686.1111111;1.9
7636500;11;13;33;76;12.2;14;16.4;12.2;42.5;539.6;17.1;17.2;17.3;15.2;16.4;286.1111111;80.55555556;686.1111111;1.9
7637400;14;16;33;82;14.9;16.9;17;12.3;40.3;539.6;19.9;20.1;20.1;18.1;16.4;286.1111111;80.55555556;686.1111111;1.9
7638300;16;19;33;84;17.3;19.4;17.7;12.6;38.5;539.6;22.2;22.4;22.4;20.6;16.4;286.1111111;80.55555556;686.1111111;1.9
7639200;18;21;33;84;19.3;21.4;18.2;14.3;36.4;629.7;24.2;24.4;24.4;22.8;19.7;294.4444444;83.33333333;738.8888889;2.3
7640100;20;22;33;84;21;23.1;18.8;14.9;35.3;662.4;25.8;26;25.9;24.6;19.7;294.4444444;83.33333333;738.8888889;2.3
7641000;21;24;31;84;22.4;24.6;19.5;14.9;32.9;662.4;27.3;27.5;27.4;26.2;19.7;294.4444444;83.33333333;738.8888889;2.3
7641900;22;26;22;83;23.1;26.3;20.2;14.9;29.1;662.4;29.1;29.4;29.3;28.1;19.7;294.4444444;83.33333333;738.8888889;2.3
7642800;22;27;15;87;22.8;28;20.7;17;25.3;713;31;31.2;31;29.9;20.7;300;86.11111111;741.6666667;2.1
7643700;22;28;7;72;22.4;29;21;17.1;25.4;716.6;32;32.8;32.3;31.4;20.7;300;86.11111111;741.6666667;2.1
7644600;22;30;9;80;22.7;30.4;21.4;17.8;26;707.1;33.6;34.4;33.9;33.7;20.7;300;86.11111111;741.6666667;2.1
7645500;22;31;7;73;23.2;31.6;21.8;18.4;25.7;698.7;34.2;35.2;34.5;34.8;20.7;300;86.11111111;741.6666667;2.1
7646400;22;31;7;74;23.2;32.2;22.1;19.6;24.4;736.6;34.5;35.8;35;35.5;22.1;305.5555556;102.7777778;702.7777778;2.2
7647300;22;32;6;73;23.2;32.7;22.5;19.8;22;742.4;35.3;36.5;35.7;36.2;22.1;305.5555556;102.7777778;702.7777778;2.2
7648200;22;33;6;72;23.2;33.2;22.7;20.5;22;742.4;35.4;36.8;35.8;36.2;22.1;305.5555556;102.7777778;702.7777778;2.2
7649100;22;33;6;73;23.2;33.6;23;21.2;21.6;742.4;35.1;37;35.6;35.9;22.1;305.5555556;102.7777778;702.7777778;2.2
7650000;12;30;32;751;13.8;31.5;23.4;21.6;22.7;721;32.2;33.1;32.1;32;22.5;319.4444444;155.5555556;641.6666667;1.8
7650900;10;21;43;517;11.4;22.4;23.8;21.7;21.6;715.7;24;24.2;23.2;21.8;22.5;319.4444444;155.5555556;641.6666667;1.8
7651800;9;18;43;442;10;19.3;24.2;21.6;21.2;715.7;21.3;21.4;20.8;19.4;22.5;319.4444444;155.5555556;641.6666667;1.8
7652700;8;17;43;408;9.7;18.2;24.7;21.4;21.5;715.7;20.3;20.4;19.9;18.4;22.5;319.4444444;155.5555556;641.6666667;1.8
7653600;8;17;43;386;9.4;17.8;24.7;21.5;20.8;628.7;19.8;19.9;19.5;18;22.8;322.2222222;152.7777778;450;1.5
7654500;8;16;43;363;9.4;17.2;25;21.6;20.6;597;19.3;19.4;19;17.5;22.8;322.2222222;152.7777778;450;1.5
7655400;8;15;43;334;9.4;16.5;24.9;21.9;19.9;597;18.5;18.5;18.3;16.9;22.8;322.2222222;152.7777778;450;1.5
7656300;10;15;29;261;10.3;16;24.7;22.5;20.9;597;18.7;18.6;18.4;17;22.8;322.2222222;152.7777778;450;1.5
7657200;8;15;43;338;8.9;15.9;24.8;21.8;20.4;445.3;18;18;17.6;16.6;22.9;311.1111111;80.55555556;291.6666667;1.2
7658100;8;15;43;302;9.3;15.5;25;21.8;19.6;445.3;17.8;17.7;17.6;16.3;22.9;311.1111111;80.55555556;291.6666667;1.2
7659000;10;15;35;163;11.2;15.7;25.8;22;18.5;445.3;18;18.1;18;16.3;22.9;311.1111111;80.55555556;291.6666667;1.2
7659900;13;16;39;134;13.4;16.4;25.5;22.1;18.5;445.3;19.1;19;19.2;17.5;22.9;311.1111111;80.55555556;291.6666667;1.2
7660800;9;16;40;345;9.4;16.8;24.4;20.9;20.1;312.2;18.8;18.7;18.5;17.6;22;305.5555556;38.88888889;105.5555556;1.5
7661700;8;13;43;250;9.3;14.5;23.9;20.8;20.8;302.7;16.4;16.3;16.2;15.1;22;305.5555556;38.88888889;105.5555556;1.5
7662600;8;12;43;217;8.8;13.2;23.5;21.3;20.7;302.7;15.2;15;15;13.9;22;305.5555556;38.88888889;105.5555556;1.5
7663500;7;11;43;195;8.3;12.4;23.1;21.8;21;302.7;14.6;14;14.3;13.3;22;305.5555556;38.88888889;105.5555556;1.5
7664400;7;11;43;174;8.2;11.7;22.5;20.5;21.8;147.2;13.8;13.1;13.6;12.6;20.2;302.7777778;2.777777778;5.555555556;1.4
7665300;7;10;43;145;7.7;10.7;21.4;20.3;25.1;123.3;12.8;12.1;12.6;11.6;20.2;302.7777778;2.777777778;5.555555556;1.4
7666200;6;9;43;120;7.3;9.8;20.1;21;28.7;123.3;11.7;11.2;11.7;10.8;20.2;302.7777778;2.777777778;5.555555556;1.4
7667100;6;8;43;99;6.9;8.9;19;21.8;29.6;123.3;10.8;10.6;10.9;10;20.2;302.7777778;2.777777778;5.555555556;1.4
7668000;6;7;43;90;6.7;8.4;18.1;20.8;33.3;45.3;10.4;10.1;10.4;9.6;18.5;300;0;0;1.2
7668900;5;7;37;71;6.4;8;17.3;20.4;34.2;16.9;10.1;9.9;10.1;9.3;18.5;300;0;0;1.2
7669800;4;6;39;90;5.5;7.6;16.7;20.6;35.5;16.9;9.5;9.2;9.5;8.6;18.5;300;0;0;1.2
7670700;5;6;32;65;5.5;7;16.2;21;36.8;16.9;9.1;8.7;9.1;8.2;18.5;300;0;0;1.2
7671600;5;6;0;0;5.4;7;15.7;19.1;37.9;0;9.3;8.8;9.2;8.1;17.5;294.4444444;0;0;1.8
7672500;4;7;28;94;5.6;7.7;15.3;19.1;40.1;0;10.1;9.5;10;9.3;17.5;294.4444444;0;0;1.8
7673400;5;6;43;67;6;7.5;14.8;18.8;41.8;0;9.4;8.9;9.5;8.6;17.5;294.4444444;0;0;1.8
7674300;5;6;43;69;5.8;7.2;14.5;18.7;43.2;0;9.4;8.9;9.4;8.3;17.5;294.4444444;0;0;1.8
7675200;5;6;43;62;5.8;7;14.3;17.7;44.6;0;9;8.6;9.1;8.1;14.7;288.8888889;0;0;1.9
7676100;4;6;43;58;5.8;6.9;13.8;17.7;45.7;0;8.9;8.4;8.8;8.1;14.7;288.8888889;0;0;1.9
7677000;4;6;23;29;5.6;6.5;13.4;17.8;46.9;0;8.8;8.2;8.6;7.9;14.7;288.8888889;0;0;1.9
7677900;5;7;0;0;5.3;7.4;12.9;17.9;48.3;0;9.1;8.4;8.8;8.1;14.7;288.8888889;0;0;1.9
7678800;4;6;26;70;5.1;7;12.7;16.9;48.5;0;9.1;8.2;8.8;8.5;13.5;286.1111111;0;0;2.6
7679700;5;6;5;3;5.7;6.5;12.4;16.7;49.4;0;9;8.1;8.8;8.3;13.5;286.1111111;0;0;2.6
7680600;4;6;39;85;4.9;6.8;12.2;16.7;50.4;0;8.9;8.1;8.7;8.1;13.5;286.1111111;0;0;2.6
7681500;3.5;5;24;48;4.6;5.95;12;12.65;51.55;0;8.2;7.5;8.05;7.3;13.5;286.1111111;0;0;2.6
7682400;3;4;9;11;4.3;5.1;11.8;8.6;52.7;0;7.5;6.9;7.4;6.5;12.3;283.3333333;0;0;2.8
7683300;4;4;11;29;4.3;5.2;11.6;7.4;53.2;0;8.1;7.3;7.9;7.1;12.3;283.3333333;0;0;2.8
7684200;3;5;24;50;4.2;5.8;11.3;7.4;54;0;7.8;7;7.6;7;12.3;283.3333333;0;0;2.8
7685100;2;4;26;59;3;4.7;11.1;7.4;54.1;0;6.7;6;6.5;6.1;12.3;283.3333333;0;0;2.8
7686000;3;3;9;4;4;4.2;10.8;7;54.9;0;6.6;6;6.5;5.6;11.4;280.5555556;0;0;3.2
7686900;3;4;11;19;4;5;10.7;6.9;56.1;0;7.2;6.2;6.9;6.2;11.4;280.5555556;0;0;3.2
7687800;1;4;40;120;2;4.5;10.4;6.9;57.3;0;6.5;5.7;6.2;5.8;11.4;280.5555556;0;0;3.2
7688700;0;1;43;131;-0.5;2.3;10.2;6.9;57.6;0;4.2;3.7;4;3.5;11.4;280.5555556;0;0;3.2
7689600;-2;0;43;122;-2;0.6;10;6.4;58.5;0;2.5;2.1;2.3;1.7;10.1;277.7777778;0;0;4.3
7690500;-3;0;43;116;-3.1;-0.6;9.8;6.3;59.3;0;1.3;0.9;1.2;0.4;10.1;277.7777778;0;0;4.3
7691400;-4;-1;43;112;-3.9;-1.5;9.6;6.3;60.2;0;0.3;0.1;0.3;-0.5;10.1;277.7777778;0;0;4.3
7692300;-5;-2;43;108;-4.6;-2.3;9.4;6.3;60.8;0;-0.4;-0.5;-0.4;-1.4;10.1;277.7777778;0;0;4.3
7693200;-5;-3;43;105;-5.2;-2.9;9.3;10.3;61.5;0;-1;-1.1;-1;-2;8.9;-2775;0;0;4.2
7694100;-6;-4;43;100;-5.6;-3.5;9.1;10.3;61.7;0;-1.5;-1.7;-1.5;-2.5;8.9;-2775;0;0;4.2
7695000;-6;-4;43;101;-6;-3.9;8.9;10.5;61.8;0;-1.8;-2.1;-1.9;-2.7;8.9;-2775;0;0;4.2
7695900;-6;-4;42;100;-6.1;-4;8.8;10.7;63;0;-1.9;-2.4;-2.1;-2.9;8.9;-2775;0;0;4.2
7696800;-6;-4;43;100;-6.1;-4;8.7;9.7;64.5;0;-2.1;-2.4;-2.1;-2.8;8.3;272.2222222;0;0;4.5
7697700;-6;-4;42;100;-6.1;-4;8.5;9.6;65.7;0;-2.1;-2.4;-2.1;-2.8;8.3;272.2222222;0;0;4.5
7698600;-6;-4;42;100;-6.1;-4;8.3;9.3;67.3;0;-2;-2.3;-2.1;-2.8;8.3;272.2222222;0;0;4.5
7699500;-6;-4;43;100;-6.1;-4;8.2;9.1;68;0;-2;-2.3;-2;-2.8;8.3;272.2222222;0;0;4.5
7700400;-6;-4;42;99;-6.1;-4;8.1;8.6;68.2;0;-2;-2.2;-2;-2.6;8.1;-2775;0;0;4.1
7701300;-6;-4;42;98;-6.1;-4;7.9;8.5;68.6;0;-2;-2.4;-2.1;-2.7;8.1;-2775;0;0;4.1
7702200;-3;-4;40;32;-2.1;-3.8;7.8;8.4;69.1;0;-1.4;-1.6;-1.3;-2.5;8.1;-2775;0;0;4.1
7703100;0;-2;0;0;-0.3;-2.1;7.8;8.4;68.9;0;1;1.2;1.7;-0.7;8.1;-2775;0;0;4.1
7704000;0;0;0;0;-0.4;-1;7.7;8.1;69.4;0;1.3;1.7;2.1;0.1;7.5;283.3333333;8.333333333;8.333333333;3.1
7704900;-3;0;43;110;-2.6;-0.4;7.6;8;70.2;0;1.8;1.5;1.8;1.1;7.5;283.3333333;8.333333333;8.333333333;3.1
7705800;-4;-1;43;111;-3.7;-1.4;7.8;8;70.2;0;0.5;0.3;0.5;-0.1;7.5;283.3333333;8.333333333;8.333333333;3.1
7706700;-5;-2;43;108;-4.4;-2.1;7.8;8;69.8;0;-0.3;-0.4;-0.2;-0.8;7.5;283.3333333;8.333333333;8.333333333;3.1
7707600;-5;-3;43;105;-4.8;-2.6;7.8;7.8;69.7;0.9;-0.7;-0.8;-0.7;-1.3;7.8;272.2222222;47.22222222;83.33333333;2
7708500;-5;-3;43;104;-5.1;-3;7.9;7.8;69.7;1;-1.1;-1.3;-1;-1.7;7.8;272.2222222;47.22222222;83.33333333;2
7709400;-6;-3;43;103;-5.6;-3.4;8.2;7.9;69;1;-1.2;-1.5;-1.2;-1.9;7.8;272.2222222;47.22222222;83.33333333;2
7710300;-5;-3;43;103;-5.6;-3.5;8.5;8;68.3;1;-0.9;-1.6;-1.1;-1.8;7.8;272.2222222;47.22222222;83.33333333;2
7711200;-5;-3;43;103;-5.4;-3.3;9;8.4;66.1;57.4;-0.5;-1.3;-0.7;-1.5;8.3;277.7777778;105.5555556;175;1.6
7712100;-5;-2;43;108;-4.9;-2.7;9.7;8.5;63.7;71.5;0;-0.6;0.1;-0.8;8.3;277.7777778;105.5555556;175;1.6
7713000;-4;-2;43;113;-3.9;-1.7;10.3;8.4;60.6;73.9;1.1;0.5;1.1;-0.1;8.3;277.7777778;105.5555556;175;1.6
7713900;-3;-2;43;115;-3.4;-1;10.5;8.3;59.7;76.7;1.6;1.1;1.5;0.4;8.3;277.7777778;105.5555556;175;1.6
7714800;-3;-1;43;116;-3.1;-0.8;10.6;9.9;60;208.6;2;1.5;1.9;0.7;10.4;277.7777778;111.1111111;400;1.3
7715700;-2;0;43;120;-2.3;0.1;11;10.3;59.5;241.6;3;2.4;2.8;1.6;10.4;277.7777778;111.1111111;400;1.3
7716600;-2;1;43;129;-1.1;1.4;12;10.1;57;241.6;4.4;4;4.3;3;10.4;277.7777778;111.1111111;400;1.3
7717500;0;2;43;139;0.4;3.2;12.7;9.8;54.4;241.6;6;5.8;6;4.6;10.4;277.7777778;111.1111111;400;1.3
7718400;2;5;40;137;2.6;5.1;13.7;11.5;51.7;351.1;8.2;7.9;8.2;6.5;14.5;286.1111111;94.44444444;583.3333333;1.9
7719300;3;7;38;144;4.3;7.2;14.3;12.1;50.1;390.9;10.4;10.3;10.5;8.7;14.5;286.1111111;94.44444444;583.3333333;1.9
7720200;5;9;43;181;5.5;9.2;15;11.5;48.7;390.9;12;12;12;10.3;14.5;286.1111111;94.44444444;583.3333333;1.9
7721100;6;10;43;187;7;10.8;15.9;10.5;47.2;390.9;13.6;13.6;13.6;11.8;14.5;286.1111111;94.44444444;583.3333333;1.9
7722000;11;12;29;51;11.6;13.1;16.5;12.3;45.6;518.8;16.4;16.5;16.4;14.4;17.9;297.2222222;94.44444444;677.7777778;1.7
7722900;13;15;33;78;14.2;16.1;17;12.9;44.6;565.3;19;19.3;19.3;17.3;17.9;297.2222222;94.44444444;677.7777778;1.7
7723800;16;18;33;81;16.6;18.6;17.9;12.4;43.1;565.3;21.4;21.7;21.7;19.8;17.9;297.2222222;94.44444444;677.7777778;1.7
7724700;18;20;33;85;18.5;20.7;18.5;11.6;41.7;565.3;23.4;23.7;23.6;21.9;17.9;297.2222222;94.44444444;677.7777778;1.7
7725600;19;22;33;87;20.2;22.4;19;13.5;40.5;649.1;25;25.4;25.2;23.7;20.1;302.7777778;100;736.1111111;2.1
7726500;21;23;33;87;21.8;23.9;19.6;14.2;39.1;679.6;26.5;26.9;26.8;25.4;20.1;302.7777778;100;736.1111111;2.1
7727400;22;25;27;83;22.8;25.6;20.4;14.2;36.4;679.6;28.3;28.6;28.4;27.2;20.1;302.7777778;100;736.1111111;2.1
7728300;22;27;16;79;23.2;27.3;21.1;14.2;33.9;679.6;30.1;30.7;30.4;29.2;20.1;302.7777778;100;736.1111111;2.1
7729200;22;28;12;93;22.8;28.9;21.6;16.5;32;731.3;31.7;32.2;32.2;31.2;21.9;308.3333333;100;736.1111111;2.5
7730100;22;29;10;88;22.7;30.2;22;16.5;29;731.3;33.5;33.5;33.7;32.9;21.9;308.3333333;100;736.1111111;2.5
7731000;13;30;26;654;14;30.5;22.4;18.6;28.6;746.5;32.2;32.2;32;32.1;21.9;308.3333333;100;736.1111111;2.5
7731900;19;27;11;134;21;27.8;22.6;20;28.3;756.6;30.5;30.5;30.1;29.9;21.9;308.3333333;100;736.1111111;2.5
7732800;22;28;11;70;23.2;28.6;23;21.2;27.8;752.9;30.7;30.9;31;29.2;23;313.8888889;100;680.5555556;1.5
7733700;22;28;10;72;23.2;28.8;23.3;21.3;27.4;752.6;31.9;32.5;32.1;30.4;23;313.8888889;100;680.5555556;1.5
7734600;22;30;9;72;23.2;30.4;23.6;21.4;25.7;752.6;33.8;34.3;34;32.9;23;313.8888889;100;680.5555556;1.5
7735500;22;31;7;72;23.2;31.9;23.9;21.4;25.6;752.6;35.4;36;35.6;34.7;23;313.8888889;100;680.5555556;1.5
7736400;14;31;26;628;14.7;32.5;24.1;21.9;24.8;725;34.2;34.4;34.2;33.8;23.5;316.6666667;94.44444444;577.7777778;1.4
7737300;15;24;25;291;16.3;25.2;24.5;22.1;24;715;27.4;27.6;26.4;25.1;23.5;316.6666667;94.44444444;577.7777778;1.4
7738200;22;24;27;71;22.7;24.9;24.6;22.3;24.1;715;27.5;27.7;27.4;24.8;23.5;316.6666667;94.44444444;577.7777778;1.4
7739100;22;26;20;73;23.1;26.5;24.9;22.6;23.9;715;29.8;30;29.8;27.7;23.5;316.6666667;94.44444444;577.7777778;1.4
7740000;11;26;35;628;13.2;27.3;24.9;22.8;23.5;623.9;28.8;28.9;28.5;27.5;23.5;319.4444444;86.11111111;433.3333333;0.9
7740900;10;20;43;453;11.4;20.9;24.9;22.8;23.8;623.9;22.7;22.7;22.1;20.7;23.5;319.4444444;86.11111111;433.3333333;0.9
7741800;9;17;43;385;10.2;18.2;25;23.2;23.8;623.9;20.3;20.1;19.9;18.6;23.5;319.4444444;86.11111111;433.3333333;0.9
7742700;9;16;43;346;9.7;17;25;23.4;23.8;623.9;19;18.9;18.7;17.3;23.5;319.4444444;86.11111111;433.3333333;0.9
7743600;8;15;43;315;9.5;16;25.1;22.9;24.3;514.5;18;18;17.8;16.3;23.6;316.6666667;69.44444444;266.6666667;1.1
7744500;8;14;43;288;9.2;15.2;25.3;22.7;23.8;474.7;17.3;17.2;17.1;15.7;23.6;316.6666667;69.44444444;266.6666667;1.1
7745400;8;14;43;274;9;14.8;26.1;22.8;22.3;474.7;16.8;16.8;16.7;15.3;23.6;316.6666667;69.44444444;266.6666667;1.1
7746300;10;14;34;145;10.8;14.8;25.9;23;22.5;474.7;17.3;17.4;17.4;15.7;23.6;316.6666667;69.44444444;266.6666667;1.1
7747200;9;15;38;299;9.5;15.6;25;22.2;22.5;309.5;17.8;17.7;17.6;16.4;22.7;319.4444444;50;111.1111111;1.2
7748100;8;13;43;234;9.1;14;24.6;22.1;23.4;297.7;15.8;15.8;15.8;14.4;22.7;319.4444444;50;111.1111111;1.2
7749000;7;12;43;207;8.6;12.8;24.2;22.6;23.8;297.7;14.8;14.6;14.8;13.6;22.7;319.4444444;50;111.1111111;1.2
7749900;7;11;38;182;8.4;12.4;24;22.9;25.1;297.7;14.6;14.3;14.5;13.3;22.7;319.4444444;50;111.1111111;1.2
7750800;9;11;40;94;10.1;12.6;23.4;21.9;27.4;190.8;14.6;14.3;14.6;13.3;21.5;316.6666667;5.555555556;8.333333333;1.6
7751700;6;11;43;218;7.2;11.7;22.5;21.6;30.1;151.9;13.5;13;13.5;12.5;21.5;316.6666667;5.555555556;8.333333333;1.6
7752600;6;9;43;133;7.5;10.2;21.4;22.1;33.5;151.9;12.1;11.7;12.1;11.1;21.5;316.6666667;5.555555556;8.333333333;1.6
7753500;6;8;43;110;7.1;9.3;20.2;22.6;35.3;151.9;11.3;10.9;11.3;10.3;21.5;316.6666667;5.555555556;8.333333333;1.6
7754400;6;8;43;96;6.8;8.7;19.3;21.2;36.5;39.2;10.6;10.4;10.7;9.8;19.6;313.8888889;0;0;2.8
7755300;5;7;43;86;6.6;8.2;18.6;21.1;37.9;31.1;10.1;10;10.3;9.3;19.6;313.8888889;0;0;2.8
7756200;5;7;43;87;6.3;8.1;17.9;21.2;40.8;31.1;10.3;9.7;10.3;9.4;19.6;313.8888889;0;0;2.8
7757100;5;7;43;84;6.3;8.1;17.4;21.5;42.2;31.1;10.3;9.6;10.2;9.1;19.6;313.8888889;0;0;2.8
7758000;5;7;43;87;6.3;8.1;16.9;20.1;43.8;6.2;10.3;9.6;10.3;9.2;18;308.3333333;0;0;2.2
7758900;5;7;43;80;6.3;8.1;16.4;19.7;44.3;0;10.1;9.5;10;9.1;18;308.3333333;0;0;2.2
7759800;5;7;34;77;6.1;8.1;16.1;19.8;45.6;0;10.1;9.7;10.2;9.1;18;308.3333333;0;0;2.2
7760700;5;7;39;90;5.7;7.8;15.8;19.9;46.7;0;9.7;9.3;9.7;8.8;18;308.3333333;0;0;2.2
7761600;5;6;40;84;5.4;7.4;15.4;19.4;47.7;0;9.4;9;9.3;8.5;17.2;302.7777778;0;0;3.6
7762500;5;6;43;66;5.5;7.1;15.2;19.2;48;0;9.2;8.7;9.2;8.3;17.2;302.7777778;0;0;3.6
7763400;5;6;43;57;5.5;6.8;14.8;19.2;50.3;0;8.9;8.4;8.9;8;17.2;302.7777778;0;0;3.6
7764300;4;6;11;14;5.5;6.6;14.4;19.2;51.2;0;8.9;8.4;8.8;7.9;17.2;302.7777778;0;0;3.6
7765200;5;6;11;40;5.3;7.2;14;17.9;52.4;0;9.6;8.9;9.5;8.6;14.7;300;0;0;4.4
7766100;5;6;17;40;5.7;7.2;13.8;17.7;52.4;0;9.2;8.4;9;8.5;14.7;300;0;0;4.4
7767000;5;6;6;16;5.8;7.1;13.6;17.2;52.8;0;9.6;8.7;9.5;8.7;14.7;300;0;0;4.4
7767900;5;6;4.5;9.5;5.8;6.85;13.35;16.3;53.8;0;9.25;8.55;9.25;8.45;14.7;300;0;0;4.4
7768800;5;6;3;3;5.8;6.6;13.1;15.4;54.8;0;8.9;8.4;9;8.2;14.2;297.2222222;0;0;4.9
7769700;4;6;23;64;5.2;6.8;13;15.4;55.7;0;8.8;8.4;8.8;8;14.2;297.2222222;0;0;4.9
7770600;5;6;0;0;5.6;6.6;12.8;15.4;56.6;0;8.7;8.4;8.8;8;14.2;297.2222222;0;0;4.9
7771500;4;6;23;64;5.1;6.6;12.6;15.4;57;0;8.6;8.1;8.6;7.8;14.2;297.2222222;0;0;4.9
7772400;4;6;23;42;5;7.1;12.5;14.6;57.1;0;8.4;8;8.5;7.6;12.8;297.2222222;0;0;4.8
7773300;3;5;39;80;3.8;5.6;12.3;14.4;57.9;0;7.4;7.1;7.4;6.7;12.8;297.2222222;0;0;4.8
7774200;2;4;32;84;3;4.9;12.1;14.4;58.6;0;6.8;6.4;6.7;5.9;12.8;297.2222222;0;0;4.8
7775100;0;2;43;136;0.4;3.2;11.9;14.4;59.4;0;5.1;4.6;4.9;4.3;12.8;297.2222222;0;0;4.8
7776000;0;1;43;129;-0.9;1.9;11.8;13.5;59.4;0;3.9;3.3;3.6;2.9;12;294.4444444;0;0;4.5
7776900;-2;0;43;121;-1.9;0.7;11.6;13.5;60.6;0;2.6;2.2;2.5;1.7;12;294.4444444;0;0;4.5
7777800;-3;0;43;115;-2.6;-0.2;11.3;13.5;61.2;0;1.7;1.5;1.7;0.9;12;294.4444444;0;0;4.5
7778700;0;0;25;7;1.7;-0.1;11.2;13.5;62.2;0;2.4;2.4;2.8;1.2;12;294.4444444;0;0;4.5
7779600;1;0;0;0;1.9;0.6;11.1;12.7;62.4;0;3.7;3.9;4.4;2.3;11.2;291.6666667;0;0;4
7780500;1;2;0;0;1.9;2.2;11;12.5;62.9;0;4.3;4.5;5;3.1;11.2;291.6666667;0;0;4
7781400;1;3;7;17;1.8;4;10.8;12.2;63.7;0;5.1;5.1;5.6;4.4;11.2;291.6666667;0;0;4
7782300;0;2;43;137;0.2;3;10.7;12;64.1;0;4.8;4.6;4.9;4.4;11.2;291.6666667;0;0;4
7783200;-1;0;43;126;-1.3;1.3;10.5;11.2;64.6;0;3.1;2.9;3.1;2.5;10.6;291.6666667;0;0;4.6
7784100;-2;0;43;118;-2.3;0.2;10.4;11.2;64.7;0;2.1;1.8;2;1.4;10.6;291.6666667;0;0;4.6
7785000;-3;0;37;98;-2.5;-0.4;10.3;11.2;64.9;0;1.5;1.3;1.5;0.8;10.6;291.6666667;0;0;4.6
7785900;-2;0;0;0;-0.9;-0.4;10.3;11.2;65.2;0;1.9;2;2.2;0.9;10.6;291.6666667;0;0;4.6
7786800;-2;0;37;100;-1.4;0.6;10.1;10.6;66.3;0;2.9;2.7;3;2.3;10;291.6666667;0;0;3.8
7787700;-3;0;43;118;-2.6;-0.1;10.1;10.5;66.4;0;1.6;1.5;1.7;1;10;291.6666667;0;0;3.8
7788600;-3;0;43;112;-3.3;-0.9;10;10.6;66.7;0;1;0.7;0.9;0.2;10;291.6666667;0;0;3.8
7789500;-2;0;6;15;-2;-1.3;9.8;10.6;67.2;0;1;0.9;1.1;0;10;291.6666667;0;0;3.8
7790400;-2;0;0;0;-1.6;0;9.8;10.2;67.4;0;1.7;1.8;2.3;0.5;9.5;294.4444444;8.333333333;8.333333333;3
7791300;-2;0;0;0;-1.3;0.1;9.7;10;67.8;0;2.2;2.6;3.1;0.9;9.5;294.4444444;8.333333333;8.333333333;3
7792200;-1;1;23;63;-0.7;1;9.7;10;68.6;0;3.6;3.7;4;2.5;9.5;294.4444444;8.333333333;8.333333333;3
7793100;-1;0;43;125;-1.5;1.1;9.7;10;68.9;0;2.9;2.7;2.9;2.2;9.5;294.4444444;8.333333333;8.333333333;3
7794000;-3;0;43;117;-2.5;0;9.7;10.1;69.1;0.7;1.9;1.7;1.9;1.2;9.6;311.1111111;63.88888889;91.66666667;1.6
7794900;-3;0;43;115;-2.8;-0.4;10;10.1;68.3;0.8;1.7;1.3;1.5;0.8;9.6;311.1111111;63.88888889;91.66666667;1.6
7795800;-3;0;43;114;-2.8;-0.4;10.5;10;67.3;0.8;1.8;1.3;1.5;0.7;9.6;311.1111111;63.88888889;91.66666667;1.6
7796700;-3;0;23;60;-1.9;-0.4;11.1;10;65.5;0.8;1.8;1.6;1.8;0.7;9.6;311.1111111;63.88888889;91.66666667;1.6
7797600;-3;1;7;18;-0.9;0.8;11.7;10.5;62.4;44.7;2.9;3;3.4;1.5;10.4;302.7777778;91.66666667;202.7777778;3
7798500;0;1;43;132;-0.8;1.9;12.1;10.7;61;60.6;3.9;3.6;4;3.1;10.4;302.7777778;91.66666667;202.7777778;3
7799400;0;1;43;131;-1;1.5;13.1;10.5;58;63.3;4.2;3.6;4.1;3.1;10.4;302.7777778;91.66666667;202.7777778;3
7800300;0;1;43;130;-0.7;2;13.7;10.2;55.5;66.4;4.5;4.2;4.5;3.3;10.4;302.7777778;91.66666667;202.7777778;3
7801200;1;3;26;51;2.3;2.9;13.9;11.9;54.6;219.6;6.1;5.8;6.3;4.5;13.6;308.3333333;158.3333333;411.1111111;3.5
7802100;2;5;39;92;3.2;5.3;14.3;12;53.7;230.5;8.1;7.9;8.3;6.7;13.6;308.3333333;158.3333333;411.1111111;3.5
7803000;2;6;43;164;3.3;6.7;15;11.5;52;230.5;9.3;9.1;9.3;8;13.6;308.3333333;158.3333333;411.1111111;3.5
7803900;4;8;39;168;4.6;8;15.8;11.3;50.2;230.5;10.9;10.7;10.9;9.4;13.6;308.3333333;158.3333333;411.1111111;3.5
7804800;4;8;43;197;5.1;9.1;16.7;12.8;48.3;355.8;11.3;11.2;11.3;9.7;16.6;316.6666667;241.6666667;508.3333333;4
7805700;5;8;38;159;5.8;9.3;17;13.4;47.1;401.3;11.9;11.7;11.9;10.2;16.6;316.6666667;241.6666667;508.3333333;4
7806600;5;9;43;181;6.2;9.7;17.6;12.9;46.2;401.3;12.3;12.1;12.2;10.7;16.6;316.6666667;241.6666667;508.3333333;4
7807500;5;10;41;243;5.6;10.7;18.6;12.3;44.2;401.3;13.3;13.1;13.1;11.6;16.6;316.6666667;241.6666667;508.3333333;4
7808400;8;12;36;134;9.1;12.2;19.7;14.3;42.3;523.9;15.4;15.3;15.3;13.4;19.4;316.6666667;161.1111111;588.8888889;5.4
7809300;11;14;39;136;12.3;15;20.2;14.3;40.6;523.9;17.7;17.8;17.9;16;19.4;316.6666667;161.1111111;588.8888889;5.4
7810200;11;14;40;158;11.9;15.5;20.1;14.6;40.5;523.9;17.8;17.8;17.8;16.2;19.4;316.6666667;161.1111111;588.8888889;5.4
7811100;9;16;40;301;9.3;16.5;20.3;15.4;40.5;523.9;19;18.9;18.9;17.5;19.4;316.6666667;161.1111111;588.8888889;5.4
7812000;12;16;29;123;13.4;16.5;21.2;16.9;39.5;639.2;19.4;19.5;19.1;17.5;21.4;325;177.7777778;677.7777778;5
7812900;17;19;33;69;17.9;19.6;22;17;37.7;647.4;22.7;22.8;22.8;20.9;21.4;325;177.7777778;677.7777778;5
7813800;20;22;33;74;21.1;22.9;22.6;17.8;35.7;649.7;25.8;26;26.1;24.3;21.4;325;177.7777778;677.7777778;5
7814700;22;25;26;75;23;25.6;23.1;18.3;34.4;651.2;28.5;28.9;28.8;27.1;21.4;325;177.7777778;677.7777778;5
7815600;22;27;14;72;23.1;27.5;23.4;19.4;34.2;695.1;30.5;30.9;31;29.5;22.2;327.7777778;194.4444444;711.1111111;4.7
7816500;22;29;10;73;23.1;29.4;23.8;19.8;33.7;711.1;32.6;32.8;33.1;31.5;22.2;327.7777778;194.4444444;711.1111111;4.7
7817400;22;30;8;73;23.1;30.5;23.9;19.8;33.5;711.1;33.1;33.3;33.6;32.5;22.2;327.7777778;194.4444444;711.1111111;4.7
7818300;22;30;8;74;23.1;31;24;19.8;33.3;711.1;34.3;34.4;34.9;34;22.2;327.7777778;194.4444444;711.1111111;4.7
7819200;22;32;7;77;23.1;32.5;24.5;20.6;32;729.1;35.8;35.9;36.2;35.6;22.8;347.2222222;305.5555556;583.3333333;4.4
7820100;22;33;6;77;23.1;33.4;24.7;20.7;31.2;730.4;35.8;36.1;36.7;36.2;22.8;347.2222222;305.5555556;583.3333333;4.4
7821000;22;33;6;73;23.1;33.5;25;21.3;30.4;734.9;36;36.4;36.6;35.8;22.8;347.2222222;305.5555556;583.3333333;4.4
7821900;22;33;6;74;23.1;33.5;25.2;22.4;29.7;743.9;35.8;36.2;36.3;35.2;22.8;347.2222222;305.5555556;583.3333333;4.4
7822800;12;30;34;734;13.4;31.3;26;22.4;27.1;704.5;31.8;32.3;32;31.3;22.2;366.6666667;280.5555556;313.8888889;3.8
7823700;11;20;43;465;11.6;21.6;25.8;22.4;28.1;694.6;23;23;22.4;21;22.2;366.6666667;280.5555556;313.8888889;3.8
7824600;9;17;43;381;10;18;25.6;22.4;28.6;694.6;19.8;19.8;19.6;18.5;22.2;366.6666667;280.5555556;313.8888889;3.8
7825500;8;16;43;356;9.6;17;25.6;22.4;27.6;694.6;18.9;18.8;18.6;17.6;22.2;366.6666667;280.5555556;313.8888889;3.8
7826400;9;15;41;268;10.4;16.1;25.1;21.9;29;575.5;18.6;18.5;18.3;17.2;21.7;363.8888889;200;208.3333333;3.8
7827300;11;16;41;255;11.9;17.2;24.5;21.9;29.7;575.5;19.9;19.7;19.9;18.4;21.7;363.8888889;200;208.3333333;3.8
7828200;8;16;43;350;9.5;16.7;24.6;22.1;29.3;575.5;18.5;18.4;18.1;17.2;21.7;363.8888889;200;208.3333333;3.8
7829100;8;14;43;282;9.2;15.1;24.3;22.4;27.9;575.5;17;16.9;16.8;15.7;21.7;363.8888889;200;208.3333333;3.8
7830000;8;13;43;266;9;14.4;24.2;21.5;28.4;458;16.5;16.3;16.3;15.3;21.4;333.3333333;138.8888889;194.4444444;4.3
7830900;8;13;43;250;8.9;14;23.9;21.4;30.2;439.9;16;15.8;15.7;15;21.4;333.3333333;138.8888889;194.4444444;4.3
7831800;7;13;43;241;8.5;13.8;23.9;21.4;29.6;439.9;15.8;15.5;15.6;14.7;21.4;333.3333333;138.8888889;194.4444444;4.3
7832700;7;12;43;234;8.5;13.4;23.6;21.4;29.9;439.9;15.7;15.4;15.5;14.4;21.4;333.3333333;138.8888889;194.4444444;4.3
7833600;9;12;31;155;9.6;13.4;23.2;20.6;30.3;319.5;15.6;15.4;15.6;14.5;20.8;316.6666667;61.11111111;86.11111111;4.3
7834500;8;13;40;259;8.5;13.6;22.9;20.3;31.3;275.7;15.9;15.5;15.6;14.7;20.8;316.6666667;61.11111111;86.11111111;4.3
7835400;7;12;43;209;8.7;12.9;22.6;20.5;32.7;275.7;15;14.6;14.7;13.7;20.8;316.6666667;61.11111111;86.11111111;4.3
7836300;7;11;43;194;8.3;12.3;22.2;20.8;33.4;275.7;14.4;14.1;14.2;13.3;20.8;316.6666667;61.11111111;86.11111111;4.3
7837200;7;11;43;177;8.2;11.8;21.7;19.6;33.1;147.2;13.8;13.5;13.6;12.9;18.9;311.1111111;5.555555556;5.555555556;4
7838100;8;10;36;108;8.6;11.4;21.3;19.5;33.3;138;13.6;13.2;13.4;12.6;18.9;311.1111111;5.555555556;5.555555556;4
7839000;7;10;38;133;8.3;11.4;20.6;19.7;34.8;138;13.4;13;13.4;12.5;18.9;311.1111111;5.555555556;5.555555556;4
7839900;6;9;43;133;7.1;9.9;19.7;20.3;37.7;138;11.7;11.3;11.5;10.9;18.9;311.1111111;5.555555556;5.555555556;4
7840800;6;8;43;99;6.9;9;18.8;19.4;40;54.7;10.9;10.4;10.9;10;17.8;305.5555556;0;0;4
7841700;5;7;43;88;6.7;8.4;18;19.1;41.7;24.4;10.5;9.9;10.4;9.6;17.8;305.5555556;0;0;4
7842600;5;7;43;85;6.7;8.4;17.5;19.5;43.5;24.2;10.3;9.6;10.2;9.5;17.8;305.5555556;0;0;4
7843500;5;7;43;86;6.7;7.9;17.1;19.9;44.4;24;10.3;9.6;10.2;9.6;17.8;305.5555556;0;0;4
7844400;5;7;37;84;6.7;8;16.8;18.3;44.3;1.6;10.7;9.8;10.5;9.8;17.4;305.5555556;0;0;3.9
7845300;5;8;39;95;6.3;8.4;16.8;18.2;43.5;0;10.8;10;10.7;9.8;17.4;305.5555556;0;0;3.9
7846200;5;8;40;112;5.8;8.3;16.7;17.7;43.6;0;10.6;9.8;10.5;9.7;17.4;305.5555556;0;0;3.9
7847100;5;7;43;92;6.1;7.9;16.7;17.5;42.6;0;10.5;9.8;10.4;9.5;17.4;305.5555556;0;0;3.9
7848000;5;7;43;92;6.1;7.9;16.5;16.5;42.6;0;10.5;9.9;10.4;9.5;15.9;305.5555556;0;0;3.1
7848900;5;7;43;92;6.1;7.9;16.4;16.2;43.2;0;10.5;9.9;10.4;9.5;15.9;305.5555556;0;0;3.1
7849800;5;7;43;91;6.1;7.9;16.2;16.4;44.5;0;10.5;9.9;10.4;9.5;15.9;305.5555556;0;0;3.1
7850700;5;7;43;89;6.1;7.9;16.2;16.6;44.6;0;10.4;9.8;10.3;9.4;15.9;305.5555556;0;0;3.1
7851600;5;7;43;88;6.1;7.9;16;15.7;45.8;0;10.4;9.8;10.3;9.4;14.6;302.7777778;0;0;3.1
7852500;5;7;43;86;6.1;7.9;16;15.3;46.5;0;10.3;9.7;10.2;9.3;14.6;302.7777778;0;0;3.1
7853400;5;7;33;88;5.9;8.2;15.9;15.7;47.7;0;10.6;9.9;10.4;9.6;14.6;302.7777778;0;0;3.1
7854300;5;7;38;85.5;6.05;8.05;15.85;15.6;48.45;0;10.25;9.7;10.15;9.3;14.6;302.7777778;0;0;3.1
7855200;5;7;43;83;6.2;7.9;15.8;15.5;49.2;0;9.9;9.5;9.9;9;13.8;300;0;0;2.2
7856100;5;7;43;84;6.2;7.9;15.7;15.4;50.3;0;10;9.5;9.9;9.1;13.8;300;0;0;2.2
7857000;5;7;43;82;6.2;7.9;15.5;15.4;51.8;0;10;9.5;9.8;9;13.8;300;0;0;2.2
7857900;5;7;43;83;6.2;7.9;15.4;15.4;52.8;0;10;9.5;9.9;9.1;13.8;300;0;0;2.2
7858800;5;7;43;81;6.2;7.9;15.3;14.5;53.9;0;9.9;9.4;9.8;9.1;13.2;294.4444444;0;0;2.8
7859700;5;7;43;77;6.2;7.7;15;14.4;55.2;0;9.7;9.2;9.7;8.9;13.2;294.4444444;0;0;2.8
7860600;5;7;43;76;6.2;7.4;14.9;14.4;56.1;0;9.6;9.2;9.6;8.8;13.2;294.4444444;0;0;2.8
7861500;5;6;41;74;6.2;7.4;14.7;14.4;57;0;9.5;9.1;9.5;8.7;13.2;294.4444444;0;0;2.8
7862400;4;6;36;81;5.4;7.4;14.4;13.6;58.4;0;9.4;9;9.3;8.6;12.2;286.1111111;0;0;3
7863300;4;6;31;68;5.4;6.9;14.1;13.5;59.5;0;8.9;8.6;8.9;8.1;12.2;286.1111111;0;0;3
7864200;5;6;0;0;5.5;6.4;13.8;13.5;60.5;0;9;8.9;9.2;8;12.2;286.1111111;0;0;3
7865100;4;6;29;81;5.3;7;13.5;13.5;61.8;0;9.3;9.1;9.5;8.6;12.2;286.1111111;0;0;3
7866000;5;6;0;0;5.9;6.9;13.3;11.7;62.1;0;9.2;9;9.4;8.2;10.6;286.1111111;0;0;2.8
7866900;5;6;26;81;5.6;7.3;13.1;11.3;61.9;0;9.7;9.5;9.7;8.8;10.6;286.1111111;0;0;2.8
7867800;5;6;5;4;5.9;7;12.8;11.5;62.3;0;9;9;9.1;8.1;10.6;286.1111111;0;0;2.8
7868700;5;6;19;62;5.5;7.5;12.7;12;62.9;0;9.6;9.4;9.6;8.7;10.6;286.1111111;0;0;2.8
7869600;5;6;27;48;5.5;6.9;12.4;11;63.2;0;8.7;8.6;8.8;8;9.6;277.7777778;0;0;1.7
7870500;3;5;40;84;5;6.5;12.2;10.6;63.2;0;8.4;8.2;8.4;7.6;9.6;277.7777778;0;0;1.7
7871400;3;5;30;77;4.2;5.9;11.9;11;63.9;0;7.9;7.7;7.9;7.1;9.6;277.7777778;0;0;1.7
7872300;3;4;22;51;4.1;5.4;11.7;11.2;64.3;0;7.2;7;7.2;6.5;9.6;277.7777778;0;0;1.7
7873200;4;4;9;9;4.2;5;11.4;10.5;64.8;0;7.2;7.1;7.4;6.3;8.6;269.4444444;0;0;2.9
7874100;4;4;13;33;4.4;5.1;11.2;10;65.6;0;7.8;7.7;8;6.9;8.6;269.4444444;0;0;2.9
7875000;2;5;39;113;3.1;5.6;10.9;9.8;63.9;0;7.4;7.1;7.4;6.8;8.6;269.4444444;0;0;2.9
7875900;0;3;43;139;1;4;10.5;9.7;64.2;0;5.7;5.5;5.6;5.1;8.6;269.4444444;0;0;2.9
7876800;0;1;43;131;-0.3;2.5;10.2;8.7;62.7;0;4.4;4.1;4.2;3.6;6.2;261.1111111;8.333333333;8.333333333;2.8
7877700;1;0;40;66;0.5;1.5;9.8;8.7;61.5;0;3.4;3.2;3.4;2.5;6.2;261.1111111;8.333333333;8.333333333;2.8
7878600;1;1;13;4;2.5;1.5;9.4;8.8;60;0;4.6;4.6;4.9;3.2;6.2;261.1111111;8.333333333;8.333333333;2.8
7879500;0;2;43;127;0.1;2.5;9;8.9;59.7;0;4.4;4.1;4.4;3.7;6.2;261.1111111;8.333333333;8.333333333;2.8
7880400;-1;0;43;124;-1.6;1;8.7;8.1;59.7;0.5;2.8;2.5;2.8;2.2;6.5;266.6666667;58.33333333;94.44444444;2.6
7881300;0;0;6;15;-0.4;0.4;8.6;8;60.3;0.5;2.6;2.5;2.8;1.7;6.5;266.6666667;58.33333333;94.44444444;2.6
7882200;0;0;0;0;0.2;0.4;8.6;8;60.4;0.5;3.2;3.2;4;2.2;6.5;266.6666667;58.33333333;94.44444444;2.6
7883100;0;0;0;0;0.4;0.8;8.7;8;60.5;0.5;3.9;4.2;5.3;2.6;6.5;266.6666667;58.33333333;94.44444444;2.6
7884000;0;2;40;118;0.6;3.1;9.2;7.8;59.9;33.3;5.6;5;5.7;4.7;7.4;255.5555556;69.44444444;283.3333333;3.1
7884900;0;1;43;131;-0.4;2.3;9.3;7.8;59.8;38.4;4.3;3.8;4.2;3.4;7.4;255.5555556;69.44444444;283.3333333;3.1
7885800;0;1;43;128;-0.7;1.9;9.5;7.1;59.6;38.7;4.2;3.6;4.1;3.1;7.4;255.5555556;69.44444444;283.3333333;3.1
7886700;1;1;13;41;1.1;1.9;9.7;6.1;59.4;39.1;4.9;4.4;5.1;3.4;7.4;255.5555556;69.44444444;283.3333333;3.1
7887600;2;3;26;69;2.6;3.9;10;6.5;58.1;119.2;7.2;7;7.9;5.7;7.9;255.5555556;86.11111111;458.3333333;3.2
7888500;2;5;43;155;2.6;5.5;10.4;6.7;57.2;148.3;7.9;7.9;8.1;6.9;7.9;255.5555556;86.11111111;458.3333333;3.2
7889400;2;5;43;153;2.8;5.9;10.6;6.8;56.8;148.3;8.5;8.4;8.5;7.2;7.9;255.5555556;86.11111111;458.3333333;3.2
7890300;3;6;37;140;4.4;6.8;10.9;7;56.4;148.3;9.4;9.4;9.5;8.1;7.9;255.5555556;86.11111111;458.3333333;3.2
7891200;4;7;35;126;5;7.7;11.3;7.6;55.6;233.9;10.5;10.5;10.7;9.2;8.8;266.6666667;136.1111111;572.2222222;3.6
7892100;4;8;43;179;5.5;9;11.4;7.8;55.7;265;11.5;11.6;11.6;10.2;8.8;266.6666667;136.1111111;572.2222222;3.6
7893000;5;9;39;172;5.9;9.6;11.7;8;55;265;12.3;12.4;12.4;10.9;8.8;266.6666667;136.1111111;572.2222222;3.6
7893900;5;9;43;217;5.8;10.2;11.7;8.2;55.1;265;12.4;12.6;12.5;11.1;8.8;266.6666667;136.1111111;572.2222222;3.6
7894800;6;10;38;173;6.5;10.6;11.9;8.8;54.7;349;13.1;13.2;13.3;11.7;10;294.4444444;266.6666667;494.4444444;3.7
7895700;7;11;43;196;7.5;11.5;12.5;9;53.2;379.6;13.9;14.1;14.1;12.6;10;294.4444444;266.6666667;494.4444444;3.7
7896600;6;12;37;266;6.7;12.4;13.5;8.9;50.8;379.6;14.6;15;14.8;13.2;10;294.4444444;266.6666667;494.4444444;3.7
7897500;7;12;37;232;7.6;12.5;14.2;8.8;48.3;379.6;15.2;15.5;15.5;13.7;10;294.4444444;266.6666667;494.4444444;3.7
7898400;8;12;43;211;8.9;13;13.9;9.3;47.6;455.4;15;15.3;15.5;13.7;10.5;-2775;186.1111111;638.8888889;4
7899300;7;12;40;287;7.4;13.1;14.3;9.5;46.6;483;15.3;15.5;15.5;14;10.5;-2775;186.1111111;638.8888889;4
7900200;7;12;43;234;7.7;12.5;13.9;9.5;46.8;483;14.8;14.9;15;13.5;10.5;-2775;186.1111111;638.8888889;4
7901100;7;12;38;191;8.5;12.7;13.4;9.5;47.6;483;14.9;15.1;15.1;13.5;10.5;-2775;186.1111111;638.8888889;4
7902000;6;12;38;256;7.6;12.9;13.3;10;46.7;534;15.2;15.2;15.2;14.1;10.9;269.4444444;125;747.2222222;3.6
7902900;7;12;43;242;7.7;13;13.5;10.2;45.3;552.5;15.2;15.3;15.2;14.2;10.9;269.4444444;125;747.2222222;3.6
7903800;8;13;32;218;8.7;13.6;13.6;10.4;45.4;562.4;16;16.2;16.1;14.9;10.9;269.4444444;125;747.2222222;3.6
7904700;8;13;31;267;8.4;14.3;13.5;10.9;45.8;582.1;16.7;16.9;16.9;15.7;10.9;269.4444444;125;747.2222222;3.6
7905600;10;14;34;137;10.9;15;13.9;11.3;44.4;593.7;17.1;17.2;17.2;16.1;12;269.4444444;88.88888889;708.3333333;5.3
7906500;13;15;36;92;13.7;15.7;13.9;11.5;43.9;597.9;18.3;18.4;18.5;17.1;12;269.4444444;88.88888889;708.3333333;5.3
7907400;11;16;42;217;12.7;17.2;14.2;11.4;42.8;597.9;19.3;19.5;19.5;18.2;12;269.4444444;88.88888889;708.3333333;5.3
7908300;13;16;34;131;14;17;14.2;11.2;41.4;597.9;19.4;19.6;19.7;18.2;12;269.4444444;88.88888889;708.3333333;5.3
7909200;7;15;43;409;7.9;16.5;14.1;11.3;40.6;574.6;18.1;18.2;18.2;17.2;12.2;269.4444444;77.77777778;608.3333333;5.4
7910100;9;14;39;235;9.5;15;14.4;11.4;40.1;566.1;17.1;17.4;17.1;15.5;12.2;269.4444444;77.77777778;608.3333333;5.4
7911000;8;14;39;304;8.8;15.1;14.4;11.3;39.7;566.1;17.2;17.4;17.3;15.9;12.2;269.4444444;77.77777778;608.3333333;5.4
7911900;8;13;43;253;8.7;14.1;14.4;11.2;39.7;566.1;16;16.2;16.1;14.6;12.2;269.4444444;77.77777778;608.3333333;5.4
7912800;8;13;40;224;9.1;14;14.8;11.3;39.4;509.6;16.1;16.2;16.1;14.5;12.8;269.4444444;75;466.6666667;3.8
7913700;8;13;37;233;9;14.1;14.9;11.3;37.9;500.9;16.3;16.5;16.3;14.8;12.8;269.4444444;75;466.6666667;3.8
7914600;7;12;38;224;8.2;13.4;14.9;11.7;38.6;500.9;15.2;15.4;15.3;14;12.8;269.4444444;75;466.6666667;3.8
7915500;7;12;42;243;8;13.3;15;12.1;39.5;500.9;15.4;15.5;15.5;14.1;12.8;269.4444444;75;466.6666667;3.8
7916400;7;11;43;206;8.3;12.5;14.9;12.1;40.2;415.8;14.5;14.6;14.6;13.2;12.8;-2775;75;280.5555556;3.1
7917300;7;11;43;194;8.3;12.2;15.3;12.1;40.4;402.7;14.1;14.2;14.2;12.9;12.8;-2775;75;280.5555556;3.1
7918200;7;11;38;183;8;11.9;16.2;12.1;38.2;402.7;13.9;14;14;12.7;12.8;-2775;75;280.5555556;3.1
7919100;6;10;42;180;7.5;11.4;15.5;12.2;39.5;402.7;13.2;13.3;13.4;12.2;12.8;-2775;75;280.5555556;3.1
7920000;7;10;39;116;8.3;11;14.9;12;40.6;274.6;13.2;13.3;13.4;12;11.9;269.4444444;44.44444444;119.4444444;3.2
7920900;8;10;38;145;8.1;11.1;15;12;41.4;254.9;13.4;13.5;13.7;12.4;11.9;269.4444444;44.44444444;119.4444444;3.2
7921800;5;9;38;180;6.4;10.4;14.5;12.3;43.3;254.9;12.1;12.2;12.2;11.3;11.9;269.4444444;44.44444444;119.4444444;3.2
7922700;5;8;41;148;6;9.1;14.1;12.7;45.1;254.9;10.9;10.9;11;10.1;11.9;269.4444444;44.44444444;119.4444444;3.2
7923600;5;7;43;93;6.3;8.4;13.5;11.9;46.8;126.5;10.2;10;10.4;9.3;10.4;261.1111111;8.333333333;11.11111111;5.6
7924500;4;7;39;122;5.8;7.8;12.9;11.8;48.2;106.7;9.7;9.4;9.8;9;10.4;261.1111111;8.333333333;11.11111111;5.6
7925400;3;5;41;117;4;6.3;12.4;11.9;48.5;106.7;8.3;8;8.3;7.6;10.4;261.1111111;8.333333333;11.11111111;5.6
7926300;4;5;9;12;4.9;6;11.9;12.1;48.4;106.7;8.3;8.2;8.5;7.2;10.4;261.1111111;8.333333333;11.11111111;5.6
7927200;4;5;14;43;4.7;6.2;11.5;11.2;46.3;31.3;9;8.9;9.4;7.9;8.5;252.7777778;0;0;4.8
7928100;5;6;12;30;5.3;6.6;11;11;44.4;12.4;8.4;8.2;8.6;7.7;8.5;252.7777778;0;0;4.8
7929000;5;7;7;21;5.3;7.2;10.6;11;45.2;12.6;8.7;8.5;8.9;8;8.5;252.7777778;0;0;4.8
7929900;2;5;43;149;2.8;5.9;10.3;11;46.3;13;7.5;7.2;7.5;7;8.5;252.7777778;0;0;4.8
7930800;0;2;43;133;0.6;3.5;9.8;10.3;47.8;3.5;5.1;4.8;5.1;4.6;7.6;258.3333333;0;0;3.9
7931700;0;1;39;84;-0.2;2.1;9.4;10.1;48.6;0;4;3.6;3.9;3.2;7.6;258.3333333;0;0;3.9
7932600;0;0;39;70;-0.1;1.4;9.1;10;50;0;3.4;3;3.4;2.6;7.6;258.3333333;0;0;3.9
7933500;-1;0;43;92;-1;1;8.8;9.6;52.5;0;3.1;2.7;3.1;2.4;7.6;258.3333333;0;0;3.9
7934400;-3;0;43;116;-2.4;0;8.6;9.1;53.2;0;1.8;1.4;1.7;1.3;7;266.6666667;0;0;3.7
7935300;-3;0;42;101;-3.2;-1.1;8.3;8.9;55.4;0;0.9;0.5;0.8;0.3;7;266.6666667;0;0;3.7
7936200;0;0;22;0;2;-0.7;8.2;8.6;56.6;0;2.3;2.1;2.6;1;7;266.6666667;0;0;3.7
7937100;0;1;12;25;1;1.2;8.4;7.8;58.1;0;4.2;3.8;4.4;2.6;7;266.6666667;0;0;3.7
7938000;0;1;43;131;-0.6;2.1;8.6;7.4;59.7;0;4.1;3.6;3.9;3.3;6.2;291.6666667;0;0;2.5
7938900;-1;0;43;122;-1.4;1.2;8.4;7.2;60.8;0;3.2;2.7;3.1;2.4;6.2;291.6666667;0;0;2.5
7939800;-1;0;20;54;-0.6;0.6;8.2;7.1;61.8;0;2.9;2.6;2.9;1.8;6.2;291.6666667;0;0;2.5
7940700;-0.5;0;10;27;-0.05;0.8;8.2;6.75;61.8;0;3.45;3.4;3.75;2.2;6.2;291.6666667;0;0;2.5
7941600;0;0;0;0;0.5;1;8.2;6.4;61.8;0;4;4.2;4.6;2.6;6;-2775;0;0;2.3
7942500;2;2;31;22;2.5;3;8.6;6.4;60.3;0;5.9;5.6;6;4.4;6;-2775;0;0;2.3
7943400;2;2;0;0;2.9;3.5;8.7;6.4;58.7;0;5.9;5.8;6.2;4.5;6;-2775;0;0;2.3
7944300;2;4;23;36;3.1;4.2;8.4;6.4;58.2;0;6.5;6.3;6.7;5.5;6;-2775;0;0;2.3
7945200;1;4;37;108;1.9;4.4;8.2;5.9;58.5;0;6.1;5.9;6.1;5.3;5.1;316.6666667;0;0;2.2
7946100;0;2;43;130;-0.1;2.6;7.9;5.9;59.3;0;4.4;4.2;4.3;3.7;5.1;316.6666667;0;0;2.2
7947000;0;0;43;121;-1;1.5;7.8;5.9;59.1;0;3.5;3.2;3.3;2.6;5.1;316.6666667;0;0;2.2
7947900;0;0;3;9;0.7;1;7.7;5.9;58.8;0;3.6;3.4;3.6;2.4;5.1;316.6666667;0;0;2.2
7948800;0;0;6;9;0.9;1.2;7.5;5.3;58.5;0;4.3;4.4;4.7;3.1;4.8;316.6666667;0;0;2.7
7949700;0;2;43;132;-0.2;2.5;7.4;5.2;58.6;0;4.3;4.2;4.3;3.5;4.8;316.6666667;0;0;2.7
7950600;-1;0;43;121;-1.5;1;7.6;5.2;57.7;0;2.9;2.7;2.8;2.1;4.8;316.6666667;0;0;2.7
7951500;-2;0;43;114;-2.2;0.2;7.6;5.2;56.4;0;2.2;2;2;1.3;4.8;316.6666667;0;0;2.7
7952400;0;0;3;7;-0.6;0;7.4;4.9;55.9;0;2.3;2.4;2.4;1.1;4.4;286.1111111;0;0;2.9
7953300;0;1;13;29;-0.4;0.9;7.3;4.8;55.8;0;3.2;3.4;3.5;2.1;4.4;286.1111111;0;0;2.9
7954200;-1;0;43;123;-1.5;1.1;7.3;4.7;55.8;0;2.8;2.8;2.9;2.1;4.4;286.1111111;0;0;2.9
7955100;-3;0;43;114;-2.6;-0.2;7;4.5;56.5;0;1.7;1.5;1.6;1;4.4;286.1111111;0;0;2.9
7956000;-4;0;43;108;-3.4;-1.1;6.8;4.3;57.5;0;0.8;0.6;0.7;0;4.1;269.4444444;0;0;3
7956900;-3;-2;31;72;-3.4;-1.8;7;4.2;58.8;0;0.2;0;0.1;-0.6;4.1;269.4444444;0;0;3
7957800;-2;-2;0;0;-2.3;-2;7.2;4.3;57.5;0;0.7;0.6;0.8;-0.3;4.1;269.4444444;0;0;3
7958700;-2;-2;0;0;-2;-1.6;7.1;4.5;57.1;0;1.3;1.3;1.6;0.2;4.1;269.4444444;0;0;3
7959600;-2;-2;0;0;-1.6;-1.3;6.7;4.2;57.6;0;1.8;1.9;2.2;0.6;3.4;277.7777778;0;0;3.8
7960500;-2;-1;22;56;-1.3;-0.1;6.5;4;58.8;0;2.6;2.7;3;1.8;3.4;277.7777778;0;0;3.8
7961400;-3;0;43;113;-2.7;-0.3;6.2;4;60.1;0;1.4;1.2;1.4;0.8;3.4;277.7777778;0;0;3.8
7962300;-4;-1;43;105;-3.9;-1.7;6;4;60.5;0;0.1;-0.1;0.1;-0.5;3.4;277.7777778;0;0;3.8
7963200;-5;-3;43;100;-4.8;-2.7;5.7;3.7;60.9;0;-0.8;-1.1;-0.8;-1.6;3.6;305.5555556;5.555555556;5.555555556;3.9
7964100;-6;-3;43;96;-5.3;-3.4;6;3.6;60.8;0;-1.4;-1.6;-1.5;-2.2;3.6;305.5555556;5.555555556;5.555555556;3.9
7965000;-5;-4;24;51;-4.9;-3.5;6.3;3.6;60.3;0;-1.4;-1.5;-1.4;-2.3;3.6;305.5555556;5.555555556;5.555555556;3.9
7965900;-4;-3;0;0;-3.9;-3.5;6.5;3.7;59.9;0;-0.5;-0.5;-0.3;-1.9;3.6;305.5555556;5.555555556;5.555555556;3.9
7966800;-4;-2;34;83;-3.6;-2;6.5;3.6;59.9;0.6;0.6;0.5;0.7;-0.3;4.1;272.2222222;58.33333333;116.6666667;2.9
7967700;-4;-2;43;107;-4.2;-1.9;6.7;3.5;59.8;0.9;0;-0.2;0;-0.8;4.1;272.2222222;58.33333333;116.6666667;2.9
7968600;-5;-2;43;105;-4.5;-2.3;6.8;3.4;58.9;0.9;-0.2;-0.4;-0.2;-1;4.1;272.2222222;58.33333333;116.6666667;2.9
7969500;-4;-2;43;106;-4.5;-2.5;7;3.1;58.1;0.9;0.1;-0.3;0;-0.8;4.1;272.2222222;58.33333333;116.6666667;2.9
7970400;-4;-2;43;107;-4;-1.8;7.2;3.4;58.1;45.3;0.8;0.3;0.8;-0.2;4.9;250;91.66666667;302.7777778;2.8
7971300;-2;-1;0;0;-1.7;-1.2;7.1;3.4;58.1;45.3;1.7;1.3;2.2;0.2;4.9;250;91.66666667;302.7777778;2.8
7972200;-2;0;0;0;-1.5;0.2;7;3.6;58.6;44.8;2.7;2.5;4.3;0.7;4.9;250;91.66666667;302.7777778;2.8
7973100;-1;1;17;52;-0.7;1.8;7.4;3.8;57.7;44.3;5.1;4.4;6.4;3.1;4.9;250;91.66666667;302.7777778;2.8
7974000;0;3;43;140;0.7;3.6;7.7;4.4;57;140.2;5.7;5.5;5.9;4.5;5.1;280.5555556;202.7777778;397.2222222;3.1
7974900;0;3;43;139;0.6;3.4;8.1;4.4;54.8;147.1;5.8;5.8;6;4.7;5.1;280.5555556;202.7777778;397.2222222;3.1
7975800;1;3;39;114;1.9;3.7;7.9;4.5;55.6;147.1;5.9;5.8;6;4.7;5.1;280.5555556;202.7777778;397.2222222;3.1
7976700;2;4;43;70;2.8;4.2;8.2;4.7;54.6;147.1;6.6;6.7;7;5.5;5.1;280.5555556;202.7777778;397.2222222;3.1
7977600;1;4;39;111;2.6;5;7.8;5.2;55.3;239.1;7.2;7.2;7.5;6.2;5.9;269.4444444;219.4444444;591.6666667;2.8
7978500;1;5;43;151;2.4;5.4;8.2;5.3;54.2;253.3;7.8;7.9;8.1;6.8;5.9;269.4444444;219.4444444;591.6666667;2.8
7979400;3;6;39;144;3.6;6.5;8.7;5.4;52.3;253.3;9.2;9.3;9.3;7.9;5.9;269.4444444;219.4444444;591.6666667;2.8
7980300;3;6;43;162;3.8;7.4;8.7;5.5;51.3;253.3;9.5;9.7;9.7;8.2;5.9;269.4444444;219.4444444;591.6666667;2.8
7981200;3;7;37;144;4.3;7.7;8.9;6;50.4;355.5;9.9;10.2;10;8.8;6.1;269.4444444;205.5555556;625;2.9
7982100;3;7;43;167;4.1;7.7;9;6.1;50;381;10.1;10.1;10;9.1;6.1;269.4444444;205.5555556;625;2.9
7983000;4;9;37;208;5.2;9.4;9.9;6;47.2;381;12.3;12.4;12.1;10.8;6.1;269.4444444;205.5555556;625;2.9
7983900;5;9;43;218;5.7;10.3;9.6;5.8;47.2;381;12.5;12.7;12.3;11.1;6.1;269.4444444;205.5555556;625;2.9
7984800;5;10;39;197;6.5;10.5;9.6;6.3;46.5;438.1;12.9;13.2;13;11.6;7.6;272.2222222;213.8888889;666.6666667;2.3
7985700;5;9;43;176;6;9.8;10.2;6.5;45.8;458.9;11.6;11.8;11.8;10.6;7.6;272.2222222;213.8888889;666.6666667;2.3
7986600;5;9;39;228;5.1;10.1;11;6.5;44;458.9;12.6;12.7;12.5;11.5;7.6;272.2222222;213.8888889;666.6666667;2.3
7987500;5;11;40;230;6.3;11.2;11.6;6.5;42.3;458.9;13.9;14.1;13.9;12.7;7.6;272.2222222;213.8888889;666.6666667;2.3
7988400;6;10;41;191;7;11.3;11.3;7;41.7;459.4;13;13.3;13.4;11.8;8;302.7777778;269.4444444;516.6666667;1.7
7989300;4;8;39;181;5.3;9.4;10.4;7.2;43.9;459.7;11.1;11.3;11.3;10;8;302.7777778;269.4444444;516.6666667;1.7
7990200;4;8;43;178;5.4;9;11.4;7.2;41.7;459.7;11.6;11.7;11.6;10.6;8;302.7777778;269.4444444;516.6666667;1.7
7991100;5;10;38;195;6.3;10.4;12.2;7.2;38.8;459.7;12.6;12.6;12.5;11.6;8;302.7777778;269.4444444;516.6666667;1.7
7992000;5;8;38;151;6.1;9.4;11.3;7.7;39.9;467.8;11.4;11.6;11.7;10.4;9;305.5555556;233.3333333;333.3333333;1.5
7992900;5;10;43;263;5.3;10.8;12;7.7;38.8;467.8;12.9;13.2;13.1;11.7;9;305.5555556;233.3333333;333.3333333;1.5
7993800;5;8;39;150;6;9.3;11.6;7.9;38.8;468.1;11.1;11.2;11.3;9.9;9;305.5555556;233.3333333;333.3333333;1.5
7994700;5;8;43;181;5.5;9.2;12;8.1;37.1;468.3;11.7;11.7;11.8;10.8;9;305.5555556;233.3333333;333.3333333;1.5
7995600;5;10;38;233;6.2;11;12.7;8.6;33.1;445;13;13.1;12.9;11.8;9.1;313.8888889;263.8888889;350;1.3
7996500;5;8;43;143;6;9;12.2;8.6;34.9;445;10.8;11;11;9.7;9.1;313.8888889;263.8888889;350;1.3
7997400;4;7;38;142;5.1;8.3;12.2;8.5;35.7;445;10.3;10.4;10.5;9.4;9.1;313.8888889;263.8888889;350;1.3
7998300;4;8;39;161;5.1;8.5;12.7;8.5;32.8;445;10.6;10.6;10.7;9.5;9.1;313.8888889;263.8888889;350;1.3
7999200;4;7;43;147;4.7;7.9;12.5;8.9;33.3;369.8;9.7;9.7;9.8;8.6;9;305.5555556;175;233.3333333;1.2
8000100;4;7;37;112;5.1;7.7;12.5;8.9;33.7;364.4;9.9;9.9;10.1;8.9;9;305.5555556;175;233.3333333;1.2
8001000;3;7;43;165;4.2;7.5;12.2;9.1;35;364.4;9.4;9.4;9.5;8.4;9;305.5555556;175;233.3333333;1.2
8001900;3;6;37;120;3.9;6.7;12.1;9.4;35.6;364.4;8.6;8.6;8.7;7.6;9;305.5555556;175;233.3333333;1.2
8002800;4;6;43;102;4.6;6.5;12.1;9.4;35;289.8;9.1;9.1;9.3;8.1;9.6;305.5555556;144.4444444;205.5555556;1.6
8003700;4;7;38;151;4.7;8.3;12.8;9.4;33.5;278.3;10.4;10.4;10.5;9.2;9.6;305.5555556;144.4444444;205.5555556;1.6
8004600;3;6;40;142;4;7.2;12.6;9.3;33.6;278.3;9.2;9.1;9.2;8;9.6;305.5555556;144.4444444;205.5555556;1.6
8005500;4;5;43;99;4.4;6.4;12.8;9.2;33.2;278.3;8.6;8.6;8.7;7.5;9.6;305.5555556;144.4444444;205.5555556;1.6
8006400;4;6;38;109;4.1;6.7;12.5;9.2;32.7;223.4;8.9;8.8;9;7.9;9.2;308.3333333;38.88888889;41.66666667;2.2
8007300;2;5;43;151;2.9;6.1;11.9;9.2;33.7;209.7;7.9;7.8;8;7;9.2;308.3333333;38.88888889;41.66666667;2.2
8008200;3;5;43;90;4.2;5.7;12;9.1;35.1;209.7;7.7;7.6;7.9;6.7;9.2;308.3333333;38.88888889;41.66666667;2.2
8009100;3;5;43;71;4.2;5.7;11.8;9;35.4;209.7;7.7;7.6;7.9;6.7;9.2;308.3333333;38.88888889;41.66666667;2.2
8010000;3;5;43;67;4.2;5.7;11.4;8.8;36;130.2;7.6;7.4;7.8;6.7;8.7;316.6666667;2.777777778;2.777777778;2.3
8010900;1;4;39;116;3;5.3;11.2;8.7;37.2;90.4;7;6.9;7.2;6.3;8.7;316.6666667;2.777777778;2.777777778;2.3
8011800;0;3;43;138;0.8;3.7;11.2;8.9;37.6;90.4;5.4;5.3;5.6;4.7;8.7;316.6666667;2.777777778;2.777777778;2.3
8012700;1;2;33;45;1.8;2.7;11.1;9.3;38.7;90.4;4.6;4.6;4.8;3.6;8.7;316.6666667;2.777777778;2.777777778;2.3
8013600;2;2;0;0;2.7;2.7;11;8.9;39.8;37.5;5.3;5.4;5.7;3.9;8.3;297.2222222;0;0;1.4
8014500;0;3;40;118;1.3;3.7;10.9;8.7;41;11;5.7;5.6;6;4.9;8.3;297.2222222;0;0;1.4
8015400;0;1;43;129;-0.4;2.3;10.7;8.7;40.9;10.9;4.1;3.8;4.2;3.3;8.3;297.2222222;0;0;1.4
8016300;0;0;9;33;0.7;1.3;10.6;8.8;40.5;10.8;3.6;3.5;3.9;2.6;8.3;297.2222222;0;0;1.4
8017200;0;1;10;17;1.1;1.7;10.4;8.4;41.2;3.6;4.6;4.4;5.1;3.3;7.9;277.7777778;0;0;0.5
8018100;0;2;43;133;-0.2;2.5;10.2;8.2;43.6;0;4.3;4;4.5;3.4;7.9;277.7777778;0;0;0.5
8019000;-1;0;43;122;-1.4;1.1;10.1;8.1;44.2;0;3;2.6;3;2.2;7.9;277.7777778;0;0;0.5
8019900;-1;0;12;31;-0.5;0.3;9.8;8;45.7;0;2.6;2.3;2.7;1.5;7.9;277.7777778;0;0;0.5
8020800;0;0;3;1;0.2;0.3;9.4;7.5;47.1;0;3.2;3.1;3.5;2;7.1;252.7777778;0;0;1.5
8021700;-1;0;43;125;-1.2;1.3;8.9;7.3;49.5;0;3.3;2.9;3.4;2.5;7.1;252.7777778;0;0;1.5
8022600;-3;0;43;115;-2.5;0;8.6;7.4;49.5;0;1.9;1.4;1.7;1.1;7.1;252.7777778;0;0;1.5
8023500;-3;0;29;78;-2.8;-1.1;8.1;7.7;50;0;1;0.4;0.9;0.1;7.1;252.7777778;0;0;1.5
8024400;-2;0;0;0;-1.7;-1.3;7.8;7.3;50.8;0;1.4;0.8;1.6;0.3;5.5;250;0;0;1.1
8025300;-2;0;32;84;-2.1;-0.2;7.6;7.2;51.2;0;2.1;1.4;2.2;1;5.5;250;0;0;1.1
8026200;-4;-1;43;110;-3.6;-1.2;7.1;7.3;52.4;0;0.7;0.1;0.7;-0.1;5.5;250;0;0;1.1
8027100;-3.5;-2;23;58.5;-3.6;-2;6.7;7.05;53.95;0;-0.05;-0.45;0;-0.85;5.5;250;0;0;1.1
8028000;-3;-3;3;7;-3.6;-2.8;6.3;6.8;55.5;0;-0.8;-1;-0.7;-1.6;4.9;247.2222222;0;0;1.1
8028900;-3;-3;0;0;-3;-2.8;6;6.4;57.1;0;-0.2;-0.6;-0.3;-1.1;4.9;247.2222222;0;0;1.1
8029800;-3;-2;0;0;-2.7;-2.3;5.7;6.4;58.4;0;0.4;-0.2;0.1;-0.6;4.9;247.2222222;0;0;1.1
8030700;-3;-1;15;30;-2.5;-1.7;5.7;6.4;58.5;0;1.2;0.6;1.1;0.1;4.9;247.2222222;0;0;1.1
8031600;-4;-1;43;109;-3.8;-1.5;5.5;5.9;59.8;0;0.3;-0.1;0.2;-0.3;4.3;247.2222222;0;0;1.3
8032500;-5;-3;43;100;-5.2;-3.1;5.3;5.9;60.5;0;-1.3;-1.6;-1.3;-1.9;4.3;247.2222222;0;0;1.3
8033400;-6;-4;43;93;-6.2;-4.2;5;5.9;60.8;0;-2.4;-2.6;-2.4;-3.1;4.3;247.2222222;0;0;1.3
8034300;-7;-5;43;90;-6.9;-5.1;4.9;5.9;60.9;0;-3.2;-3.4;-3.2;-3.9;4.3;247.2222222;0;0;1.3
8035200;-8;-6;44;85;-7.6;-5.7;4.7;5.2;61.6;0;-3.9;-4;-3.8;-4.6;3.4;244.4444444;0;0;1.1
8036100;-8;-6;44;89;-8.1;-6.3;4.6;5.2;62.6;0;-4.3;-4.6;-4.3;-5.1;3.4;244.4444444;0;0;1.1
8037000;-8;-7;44;80;-8.4;-6.7;4.5;5.2;63.9;0;-4.6;-4.9;-4.7;-5.4;3.4;244.4444444;0;0;1.1
8037900;-6;-7;24;44;-6.1;-6.8;4.2;5.2;64.9;0;-4.7;-5;-4.8;-5.5;3.4;244.4444444;0;0;1.1
8038800;-3;-2;0;0;-3.2;-2;4.1;4;65.9;0;-4.1;-4.4;-4.1;-5;2.5;241.6666667;0;0;0.5
8039700;-4;-2;19;36;-3.7;-2.3;3.9;3.8;66.5;0;-3.1;-3.5;-3.1;-4;2.5;241.6666667;0;0;0.5
8040600;-7;-5;43;85;-7.1;-5.2;3.8;3.8;66.7;0;-3.4;-3.6;-3.4;-4;2.5;241.6666667;0;0;0.5
8041500;-8;-6;40;77;-7.7;-6;3.7;3.7;67.3;0;-4.1;-4.4;-4.1;-4.8;2.5;241.6666667;0;0;0.5
8042400;-6;-6;0;0;-6.6;-6.1;3.6;3.4;68;0;-3.9;-4.1;-3.9;-4.7;2.6;241.6666667;0;0;0.8
8043300;-6;-6;0;0;-6.2;-5.9;3.3;3.3;68.7;0;-3.2;-4;-3.5;-4.1;2.6;241.6666667;0;0;0.8
8044200;-6;-5;3;2;-5.8;-5.5;3.3;3.2;69.9;0;-2.7;-3.5;-3.1;-3.5;2.6;241.6666667;0;0;0.8
8045100;-7;-5;43;93;-6.5;-4.6;3.2;3;70;0;-2.6;-2.9;-2.7;-3.3;2.6;241.6666667;0;0;0.8
8046000;-8;-6;43;87;-7.6;-5.8;3.1;2.7;70.7;0;-4;-4.2;-3.9;-4.7;1.6;241.6666667;0;0;0.7
8046900;-8;-7;39;68;-7.8;-6.7;3.1;2.6;70.2;0;-4.7;-4.9;-4.7;-5.5;1.6;241.6666667;0;0;0.7
8047800;-4;-2;0;0;-4.1;-3.5;3;2.2;70.9;0;-4.5;-4.7;-4.5;-5.4;1.6;241.6666667;0;0;0.7
8048700;-4;1;0;0;-4.1;1.9;2.8;2;71.8;0;-4;-4.2;-3.9;-4.9;1.6;241.6666667;0;0;0.7
8049600;-6;-4;35;69;-6.3;-3.8;2.7;1.9;72.8;0;-3.3;-3.5;-3.2;-4.2;0.8;238.8888889;8.333333333;11.11111111;1.1
8050500;-8;-6;45;85;-8;-6.2;2.6;1.9;73.4;0;-4.3;-4.5;-4.3;-5;0.8;238.8888889;8.333333333;11.11111111;1.1
8051400;-6;-5;14;24;-5.8;-6.2;2.5;2.1;74;0;-4.8;-4.9;-4.7;-5.5;0.8;238.8888889;8.333333333;11.11111111;1.1
8052300;-5;-2;0;0;-4.4;-1.7;2.4;2.3;74.6;0;-4.1;-4.3;-4.1;-5;0.8;238.8888889;8.333333333;11.11111111;1.1
8053200;-6;-4;25;56;-5.9;-3.8;2.5;2.2;75;2.1;-3.2;-3.5;-3.1;-4.1;0.7;238.8888889;44.44444444;108.3333333;1.7
8054100;-8;-6;44;89;-7.5;-5.6;2.6;2.2;75.2;2.1;-3.8;-4.1;-3.7;-4.4;0.7;238.8888889;44.44444444;108.3333333;1.7
8055000;-8;-6;44;82;-8;-6.2;3.1;1.8;74.8;2.1;-4;-4.5;-4;-4.8;0.7;238.8888889;44.44444444;108.3333333;1.7
8055900;-8;-6;44;85;-8.2;-6.2;4.4;1.4;69.2;2.1;-3.9;-4.4;-3.7;-4.8;0.7;238.8888889;44.44444444;108.3333333;1.7
8056800;-7;-6;45;89;-7.7;-6;4.9;2;65.9;59.6;-3.4;-4;-3.3;-4.4;3.5;244.4444444;66.66666667;288.8888889;1.9
8057700;-7;-5;44;93;-7.3;-5.5;5.3;2.1;64.1;68.4;-2.8;-3.5;-2.7;-3.9;3.5;244.4444444;66.66666667;288.8888889;1.9
8058600;-7;-4;43;94;-6.7;-4.9;6;1.8;62.1;70.9;-2.1;-2.7;-2;-3.2;3.5;244.4444444;66.66666667;288.8888889;1.9
8059500;-6;-4;42;100;-5.9;-3.9;6.3;1.4;60.5;73.7;-1.1;-1.7;-1.1;-2.4;3.5;244.4444444;66.66666667;288.8888889;1.9
8060400;-5;-3;42;107;-5;-2.8;6.6;2.6;59.4;213.7;-0.1;-0.4;0;-1.4;5.9;250;77.77777778;458.3333333;2.1
8061300;-4;-2;43;112;-3.9;-1.6;7;2.8;58.4;235.2;1.1;0.9;1.3;-0.2;5.9;250;77.77777778;458.3333333;2.1
8062200;-3;0;43;119;-2.7;-0.3;7.5;2.5;56.5;235.2;2.4;2.3;2.5;1;5.9;250;77.77777778;458.3333333;2.1
8063100;-2;0;43;127;-1.5;1.1;8.2;2;54.5;235.2;3.9;3.7;3.9;2.4;5.9;250;77.77777778;458.3333333;2.1
8064000;0;2;43;134;-0.1;2.6;8.8;3.2;52.6;345.2;5.4;5.3;5.4;4;8.6;255.5555556;86.11111111;605.5555556;2.1
8064900;1;4;37;146;1.6;4.4;9.4;3.5;50.5;372.7;7.3;7.2;7.3;5.8;8.6;255.5555556;86.11111111;605.5555556;2.1
8065800;2;5;36;113;3.3;6.1;9.9;4;49;372.7;9;9;9;7.4;8.6;255.5555556;86.11111111;605.5555556;2.1
8066700;3;7;43;173;4.3;7.9;10.4;4.8;47.7;372.7;10.6;10.6;10.6;9;8.6;255.5555556;86.11111111;605.5555556;2.1
8067600;5;8;41;160;5.7;8.9;10.6;6;47;481;11.7;11.8;11.8;10.1;9;263.8888889;108.3333333;727.7777778;2.3
8068500;8;10;33;63;9.8;11.2;11;6.3;45.3;508.1;14.1;14.3;14.4;12.4;9;263.8888889;108.3333333;727.7777778;2.3
8069400;10;13;33;88;11.3;13.6;11.5;6.7;42.8;508.1;16.4;16.6;16.6;14.8;9;263.8888889;108.3333333;727.7777778;2.3
8070300;12;15;33;94;13.1;15.5;12;7.3;39.9;508.1;18.2;18.4;18.4;16.7;9;263.8888889;108.3333333;727.7777778;2.3
8071200;14;16;33;98;14.5;17;12.2;8.3;39.1;557;19.8;19.9;19.9;18.3;9.9;263.8888889;127.7777778;772.2222222;1.9
8072100;15;18;33;101;15.7;18.2;12.5;8.6;35.2;569.2;20.8;21;20.9;19.6;9.9;263.8888889;127.7777778;772.2222222;1.9
8073000;15;18;33;103;16.4;19;12.6;8.6;34.3;569.2;21.5;21.9;21.7;20.6;9.9;263.8888889;127.7777778;772.2222222;1.9
8073900;16;19;33;104;17.2;19.9;12.7;8.6;33.3;569.2;22.3;22.5;22.5;21.4;9.9;263.8888889;127.7777778;772.2222222;1.9
8074800;17;20;33;105;17.7;20.3;12.7;9.6;33.9;591.9;22.7;22.8;22.8;22;10.7;263.8888889;97.22222222;772.2222222;2.7
8075700;17;20;33;104;18.1;20.7;12.7;9.8;34.5;597.6;23;23.2;23;22.1;10.7;263.8888889;97.22222222;772.2222222;2.7
8076600;17;20;33;106;18.2;21;13;9.8;34.5;597.6;23.2;23.6;23.4;22.4;10.7;263.8888889;97.22222222;772.2222222;2.7
8077500;17;20;33;103;18.2;21.3;12.8;9.8;34.4;597.6;23.1;23.6;23.3;22.5;10.7;263.8888889;97.22222222;772.2222222;2.7
8078400;18;20;33;102;18.5;21.3;12.9;10.4;32.8;604;23.3;23.7;23.6;22.6;11.4;266.6666667;100;708.3333333;3.1
8079300;18;21;33;88;19;21.3;13;10.5;32.9;605.6;23.5;24;23.8;22.8;11.4;266.6666667;100;708.3333333;3.1
8080200;19;21;33;77;19.6;21.4;13;10.6;32.7;622.2;23.7;24.2;24;22.9;11.4;266.6666667;100;708.3333333;3.1
8081100;19;21;33;73;20.3;22.1;13.4;10.7;32.4;647;24.4;24.6;24.6;23.5;11.4;266.6666667;100;708.3333333;3.1
8082000;20;22;26;61;21.2;22.4;13.7;11;31.9;611.3;24.7;25.2;25.2;23.9;11.8;266.6666667;97.22222222;605.5555556;2.8
8082900;20;22;20;86;20.6;23.3;14.2;11.1;32;602.4;25.1;25.6;25.7;24;11.8;266.6666667;97.22222222;605.5555556;2.8
8083800;14;21;39;371;14.8;22.3;14.3;11.1;32.3;602.4;23.9;24.3;24;22.9;11.8;266.6666667;97.22222222;605.5555556;2.8
8084700;6;17;43;483;7.7;17.9;14.6;11.1;31.7;602.4;19.1;19.2;18.5;17.7;11.8;266.6666667;97.22222222;605.5555556;2.8
8085600;6;13;43;315;7.4;14.1;14.3;11.5;31;555.1;15.8;15.9;15.7;14.3;12.2;266.6666667;94.44444444;461.1111111;2.6
8086500;6;12;43;280;6.9;12.7;14.3;11.6;30.8;537.9;14.6;14.7;14.5;13.2;12.2;266.6666667;94.44444444;461.1111111;2.6
8087400;5;11;43;259;6.5;12;14.4;11.7;30.2;537.9;14;14;13.9;12.6;12.2;266.6666667;94.44444444;461.1111111;2.6
8088300;5;10;43;239;6.5;11.4;14.3;11.9;31.1;537.9;13.4;13.5;13.4;12.1;12.2;266.6666667;94.44444444;461.1111111;2.6
8089200;6;10;37;172;7.1;11.3;14.6;11.9;31.6;447.2;13.4;13.5;13.4;12;11.9;269.4444444;75;300;2
8090100;6;10;42;181;7.4;11.3;14.5;11.9;31.4;414.2;13.3;13.4;13.4;12.1;11.9;269.4444444;75;300;2
8091000;8;10;39;119;8.5;11.3;14.7;11.9;30.7;414.2;13.6;13.7;13.8;12.4;11.9;269.4444444;75;300;2
8091900;8;11;39;110;9.2;11.7;15.1;11.8;31.2;414.2;14;14.1;14.1;12.8;11.9;269.4444444;75;300;2
8092800;8;11;26;136;8.6;12;14.9;11.7;32.3;321.1;14.1;14.2;14.3;13.1;11.7;266.6666667;47.22222222;119.4444444;1.8
8093700;5;10;43;239;6;11;14.4;11.6;34.1;287.2;12.6;12.6;12.5;11.8;11.7;266.6666667;47.22222222;119.4444444;1.8
8094600;4;8;43;151;5.7;8.8;14.1;11.7;34.3;287.2;10.6;10.6;10.6;9.4;11.7;266.6666667;47.22222222;119.4444444;1.8
8095500;4;7;36;129;4.7;8.1;13.8;12;35.2;287.2;9.9;9.8;9.9;8.9;11.7;266.6666667;47.22222222;119.4444444;1.8
8096400;3;6;41;129;4;6.9;13.3;11.7;36.3;183.5;8.9;8.6;8.9;7.9;10.3;263.8888889;8.333333333;11.11111111;1.7
8097300;3;5;43;89;4.2;6.1;12.7;11.6;37.6;145.8;8;7.8;8.2;7.2;10.3;263.8888889;8.333333333;11.11111111;1.7
8098200;3;5;43;78;4.2;5.8;12.2;11.6;38.4;145.8;7.6;7.5;7.7;6.8;10.3;263.8888889;8.333333333;11.11111111;1.7
8099100;2;4;39;115;2.7;5.2;11.7;11.6;39.8;145.8;7.1;6.9;7.2;6.4;10.3;263.8888889;8.333333333;11.11111111;1.7
8100000;0;3;43;136;0.8;3.6;11.1;10.9;41.6;56.4;5.4;5.1;5.4;4.8;8.6;263.8888889;0;0;2.5
8100900;0;1;40;95;0.1;2.4;10.6;10.7;44;23.9;4.3;3.9;4.1;3.5;8.6;263.8888889;0;0;2.5
8101800;0;1;39;73;0.1;1.8;10;10.8;45.8;23.7;3.8;3.4;3.8;3.1;8.6;263.8888889;0;0;2.5
8102700;0;1;40;82;0.1;1.8;9.8;10.9;46.5;23.3;3.9;3.5;3.7;3.3;8.6;263.8888889;0;0;2.5
8103600;-1;0;43;122;-1.6;1;9.4;10;48.1;6.2;2.8;2.4;2.6;2.3;8.7;263.8888889;0;0;3.3
8104500;-3;0;43;114;-2.4;0;9.2;9.7;49;0;1.9;1.5;1.7;1.3;8.7;263.8888889;0;0;3.3
8105400;-2;0;38;71;-2.5;-0.7;8.8;9.6;50.6;0;1.4;1.1;1.3;0.7;8.7;263.8888889;0;0;3.3
8106300;-2;0;39;48;-1.6;-0.7;8.7;9.3;51.2;0;1.7;1.4;1.7;0.9;8.7;263.8888889;0;0;3.3
8107200;-3;0;43;101;-2.4;-0.4;8.4;8.8;52.1;0;1.8;1.3;1.8;0.9;8;261.1111111;0;0;2.4
8108100;-3;0;43;113;-3.3;-1;8.1;8.6;53.7;0;1.1;0.6;1.1;0.3;8;261.1111111;0;0;2.4
8109000;-4;0;43;109;-3.5;-1.2;8.1;8.3;53.8;0;0.8;0.6;0.9;-0.1;8;261.1111111;0;0;2.4
8109900;-2;-2;43;60;-2;-1.6;7.8;8;55.1;0;0.4;0.2;0.7;-0.6;8;261.1111111;0;0;2.4
8110800;0;0;9;0;0.5;-0.8;7.6;7.1;56;0;2.5;2.5;2.9;0.8;6.8;258.3333333;0;0;2.2
8111700;0;0;0;0;0.4;-0.4;7.6;7;56.4;0;3.2;3.2;3.7;1.4;6.8;258.3333333;0;0;2.2
8112600;0;0;0;0;0.4;-0.1;7.3;7.3;57.6;0;3.7;3.5;4.1;2.2;6.8;258.3333333;0;0;2.2
8113500;-1;0;21.5;57.5;-0.8;0.15;7.2;7;57.85;0;2.9;2.7;3.15;1.9;6.8;258.3333333;0;0;2.2
8114400;-2;0;43;115;-2;0.4;7.1;6.7;58.1;0;2.1;1.9;2.2;1.6;5.9;255.5555556;0;0;3.1
8115300;-2;0;17;42;-2;-1;6.7;6.4;59.9;0;1;0.9;1.1;0.4;5.9;255.5555556;0;0;3.1
8116200;-2;0;3;0;-1.3;-1;6.5;6.4;60.4;0;1.6;1.5;1.8;0.9;5.9;255.5555556;0;0;3.1
8117100;-3;0;43;114;-2.4;-0.2;6.3;6.4;61.2;0;1.6;1.2;1.7;1.2;5.9;255.5555556;0;0;3.1
8118000;-4;-1;43;108;-3.7;-1.5;6.2;6;61.9;0;0.2;0;0.4;-0.1;6.8;255.5555556;0;0;2.6
8118900;-5;-2;42;105;-4.4;-2.2;6.1;5.9;62.4;0;-0.2;-0.5;-0.1;-0.9;6.8;255.5555556;0;0;2.6
8119800;-5;-2;42;105;-4.4;-2.2;6.3;5.9;61.8;0;-0.2;-0.6;-0.2;-1;6.8;255.5555556;0;0;2.6
8120700;-5;-2;42;104;-4.4;-2.2;6.7;5.9;59.2;0;-0.1;-0.4;-0.1;-1.1;6.8;255.5555556;0;0;2.6
8121600;-4;-2;42;103;-4.4;-2.2;6.8;5.3;58.2;0;-0.1;-0.3;0;-1.2;6.6;258.3333333;0;0;3
8122500;-5;-2;42;101;-4.4;-2.4;6.7;5.2;58.4;0;-0.4;-0.6;-0.3;-1.5;6.6;258.3333333;0;0;3
8123400;-4;-3;17;47;-3.8;-2.7;6.7;5.2;59;0;-0.4;-0.5;-0.2;-1.6;6.6;258.3333333;0;0;3
8124300;-3;-2;0;0;-2.9;-2.7;7.1;5.2;57.6;0;0.5;0.6;0.8;-1;6.6;258.3333333;0;0;3
8125200;-3;-2;0;0;-2.7;-2.2;7.1;5.1;57.9;0;1.2;1.6;1.8;-0.5;6.1;261.1111111;0;0;3.7
8126100;-2;0;15;38;-2.1;-0.6;6.9;5.1;58.3;0;2.5;2.7;2.9;0.8;6.1;261.1111111;0;0;3.7
8127000;-2;0;43;122;-1.9;0.8;7.1;5.6;57.6;0;2.7;2.3;2.7;1.6;6.1;261.1111111;0;0;3.7
8127900;-3;0;43;115;-2.7;-0.2;7.1;6.5;57.4;0;1.8;1.5;1.8;0.8;6.1;261.1111111;0;0;3.7
8128800;-3;0;43;111;-3.1;-0.8;7;6.3;57.8;0;1.2;1;1.2;0.2;5;261.1111111;0;0;2.3
8129700;-4;-1;43;107;-3.6;-1.4;6.8;6.2;58.2;0;0.7;0.4;0.7;-0.4;5;261.1111111;0;0;2.3
8130600;-4;-2;43;105;-3.9;-1.6;6.9;6.3;58.4;0;0.3;0.1;0.4;-0.8;5;261.1111111;0;0;2.3
8131500;-3;-2;28;74;-3.4;-2.1;6.9;6.5;58.7;0;0.2;-0.1;0.3;-0.9;5;261.1111111;0;0;2.3
8132400;-2;-2;0;0;-2.3;-2.1;6.7;6.4;58.8;0;0.7;0.8;1;-0.6;4.1;261.1111111;0;0;0.8
8133300;-3;-1;35;82;-2.5;-0.9;6.5;6.4;59.6;0;1.5;1.4;1.7;0.3;4.1;261.1111111;0;0;0.8
8134200;-4;-1;43;109;-3.7;-1.4;6.5;6.3;60.4;0;0.4;0.3;0.5;-0.5;4.1;261.1111111;0;0;0.8
8135100;-5;-2;42;104;-4.4;-2.2;6.4;6.2;61;0;-0.2;-0.6;-0.3;-1.1;4.1;261.1111111;0;0;0.8
8136000;-5;-3;42;101;-5;-2.8;6.6;6.1;60.4;0;-0.8;-1.2;-0.9;-1.7;3.8;269.4444444;8.333333333;8.333333333;3.1
8136900;-6;-4;36;85;-5.3;-3.5;6.2;6.1;60.9;0;-1.3;-1.7;-1.5;-2.3;3.8;269.4444444;8.333333333;8.333333333;3.1
8137800;-4;-4;0;0;-3.8;-3.6;6;5.7;62.2;0;-0.7;-1;-0.9;-2.1;3.8;269.4444444;8.333333333;8.333333333;3.1
8138700;-4;-3;0;0;-3.7;-3.3;6.1;5;61.8;0;0;-0.2;0;-1.5;3.8;269.4444444;8.333333333;8.333333333;3.1
8139600;-3;-3;0;0;-3.3;-3;6.5;5.1;60.3;0.7;0.7;0.7;0.8;-1.1;4.7;291.6666667;58.33333333;61.11111111;6.2
8140500;-3;-1;35;95;-2.6;-0.7;6.8;5.2;58.9;1.1;2.1;1.9;2.2;0.9;4.7;291.6666667;58.33333333;61.11111111;6.2
8141400;-3;0;43;116;-2.9;-0.5;7.2;4.9;58.2;1.1;1.4;1.2;1.4;0.6;4.7;291.6666667;58.33333333;61.11111111;6.2
8142300;-3;0;43;111;-3.3;-1.1;7.5;4.3;56.8;1.1;1;0.9;1.1;0.2;4.7;291.6666667;58.33333333;61.11111111;6.2
8143200;-3;0;43;109;-3.3;-1.1;7.9;4.7;56.2;39.5;1;0.8;1;0.1;5.4;286.1111111;127.7777778;130.5555556;5.1
8144100;-3;0;43;109;-3.3;-1.1;8.4;4.9;54.9;53.5;1;0.9;1;0.1;5.4;286.1111111;127.7777778;130.5555556;5.1
8145000;-3;0;43;109;-3.3;-1.1;9;4.8;53.3;54.1;1.1;0.9;1.1;0.2;5.4;286.1111111;127.7777778;130.5555556;5.1
8145900;-3;0;43;108;-3.3;-1.1;9.6;4.6;51.5;55.2;1;0.8;1;0;5.4;286.1111111;127.7777778;130.5555556;5.1
8146800;-2;0;3;7;-1.5;-1.1;10.1;5.1;49.7;126.7;1.5;1.5;1.8;0.1;8.8;-2775;230.5555556;369.4444444;8
8147700;-1;0;19;56;-1;0.1;10.3;5.3;49.7;162.4;3.3;3.6;3.8;2.1;8.8;-2775;230.5555556;369.4444444;8
8148600;0;1;43;135;-0.7;2.1;10.8;5.3;47.7;162.4;4.7;4.4;4.6;3.5;8.8;-2775;230.5555556;369.4444444;8
8149500;0;3;43;142;0.4;3.3;11.7;5.3;46.1;162.4;6.1;5.9;6.1;4.8;8.8;-2775;230.5555556;369.4444444;8
8150400;2;4;40;145;2.2;5;12.5;6;43.8;231.9;8;7.9;8;6.4;11.2;311.1111111;294.4444444;319.4444444;7.7
8151300;3;6;43;161;3.5;6.8;13.9;6.3;41.2;266.7;9.4;9.4;9.4;8;11.2;311.1111111;294.4444444;319.4444444;7.7
8152200;4;8;38;155;4.7;8.3;14.7;6.3;39;266.7;10.7;10.7;10.7;9.4;11.2;311.1111111;294.4444444;319.4444444;7.7
8153100;4;8;43;169;4.9;8.6;14.7;6.3;37.3;266.7;10.8;10.8;10.9;9.6;11.2;311.1111111;294.4444444;319.4444444;7.7
8154000;3;8;40;196;4.3;8.7;14.3;7;34.8;303.5;10.9;10.7;10.8;9.7;10.8;311.1111111;327.7777778;341.6666667;8.8
8154900;4;7;43;162;4.8;8.1;13.6;7.3;35.9;321.9;10.1;10.1;10.2;9;10.8;311.1111111;327.7777778;341.6666667;8.8
8155800;4;7;40;166;4.6;8.1;14.1;7.9;36.2;321.9;10.5;10.4;10.5;9.4;10.8;311.1111111;327.7777778;341.6666667;8.8
8156700;4;7;41;159;4.7;8.1;14.6;9.7;35.1;321.9;10.6;10.6;10.7;9.5;10.8;311.1111111;327.7777778;341.6666667;8.8
8157600;3;8;41;200;4.4;8.5;14.9;9.9;33.2;323.4;10.7;10.7;10.6;9.5;11.7;313.8888889;344.4444444;355.5555556;9.2
8158500;4;7;36;140;5.1;8.1;15.1;10;31.9;324.2;10.6;10.5;10.6;9.4;11.7;313.8888889;344.4444444;355.5555556;9.2
8159400;4;8;43;178;5.2;8.6;15.4;11.1;30.3;333.5;11;11;11;9.9;11.7;313.8888889;344.4444444;355.5555556;9.2
8160300;3;8;36;209;4.8;8.9;15.8;11.7;29.4;338.2;11.4;11.3;11.3;10.2;11.7;313.8888889;344.4444444;355.5555556;9.2
8161200;5;8;35;107;6.2;9.2;15.7;11.5;29.1;393.2;11.4;11.4;11.5;10.3;10.7;322.2222222;261.1111111;263.8888889;8
8162100;7;9;42;95;8.1;9.7;15.2;11.5;32;393.2;12.3;12.4;12.5;11.2;10.7;322.2222222;261.1111111;263.8888889;8
8163000;6;9;42;165;6.7;10.3;14.8;11.5;35.3;393.2;12.2;12.2;12.3;11.4;10.7;322.2222222;261.1111111;263.8888889;8
8163900;7;9;39;102;7.7;10.1;14.7;11.5;36.6;393.2;12.4;12.4;12.5;11.3;10.7;322.2222222;261.1111111;263.8888889;8
8164800;4;9;40;228;5.1;9.8;14.3;11.4;38.6;372.8;11.7;11.7;11.7;10.7;9.6;327.7777778;152.7777778;152.7777778;7.9
8165700;4;7;43;159;5.2;8.4;13.8;11.3;41.8;362.6;10.3;10.3;10.4;9.3;9.6;327.7777778;152.7777778;152.7777778;7.9
8166600;4;7;43;142;4.8;7.8;13.1;11.8;45.6;362.6;9.7;9.6;9.8;8.8;9.6;327.7777778;152.7777778;152.7777778;7.9
8167500;3;6;43;125;4.7;7.2;12.7;12.1;47.7;362.6;9.1;9;9.2;8.3;9.6;327.7777778;152.7777778;152.7777778;7.9
8168400;3;6;38;124;4.4;7.1;12.8;10.7;47.9;281.4;9.2;9.1;9.4;8.3;9.4;333.3333333;94.44444444;94.44444444;5.8
8169300;2;6;43;159;3.6;6.9;12.7;10.7;47.2;281.4;8.9;8.8;8.9;8;9.4;333.3333333;94.44444444;94.44444444;5.8
8170200;3;6;39;105;4;6.6;12.4;10.1;46.8;281.4;8.7;8.6;8.8;7.7;9.4;333.3333333;94.44444444;94.44444444;5.8
8171100;4;6;39;95;4.5;6.6;12.4;9.5;45.9;281.4;9;8.9;9.1;8.1;9.4;333.3333333;94.44444444;94.44444444;5.8
8172000;4;6;43;100;5.1;6.9;12.1;8.2;46.5;228.6;9.3;9.2;9.5;8.4;5.9;333.3333333;25;25;5.3
8172900;2;5;42;145;3.3;6.5;11.8;8.1;49.3;224.8;8.2;8.1;8.3;7.4;5.9;333.3333333;25;25;5.3
8173800;2;4;39;86;3.3;5.3;10.1;8.2;64.6;224.8;7.1;7;7.3;6.3;5.9;333.3333333;25;25;5.3
8174700;2;3;39;50;3.3;4.5;8.5;8.3;77.6;224.8;6.3;6.3;6.5;5.6;5.9;333.3333333;25;25;5.3
8175600;0;3;43;136;1.2;3.9;7.9;7.1;82.9;189.1;5.7;5.6;5.9;5.1;0.9;316.6666667;30.55555556;33.33333333;3.8
8176500;0;1;43;127;-0.4;2.2;5.8;6.5;81.5;171.2;3.9;3.8;4;3.2;0.9;316.6666667;30.55555556;33.33333333;3.8
8177400;-1;0;42;54;-0.4;0.7;3.9;7.3;87.9;171.2;2.4;2.4;2.6;1.6;0.9;316.6666667;30.55555556;33.33333333;3.8
8178300;0;1;12;10;0.8;1;3.2;7.8;89.5;171.2;3;3.1;3.4;2;0.9;316.6666667;30.55555556;33.33333333;3.8
8179200;-2;0;43;121;-2;0.5;3.2;6.1;90.1;112.3;2.2;2.1;2.3;1.7;-0.3;311.1111111;22.22222222;25;4
8180100;-3;0;43;114;-3.2;-0.8;2.5;6;88.9;108.1;0.9;0.9;1.1;0.3;-0.3;311.1111111;22.22222222;25;4
8181000;-4;-2;43;108;-4;-1.7;2;5.3;88.9;108.1;0;-0.1;0.1;-0.6;-0.3;311.1111111;22.22222222;25;4
8181900;-4;-2;15;36;-3.4;-2.4;2.1;4.3;89.2;108.1;-0.3;-0.4;-0.1;-1.1;-0.3;311.1111111;22.22222222;25;4
8182800;-3;-2;0;0;-2.7;-2.4;2.2;3.1;89.3;74.8;0.5;0.2;0.6;-0.6;-0.4;311.1111111;2.777777778;5.555555556;3.4
8183700;-2;-2;0;0;-2.3;-1.9;2.3;2.5;89.3;58.1;1;0.7;1;-0.2;-0.4;311.1111111;2.777777778;5.555555556;3.4
8184600;-3;-2;43;102;-3.4;-1.3;2.4;0.4;89.2;58.1;0.5;0.4;0.7;-0.1;-0.4;311.1111111;2.777777778;5.555555556;3.4
8185500;-5;-3;42;103;-5;-2.8;2.3;-1;89.3;58.1;-1.1;-1.2;-1;-1.6;-0.4;311.1111111;2.777777778;5.555555556;3.4
8186400;-6;-4;42;97;-6;-3.9;2.2;-2;90.4;12.6;-2.1;-2.3;-2;-2.8;-0.4;297.2222222;0;0;4.5
8187300;-7;-5;42;92;-6.6;-4.7;2.2;-2.1;90.7;5.6;-2.8;-2.9;-2.7;-3.5;-0.4;297.2222222;0;0;4.5
8188200;-7;-5;42;91;-7.1;-5.2;2.2;-1.9;91.5;5.6;-3.3;-3.5;-3.2;-4.1;-0.4;297.2222222;0;0;4.5
8189100;-8;-6;43;89;-7.6;-5.7;2.1;-1.3;91.9;5.6;-3.8;-4;-3.7;-4.6;-0.4;297.2222222;0;0;4.5
8190000;-8;-6;45;85;-8;-6.2;2.1;-1.1;92.1;0;-4.3;-4.5;-4.2;-5;-0.2;286.1111111;0;0;2.6
8190900;-8;-7;45;86;-8.4;-6.7;2.3;-1.1;92.1;0;-4.8;-4.9;-4.7;-5.5;-0.2;286.1111111;0;0;2.6
8191800;-3;-4;1;0;-3.5;-4.7;2.3;-0.7;92.1;0;-4.3;-4.4;-4.2;-5.4;-0.2;286.1111111;0;0;2.6
8192700;-4;-3;13;26;-3.9;-2.1;2.3;-0.5;92.1;0;-3.4;-3.5;-3.2;-4.4;-0.2;286.1111111;0;0;2.6
8193600;-7;-5;44;89;-7.2;-5.4;2.3;-0.7;92.1;0;-3.6;-3.8;-3.5;-4.2;0;244.4444444;0;0;2.4
8194500;-8;-6;44;85;-8;-6.2;2.1;-0.7;92.1;0;-4.3;-4.5;-4.2;-5;0;244.4444444;0;0;2.4
8195400;-7;-7;26;46;-6.8;-6.7;2.1;-0.7;92.1;0;-4.8;-4.9;-4.6;-5.5;0;244.4444444;0;0;2.4
8196300;-5;-1;0;0;-4.5;-1.9;1.7;-0.8;92.1;0;-4.1;-4.2;-3.9;-5.2;0;244.4444444;0;0;2.4
8197200;-6;-4;32;62;-6.1;-3.9;1.8;-0.9;92.1;0;-3.4;-3.5;-3.1;-4.3;-0.4;219.4444444;0;0;2.8
8198100;-8;-6;44;85;-7.9;-6.1;1.6;-0.9;92.1;0;-4.3;-4.4;-4.1;-4.9;-0.4;219.4444444;0;0;2.8
8199000;-6;-6;22;38;-6.2;-6.6;1.2;-0.7;92.1;0;-4.8;-4.8;-4.6;-5.5;-0.4;219.4444444;0;0;2.8
8199900;-6;-5;26.5;47;-6.05;-5.4;0.95;2.4;92.1;0;-4.15;-4.15;-3.9;-4.85;-0.4;219.4444444;0;0;2.8
8200800;-6;-4;31;56;-5.9;-4.2;0.7;5.5;92.1;0;-3.5;-3.5;-3.2;-4.2;-1.1;213.8888889;0;0;3.2
8201700;-8;-6;43;86;-7.9;-6.1;1.1;6.4;92.5;0;-4.3;-4.4;-4.2;-4.9;-1.1;213.8888889;0;0;3.2
8202600;-6;-5;14;22;-5.7;-6.1;1.1;6.4;92.6;0;-4.7;-4.8;-4.6;-5.5;-1.1;213.8888889;0;0;3.2
8203500;-5;-1;0;0;-4.3;-1.3;0.9;6.4;92.6;0;-4;-4.2;-3.9;-5;-1.1;213.8888889;0;0;3.2
8204400;-7;-4;36;66;-6.6;-4.3;0.8;6;93;0;-3.8;-3.9;-3.5;-4.5;-1.5;213.8888889;0;0;3.3
8205300;-7;-7;30;54;-7.2;-6.7;0.6;5.9;91.7;0;-4.8;-5;-4.7;-5.5;-1.5;213.8888889;0;0;3.3
8206200;-5;-2;0;0;-4.5;-3;0.2;5.9;90.6;0;-4.2;-4.5;-4.2;-5.2;-1.5;213.8888889;0;0;3.3
8207100;-5;-3;13;20;-5.2;-2.6;0.1;5.9;90.7;0;-3.6;-4;-3.6;-4.7;-1.5;213.8888889;0;0;3.3
8208000;-8;-6;44;85;-7.9;-6.1;0.2;5.4;90.8;0;-4.3;-4.6;-4.2;-4.8;-1.4;216.6666667;0;0;2.7
8208900;-6;-5;9;17;-5.8;-5.9;0.2;5.2;90.8;0;-4.6;-4.9;-4.6;-5.5;-1.4;216.6666667;0;0;2.7
8209800;-5;-2;0;0;-5.1;-1.8;0.2;5.2;90.6;0;-4;-4.2;-3.9;-5;-1.4;216.6666667;0;0;2.7
8210700;-7;-4;34;65;-6.8;-4.7;0.2;5.2;90.3;0;-3.7;-4;-3.5;-4.5;-1.4;216.6666667;0;0;2.7
8211600;-8;-7;33;62;-7.4;-6.5;0.2;0.9;90.1;0;-4.7;-4.9;-4.6;-5.4;-1.6;213.8888889;0;0;2.8
8212500;-5;-1;0;0;-5.1;-1.8;0.3;-1.3;90.5;0;-4.2;-4.5;-4.1;-5.3;-1.6;213.8888889;0;0;2.8
8213400;-5;-1;13;23;-5.5;-0.8;0.2;-1.4;90.4;0;-3.6;-3.9;-3.5;-4.6;-1.6;213.8888889;0;0;2.8
8214300;-8;-6;44;84;-7.8;-6;0.1;-1.5;90.6;0;-4.2;-4.5;-4.1;-4.8;-1.6;213.8888889;0;0;2.8
8215200;-6;-5;12;18;-6.1;-6;0.1;-1.4;90.5;0;-4.6;-4.8;-4.6;-5.5;-2;241.6666667;0;0;3.1
8216100;-5;-2;0;0;-5.2;-2;0.1;-1.3;90.6;0;-4;-4.2;-3.8;-5;-2;241.6666667;0;0;3.1
8217000;-7;-5;35;65;-6.7;-4.6;0;-1.3;90.3;0;-3.6;-3.9;-3.4;-4.4;-2;241.6666667;0;0;3.1
8217900;-8;-7;44;83;-8.2;-6.4;0;-1.3;90.1;0;-4.6;-4.8;-4.5;-5.3;-2;241.6666667;0;0;3.1
8218800;-5;-4;1;0;-5.1;-5.1;0.3;-1.2;90.6;0;-4.5;-4.6;-4.4;-5.5;-2;272.2222222;0;0;4.4
8219700;-5;-2;4;4;-5.2;-2.2;0.5;-1.1;90.6;0;-3.8;-3.9;-3.6;-4.9;-2;272.2222222;0;0;4.4
8220600;-7;-6;43;83;-7.1;-5.5;0.7;-1.4;90.6;0;-3.7;-3.9;-3.5;-4.4;-2;272.2222222;0;0;4.4
8221500;-8;-7;44;87;-8.2;-6.5;0.6;-1.6;90.1;0;-4.6;-4.8;-4.5;-5.3;-2;272.2222222;0;0;4.4
8222400;-5;-4;0;0;-5;-4.4;0.6;-1.3;90.5;0;-4.3;-4.6;-4.4;-5.4;-1.8;288.8888889;5.555555556;5.555555556;4.1
8223300;-5;-2;5;12;-5.1;-2.1;0.9;-1.3;90.5;0;-3.7;-3.8;-3.5;-4.8;-1.8;288.8888889;5.555555556;5.555555556;4.1
8224200;-7;-6;43;85;-7.3;-5.5;1;-1.6;90.3;0;-3.6;-3.9;-3.5;-4.5;-1.8;288.8888889;5.555555556;5.555555556;4.1
8225100;-8;-6;45;86;-8.2;-6.5;1.1;-1.9;90.7;0;-4.5;-4.8;-4.5;-5.3;-1.8;288.8888889;5.555555556;5.555555556;4.1
8226000;-5;-5;6;8;-5.4;-5.2;1.6;-1.8;90.5;1.4;-4.4;-4.7;-4.4;-5.5;-1.2;291.6666667;36.11111111;36.11111111;5.1
8226900;-5;-2;5;5;-5;-2.1;1.7;-1.8;90.1;1.5;-3.6;-3.9;-3.5;-4.9;-1.2;291.6666667;36.11111111;36.11111111;5.1
8227800;-7;-5;43;86;-6.9;-5.3;1.7;-1.9;90.1;1.5;-3.4;-3.7;-3.3;-4.2;-1.2;291.6666667;36.11111111;36.11111111;5.1
8228700;-8;-6;45;87;-7.9;-6.1;1.8;-2;90;1.5;-4.2;-4.4;-4;-5;-1.2;291.6666667;36.11111111;36.11111111;5.1
8229600;-8;-7;46;84;-8.2;-6.5;1.7;-1.7;90;23.5;-4.5;-4.7;-4.4;-5.4;-0.4;288.8888889;127.7777778;127.7777778;5.4
8230500;-8;-7;46;84;-8.6;-6.8;1.7;-1.7;90.1;26.9;-4.7;-5;-4.6;-5.5;-0.4;288.8888889;127.7777778;127.7777778;5.4
8231400;-9;-7;45;87;-8.6;-7;1.8;-1.7;90;27.9;-4.7;-5;-4.7;-5.6;-0.4;288.8888889;127.7777778;127.7777778;5.4
8232300;-6;-5;11;24;-5.9;-6.1;2.1;-1.6;89.7;29.5;-4.4;-4.6;-4.3;-5.6;-0.4;288.8888889;127.7777778;127.7777778;5.4
8233200;-5;-3;15;28;-5.6;-2.8;2.7;-1.1;90.2;112.1;-3.3;-3.4;-3;-4.6;0.2;297.2222222;194.4444444;197.2222222;6.5
8234100;-7;-5;43;90;-7;-5.1;2.9;-1;90.2;132.8;-3.2;-3.4;-3;-4;0.2;297.2222222;194.4444444;197.2222222;6.5
8235000;-7;-6;44;91;-7.5;-5.6;3.4;-0.9;90.3;132.8;-3.6;-3.8;-3.5;-4.4;0.2;297.2222222;194.4444444;197.2222222;6.5
8235900;-8;-6;44;90;-7.7;-5.8;3.9;-0.7;90.6;132.8;-3.8;-4;-3.6;-4.7;0.2;297.2222222;194.4444444;197.2222222;6.5
8236800;-8;-6;44;89;-7.7;-5.8;4.3;-0.2;90;203.9;-4;-4.1;-3.8;-4.8;0.6;297.2222222;211.1111111;216.6666667;6.5
8237700;-8;-6;44;87;-8;-6.3;4.5;0;89.7;229.8;-4.1;-4.3;-3.9;-5;0.6;297.2222222;211.1111111;216.6666667;6.5
8238600;-8;-6;43;88;-8.2;-6.3;4.4;0.1;89.7;229.8;-4.1;-4.3;-4;-5.1;0.6;297.2222222;211.1111111;216.6666667;6.5
8239500;-8;-6;44;83;-8.2;-6.3;4.6;0.2;90;229.8;-4.2;-4.4;-4.1;-5.1;0.6;297.2222222;211.1111111;216.6666667;6.5
8240400;-8;-6;44;87;-8.2;-6.3;5;1;89.2;315.9;-3.9;-4.1;-3.8;-4.8;1.2;294.4444444;308.3333333;330.5555556;7.6
8241300;-8;-6;44;90;-7.8;-6.1;5.7;1;90;315.9;-3.6;-3.8;-3.5;-4.5;1.2;294.4444444;308.3333333;330.5555556;7.6
8242200;-7;-6;44;91;-7.7;-5.8;6.1;1;89.5;315.9;-3.3;-3.6;-3.3;-4.4;1.2;294.4444444;308.3333333;330.5555556;7.6
8243100;-7;-5;43;93;-7.6;-5.7;6.1;1;89.2;315.9;-3.1;-3.3;-3;-4;1.2;294.4444444;308.3333333;330.5555556;7.6
8244000;-7;-5;42;94;-7.2;-5.3;5.9;1.7;88.6;391.9;-2.7;-3;-2.6;-3.7;2.4;280.5555556;383.3333333;641.6666667;5.4
8244900;-7;-4;43;96;-6.9;-4.9;5.9;1.7;88.7;391.9;-2.3;-2.5;-2.2;-3.3;2.4;280.5555556;383.3333333;641.6666667;5.4
8245800;-6;-4;43;99;-6.5;-4.4;5.1;1.7;88.1;391.9;-2;-2.2;-1.8;-3;2.4;280.5555556;383.3333333;641.6666667;5.4
8246700;-6;-4;43;100;-6.2;-4;6.1;1.7;89.2;391.9;-1.6;-1.8;-1.5;-2.7;2.4;280.5555556;383.3333333;641.6666667;5.4
8247600;-6;-4;43;100;-5.9;-3.8;6.2;2.2;74.8;458.9;-1.2;-1.5;-1.2;-2.4;2.9;269.4444444;302.7777778;677.7777778;5.3
8248500;-5;-3;43;103;-5.6;-3.4;6;2.3;54.4;469.2;-0.8;-1.1;-0.8;-2.1;2.9;269.4444444;302.7777778;677.7777778;5.3
8249400;-5;-2;43;109;-4.9;-2.5;5.5;2.3;51.6;469.2;0.1;-0.2;0.1;-1.3;2.9;269.4444444;302.7777778;677.7777778;5.3
8250300;-4;-2;43;110;-4.4;-2.2;6;2.3;51.8;469.2;0.5;0.2;0.5;-1;2.9;269.4444444;302.7777778;677.7777778;5.3
8251200;-3;-1;43;117;-3.5;-1.2;6.5;3;48.2;448.4;1.8;1.4;1.7;0.1;3.9;288.8888889;322.2222222;602.7777778;7.1
8252100;-3;0;43;120;-2.8;-0.4;6.2;3.1;49.5;445.2;2.5;2.2;2.5;0.8;3.9;288.8888889;322.2222222;602.7777778;7.1
8253000;-2;0;43;128;-1.7;0.9;7;3.1;45.6;451.3;3.8;3.4;3.7;2;3.9;288.8888889;322.2222222;602.7777778;7.1
8253900;0;2;43;137;-0.3;2.5;8.1;3.1;42.4;458.3;5.5;5.2;5.2;3.3;3.9;288.8888889;322.2222222;602.7777778;7.1
8254800;0;3;43;145;1.1;4;8.2;3.2;40;342.9;7;6.9;7;5.2;0.5;302.7777778;113.8888889;113.8888889;7.3
8255700;2;5;41;150;3;5.9;8.8;3.2;37.5;325.2;8.5;8.6;8.6;7;0.5;302.7777778;113.8888889;113.8888889;7.3
8256600;2;5;41;139;2.7;5.7;8;3.1;39.3;325.2;7.5;7.6;7.7;6.4;0.5;302.7777778;113.8888889;113.8888889;7.3
8257500;1;3;38;103;1.6;3.9;5.6;3;61.8;325.2;5.5;5.6;5.7;4.5;0.5;302.7777778;113.8888889;113.8888889;7.3
8258400;-2;0;43;118;-1.7;0.8;3.1;3;79.1;282.2;2.3;2.3;2.5;1.7;1.8;247.2222222;138.8888889;463.8888889;4.4
8259300;-3;0;43;112;-3.2;-0.9;3.3;3;87.6;271.4;0.9;0.8;1;0.3;1.8;247.2222222;138.8888889;463.8888889;4.4
8260200;-4;0;43;112;-3.7;-1.3;3.8;3.2;85.5;271.4;0.7;0.6;0.8;0;1.8;247.2222222;138.8888889;463.8888889;4.4
8261100;-3;0;43;123;-2.7;-0.3;4.5;3.9;78.5;271.4;2.5;2.4;2.5;1.4;1.8;247.2222222;138.8888889;463.8888889;4.4
8262000;-2;0;43;126;-1.8;0.7;5;3.4;70.1;192.2;3.3;3.1;3.3;2.1;4.2;247.2222222;108.3333333;272.2222222;4.4
8262900;-2;1;43;129;-1.4;1.2;6.3;3.4;61.4;192.2;3.9;3.7;3.9;2.8;4.2;247.2222222;108.3333333;272.2222222;4.4
8263800;0;2;43;133;-0.6;2.2;6.6;2;54.8;192.2;4.7;4.6;4.7;3.6;4.2;247.2222222;108.3333333;272.2222222;4.4
8264700;0;2;43;131;-0.2;2.2;7;0;51;192.2;4.7;4.7;4.9;3.7;4.2;247.2222222;108.3333333;272.2222222;4.4
8265600;0;2;43;129;-0.2;2.6;6.9;-0.1;45.8;164;4.7;4.7;4.9;3.7;3.9;263.8888889;55.55555556;83.33333333;5.6
8266500;0;1;39;89;0.1;2.1;6.9;-0.1;45.1;153.7;4.1;4;4.2;3;3.9;263.8888889;55.55555556;83.33333333;5.6
8267400;0;1;12;13;1;1.7;6.4;0.8;45.1;153.7;4.3;4.2;4.5;3;3.9;263.8888889;55.55555556;83.33333333;5.6
8268300;0;2;40;118;0.2;2.5;6.1;1.4;45.2;153.7;4.7;4.6;4.8;3.8;3.9;263.8888889;55.55555556;83.33333333;5.6
8269200;-1;0;43;122;-1.5;1.1;5.7;0.7;45.9;59.9;2.8;2.7;2.9;2.1;0;277.7777778;5.555555556;5.555555556;3
8270100;-3;0;43;114;-2.6;-0.2;5;0.7;54.3;59.9;1.6;1.4;1.7;0.8;0;277.7777778;5.555555556;5.555555556;3
8271000;-4;-1;43;108;-3.6;-1.3;3.5;2.1;72.4;59.9;0.5;0.4;0.6;-0.2;0;277.7777778;5.555555556;5.555555556;3
8271900;-5;-2;42;104;-4.4;-2.3;3;3.4;77.9;59.9;-0.5;-0.6;-0.4;-1.2;0;277.7777778;5.555555556;5.555555556;3
8272800;-5;-3;42;99;-5.3;-3.2;2.9;2.8;79.8;15.1;-1.4;-1.5;-1.3;-2.1;0.5;258.3333333;0;0;5.4
8273700;-6;-4;42;97;-5.8;-3.8;2.5;2.6;79.9;3.9;-1.9;-2.1;-1.8;-2.7;0.5;258.3333333;0;0;5.4
8274600;-6;-4;42;96;-6.1;-4.3;2.5;2.9;80;4.2;-2.3;-2.4;-2.1;-3;0.5;258.3333333;0;0;5.4
8275500;-7;-4;42;96;-6.6;-4.3;2.6;3.3;81.3;4.6;-2.5;-2.6;-2.3;-3.1;0.5;258.3333333;0;0;5.4
8276400;-7;-5;42;95;-6.6;-4.7;2.7;3;78;0.6;-2.6;-2.8;-2.5;-3.3;0.5;288.8888889;0;0;5.6
8277300;-7;-5;42;95;-6.6;-4.8;2.7;3;75.1;0;-2.8;-2.9;-2.6;-3.5;0.5;288.8888889;0;0;5.6
8278200;-7;-5;42;93;-6.6;-4.8;2.9;2;73.8;0;-2.9;-3.1;-2.8;-3.6;0.5;288.8888889;0;0;5.6
8279100;-7;-5;42;93;-7.1;-4.8;3;-0.1;73.1;0;-2.9;-3.2;-2.8;-3.8;0.5;288.8888889;0;0;5.6
8280000;-7;-5;43;96;-7.1;-4.8;2.6;-0.4;78.1;0;-2.6;-2.8;-2.5;-3.4;-0.6;294.4444444;0;0;4.4
8280900;-7;-4;43;96;-6.6;-4.8;1.4;-0.5;85.1;0;-2.4;-2.7;-2.3;-3.1;-0.6;294.4444444;0;0;4.4
8281800;-7;-5;42;92;-6.7;-4.8;1.3;-0.4;87.5;0;-2.8;-3.1;-2.7;-3.4;-0.6;294.4444444;0;0;4.4
8282700;-7;-5;43;89;-7.3;-5.3;1.5;-0.1;87.5;0;-3.4;-3.8;-3.3;-3.9;-0.6;294.4444444;0;0;4.4
8283600;-8;-6;43;88;-7.6;-5.8;1.6;0;87.5;0;-3.8;-4.2;-3.8;-4.4;0.3;266.6666667;0;0;3.6
8284500;-8;-6;43;87;-8;-6.2;1.8;0;87.1;0;-4.2;-4.5;-4.1;-4.7;0.3;266.6666667;0;0;3.6
8285400;-8;-6;43;88;-8.1;-6.3;1.8;0.1;86.4;0;-4.4;-4.8;-4.3;-4.9;0.3;266.6666667;0;0;3.6
8286300;-7.5;-6;31;62.5;-7;-6.5;1.7;2.45;85.85;0;-4.5;-4.9;-4.45;-5.1;0.3;266.6666667;0;0;3.6
8287200;-7;-6;19;37;-5.9;-6.7;1.6;4.8;85.3;0;-4.6;-5;-4.6;-5.3;-0.4;283.3333333;0;0;3.5
8288100;-3;-2;1;1;-3.3;-2.4;1.6;6.4;84.7;0;-4;-4;-3.9;-4.8;-0.4;283.3333333;0;0;3.5
8289000;-7;-5;42;82;-6.6;-4.8;1.5;6.4;83.8;0;-3;-3.3;-2.8;-3.2;-0.4;283.3333333;0;0;3.5
8289900;-7;-6;43;88;-7.4;-5.5;1.6;6.4;83.6;0;-3.6;-3.9;-3.5;-4;-0.4;283.3333333;0;0;3.5
8290800;-8;-6;43;86;-7.7;-5.9;1.7;6;83.8;0;-4;-4.3;-3.9;-4.4;-1;286.1111111;0;0;5.5
8291700;-8;-6;43;87;-7.9;-6.1;1.7;5.9;82.5;0;-4.2;-4.6;-4.1;-4.7;-1;286.1111111;0;0;5.5
8292600;-8;-7;43;88;-8.3;-6.5;1.8;5.9;83.1;0;-4.5;-4.8;-4.4;-5;-1;286.1111111;0;0;5.5
8293500;-8;-7;27;54;-7.1;-6.8;1.7;5.9;83;0;-4.7;-5;-4.7;-5.3;-1;286.1111111;0;0;5.5
8294400;-5;-2;0;0;-4.8;-2.5;1.7;5.4;83.6;0;-4.1;-4.3;-4;-5;-1.2;288.8888889;0;0;5.4
8295300;-6;-4;30;59;-6.2;-3.8;1.9;5.2;82.6;0;-3.3;-3.6;-3.1;-3.8;-1.2;288.8888889;0;0;5.4
8296200;-8;-6;43;88;-7.6;-5.7;1.7;5.2;82.1;0;-3.9;-4.2;-3.8;-4.3;-1.2;288.8888889;0;0;5.4
8297100;-8;-7;44;86;-8.3;-6.5;2;5.2;82.5;0;-4.5;-4.9;-4.5;-5.1;-1.2;288.8888889;0;0;5.4
8298000;-6;-5;8;15;-5.6;-5.6;2.1;0.8;81.9;0;-4.6;-4.8;-4.5;-5.3;-1.2;244.4444444;0;0;4.8
8298900;-5;0;0;2;-4.8;-0.2;1.8;-0.8;81.8;0;-3.9;-4.1;-3.8;-4.9;-1.2;244.4444444;0;0;4.8
8299800;-7;-5;41;82;-6.9;-5;1.2;-0.9;81.7;0;-3.5;-3.7;-3.3;-4;-1.2;244.4444444;0;0;4.8
8300700;-8;-6;43;85;-8.2;-6.4;1.1;-1;81.9;0;-4.6;-4.8;-4.5;-5.1;-1.2;244.4444444;0;0;4.8
8301600;-5;-5;4;7;-5.8;-5.5;1.1;-0.9;81.3;0;-4.5;-4.7;-4.5;-5.4;-1.1;269.4444444;0;0;5.5
8302500;-5;-2;0;0;-5.4;-2;1;-0.9;81.3;0;-3.9;-4.2;-3.8;-4.9;-1.1;269.4444444;0;0;5.5
8303400;-7;-5;40;75;-7.1;-5.2;0.8;-1;81.3;0;-3.7;-3.9;-3.5;-4.1;-1.1;269.4444444;0;0;5.5
8304300;-8;-7;43;85;-8.2;-6.4;1;-1.2;80.5;0;-4.6;-4.8;-4.5;-5;-1.1;269.4444444;0;0;5.5
8305200;-6;-5;10;23;-6.1;-6;1.4;-1.2;79.8;0;-4.6;-4.8;-4.5;-5.4;-0.7;286.1111111;0;0;5.8
8306100;-5;-2;1;2;-5.2;-2;1.6;-1.2;78.6;0;-3.9;-4;-3.7;-4.7;-0.7;286.1111111;0;0;5.8
8307000;-7;-5;42;84;-7;-5;1.6;-1.2;77.6;0;-3.2;-3.5;-3.1;-3.6;-0.7;286.1111111;0;0;5.8
8307900;-8;-6;43;85;-7.7;-5.8;1.7;-1.3;76.3;0;-3.9;-4.2;-3.8;-4.4;-0.7;286.1111111;0;0;5.8
8308800;-8;-6;44;90;-8.1;-6.3;1.8;-1.2;75.8;0;-4.3;-4.7;-4.3;-4.9;-0.7;280.5555556;8.333333333;8.333333333;7.4
8309700;-9;-7;43;88;-8.5;-6.7;1.8;-1.2;74.2;0;-4.7;-5;-4.6;-5.3;-0.7;280.5555556;8.333333333;8.333333333;7.4
8310600;-6;-5;7;14;-5.5;-5.7;1.7;-1.1;73.5;0;-4.5;-4.7;-4.4;-5.3;-0.7;280.5555556;8.333333333;8.333333333;7.4
8311500;-5;-3;8;12;-4.8;-2.3;1.7;-1.1;73.3;0;-3.7;-3.8;-3.5;-4.5;-0.7;280.5555556;8.333333333;8.333333333;7.4
8312400;-7;-5;43;91;-6.9;-5.1;2;-1.1;71.8;1.3;-3.3;-3.6;-3.2;-3.8;-0.5;277.7777778;63.88888889;63.88888889;5.9
8313300;-8;-6;43;87;-7.7;-5.9;2.3;-1.1;70.6;1.4;-3.9;-4.2;-3.9;-4.4;-0.5;277.7777778;63.88888889;63.88888889;5.9
8314200;-8;-6;43;87;-8.2;-6.2;2;-1;70.6;1.4;-4.3;-4.6;-4.3;-4.8;-0.5;277.7777778;63.88888889;63.88888889;5.9
8315100;-8;-7;45;88;-8.4;-6.7;2.1;-0.8;69.6;1.4;-4.6;-5;-4.6;-5.2;-0.5;277.7777778;63.88888889;63.88888889;5.9
8316000;-9;-7;44;84;-8.4;-6.7;2;-0.7;68.5;27.6;-4.6;-5;-4.6;-5.2;-0.2;-2775;147.2222222;152.7777778;7.7
8316900;-8;-7;44;84;-8.4;-6.7;2.2;-0.7;67.9;31.6;-4.5;-4.9;-4.5;-5;-0.2;-2775;147.2222222;152.7777778;7.7
8317800;-8;-6;44;91;-8.4;-6.7;3;-0.7;65.2;32;-4.1;-4.7;-4.1;-4.6;-0.2;-2775;147.2222222;152.7777778;7.7
8318700;-8;-6;44;89;-7.9;-6.2;3.4;-0.6;63.4;32.5;-3.8;-4.3;-3.8;-4.3;-0.2;-2775;147.2222222;152.7777778;7.7
8319600;-8;-6;43;90;-7.9;-6.2;3.2;-0.3;76.8;133.1;-3.7;-4.2;-3.6;-4.1;0.8;263.8888889;236.1111111;269.4444444;7.6
8320500;-8;-6;43;91;-7.9;-6.2;2.7;-0.2;78.6;158.3;-3.6;-4.1;-3.6;-4;0.8;263.8888889;236.1111111;269.4444444;7.6
8321400;-8;-6;43;91;-7.9;-5.8;2.2;-0.2;76;158.3;-3.5;-3.9;-3.4;-3.9;0.8;263.8888889;236.1111111;269.4444444;7.6
8322300;-7;-5;43;94;-7.4;-5.5;2.4;-0.1;73.4;158.3;-2.9;-3.5;-2.9;-3.3;0.8;263.8888889;236.1111111;269.4444444;7.6
8323200;-7;-5;42;97;-6.9;-4.9;2.7;0.3;71.5;211.9;-2.4;-2.9;-2.4;-2.8;1;294.4444444;302.7777778;313.8888889;7.9
8324100;-6;-4;42;99;-6.5;-4.4;3.3;0.5;68.1;238.7;-1.9;-2.5;-1.9;-2.3;1;294.4444444;302.7777778;313.8888889;7.9
8325000;-6;-4;42;101;-6.1;-4;4.1;0.5;68.7;238.7;-1.4;-2.1;-1.5;-1.9;1;294.4444444;302.7777778;313.8888889;7.9
8325900;-6;-3;42;102;-5.7;-3.6;4.9;0.4;64.3;238.7;-1;-1.7;-1.1;-1.5;1;294.4444444;302.7777778;313.8888889;7.9
8326800;-5;-3;42;104;-5.4;-3.2;4.9;1;62.2;284.9;-0.7;-1.5;-0.8;-1.3;1.5;286.1111111;400;452.7777778;7.8
8327700;-5;-3;42;104;-5.4;-3.2;4.6;1;63.1;284.9;-0.7;-1.4;-0.8;-1.3;1.5;286.1111111;400;452.7777778;7.8
8328600;-5;-3;42;106;-5.3;-3.2;5;1.1;59.1;284.9;-0.5;-1.2;-0.5;-1.1;1.5;286.1111111;400;452.7777778;7.8
8329500;-5;-2;42;109;-4.7;-2.5;5.5;1.3;56.4;284.9;0.3;-0.6;0.2;-0.3;1.5;286.1111111;400;452.7777778;7.8
8330400;-4;-2;43;114;-3.7;-1.4;6.3;1.6;52.5;279.8;1.4;0.4;1.2;0.7;1.7;283.3333333;380.5555556;438.8888889;7.1
8331300;-3;-2;43;114;-3.4;-1.2;6.3;1.7;52.2;277.9;1.6;0.7;1.5;0.8;1.7;283.3333333;380.5555556;438.8888889;7.1
8332200;-3;-2;43;112;-3.4;-1.2;5.7;1.5;55.3;279.4;1.2;0.5;1.2;0.5;1.7;283.3333333;380.5555556;438.8888889;7.1
8333100;-3;-2;43;113;-3.4;-1.2;5.6;1.4;54.7;280.4;1.4;0.6;1.2;0.6;1.7;283.3333333;380.5555556;438.8888889;7.1
8334000;-3;-1;43;118;-3.1;-0.6;6.3;1.6;50.6;326.4;2.2;1.3;2;1.4;3.6;288.8888889;366.6666667;472.2222222;7.3
8334900;-2;0;43;123;-2.1;0.2;6.4;1.6;48.5;329.7;3.1;2.2;2.9;2.3;3.6;288.8888889;366.6666667;472.2222222;7.3
8335800;-2;0;43;129;-1.5;1.2;6.2;1.6;48;329.7;4.2;3.1;3.9;3.4;3.6;288.8888889;366.6666667;472.2222222;7.3
8336700;0;3;43;142;0.3;3.2;7.1;1.6;43.6;329.7;6.1;5.1;5.9;5.2;3.6;288.8888889;366.6666667;472.2222222;7.3
8337600;0;2;43;135;0.4;3.3;6.8;1.9;42.8;272.2;5.3;4.9;5.3;4.3;3.1;302.7777778;305.5555556;325;5.8
8338500;0;1;43;132;-0.2;2.5;6.7;2.1;46;243.4;4.5;4.5;4.6;3.7;3.1;302.7777778;305.5555556;325;5.8
8339400;0;2;43;134;-0.4;2.3;7.1;2.2;46.8;243.4;4.8;4.7;4.8;3.8;3.1;302.7777778;305.5555556;325;5.8
8340300;0;2;43;137;0.1;2.8;7.4;2.2;45.6;243.4;5.3;5.3;5.3;4.2;3.1;302.7777778;305.5555556;325;5.8
8341200;0;2;43;131;0;2.7;6.7;2.3;48.5;193.7;4.7;4.7;4.8;3.7;2.4;302.7777778;183.3333333;186.1111111;4.4
8342100;0;1;43;128;-0.4;2.3;6.3;2.3;51.9;186.1;4.2;4.2;4.3;3.4;2.4;302.7777778;183.3333333;186.1111111;4.4
8343000;0;1;43;125;-0.7;1.9;6.6;2.7;50.8;186.1;4;3.9;4.1;3.1;2.4;302.7777778;183.3333333;186.1111111;4.4
8343900;0;1;43;124;-1;1.6;6.3;3.7;50.3;186.1;3.5;3.5;3.6;2.6;2.4;302.7777778;183.3333333;186.1111111;4.4
8344800;-2;0;43;120;-1.7;0.8;5.6;3.9;52.4;166.7;2.7;2.6;2.8;1.8;2.3;308.3333333;102.7777778;105.5555556;2.6
8345700;-2;0;43;118;-2.2;0.3;5.2;3.9;53;166.7;2.2;2.1;2.3;1.4;2.3;308.3333333;102.7777778;105.5555556;2.6
8346600;-3;0;43;118;-2.4;0.1;5.2;3.7;52.7;166.7;2;1.9;2.1;1.2;2.3;308.3333333;102.7777778;105.5555556;2.6
8347500;-3;0;43;118;-2.4;-0.2;5.3;3.5;53.4;166.7;2;1.8;2;1.1;2.3;308.3333333;102.7777778;105.5555556;2.6
8348400;-3;0;43;117;-2.7;-0.2;5.1;3.4;58.2;123.3;1.7;1.6;1.8;0.8;0;308.3333333;61.11111111;63.88888889;1.8
8349300;-3;0;43;112;-3.3;-0.9;4.4;3.3;66.3;107.5;0.9;0.8;1;0.1;0;308.3333333;61.11111111;63.88888889;1.8
8350200;-4;-2;43;109;-4.1;-1.8;3.5;2.6;75.8;107.5;0.1;-0.1;0.2;-0.7;0;308.3333333;61.11111111;63.88888889;1.8
8351100;-5;-3;42;105;-4.7;-2.5;3.3;2.3;83;107.5;-0.5;-0.7;-0.4;-1.2;0;308.3333333;61.11111111;63.88888889;1.8
8352000;-5;-3;42;106;-4.9;-2.7;3.2;2.3;84.5;89.6;-0.7;-0.9;-0.5;-1.4;0.6;302.7777778;36.11111111;36.11111111;1.2
8352900;-5;-3;42;105;-5;-2.8;2.9;2.3;84.6;88.3;-0.9;-1.1;-0.8;-1.7;0.6;302.7777778;36.11111111;36.11111111;1.2
8353800;-5;-3;42;103;-5.4;-3.2;3.1;2.3;83.9;88.3;-1.2;-1.4;-1.1;-2;0.6;302.7777778;36.11111111;36.11111111;1.2
8354700;-6;-3;42;104;-5.4;-3.2;3.1;2.2;80.7;88.3;-1.2;-1.5;-1.2;-2;0.6;302.7777778;36.11111111;36.11111111;1.2
8355600;-6;-3;42;104;-5.4;-3.2;3.2;2.2;79;62.3;-1.1;-1.4;-1.1;-1.9;1.5;297.2222222;5.555555556;8.333333333;2.8
8356500;-6;-3;42;103;-5.4;-3.2;3.2;2.2;78.1;49.3;-1.2;-1.6;-1.2;-2.1;1.5;297.2222222;5.555555556;8.333333333;2.8
8357400;-6;-4;42;101;-5.6;-3.5;3.5;0.8;78.3;49.3;-1.5;-1.8;-1.5;-2.3;1.5;297.2222222;5.555555556;8.333333333;2.8
8358300;-6;-4;42;100;-5.9;-3.7;3.8;-0.1;77.4;49.3;-1.8;-2;-1.7;-2.7;1.5;297.2222222;5.555555556;8.333333333;2.8
8359200;-6;-4;42;99;-6.1;-4.2;4.1;0.1;76.8;8.4;-2;-2.2;-1.9;-2.9;1.6;302.7777778;0;0;3.9
8360100;-6;-4;42;97;-6.4;-4.2;4.2;0.1;75.7;8.4;-2.2;-2.3;-2;-3;1.6;302.7777778;0;0;3.9
8361000;-6;-4;42;98;-6.4;-4.2;4.3;0.3;73.1;8.4;-2.2;-2.4;-2.1;-3;1.6;302.7777778;0;0;3.9
8361900;-7;-4;42;96;-6.4;-4.2;4.4;0.5;70.1;8.4;-2.2;-2.6;-2.3;-3.1;1.6;302.7777778;0;0;3.9
8362800;-7;-4;42;96;-6.4;-4.2;4.5;0.7;68.8;0.6;-2.3;-2.6;-2.4;-3.1;1.6;300;0;0;5.9
8363700;-7;-5;42;96;-6.5;-4.6;4.5;0.7;67.9;0;-2.5;-2.8;-2.5;-3.3;1.6;300;0;0;5.9
8364600;-7;-5;42;96;-6.9;-4.7;4.4;1;66.6;0;-2.4;-2.7;-2.4;-3.3;1.6;300;0;0;5.9
8365500;-7;-4;42;98;-6.8;-4.7;4.4;1.4;66;0;-2.2;-2.5;-2.2;-3.1;1.6;300;0;0;5.9
8366400;-6;-4;43;99;-6.4;-4.4;4.3;1.4;66.1;0;-1.9;-2.3;-1.9;-2.8;2.1;291.6666667;0;0;5
8367300;-6;-4;43;99;-6.4;-4.2;4.4;1.4;65.4;0;-1.9;-2.2;-1.8;-2.7;2.1;291.6666667;0;0;5
8368200;-6;-4;43;99;-6.4;-4.2;4.4;1.4;66;0;-1.8;-2.1;-1.7;-2.6;2.1;291.6666667;0;0;5
8369100;-6;-4;43;101;-6.4;-4.2;4.4;1.5;65.9;0;-1.7;-2;-1.6;-2.6;2.1;291.6666667;0;0;5
8370000;-6;-4;43;100;-6.4;-4.2;4.4;1.6;66.7;0;-1.8;-2;-1.6;-2.7;2.2;288.8888889;0;0;4
8370900;-6;-4;43;100;-6.4;-4.2;4.5;1.6;67.1;0;-1.7;-1.9;-1.6;-2.6;2.2;288.8888889;0;0;4
8371800;-6;-4;43;101;-6;-4.2;4.4;1.6;66.8;0;-1.7;-1.9;-1.5;-2.5;2.2;288.8888889;0;0;4
8372700;-6;-4;43;100;-5.95;-3.95;4.45;3.35;65.45;0;-1.55;-1.85;-1.45;-2.45;2.2;288.8888889;0;0;4
8373600;-6;-4;43;99;-5.9;-3.7;4.5;5.1;64.1;0;-1.4;-1.8;-1.4;-2.4;2.8;294.4444444;0;0;3.4
8374500;-6;-4;43;99;-5.9;-3.7;4.6;6.4;63.9;0;-1.4;-1.7;-1.3;-2.3;2.8;294.4444444;0;0;3.4
8375400;-6;-4;43;100;-5.9;-3.7;4.4;6.4;64.2;0;-1.5;-1.8;-1.3;-2.4;2.8;294.4444444;0;0;3.4
8376300;-6;-4;43;100;-5.9;-3.7;4.3;6.4;64.9;0;-1.6;-2;-1.5;-2.6;2.8;294.4444444;0;0;3.4
8377200;-6;-4;43;98;-5.9;-3.7;4.7;6.1;63.4;0;-1.6;-1.9;-1.6;-2.5;0.8;300;0;0;2.9
8378100;-6;-4;43;100;-5.9;-3.7;4.7;5.9;63.3;0;-1.5;-1.8;-1.5;-2.5;0.8;300;0;0;2.9
8379000;-6;-3;43;102;-5.9;-3.7;4.5;5.9;68.9;0;-1.4;-1.5;-1.3;-2.2;0.8;300;0;0;2.9
8379900;-6;-4;43;101;-5.9;-3.7;3.6;5.9;79.3;0;-1.6;-1.7;-1.4;-2.4;0.8;300;0;0;2.9
8380800;-6;-4;43;99;-5.9;-3.9;3.1;1.6;88;0;-1.9;-2.2;-1.8;-2.8;1.4;288.8888889;0;0;2.3
8381700;-6;-4;43;98;-6.4;-4.2;3.1;1.6;88.2;0;-2.1;-2.4;-2;-3;1.4;288.8888889;0;0;2.3
8382600;-6;-4;43;97;-6.4;-4.2;3;1.6;86.5;0;-2.2;-2.5;-2.2;-3.2;1.4;288.8888889;0;0;2.3
8383500;-7;-4;42;97;-6.4;-4.5;3.2;1.6;84.1;0;-2.3;-2.7;-2.3;-3.3;1.4;288.8888889;0;0;2.3
8384400;-7;-5;43;96;-6.4;-4.7;3.4;2.2;83.3;0;-2.4;-2.8;-2.4;-3.4;1.9;305.5555556;0;0;2.1
8385300;-7;-5;42;94;-6.9;-4.7;3.6;2.3;81.6;0;-2.6;-3;-2.6;-3.6;1.9;305.5555556;0;0;2.1
8386200;-7;-5;42;94;-6.9;-4.7;3.8;1.6;80.9;0;-2.8;-3.1;-2.7;-3.7;1.9;305.5555556;0;0;2.1
8387100;-7;-5;42;95;-6.9;-4.7;3.9;0.7;77.9;0;-2.8;-3.1;-2.7;-3.8;1.9;305.5555556;0;0;2.1
8388000;-7;-5;42;93;-6.9;-4.9;3.9;0.7;77.1;0;-2.9;-3.1;-2.8;-3.8;1.5;305.5555556;0;0;3.3
8388900;-7;-5;42;93;-6.9;-5.2;3.9;0.7;76.1;0;-2.9;-3.3;-2.9;-3.9;1.5;305.5555556;0;0;3.3
8389800;-7;-5;43;93;-7;-5.2;4;0.7;75.3;0;-3.1;-3.4;-3;-4;1.5;305.5555556;0;0;3.3
8390700;-7;-5;43;93;-7.4;-5.4;4;0.7;74.2;0;-3.4;-3.6;-3.3;-4.3;1.5;305.5555556;0;0;3.3
8391600;-8;-6;43;90;-7.4;-5.7;4.2;0.6;72.3;0;-3.4;-3.8;-3.5;-4.5;1.6;291.6666667;0;0;2.7
8392500;-8;-6;43;91;-7.4;-5.7;4.3;0.6;71.2;0;-3.6;-3.9;-3.6;-4.5;1.6;291.6666667;0;0;2.7
8393400;-8;-6;43;87;-7.9;-5.7;4.2;1;70.2;0;-3.7;-4;-3.6;-4.6;1.6;291.6666667;0;0;2.7
8394300;-8;-6;44;88;-7.9;-5.9;4.2;1.7;69.9;0;-3.9;-4.2;-3.8;-4.8;1.6;291.6666667;0;0;2.7
8395200;-8;-6;44;89;-7.9;-6.2;4.1;1.6;69.7;0;-4.1;-4.4;-4.1;-5.1;1.3;291.6666667;11.11111111;11.11111111;3
8396100;-8;-6;45;87;-8.4;-6.2;4;1.6;70;0;-4.3;-4.6;-4.3;-5.2;1.3;291.6666667;11.11111111;11.11111111;3
8397000;-8;-7;44;86;-8.4;-6.7;4;1.5;72.2;0;-4.4;-4.7;-4.3;-5.3;1.3;291.6666667;11.11111111;11.11111111;3
8397900;-8;-7;45;93;-8.4;-6.7;4;1.4;72.5;0;-4.4;-4.7;-4.3;-5.4;1.3;291.6666667;11.11111111;11.11111111;3
8398800;-8;-6;45;90;-8.4;-6.7;4.6;1.2;69.9;1.6;-4.2;-4.6;-4.2;-5.2;1.6;280.5555556;72.22222222;75;3.3
8399700;-8;-6;44;90;-8.4;-6.7;4.8;1.2;67.6;2;-4.1;-4.4;-4;-5;1.6;280.5555556;72.22222222;75;3.3
8400600;-8;-6;44;86;-8;-6.3;4.9;1.3;65.6;2;-3.9;-4.2;-3.8;-4.8;1.6;280.5555556;72.22222222;75;3.3
8401500;-8;-6;44;89;-7.9;-6.2;4.5;1.4;64.8;2;-3.7;-4;-3.6;-4.7;1.6;280.5555556;72.22222222;75;3.3
8402400;-8;-6;43;89;-7.9;-6.1;4.5;1.4;64.7;37.8;-3.4;-3.7;-3.4;-4.5;2.2;258.3333333;191.6666667;250;3.4
8403300;-7;-5;43;93;-7.5;-5.7;4.7;1.4;64;46.8;-3.1;-3.4;-3;-4.1;2.2;258.3333333;191.6666667;250;3.4
8404200;-7;-5;42;94;-7.3;-5.2;5.2;1.4;63;46.8;-2.8;-3.1;-2.7;-3.8;2.2;258.3333333;191.6666667;250;3.4
8405100;-7;-5;43;98;-6.9;-5;5.2;1.4;61.1;46.8;-2.3;-2.7;-2.3;-3.4;2.2;258.3333333;191.6666667;250;3.4
8406000;-6;-4;43;100;-6.6;-4.6;5.3;1.7;59.1;142.4;-1.9;-2.2;-1.9;-3;3.1;263.8888889;272.2222222;397.2222222;2.8
8406900;-6;-4;43;103;-6.1;-4;5.9;1.8;53.8;177.2;-1.3;-1.7;-1.4;-2.5;3.1;263.8888889;272.2222222;397.2222222;2.8
8407800;-5;-3;43;110;-5.3;-3.1;7.3;1.9;49.9;177.2;-0.3;-0.6;-0.3;-1.6;3.1;263.8888889;272.2222222;397.2222222;2.8
8408700;-4;-2;43;111;-4.8;-2.4;7.1;2.1;48.6;177.2;0.3;0;0.2;-1.1;3.1;263.8888889;272.2222222;397.2222222;2.8
8409600;-4;-2;43;115;-4.2;-1.8;7.5;2.6;48.4;258.7;1;0.7;0.9;-0.4;3.8;288.8888889;269.4444444;411.1111111;3.1
8410500;-3;-1;43;121;-3.2;-0.8;7.8;2.8;46.7;288.4;2.1;1.8;2;0.6;3.8;288.8888889;269.4444444;411.1111111;3.1
8411400;-2;0;43;129;-1.9;0.7;8.7;2.9;46.4;288.4;3.5;3.3;3.4;1.9;3.8;288.8888889;269.4444444;411.1111111;3.1
8412300;-2;1;43;130;-1.4;1.3;8.6;3;43.9;288.4;3.9;3.8;3.9;2.4;3.8;288.8888889;269.4444444;411.1111111;3.1
8413200;-2;1;43;134;-1;1.7;8.7;3.5;44.4;360.5;4.4;4.4;4.5;3.1;3.5;297.2222222;233.3333333;297.2222222;3.5
8414100;0;3;43;143;0.8;3.6;9.8;3.7;40.9;396.6;6;6.2;6.1;4.5;3.5;297.2222222;233.3333333;297.2222222;3.5
8415000;0;2;43;136;0;2.9;8.5;3.7;43.9;396.6;4.9;4.9;5.1;3.8;3.5;297.2222222;233.3333333;297.2222222;3.5
8415900;0;2;43;137;0.1;2.8;8.2;3.8;44.5;396.6;5.1;5.1;5.2;4.1;3.5;297.2222222;233.3333333;297.2222222;3.5
8416800;0;1;43;133;-0.3;2.5;8.3;4.3;44.4;429.6;4.5;4.4;4.6;3.5;4.7;300;380.5555556;411.1111111;3
8417700;0;1;43;132;-0.6;2.1;8.9;4.5;42.5;446.1;4.2;4;4.2;3.1;4.7;300;380.5555556;411.1111111;3
8418600;0;1;43;130;-0.9;1.8;9;4.5;41.9;446.1;4;3.9;4;3;4.7;300;380.5555556;411.1111111;3
8419500;0;1;43;130;-0.9;1.8;9.2;4.5;41.2;446.1;3.9;3.8;3.9;2.9;4.7;300;380.5555556;411.1111111;3
8420400;0;1;43;135;-0.7;2;9.7;4.8;40.8;454.2;4.6;4.5;4.6;3.5;5.7;294.4444444;366.6666667;466.6666667;2.9
8421300;0;2;43;141;0;2.9;10.3;4.9;38.9;458.3;5.6;5.5;5.6;4.4;5.7;294.4444444;366.6666667;466.6666667;2.9
8422200;0;3;43;144;0.6;3.8;10.4;4.9;39.3;458.3;6.1;6.1;6.2;5;5.7;294.4444444;366.6666667;466.6666667;2.9
8423100;0;3;43;144;0.8;3.8;10.6;4.9;37.8;458.3;6.4;6.3;6.4;5.3;5.7;294.4444444;366.6666667;466.6666667;2.9
8424000;2;5;43;154;2.4;5.5;10.6;5.3;37;453.6;8;8;8;6.9;6.7;297.2222222;361.1111111;558.3333333;2.6
8424900;1;4;43;147;2.5;5.5;10;5.5;38.2;451.2;7.5;7.5;7.5;6.4;6.7;297.2222222;361.1111111;558.3333333;2.6
8425800;1;4;40;134;2.3;5;10.3;5.4;37.6;451.9;7;7;7.1;5.9;6.7;297.2222222;361.1111111;558.3333333;2.6
8426700;2;4;37;126;2.3;4.8;10.7;5.3;37.7;453.7;7.2;7.1;7.2;5.9;6.7;297.2222222;361.1111111;558.3333333;2.6
8427600;1;4;40;141;2.2;5.2;11.2;5.7;36.5;437.9;7.5;7.3;7.5;6.3;7;272.2222222;258.3333333;400;2.1
8428500;1;4;42;148;2;4.9;11.4;5.8;35;432.1;7.1;7;7.1;6;7;272.2222222;258.3333333;400;2.1
8429400;2;5;43;160;2.8;6.1;11.6;5.9;33.9;432.1;8.9;8.9;8.9;7.7;7;272.2222222;258.3333333;400;2.1
8430300;3;6;43;161;3.7;6.9;11.3;6.2;33.9;432.1;9.4;9.6;9.5;8.3;7;272.2222222;258.3333333;400;2.1
8431200;3;8;41;241;4.1;9.2;12.3;6.6;33.5;383;11.8;12;11.8;10.5;8;266.6666667;177.7777778;491.6666667;1.1
8432100;4;8;35;207;4.9;9.5;11.8;6.8;33.4;365.2;11.7;12;11.6;10.2;8;266.6666667;177.7777778;491.6666667;1.1
8433000;4;7;43;169;4.7;8.2;11;7;35.7;365.2;10;10.1;10.1;8.7;8;266.6666667;177.7777778;491.6666667;1.1
8433900;2;6;43;159;3.5;6.9;10.9;7.3;36.4;365.2;9;9;9.1;8;8;266.6666667;177.7777778;491.6666667;1.1
8434800;3;7;38;153;4.4;7.5;11.4;7.3;34.8;325.9;10.1;10.3;10.2;9;7.6;250;88.88888889;333.3333333;1.4
8435700;2;7;40;204;3.6;8;11.1;7.3;35.5;311.6;10;10.1;9.9;8.8;7.6;250;88.88888889;333.3333333;1.4
8436600;3;7;42;165;4.3;7.8;11;7.2;35.9;311.6;9.8;9.9;9.9;8.6;7.6;250;88.88888889;333.3333333;1.4
8437500;3;6;43;161;3.8;7.2;10.8;7.1;36.2;311.6;9.1;9.1;9.2;8;7.6;250;88.88888889;333.3333333;1.4
8438400;2;6;37;130;3.7;6.6;10.6;7;36.3;257.3;8.6;8.6;8.7;7.4;7.8;247.2222222;44.44444444;147.2222222;1.6
8439300;2;5;40;147;2.7;6;10.4;7;36.6;237.6;7.8;7.9;7.9;6.8;7.8;247.2222222;44.44444444;147.2222222;1.6
8440200;1;5;40;134;2.3;5.5;10.2;7.3;37.7;237.6;7.4;7.4;7.5;6.3;7.8;247.2222222;44.44444444;147.2222222;1.6
8441100;0;3;43;143;1.4;4.4;10;8;37.9;237.6;6.2;6.1;6.3;5.2;7.8;247.2222222;44.44444444;147.2222222;1.6
8442000;0;2;43;135;0.4;3.2;9.6;7.7;38.6;151.6;5.1;4.9;5.1;4.1;6.8;244.4444444;8.333333333;19.44444444;2.8
8442900;0;1;43;127;-0.7;2;9.1;7.6;39.6;120.3;3.9;3.5;3.9;2.9;6.8;244.4444444;8.333333333;19.44444444;2.8
8443800;0;0;37;44;0.4;1.1;8.6;7.5;42.1;120.3;3.1;2.9;3.3;2.2;6.8;244.4444444;8.333333333;19.44444444;2.8
8444700;0;0;26;67;0.1;1.1;7.9;7.4;44.6;120.3;3.7;3.4;3.7;2.6;6.8;244.4444444;8.333333333;19.44444444;2.8
8445600;-2;0;43;118;-2.4;0.1;7.2;6.9;48;56.9;1.9;1.6;1.9;1.3;6;244.4444444;0;0;2.7
8446500;-4;-1;43;108;-3.9;-1.5;6.5;6.6;51.6;25.2;0.2;0;0.2;-0.3;6;244.4444444;0;0;2.7
8447400;-5;-3;43;103;-5.1;-2.9;6;6.9;53.6;25.9;-1.1;-1.4;-1.2;-1.7;6;244.4444444;0;0;2.7
8448300;-6;-4;43;99;-6.1;-4;5.6;7.1;53.6;26.3;-2.2;-2.4;-2.2;-2.9;6;244.4444444;0;0;2.7
8449200;-7;-5;43;94;-6.9;-4.9;5.2;6.6;55.3;8.8;-3;-3.2;-3;-3.6;4.8;244.4444444;0;0;2.8
8450100;-8;-6;43;91;-7.4;-5.5;4.9;6.3;57.5;0;-3.7;-3.9;-3.6;-4.3;4.8;244.4444444;0;0;2.8
8451000;-8;-6;44;90;-8;-6.1;4.6;6.3;57.8;0;-4.2;-4.4;-4.1;-5;4.8;244.4444444;0;0;2.8
8451900;-8;-7;44;84;-8.2;-6.7;4.3;6.3;59.2;0;-4.5;-4.9;-4.5;-5.3;4.8;244.4444444;0;0;2.8
8452800;-9;-7;45;86;-8.7;-6.7;4.1;5.8;60.2;0;-4.6;-5.1;-4.7;-5.4;3.7;241.6666667;0;0;1.4
8453700;-9;-7;45;86;-8.7;-6.7;3.9;5.6;60.9;0;-4.6;-5.1;-4.6;-5.4;3.7;241.6666667;0;0;1.4
8454600;-8;-7;45;83;-8.7;-6.7;3.7;5.5;61.6;0;-4.6;-5.1;-4.7;-5.3;3.7;241.6666667;0;0;1.4
8455500;-8;-7;44;88;-8.7;-6.7;3.6;5.4;63.1;0;-4.4;-4.9;-4.5;-5.1;3.7;241.6666667;0;0;1.4
8456400;-8;-7;46;87;-8.7;-6.7;3.5;5;63.9;0;-4.4;-4.8;-4.4;-5.2;2.9;241.6666667;0;0;2.7
8457300;-7;-7;32;60;-7.4;-6.7;3.3;4.8;65;0;-4.6;-5;-4.6;-5.5;2.9;241.6666667;0;0;2.7
8458200;-4;-3;0;0;-3.5;-3.7;3.2;4.5;65.9;0;-4.3;-4.6;-4.2;-5.2;2.9;241.6666667;0;0;2.7
8459100;-5.5;-4;21.5;43;-5.25;-4.45;3;3.65;66.7;0;-3.8;-4.15;-3.75;-4.65;2.9;241.6666667;0;0;2.7
8460000;-7;-5;43;86;-7;-5.2;2.8;2.8;67.5;0;-3.3;-3.7;-3.3;-4.1;1.9;241.6666667;0;0;3.8
8460900;-8;-6;44;87;-8;-6.2;2.8;2.1;68.6;0;-4.4;-4.5;-4.3;-5;1.9;241.6666667;0;0;3.8
8461800;-6;-6;19;32;-6.4;-6.5;2.6;2.1;68.8;0;-4.8;-4.9;-4.7;-5.6;1.9;241.6666667;0;0;3.8
8462700;-5;-2;0;0;-5;-2;2.5;2.1;69.6;0;-4.3;-4.3;-4.1;-5.1;1.9;241.6666667;0;0;3.8
8463600;-6;-2;20;31;-5.3;-1.5;2.5;1.9;69.9;0;-3.2;-3.7;-3.2;-4.2;0.9;244.4444444;0;0;2.7
8464500;-8;-6;43;90;-7.5;-5.6;2.6;1.8;69.7;0;-3.6;-4.1;-3.8;-4.2;0.9;244.4444444;0;0;2.7
8465400;-8;-6;45;88;-8.1;-6.3;2.5;1.8;69.5;0;-4.2;-4.8;-4.3;-4.9;0.9;244.4444444;0;0;2.7
8466300;-9;-7;45;87;-8.5;-6.8;2.5;1.8;69.2;0;-4.6;-5.2;-4.7;-5.3;0.9;244.4444444;0;0;2.7
8467200;-5;-4;4;5;-4.9;-5.1;2.3;1.7;69.6;0;-4.3;-4.8;-4.4;-5.1;0.8;236.1111111;0;0;3.2
8468100;-5;-2;7;9;-4.7;-2.2;2.2;1.6;69.7;0;-3.4;-4;-3.5;-4.4;0.8;236.1111111;0;0;3.2
8469000;-7;-5;43;89;-6.9;-5.2;2.2;1.6;70.2;0;-3.3;-3.8;-3.4;-4;0.8;236.1111111;0;0;3.2
8469900;-8;-6;44;85;-8.2;-6.4;2;1.6;71.1;0;-4.5;-4.8;-4.5;-5.1;0.8;236.1111111;0;0;3.2
8470800;-5;-4;4;5;-5.1;-5.3;1.7;1.1;72.4;0;-4.7;-5;-4.6;-5.4;0.8;241.6666667;0;0;2.9
8471700;-5;-1;0;0;-4.9;-0.3;1.6;1.1;72.6;0;-4.1;-4.3;-4;-4.8;0.8;241.6666667;0;0;2.9
8472600;-7;-4;30;63;-6.4;-3.4;1.5;0.9;73.6;0;-3.4;-3.7;-3.4;-4.1;0.8;241.6666667;0;0;2.9
8473500;-8;-6;45;84;-8;-6.2;1.6;0.7;73.8;0;-4.4;-4.7;-4.4;-5;0.8;241.6666667;0;0;2.9
8474400;-6;-5;8;11;-5.9;-5.7;1.5;0.8;74;0;-4.7;-4.9;-4.6;-5.5;0.3;241.6666667;0;0;3.1
8475300;-5;-2;0;0;-5.3;-2;1.4;0.8;74.5;0;-4.1;-4.3;-3.9;-4.9;0.3;241.6666667;0;0;3.1
8476200;-6;-4;29;54;-6.2;-3.9;1.2;0.8;75.1;0;-3.3;-3.7;-3.2;-4.2;0.3;241.6666667;0;0;3.1
8477100;-8;-6;43;86;-7.9;-6;1.2;0.7;75.2;0;-4.2;-4.4;-4.1;-4.8;0.3;241.6666667;0;0;3.1
8478000;-8;-7;42;76;-8;-6.7;1.3;1;75.2;0;-4.8;-4.9;-4.7;-5.5;-0.1;244.4444444;0;0;3.4
8478900;-5;-3;0;0;-5.1;-4.3;1.3;1.1;75.2;0;-4.5;-4.4;-4.3;-5.4;-0.1;244.4444444;0;0;3.4
8479800;-5;-2;0;2;-5.1;-1.6;1.1;1.1;75.7;0;-3.8;-4;-3.7;-4.8;-0.1;244.4444444;0;0;3.4
8480700;-7;-5;43;84;-7;-5.2;1.1;1;76.2;0;-3.5;-3.7;-3.4;-4.2;-0.1;244.4444444;0;0;3.4
8481600;-8;-6;44;85;-8.1;-6.4;1.2;0.9;76;0;-4.5;-4.7;-4.4;-5.2;0.1;241.6666667;16.66666667;16.66666667;3.5
8482500;-6;-5;11;18;-5.8;-5.9;1.1;0.8;75.7;0;-4.7;-4.9;-4.6;-5.4;0.1;241.6666667;16.66666667;16.66666667;3.5
8483400;-5;-2;0;0;-5.1;-2.1;1.1;0.6;76;0;-4.1;-4.3;-3.9;-4.9;0.1;241.6666667;16.66666667;16.66666667;3.5
8484300;-6;-4;29;59;-6.1;-4;1.1;0.1;75.9;0;-3.4;-3.6;-3.3;-4.1;0.1;241.6666667;16.66666667;16.66666667;3.5
8485200;-8;-6;45;87;-7.8;-6;1.4;0.4;75.6;2.1;-4.1;-4.3;-4;-4.7;0.9;247.2222222;83.33333333;125;2.5
8486100;-8;-6;45;84;-8.3;-6.4;1.9;0.5;73.8;2.8;-4.4;-4.7;-4.3;-5;0.9;247.2222222;83.33333333;125;2.5
8487000;-8;-6;45;86;-8.3;-6.4;2.5;0.4;71.3;2.8;-4.3;-4.7;-4.3;-5.1;0.9;247.2222222;83.33333333;125;2.5
8487900;-8;-6;45;89;-8.3;-6.4;3;0.2;69;2.8;-4;-4.5;-4;-5;0.9;247.2222222;83.33333333;125;2.5
8488800;-8;-6;45;90;-7.9;-6.2;3.6;0.9;66.3;58;-3.5;-4;-3.4;-4.5;3.3;258.3333333;158.3333333;277.7777778;3.1
8489700;-7;-5;43;94;-7.2;-5.4;4.2;1.1;63.5;78.1;-2.6;-3.1;-2.6;-3.7;3.3;258.3333333;158.3333333;277.7777778;3.1
8490600;-6;-4;43;100;-6.4;-4.4;4.8;1.1;62.5;78.4;-1.6;-2.1;-1.6;-2.8;3.3;258.3333333;158.3333333;277.7777778;3.1
8491500;-5;-3;43;105;-5.6;-3.5;5.8;1;59.6;79.1;-0.8;-1.1;-0.7;-1.9;3.3;258.3333333;158.3333333;277.7777778;3.1
8492400;-4;-2;43;110;-4.6;-2.5;6.7;2.2;57.6;154.3;0.2;0;0.3;-0.9;6.1;-2775;238.8888889;361.1111111;3.1
8493300;-4;-2;43;116;-3.8;-1.4;7.6;2.7;54.9;181.6;1.2;1.1;1.3;0.1;6.1;-2775;238.8888889;361.1111111;3.1
8494200;-3;0;43;121;-2.9;-0.4;8.3;2.6;52;181.6;2.3;2.2;2.4;1;6.1;-2775;238.8888889;361.1111111;3.1
8495100;-2;0;43;127;-1.9;0.7;8.8;2.5;49.8;181.6;3.4;3.2;3.4;2.1;6.1;-2775;238.8888889;361.1111111;3.1
8496000;-2;1;43;130;-1.2;1.4;9.6;4.1;48;248.9;4.1;3.9;4.1;2.7;8;297.2222222;302.7777778;322.2222222;3.5
8496900;0;1;43;134;-0.7;2.1;10.6;4.9;46.3;282.5;4.8;4.5;4.7;3.5;8;297.2222222;302.7777778;322.2222222;3.5
8497800;0;2;43;136;-0.3;2.5;11.6;5.1;43.4;282.5;5.2;5;5.1;4;8;297.2222222;302.7777778;322.2222222;3.5
8498700;0;3;43;139;0.4;3.2;12.8;5.5;37.6;282.5;5.8;5.7;5.9;4.7;8;297.2222222;302.7777778;322.2222222;3.5
8499600;0;3;43;144;1.1;4;13.7;7;34.5;362.2;6.7;6.6;6.7;5.7;10.9;311.1111111;350;386.1111111;4.1
8500500;1;4;37;142;2.1;5;14.1;7.7;33;402;7.7;7.7;7.7;6.6;10.9;311.1111111;350;386.1111111;4.1
8501400;2;5;38;142;2.6;5.6;14.9;7.9;31.7;402;8.2;8.1;8.2;7.1;10.9;311.1111111;350;386.1111111;4.1
8502300;2;6;43;162;2.9;6.6;15;8.2;29.5;402;8.9;8.8;8.9;7.8;10.9;311.1111111;350;386.1111111;4.1
8503200;3;6;43;161;3.5;6.8;15.5;9.8;29.2;510.8;9.4;9.3;9.4;8.3;12.1;319.4444444;347.2222222;350;3.2
8504100;3;7;38;211;3.4;7.9;16.2;10;27.3;527.5;10.3;10.2;10.2;9.2;12.1;319.4444444;347.2222222;350;3.2
8505000;4;7;38;162;4.3;8.1;16.1;10;27.5;527.5;10.4;10.4;10.5;9.1;12.1;319.4444444;347.2222222;350;3.2
8505900;4;7;43;171;4.5;8.1;16.6;10;27.1;527.5;10.5;10.4;10.5;9.2;12.1;319.4444444;347.2222222;350;3.2
8506800;4;7;41;138;5.3;8.1;16.1;11.2;27.7;562.1;10.6;10.6;10.7;9.4;12.9;319.4444444;383.3333333;422.2222222;2.1
8507700;6;8;39;105;6.5;8.9;16.1;11.5;28.5;570.8;11.5;11.4;11.6;10.3;12.9;319.4444444;383.3333333;422.2222222;2.1
8508600;7;9;43;112;7.9;10;16.9;11.8;28.2;577.4;12.5;12.5;12.7;11.3;12.9;319.4444444;383.3333333;422.2222222;2.1
8509500;5;9;43;184;6.7;10.6;17.6;12.4;27.3;590.6;12.5;12.4;12.5;11.5;12.9;319.4444444;383.3333333;422.2222222;2.1
8510400;7;10;35;108;8.4;10.9;18.1;13.4;25.5;564.9;13.7;13.7;13.6;12.3;14.7;313.8888889;386.1111111;505.5555556;2.9
8511300;3;11;40;347;4.5;11.9;18.1;13.7;24.1;555.5;14;14.1;13.8;12.9;14.7;313.8888889;386.1111111;505.5555556;2.9
8512200;6;10;41;188;7.2;11.1;18.2;13.6;23.4;555.5;13.6;13.5;13.5;12.3;14.7;313.8888889;386.1111111;505.5555556;2.9
8513100;5;11;41;308;5.7;12.2;18.1;13.5;24.2;555.5;14.7;14.6;14.5;13.5;14.7;313.8888889;386.1111111;505.5555556;2.9
8514000;5;11;38;247;6;11.7;18.5;14;24;556.8;14.3;14.3;14.1;12.8;14.6;308.3333333;325;450;2.1
8514900;7;12;43;210;8.3;12.6;19.1;14.3;24;557.4;14.9;14.9;14.8;13.4;14.6;308.3333333;325;450;2.1
8515800;5;12;39;290;6;12.6;19.6;14;23.5;557.4;14.9;14.7;14.5;13.5;14.6;308.3333333;325;450;2.1
8516700;5;10;38;230;6;11.2;19.7;13.8;23.1;557.4;13.2;13.3;13.2;11.9;14.6;308.3333333;325;450;2.1
8517600;6;11;38;293;6.2;11.9;20;14.4;23.1;457.2;14.4;14.4;14.3;13.1;15.2;305.5555556;238.8888889;330.5555556;2
8518500;5;11;41;284;6;12.1;20;14.4;24.1;457.2;14.4;14.4;14.2;12.8;15.2;305.5555556;238.8888889;330.5555556;2
8519400;6;11;38;256;6.2;12.4;19.7;14.9;25;457.2;14.8;14.7;14.7;13.5;15.2;305.5555556;238.8888889;330.5555556;2
8520300;5;11;43;255;6;11.7;19.4;15.3;25.1;457.2;13.7;13.6;13.4;12.1;15.2;305.5555556;238.8888889;330.5555556;2
8521200;5;10;43;227;6;10.7;18.9;15.4;25.6;378.1;12.7;12.7;12.6;11.4;15.6;308.3333333;122.2222222;175;1.6
8522100;5;9;43;203;5.7;9.9;18.7;15.4;24.9;372.5;11.9;11.9;11.9;10.8;15.6;308.3333333;122.2222222;175;1.6
8523000;4;9;38;184;5.5;9.6;18.5;15.2;23.6;372.5;12.3;12.2;12.2;11;15.6;308.3333333;122.2222222;175;1.6
8523900;7;10;39;131;7.9;10.6;18.3;14.8;23.2;372.5;13.1;13.1;13.2;11.7;15.6;308.3333333;122.2222222;175;1.6
8524800;7;10;39;111;8.1;10.6;17.5;14.2;25.4;276.8;12.9;12.7;13;11.8;15.1;325;52.77777778;55.55555556;2.2
8525700;7;10;34;94;8;10.6;17.1;14;26.7;252.9;12.8;12.6;13;11.8;15.1;325;52.77777778;55.55555556;2.2
8526600;4;9;43;242;4.8;9.7;16.9;14.2;27.7;252.9;11.7;11.3;11.4;10.7;15.1;325;52.77777778;55.55555556;2.2
8527500;4;7;43;152;5.2;8.3;16.8;14.4;27.9;252.9;10.2;10;10.2;9.2;15.1;325;52.77777778;55.55555556;2.2
8528400;4;6;43;126;4.9;7.4;16.6;13.3;29.2;146.1;9.3;9.1;9.3;8.3;14.4;327.7777778;8.333333333;8.333333333;2.5
8529300;3;6;43;105;4.4;6.6;16;13;30.4;119.4;8.5;8.3;8.6;7.6;14.4;327.7777778;8.333333333;8.333333333;2.5
8530200;3;5;43;92;4.2;6.1;15.7;13.5;33.5;119.4;8;7.7;8.1;7.2;14.4;327.7777778;8.333333333;8.333333333;2.5
8531100;3;5;37;70;4;5.6;15.2;14.3;33.7;119.4;8;7.5;8;7.2;14.4;327.7777778;8.333333333;8.333333333;2.5
8532000;3;5;39;92;3.9;6.1;15.1;13.4;33.3;40.1;8.5;7.9;8.5;7.6;14.1;333.3333333;0;0;2.7
8532900;3;6;39;87;4.3;6.1;14.9;13.2;33.6;20.3;8.6;8.3;8.7;7.8;14.1;333.3333333;0;0;2.7
8533800;3;6;40;116;4;6.3;14.6;13.6;35.3;20.5;8.6;8.1;8.6;7.8;14.1;333.3333333;0;0;2.7
8534700;3;5;43;93;4.1;6.1;14.4;14.2;35.9;20.8;8.1;7.6;8.1;7.2;14.1;333.3333333;0;0;2.7
8535600;3;5;43;83;4.1;5.6;14.3;13.6;36.4;4.2;7.7;7.2;7.7;6.9;13.7;341.6666667;0;0;2.7
8536500;3;4;43;81;4.1;5.6;14.2;13.5;37.8;0;7.6;7.2;7.6;6.8;13.7;341.6666667;0;0;2.7
8537400;3;4;43;71;3.9;5.2;14;13.7;38.8;0;7.2;6.9;7.3;6.3;13.7;341.6666667;0;0;2.7
8538300;2;4;43;65;3.6;5.1;13.8;13.9;39;0;7;6.7;7.1;6.2;13.7;341.6666667;0;0;2.7
8539200;2;4;43;66;3.6;5.1;13.8;13.3;40.8;0;6.9;6.7;7;6.2;12.7;350;0;0;3.3
8540100;2;4;43;64;3.6;5.1;13.6;13.2;41.9;0;6.9;6.6;7;6.2;12.7;350;0;0;3.3
8541000;2;4;43;61;3.6;4.6;13.5;13.4;43;0;6.8;6.5;6.9;6;12.7;350;0;0;3.3
8541900;2;4;43;61;3.6;4.6;13.4;13.7;43.8;0;6.8;6.5;6.9;6;12.7;350;0;0;3.3
8542800;2;4;36;55;3.6;4.6;13.3;13.5;44.1;0;6.9;6.5;7;6;13.1;347.2222222;0;0;1.8
8543700;2;4;39;85;3;4.6;13.5;13.4;43.1;0;7.2;6.6;7;6.2;13.1;347.2222222;0;0;1.8
8544600;2;4;38;74;3.2;4.6;13.8;13.5;41.4;0;7.2;6.7;7.1;6.2;13.1;347.2222222;0;0;1.8
8545500;2;4;40.5;68;3.35;4.6;13.85;8.95;41.8;0;7.05;6.65;7;6.05;13.1;347.2222222;0;0;1.8
8546400;2;4;43;62;3.5;4.6;13.9;4.4;42.2;0;6.9;6.6;6.9;5.9;11.9;344.4444444;0;0;3.1
8547300;2;4;43;68;3.5;4.6;13.8;2.1;42.6;0;7.1;6.8;7.2;6.1;11.9;344.4444444;0;0;3.1
8548200;2;4;38;112;2.7;4.9;13.8;2.1;43.2;0;7.2;6.9;7.3;6.4;11.9;344.4444444;0;0;3.1
8549100;0;3;43;143;1.2;4.3;13.7;2.1;44.3;0;6.1;5.8;6.2;5.4;11.9;344.4444444;0;0;3.1
8550000;1;3;30;63;2.2;3.6;13.7;1.9;44.3;0;6;5.9;6.1;5.1;11.6;300;0;0;2.8
8550900;2;3;0;0;3.1;3.9;13.5;1.8;44.2;0;6.7;6.7;7;5.3;11.6;300;0;0;2.8
8551800;2;4;29;104;2.6;5.2;13.2;1.8;45.5;0;7.7;7.4;7.8;6.5;11.6;300;0;0;2.8
8552700;0;3;43;141;1.1;4;12.4;1.8;47.4;0;5.8;5.5;5.7;5.1;11.6;300;0;0;2.8
8553600;0;2;43;135;-0.2;2.7;12;1.6;48.3;0;4.6;4.2;4.5;3.9;12.1;336.1111111;0;0;4.8
8554500;0;1;43;131;-0.9;1.8;11.7;1.6;50.3;0;3.8;3.3;3.7;2.8;12.1;336.1111111;0;0;4.8
8555400;-2;0;43;126;-1.8;0.8;11.5;1.6;51.1;0;2.9;2.6;2.8;1.9;12.1;336.1111111;0;0;4.8
8556300;-2;0;43;126;-1.9;0.6;12;1.6;49.6;0;2.7;2.4;2.6;1.6;12.1;336.1111111;0;0;4.8
8557200;-2;0;43;126;-1.9;0.6;12.4;9;47.2;0;2.7;2.3;2.7;1.7;11.9;341.6666667;0;0;3.9
8558100;-2;0;43;127;-1.9;0.6;12.8;10.8;46.1;0;3.1;2.8;3;2.2;11.9;341.6666667;0;0;3.9
8559000;-2;1;43;134;-1.4;1.3;13.2;10.9;44.6;0;4;3.6;3.9;3;11.9;341.6666667;0;0;3.9
8559900;-1;1;43;138;-0.7;2.1;13.5;11.2;43.5;0;4.8;4.3;4.6;3.6;11.9;341.6666667;0;0;3.9
8560800;0;2;43;139;-0.4;2.5;13.5;10.7;43.7;0;5;4.6;5;3.8;11.8;344.4444444;0;0;3
8561700;0;1;43;135;-0.4;2.5;13.4;10.6;44.4;0;4.5;4.2;4.6;3.4;11.8;344.4444444;0;0;3
8562600;0;1;39;92;0.6;2.2;13.3;10.6;44.9;0;4.5;4.5;4.7;3.6;11.8;344.4444444;0;0;3
8563500;1;2;10;9;2.1;2.6;13.3;10.6;45.6;0;5.7;5.8;6;4.2;11.8;344.4444444;0;0;3
8564400;1;3;13;41;2.1;3.6;13.3;10;45.6;0;7.2;7.3;7.6;5.6;11.6;350;0;0;3.2
8565300;2;4;39;121;2.7;5.4;13.3;9.9;46.5;0;7.3;7.2;7.5;6.4;11.6;350;0;0;3.2
8566200;1;4;43;147;1.8;4.9;13.3;10.4;47.9;0;6.8;6.5;6.9;5.9;11.6;350;0;0;3.2
8567100;0;3;43;143;1.4;4.3;13.3;11.4;48.9;0;6.3;6;6.3;5.3;11.6;350;0;0;3.2
8568000;0;3;43;142;1;4.2;13.2;11;50;0;6.2;5.9;6.2;5.2;10.8;347.2222222;0;0;2.9
8568900;1;3;40;114;1.5;4.2;13.1;10.8;50.9;0;6.5;6;6.3;5.2;10.8;347.2222222;0;0;2.9
8569800;2;4;41;64;3.1;4.4;12.9;11.3;51.5;0;7.1;6.8;7.1;5.9;10.8;347.2222222;0;0;2.9
8570700;2;4;43;142;2.5;5.4;12.8;11.5;52;0;7.6;7.3;7.7;6.6;10.8;347.2222222;0;0;2.9
8571600;1;4;43;147;1.9;5;12.7;11.2;52.9;0.8;7;6.6;6.9;6.1;10.3;350;33.33333333;33.33333333;3.1
8572500;0;3;43;142;1.5;4.4;12.3;11;57.5;1.2;6.3;6.1;6.4;5.4;10.3;350;33.33333333;33.33333333;3.1
8573400;0;3;43;140;0.9;4.1;12.3;11.3;57.4;1.2;6;5.8;6.1;5;10.3;350;33.33333333;33.33333333;3.1
8574300;1;3;39;89;1.7;3.7;12.6;11.5;55.9;1.2;6.2;6;6.3;5.1;10.3;350;33.33333333;33.33333333;3.1
8575200;3;4;34;88;2.9;4.5;12.7;11.4;54.4;33.6;7.1;6.9;7.2;6.1;10.5;350;38.88888889;38.88888889;2.1
8576100;2;4;43;88;3.4;4.9;12.8;11.4;53.4;33.6;7.4;7.2;7.6;6.5;10.5;350;38.88888889;38.88888889;2.1
8577000;3;5;38;85;3.4;5.2;12.7;11.2;53.5;29.4;7.8;7.5;7.8;6.8;10.5;350;38.88888889;38.88888889;2.1
8577900;1;5;43;150;2.6;5.6;13;11.1;53.1;25.8;7.8;7.5;7.7;6.8;10.5;350;38.88888889;38.88888889;2.1
8578800;1;4;43;149;2;5.2;13.1;11.7;54.2;79.3;7.2;6.9;7.2;6.2;10.6;350;50;50;2.2
8579700;1;4;43;144;1.9;4.7;13.3;11.7;54;83.1;6.9;6.7;7;5.9;10.6;350;50;50;2.2
8580600;1;4;40;114;2.2;4.7;13.3;11.5;53.6;83.1;7.1;6.9;7.2;6;10.6;350;50;50;2.2
8581500;3;4;41;66;3.7;5;13.1;11.2;54.1;83.1;7.6;7.3;7.7;6.5;10.6;350;50;50;2.2
8582400;2;5;43;146;2.9;5.7;12.9;11.9;55;144.4;8.1;7.8;8.2;7.1;10.3;350;94.44444444;94.44444444;1.8
8583300;1;4;43;150;2.5;5.5;12.9;12;56.4;153.8;7.5;7.3;7.5;6.5;10.3;350;94.44444444;94.44444444;1.8
8584200;1;4;43;147;2;5.2;13.3;11.8;56.2;153.8;7.3;7.1;7.3;6.2;10.3;350;94.44444444;94.44444444;1.8
8585100;2;4;40;112;2.7;5.2;13.3;11.5;56.1;153.8;7.6;7.4;7.6;6.5;10.3;350;94.44444444;94.44444444;1.8
8586000;3;5;41;64;4.3;5.6;13.5;12.1;55;247.1;8.2;8.1;8.3;7;10.9;350;100;100;2
8586900;2;6;43;148;3.5;6.6;13.6;12.3;53.7;270.4;8.7;8.6;8.8;7.8;10.9;350;100;100;2
8587800;2;5;43;153;3;6.2;13.7;12;52.6;270.4;8.1;7.9;8.2;7.1;10.9;350;100;100;2
8588700;2;5;43;147;2.9;5.7;13.7;11.5;52;270.4;7.8;7.6;7.8;6.8;10.9;350;100;100;2
8589600;2;5;39;95;3.3;5.7;13.9;11.9;51.4;331.8;7.9;7.7;8;6.7;11.9;347.2222222;186.1111111;186.1111111;2.4
8590500;4;5;36;67;4.4;5.9;14.3;12.1;50.9;354.1;8.4;8.3;8.6;7.2;11.9;347.2222222;186.1111111;186.1111111;2.4
8591400;2;6;43;159;3.5;6.7;15.3;11.2;48.1;358.8;8.8;8.7;8.9;7.9;11.9;347.2222222;186.1111111;186.1111111;2.4
8592300;2;5;43;155;3.1;6.3;15.4;10.8;47.2;361.2;8.4;8.3;8.4;7.4;11.9;347.2222222;186.1111111;186.1111111;2.4
8593200;3;5;41;124;3.6;6.3;16.2;11.2;45.8;359.9;8.7;8.6;8.7;7.6;13.1;341.6666667;352.7777778;377.7777778;2.5
8594100;5;7;40;92;5.7;7.6;17.2;11.4;42.9;359.2;10.4;10.3;10.4;9.2;13.1;341.6666667;352.7777778;377.7777778;2.5
8595000;7;9;43;134;7.3;10;17.7;11.4;41.5;359.2;12.6;12.6;12.7;11.6;13.1;341.6666667;352.7777778;377.7777778;2.5
8595900;6;10;43;184;7;10.7;18.4;11.4;40.3;359.2;12.7;12.7;12.7;11.7;13.1;341.6666667;352.7777778;377.7777778;2.5
8596800;4;9;42;257;4.7;10.1;18.5;12.1;39.5;364.9;12.1;12.1;11.9;11.1;14;313.8888889;263.8888889;577.7777778;3.9
8597700;4;9;38;172;5.7;9.5;18.7;12.1;39.5;364.9;12.1;12;12;10.8;14;313.8888889;263.8888889;577.7777778;3.9
8598600;5;10;37;241;5.6;10.8;18.4;12.3;39.5;364.9;13.4;13.2;13.1;12.3;14;313.8888889;263.8888889;577.7777778;3.9
8599500;5;11;43;273;6.1;11.6;18.9;12.4;38.2;364.9;14.4;14.4;14.1;13.2;14;313.8888889;263.8888889;577.7777778;3.9
8600400;6;12;43;309;6.6;13.2;19.1;13;36.4;381;15.7;15.7;15.4;14.3;15.6;313.8888889;241.6666667;547.2222222;4
8601300;6;13;39;278;6.9;13.2;18.4;13.1;36.7;383.5;15.8;15.9;15.6;14.5;15.6;313.8888889;241.6666667;547.2222222;4
8602200;8;13;42;221;9.2;13.8;18.5;13.3;36.5;383.5;16.2;16.3;16.1;14.7;15.6;313.8888889;241.6666667;547.2222222;4
8603100;10;14;40;181;11.1;14.7;19.3;13.6;33.2;383.5;17.4;17.6;17.4;15.9;15.6;313.8888889;241.6666667;547.2222222;4
8604000;12;15;39;136;12.6;15.7;19.6;14.1;33;331.4;18.1;18.2;18.1;16.6;15.8;316.6666667;241.6666667;400;2.6
8604900;10;15;38;221;10.8;15.8;19.4;14.2;33.1;323.4;18.2;18.2;18.2;17;15.8;316.6666667;241.6666667;400;2.6
8605800;6;13;43;331;7.3;14.2;20.3;14.4;31.5;323.4;16;16.1;15.7;14.9;15.8;316.6666667;241.6666667;400;2.6
8606700;6;12;43;271;7.4;13;20.7;14.6;30.3;323.4;15;15;14.8;13.5;15.8;316.6666667;241.6666667;400;2.6
8607600;6;12;43;269;7;12.7;20.5;14.6;26.5;232.5;15;15;14.8;13.6;17.2;313.8888889;155.5555556;277.7777778;2.8
8608500;6;11;43;232;7;12;20;14.6;28.9;232.5;14;13.9;13.8;12.6;17.2;313.8888889;155.5555556;277.7777778;2.8
8609400;6;11;43;233;7;11.7;20;14.9;31.5;232.5;13.8;13.8;13.7;12.6;17.2;313.8888889;155.5555556;277.7777778;2.8
8610300;6;10;38;171;7.3;11.5;19.9;15.7;30.2;232.5;13.5;13.5;13.5;12.2;17.2;313.8888889;155.5555556;277.7777778;2.8
8611200;8;11;39;119;8.6;11.2;19.8;15.3;30;191.3;13.7;13.6;13.7;12.3;16;347.2222222;55.55555556;55.55555556;2.6
8612100;8;11;39;113;9.1;11.6;19.2;15.1;31.5;170.7;14;13.9;14;12.9;16;347.2222222;55.55555556;55.55555556;2.6
8613000;6;11;42;223;7.2;11.7;18.8;15.2;34.9;170.7;13.9;13.7;13.8;13.1;16;347.2222222;55.55555556;55.55555556;2.6
8613900;5;9;43;173;6.5;10.2;18.4;15.4;38.1;170.7;12.1;11.9;11.9;11.2;16;347.2222222;55.55555556;55.55555556;2.6
8614800;5;8;43;161;6.2;9.5;18;14.9;40;106.6;11.5;11.3;11.3;10.7;15.3;355.5555556;2.777777778;2.777777778;2.5
8615700;5;8;43;147;6;9.1;17.6;14.6;41.5;74.5;11;10.7;10.8;10.3;15.3;355.5555556;2.777777778;2.777777778;2.5
8616600;5;8;43;137;6;8.7;17.4;15.1;42.9;74.5;10.7;10.4;10.6;9.8;15.3;355.5555556;2.777777778;2.777777778;2.5
8617500;5;7;43;126;5.8;8.3;17.2;16.5;43.7;74.5;10.4;10.1;10.2;9.5;15.3;355.5555556;2.777777778;2.777777778;2.5
8618400;5;7;39;107;5.6;8.2;17;15.8;44.8;30.8;10.2;9.9;10;9.4;14.5;350;0;0;2.1
8619300;5;7;39;98;5.7;8.2;16.9;15.5;45.6;8.9;10.1;9.8;10;9.4;14.5;350;0;0;2.1
8620200;5;7;40;92;5.9;7.8;16.7;15.4;47.2;9.6;9.7;9.5;9.8;8.9;14.5;350;0;0;2.1
8621100;4;6;42;114;4.6;7.2;16.4;15.4;48.5;9.9;9;8.8;9;8.1;14.5;350;0;0;2.1
8622000;4;5;43;82;5.1;6.6;16.1;14.7;49.9;3.3;8.4;8.3;8.6;7.6;14.9;350;0;0;3.2
8622900;4;5;43;77;4.6;6.2;15.9;14.3;50.2;0;8.3;8;8.4;7.5;14.9;350;0;0;3.2
8623800;4;5;43;72;4.6;6.2;15.6;14.5;51;0;8.1;7.9;8.2;7.3;14.9;350;0;0;3.2
8624700;4;5;43;75;4.6;6.2;15.5;14.6;50.6;0;8.3;7.8;8.3;7.4;14.9;350;0;0;3.2
8625600;4;5;43;71;4.6;6.2;15.5;14.2;50.7;0;8.2;7.8;8.2;7.3;14.7;352.7777778;0;0;2.8
8626500;3;5;43;72;4.6;6.2;15.5;14.1;50.1;0;8.2;7.8;8.2;7.3;14.7;352.7777778;0;0;2.8
8627400;4;5;43;70;4.6;6.2;15.5;14.2;50.1;0;8.1;7.8;8.2;7.1;14.7;352.7777778;0;0;2.8
8628300;3;5;43;66;4.6;5.8;15.3;14.3;50.7;0;7.9;7.7;8;7;14.7;352.7777778;0;0;2.8
8629200;3;5;43;62;4.6;5.7;15.2;14;50.6;0;7.8;7.5;7.8;6.8;14.5;350;0;0;2.3
8630100;3;5;35;58;4.9;5.7;15.1;13.9;50.5;0;7.7;7.4;7.8;6.7;14.5;350;0;0;2.3
8631000;2;4;39;83;3.6;5.4;14.9;14.3;51;0;7.4;7.1;7.3;6.5;14.5;350;0;0;2.3
8631900;2.5;4;21;43.5;3.7;5.05;14.75;9.45;51.7;0;7.3;7;7.3;6.3;14.5;350;0;0;2.3
8632800;3;4;3;4;3.8;4.7;14.6;4.6;52.4;0;7.2;6.9;7.3;6.1;14.3;344.4444444;0;0;2.1
8633700;3;4;20;61;3.8;5.2;14.5;2.1;52.5;0;7.9;7.8;8.2;7;14.3;344.4444444;0;0;2.1
8634600;4;5;6;11;4.5;5.7;14.4;2.1;53.3;0;7.7;7.5;7.8;6.7;14.3;344.4444444;0;0;2.1
8635500;3;5;15;56;4.3;5.9;14.2;2.1;54;0;8.4;8.1;8.5;7.4;14.3;344.4444444;0;0;2.1
8636400;4;5;12;23;4.4;5.9;14;1.9;54.2;0;7.9;7.5;7.9;6.9;13.8;305.5555556;0;0;3
8637300;4;6;10;35;4.7;6.4;13.5;1.8;54.7;0;8.5;7.9;8.3;7.3;13.8;305.5555556;0;0;3
8638200;4;5;17;43;4.3;5.9;13;1.8;56;0;7.8;7.2;7.7;7;13.8;305.5555556;0;0;3
8639100;4;5;6;16;4.6;5.7;12.5;1.8;56;0;8.2;7.5;8;7.2;13.8;305.5555556;0;0;3
8640000;3;5;33;93;4.1;5.9;12.3;1.6;55.3;0;7.9;7.2;7.8;7.2;13;302.7777778;0;0;3.1
8640900;3;4;36;68;4;5.5;12.3;1.6;54;0;7.5;7;7.6;6.8;13;302.7777778;0;0;3.1
8641800;3;4;17;36;3.8;5.2;12;1.6;55.4;0;7.2;6.6;7.2;6.5;13;302.7777778;0;0;3.1
8642700;3;4;6;12;4;5.2;11.6;1.6;56.8;0;7.6;6.8;7.6;6.7;13;302.7777778;0;0;3.1
8643600;3;4;17;44;3.9;5.3;11.4;8.9;57.4;0;7.3;6.6;7.2;6.5;11.2;338.8888889;0;0;1.8
8644500;3;5;6;14;4;6;11.4;11.6;58.5;0;7.6;6.8;7.3;6.7;11.2;338.8888889;0;0;1.8
8645400;3;5;17;45;3.9;5.5;11.5;11.6;58.5;0;7.3;6.7;7.1;6.5;11.2;338.8888889;0;0;1.8
8646300;3;4;3;2;4;5.2;11.8;11.6;58.3;0;7.5;6.8;7.3;6.6;11.2;338.8888889;0;0;1.8
8647200;2;4;41;130;2.4;5.2;12;11;58.4;0;7.3;6.7;7.1;6.6;11.6;350;0;0;2.5
8648100;0;2;43;137;0.5;3.4;12.2;10.8;57.2;0;5.2;4.8;5;4.5;11.6;350;0;0;2.5
8649000;0;1;43;131;-0.8;2;12.3;10.8;57.6;0;3.9;3.6;3.7;2.9;11.6;350;0;0;2.5
8649900;-2;0;43;126;-1.7;0.9;12.3;10.8;59.1;0;2.9;2.6;2.8;2;11.6;350;0;0;2.5
8650800;-2;0;43;121;-2.3;0.3;12.3;10.2;61.2;0;2.2;1.9;2.1;1.3;10.8;338.8888889;0;0;2.5
8651700;-3;0;43;120;-2.8;-0.3;12.3;10;59.1;0;1.7;1.4;1.7;0.8;10.8;338.8888889;0;0;2.5
8652600;-3;0;43;118;-3.2;-0.4;12.4;10;59.4;0;1.6;1.3;1.5;0.8;10.8;338.8888889;0;0;2.5
8653500;-3;0;43;118;-3.2;-0.8;12;10;61;0;1.3;1.1;1.4;0.5;10.8;338.8888889;0;0;2.5
8654400;-3;0;43;117;-3.2;-0.8;11.9;9.6;62.2;0;1.2;1;1.2;0.3;10.6;344.4444444;5.555555556;5.555555556;2.4
8655300;-3;0;43;118;-3.2;-0.8;11.9;9.5;63.1;0;1.3;1;1.1;0.3;10.6;344.4444444;5.555555556;5.555555556;2.4
8656200;-3;0;43;118;-3.2;-0.8;12;9.5;63;0;1.4;1.2;1.2;0.4;10.6;344.4444444;5.555555556;5.555555556;2.4
8657100;-3;0;43;119;-3.2;-0.8;12.2;9.5;62.7;0;1.4;1.3;1.4;0.6;10.6;344.4444444;5.555555556;5.555555556;2.4
8658000;-3;0;43;118;-3.2;-0.8;12.2;9.2;62.4;0.9;1.4;1.2;1.3;0.4;10.9;338.8888889;61.11111111;61.11111111;4.1
8658900;-3;0;43;118;-3.2;-0.8;12.4;9.1;62.2;1.3;1.3;1;1.2;0.3;10.9;338.8888889;61.11111111;61.11111111;4.1
8659800;-3;0;43;118;-3.2;-0.8;12.6;9.1;61.5;1.3;1.2;1;1.2;0.4;10.9;338.8888889;61.11111111;61.11111111;4.1
8660700;-3;0;43;119;-3.2;-0.8;13;9.1;60;1.3;1.4;1.2;1.3;0.5;10.9;338.8888889;61.11111111;61.11111111;4.1
8661600;-3;0;43;119;-3.2;-0.8;13.4;9.2;58.9;32.3;1.7;1.4;1.6;0.7;11.5;338.8888889;150;155.5555556;3.8
8662500;-3;0;43;121;-3.2;-0.7;13.8;9.2;57.2;47.8;2;1.7;1.8;0.9;11.5;338.8888889;150;155.5555556;3.8
8663400;-3;0;43;124;-2.7;-0.1;14.4;9.2;55.4;47.8;2.5;2.3;2.5;1.5;11.5;338.8888889;150;155.5555556;3.8
8664300;-2;0;43;131;-1.9;0.7;14.9;9.2;53.3;47.8;3.5;3.2;3.5;2.4;11.5;338.8888889;150;155.5555556;3.8
8665200;0;1;39;79;0.8;2.2;15.1;10.1;51.8;126.5;5;4.6;5;3.5;13.4;344.4444444;266.6666667;388.8888889;3.9
8666100;1;2;3;2;2.2;3.1;15.8;10.5;49.8;165.8;6.4;6.4;6.7;4.4;13.4;344.4444444;266.6666667;388.8888889;3.9
8667000;2;4;14;61;2.8;4.8;16.2;10.5;48.1;165.8;8.8;8.8;9.3;6.9;13.4;344.4444444;266.6666667;388.8888889;3.9
8667900;3;7;43;171;4.2;7.8;17.6;10.5;44.3;165.8;10.1;10;10.2;8.7;13.4;344.4444444;266.6666667;388.8888889;3.9
8668800;5;8;42;177;5.5;9;18.3;11.6;42.6;233.5;11.9;11.8;11.9;10.3;16.9;344.4444444;319.4444444;394.4444444;2.9
8669700;7;10;39;129;8.4;11.1;19.2;12.2;40.5;267.3;14.1;14.1;14.1;12.4;16.9;344.4444444;319.4444444;394.4444444;2.9
8670600;11;13;40;108;11.9;13.8;19.6;12.2;39.7;267.3;16.6;16.7;16.8;14.9;16.9;344.4444444;319.4444444;394.4444444;2.9
8671500;10;15;43;236;10.9;15.7;19.9;12.2;38.6;267.3;18.1;18.1;18.1;16.8;16.9;344.4444444;319.4444444;394.4444444;2.9
8672400;12;15;39;146;12.3;15.8;20.5;13.7;37.7;414;18;18;17.9;16.4;16.2;336.1111111;336.1111111;486.1111111;3.4
8673300;8;15;38;309;8.8;15.7;21;13.7;36.9;414;17.6;17.5;17.5;16.4;16.2;336.1111111;336.1111111;486.1111111;3.4
8674200;8;12;33;202;8.3;13.3;21.4;13.7;36;414;15.3;15.1;15;14;16.2;336.1111111;336.1111111;486.1111111;3.4
8675100;6;12;38;289;6.9;13.2;20.6;13.7;36.6;414;15.5;15.3;15.3;14.2;16.2;336.1111111;336.1111111;486.1111111;3.4
8676000;6;13;43;289;7;13.1;20;15;37.8;522;15.7;15.6;15.4;14.3;17.1;363.8888889;233.3333333;250;3.2
8676900;7;13;43;308;7.4;13.7;20.7;15.1;36.7;529.7;16.4;16.4;16.2;15.1;17.1;363.8888889;233.3333333;250;3.2
8677800;8;13;38;233;8.3;13.9;21.4;15.1;34.5;529.7;16.5;16.5;16.4;15.1;17.1;363.8888889;233.3333333;250;3.2
8678700;10;13;39;133;11.2;14.3;20.5;15.1;35.1;529.7;16.6;16.6;16.7;15.2;17.1;363.8888889;233.3333333;250;3.2
8679600;11;13;39;123;11.4;14.3;20;16;35.7;537;16.5;16.4;16.7;15.4;17.4;358.3333333;302.7777778;411.1111111;7
8680500;7;13;36;269;8.3;14.1;19.7;16.1;36.9;538.1;16;15.9;16;15.2;17.4;358.3333333;302.7777778;411.1111111;7
8681400;6;11;43;230;7.5;12.3;20.3;16.1;36.5;538.1;14.3;14.1;14.2;13.1;17.4;358.3333333;302.7777778;411.1111111;7
8682300;6;12;43;271;7.4;12.7;21.8;16.1;34.4;538.1;15.4;15.3;15.3;14.2;17.4;358.3333333;302.7777778;411.1111111;7
8683200;7;14;43;321;7.7;14.4;22.7;16.7;32.4;542.6;17.1;17.2;17;15.9;17.1;361.1111111;177.7777778;191.6666667;7.8
8684100;7;14;43;298;8.4;14.8;22.6;16.9;31.9;543.7;16.7;16.8;16.6;15.3;17.1;361.1111111;177.7777778;191.6666667;7.8
8685000;7;13;43;280;8.4;14;22.5;16.9;34;543.7;16.2;16.3;16.1;14.8;17.1;361.1111111;177.7777778;191.6666667;7.8
8685900;7;12;36;184;8.7;13.2;20.9;16.9;38;543.7;15.2;15.2;15;13.8;17.1;361.1111111;177.7777778;191.6666667;7.8
8686800;9;12;39;120;10.1;12.8;20.7;17;39.2;519.2;14.8;14.7;14.8;13.6;16.8;361.1111111;172.2222222;175;5.1
8687700;9;12;36;133;9.7;12.8;21;17;38.5;517.5;15.4;15.2;15.4;14.3;16.8;361.1111111;172.2222222;175;5.1
8688600;6;11;43;258;6.8;12.3;20.6;17;39.6;517.5;14.1;13.9;13.9;13.2;16.8;361.1111111;172.2222222;175;5.1
8689500;6;11;43;212;7.5;11.8;20.2;17;40.7;517.5;14;13.8;13.9;12.9;16.8;361.1111111;172.2222222;175;5.1
8690400;6;10;43;192;7.5;11.5;20;16.6;41.1;423.2;13.4;13.3;13.3;12.4;16.9;355.5555556;152.7777778;172.2222222;3
8691300;6;10;43;178;7.3;10.9;20.2;16.5;41;399.6;13;12.8;12.9;11.8;16.9;355.5555556;152.7777778;172.2222222;3
8692200;6;10;43;181;7;10.8;20.2;16.5;41.7;399.6;13.1;13;13;11.9;16.9;355.5555556;152.7777778;172.2222222;3
8693100;6;10;43;166;7;10.7;19.8;16.5;43.2;399.6;12.7;12.5;12.6;11.6;16.9;355.5555556;152.7777778;172.2222222;3
8694000;7;10;39;120;7.9;10.7;19.5;15.6;46;330.6;13.3;13.1;13.3;12.2;13.4;355.5555556;47.22222222;47.22222222;3.8
8694900;8;11;37;101;9.2;11.5;18.7;15.4;48.5;313.4;14;13.8;14.1;12.9;13.4;355.5555556;47.22222222;47.22222222;3.8
8695800;6;10;43;223;6.8;11.1;17.5;15.4;51.7;313.4;12.9;12.7;12.9;12.1;13.4;355.5555556;47.22222222;47.22222222;3.8
8696700;6;9;43;136;7;9.7;16.2;15.4;58;313.4;11.6;11.4;11.6;10.6;13.4;355.5555556;47.22222222;47.22222222;3.8
8697600;5;8;43;108;6.5;8.7;14.9;14.6;67.1;224.5;10.5;10.4;10.6;9.7;10.2;352.7777778;25;27.77777778;5.9
8698500;5;7;43;100;6.1;8.3;13.9;14.4;72.3;202.3;10.1;10;10.2;9.3;10.2;352.7777778;25;27.77777778;5.9
8699400;5;7;40;89;6;7.9;13.3;14.4;74.3;202.3;9.9;9.7;10;9.1;10.2;352.7777778;25;27.77777778;5.9
8700300;5;7;33;82;6;7.8;13;14.4;73.6;202.3;9.8;9.8;10;9.1;10.2;352.7777778;25;27.77777778;5.9
8701200;5;6;43;99;5.2;7.5;12.8;13.5;73;103.8;9.3;9.2;9.4;8.5;9.8;350;2.777777778;5.555555556;5.2
8702100;4;6;43;77;5.4;7.3;12.8;13.3;72.5;79.2;9.1;9;9.2;8.3;9.8;350;2.777777778;5.555555556;5.2
8703000;4;6;40;67;5.4;6.9;12.8;13.3;71.9;79.2;8.9;8.8;9.1;8.2;9.8;350;2.777777778;5.555555556;5.2
8703900;4;6;39;90;5;6.8;12.7;13.3;72.6;79.2;8.7;8.6;8.8;8;9.8;350;2.777777778;5.555555556;5.2
8704800;3;5;35;77;4.5;6.3;12.7;12.4;73;21.3;8.2;8.1;8.4;7.5;9;355.5555556;0;0;5.1
8705700;4;5;14;30;4.5;6;12.6;12.2;74.5;6.8;8.1;8;8.3;7.2;9;355.5555556;0;0;5.1
8706600;4;6;8;24;4.9;6.6;12.5;12.2;79.9;6.8;8.8;8.7;9;7.7;9;355.5555556;0;0;5.1
8707500;4;6;20;55;5;6.7;12;12.2;86.1;6.8;8.5;8.5;8.7;7.8;9;355.5555556;0;0;5.1
8708400;4;6;2;2;5.2;6.3;11.6;11.4;87.3;1.8;8.9;9;9.2;7.8;7.1;347.2222222;0;0;5.9
8709300;4;6;37;102;4.9;6.8;11.5;11.1;88.5;0;8.8;8.7;9;8.2;7.1;347.2222222;0;0;5.9
8710200;2;5;43;157;2.8;6;11;11.1;88.9;0;7.8;7.7;7.9;7.3;7.1;347.2222222;0;0;5.9
8711100;1;4;43;147;1.8;4.9;10.1;11.1;90.4;0;6.7;6.5;6.7;6;7.1;347.2222222;0;0;5.9
8712000;0;3;43;142;1.1;4.1;9.2;10.3;90.7;0;5.9;5.8;6;5.2;5.3;338.8888889;0;0;6
8712900;0;2;43;139;0.5;3.5;8.4;9.9;91;0;5.3;5.1;5.3;4.6;5.3;338.8888889;0;0;6
8713800;0;2;43;135;-0.1;2.8;8;9.9;91.3;0;4.7;4.5;4.8;4;5.3;338.8888889;0;0;6
8714700;0;1;43;134;-0.5;2.3;7.7;9.9;91.4;0;4.2;4;4.2;3.4;5.3;338.8888889;0;0;6
8715600;1;1;0;6;1.5;1.8;7.5;8.8;91.5;0;4.3;4.4;4.6;3.3;4.5;336.1111111;0;0;5.5
8716500;1;1;0;0;1.6;2;7.3;8.8;91.6;0;4.8;5.2;5.5;3.7;4.5;336.1111111;0;0;5.5
8717400;0;2;33;97;1.1;3.2;7.1;8.8;92.5;0;5.4;5.7;5.9;4.6;4.5;336.1111111;0;0;5.5
8718300;0;1;38;110.5;0;2.35;6.85;5.65;92.6;0;4.35;4.4;4.6;3.6;4.5;336.1111111;0;0;5.5
8719200;0;0;43;124;-1.1;1.5;6.6;2.5;92.7;0;3.3;3.1;3.3;2.6;4;333.3333333;0;0;5
8720100;-2;0;43;120;-1.5;0.9;6.2;2.1;93;0;2.9;2.7;3;2.1;4;333.3333333;0;0;5
8721000;-2;0;43;122;-1.9;0.8;5.9;2.1;93;0;2.7;2.5;2.7;1.8;4;333.3333333;0;0;5
8721900;-2;0;43;121;-2;0.3;5.9;2.1;93;0;2.4;2.2;2.4;1.7;4;333.3333333;0;0;5
8722800;-2;0;43;121;-2.4;0.3;5.8;1.8;93;0;2.3;2.1;2.3;1.6;3.4;327.7777778;0;0;5.2
8723700;-2;0;43;121;-2.4;0.3;5.7;1.8;93;0;2.2;2;2.2;1.5;3.4;327.7777778;0;0;5.2
8724600;-3;0;43;121;-2.4;-0.1;5.7;1.8;93;0;2;1.8;2.1;1.3;3.4;327.7777778;0;0;5.2
8725500;-3;0;43;121;-2.4;-0.2;5.3;1.8;93;0;2;1.8;2.1;1.2;3.4;327.7777778;0;0;5.2
8726400;-3;0;43;120;-2.4;-0.2;5;1.6;93;0;1.9;1.7;2;1.2;2.4;325;0;0;4.7
8727300;-3;0;43;119;-2.8;-0.2;4.7;1.6;93;0;1.8;1.7;1.9;1;2.4;325;0;0;4.7
8728200;-3;0;43;118;-2.9;-0.4;4.5;1.6;93;0;1.6;1.4;1.6;0.8;2.4;325;0;0;4.7
8729100;-3;0;43;117;-2.9;-0.7;4.5;1.6;93;0;1.4;1.3;1.5;0.7;2.4;325;0;0;4.7
8730000;-3;0;43;117;-2.9;-0.7;4.5;4.2;92.8;0;1.4;1.2;1.4;0.6;2;322.2222222;0;0;4
8730900;-3;0;43;114;-3.4;-0.8;4.2;5.5;93;0;1.1;1;1.2;0.3;2;322.2222222;0;0;4
8731800;-4;0;43;114;-3.4;-1.2;4.1;5.5;93;0;0.9;0.7;0.9;0.1;2;322.2222222;0;0;4
8732700;-4;0;43;114;-3.4;-1.2;4.1;5.5;93;0;0.9;0.7;0.9;0.2;2;322.2222222;0;0;4
8733600;-4;0;43;113;-3.4;-1.2;3.9;5.2;93;0;0.8;0.6;0.8;0;1.9;322.2222222;0;0;2.9
8734500;-4;-2;43;112;-3.9;-1.6;4.1;5;93;0;0.5;0.3;0.5;-0.2;1.9;322.2222222;0;0;2.9
8735400;-4;-2;43;112;-3.9;-1.7;3.9;5;93;0;0.5;0.3;0.5;-0.2;1.9;322.2222222;0;0;2.9
8736300;-4;-2;43;111;-3.9;-1.7;3.9;5;93;0;0.4;0.3;0.5;-0.3;1.9;322.2222222;0;0;2.9
8737200;-4;-2;43;112;-3.9;-1.7;3.8;4.7;93.3;0;0.5;0.3;0.5;-0.3;1.9;319.4444444;0;0;4.3
8738100;-4;-2;43;112;-3.9;-1.7;3.8;4.5;93.5;0;0.4;0.3;0.5;-0.3;1.9;319.4444444;0;0;4.3
8739000;-4;-2;43;110;-3.9;-1.7;3.8;4.5;93.5;0;0.3;0.2;0.4;-0.3;1.9;319.4444444;0;0;4.3
8739900;-4;-2;43;109;-3.9;-1.7;3.8;4.5;93.5;0;0.2;0;0.3;-0.5;1.9;319.4444444;0;0;4.3
8740800;-4;-2;43;109;-4.3;-1.9;4;4;93.5;0;0.1;-0.1;0.1;-0.7;1.7;319.4444444;8.333333333;8.333333333;4.7
8741700;-4;-2;43;109;-4.4;-2.2;3.9;4;93;0;0;-0.2;0;-0.8;1.7;319.4444444;8.333333333;8.333333333;4.7
8742600;-4;-2;43;108;-4.4;-2.2;4;4;93;0;-0.1;-0.3;-0.1;-0.7;1.7;319.4444444;8.333333333;8.333333333;4.7
8743500;-5;-2;43;108;-4.4;-2.2;4;4;93;0;-0.2;-0.3;-0.1;-0.9;1.7;319.4444444;8.333333333;8.333333333;4.7
8744400;-5;-2;43;108;-4.4;-2.2;3.7;3.7;93;1.3;-0.2;-0.3;-0.1;-0.9;1.1;316.6666667;27.77777778;27.77777778;4.9
8745300;-5;-2;43;108;-4.4;-2.2;3.5;3.7;93;1.4;-0.2;-0.4;-0.2;-1.1;1.1;316.6666667;27.77777778;27.77777778;4.9
8746200;-5;-2;43;107;-4.5;-2.3;3.6;3.7;93.5;1.4;-0.3;-0.5;-0.3;-1.1;1.1;316.6666667;27.77777778;27.77777778;4.9
8747100;-5;-3;43;106;-4.9;-2.7;3.8;3.7;93.5;1.4;-0.7;-0.9;-0.7;-1.5;1.1;316.6666667;27.77777778;27.77777778;4.9
8748000;-5;-3;43;103;-5.2;-3.1;4.1;3.4;93.5;19;-1;-1.2;-1;-1.7;2.4;316.6666667;58.33333333;61.11111111;4.3
8748900;-5;-3;43;104;-5.4;-3.2;4.3;3.4;93.5;21.7;-1.1;-1.2;-1.1;-1.9;2.4;316.6666667;58.33333333;61.11111111;4.3
8749800;-5;-3;43;104;-5.4;-3.2;4.9;3.4;93.5;21.7;-1.1;-1.2;-1.1;-1.9;2.4;316.6666667;58.33333333;61.11111111;4.3
8750700;-5;-3;43;105;-5.4;-3.2;4.8;3.4;92.9;21.7;-0.9;-1;-0.9;-1.8;2.4;316.6666667;58.33333333;61.11111111;4.3
8751600;-5;-3;43;106;-5.4;-3.2;4.7;3.3;93;63.8;-0.8;-0.9;-0.7;-1.7;2.5;313.8888889;122.2222222;122.2222222;4.1
8752500;-5;-3;43;107;-5.4;-3.2;4.7;3.3;92.8;74.3;-0.7;-0.8;-0.6;-1.4;2.5;313.8888889;122.2222222;122.2222222;4.1
8753400;-5;-2;43;108;-5;-2.8;4.8;3.3;92.1;74.3;-0.4;-0.5;-0.3;-1.1;2.5;313.8888889;122.2222222;122.2222222;4.1
8754300;-4;-2;43;111;-4.6;-2.4;5.2;3.3;92.6;74.3;0.2;0.1;0.2;-0.7;2.5;313.8888889;122.2222222;122.2222222;4.1
8755200;-4;-2;43;113;-4.2;-1.9;5.7;3.4;92.4;127.1;0.6;0.5;0.6;-0.2;3.1;311.1111111;205.5555556;205.5555556;3.2
8756100;-4;-2;43;115;-3.9;-1.5;6.1;3.4;92.7;146.3;1;0.9;1;0.2;3.1;311.1111111;205.5555556;205.5555556;3.2
8757000;-3;-2;43;116;-3.4;-1.2;6;3.4;92;146.3;1.4;1.3;1.3;0.5;3.1;311.1111111;205.5555556;205.5555556;3.2
8757900;-3;-1;43;117;-3.3;-0.8;6.3;3.4;91.9;146.3;1.7;1.5;1.6;0.7;3.1;311.1111111;205.5555556;205.5555556;3.2
8758800;-3;0;43;118;-2.9;-0.7;6.1;3.7;91.8;201.4;1.7;1.6;1.8;0.8;3.9;300;302.7777778;322.2222222;4.3
8759700;-3;0;43;119;-2.9;-0.7;6.4;3.8;91.9;228.9;1.8;1.7;1.8;0.9;3.9;300;302.7777778;322.2222222;4.3
8760600;-3;0;43;121;-2.7;-0.3;6.7;3.8;91.4;228.9;2.3;2.1;2.3;1.2;3.9;300;302.7777778;322.2222222;4.3
8761500;-2;0;43;123;-2.4;0;6.8;3.8;90.7;228.9;2.5;2.4;2.6;1.4;3.9;300;302.7777778;322.2222222;4.3
8762400;-2;0;43;124;-2.4;0.3;7;4.1;90.6;261.2;2.7;2.6;2.7;1.6;5;294.4444444;363.8888889;397.2222222;3.5
8763300;-2;0;43;125;-2.1;0.3;7.4;4.1;90.2;261.2;2.9;2.8;2.9;1.8;5;294.4444444;363.8888889;397.2222222;3.5
8764200;-2;0;43;127;-1.9;0.7;8.3;4.1;90.5;261.2;3.2;3.1;3.3;2.1;5;294.4444444;363.8888889;397.2222222;3.5
8765100;-2;1;43;130;-1.4;1.3;8.8;4.1;89.4;261.2;3.9;3.8;3.8;2.7;5;294.4444444;363.8888889;397.2222222;3.5
8766000;-2;1;43;131;-0.9;1.8;8.8;4.2;89.2;316.3;4.3;4.2;4.2;3.1;5.8;297.2222222;338.8888889;408.3333333;2.9
8766900;-1;1;43;133;-0.9;2.1;8.9;4.2;88.6;324.8;4.5;4.4;4.4;3.3;5.8;297.2222222;338.8888889;408.3333333;2.9
8767800;0;1;43;131;-0.9;1.9;8.4;4.2;88.7;349.1;4.2;4.1;4.1;3;5.8;297.2222222;338.8888889;408.3333333;2.9
8768700;0;2;43;140;-0.1;2.7;9.7;4.3;80.2;376.8;5.5;5.5;5.3;4.3;5.8;297.2222222;338.8888889;408.3333333;2.9
8769600;0;3;43;142;1;3.8;10.2;4.9;51.7;402.1;6.1;6.1;6;4.9;7.1;297.2222222;305.5555556;458.3333333;3.1
8770500;0;2;43;137;0.5;3.4;9.6;5;46.8;406;5.2;5.2;5.3;4.1;7.1;297.2222222;305.5555556;458.3333333;3.1
8771400;0;2;43;138;0.2;2.9;9.7;5.3;44.6;406;5.4;5.2;5.4;4.4;7.1;297.2222222;305.5555556;458.3333333;3.1
8772300;1;4;43;150;2.3;5.1;10.3;5.6;42;406;7.5;7.6;7.6;6.4;7.1;297.2222222;305.5555556;458.3333333;3.1
8773200;2;4;38;128;2.9;5.3;10.5;5.7;41.6;410.8;7.5;7.5;7.6;6.5;6.2;300;161.1111111;250;3.7
8774100;3;5;38;115;3.5;6.3;11;5.7;39.7;411.5;9.2;9.2;9.3;8.1;6.2;300;161.1111111;250;3.7
8775000;4;8;43;171;4.5;8.2;10.3;5.8;41.2;411.5;10.2;10.4;10.4;9;6.2;300;161.1111111;250;3.7
8775900;2;6;43;154;3.4;6.6;10.2;5.9;41.3;411.5;8.3;8.4;8.5;7.4;6.2;300;161.1111111;250;3.7
8776800;1;4;43;141;1.8;4.8;9.8;6.2;42.7;359.4;6.6;6.5;6.7;5.7;6.8;277.7777778;191.6666667;330.5555556;3
8777700;0;2;43;135;0.6;3.4;9;6.3;44.8;351.4;5.3;5.2;5.3;4.4;6.8;277.7777778;191.6666667;330.5555556;3
8778600;0;2;40;131;0.1;2.8;9.7;6.9;45.7;351.4;4.7;4.6;4.8;3.9;6.8;277.7777778;191.6666667;330.5555556;3
8779500;2;3;36;73;2.5;3.7;10.4;7.5;41.4;351.4;6.3;6.3;6.4;5;6.8;277.7777778;191.6666667;330.5555556;3
8780400;1;4;41;136;1.8;4.7;9.7;7.5;41;306.6;6.8;6.7;6.9;5.8;6.5;283.3333333;122.2222222;130.5555556;2.1
8781300;0;3;43;141;1.1;4;9.4;7.5;42.4;299.7;5.9;5.8;5.9;5;6.5;283.3333333;122.2222222;130.5555556;2.1
8782200;0;2;43;137;0.2;3.1;9.8;6.9;42.9;299.7;5;4.9;5;4.1;6.5;283.3333333;122.2222222;130.5555556;2.1
8783100;0;1;43;132;-0.2;2.5;9.7;6.3;43.2;299.7;4.4;4.3;4.4;3.5;6.5;283.3333333;122.2222222;130.5555556;2.1
8784000;1;1;36;63;1.1;1.8;9.1;6.3;44.8;224.6;3.9;3.8;4.1;2.9;6;266.6666667;88.88888889;125;2.6
8784900;1;1;0;0;1.9;1.8;9.1;6.3;47.4;213.1;4.8;4.8;5;3.2;6;266.6666667;88.88888889;125;2.6
8785800;1;2;6;51;1.9;3;9.3;6.5;46.6;213.1;6.1;5.9;6.2;4.5;6;266.6666667;88.88888889;125;2.6
8786700;0;3;43;139;0.8;3.7;9.1;6.8;46.3;213.1;5.5;5.4;5.6;4.8;6;266.6666667;88.88888889;125;2.6
8787600;0;2;43;134;0;2.8;9;6.7;48.7;132.4;4.6;4.5;4.6;3.7;5.5;247.2222222;13.88888889;16.66666667;2.7
8788500;0;1;43;126;-1.1;1.6;8.6;6.7;49.4;120;3.4;3.3;3.4;2.5;5.5;247.2222222;13.88888889;16.66666667;2.7
8789400;-2;0;43;120;-2.1;0.4;7.7;6.6;48.5;120;2.3;2;2.2;1.5;5.5;247.2222222;13.88888889;16.66666667;2.7
8790300;-3;0;43;113;-3.1;-0.7;7;6.4;51.5;120;1.1;0.9;1.1;0.4;5.5;247.2222222;13.88888889;16.66666667;2.7
8791200;-4;-2;43;107;-4.2;-1.9;6.5;6.1;55.5;31;-0.1;-0.4;-0.1;-0.7;4.1;261.1111111;0;0;1.8
8792100;-5;-3;42;102;-5;-2.8;6.1;6.1;58.8;24.6;-0.9;-1.3;-1;-1.6;4.1;261.1111111;0;0;1.8
8793000;-6;-4;42;102;-5.6;-3.5;6;5.9;60.6;23.9;-1.5;-1.9;-1.5;-2.2;4.1;261.1111111;0;0;1.8
8793900;-6;-4;42;99;-6.1;-4;5.9;5.7;62.8;23.2;-2;-2.4;-2.1;-2.6;4.1;261.1111111;0;0;1.8
8794800;-7;-4;42;97;-6.5;-4.5;5.7;5.2;64.2;3.1;-2.5;-2.9;-2.5;-3.1;3.8;241.6666667;0;0;0.6
8795700;-7;-5;42;94;-7;-5.1;5.3;5.1;65.8;0;-3.2;-3.4;-3.1;-3.8;3.8;241.6666667;0;0;0.6
8796600;-8;-6;42;92;-7.6;-5.6;4.9;5;67;0;-3.7;-4;-3.5;-4.3;3.8;241.6666667;0;0;0.6
8797500;-8;-6;42;93;-7.6;-5.7;4.6;4.9;69;0;-3.8;-4.2;-3.6;-4.3;3.8;241.6666667;0;0;0.6
8798400;-8;-6;42;91;-7.7;-5.8;4.4;4.4;69.2;0;-3.9;-4.3;-3.8;-4.6;2.9;244.4444444;0;0;1.9
8799300;-8;-6;42;90;-8.1;-6.2;4.3;4.3;69.8;0;-4.1;-4.6;-4.2;-4.9;2.9;244.4444444;0;0;1.9
8800200;-8;-7;42;86;-8.5;-6.6;4.1;4;71.3;0;-4.6;-4.9;-4.6;-5.3;2.9;244.4444444;0;0;1.9
8801100;-4;-6;35;23;-3.3;-6.4;3.9;3.5;72.6;0;-3.9;-3.8;-3.4;-5.1;2.9;244.4444444;0;0;1.9
8802000;-5;-3;40;89;-5.1;-3.3;3.8;3.3;74.2;0;-1;-1.5;-0.9;-1.7;2.3;266.6666667;0;0;1.5
8802900;-7;-4;42;96;-6.4;-4.4;3.6;3.2;74.5;0;-2.5;-2.9;-2.5;-3;2.3;266.6666667;0;0;1.5
8803800;-7;-5;42;94;-7;-5;3.6;3.3;75;0;-3;-3.6;-3;-3.7;2.3;266.6666667;0;0;1.5
8804700;-7.5;-5.5;42;93;-7.25;-5.35;3.85;2.95;74.95;0;-3.35;-3.8;-3.3;-4.1;2.3;266.6666667;0;0;1.5
8805600;-8;-6;42;92;-7.5;-5.7;4.1;2.6;74.9;0;-3.7;-4;-3.6;-4.5;2.1;241.6666667;0;0;1.4
8806500;-8;-6;42;91;-7.9;-5.7;4.4;2.1;73.3;0;-3.9;-4;-3.7;-4.5;2.1;241.6666667;0;0;1.4
8807400;-8;-6;42;89;-8;-6.1;4.1;2.1;73.9;0;-4.2;-4.4;-4.1;-4.9;2.1;241.6666667;0;0;1.4
8808300;-8;-7;39;76;-8.1;-6.7;3.7;2.1;75.2;0;-4.6;-5;-4.7;-5.4;2.1;241.6666667;0;0;1.4
8809200;-5;-2;0;0;-4.6;-2.7;3.6;1.9;75.7;0;-4.3;-4.7;-4.4;-5.3;1.3;247.2222222;0;0;1.8
8810100;-5;0;4;9;-5.1;-0.3;3.3;1.8;76.8;0;-3.6;-4;-3.6;-4.6;1.3;247.2222222;0;0;1.8
8811000;-7;-5;42;89;-6.8;-5;3.2;1.8;78.2;0;-3;-3.4;-3;-3.8;1.3;247.2222222;0;0;1.8
8811900;-8;-6;42;90;-7.6;-5.8;3.2;1.8;78.5;0;-3.8;-4.2;-3.9;-4.4;1.3;247.2222222;0;0;1.8
8812800;-8;-6;42;88;-8.3;-6.4;2.9;1.7;78.7;0;-4.5;-4.7;-4.5;-5.2;0.7;269.4444444;0;0;2.2
8813700;-5;-5;7;11;-5.1;-5.1;2.7;1.6;79;0;-4.7;-4.8;-4.6;-5.4;0.7;269.4444444;0;0;2.2
8814600;-5;-1;0;0;-4.6;-0.9;2.9;1.6;79.3;0;-4.1;-4.2;-4;-4.9;0.7;269.4444444;0;0;2.2
8815500;-6;-4;32;58;-5.9;-3.7;3.1;1.6;78.8;0;-3.1;-3.3;-3;-3.9;0.7;269.4444444;0;0;2.2
8816400;-8;-6;42;89;-7.7;-5.7;3.4;1.2;78.1;0;-3.9;-4.1;-3.9;-4.6;0.6;241.6666667;0;0;1.9
8817300;-8;-7;42;86;-8.3;-6.5;3.3;1.1;77.6;0;-4.6;-4.7;-4.5;-5.2;0.6;241.6666667;0;0;1.9
8818200;-6;-5;10;20;-5.5;-5.7;3.1;1;78.5;0;-4.6;-4.9;-4.7;-5.5;0.6;241.6666667;0;0;1.9
8819100;-5;-1;0;0;-4.9;-1.1;2.7;0.8;79.4;0;-4.1;-4.2;-4;-5;0.6;241.6666667;0;0;1.9
8820000;-6;-3;28;59;-6.1;-3.6;2.4;0.6;79.5;0;-3.3;-3.5;-3.2;-4.1;-0.2;261.1111111;0;0;1.5
8820900;-8;-6;42;87;-7.9;-6.1;2.3;0.6;80.1;0;-4.3;-4.5;-4.2;-4.9;-0.2;261.1111111;0;0;1.5
8821800;-6;-5;12;22;-5.8;-5.9;2.1;0.6;81.2;0;-4.8;-4.9;-4.7;-5.5;-0.2;261.1111111;0;0;1.5
8822700;-5;-2;0;0;-4.6;-1.3;2.1;0.6;81.5;0;-4.2;-4.3;-4.1;-5;-0.2;261.1111111;0;0;1.5
8823600;-6;-3;23;46;-5.8;-2.9;2.7;0.4;81.4;0;-3.2;-3.5;-3;-4;-0.3;233.3333333;0;0;2.8
8824500;-8;-6;42;90;-7.4;-5.5;3.2;0.4;79.8;0;-3.7;-3.9;-3.6;-4.2;-0.3;233.3333333;0;0;2.8
8825400;-8;-6;42;85;-8.2;-6.3;2.9;0.4;78.4;0;-4.4;-4.7;-4.4;-5.2;-0.3;233.3333333;0;0;2.8
8826300;-6;-6;13;23;-5.9;-5.9;2.5;0.3;78.9;0;-4.6;-4.9;-4.6;-5.6;-0.3;233.3333333;0;0;2.8
8827200;-5;-1;0;0;-4.9;-1.3;2.1;0.4;80.2;0;-4;-4.2;-3.9;-5.1;-0.6;230.5555556;11.11111111;13.88888889;2.7
8828100;-6;-3;24;44;-5.8;-3;1.8;0.5;80.8;0;-3.3;-3.7;-3.2;-4.2;-0.6;230.5555556;11.11111111;13.88888889;2.7
8829000;-8;-6;42;87;-7.9;-6;1.8;0.3;80.9;0;-4.2;-4.4;-4.1;-4.8;-0.6;230.5555556;11.11111111;13.88888889;2.7
8829900;-6;-5;14;23;-5.8;-6;1.8;-0.1;80;0;-4.8;-5;-4.7;-5.5;-0.6;230.5555556;11.11111111;13.88888889;2.7
8830800;-5;-2;0;0;-4.8;-1.5;1.8;0;80.5;2.2;-4.1;-4.4;-4.1;-5;0.6;233.3333333;72.22222222;152.7777778;3
8831700;-5;-4;22;43;-5.7;-2.8;2.1;0;80.3;3;-3.1;-3.7;-3.1;-4.1;0.6;233.3333333;72.22222222;152.7777778;3
8832600;-8;-6;42;90;-7.4;-5.5;2.9;-0.1;79.3;3;-3.5;-4;-3.4;-4.2;0.6;233.3333333;72.22222222;152.7777778;3
8833500;-8;-6;42;90;-7.7;-5.8;3.7;-0.3;76.8;3;-3.7;-4.2;-3.6;-4.6;0.6;233.3333333;72.22222222;152.7777778;3
8834400;-8;-6;42;90;-7.7;-5.8;4.1;0.1;75.1;51.5;-3.5;-4;-3.5;-4.5;2.7;266.6666667;230.5555556;319.4444444;3.1
8835300;-7;-5;42;93;-7.6;-5.6;4.6;0.3;71.4;69.2;-2.9;-3.5;-2.9;-4;2.7;266.6666667;230.5555556;319.4444444;3.1
8836200;-7;-4;43;99;-6.7;-4.7;5.3;0.1;67.3;66.6;-1.9;-2.3;-1.9;-3;2.7;266.6666667;230.5555556;319.4444444;3.1
8837100;-5;-3;43;105;-5.5;-3.4;6.4;-0.2;63.4;61.3;-0.7;-1;-0.8;-1.9;2.7;266.6666667;230.5555556;319.4444444;3.1
8838000;-5;-3;43;105;-5.2;-3;6.9;0.5;61.6;162.4;-0.4;-0.6;-0.5;-1.4;2.9;286.1111111;230.5555556;372.2222222;3
8838900;-4;-2;43;113;-4.2;-1.9;7.7;0.7;57.4;199.1;0.9;0.7;0.8;-0.2;2.9;286.1111111;230.5555556;372.2222222;3
8839800;-3;0;43;120;-2.9;-0.5;7.8;0.9;57.2;199.1;2.1;2;2.1;1;2.9;286.1111111;230.5555556;372.2222222;3
8840700;-2;0;43;122;-2.5;0;8.1;1.3;57.8;199.1;2.6;2.5;2.6;1.5;2.9;286.1111111;230.5555556;372.2222222;3
8841600;-2;0;43;122;-2.2;0.2;7.3;2;61.7;304.8;2.8;2.7;2.8;1.8;4.5;280.5555556;250;475;3.4
8842500;-2;0;43;120;-2.2;0.2;6.8;2.4;61.4;357.7;2.5;2.4;2.5;1.5;4.5;280.5555556;250;475;3.4
8843400;-2;1;43;132;-1.6;1.1;7.5;2.8;59.1;357.7;3.8;3.8;3.7;2.6;4.5;280.5555556;250;475;3.4
8844300;-2;1;43;130;-1.2;1.7;7.6;3.8;56;357.7;3.9;3.9;4;2.8;4.5;280.5555556;250;475;3.4
8845200;0;3;43;145;0.3;3.2;8.1;4.5;51.6;437.9;6.1;6.2;6.1;4.9;4.8;283.3333333;275;475;4.2
8846100;2;5;43;156;2.6;5.7;8.9;4.8;48.9;478;8.2;8.5;8.4;6.6;4.8;283.3333333;275;475;4.2
8847000;1;4;43;144;2.1;5.1;8.9;4.6;49.2;478.6;6.9;6.9;7.1;5.7;4.8;283.3333333;275;475;4.2
8847900;0;3;43;143;1.1;4;8.5;4;48.4;480.2;6.3;6.2;6.4;5.3;4.8;283.3333333;275;475;4.2
8848800;1;4;43;149;1.7;4.8;9.3;4.7;45.3;522.2;7.4;7.4;7.4;6.3;6.2;263.8888889;202.7777778;605.5555556;4.1
8849700;2;5;43;152;2.9;6;9.2;5.1;44.5;543.2;8.2;8.2;8.1;7.2;6.2;263.8888889;202.7777778;605.5555556;4.1
8850600;3;6;41;155;4;7.1;9.8;5.3;43.6;528.5;10;10;10.1;8.8;6.2;263.8888889;202.7777778;605.5555556;4.1
8851500;2;6;39;173;3.3;7.2;8.9;5.5;43.4;518.7;8.7;8.8;8.9;7.5;6.2;263.8888889;202.7777778;605.5555556;4.1
8852400;2;6;43;159;3.4;6.7;8.6;6.3;42.8;575.2;9.4;9.3;9.4;8.5;6;272.2222222;252.7777778;755.5555556;3.8
8853300;4;7;43;171;4.5;8.1;8.6;6.3;40.9;575.2;10.5;10.7;10.8;9.6;6;272.2222222;252.7777778;755.5555556;3.8
8854200;6;9;43;170;6.5;9.9;9.6;6;38.8;575.2;12.5;12.8;12.6;11.8;6;272.2222222;252.7777778;755.5555556;3.8
8855100;5;10;43;340;4.2;11.4;10.5;5.7;36.4;575.2;13.4;13.7;13.2;12.6;6;272.2222222;252.7777778;755.5555556;3.8
8856000;4;8;36;154;5.2;8.9;9.4;6.3;42.4;582;10.3;10.5;10.5;9.2;7.6;-2775;183.3333333;383.3333333;2.6
8856900;4;8;43;174;4.8;8.4;9.8;6.3;40.5;582.5;11.1;11.1;11.1;10.2;7.6;-2775;183.3333333;383.3333333;2.6
8857800;5;9;38;193;5.9;10.4;10;6.5;35;582.5;12.3;12.7;12.7;11.3;7.6;-2775;183.3333333;383.3333333;2.6
8858700;4;8;43;233;4.6;9.4;9.8;6.8;33.5;582.5;11.4;11.8;11.6;10.5;7.6;-2775;183.3333333;383.3333333;2.6
8859600;5;9;38;188;6.3;10.2;10.5;7.1;35;574.6;12.5;12.8;12.6;11.2;7.2;255.5555556;177.7777778;658.3333333;1.7
8860500;3;7;43;155;4.3;7.7;9;7.2;42.6;573.4;9.1;9.1;9.4;8.1;7.2;255.5555556;177.7777778;658.3333333;1.7
8861400;2;5;39;134;3;5.7;8.7;6.9;39.8;573.4;7.5;7.5;7.8;6.5;7.2;255.5555556;177.7777778;658.3333333;1.7
8862300;2;6;39;125;3.4;6.3;9.2;6.4;35.3;573.4;9.3;9.3;9.5;8;7.2;255.5555556;177.7777778;658.3333333;1.7
8863200;4;8;43;178;5.1;8.8;9.9;6.7;32.3;501.6;11.2;11.4;11.4;9.9;7.4;263.8888889;161.1111111;550;2.1
8864100;4;7;40;151;5.1;8.2;9.9;6.8;32.8;483.6;9.9;10.1;10;8.9;7.4;263.8888889;161.1111111;550;2.1
8865000;3;7;41;198;3.6;8;10.5;7.2;31.9;483.6;10.4;10.6;10.5;9.3;7.4;263.8888889;161.1111111;550;2.1
8865900;4;9;36;161;5.4;9.2;10.6;7.9;32.1;483.6;11.7;11.9;11.9;10.5;7.4;263.8888889;161.1111111;550;2.1
8866800;5;9;43;181;6.1;9.7;10.9;7.9;32.5;442.9;12.2;12.4;12.4;11;6.2;269.4444444;125;197.2222222;2.1
8867700;4;9;39;217;4.9;9.6;10.4;7.9;30.2;428.1;11.4;11.5;11.6;10.3;6.2;269.4444444;125;197.2222222;2.1
8868600;3;6;39;105;4.3;6.8;9.3;7.4;37.6;428.1;8.5;8.6;8.7;7.5;6.2;269.4444444;125;197.2222222;2.1
8869500;1;4;43;141;1.9;4.9;8.8;7.2;42.3;428.1;6.4;6.4;6.6;5.8;6.2;269.4444444;125;197.2222222;2.1
8870400;0;2;43;135;0.5;3.3;9.7;7.2;40.3;343.3;5.1;5;5.2;4.4;7.1;244.4444444;66.66666667;166.6666667;2.1
8871300;0;2;38;109;0.7;3.2;10.5;7.2;37.3;300.9;5.5;5.4;5.5;4.5;7.1;244.4444444;66.66666667;166.6666667;2.1
8872200;2;3;17;41;2.3;3.7;9.9;7.3;35.3;300.9;6;6;6.2;4.7;7.1;244.4444444;66.66666667;166.6666667;2.1
8873100;1;4;38;115;2.2;4.7;9.5;7.4;32.5;300.9;6.9;6.9;7.2;5.8;7.1;244.4444444;66.66666667;166.6666667;2.1
8874000;0;3;43;139;1;3.9;9.1;6.8;32.5;171.7;5.7;5.6;5.7;4.8;6.7;266.6666667;22.22222222;33.33333333;2.3
8874900;0;2;43;130;-0.1;2.6;9.3;6.8;34.9;171.7;4.4;4.3;4.5;3.6;6.7;266.6666667;22.22222222;33.33333333;2.3
8875800;1;1;7;23;1.2;1.8;9;6.2;35.1;171.7;4.1;4;4.4;3.1;6.7;266.6666667;22.22222222;33.33333333;2.3
8876700;1;2;24;61;1.4;2.2;9;5.6;35.5;171.7;5;4.7;5.2;3.8;6.7;266.6666667;22.22222222;33.33333333;2.3
8877600;0;1;43;127;-0.9;1.8;8.6;5;37.6;42.4;3.6;3.3;3.6;2.8;5.3;241.6666667;0;0;2.5
8878500;-2;0;43;118;-2.1;0.4;8;5;39.2;42.4;2.3;2;2.2;1.5;5.3;241.6666667;0;0;2.5
8879400;-3;0;43;113;-3.1;-0.6;7.5;5.7;39.4;41.9;1.3;1;1.1;0.5;5.3;241.6666667;0;0;2.5
8880300;-4;-1;43;108;-3.8;-1.6;7.2;6.3;40.6;41.5;0.5;0.1;0.3;-0.4;5.3;241.6666667;0;0;2.5
8881200;-5;-2;43;105;-4.4;-2.3;6.7;5.5;44.9;5.5;-0.2;-0.8;-0.3;-1.1;4.1;238.8888889;0;0;2.7
8882100;-5;-3;43;100;-5.3;-3.2;5.9;5.4;49.5;0;-1.3;-1.7;-1.4;-2;4.1;238.8888889;0;0;2.7
8883000;-6;-4;43;97;-6.1;-4;5.4;5.6;51.9;0;-2;-2.4;-2.2;-2.7;4.1;238.8888889;0;0;2.7
8883900;-7;-4;43;96;-6.5;-4.4;5.3;5.8;52.7;0;-2.3;-2.8;-2.5;-3;4.1;238.8888889;0;0;2.7
8884800;-7;-5;43;94;-6.8;-4.8;4.9;5.3;54.8;0;-2.9;-3.2;-3;-3.5;3.3;236.1111111;0;0;1
8885700;-7;-5;44;92;-7.4;-5.4;4.7;5.2;54.5;0;-3.5;-3.8;-3.5;-4;3.3;236.1111111;0;0;1
8886600;-8;-6;44;89;-7.7;-5.8;4.4;4.9;56.9;0;-3.9;-4.2;-3.9;-4.5;3.3;236.1111111;0;0;1
8887500;-8;-6;44;85;-8.1;-6.3;4.2;4.7;57.6;0;-4.2;-4.6;-4.3;-5.1;3.3;236.1111111;0;0;1
8888400;-9;-7;44;87;-8.5;-6.7;4.1;4.3;57.7;0;-4.6;-5;-4.6;-5.5;3;236.1111111;0;0;1.1
8889300;-2;-5;36;22;-2.3;-5.6;4;4.1;59.2;0;-2.6;-2.6;-2.2;-4.1;3;236.1111111;0;0;1.1
8890200;-6;-4;42;96;-6;-3.9;3.7;3.9;61.4;0;-2.2;-2.5;-2.1;-2.6;3;236.1111111;0;0;1.1
8891100;-7;-5;43;92.5;-6.85;-4.9;3.5;3.05;62.45;0;-3.05;-3.45;-3;-3.65;3;236.1111111;0;0;1.1
8892000;-8;-6;44;89;-7.7;-5.9;3.3;2.2;63.5;0;-3.9;-4.4;-3.9;-4.7;1.8;233.3333333;0;0;1.3
8892900;-8;-6;43;80;-8.2;-6.4;3.1;2.1;64.1;0;-4.4;-4.8;-4.4;-5.2;1.8;233.3333333;0;0;1.3
8893800;-6;-6;21;35;-6.3;-6.6;2.8;2.1;65.1;0;-4.7;-5.1;-4.6;-5.5;1.8;233.3333333;0;0;1.3
8894700;-5;-2;0;0;-4.9;-1.3;2.7;2.1;66.2;0;-4.1;-4.5;-4.1;-5.1;1.8;233.3333333;0;0;1.3
8895600;-6;-2;25;48;-5.5;-2.1;2.6;1.8;67.3;0;-3;-3.5;-2.9;-4;1.7;230.5555556;0;0;1.3
8896500;-7;-6;43;89;-7.3;-5.4;2.5;1.8;68;0;-3.6;-3.9;-3.5;-4.2;1.7;230.5555556;0;0;1.3
8897400;-8;-6;44;85;-8.1;-6.3;2.5;1.8;68.3;0;-4.4;-4.6;-4.4;-5.2;1.7;230.5555556;0;0;1.3
8898300;-6;-5;10;16;-5.6;-5.8;2.3;1.8;68.9;0;-4.7;-4.9;-4.7;-5.6;1.7;230.5555556;0;0;1.3
8899200;-5;-2;0;0;-4.7;-1.5;2.1;1.6;69.8;0;-4.1;-4.5;-4.1;-5;0.7;230.5555556;0;0;0.9
8900100;-5;-3;21;38;-5.6;-2.9;2;1.6;70.4;0;-3.4;-3.8;-3.4;-4.3;0.7;230.5555556;0;0;0.9
8901000;-8;-6;45;83;-7.9;-6.1;1.7;1.6;71.2;0;-4.3;-4.5;-4.3;-4.9;0.7;230.5555556;0;0;0.9
8901900;-6;-5;7;12;-5.7;-5.7;1.7;1.6;72.2;0;-4.8;-5;-4.7;-5.5;0.7;230.5555556;0;0;0.9
8902800;-5;-2;0;0;-5;-1.8;1.6;1;73.4;0;-4.2;-4.5;-4.1;-5;0;230.5555556;0;0;0.7
8903700;-6;-2;20;33;-5.6;-2.9;1.4;0.9;73.8;0;-3.5;-3.9;-3.4;-4.3;0;230.5555556;0;0;0.7
8904600;-8;-6;45;87;-7.8;-6;1.3;1;74.6;0;-4.2;-4.5;-4.1;-4.7;0;230.5555556;0;0;0.7
8905500;-7;-6;19;41;-6.7;-6.7;1.2;1.3;75.1;0;-4.7;-5.1;-4.7;-5.5;0;230.5555556;0;0;0.7
8906400;-5;-2;0;0;-5.2;-2.4;1.1;1.1;75.6;0;-4.3;-4.6;-4.2;-5.1;-1;227.7777778;0;0;0.7
8907300;-5;-3;12;19;-5.5;-2.7;1;1;76.2;0;-3.6;-4;-3.4;-4.4;-1;227.7777778;0;0;0.7
8908200;-8;-6;44;86;-7.5;-5.7;0.9;0.8;76.5;0;-4;-4.2;-3.8;-4.5;-1;227.7777778;0;0;0.7
8909100;-7;-6;20;34;-6.6;-6.6;0.7;0.4;77.1;0;-4.9;-5;-4.8;-5.5;-1;227.7777778;0;0;0.7
8910000;-5;-2;0;0;-5;-2.1;0.7;0.3;77.4;0;-4.4;-4.6;-4.2;-5.1;-0.8;227.7777778;0;0;1.7
8910900;-5;-2;0;2;-5;-1.7;0.6;0.3;77.8;0;-4;-4.2;-3.8;-4.6;-0.8;227.7777778;0;0;1.7
8911800;-7;-6;43;71;-7.5;-5.6;0.6;0.1;78.3;0;-4.1;-4.3;-3.9;-4.8;-0.8;227.7777778;0;0;1.7
8912700;-6;-5;12;22;-5.8;-5.9;0.5;-0.2;78.6;0;-4.9;-5;-4.8;-5.5;-0.8;227.7777778;0;0;1.7
8913600;-5;-2;0;0;-4.9;-1.8;0.5;-0.2;78.9;0;-4.4;-4.6;-4.3;-5;-1.9;227.7777778;16.66666667;22.22222222;1.8
8914500;-5;-3;8;14;-5.2;-2.3;0.4;-0.2;79.3;0;-3.7;-4.1;-3.6;-4.5;-1.9;227.7777778;16.66666667;22.22222222;1.8
8915400;-8;-6;44;86;-7.8;-6;0.3;-0.4;79.6;0;-4.2;-4.5;-4.1;-4.7;-1.9;227.7777778;16.66666667;22.22222222;1.8
8916300;-6;-5;13;21;-6.2;-6.2;0.4;-1.1;79.6;0;-4.8;-4.9;-4.6;-5.4;-1.9;227.7777778;16.66666667;22.22222222;1.8
8917200;-5;-2;0;0;-5.4;-2;0.7;-1;79.1;3.2;-4.2;-4.3;-4;-4.9;0;241.6666667;80.55555556;158.3333333;2.2
8918100;-6;-4;29;54;-6.3;-4;1.3;-1;77.8;4.8;-3.3;-3.7;-3.1;-3.9;0;241.6666667;80.55555556;158.3333333;2.2
8919000;-7;-6;44;89;-7.4;-5.5;2.2;-1;73.7;4.8;-3.5;-4;-3.4;-4.3;0;241.6666667;80.55555556;158.3333333;2.2
8919900;-8;-6;45;92;-7.5;-5.5;2.6;-0.9;72.4;4.8;-3.6;-4.1;-3.4;-4.5;0;241.6666667;80.55555556;158.3333333;2.2
8920800;-7;-5;44;91;-7.5;-5.5;3.2;-0.5;70;47.5;-3.2;-3.8;-3.1;-4.2;1.7;255.5555556;172.2222222;369.4444444;3.3
8921700;-7;-5;43;95;-7.2;-5.3;3.9;-0.3;67.6;76;-2.7;-3.2;-2.6;-3.8;1.7;255.5555556;172.2222222;369.4444444;3.3
8922600;-7;-5;43;93;-7;-5;4.2;-0.9;65.6;76.2;-2.5;-2.9;-2.4;-3.6;1.7;255.5555556;172.2222222;369.4444444;3.3
8923500;-6;-4;42;96;-6.7;-4.7;4.1;-1.4;65.6;76.3;-2.1;-2.5;-2.1;-3.2;1.7;255.5555556;172.2222222;369.4444444;3.3
8924400;-6;-4;42;99;-6.4;-4.4;4.1;-0.2;65.8;211.7;-1.7;-2.1;-1.7;-2.8;3;236.1111111;100;505.5555556;2.2
8925300;-6;-4;42;103;-5.8;-3.8;4.3;-0.2;66.4;211.7;-1.1;-1.4;-1;-2.2;3;236.1111111;100;505.5555556;2.2
8926200;-4;-2;43;114;-4.3;-2.1;5.4;0.4;63.7;211.7;0.8;0.5;0.8;-0.6;3;236.1111111;100;505.5555556;2.2
8927100;-3;0;43;122;-2.7;-0.3;6.1;0.9;58.5;211.7;2.6;2.4;2.6;1.1;3;236.1111111;100;505.5555556;2.2
8928000;-2;1;43;131;-1.3;1.3;6.6;1.9;56.2;326.8;4.2;4.1;4.2;2.6;4.9;250;202.7777778;641.6666667;4.5
8928900;0;2;43;139;0.1;2.9;7;2;54.9;344.5;5.7;5.8;5.7;4.2;4.9;250;202.7777778;641.6666667;4.5
8929800;1;4;43;148;1.6;4.6;7.3;2.3;53;344.5;7.3;7.4;7.4;5.9;4.9;250;202.7777778;641.6666667;4.5
8930700;2;5;43;154;2.9;6.1;7.6;2.7;51.7;344.5;8.8;8.9;8.9;7.4;4.9;250;202.7777778;641.6666667;4.5
8931600;3;7;43;163;4.1;7.4;8;3.7;51;443.1;10.1;10.2;10.2;8.7;6.1;266.6666667;247.2222222;716.6666667;2.5
8932500;4;8;43;175;5;8.6;8.8;3.9;49;458.3;11.3;11.4;11.4;9.9;6.1;266.6666667;247.2222222;716.6666667;2.5
8933400;5;9;43;183;6;9.7;9.6;4;46.2;463.4;12.4;12.5;12.4;11;6.1;266.6666667;247.2222222;716.6666667;2.5
8934300;5;8;43;171;5.7;9.1;8.9;4.2;43.6;469.3;10.9;10.9;11;9.8;6.1;266.6666667;247.2222222;716.6666667;2.5
8935200;2;6;43;154;3.5;6.7;8.5;5.1;42.9;505.5;8.5;8.4;8.5;7.6;6.1;302.7777778;355.5555556;522.2222222;3.3
8936100;1;5;43;151;2.5;5.6;9;5.2;42.7;511.1;8;7.8;7.8;7;6.1;302.7777778;355.5555556;522.2222222;3.3
8937000;3;6;43;167;3.7;7.1;9.5;5.6;45.1;524.5;9.7;9.9;9.7;8.8;6.1;302.7777778;355.5555556;522.2222222;3.3
8937900;3;7;43;167;4.5;7.9;9.4;6;44.7;539.9;10;10.3;10.1;9;6.1;302.7777778;355.5555556;522.2222222;3.3
8938800;5;9;43;181;5.6;9.2;9.5;6.6;41.4;575.9;11.5;12.3;11.9;10.7;6.2;305.5555556;347.2222222;352.7777778;2
8939700;5;8;43;173;5.9;9.6;10;6.8;41.1;584.9;11.2;11.8;11.6;10.3;6.2;305.5555556;347.2222222;352.7777778;2
8940600;4;8;43;166;5.3;8.7;10.1;6.9;41.1;584.9;10.5;10.8;10.7;9.5;6.2;305.5555556;347.2222222;352.7777778;2
8941500;3;7;38;176;3.7;8;9.8;6.9;39.6;584.9;9.7;9.9;9.9;8.8;6.2;305.5555556;347.2222222;352.7777778;2
8942400;2;6;36;128;3.5;6.8;10.7;7.2;38.7;559.3;8.9;9;9;7.9;4.5;311.1111111;294.4444444;300;2.3
8943300;2;6;43;161;3.6;6.9;10.5;7.3;43;546.5;8.7;8.8;8.9;7.7;4.5;311.1111111;294.4444444;300;2.3
8944200;2;5;43;156;3.1;6.4;9.7;6.8;47.6;546.5;8.2;8.3;8.5;7.3;4.5;311.1111111;294.4444444;300;2.3
8945100;2;5;43;155;3.1;6;9.7;6.6;47.6;546.5;8.1;8.2;8.4;7.1;4.5;311.1111111;294.4444444;300;2.3
8946000;2;5;43;153;2.8;6;9.3;6.7;49.1;503.2;8;8;8.2;7;5.4;316.6666667;200;205.5555556;2.2
8946900;2;5;43;153;2.6;6;9.8;6.8;47.4;481.6;7.9;8;8.1;7;5.4;316.6666667;200;205.5555556;2.2
8947800;2;5;43;155;2.7;6;10.3;6.5;43.7;481.6;8.4;8.4;8.5;7.4;5.4;316.6666667;200;205.5555556;2.2
8948700;2;5;43;155;3.1;6;10.6;6.4;42;481.6;8.5;8.5;8.6;7.5;5.4;316.6666667;200;205.5555556;2.2
8949600;2;5;43;153;3.1;6;11;6.3;42;400.3;8.2;8.3;8.4;7.3;4.5;302.7777778;127.7777778;130.5555556;2.4
8950500;2;5;43;149;2.8;5.8;10.8;6.2;43.6;359.6;7.7;7.8;7.9;6.7;4.5;302.7777778;127.7777778;130.5555556;2.4
8951400;1;4;43;141;1.9;4.9;9.3;4.9;48.9;359.6;6.6;6.6;6.7;5.6;4.5;302.7777778;127.7777778;130.5555556;2.4
8952300;0;2;43;134;0.7;3.5;8.4;4.3;54.2;359.6;5.2;5.2;5.4;4.4;4.5;302.7777778;127.7777778;130.5555556;2.4
8953200;1;2;30;72;1.4;3;8.4;4.2;53.7;324.3;4.9;5;5.1;4;5.6;258.3333333;138.8888889;155.5555556;2.4
8954100;2;3;18;36;3;3.4;8.5;4.1;53.2;306.6;6;6;6.3;4.9;5.6;258.3333333;138.8888889;155.5555556;2.4
8955000;2;4;33;102;2.9;4.4;8.9;4.7;51.1;306.6;6.9;6.9;7;5.8;5.6;258.3333333;138.8888889;155.5555556;2.4
8955900;2;4;43;100;2.8;4.5;9.4;5;49.6;306.6;6.9;7;7.1;6;5.6;258.3333333;138.8888889;155.5555556;2.4
8956800;2;4;43;97;2.8;4.5;9.5;4.9;49.5;249.5;6.8;6.8;7;5.8;4.9;269.4444444;75;75;1.8
8957700;2;3;43;79;2.8;4.4;9;4.8;51.6;221;6.3;6.2;6.4;5.4;4.9;269.4444444;75;75;1.8
8958600;1;3;43;64;2.6;3.8;8.5;4.4;52.2;221;5.7;5.6;5.9;4.9;4.9;269.4444444;75;75;1.8
8959500;1;2;32;44;2.3;3.5;8.3;4.2;53.6;221;5.3;5.3;5.6;4.6;4.9;269.4444444;75;75;1.8
8960400;1;2;0;0;2.3;3.5;8.2;3.9;54.7;161.1;5.8;5.8;6;4.7;4.9;-2775;22.22222222;22.22222222;1.1
8961300;1;3;23;58;2.1;3.7;7.9;3.8;53.8;131.1;5.7;5.7;5.9;5;4.9;-2775;22.22222222;22.22222222;1.1
8962200;2;2;0;0;2.4;3.5;7.8;4.6;54.2;131.1;5.6;5.4;5.6;4.8;4.9;-2775;22.22222222;22.22222222;1.1
8963100;1;3;23;47;2;3.3;7.5;5;54.5;131.1;5.4;5.2;5.5;4.6;4.9;-2775;22.22222222;22.22222222;1.1
8964000;1;2;0;0;2.2;3;7.3;4.6;54.6;60.2;5.1;4.9;5.2;4.4;3.2;258.3333333;0;0;1.9
8964900;1;3;22;45;1.9;3.4;7;4.4;51.3;24.7;4.9;4.8;5.1;4.3;3.2;258.3333333;0;0;1.9
8965800;1;3;0;0;2;3.2;6.7;4.3;54.5;24.6;4.9;4.7;5;4.2;3.2;258.3333333;0;0;1.9
8966700;1;2;23;36;1.8;3;6.1;4.3;63.4;24.5;4.7;4.4;4.9;4.1;3.2;258.3333333;0;0;1.9
8967600;1;2;0;0;2;2.5;5.9;3.8;65.2;0;4.4;4.1;4.5;3.9;3.3;252.7777778;0;0;1.5
8968500;1;1;22;25;1.6;2.3;5.8;3.8;64.8;0;4.2;4;4.3;3.7;3.3;252.7777778;0;0;1.5
8969400;1;1;0;0;1.7;2;5.7;4.1;65.1;0;4.1;3.9;4.1;3.7;3.3;252.7777778;0;0;1.5
8970300;1;1;22;17;1.5;2;5.5;4.3;65.7;0;3.9;3.7;4;3.4;3.3;252.7777778;0;0;1.5
8971200;1;1;0;0;1.5;2;5.2;3.7;66.7;0;3.8;3.5;3.8;3.4;2.7;244.4444444;0;0;1.6
8972100;1;1;0;0;1.9;2;5;3.7;66.9;0;4;3.5;3.8;3.7;2.7;244.4444444;0;0;1.6
8973000;1;3;0;0;2.2;3.3;4.7;3.2;68.3;0;4;3.3;3.7;4.1;2.7;244.4444444;0;0;1.6
8973900;1;5;0;0;2.4;5.5;4.4;2.6;69.7;0;4;3.1;3.6;4.4;2.7;244.4444444;0;0;1.6
8974800;1;3;0;0;2.8;5;4.2;2.3;70.9;0;4.2;2.9;3.4;4.7;1.7;238.8888889;0;0;1.3
8975700;2;2;13;8;2.6;3.9;4;2.3;71.2;0;4.1;2.8;3.2;4.3;1.7;238.8888889;0;0;1.3
8976600;0;0;11;0;1.1;0.9;3.7;2.5;72.4;0;3.1;2.6;3.2;2.6;1.7;238.8888889;0;0;1.3
8977500;0.5;0.5;5.5;0;1.4;1.35;3.45;2.4;73.7;0;3;2.6;3.2;2.9;1.7;238.8888889;0;0;1.3
8978400;1;1;0;0;1.7;1.8;3.2;2.3;75;0;2.9;2.6;3.2;3.2;0.8;236.1111111;0;0;2
8979300;1;1;0;0;2.1;2.3;3.2;2.1;75.6;0;2.6;3.2;3.5;3.5;0.8;236.1111111;0;0;2
8980200;1;2;0;0;2.3;2.7;2.8;2.1;76.3;0;2.1;3.8;3.9;3.8;0.8;236.1111111;0;0;2
8981100;1;2;0;0;2.6;3;2.6;2.1;77;0;1.7;4.2;4.3;3.9;0.8;236.1111111;0;0;2
8982000;2;5;0;0;2.8;5.5;2.4;1.9;77.6;0;1.4;4.7;4.9;3.7;-0.2;233.3333333;0;0;2.1
8982900;2;5;0;0;3.1;5.9;2.4;1.8;77.8;0;1.1;5.3;5.6;2.6;-0.2;233.3333333;0;0;2.1
8983800;2;4;0;0;3.1;5.2;2.4;1.8;78.3;0;1;5.8;6.1;2;-0.2;233.3333333;0;0;2.1
8984700;2;4;0;0;3.1;5;2.2;1.8;78.2;0;0.9;6.3;6;0.6;-0.2;233.3333333;0;0;2.1
8985600;2;4;0;0;3.1;5;2.1;1.7;78.6;0;0.6;6.3;6.7;0;-0.3;230.5555556;0;0;1.8
8986500;2;3;0;0;2.8;4.6;1.9;1.6;79.4;0;0.4;5.7;6.6;-0.3;-0.3;230.5555556;0;0;1.8
8987400;2;3;0;0;1.9;4.5;1.7;1.6;79.5;0;0.3;5.4;5.9;-0.5;-0.3;230.5555556;0;0;1.8
8988300;1;3;0;0;1.6;4.3;1.6;1.6;79.7;0;0.1;5.5;5.9;-0.6;-0.3;230.5555556;0;0;1.8
8989200;1;3;0;0;1.2;4;1.3;-0.4;80.2;0;-0.1;5.1;6;-0.7;-0.9;227.7777778;0;0;1.3
8990100;0;4;0;0;0.8;4.8;1.3;-0.5;80.4;0;0;4.6;5.5;-0.7;-0.9;227.7777778;0;0;1.3
8991000;0;5;0;0;0.1;6;1.2;-0.7;80.9;0;-0.1;4.3;5.1;-0.6;-0.9;227.7777778;0;0;1.3
8991900;1;3;0;0;0.2;4.9;1.2;-0.8;80.9;0;-0.2;4.4;4.9;-0.6;-0.9;227.7777778;0;0;1.3
8992800;0;2;0;0;0.6;3.8;1.1;-1.1;81.1;0;-0.4;4.4;5;-0.8;-1.5;227.7777778;0;0;1.1
8993700;0;2;0;0;0.6;3.5;1;-1.1;81.6;0;-0.4;4.2;5;-0.8;-1.5;227.7777778;0;0;1.1
8994600;0;2;0;0;0.6;3.5;0.9;-0.9;82;0;-0.4;4.1;4.9;-0.9;-1.5;227.7777778;0;0;1.1
8995500;0;2;0;0;0.6;3.1;0.8;-0.7;81.9;0;-0.4;3.9;4.7;-1;-1.5;227.7777778;0;0;1.1
8996400;0;2;0;0;0.6;3;0.7;-1;82;0;-0.4;3.9;4.6;-1.1;-2;225;0;0;1.1
8997300;0;2;0;0;0.6;3;0.6;-1;81.9;0;-0.5;3.9;4.6;-1.3;-2;225;0;0;1.1
8998200;0;3;0;0;0.4;3.2;0.7;-1.2;82;0;-0.6;3.8;4.5;-1.4;-2;225;0;0;1.1
8999100;0;5;0;0;-0.4;5.7;0.6;-1.3;81.6;0;-0.7;3.8;4.5;-1.5;-2;225;0;0;1.1
9000000;0;4;0;0;-0.4;5.5;0.5;-1.2;82.1;0;-1;3.9;4.4;-1.7;-2.1;225;16.66666667;22.22222222;1.4
9000900;0;2;0;0;-0.4;3.9;0.4;-1.2;82;0;-1.2;4.1;4.5;-1.8;-2.1;225;16.66666667;22.22222222;1.4
9001800;0;2;0;0;-0.4;3.3;0.3;-1.3;82;0;-1.4;3.9;4.7;-2;-2.1;225;16.66666667;22.22222222;1.4
9002700;0;2;0;0;-0.4;3;0.5;-1.5;81.6;0;-1.3;3.7;4.5;-2.1;-2.1;225;16.66666667;22.22222222;1.4
9003600;0;1;0;0;-0.4;2.8;0.7;-1.3;81.3;2.8;-1;3.5;4.3;-1.8;-0.9;225;55.55555556;152.7777778;2.3
9004500;-1;0;19;26;-1.1;1;1.1;-1.3;80.1;3.2;-0.1;1.9;2.9;-0.7;-0.9;225;55.55555556;152.7777778;2.3
9005400;-5;-3;43;103;-4.6;-2.5;1.7;-1.6;78.2;3.2;-0.6;-1.4;-0.6;-0.8;-0.9;225;55.55555556;152.7777778;2.3
9006300;-6;-4;42;99;-5.6;-3.6;2.3;-1.9;75.4;3.2;-1.7;-2.2;-1.5;-2.1;-0.9;225;55.55555556;152.7777778;2.3
9007200;-6;-4;42;98;-6.1;-4;2.8;-1.3;72.8;69.6;-1.8;-2.3;-1.6;-2.4;1;230.5555556;77.77777778;341.6666667;3.6
9008100;-6;-4;42;100;-6.1;-4;2.9;-1.2;71.7;79.8;-1.7;-2.2;-1.7;-2.5;1;230.5555556;77.77777778;341.6666667;3.6
9009000;-6;-4;42;102;-6;-3.9;3.2;-1.3;71.4;80.3;-1.5;-1.7;-1.3;-2.3;1;230.5555556;77.77777778;341.6666667;3.6
9009900;-5;-3;42;109;-5.2;-3;3.9;-1.5;68.8;81.1;-0.3;-0.5;-0.2;-1.4;1;230.5555556;77.77777778;341.6666667;3.6
9010800;-4;-2;43;114;-4.1;-1.8;4.4;-0.5;66.8;215.4;0.9;0.8;1;-0.2;3.1;233.3333333;91.66666667;516.6666667;4.7
9011700;-3;-1;43;121;-3;-0.5;5;-0.3;64.8;236.1;2.2;2.1;2.2;0.9;3.1;233.3333333;91.66666667;516.6666667;4.7
9012600;-2;0;43;127;-2;0.6;5.4;-0.1;61.6;236.1;3.3;3.3;3.4;2.1;3.1;233.3333333;91.66666667;516.6666667;4.7
9013500;-1;1;43;134;-0.9;1.9;5.6;0.1;58.8;236.1;4.6;4.6;4.7;3.3;3.1;233.3333333;91.66666667;516.6666667;4.7
9014400;0;2;43;141;0.3;3.1;6;1.2;57.4;353;5.8;5.9;5.9;4.5;4.9;238.8888889;97.22222222;663.8888889;2.8
9015300;1;4;43;148;1.4;4.5;6.4;1.5;56.4;382.2;7.2;7.2;7.2;5.7;4.9;238.8888889;97.22222222;663.8888889;2.8
9016200;2;5;43;154;2.5;5.7;7;1.8;55.6;382.2;8.4;8.5;8.4;7;4.9;238.8888889;97.22222222;663.8888889;2.8
9017100;3;6;43;162;3.6;6.9;7.4;2.2;52.4;382.2;9.5;9.7;9.6;8.2;4.9;238.8888889;97.22222222;663.8888889;2.8
9018000;4;7;43;170;4.5;8;7.5;3.4;52.3;465.5;10.6;10.8;10.7;9.2;6.2;-2775;191.6666667;611.1111111;4
9018900;5;8;43;177;5.5;9.1;8.1;3.7;50.3;486.3;11.7;12;11.8;10.4;6.2;-2775;191.6666667;611.1111111;4
9019800;5;9;43;183;6.2;10;8.5;4.1;48.2;483.3;12.6;12.7;12.7;11.3;6.2;-2775;191.6666667;611.1111111;4
9020700;6;10;43;187;7.1;10.8;8.9;4.6;45.3;478.7;13.2;13.4;13.3;12.2;6.2;-2775;191.6666667;611.1111111;4
9021600;5;10;38;209;6.2;10.8;9.7;5.5;42;507.7;12.7;12.9;12.9;11.8;5.8;269.4444444;269.4444444;761.1111111;2.7
9022500;3;8;37;210;4.3;9;9.2;5.7;46.1;514.9;10.7;10.8;10.7;9.9;5.8;269.4444444;269.4444444;761.1111111;2.7
9023400;3;7;43;162;3.9;7.3;8.5;5.9;49.4;517.6;9.1;9.2;9.4;8.4;5.8;269.4444444;269.4444444;761.1111111;2.7
9024300;4;7;43;171;4.6;8.1;9.2;6.2;45.1;521.6;10.3;10.4;10.5;9.6;5.8;269.4444444;269.4444444;761.1111111;2.7
9025200;4;8;43;166;4.8;8.3;9.7;6.8;42.8;558.8;10.6;10.7;10.6;9.7;5.8;288.8888889;380.5555556;644.4444444;3.6
9026100;3;8;38;199;4;8.4;9.3;7;41.9;568.1;10.5;10.6;10.3;9.7;5.8;288.8888889;380.5555556;644.4444444;3.6
9027000;4;8;37;179;4.8;8.4;9.6;7;42;568.1;10.8;11.1;11;10;5.8;288.8888889;380.5555556;644.4444444;3.6
9027900;5;9;43;189;6.2;10;10;7.1;42.1;568.1;12.4;12.9;12.7;11.7;5.8;288.8888889;380.5555556;644.4444444;3.6
9028800;7;11;43;197;7.5;11.5;10.2;7.6;40.1;551.5;13.9;14.4;14.1;13.2;7.2;283.3333333;230.5555556;441.6666667;3.5
9029700;7;12;39;291;6.7;12.8;10.1;7.6;38.5;550.3;15.3;15.7;15.3;14.5;7.2;283.3333333;230.5555556;441.6666667;3.5
9030600;5;11;38;252;6.2;12.1;10.2;7;38.3;550.3;13.6;14.3;13.7;13;7.2;283.3333333;230.5555556;441.6666667;3.5
9031500;7;11;43;203;7.6;11.8;11;6.4;36.1;550.3;13.9;14.4;14.2;13;7.2;283.3333333;230.5555556;441.6666667;3.5
9032400;5;9;43;178;6.5;10.3;10.6;6.9;38.9;506.7;11.7;12;11.8;10.8;6.2;272.2222222;236.1111111;450;3.4
9033300;3;7;43;156;4.4;7.7;9.4;6.9;45;503.6;9.2;9.3;9.4;8.5;6.2;272.2222222;236.1111111;450;3.4
9034200;3;6;39;184;3.5;7.1;9.7;6.5;45.7;503.6;9.4;9.5;9.5;8.5;6.2;272.2222222;236.1111111;450;3.4
9035100;4;8;38;159;4.7;8.5;10.3;6.2;41.5;503.6;10.7;11.1;11.1;9.5;6.2;272.2222222;236.1111111;450;3.4
9036000;4;8;43;171;4.8;8.5;9.8;6.5;40.5;429.5;10.2;10.4;10.4;9.1;6.3;-2775;155.5555556;244.4444444;3.2
9036900;3;6;43;160;3.7;7.1;9.5;6.5;41;424.2;9.1;9.1;9.2;8.2;6.3;-2775;155.5555556;244.4444444;3.2
9037800;3;7;43;165;4.2;7.5;10.2;7;41.3;424.2;9.7;9.8;9.7;8.7;6.3;-2775;155.5555556;244.4444444;3.2
9038700;2;5;43;148;3;6.2;9.3;7.4;41.5;424.2;7.8;7.9;8;7;6.3;-2775;155.5555556;244.4444444;3.2
9039600;1;4;43;139;1.7;4.7;9.2;7.3;44.6;378.1;6.4;6.4;6.5;5.7;7.6;297.2222222;200;352.7777778;1.4
9040500;0;3;43;136;0.7;3.6;9.2;7.3;45.2;374.8;5.6;5.5;5.6;4.8;7.6;297.2222222;200;352.7777778;1.4
9041400;0;3;43;131;0.9;3.8;10;6.7;41.9;374.8;6.2;6.2;6.3;5.3;7.6;297.2222222;200;352.7777778;1.4
9042300;2;3;39;71;2.4;4;9.3;6.1;54.9;374.8;5.9;6;6.2;5;7.6;297.2222222;200;352.7777778;1.4
9043200;0;3;43;131;1.2;3.7;8.9;6;52.1;264.1;5.6;5.5;5.7;4.8;7.1;252.7777778;75;172.2222222;1.6
9044100;0;2;43;135;-0.3;2.6;9.3;6;46;256.2;4.5;4.4;4.6;3.7;7.1;252.7777778;75;172.2222222;1.6
9045000;0;1;43;134;-0.5;2.5;9.3;6.1;41.3;256.2;4.4;4.3;4.4;3.5;7.1;252.7777778;75;172.2222222;1.6
9045900;0;1;43;131;-0.8;2;8.8;6.1;39.8;256.2;4;3.8;4;3.1;7.1;252.7777778;75;172.2222222;1.6
9046800;0;1;43;130;-1;1.8;8.7;5.5;38.2;164.2;3.8;3.6;3.7;2.9;5.8;244.4444444;16.66666667;19.44444444;1.7
9047700;0;0;43;128;-1.1;1.5;8.8;5.5;37.2;164.2;3.5;3.2;3.4;2.6;5.8;244.4444444;16.66666667;19.44444444;1.7
9048600;-2;0;43;124;-1.7;0.9;8.2;6.2;39.1;164.2;2.9;2.6;2.9;2;5.8;244.4444444;16.66666667;19.44444444;1.7
9049500;-2;0;43;120;-2.3;0.3;7.8;6.8;42.4;164.2;2.3;1.9;2.2;1.4;5.8;244.4444444;16.66666667;19.44444444;1.7
9050400;-3;0;43;118;-2.7;-0.3;7.4;6.3;44.8;45.4;1.8;1.4;1.6;0.9;4.6;247.2222222;0;0;1.6
9051300;-3;0;43;114;-3;-0.7;7;6.3;45.1;36.9;1.4;0.9;1.3;0.5;4.6;247.2222222;0;0;1.6
9052200;-4;-1;43;111;-3.7;-1.3;6.7;6.4;47.2;36.9;0.7;0.2;0.5;-0.2;4.6;247.2222222;0;0;1.6
9053100;-4;-2;42;107;-4.3;-2.2;6.4;6.6;49;36.8;-0.2;-0.5;-0.2;-1;4.6;247.2222222;0;0;1.6
9054000;-5;-3;42;104;-5;-2.8;6.2;5.8;50.9;7.4;-0.9;-1.2;-1;-1.6;3.5;247.2222222;0;0;1.2
9054900;-6;-3;42;102;-5.5;-3.4;6.1;5.6;51.9;0;-1.3;-1.7;-1.5;-2.2;3.5;247.2222222;0;0;1.2
9055800;-6;-4;42;99;-6;-3.9;5.9;5.3;53.7;0;-1.8;-2.2;-2;-2.7;3.5;247.2222222;0;0;1.2
9056700;-6;-4;42;97;-6.3;-4.2;5.7;4.9;55.5;0;-2.1;-2.5;-2.3;-3;3.5;247.2222222;0;0;1.2
9057600;-7;-5;42;95;-6.6;-4.7;5.4;4.3;57.1;0;-2.6;-3;-2.8;-3.4;3;244.4444444;0;0;1.5
9058500;-7;-5;42;92;-7.3;-5.3;4.9;4.1;58.7;0;-3.4;-3.7;-3.4;-4.1;3;244.4444444;0;0;1.5
9059400;-6;-4;8;17;-6.2;-4.6;4.6;3.9;60.5;0;-3.5;-3.9;-3.3;-4.3;3;244.4444444;0;0;1.5
9060300;-6;-2;0;0;-5.9;-1.6;4.2;3.7;62.4;0;-2.9;-3.5;-2.8;-3.8;3;244.4444444;0;0;1.5
9061200;-5;-3;0;0;-5.5;-1.9;4.1;3.3;63.6;0;-2.4;-2.9;-2.1;-3.3;2.6;247.2222222;0;0;1.3
9062100;-5;-3;0;0;-5;-2.5;3.9;3.2;64.7;0;-1.9;-1.8;-1.6;-2.8;2.6;247.2222222;0;0;1.3
9063000;-5;-3;0;0;-4.6;-2.5;3.9;3.1;65.1;0;-1.2;-1;-1.1;-2.4;2.6;247.2222222;0;0;1.3
9063900;-4.5;-3;0;0;-4.1;-2.5;4.05;2.7;64.15;0;-0.65;-0.55;-0.55;-1.95;2.6;247.2222222;0;0;1.3
9064800;-4;-3;0;0;-3.6;-2.5;4.2;2.3;63.2;0;-0.1;-0.1;0;-1.5;2;244.4444444;0;0;1.3
9065700;-4;-2;0;0;-3;-2.4;4.1;2.1;63;0;0.2;0.3;0.3;-1;2;244.4444444;0;0;1.3
9066600;-3;-2;0;0;-2.2;-2;3.7;2.1;63.8;0;0.4;0.3;0.5;-0.5;2;244.4444444;0;0;1.3
9067500;-3;-2;0;0;-1.5;-1.7;3.6;2.1;64.3;0;0.6;0.3;0.6;0;2;244.4444444;0;0;1.3
9068400;-3;1;0;0;-0.7;1.3;3.3;1.9;64.9;0;0.9;0.3;0.8;0.4;1.4;236.1111111;0;0;1.7
9069300;-3;1;0;0;-0.1;1.9;3.1;1.8;66.3;0;0.9;0.3;1;0.8;1.4;236.1111111;0;0;1.7
9070200;-2;0;0;0;0.6;1.2;2.8;1.8;67.5;0;0.9;0.3;1.3;2;1.4;236.1111111;0;0;1.7
9071100;-2;0;0;0;1.1;1;2.7;1.8;67.7;0;1.3;0.3;2;3.4;1.4;236.1111111;0;0;1.7
9072000;-2;0;0;0;1.1;1;2.8;1.6;67.2;0;2.1;0.4;2.8;3.9;0.9;233.3333333;0;0;1.5
9072900;-2;0;0;0;1.1;1;2.7;1.6;68.4;0;2.3;0.4;3.3;3.8;0.9;233.3333333;0;0;1.5
9073800;-2;0;0;0;1.1;1;2.3;1.6;69.2;0;2.2;0.4;3.5;4.1;0.9;233.3333333;0;0;1.5
9074700;-2;0;0;0;1.1;1;2.4;1.6;69;0;2.1;0.4;3.8;4.4;0.9;233.3333333;0;0;1.5
9075600;-1;0;0;0;1.1;1;2.3;1.2;69.4;0;1.8;0.4;4.3;4.6;0.8;236.1111111;0;0;1.6
9076500;0;2;0;0;1.1;2;2.1;1.1;70.1;0;1.2;0.3;4.8;4.5;0.8;236.1111111;0;0;1.6
9077400;0;3;0;0;1.4;3.5;1.9;1.1;71.2;0;0.4;0;5.1;4.4;0.8;236.1111111;0;0;1.6
9078300;0;1;0;0;1.6;2.5;1.7;1;71.5;0;0.1;-0.3;5.3;4.3;0.8;236.1111111;0;0;1.6
9079200;0;0;0;0;1.6;1.5;1.6;0.9;72.3;0;0.4;-0.5;4.5;4.2;0.1;238.8888889;0;0;1.7
9080100;0;0;0;0;1.6;1.5;1.6;0.9;72.6;0;0.2;-0.6;4.2;4.1;0.1;238.8888889;0;0;1.7
9081000;0;0;0;0;1.6;1.5;1.7;0.8;72.4;0;0.1;-0.7;3;4.2;0.1;238.8888889;0;0;1.7
9081900;0;0;0;0;1.9;1.5;1.6;0.7;73;0;0.1;-0.7;2.3;4.7;0.1;238.8888889;0;0;1.7
9082800;1;0;0;0;2.1;1.5;1.6;0.6;73.1;0;0.1;-0.7;2;4.9;-0.8;233.3333333;0;0;2.1
9083700;1;0;0;0;2.1;1.5;1.4;0.6;73.5;0;0;-0.8;2;4.9;-0.8;233.3333333;0;0;2.1
9084600;1;0;0;0;2.1;1.6;1.4;0.6;73.7;0;0;-0.9;2;5.2;-0.8;233.3333333;0;0;2.1
9085500;1;3;0;0;2.1;3.8;1.5;0.6;73.6;0;0.1;-0.8;2;5.4;-0.8;233.3333333;0;0;2.1
9086400;1;3;0;0;2.1;3.7;1.3;0.5;73.7;0;0;-0.9;2;5.1;-0.9;236.1111111;25;27.77777778;2
9087300;1;1;0;0;2.1;2.4;1.1;0.5;74.3;0;-0.2;-1.1;2.1;4.5;-0.9;236.1111111;25;27.77777778;2
9088200;1;1;0;0;2.1;2;1.1;0.3;75.2;0;-0.3;-1.3;2;4;-0.9;236.1111111;25;27.77777778;2
9089100;1;0;0;0;2.1;1.6;1.2;-0.1;75.7;0;-0.2;-1.3;1.9;4.1;-0.9;236.1111111;25;27.77777778;2
9090000;1;0;0;0;2.1;1.5;1.5;-0.1;74.7;1.7;0.1;-1.1;1.9;4.3;-0.3;272.2222222;91.66666667;94.44444444;2.5
9090900;1;0;3;0;2;1.4;2;-0.1;73.7;2.3;0.6;-0.8;1.9;4.1;-0.3;272.2222222;91.66666667;94.44444444;2.5
9091800;-3;-1;42;98;-3.3;-1.1;2.5;-0.4;71.7;2.3;0.8;0;0.3;0.2;-0.3;272.2222222;91.66666667;94.44444444;2.5
9092700;-5;-3;42;101;-4.9;-2.8;3.1;-0.9;69.6;2.3;-1;-1.3;-1;-1.5;-0.3;272.2222222;91.66666667;94.44444444;2.5
9093600;-6;-4;42;96;-5.6;-3.6;4;-0.6;66.3;33.8;-1.6;-1.9;-1.6;-2.2;1.3;280.5555556;269.4444444;316.6666667;1.6
9094500;-6;-4;42;101;-5.7;-3.7;4.9;-0.5;64.2;45.3;-1.4;-1.6;-1.3;-2.1;1.3;280.5555556;269.4444444;316.6666667;1.6
9095400;-5;-3;42;105;-5.4;-3.3;4.8;-0.6;64.9;44.5;-0.7;-0.9;-0.6;-1.6;1.3;280.5555556;269.4444444;316.6666667;1.6
9096300;-5;-2;42;106;-5;-2.7;4.4;-0.7;66.9;42.8;-0.3;-0.4;-0.2;-1.2;1.3;280.5555556;269.4444444;316.6666667;1.6
9097200;-4;-2;42;109;-4.6;-2.3;4.9;0;66.8;109;0.2;0;0.2;-0.7;1.9;297.2222222;227.7777778;233.3333333;1.8
9098100;-4;-2;42;111;-4.1;-1.9;5.4;0.2;65.9;133.1;0.7;0.6;0.7;-0.3;1.9;297.2222222;227.7777778;233.3333333;1.8
9099000;-4;-2;42;113;-3.7;-1.5;6.1;0.3;64.1;133.1;1.1;1;1.1;0.1;1.9;297.2222222;227.7777778;233.3333333;1.8
9099900;-3;-2;42;113;-3.7;-1.2;6.2;0.4;63;133.1;1.2;1.1;1.2;0.2;1.9;297.2222222;227.7777778;233.3333333;1.8
9100800;-3;-2;42;113;-3.7;-1.2;6.1;0.9;64;193;1.2;1.1;1.2;0.2;3.1;291.6666667;330.5555556;408.3333333;1.4
9101700;-3;-2;42;115;-3.6;-1.2;6.6;1.2;62.6;223;1.3;1.2;1.4;0.4;3.1;291.6666667;330.5555556;408.3333333;1.4
9102600;-3;-2;42;116;-3.2;-0.7;6.2;1.4;63.4;223;1.6;1.4;1.6;0.6;3.1;291.6666667;330.5555556;408.3333333;1.4
9103500;-3;0;42;117;-3;-0.5;6.9;2;61.7;223;2;1.9;2;1;3.1;291.6666667;330.5555556;408.3333333;1.4
9104400;-2;0;43;124;-2;0.5;7.6;2.5;58.3;288.3;3.2;3;3.1;2;4.1;313.8888889;208.3333333;216.6666667;2.2
9105300;-1;0;14;42;0.1;0.8;8;2.8;56.9;320.9;3.8;3.9;3.9;2.5;4.1;313.8888889;208.3333333;216.6666667;2.2
9106200;2;3;43;76;1.7;3.1;8.3;2.8;55.3;326.3;5.7;5.9;6;4.5;4.1;313.8888889;208.3333333;216.6666667;2.2
9107100;1;4;39;125;1.7;4.3;9.1;2.7;54.5;341.2;7;7;7.1;6.1;4.1;313.8888889;208.3333333;216.6666667;2.2
9108000;2;6;43;162;2.9;6.3;10.7;3.4;49;357.1;9.1;9;8.9;7.6;4.2;311.1111111;222.2222222;222.2222222;2.6
9108900;2;5;43;150;2.7;5.9;9.2;3.7;50.7;365.1;7.7;7.6;7.6;6.4;4.2;311.1111111;222.2222222;222.2222222;2.6
9109800;0;3;43;138;0.9;3.9;8.9;3.8;53.6;370.6;5.6;5.5;5.7;4.7;4.2;311.1111111;222.2222222;222.2222222;2.6
9110700;0;2;43;136;0;2.8;9.3;4;52.2;385.7;4.8;4.7;4.8;3.9;4.2;311.1111111;222.2222222;222.2222222;2.6
9111600;0;1;43;131;-0.5;2.2;8.3;4.4;54.3;404.6;4.2;4.1;4.2;3.2;4.8;313.8888889;219.4444444;219.4444444;3.4
9112500;0;1;43;129;-1.1;1.7;8;4.6;55.1;414;3.7;3.5;3.7;2.7;4.8;313.8888889;219.4444444;219.4444444;3.4
9113400;-1;0;43;129;-1.3;1.4;8.2;4.6;54.2;414;3.3;3.2;3.4;2.4;4.8;313.8888889;219.4444444;219.4444444;3.4
9114300;-2;0;43;128;-1.6;1.2;8.1;4.6;53.7;414;3.2;3;3.2;2.2;4.8;313.8888889;219.4444444;219.4444444;3.4
9115200;-2;0;43;127;-1.6;0.9;8.4;5;53;377.5;2.9;2.8;3;2;5.3;313.8888889;219.4444444;219.4444444;3.4
9116100;-2;0;43;126;-1.8;0.9;8.4;5.2;52.1;359.2;2.8;2.7;2.8;1.9;5.3;313.8888889;219.4444444;219.4444444;3.4
9117000;-2;0;43;125;-2.1;0.6;8.9;5.1;51.5;359.2;2.7;2.6;2.7;1.8;5.3;313.8888889;219.4444444;219.4444444;3.4
9117900;-2;0;43;127;-2.1;0.5;9.7;4.7;48.9;359.2;3.1;3;3.1;2.1;5.3;313.8888889;219.4444444;219.4444444;3.4
9118800;-2;1;43;133;-1.5;1.2;10;5;48.6;359.7;3.8;3.7;3.8;2.7;5.9;313.8888889;247.2222222;250;2.5
9119700;-2;1;43;135;-1.1;1.7;10;5.2;47.4;360;4.2;4.2;4.2;3.2;5.9;313.8888889;247.2222222;250;2.5
9120600;0;2;43;138;-0.5;2.3;9.9;5.2;47.2;360;4.8;4.8;4.8;3.8;5.9;313.8888889;247.2222222;250;2.5
9121500;0;2;43;140;-0.1;2.7;9.8;5.2;46.6;360;5.2;5.2;5.3;4.2;5.9;313.8888889;247.2222222;250;2.5
9122400;0;3;43;143;0.4;3.3;9.6;5.4;46.5;326.7;5.7;5.8;5.8;4.7;5.8;316.6666667;158.3333333;158.3333333;1.7
9123300;0;2;43;139;0.4;3.4;9.2;5.5;46.7;310.1;5.3;5.2;5.3;4.3;5.8;316.6666667;158.3333333;158.3333333;1.7
9124200;0;2;43;138;0;2.9;9.2;5.5;46.3;310.1;5;4.9;5;4.1;5.8;316.6666667;158.3333333;158.3333333;1.7
9125100;0;2;43;137;-0.1;2.8;9.1;5.5;47.4;310.1;4.7;4.6;4.7;3.8;5.8;316.6666667;158.3333333;158.3333333;1.7
9126000;0;1;43;134;-0.5;2.4;9;5.6;47.8;281;4.3;4.2;4.4;3.4;5.3;316.6666667;61.11111111;61.11111111;2.2
9126900;0;1;43;133;-0.6;1.9;8.7;5.6;48.9;266.4;4;3.9;4;3.1;5.3;316.6666667;61.11111111;61.11111111;2.2
9127800;0;1;43;132;-1.1;1.8;8.3;5.8;51.1;266.4;3.8;3.6;3.7;2.8;5.3;316.6666667;61.11111111;61.11111111;2.2
9128700;-1;0;43;128;-1.3;1.4;8;5.9;52.9;266.4;3.4;3.1;3.3;2.5;5.3;316.6666667;61.11111111;61.11111111;2.2
9129600;-2;0;43;125;-1.7;0.9;7.8;5.9;55.9;207.1;2.9;2.8;2.9;2;4.8;313.8888889;33.33333333;33.33333333;2.1
9130500;-2;0;43;124;-2.1;0.5;7.7;5.9;57.1;177.4;2.6;2.3;2.5;1.6;4.8;313.8888889;33.33333333;33.33333333;2.1
9131400;-2;0;43;122;-2.3;0.3;7.4;5.8;58.3;177.4;2.2;2.1;2.2;1.4;4.8;313.8888889;33.33333333;33.33333333;2.1
9132300;-3;0;43;120;-2.6;-0.1;7.3;5.7;58.7;177.4;2;1.8;1.9;1.1;4.8;313.8888889;33.33333333;33.33333333;2.1
9133200;-3;0;43;120;-2.6;-0.1;7.2;5.5;59.3;122.4;1.9;1.6;1.7;1;4.6;313.8888889;8.333333333;8.333333333;1.5
9134100;-3;0;43;119;-3.1;-0.6;7.1;5.4;59.5;85.7;1.6;1.4;1.5;0.7;4.6;313.8888889;8.333333333;8.333333333;1.5
9135000;-3;0;43;117;-3.1;-0.7;7.1;5.2;59.4;85.7;1.3;1;1.2;0.4;4.6;313.8888889;8.333333333;8.333333333;1.5
9135900;-4;0;43;115;-3.6;-1.1;7.2;5;59.7;85.7;1;0.6;0.9;0;4.6;313.8888889;8.333333333;8.333333333;1.5
9136800;-4;-1;42;112;-3.9;-1.5;7.2;4.7;59.4;14.1;0.6;0.2;0.6;-0.4;4.4;313.8888889;0;0;1
9137700;-4;-2;42;110;-4.1;-1.6;7.2;4.7;60;14.1;0.3;0;0.4;-0.6;4.4;313.8888889;0;0;1
9138600;-4;-2;42;112;-4.1;-1.6;7;4.6;60.4;13.3;0.4;0;0.3;-0.6;4.4;313.8888889;0;0;1
9139500;-4;-2;42;112;-4.1;-1.6;7;4.4;60.8;12.3;0.4;0;0.3;-0.5;4.4;313.8888889;0;0;1
9140400;-4;-2;43;112;-4.1;-1.8;6.9;4.2;61.4;1.6;0.3;-0.2;0.2;-0.6;4.1;300;0;0;1.3
9141300;-4;-2;43;113;-4.1;-2.1;6.8;4.2;62.1;0;0.3;0;0.3;-0.6;4.1;300;0;0;1.3
9142200;-4;-2;42;112;-4.1;-2.1;6.7;4.2;62.6;0;0.3;-0.1;0.2;-0.6;4.1;300;0;0;1.3
9143100;-4;-2;42;112;-4.1;-2.1;6.7;4.3;63.1;0;0.3;-0.1;0.2;-0.6;4.1;300;0;0;1.3
9144000;-4;-2;42;111;-4.3;-2.1;6.6;3.9;63.9;0;0.2;-0.2;0;-0.8;3.9;300;0;0;1.1
9144900;-5;-2;42;107;-4.7;-2.4;6.6;3.8;64.6;0;-0.4;-0.7;-0.4;-1.3;3.9;300;0;0;1.1
9145800;-5;-3;42;103;-5.2;-3;6.5;3.8;65;0;-1.1;-1.3;-1.1;-2;3.9;300;0;0;1.1
9146700;-6;-4;42;99;-5.9;-3.7;6.5;3.8;65.2;0;-1.8;-2;-1.7;-2.6;3.9;300;0;0;1.1
9147600;-6;-4;42;99;-6.1;-4.1;6.4;3.6;65.8;0;-2.2;-2.4;-2.1;-2.9;3.6;300;0;0;1.1
9148500;-6;-4;42;101;-6.1;-4.1;6.3;3.6;65.8;0;-1.8;-2.2;-1.8;-2.7;3.6;300;0;0;1.1
9149400;-6;-4;42;104;-6.1;-4;6.3;3.7;65.9;0;-1.4;-1.7;-1.5;-2.3;3.6;300;0;0;1.1
9150300;-6;-4;42;101;-6.1;-3.8;6.45;3;66.1;0;-1.4;-1.7;-1.45;-2.35;3.6;300;0;0;1.1
9151200;-6;-4;42;98;-6.1;-3.6;6.6;2.3;66.3;0;-1.4;-1.7;-1.4;-2.4;3.3;300;0;0;1.6
9152100;-6;-3;42;97;-5.6;-3.6;6.5;2.1;66.5;0;-1.3;-1.5;-1.4;-2.2;3.3;300;0;0;1.6
9153000;-6;-3;42;97;-5.6;-3.6;6.4;2.1;66.9;0;-1.1;-1.4;-1.3;-2.1;3.3;300;0;0;1.6
9153900;-6;-3;42;101;-5.6;-3.6;6.3;2.1;67.1;0;-1.1;-1.4;-1.4;-2.1;3.3;300;0;0;1.6
9154800;-6;-3;42;102;-5.6;-3.6;6.3;1.9;67.3;0;-1.3;-1.7;-1.5;-2.3;3.4;305.5555556;0;0;1.1
9155700;-6;-4;42;101;-6;-3.8;6.2;1.8;68.2;0;-1.7;-2.1;-1.9;-2.6;3.4;305.5555556;0;0;1.1
9156600;-6;-4;42;98;-6.4;-4.3;5.8;1.8;69.7;0;-2.3;-2.6;-2.5;-3.1;3.4;305.5555556;0;0;1.1
9157500;-7;-5;42;96;-6.8;-4.8;5.7;1.8;70.2;0;-2.8;-3.1;-2.9;-3.6;3.4;305.5555556;0;0;1.1
9158400;-7;-5;43;94;-7.1;-5.1;5.5;1.6;70.6;0;-3.2;-3.3;-3.2;-3.9;3.2;308.3333333;0;0;0.6
9159300;-7;-6;43;96;-7.6;-5.6;5.6;1.6;70.6;0;-3.5;-3.7;-3.5;-4.1;3.2;308.3333333;0;0;0.6
9160200;-8;-6;44;91;-7.6;-5.6;5.6;1.6;70.6;0;-3.7;-3.9;-3.7;-4.3;3.2;308.3333333;0;0;0.6
9161100;-8;-6;45;91;-7.6;-6.1;5.7;1.6;70.7;0;-3.8;-4;-3.9;-4.5;3.2;308.3333333;0;0;0.6
9162000;-8;-6;45;91;-7.6;-6.1;5.7;2.2;70.8;0;-3.8;-4.1;-3.9;-4.5;3;288.8888889;0;0;1.4
9162900;-8;-6;44;89;-7.6;-6.1;5.8;2.4;70.5;0;-3.7;-4.1;-3.9;-4.5;3;288.8888889;0;0;1.4
9163800;-8;-6;44;93;-7.6;-6.1;5.7;2.6;71.1;0;-3.6;-4;-3.8;-4.5;3;288.8888889;0;0;1.4
9164700;-8;-6;45;93;-8;-6.1;5.3;2.8;71.4;0;-3.9;-4.2;-3.9;-4.6;3;288.8888889;0;0;1.4
9165600;-8;-6;44;89;-8.1;-6.1;5.2;2.6;72.1;0;-3.9;-4.2;-4;-4.6;2.7;297.2222222;0;0;1.5
9166500;-8;-6;45;87;-8.1;-6.1;5;2.6;72.7;0;-4.1;-4.3;-4.2;-4.8;2.7;297.2222222;0;0;1.5
9167400;-8;-6;46;86;-8.1;-6.4;4.9;2.6;73.1;0;-4.3;-4.6;-4.4;-5.1;2.7;297.2222222;0;0;1.5
9168300;-8;-7;45;92;-8.5;-6.6;5;2.6;73.6;0;-4.4;-4.7;-4.5;-5.2;2.7;297.2222222;0;0;1.5
9169200;-9;-7;45;90;-8.6;-6.6;5.1;2.4;74.1;0;-4.5;-4.7;-4.5;-5.3;2.8;286.1111111;0;0;0.9
9170100;-8;-7;45;87;-8.6;-6.6;5.2;2.3;73.7;0;-4.7;-4.9;-4.6;-5.5;2.8;286.1111111;0;0;0.9
9171000;-9;-7;45;85;-8.6;-6.6;5.4;2.5;73.9;0;-4.5;-4.8;-4.6;-5.4;2.8;286.1111111;0;0;0.9
9171900;-8;-6;45;90;-8.6;-6.6;5.4;2.8;74.1;0;-4.3;-4.6;-4.4;-5.1;2.8;286.1111111;0;0;0.9
9172800;-8;-6;45;87;-8.1;-6.6;5;2.7;74.7;0;-4.3;-4.6;-4.4;-5.1;2.7;291.6666667;16.66666667;16.66666667;1.7
9173700;-9;-7;46;88;-8.5;-6.6;4.9;2.7;75;0;-4.6;-4.8;-4.7;-5.5;2.7;291.6666667;16.66666667;16.66666667;1.7
9174600;-8;-7;44;77;-7.7;-6.9;5;2.7;74.6;0;-4.8;-5;-4.7;-5.6;2.7;291.6666667;16.66666667;16.66666667;1.7
9175500;-4;-5;38;37;-2.7;-5.2;5.1;2.7;74.6;0;-2.1;-1.9;-1.7;-3.3;2.7;291.6666667;16.66666667;16.66666667;1.7
9176400;-6;-4;42;98;-5.9;-3.8;5.1;2.7;74.9;1.9;-2.1;-2.3;-2;-2.6;2.9;294.4444444;80.55555556;83.33333333;1.7
9177300;-7;-5;43;94;-6.8;-4.9;5.5;2.7;74.8;2.8;-3;-3.1;-2.9;-3.6;2.9;294.4444444;80.55555556;83.33333333;1.7
9178200;-7;-5;43;93;-7;-5.1;6.2;2.8;72.9;2.8;-3.2;-3.4;-3.2;-4;2.9;294.4444444;80.55555556;83.33333333;1.7
9179100;-7;-5;43;95;-7;-5.1;6.7;2.9;70.2;2.8;-3;-3.1;-3;-3.8;2.9;294.4444444;80.55555556;83.33333333;1.7
9180000;-7;-5;43;95;-7;-5.1;7.1;3.1;68.1;30.8;-2.5;-2.7;-2.6;-3.5;3.9;297.2222222;191.6666667;236.1111111;1.9
9180900;-7;-4;42;98;-6.7;-4.7;7.6;3.2;66.1;44.8;-2.2;-2.3;-2.2;-3.2;3.9;297.2222222;191.6666667;236.1111111;1.9
9181800;-6;-4;42;100;-6.5;-4.5;7.7;3.2;64.7;45.9;-1.9;-2;-1.9;-3;3.9;297.2222222;191.6666667;236.1111111;1.9
9182700;-6;-4;42;103;-6.2;-4;8.2;3.2;63;46.4;-1.4;-1.5;-1.4;-2.5;3.9;297.2222222;191.6666667;236.1111111;1.9
9183600;-5;-3;42;111;-5.1;-3;8.8;3.7;60.9;117.2;-0.2;-0.3;-0.2;-1.4;5.9;283.3333333;247.2222222;438.8888889;2.1
9184500;-4;-2;43;115;-4.3;-1.9;9.3;4;59.6;152.6;0.7;0.7;0.7;-0.5;5.9;283.3333333;247.2222222;438.8888889;2.1
9185400;-3;-1;43;123;-3.2;-0.8;9.9;3.8;57.9;152.6;2;1.9;2;0.7;5.9;283.3333333;247.2222222;438.8888889;2.1
9186300;-2;0;43;130;-2;0.6;10.1;3.7;57.3;152.6;3.4;3.3;3.3;1.9;5.9;283.3333333;247.2222222;438.8888889;2.1
9187200;-2;1;43;134;-1.2;1.5;10.5;4.4;55.9;209.7;4.2;4.1;4.1;2.7;6.6;302.7777778;336.1111111;402.7777778;2.2
9188100;-2;1;43;136;-1;1.9;10.4;4.7;53.9;238.2;4.5;4.5;4.5;3.2;6.6;302.7777778;336.1111111;402.7777778;2.2
9189000;0;2;43;138;-0.5;2.4;10.2;4.8;53;238.2;4.9;4.9;4.9;3.7;6.6;302.7777778;336.1111111;402.7777778;2.2
9189900;0;2;43;138;-0.3;2.5;10.9;4.8;51;238.2;5.1;5.1;5.1;4;6.6;302.7777778;336.1111111;402.7777778;2.2
9190800;0;2;43;142;0.2;3.1;11.2;5.5;49.1;297.5;5.7;5.6;5.7;4.6;7.9;302.7777778;338.8888889;441.6666667;2.5
9191700;0;3;43;148;1;4;11.7;5.9;48.8;327.1;6.8;6.7;6.8;5.6;7.9;302.7777778;338.8888889;441.6666667;2.5
9192600;1;4;43;150;1.9;4.9;11.6;6.6;46.4;343.6;7.4;7.4;7.4;6.1;7.9;302.7777778;338.8888889;441.6666667;2.5
9193500;1;4;43;149;2;4.9;11;7;47.5;354.6;7.3;7.2;7.3;6.1;7.9;302.7777778;338.8888889;441.6666667;2.5
9194400;1;4;43;150;2;4.9;12;8.1;45;422.4;7.4;7.4;7.4;6.2;8.6;319.4444444;441.6666667;494.4444444;2.8
9195300;1;4;43;148;2;4.9;12.4;8.1;43.8;422.4;7.2;7.1;7.2;6.1;8.6;319.4444444;441.6666667;494.4444444;2.8
9196200;1;4;43;150;2;4.9;12.7;7.9;42.4;426;7.4;7.3;7.4;6.3;8.6;319.4444444;441.6666667;494.4444444;2.8
9197100;1;4;43;152;2;5.1;12.8;7.8;41.5;429.2;7.7;7.6;7.7;6.6;8.6;319.4444444;441.6666667;494.4444444;2.8
9198000;2;6;43;159;2.8;6.1;13.1;8.5;41.2;501.2;8.7;8.7;8.7;7.6;9.7;308.3333333;383.3333333;577.7777778;2.9
9198900;3;6;43;164;3.5;6.8;13.1;8.6;40.5;506.3;9.4;9.4;9.4;8.2;9.7;308.3333333;383.3333333;577.7777778;2.9
9199800;3;7;43;169;3.9;7.3;12.4;8.7;40.5;506.3;10;10;10;8.8;9.7;308.3333333;383.3333333;577.7777778;2.9
9200700;5;9;43;185;5.9;9.6;12.5;8.8;40.8;506.3;12.3;12.5;12.3;11.2;9.7;308.3333333;383.3333333;577.7777778;2.9
9201600;6;10;40;194;6.3;10.5;13.6;9.4;38.6;476.1;12.7;13;12.9;11.5;9.4;319.4444444;313.8888889;330.5555556;2.4
9202500;3;9;40;248;4.3;9.5;13.1;9.4;37.9;473.9;11.4;11.7;11.4;10.3;9.4;319.4444444;313.8888889;330.5555556;2.4
9203400;4;8;43;176;5.3;8.9;13.4;9.3;36.9;473.9;10.9;11;10.9;9.7;9.4;319.4444444;313.8888889;330.5555556;2.4
9204300;4;7;43;170;4.9;8.5;13.4;9.3;36.6;473.9;10.4;10.5;10.4;9.3;9.4;319.4444444;313.8888889;330.5555556;2.4
9205200;3;7;43;166;4.4;7.9;13.4;9.6;36;437.2;9.9;9.9;9.9;8.8;10.4;325;311.1111111;350;4.1
9206100;3;7;37;160;4.4;7.6;13.3;9.6;35.9;431.6;9.6;9.6;9.7;8.6;10.4;325;311.1111111;350;4.1
9207000;2;6;38;201;3.4;7.6;13.9;9.8;35.2;431.6;9.7;9.8;9.7;8.7;10.4;325;311.1111111;350;4.1
9207900;3;6;43;165;4.2;7.4;13.9;10;34.2;431.6;9.7;9.6;9.6;8.5;10.4;325;311.1111111;350;4.1
9208800;3;7;43;170;4.1;7.7;13.3;10.1;34.8;382.8;10.2;10.2;10.1;9;9.6;325;211.1111111;216.6666667;3.2
9209700;4;7;43;170;4.5;7.9;13.4;10.1;34.8;375.3;10.4;10.4;10.4;9.3;9.6;325;211.1111111;216.6666667;3.2
9210600;4;7;40;129;5;7.9;13.4;9.9;36.8;375.3;10.1;10.1;10.1;9;9.6;325;211.1111111;216.6666667;3.2
9211500;5;7;38;64;6.6;7.9;13;9.6;38.7;375.3;10.3;10.3;10.4;9.2;9.6;325;211.1111111;216.6666667;3.2
9212400;4;7;43;164;4.9;8.2;12.7;9.4;38.7;282.3;10.2;10.2;10.3;9.4;9.1;327.7777778;119.4444444;122.2222222;2.6
9213300;3;6;43;159;3.8;7.2;12.1;9.4;40.9;259.1;8.9;8.9;9;8.1;9.1;327.7777778;119.4444444;122.2222222;2.6
9214200;2;5;43;151;3;6.2;12.4;9.7;41.8;259.1;8.1;8;8.1;7.1;9.1;327.7777778;119.4444444;122.2222222;2.6
9215100;1;4;43;146;2.5;5.6;12.6;10.3;42.4;259.1;7.5;7.4;7.5;6.5;9.1;327.7777778;119.4444444;122.2222222;2.6
9216000;1;4;42;131;2.1;5;12.1;9.7;45;177;6.9;6.7;6.9;5.9;8;327.7777778;27.77777778;30.55555556;1.8
9216900;2;4;39;70;2.9;4.9;11.9;9.6;45.4;156.5;6.9;6.8;7;5.9;8;327.7777778;27.77777778;30.55555556;1.8
9217800;1;4;43;114;2.6;4.9;11.5;9.4;46.3;156.5;7;6.9;7.2;6.2;8;327.7777778;27.77777778;30.55555556;1.8
9218700;0;3;43;142;1.2;4.2;10.8;9.1;48.9;156.5;6.1;5.8;6.1;5.2;8;327.7777778;27.77777778;30.55555556;1.8
9219600;0;2;43;138;0.4;3.3;10.4;8.3;50.7;91.6;5.2;4.9;5.2;4.3;6;325;2.777777778;5.555555556;1.7
9220500;0;2;43;135;-0.2;2.7;9.9;8.2;54;81.6;4.7;4.3;4.6;3.7;6;325;2.777777778;5.555555556;1.7
9221400;0;1;43;133;-0.5;2.3;9.1;8.2;62.6;81.6;4.3;4;4.3;3.4;6;325;2.777777778;5.555555556;1.7
9222300;0;1;43;130;-0.9;1.7;8.7;8.3;66.4;81.6;3.7;3.4;3.7;2.8;6;325;2.777777778;5.555555556;1.7
9223200;-2;0;43;126;-1.5;1.2;8.6;7.4;65.5;23.5;3.2;2.9;3.1;2.3;5.4;322.2222222;0;0;1.4
9224100;-2;0;43;123;-1.7;0.9;8.3;7.3;67.3;14.6;2.9;2.6;2.8;1.9;5.4;322.2222222;0;0;1.4
9225000;-2;0;43;123;-2;0.4;8.3;7.1;67.3;13.9;2.6;2.3;2.6;1.7;5.4;322.2222222;0;0;1.4
9225900;-2;0;43;123;-2.3;0.4;8.1;6.9;68;12.9;2.3;2.1;2.3;1.4;5.4;322.2222222;0;0;1.4
9226800;-3;0;43;121;-2.5;-0.1;8.1;6.7;68.7;2.6;2.1;1.8;2.1;1.2;5;325;0;0;0.6
9227700;-3;0;43;119;-2.7;-0.2;8.1;6.6;68.3;0;1.8;1.5;1.8;0.9;5;325;0;0;0.6
9228600;-3;0;43;113;-3;-0.6;8.1;6.2;67.8;0;1.6;1.3;1.6;0.7;5;325;0;0;0.6
9229500;-3;0;43;112;-3;-0.6;8;5.7;68.3;0;1.6;1.3;1.6;0.7;5;325;0;0;0.6
9230400;-3;0;43;119;-3;-0.6;7.6;5.1;69.6;0;1.6;1.3;1.7;0.7;4.4;327.7777778;0;0;1
9231300;-3;0;43;118;-3;-0.6;7.5;5;72.7;0;1.5;1.2;1.4;0.6;4.4;327.7777778;0;0;1
9232200;-3;0;43;115;-3.2;-0.8;7.6;4.8;75.4;0;1.3;1;1.2;0.4;4.4;327.7777778;0;0;1
9233100;-3;0;43;116;-3.5;-1.1;6.9;4.6;80.8;0;1.3;1;1.2;0.4;4.4;327.7777778;0;0;1
9234000;-3;0;43;116;-3.5;-1.1;6.6;4.4;81.2;0;1.3;1.1;1.3;0.4;4.2;319.4444444;0;0;0.9
9234900;-4;0;43;116;-3.5;-1.1;6.8;4.4;81.3;0;1.1;0.8;1.1;0.2;4.2;319.4444444;0;0;0.9
9235800;-4;0;43;114;-3.5;-1.1;7;4.5;81;0;0.9;0.7;1;0;4.2;319.4444444;0;0;0.9
9236700;-3.5;0;43;112;-3.5;-1.1;6.75;3.55;81;0;1;0.7;1.05;0.05;4.2;319.4444444;0;0;0.9
9237600;-3;0;43;110;-3.5;-1.1;6.5;2.6;81;0;1.1;0.7;1.1;0.1;3.5;313.8888889;0;0;1.5
9238500;-1;0;36;42;-1.7;-1;6.3;2.1;80.3;0;1.3;1.1;1.4;0.2;3.5;313.8888889;0;0;1.5
9239400;-1;0;14;32;-0.5;-0.3;6.4;2.1;80.9;0;2.6;2.4;2.8;1.2;3.5;313.8888889;0;0;1.5
9240300;-3;0;43;119;-2.7;-0.2;6.3;2.1;82.8;0;1.6;1.4;1.6;0.9;3.5;313.8888889;0;0;1.5
9241200;-4;-1;43;111;-3.8;-1.5;6.3;1.9;83.3;0;0.3;0.2;0.3;-0.3;3.5;311.1111111;0;0;0.7
9242100;-5;-2;42;107;-4.7;-2.4;6.4;1.8;82.7;0;-0.6;-0.7;-0.6;-1.3;3.5;311.1111111;0;0;0.7
9243000;-5;-3;42;104;-5.3;-3.1;6.6;1.8;82.5;0;-1.2;-1.4;-1.2;-2;3.5;311.1111111;0;0;0.7
9243900;-6;-4;42;103;-5.8;-3.6;6.7;1.8;81.5;0;-1.5;-1.7;-1.5;-2.2;3.5;311.1111111;0;0;0.7
9244800;-6;-3;42;104;-5.9;-3.6;6.7;1.7;79;0;-1.4;-1.4;-1.4;-2.1;3.1;294.4444444;0;0;1
9245700;-6;-4;42;103;-5.9;-3.6;6.5;1.6;79.1;0;-1.5;-1.8;-1.6;-2.3;3.1;294.4444444;0;0;1
9246600;-6;-4;42;102;-5.9;-3.6;6.2;1.6;79.2;0;-1.7;-2;-1.8;-2.5;3.1;294.4444444;0;0;1
9247500;-6;-4;42;101;-5.9;-4.1;5.9;1.6;79.7;0;-1.8;-2.2;-1.9;-2.7;3.1;294.4444444;0;0;1
9248400;-6;-4;42;100;-6.3;-4.1;6;2.7;80;0;-1.9;-2.3;-1.9;-2.9;3.2;311.1111111;0;0;0.5
9249300;-6;-4;42;100;-6.4;-4.1;6.3;3.3;79.3;0;-2;-2.2;-1.8;-2.8;3.2;311.1111111;0;0;0.5
9250200;-6;-4;42;100;-6.4;-4.1;6.3;3.3;79.2;0;-2.1;-2.3;-1.9;-3;3.2;311.1111111;0;0;0.5
9251100;-6;-4;42;100;-6.4;-4.1;6.4;3.3;78.9;0;-2.1;-2.3;-2.2;-2.9;3.2;311.1111111;0;0;0.5
9252000;-6;-4;42;100;-6.4;-4.1;6.6;3.3;77.9;0;-2.2;-2.3;-2.2;-3;3.2;305.5555556;0;0;0.4
9252900;-7;-4;42;99;-6.4;-4.1;6.5;3.3;77.3;0;-2.4;-2.4;-2.1;-3.3;3.2;305.5555556;0;0;0.4
9253800;-6;-4;42;100;-6.4;-4.1;6.4;3.1;77;0;-2.1;-2.4;-2;-3.1;3.2;305.5555556;0;0;0.4
9254700;-6;-4;42;100;-6.4;-4.1;6.6;2.9;77.4;0;-2.1;-2.4;-1.9;-3.1;3.2;305.5555556;0;0;0.4
9255600;-7;-4;42;99;-6.4;-4.3;6.4;2.9;77.4;0;-2.4;-2.5;-2.1;-3.2;3.2;316.6666667;0;0;0.7
9256500;-7;-4;42;97;-6.4;-4.6;6.3;2.9;77.6;0;-2.4;-2.6;-2.2;-3.3;3.2;316.6666667;0;0;0.7
9257400;-7;-5;42;96;-6.7;-4.6;6.4;2.9;77.9;0;-2.6;-2.8;-2.6;-3.4;3.2;316.6666667;0;0;0.7
9258300;-7;-5;42;96;-6.9;-4.6;6.4;3;77.6;0;-2.8;-2.9;-2.6;-3.6;3.2;316.6666667;0;0;0.7
9259200;-7;-5;43;95;-6.9;-5.1;6.5;3.1;77.2;0;-2.8;-3.1;-2.8;-3.6;3.2;316.6666667;8.333333333;8.333333333;1.2
9260100;-7;-5;42;98;-6.9;-5.1;6.6;3.1;77;0;-2.6;-2.9;-2.5;-3.6;3.2;316.6666667;8.333333333;8.333333333;1.2
9261000;-7;-5;43;97;-6.9;-5.1;6.7;3.1;77.2;0;-2.6;-2.9;-2.5;-3.5;3.2;316.6666667;8.333333333;8.333333333;1.2
9261900;-7;-5;42;97;-6.9;-5.1;6.8;3.2;76.6;0;-2.6;-2.8;-2.5;-3.5;3.2;316.6666667;8.333333333;8.333333333;1.2
9262800;-7;-5;42;96;-6.9;-5.1;6.8;3.2;76.5;2.5;-2.7;-2.9;-2.6;-3.6;3.5;319.4444444;41.66666667;41.66666667;0.9
9263700;-7;-5;42;98;-6.9;-5.1;6.9;3.2;76.2;3.1;-2.7;-2.9;-2.7;-3.6;3.5;319.4444444;41.66666667;41.66666667;0.9
9264600;-7;-5;42;97;-6.9;-5;7.1;3.2;75.4;3.1;-2.4;-2.6;-2.5;-3.4;3.5;319.4444444;41.66666667;41.66666667;0.9
9265500;-7;-4;42;97;-6.9;-4.6;7.5;3.1;73.8;3.1;-2.5;-2.5;-2.4;-3.4;3.5;319.4444444;41.66666667;41.66666667;0.9
9266400;-7;-5;42;96;-6.9;-4.6;7.7;3.4;72.8;29;-2.5;-2.5;-2.3;-3.4;4.5;322.2222222;116.6666667;116.6666667;1.5
9267300;-7;-4;42;98;-6.9;-4.6;8;3.5;71.7;35.5;-2.4;-2.4;-2.3;-3.4;4.5;322.2222222;116.6666667;116.6666667;1.5
9268200;-6;-4;43;99;-6.7;-4.6;8.5;3.5;70.9;35;-2.1;-2.2;-2.1;-3.2;4.5;322.2222222;116.6666667;116.6666667;1.5
9269100;-6;-4;43;102;-6.4;-4.3;9.2;3.5;67.1;34.3;-1.7;-1.8;-1.7;-2.7;4.5;322.2222222;116.6666667;116.6666667;1.5
9270000;-6;-3;43;105;-5.9;-3.8;9.4;4;65.6;102.8;-1.3;-1.3;-1.2;-2.3;4.8;322.2222222;180.5555556;180.5555556;1.3
9270900;-5;-3;43;107;-5.5;-3.3;9.7;4.1;65.1;119.9;-0.8;-0.8;-0.7;-1.9;4.8;322.2222222;180.5555556;180.5555556;1.3
9271800;-5;-2;43;110;-5;-2.7;9.9;4.1;63.5;119.9;-0.2;-0.3;-0.2;-1.3;4.8;322.2222222;180.5555556;180.5555556;1.3
9272700;-4;-2;43;111;-4.6;-2.3;9.7;4.1;63.6;119.9;0.2;0;0.2;-0.9;4.8;322.2222222;180.5555556;180.5555556;1.3
9273600;-4;-2;43;114;-4.4;-2;9.8;4.7;62.7;169;0.6;0.5;0.6;-0.5;5.6;325;211.1111111;211.1111111;1.7
9274500;-4;-2;43;116;-3.9;-1.6;10.2;4.9;60.6;186.9;1;0.8;1;0;5.6;325;211.1111111;211.1111111;1.7
9275400;-3;-2;43;118;-3.5;-1.1;10.7;5;57.5;186.9;1.4;1.3;1.4;0.3;5.6;325;211.1111111;211.1111111;1.7
9276300;-3;-2;43;118;-3.4;-1;9.8;5.2;59;186.9;1.7;1.5;1.6;0.5;5.6;325;211.1111111;211.1111111;1.7
9277200;-3;0;43;121;-3;-0.6;10.8;5.9;56.8;244.2;2;1.9;2.1;0.9;6.6;325;352.7777778;352.7777778;1.4
9278100;-2;0;43;124;-2.6;-0.1;11.5;6.1;55.3;265;2.5;2.4;2.5;1.3;6.6;325;352.7777778;352.7777778;1.4
9279000;-2;0;43;127;-2.3;0.3;11.8;6.1;54.1;265;2.9;2.7;2.9;1.7;6.6;325;352.7777778;352.7777778;1.4
9279900;-2;0;43;130;-1.9;0.8;12.1;6.1;53;265;3.4;3.3;3.4;2.2;6.6;325;352.7777778;352.7777778;1.4
9280800;-2;1;43;134;-1.3;1.4;11.9;6.7;52.6;272.8;4.1;4;4;2.9;7.4;327.7777778;425;438.8888889;1.1
9281700;0;2;43;141;-0.4;2.5;12.7;6.9;51.5;275.7;5.3;5.3;5.2;4;7.4;327.7777778;425;438.8888889;1.1
9282600;0;3;43;147;0.7;3.7;12.9;6.8;50.6;282.6;6.4;6.4;6.3;5;7.4;327.7777778;425;438.8888889;1.1
9283500;1;4;43;149;1.4;4.4;13.2;6.6;48.6;301.5;7.1;7;7;5.8;7.4;327.7777778;425;438.8888889;1.1
9284400;1;5;43;154;2.2;5.3;13.2;7.1;48.4;342;8.1;8.1;8.1;6.8;8.3;333.3333333;266.6666667;269.4444444;1.1
9285300;2;5;43;158;3.1;6.3;12.8;7.3;49.1;362.2;8.6;8.6;8.6;7.3;8.3;333.3333333;266.6666667;269.4444444;1.1
9286200;2;5;43;154;3.1;6.2;12.8;7.3;48.7;362.2;8.3;8.2;8.3;7;8.3;333.3333333;266.6666667;269.4444444;1.1
9287100;2;5;43;153;3.1;5.9;12.6;7.3;49.6;362.2;8.1;8.1;8.1;6.9;8.3;333.3333333;266.6666667;269.4444444;1.1
9288000;2;5;43;151;3.1;5.9;13.2;7.7;49.2;337.2;8.1;8;8.1;6.9;8.5;333.3333333;311.1111111;311.1111111;0.9
9288900;2;5;38;158;2.7;6.2;13.5;7.9;48.7;324.7;8.4;8.5;8.4;7.3;8.5;333.3333333;311.1111111;311.1111111;0.9
9289800;3;6;38;143;3.8;6.8;14.4;7.9;47.2;324.7;9.3;9.4;9.3;8;8.5;333.3333333;311.1111111;311.1111111;0.9
9290700;3;6;43;161;3.7;7.1;13.9;7.9;47.6;324.7;9;9;9;7.8;8.5;333.3333333;311.1111111;311.1111111;0.9
9291600;2;6;43;159;3.5;6.9;14.7;8.3;45.5;319.3;8.8;8.8;8.8;7.6;9.4;336.1111111;213.8888889;216.6666667;0.5
9292500;2;6;43;157;3.5;6.6;14.2;8.5;45.8;316.6;8.7;8.7;8.7;7.5;9.4;336.1111111;213.8888889;216.6666667;0.5
9293400;2;5;38;137;3.6;6.4;14;8.7;46.5;316.6;8.7;8.6;8.6;7.4;9.4;336.1111111;213.8888889;216.6666667;0.5
9294300;2;5;38;140;2.8;6.1;13.8;8.8;47.1;316.6;8.3;8.3;8.4;7.2;9.4;336.1111111;213.8888889;216.6666667;0.5
9295200;2;5;43;156;3;6.2;14;9.1;46.8;295.4;8.1;8.1;8.2;7;9.3;336.1111111;155.5555556;155.5555556;1.2
9296100;1;5;43;152;2.5;5.7;13.8;9.3;47.2;284.8;7.7;7.6;7.7;6.6;9.3;336.1111111;155.5555556;155.5555556;1.2
9297000;1;4;43;150;2.2;5.4;14.1;9.2;47.4;284.8;7.3;7.2;7.3;6.2;9.3;336.1111111;155.5555556;155.5555556;1.2
9297900;1;4;43;148;2;5.4;14.6;9.1;46.6;284.8;7.2;7.2;7.2;6.1;9.3;336.1111111;155.5555556;155.5555556;1.2
9298800;1;4;42;137;2;4.9;13.8;9.2;47.8;291.5;7;6.9;7;5.9;9.3;336.1111111;75;75;1.5
9299700;2;4;39;90;2.7;4.9;13.2;9.3;49.3;294.9;7.1;7.1;7.2;6;9.3;336.1111111;75;75;1.5
9300600;2;4;40;91;3;5.1;12.9;9.4;50.5;294.9;7.4;7.3;7.5;6.4;9.3;336.1111111;75;75;1.5
9301500;0;3;43;142;1.6;4.6;12.7;9.6;51.8;294.9;6.4;6.2;6.4;5.6;9.3;336.1111111;75;75;1.5
9302400;0;3;43;140;0.9;3.8;12.4;9.5;52.6;235.6;5.8;5.6;5.7;4.8;9.2;336.1111111;27.77777778;27.77777778;2
9303300;0;2;43;138;0.3;3.2;12.1;9.5;53.9;206;5.2;4.9;5.1;4.1;9.2;336.1111111;27.77777778;27.77777778;2
9304200;0;1;43;131;-0.5;2.3;12.2;9.4;54.9;206;4.1;3.9;4.1;3.1;9.2;336.1111111;27.77777778;27.77777778;2
9305100;-1;0;43;125;-1.3;1.3;12.3;9.3;55.5;206;3.2;3.1;3.2;2.3;9.2;336.1111111;27.77777778;27.77777778;2
9306000;-2;0;43;121;-1.8;0.7;12.3;9.1;55.5;158.8;2.6;2.5;2.6;1.7;8.9;336.1111111;5.555555556;5.555555556;1.7
9306900;-2;0;43;119;-2.3;0.2;12.2;9;55.4;135.2;2.2;2;2.2;1.2;8.9;336.1111111;5.555555556;5.555555556;1.7
9307800;-3;0;43;116;-2.7;-0.3;12;9.1;56.2;135.2;1.7;1.6;1.7;0.7;8.9;336.1111111;5.555555556;5.555555556;1.7
9308700;-3;0;43;115;-2.9;-0.6;12;9.1;56.4;135.2;1.3;1.2;1.3;0.5;8.9;336.1111111;5.555555556;5.555555556;1.7
9309600;-3;0;43;115;-3.3;-0.7;11.9;8.7;56.1;28.7;1.2;1;1.2;0.4;8.8;333.3333333;0;0;1.4
9310500;-4;0;43;113;-3.4;-1.1;11.7;8.7;57;28.7;1;0.7;1;0.2;8.8;333.3333333;0;0;1.4
9311400;-4;0;43;115;-3.4;-1.1;11.6;8.8;57.7;28.3;0.9;0.6;0.9;0;8.8;333.3333333;0;0;1.4
9312300;-4;0;43;114;-3.8;-1.4;11.6;8.8;57.6;27.9;0.7;0.4;0.7;-0.2;8.8;333.3333333;0;0;1.4
9313200;-4;-2;43;114;-3.9;-1.6;11.4;8.5;58.4;0;0.7;0.3;0.6;-0.2;8.6;327.7777778;0;0;1.6
9314100;-4;-2;43;114;-3.9;-1.6;11.2;8.5;59.6;0;0.7;0.2;0.6;-0.3;8.6;327.7777778;0;0;1.6
9315000;-4;-2;43;114;-3.9;-1.6;11.1;8.6;59.8;0;0.5;0.2;0.6;-0.3;8.6;327.7777778;0;0;1.6
9315900;-4;-2;43;114;-3.9;-1.6;11;8.7;60.6;0;0.6;0.1;0.5;-0.2;8.6;327.7777778;0;0;1.6
9316800;-4;-2;43;115;-3.9;-1.6;10.8;7.9;61.1;0;0.8;0.2;0.7;-0.2;8.2;330.5555556;0;0;2.1
9317700;-4;-2;43;115;-3.9;-1.6;10.9;7.8;61.5;0;0.9;0.4;0.8;-0.1;8.2;330.5555556;0;0;2.1
9318600;-4;-2;43;115;-3.9;-1.6;11;7.8;61.5;0;1;0.7;1;0.1;8.2;330.5555556;0;0;2.1
9319500;-4;-2;43;115;-3.9;-1.1;11;7.9;62.1;0;1;0.9;1.1;0.1;8.2;330.5555556;0;0;2.1
9320400;-4;-2;43;115;-3.9;-1.1;10.8;7.5;62.2;0;0.9;0.6;0.9;-0.1;8;330.5555556;0;0;2.7
9321300;-4;-2;43;113;-3.9;-1.5;10.7;7.4;63.2;0;0.5;0.2;0.4;-0.4;8;330.5555556;0;0;2.7
9322200;-4;-2;43;112;-4.2;-1.9;10.7;7.8;62.8;0;0.2;0;0.2;-0.7;8;330.5555556;0;0;2.7
9323100;-2;-1.5;33;56;-2.45;-1.5;10.7;5.35;62.45;0;1.05;0.85;1.15;-0.1;8;330.5555556;0;0;2.7
9324000;0;-1;23;0;-0.7;-1.1;10.7;2.9;62.1;0;1.9;1.7;2.1;0.5;7.8;330.5555556;0;0;2.3
9324900;0;0;0;0;-0.1;-0.5;10.7;2.1;63.3;0;3.1;3;3.3;1.2;7.8;330.5555556;0;0;2.3
9325800;0;0;0;0;-0.1;-0.1;10.6;2.1;64.1;0;3.7;3.2;3.8;1.7;7.8;330.5555556;0;0;2.3
9326700;0;0;0;0;0.2;0.3;10.5;2.1;64.1;0;4;3.5;4.1;2.3;7.8;330.5555556;0;0;2.3
9327600;0;2;20;47;0.5;2.9;10.4;1.8;64.2;0;4.8;4.4;4.9;3.3;6.7;322.2222222;0;0;1.7
9328500;1;2;5;4;1.9;2.6;10.3;1.8;65.4;0;4.8;4.6;4.9;3.7;6.7;322.2222222;0;0;1.7
9329400;1;2;18;38;1.6;3;10.2;1.8;65.5;0;5.3;5;5.5;4.2;6.7;322.2222222;0;0;1.7
9330300;1;2;6;4;1.9;3;9.9;1.8;65.9;0;5;4.7;5.1;3.9;6.7;322.2222222;0;0;1.7
9331200;1;2;18;40;1.7;3;9.8;1.6;66.9;0;5.4;5;5.5;4.3;6.3;311.1111111;0;0;2.2
9332100;1;2;3;8;1.9;3;9.7;1.6;67.6;0;5;4.7;5.1;4;6.3;311.1111111;0;0;2.2
9333000;1;2;18;36;1.8;3;9.4;1.6;68.7;0;5.3;5;5.4;4.4;6.3;311.1111111;0;0;2.2
9333900;1;2;3;7;1.9;3;9.2;1.6;69.4;0;4.8;4.6;5;4;6.3;311.1111111;0;0;2.2
9334800;1;2;18;34;1.8;3;8.9;6.2;70.6;0;5.1;4.8;5.3;4.3;5.7;322.2222222;0;0;2.7
9335700;1;3;3;5;1.9;3.5;8.8;7.3;70.6;0;4.7;4.4;4.8;3.8;5.7;322.2222222;0;0;2.7
9336600;1;4;18;37;1.7;4.5;8.8;7;70.8;0;5.1;4.7;5.2;4.2;5.7;322.2222222;0;0;2.7
9337500;1;2;3;7;1.9;2.9;8.8;6.6;71.1;0;4.8;4.5;5;3.9;5.7;322.2222222;0;0;2.7
9338400;1;2;18;35;1.7;2.9;8.8;6.5;71;0;5.1;4.8;5.3;4.2;5.7;319.4444444;0;0;2.2
9339300;1;2;3;6;1.9;2.9;8.8;6.5;70.7;0;4.8;4.5;4.9;3.9;5.7;319.4444444;0;0;2.2
9340200;1;2;18;32;1.7;2.9;8.8;6.5;70.7;0;5.1;4.8;5.2;4.2;5.7;319.4444444;0;0;2.2
9341100;1;2;3;7;1.8;2.9;8.8;6.5;70.7;0;4.8;4.5;5;4;5.7;319.4444444;0;0;2.2
9342000;1;2;18;35;2;2.9;8.8;6.4;71.6;0;5.2;4.9;5.3;4.3;5.8;330.5555556;0;0;3.2
9342900;1;2;3;7;1.8;2.9;8.8;6.4;72.2;0;4.8;4.6;4.9;4;5.8;330.5555556;0;0;3.2
9343800;1;2;18;36;2.1;2.9;8.8;6.1;71.4;0;5;4.9;5.2;4.3;5.8;330.5555556;0;0;3.2
9344700;1;2;4;4;1.9;3;9.1;5.7;70.4;0;4.9;4.7;5;4.1;5.8;330.5555556;0;0;3.2
9345600;1;3;18;37;2.1;3.6;9;5.6;70.8;0;5.3;5.1;5.4;4.5;5.7;333.3333333;5.555555556;5.555555556;2.6
9346500;1;2;4;5;2.2;2.9;9;5.6;70.6;0;5;4.8;5.1;4.2;5.7;333.3333333;5.555555556;5.555555556;2.6
9347400;1;2;17;40;2;3.1;8.9;5.6;70.4;0;5.4;5.1;5.5;4.6;5.7;333.3333333;5.555555556;5.555555556;2.6
9348300;1;2;5;5;2.2;3;9;5.6;69.7;0;5.1;4.9;5.2;4.3;5.7;333.3333333;5.555555556;5.555555556;2.6
9349200;1;2;17;41;2;3.1;9.2;5.6;69.8;4.5;5.6;5.3;5.6;4.7;4.8;333.3333333;11.11111111;11.11111111;2.8
9350100;1;2;4;8;2.2;3.4;9.2;5.6;71.4;5.6;5.2;5;5.3;4.4;4.8;333.3333333;11.11111111;11.11111111;2.8
9351000;1;2;17;42;2;3.4;8.9;5.7;77.2;5.6;5.6;5.4;5.7;4.7;4.8;333.3333333;11.11111111;11.11111111;2.8
9351900;1;2;5;6;2.2;3.4;8.1;5.8;86.6;5.6;5.1;5;5.3;4.4;4.8;333.3333333;11.11111111;11.11111111;2.8
9352800;1;3;17;43;2;3.7;7.8;6;87.3;45.3;5.5;5.4;5.7;4.7;4.9;333.3333333;36.11111111;36.11111111;1.4
9353700;1;3;5;6;2.2;3.4;7.8;6;87.2;55.2;5.1;5.1;5.3;4.4;4.9;333.3333333;36.11111111;36.11111111;1.4
9354600;1;4;17;45;2.2;4.1;8;6;87.8;54.2;5.6;5.5;5.8;4.8;4.9;333.3333333;36.11111111;36.11111111;1.4
9355500;1;2;6;7;2.1;3.4;7.8;5.9;86.1;52.3;5.3;5.3;5.5;4.6;4.9;333.3333333;36.11111111;36.11111111;1.4
9356400;2;3;17;46;2.4;3.6;7.7;6;86;103.1;5.8;5.8;6;5;5;336.1111111;77.77777778;77.77777778;1.5
9357300;2;2;6;12;2.5;3.5;7.6;6.1;85.8;121.6;5.4;5.4;5.6;4.7;5;336.1111111;77.77777778;77.77777778;1.5
9358200;1;3;15;38;2.4;3.5;7.8;5.8;87.9;121.6;6.1;5.9;6.1;5.1;5;336.1111111;77.77777778;77.77777778;1.5
9359100;2;3;9;17;2.5;3.5;8.1;5.1;87.9;121.6;5.6;5.5;5.8;4.8;5;336.1111111;77.77777778;77.77777778;1.5
9360000;2;3;13;44;2.4;3.6;8.6;5.6;88.7;167.2;6.3;6.4;6.6;5.4;5.6;336.1111111;77.77777778;77.77777778;1.6
9360900;2;3;43;80;2.5;4.2;8.7;5.8;86.5;190;6.1;6.1;6.3;5.4;5.6;336.1111111;77.77777778;77.77777778;1.6
9361800;2;3;43;69;2.5;3.9;8.8;5.7;86.3;190;6;6;6.2;5.2;5.6;336.1111111;77.77777778;77.77777778;1.6
9362700;2;3;43;64;2.5;3.9;8.7;5.4;86;190;6;5.8;6.1;5.1;5.6;336.1111111;77.77777778;77.77777778;1.6
9363600;2;3;43;61;2.5;3.9;8.9;6;87;233.9;5.8;5.7;6;5.1;6.1;338.8888889;108.3333333;111.1111111;1.9
9364500;1;3;43;60;2.5;3.9;9.2;6.3;86.3;255.9;5.8;5.7;6;5;6.1;338.8888889;108.3333333;111.1111111;1.9
9365400;1;3;43;63;2.5;3.9;9.2;6.1;88.2;254.8;5.9;5.8;6.1;5.1;6.1;338.8888889;108.3333333;111.1111111;1.9
9366300;2;3;43;70;2.5;3.9;9.2;5.6;89.1;251.8;6.2;6.1;6.3;5.4;6.1;338.8888889;108.3333333;111.1111111;1.9
9367200;2;3;43;77;2.5;4;9.9;6.1;88.4;261.7;6.4;6.4;6.6;5.7;6.8;336.1111111;138.8888889;138.8888889;2.4
9368100;2;4;43;80;2.5;4.4;10.1;6.4;87.7;266.6;6.6;6.6;6.8;5.8;6.8;336.1111111;138.8888889;138.8888889;2.4
9369000;2;4;39;76;2.5;4.4;10.5;6.5;88.1;279.9;6.8;6.7;6.9;5.9;6.8;336.1111111;138.8888889;138.8888889;2.4
9369900;0;3;43;146;1.5;4.5;11;6.6;88.1;286.5;6.3;6.2;6.4;5.5;6.8;336.1111111;138.8888889;138.8888889;2.4
9370800;0;3;43;139;0.7;3.6;11.4;7.1;87;332.6;5.6;5.5;5.6;4.7;7.9;341.6666667;158.3333333;161.1111111;1.6
9371700;0;2;43;140;0.5;3.4;11.4;7.4;86;355.7;5.5;5.3;5.5;4.5;7.9;341.6666667;158.3333333;161.1111111;1.6
9372600;0;3;43;142;0.5;3.4;11.5;6.9;84;355.7;5.7;5.7;5.8;4.8;7.9;341.6666667;158.3333333;161.1111111;1.6
9373500;0;3;43;142;0.5;3.4;11.7;6.7;83.8;355.7;5.8;5.8;5.9;4.9;7.9;341.6666667;158.3333333;161.1111111;1.6
9374400;0;3;43;140;0.5;3.4;12.1;7.2;84.6;347.2;5.6;5.6;5.7;4.7;8.4;341.6666667;236.1111111;236.1111111;1.2
9375300;0;2;43;138;0.4;3.3;12.3;7.4;83.1;343;5.2;5.1;5.2;4.2;8.4;341.6666667;236.1111111;236.1111111;1.2
9376200;0;2;43;137;0;2.9;12.5;7.3;81.1;343;5;5;5.1;4.1;8.4;341.6666667;236.1111111;236.1111111;1.2
9377100;0;2;43;139;0;2.9;12.6;7.2;77.5;343;5.3;5.2;5.3;4.2;8.4;341.6666667;236.1111111;236.1111111;1.2
9378000;0;2;43;139;0;2.9;12.5;7.8;78.7;355.7;5.3;5.2;5.4;4.3;8.5;341.6666667;194.4444444;197.2222222;1.4
9378900;0;2;43;139;0;2.9;12.4;8.1;78.9;362.1;5.1;5.1;5.3;4.2;8.5;341.6666667;194.4444444;197.2222222;1.4
9379800;0;2;43;137;0;2.9;12.6;8.4;79.2;362.1;5.1;5.1;5.2;4.1;8.5;341.6666667;194.4444444;197.2222222;1.4
9380700;0;2;43;138;0;2.9;12.5;8.5;74.5;362.1;5.1;5;5.1;4.1;8.5;341.6666667;194.4444444;197.2222222;1.4
9381600;0;2;43;140;0;2.9;12.7;8.9;71.3;324.8;5.3;5.2;5.3;4.3;8.6;333.3333333;144.4444444;147.2222222;1.2
9382500;0;2;43;140;0;2.9;12.8;9.1;70.4;306.1;5.5;5.3;5.4;4.4;8.6;333.3333333;144.4444444;147.2222222;1.2
9383400;0;3;43;142;0.4;3.3;12.9;8.9;70.9;306.1;5.7;5.6;5.7;4.7;8.6;333.3333333;144.4444444;147.2222222;1.2
9384300;0;3;43;144;0.5;3.6;13.1;8.8;69.6;306.1;6.1;6;6.1;5.1;8.6;333.3333333;144.4444444;147.2222222;1.2
9385200;0;3;43;142;0.5;3.9;13.2;9;69.3;291.9;5.8;5.8;5.9;4.9;8.9;341.6666667;97.22222222;100;0.6
9386100;0;2;43;140;0.5;3.4;12.9;9.1;69.3;284.8;5.4;5.3;5.5;4.5;8.9;341.6666667;97.22222222;100;0.6
9387000;0;2;43;138;0.1;3;12.8;8.8;68.7;284.8;5;4.9;5;4;8.9;341.6666667;97.22222222;100;0.6
9387900;0;2;43;136;0;2.9;12.7;8.6;69.1;284.8;4.8;4.7;4.8;3.8;8.9;341.6666667;97.22222222;100;0.6
9388800;0;1;43;134;-0.4;2.4;12.8;8.5;68.3;227.2;4.3;4.3;4.4;3.4;9;302.7777778;63.88888889;66.66666667;1
9389700;0;1;43;133;-0.9;1.9;12.8;8.5;68.4;198.4;3.8;3.8;3.9;2.8;9;302.7777778;63.88888889;66.66666667;1
9390600;-1;0;43;131;-1.3;1.4;12.8;8.4;68.6;198.4;3.4;3.3;3.4;2.4;9;302.7777778;63.88888889;66.66666667;1
9391500;-2;0;43;129;-1.5;1.2;12.5;8.3;68.2;198.4;3.1;3;3.1;2.2;9;302.7777778;63.88888889;66.66666667;1
9392400;-2;0;43;126;-2;0.6;11.9;8.1;70.9;141.4;2.6;2.5;2.6;1.8;8.3;-2775;25;30.55555556;1.4
9393300;-2;0;43;123;-2.4;0.3;11.4;8;72.7;112.9;2.2;2;2.2;1.4;8.3;-2775;25;30.55555556;1.4
9394200;-3;0;43;120;-2.8;-0.2;11;8.3;74.2;112.9;1.7;1.5;1.7;0.9;8.3;-2775;25;30.55555556;1.4
9395100;-3;0;43;118;-3.1;-0.6;10.6;8.4;75.5;112.9;1.3;1;1.3;0.5;8.3;-2775;25;30.55555556;1.4
9396000;-4;0;43;116;-3.5;-1.1;10.1;8.1;76.7;53.2;1;0.6;0.8;0.1;7.6;272.2222222;0;0;0.9
9396900;-4;-1;43;112;-3.9;-1.6;9.6;8;78.2;23.3;0.5;0.1;0.3;-0.4;7.6;272.2222222;0;0;0.9
9397800;-5;-2;43;111;-4.4;-2.1;9;8.3;79.7;23.6;0;-0.4;-0.1;-0.9;7.6;272.2222222;0;0;0.9
9398700;-5;-3;43;109;-4.7;-2.5;8.6;8.5;80.1;23.8;-0.4;-0.8;-0.5;-1.2;7.6;272.2222222;0;0;0.9
9399600;-5;-3;43;107;-5;-2.8;8.2;8.1;81.1;10.1;-0.8;-1.1;-0.9;-1.5;7;283.3333333;0;0;1
9400500;-5;-3;43;107;-5.3;-3.1;8;7.9;81.8;0.9;-0.9;-1.5;-1.1;-1.6;7;283.3333333;0;0;1
9401400;-6;-3;43;104;-5.5;-3.4;7.8;7.7;82.1;0.9;-1.3;-1.7;-1.3;-2;7;283.3333333;0;0;1
9402300;-6;-4;43;103;-5.7;-3.6;7.7;7.6;82.7;0.9;-1.5;-1.9;-1.6;-2.2;7;283.3333333;0;0;1
9403200;-6;-4;43;104;-6;-3.6;8.1;7.4;83.1;0.4;-1.3;-1.9;-1.4;-2.2;6.3;269.4444444;0;0;1.9
9404100;-5;-3;43;108;-5.5;-3.3;8.1;7.2;82.5;0;-0.6;-1.4;-0.7;-1.5;6.3;269.4444444;0;0;1.9
9405000;-5;-3;43;107;-5.2;-3.1;7.8;7.1;82.2;0;-0.5;-1.2;-0.5;-1.4;6.3;269.4444444;0;0;1.9
9405900;-5;-3;43;108;-5;-3.1;7.7;7;82.6;0;-0.5;-1.1;-0.6;-1.5;6.3;269.4444444;0;0;1.9
9406800;-5;-3;43;105;-5.1;-3.1;7.6;6.6;83;0;-0.9;-1.3;-1;-1.8;5.8;266.6666667;0;0;1.7
9407700;-6;-4;43;103;-5.6;-3.5;7.3;6.4;83.1;0;-1.5;-1.7;-1.5;-2.3;5.8;266.6666667;0;0;1.7
9408600;-6;-4;43;101;-6;-3.9;7.1;6.4;83.3;0;-1.9;-2.1;-1.8;-2.6;5.8;266.6666667;0;0;1.7
9409500;-6.5;-4.5;42.5;99.5;-6.25;-4.25;6.9;5.1;83.45;0;-2.15;-2.4;-2.1;-2.95;5.8;266.6666667;0;0;1.7
9410400;-7;-5;42;98;-6.5;-4.6;6.7;3.8;83.6;0;-2.4;-2.7;-2.4;-3.3;4.9;263.8888889;0;0;1.5
9411300;-7;-5;42;99;-6.5;-4.6;6.6;2.1;84.4;0;-2.2;-2.8;-2.4;-3.2;4.9;263.8888889;0;0;1.5
9412200;-7;-5;42;98;-6.8;-4.7;6.4;2.1;84.6;0;-2.7;-3;-2.7;-3.7;4.9;263.8888889;0;0;1.5
9413100;-7;-5;43;93;-7;-5.1;6.3;2.1;84.6;0;-3.1;-3.3;-3;-4;4.9;263.8888889;0;0;1.5
9414000;-7;-5;43;95;-7.4;-5.1;6.2;1.8;84.6;0;-3;-3.5;-3.2;-3.9;4.8;266.6666667;0;0;1
9414900;-7;-5;43;93;-7.5;-5.4;6;1.8;84.6;0;-3.4;-3.7;-3.5;-4.1;4.8;266.6666667;0;0;1
9415800;-8;-6;44;94;-7.7;-5.6;5.9;1.8;84.6;0;-3.7;-4;-3.7;-4.5;4.8;266.6666667;0;0;1
9416700;-8;-6;44;88;-8;-6;5.8;1.8;84.8;0;-3.9;-4.2;-3.9;-4.7;4.8;266.6666667;0;0;1
9417600;-8;-6;45;90;-8;-6.1;5.7;1.6;84.6;0;-4.1;-4.4;-4.2;-4.9;4;261.1111111;0;0;2
9418500;-8;-6;45;90;-8;-6.1;5.6;1.6;84.6;0;-4;-4.5;-4.2;-4.8;4;261.1111111;0;0;2
9419400;-8;-6;45;89;-8;-6.1;5.4;1.6;84.6;0;-4.2;-4.5;-4.2;-4.9;4;261.1111111;0;0;2
9420300;-8;-6;46;91;-8.3;-6.6;5.3;1.6;84.6;0;-4.5;-4.7;-4.4;-5.1;4;261.1111111;0;0;2
9421200;-8;-7;45;87;-8.5;-6.6;5.2;3.7;84.9;0;-4.5;-4.8;-4.6;-5.3;2.4;261.1111111;0;0;2.1
9422100;-8;-6;45;87;-8.5;-6.6;5.3;4;86.4;0;-4.3;-4.7;-4.1;-5.1;2.4;261.1111111;0;0;2.1
9423000;-8;-6;46;86;-8.5;-6.6;5.1;4.1;85.7;0;-4.4;-4.7;-4.3;-5.2;2.4;261.1111111;0;0;2.1
9423900;-9;-7;44;79;-8.4;-6.7;4.9;4.2;85.6;0;-4.8;-4.9;-4.6;-5.5;2.4;261.1111111;0;0;2.1
9424800;-4;-5;37;29;-2.4;-5.5;4.7;3.9;85.1;0;-2.5;-2.3;-2;-3.9;2.4;-2775;0;0;1
9425700;-6;-4;43;98;-6.1;-3.9;4.8;3.8;85.2;0;-2.2;-2.5;-2.1;-2.8;2.4;-2775;0;0;1
9426600;-7;-5;43;95;-7.1;-5.1;4.8;3.8;85.4;0;-3.2;-3.5;-3.2;-4;2.4;-2775;0;0;1
9427500;-8;-6;44;93;-7.8;-5.9;4.7;3.8;85.1;0;-4;-4.2;-4;-4.8;2.4;-2775;0;0;1
9428400;-8;-6;45;89;-8.3;-6.3;4.8;3.6;85.5;0;-4.3;-4.6;-4.3;-5.1;2.5;300;0;0;0.9
9429300;-8;-7;45;88;-8.3;-6.6;5.1;3.5;85.6;0;-4.4;-4.7;-4.4;-5.2;2.5;300;0;0;0.9
9430200;-9;-7;45;87;-8.3;-6.6;5.2;2.9;85.6;0;-4.6;-4.8;-4.6;-5.4;2.5;300;0;0;0.9
9431100;-9;-7;46;89;-8.8;-6.6;5.7;2.1;85.6;0;-4.6;-4.9;-4.7;-5.5;2.5;300;0;0;0.9
9432000;-9;-7;45;88;-8.8;-6.7;6;2.2;85.1;0;-4.7;-4.9;-4.7;-5.6;2.4;263.8888889;22.22222222;25;1.3
9432900;-6;-5;12;21;-5.6;-6;6;2.2;84.7;0;-4.6;-4.7;-4.5;-5.6;2.4;263.8888889;22.22222222;25;1.3
9433800;-5;-2;1;3;-4.7;-1.1;5.8;2.3;84.3;0;-3.9;-3.9;-3.7;-5.1;2.4;263.8888889;22.22222222;25;1.3
9434700;-7;-5;41;91;-6.7;-4;5.6;2.3;84.1;0;-2.7;-3;-2.6;-3.8;2.4;263.8888889;22.22222222;25;1.3
9435600;-8;-6;43;90;-7.7;-5.7;5.5;2.6;84.4;5.2;-3.8;-4;-3.8;-4.6;2.5;269.4444444;77.77777778;91.66666667;1.6
9436500;-8;-6;45;91;-8.1;-6.3;5.5;2.8;84.7;7.8;-4.1;-4.4;-4.2;-5;2.5;269.4444444;77.77777778;91.66666667;1.6
9437400;-8;-6;44;87;-8.4;-6.4;6.3;2.7;84.9;7.8;-4;-4.4;-4.1;-5;2.5;269.4444444;77.77777778;91.66666667;1.6
9438300;-8;-6;45;91;-7.9;-6.4;7;2.7;83.7;7.8;-3.7;-4.1;-3.8;-4.8;2.5;269.4444444;77.77777778;91.66666667;1.6
9439200;-8;-6;43;92;-7.8;-6;7.4;3.2;83.1;57.6;-3.4;-3.6;-3.4;-4.5;2.9;-2775;175;227.7777778;1.4
9440100;-7;-5;43;95;-7.4;-5.4;7.3;3.5;81.9;82.5;-2.9;-3.1;-2.8;-4.1;2.9;-2775;175;227.7777778;1.4
9441000;-7;-5;43;99;-7;-4.9;7.6;3.2;81.2;83.8;-2.3;-2.5;-2.2;-3.4;2.9;-2775;175;227.7777778;1.4
9441900;-6;-4;43;106;-6.1;-4;8.1;3;80.3;84.4;-1.2;-1.5;-1.2;-2.6;2.9;-2775;175;227.7777778;1.4
9442800;-5;-3;43;110;-5.1;-3;8.4;4.1;79;177.9;-0.3;-0.6;-0.2;-1.7;5.7;272.2222222;225;477.7777778;1.8
9443700;-4;-2;43;115;-4.4;-2;8.8;4.6;78;224.6;0.8;0.5;0.8;-0.7;5.7;272.2222222;225;477.7777778;1.8
9444600;-3;-1;43;123;-3.2;-0.7;9.2;4.1;77;224.6;2.1;1.9;2.2;0.5;5.7;272.2222222;225;477.7777778;1.8
9445500;-2;0;43;133;-1.8;0.8;9.7;3.8;76.1;224.6;3.8;3.5;3.8;1.9;5.7;272.2222222;225;477.7777778;1.8
9446400;-1;1;43;139;-0.8;2;10.5;5.6;74.5;338.4;4.8;4.7;4.9;3.1;9.6;272.2222222;169.4444444;650;2.3
9447300;0;3;43;150;0.9;4;11.4;5.6;71.5;338.4;6.9;6.9;6.9;5.2;9.6;272.2222222;169.4444444;650;2.3
9448200;2;6;43;165;2.9;6.3;11.9;4.9;70;338.4;9.2;9.2;9.2;7.5;9.6;272.2222222;169.4444444;650;2.3
9449100;4;8;43;176;4.7;8.3;12.6;4.3;66.5;338.4;11.2;11.1;11.1;9.3;9.6;272.2222222;169.4444444;650;2.3
9450000;5;9;43;187;6.1;9.9;12.9;6.2;62.7;453.8;12.8;12.8;12.8;11;11.8;280.5555556;183.3333333;758.3333333;2
9450900;7;11;43;196;7.5;11.4;13.3;6.2;61.2;453.8;14.2;14.2;14.2;12.4;11.8;280.5555556;183.3333333;758.3333333;2
9451800;8;12;38;175;8.8;12.5;13.5;6.2;59.7;453.8;15.2;15.5;15.3;13.6;11.8;280.5555556;183.3333333;758.3333333;2
9452700;4;12;38;393;4.7;13.3;14.1;6.2;57.2;453.8;15.4;15.5;15.2;14;11.8;280.5555556;183.3333333;758.3333333;2
9453600;8;12;43;220;8.8;13.1;14.8;7.8;56.3;506.5;15.6;15.8;15.6;14.1;12.7;297.2222222;244.4444444;683.3333333;2.4
9454500;9;13;43;220;9.5;14;15.3;8;54.1;514.6;16.7;16.8;16.7;15.4;12.7;297.2222222;244.4444444;683.3333333;2.4
9455400;9;15;38;266;9.1;15.1;15.1;9.4;53.4;524.5;17.8;18;17.8;16.6;12.7;297.2222222;244.4444444;683.3333333;2.4
9456300;5;13;36;342;6.6;14.3;15.3;10.9;52.9;535.9;16.2;16.3;15.7;15;12.7;297.2222222;244.4444444;683.3333333;2.4
9457200;8;13;43;222;9.6;14.1;15.5;11.8;49.7;600.4;16.4;16.6;16.4;15;13.5;297.2222222;233.3333333;780.5555556;2.7
9458100;8;12;42;199;9.5;13.5;15.7;11.9;48.8;610.3;15.6;15.7;15.6;14.3;13.5;297.2222222;233.3333333;780.5555556;2.7
9459000;10;13;39;128;10.8;13.5;16;12.3;49.7;610.3;16.1;16.2;16.2;14.9;13.5;297.2222222;233.3333333;780.5555556;2.7
9459900;13;14;34;65;13.6;15.1;16.1;12.8;48.1;610.3;17.7;18;18.2;16.3;13.5;297.2222222;233.3333333;780.5555556;2.7
9460800;14;17;38;126;14.7;17.3;16.3;13.3;47.9;620.1;19.6;19.8;19.9;18.4;14.5;300;200;636.1111111;2.6
9461700;11;16;43;247;12.3;17.3;16.6;13.4;47.2;621.6;19.5;19.6;19.4;18.7;14.5;300;200;636.1111111;2.6
9462600;7;17;39;483;7.9;17.5;17.1;13.4;45.4;621.6;19.6;19.7;19.1;18.6;14.5;300;200;636.1111111;2.6
9463500;8;14;32;256;9;15.3;17.5;13.5;43.7;621.6;17.6;17.5;17.1;15.7;14.5;300;200;636.1111111;2.6
9464400;10;15;43;231;10.8;15.5;18.1;13.9;42;566.6;18.1;18.2;18;16.6;14.6;311.1111111;200;366.6666667;2.3
9465300;11;14;39;134;12;15.3;18.3;14;39.5;558.1;17.2;17.2;17.1;15.8;14.6;311.1111111;200;366.6666667;2.3
9466200;9;14;30;199;10.3;15.2;18.3;14.1;40.2;558.1;17.4;17.4;17.3;16.3;14.6;311.1111111;200;366.6666667;2.3
9467100;9;14;41;213;10.8;15.2;18;14.1;38.1;558.1;17.3;17.2;17.2;15.9;14.6;311.1111111;200;366.6666667;2.3
9468000;5;12;42;338;5.5;13.1;17.8;14.4;38.2;498.8;14.7;14.5;14.1;13.3;14.6;308.3333333;163.8888889;311.1111111;1.4
9468900;5;9;38;180;6;10;17.1;14.4;40.4;498.8;12;11.7;11.8;10.6;14.6;308.3333333;163.8888889;311.1111111;1.4
9469800;4;8;43;173;5.5;9;16.5;14.7;45.2;498.8;11;10.7;11;10;14.6;308.3333333;163.8888889;311.1111111;1.4
9470700;4;8;39;202;4.4;8.5;16.6;15;44.7;498.8;10.8;10.4;10.5;9.6;14.6;308.3333333;163.8888889;311.1111111;1.4
9471600;4;8;43;188;4.6;8.6;17.8;14.9;43.8;421.3;11.3;11;11.2;10.1;14.9;302.7777778;147.2222222;319.4444444;1.5
9472500;5;10;43;242;5.4;10.3;18.4;14.9;42.6;415.8;13;13;12.9;11.6;14.9;302.7777778;147.2222222;319.4444444;1.5
9473400;5;10;43;237;5.6;10.6;18.1;14.8;43.7;415.8;13;13;12.9;11.7;14.9;302.7777778;147.2222222;319.4444444;1.5
9474300;5;9;43;216;5.6;10.5;18.1;14.7;43;415.8;12.4;12.4;12.3;11.1;14.9;302.7777778;147.2222222;319.4444444;1.5
9475200;4;8;43;184;5.6;9.6;17.9;14.4;43.8;305;11.5;11.4;11.4;10.4;14.5;291.6666667;77.77777778;163.8888889;0.8
9476100;5;8;37;157;6;9.4;17.7;14.3;43.6;288;11.5;11.4;11.4;10.4;14.5;291.6666667;77.77777778;163.8888889;0.8
9477000;6;9;39;112;7;9.6;17.4;14.3;44.2;288;11.7;11.6;11.8;10.5;14.5;291.6666667;77.77777778;163.8888889;0.8
9477900;6;9;39;106;7;9.6;17.6;14.3;43.9;288;11.9;11.8;11.9;10.8;14.5;291.6666667;77.77777778;163.8888889;0.8
9478800;6;9;38;95;7.2;9.6;17.8;13.9;42.7;192.3;11.8;11.7;11.9;10.8;13.5;286.1111111;22.22222222;36.11111111;0.7
9479700;3;8;43;202;4.3;8.7;17.1;13.8;44.4;177.6;10.5;10.2;10.4;9.6;13.5;286.1111111;22.22222222;36.11111111;0.7
9480600;4;6;43;123;4.8;7.4;16;14.1;47.1;177.6;9.2;9;9.3;8.5;13.5;286.1111111;22.22222222;36.11111111;0.7
9481500;3;5;43;101;4.5;6.6;15.3;14.4;49;177.6;8.4;8.1;8.5;7.7;13.5;286.1111111;22.22222222;36.11111111;0.7
9482400;3;5;43;84;4.3;5.9;14.7;13.9;51.7;70;7.8;7.5;7.9;7.1;12.2;283.3333333;0;0;0.8
9483300;3;4;43;71;3.9;5.4;13.9;13.8;55.5;53.4;7.3;7;7.4;6.7;12.2;283.3333333;0;0;0.8
9484200;3;4;43;60;3.8;5;13.1;13.9;58.1;52.3;6.9;6.5;6.9;6.2;12.2;283.3333333;0;0;0.8
9485100;2;4;35;68;3.1;4.6;12.5;14;59.7;51;6.5;6.3;6.6;5.8;12.2;283.3333333;0;0;0.8
9486000;1;3;39;75;2.2;3.9;12.1;13;61.7;8.7;5.7;5.5;5.8;5.1;11.7;280.5555556;0;0;0.7
9486900;1;2;36;52;2.5;3.3;11.6;12.8;63.8;2.2;5.2;5.1;5.3;4.6;11.7;280.5555556;0;0;0.7
9487800;2;2;0;0;2.6;3.1;11.2;12.7;64.1;2.2;5.5;5.3;5.7;4.6;11.7;280.5555556;0;0;0.7
9488700;2;3;21;36;2.5;3.5;10.9;12.5;64.8;2.2;6.1;5.7;6;5.2;11.7;280.5555556;0;0;0.7
9489600;2;3;0;3;3.1;4.1;10.5;11.9;66.2;0.3;6.1;5.4;6;5.3;10.6;280.5555556;0;0;2.1
9490500;2;3;21;47;2.9;4.3;10.3;11.8;67.4;0;6.7;5.8;6.5;5.8;10.6;280.5555556;0;0;2.1
9491400;2;4;2;0;3.1;4.8;10;11.7;68.8;0;6.6;5.6;6.3;5.6;10.6;280.5555556;0;0;2.1
9492300;2;5;11;43;3;5.7;9.8;11.6;69.7;0;6.9;5.9;6.8;5.9;10.6;280.5555556;0;0;2.1
9493200;0;3;43;127;0.8;3.6;9.6;10.8;70.3;0;5.5;4.7;5.4;4.8;9.5;-2775;0;0;2.2
9494100;0;1;43;128;-0.9;1.8;9.5;10.7;70.6;0;3.7;3.1;3.5;2.8;9.5;-2775;0;0;2.2
9495000;-2;0;43;122;-2.1;0.5;9.2;10.8;71.4;0;2.6;2;2.4;1.5;9.5;-2775;0;0;2.2
9495900;-3;0;43;118;-2.8;-0.3;9;10.9;71.8;0;1.8;1.1;1.7;0.7;9.5;-2775;0;0;2.2
9496800;-4;0;43;114;-3.5;-1.1;8.8;3.3;72.4;0;1;0.4;0.9;0.1;7.9;269.4444444;0;0;2.1
9497700;-4;-2;43;112;-3.9;-1.6;8.6;2.1;73.2;0;0.6;-0.1;0.3;-0.3;7.9;269.4444444;0;0;2.1
9498600;-5;-2;43;111;-4.5;-2.2;8.4;2.1;73.8;0;-0.2;-0.6;-0.3;-1;7.9;269.4444444;0;0;2.1
9499500;-5;-3;43;106;-5;-2.8;8.2;2.1;74.5;0;-0.7;-1.2;-0.8;-1.5;7.9;269.4444444;0;0;2.1
9500400;-5;-3;43;104;-5.3;-3.2;8.1;1.9;74.5;0;-1.1;-1.6;-1.3;-1.8;7.3;272.2222222;0;0;3.1
9501300;-6;-4;43;102;-5.8;-3.7;7.8;1.8;75.2;0;-1.6;-2.1;-1.8;-2.5;7.3;272.2222222;0;0;3.1
9502200;-6;-4;43;103;-5.8;-3.9;7.7;1.8;75.3;0;-1.7;-2.3;-1.9;-2.6;7.3;272.2222222;0;0;3.1
9503100;-6;-4;43;102;-6.3;-3.9;7.6;1.8;75.6;0;-1.8;-2.4;-2.1;-2.7;7.3;272.2222222;0;0;3.1
9504000;-6;-4;42;101;-6.3;-4.4;7.4;1.7;75.6;0;-2;-2.6;-2.1;-2.9;6.7;269.4444444;0;0;3.3
9504900;-6;-4;42;101;-6.3;-4.4;7.3;1.6;75.7;0;-1.9;-2.6;-2;-2.8;6.7;269.4444444;0;0;3.3
9505800;-7;-4;42;100;-6.3;-4.4;7.2;1.6;76.8;0;-2.2;-2.7;-2.2;-3;6.7;269.4444444;0;0;3.3
9506700;-7;-5;42;98;-6.6;-4.5;7;1.6;77.2;0;-2.5;-2.9;-2.5;-3.3;6.7;269.4444444;0;0;3.3
9507600;-7;-5;42;97;-6.8;-4.9;6.8;4.9;77.6;0;-2.9;-3.1;-2.8;-3.5;5.9;266.6666667;0;0;3.5
9508500;-7;-5;42;93;-7.2;-5.1;6.8;6.6;78.1;0;-3.2;-3.3;-3.1;-4;5.9;266.6666667;0;0;3.5
9509400;-8;-5;42;93;-7.3;-5.4;6.6;6.7;78.5;0;-3.5;-3.6;-3.4;-4.4;5.9;266.6666667;0;0;3.5
9510300;-8;-6;42;94;-7.6;-5.4;6.5;6.7;78.9;0;-3.7;-3.8;-3.5;-4.3;5.9;266.6666667;0;0;3.5
9511200;-8;-6;42;92;-7.8;-5.9;6.3;6.2;79.2;0;-3.7;-4;-3.7;-4.5;4.5;263.8888889;0;0;3.2
9512100;-8;-6;43;94;-7.8;-5.9;6.3;6.2;79.9;0;-3.8;-4;-3.9;-4.6;4.5;263.8888889;0;0;3.2
9513000;-8;-6;43;91;-7.8;-5.9;6.2;6.3;80;0;-3.8;-4.1;-4;-4.6;4.5;263.8888889;0;0;3.2
9513900;-8;-6;43;92;-7.8;-5.9;6.1;6.3;80.4;0;-3.9;-4.1;-3.9;-4.6;4.5;263.8888889;0;0;3.2
9514800;-8;-6;43;94;-7.8;-5.9;5.9;5.9;81;0;-3.9;-4;-3.8;-4.5;4.7;263.8888889;0;0;2.7
9515700;-8;-6;44;92;-7.8;-5.9;5.8;5.9;81;0;-4.1;-4.2;-4;-4.7;4.7;263.8888889;0;0;2.7
9516600;-8;-6;43;88;-8.3;-6.3;5.7;5.8;81;0;-4.3;-4.5;-4.2;-4.9;4.7;263.8888889;0;0;2.7
9517500;-8;-6;44;89;-8.3;-6.4;5.6;5.6;81;0;-4.3;-4.6;-4.4;-5;4.7;263.8888889;0;0;2.7
9518400;-8;-7;45;86;-8.3;-6.4;5.5;5.5;81.2;0;-4.6;-4.8;-4.5;-5.2;4;261.1111111;27.77777778;33.33333333;1.9
9519300;-8;-7;45;86;-8.3;-6.9;5.5;5.5;81.5;0;-4.7;-4.9;-4.7;-5.4;4;261.1111111;27.77777778;33.33333333;1.9
9520200;-8;-7;44;89;-8.3;-6.9;5.6;5.1;82.5;0;-4.5;-4.8;-4.7;-5.3;4;261.1111111;27.77777778;33.33333333;1.9
9521100;-8;-7;45;89;-8.3;-6.9;5.6;4.4;82.5;0;-4.3;-4.7;-4.5;-5.2;4;261.1111111;27.77777778;33.33333333;1.9
9522000;-8;-7;44;86;-8.3;-6.9;5.8;4.7;82.4;12.2;-4.4;-4.7;-4.5;-5.1;5.1;263.8888889;77.77777778;169.4444444;1.6
9522900;-8;-6;45;89;-8.3;-6.9;6.3;4.8;81.7;15.3;-4.2;-4.6;-4.3;-5;5.1;263.8888889;77.77777778;169.4444444;1.6
9523800;-8;-6;44;90;-8.2;-6.4;6.9;4.8;80.8;15.3;-3.8;-4.2;-3.8;-4.7;5.1;263.8888889;77.77777778;169.4444444;1.6
9524700;-8;-5;42;95;-7.7;-5.7;7.9;4.9;77.4;15.3;-3.1;-3.6;-3.1;-4.1;5.1;263.8888889;77.77777778;169.4444444;1.6
9525600;-7;-5;42;99;-6.9;-4.9;8.6;5.5;74;84.5;-2;-2.7;-2.2;-3.3;7.7;266.6666667;111.1111111;341.6666667;1.8
9526500;-6;-4;43;105;-6.1;-4;9;5.8;72;119.1;-1.1;-1.6;-1.1;-2.5;7.7;266.6666667;111.1111111;341.6666667;1.8
9527400;-5;-2;43;110;-5.1;-2.8;9.4;5.5;70.4;121.7;-0.1;-0.4;0;-1.5;7.7;266.6666667;111.1111111;341.6666667;1.8
9528300;-4;-2;43;118;-4;-1.6;9.9;4.9;68.5;127;1.1;0.9;1.3;-0.3;7.7;266.6666667;111.1111111;341.6666667;1.8
9529200;-3;0;43;125;-2.8;-0.3;10.4;6.1;66.6;237.5;2.5;2.3;2.7;1;10;-2775;136.1111111;508.3333333;1.6
9530100;-2;1;43;133;-1.5;1.2;11;6.7;65.3;292.8;4.1;3.8;4.2;2.4;10;-2775;136.1111111;508.3333333;1.6
9531000;0;2;43;143;0;2.9;11.7;6.7;63.2;292.8;5.8;5.6;5.8;4.2;10;-2775;136.1111111;508.3333333;1.6
9531900;1;4;43;153;1.7;4.8;12.5;6.7;61;292.8;7.7;7.6;7.7;6.1;10;-2775;136.1111111;508.3333333;1.6
9532800;2;6;43;164;3.3;6.6;13;8;59.8;386.2;9.5;9.4;9.5;7.9;13.2;283.3333333;147.2222222;650;1.9
9533700;4;8;43;174;4.8;8.3;13.7;8.7;57.5;432.9;11.2;11.2;11.2;9.5;13.2;283.3333333;147.2222222;650;1.9
9534600;5;9;43;182;6.3;9.9;14.2;8.9;56;432.9;12.8;12.8;12.8;11.1;13.2;283.3333333;147.2222222;650;1.9
9535500;4;11;39;286;5.4;11.6;14.8;9.5;53.1;432.9;14.1;14.2;14;12.5;13.2;283.3333333;147.2222222;650;1.9
9536400;8;12;30;118;9.6;12.5;15.7;10.8;50.3;514.4;15.7;15.7;15.5;13.4;15.2;288.8888889;152.7777778;763.8888889;2.7
9537300;12;15;33;97;12.8;15.2;16.3;11.4;44.9;555.1;18.3;18.5;18.4;16.4;15.2;288.8888889;152.7777778;763.8888889;2.7
9538200;14;17;33;104;15.2;17.8;16.5;11.5;42.5;555;20.7;20.9;20.8;19.1;15.2;288.8888889;152.7777778;763.8888889;2.7
9539100;16;19;33;109;17.2;19.9;17;11.8;43;554.8;22.7;22.9;22.8;21.2;15.2;288.8888889;152.7777778;763.8888889;2.7
9540000;18;21;33;114;18.6;21.5;17.1;12.7;39.8;603.8;24.1;24.4;24.3;22.9;15.8;291.6666667;152.7777778;827.7777778;3.1
9540900;19;22;33;118;19.7;22.8;17.7;13.2;38.5;628.3;25.3;25.6;25.5;24.3;15.8;291.6666667;152.7777778;827.7777778;3.1
9541800;20;23;33;120;20.7;23.7;18.1;13.9;38.3;637.2;26.3;26.5;26.3;25.2;15.8;291.6666667;152.7777778;827.7777778;3.1
9542700;20;24;32;122;21.3;24.6;18.2;14.4;36.2;643.2;27.1;27.3;27.1;26.3;15.8;291.6666667;152.7777778;827.7777778;3.1
9543600;21;25;29;125;21.7;25.4;18.4;15;37;697.9;27.7;28;27.7;27.1;16.9;297.2222222;177.7777778;847.2222222;3.2
9544500;21;25;27;125;21.8;25.9;18.6;15;35;697.9;28.4;28.8;28.3;27.7;16.9;297.2222222;177.7777778;847.2222222;3.2
9545400;21;26;22;123;22;26.8;18.8;15.5;34;697.9;29.3;29.6;29.2;28.6;16.9;297.2222222;177.7777778;847.2222222;3.2
9546300;21;27;20;123;22;27.3;19;15.9;32.6;697.9;29.8;30.3;29.9;29.2;16.9;297.2222222;177.7777778;847.2222222;3.2
9547200;21;27;13;110;21.8;28;19.2;16.3;31;669;30.4;31.2;30.5;30.2;16.6;302.7777778;208.3333333;513.8888889;3.4
9548100;18;27;28;289;19.5;28;19.2;16.3;31.1;666.9;29.4;30.2;29.6;29.2;16.6;302.7777778;208.3333333;513.8888889;3.4
9549000;8;22;43;667;9.8;23.3;20;16.3;31;666.9;24.3;24.3;23.6;23.5;16.6;302.7777778;208.3333333;513.8888889;3.4
9549900;8;16;43;387;9.3;17.4;20.4;16.3;31;666.9;18.7;18.8;18.4;17.3;16.6;302.7777778;208.3333333;513.8888889;3.4
9550800;6;12;43;257;7.4;12.9;19.3;16.5;31.1;613.5;14.5;14.4;14.3;13.4;16.8;316.6666667;225;402.7777778;3.1
9551700;6;11;43;253;6.5;11.6;19.1;16.5;30.1;605.3;14.1;13.9;13.8;13;16.8;316.6666667;225;402.7777778;3.1
9552600;6;12;43;277;6.5;12.4;19.5;16.8;29.8;605.3;15.1;15;14.8;13.8;16.8;316.6666667;225;402.7777778;3.1
9553500;6;12;43;293;6.9;13.3;20.5;17.2;28.9;605.3;15.8;15.8;15.6;14.2;16.8;316.6666667;225;402.7777778;3.1
9554400;6;12;43;272;7.4;13.2;20.6;16.7;29.9;535.6;15.1;15.2;15;13.6;17.8;305.5555556;180.5555556;511.1111111;2.1
9555300;7;11;36;188;8.2;11.8;20.2;16.6;30.8;518.2;13.9;13.9;14;12.6;17.8;305.5555556;180.5555556;511.1111111;2.1
9556200;9;12;39;122;10.1;12.6;20.5;16.5;29;518.2;15.6;15.4;15.4;14.2;17.8;305.5555556;180.5555556;511.1111111;2.1
9557100;8;15;36;270;9.5;15.2;20.4;16.3;29.1;518.2;18;18;17.9;16.7;17.8;305.5555556;180.5555556;511.1111111;2.1
9558000;7;14;43;315;8.3;14.9;20.8;15.8;29.4;448.4;16.8;16.8;16.5;15.5;17.2;316.6666667;152.7777778;366.6666667;3
9558900;7;13;43;284;8.2;14;20.5;15.6;30.3;423;16;16;15.8;14.6;17.2;316.6666667;152.7777778;366.6666667;3
9559800;7;12;43;253;7.8;13.1;20.4;16.1;30.5;423;15.1;15.1;15;13.8;17.2;316.6666667;152.7777778;366.6666667;3
9560700;6;12;43;245;7.7;12.6;20.5;16.4;30.1;423;14.8;14.8;14.7;13.5;17.2;316.6666667;152.7777778;366.6666667;3
9561600;6;11;43;230;7.7;12.4;20.6;16.1;29.6;323.1;14.3;14.3;14.3;13.2;16.9;341.6666667;111.1111111;169.4444444;1.9
9562500;6;10;43;195;7.4;11.4;20.8;15.9;29.7;273.1;13.2;13.2;13.2;12.2;16.9;341.6666667;111.1111111;169.4444444;1.9
9563400;6;10;40;172;7.2;10.8;20.4;16.9;31.2;273.1;12.8;12.7;12.8;11.7;16.9;341.6666667;111.1111111;169.4444444;1.9
9564300;8;10;37;105;8.5;11;20.5;17.5;30.8;273.1;13.5;13.5;13.5;12.3;16.9;341.6666667;111.1111111;169.4444444;1.9
9565200;7;11;39;200;7.6;11.4;20.8;16.7;30.2;153.4;13.7;13.6;13.7;12.8;16;327.7777778;36.11111111;44.44444444;1.3
9566100;6;9;43;151;6.9;10.1;19.9;16.7;30.7;153.4;12;11.8;11.8;11.1;16;327.7777778;36.11111111;44.44444444;1.3
9567000;5;9;43;147;6.7;9.6;18.9;16.7;32.7;153.4;11.7;11.4;11.5;10.6;16;327.7777778;36.11111111;44.44444444;1.3
9567900;5;8;43;137;6.5;9.2;18;16.7;37.3;153.4;11.3;10.9;11.2;10.3;16;327.7777778;36.11111111;44.44444444;1.3
9568800;5;8;43;117;6.2;8.6;17.5;15.5;39.5;51.9;10.7;10.3;10.5;9.7;14.8;327.7777778;0;0;1.9
9569700;5;7;43;101;6;8;17.3;15.4;41.2;44.7;10;9.6;9.9;9.1;14.8;327.7777778;0;0;1.9
9570600;5;6;43;87;5.7;7.5;16.8;15.6;43.6;44.4;9.4;9.1;9.4;8.6;14.8;327.7777778;0;0;1.9
9571500;4;6;43;76;5.5;7;16.3;15.9;46.4;44.1;8.9;8.7;8.9;8.2;14.8;327.7777778;0;0;1.9
9572400;4;6;39;59;5.3;6.6;15.9;14.9;47.1;8.3;8.5;8.3;8.5;7.9;13.7;311.1111111;0;0;3.3
9573300;4;5;39;85;4.6;6.6;15.3;14.7;47.2;2.8;8.6;8.3;8.4;8;13.7;311.1111111;0;0;3.3
9574200;4;5;36;76;4.6;6.6;15.3;14.9;45;2.8;8.7;8.4;8.4;7.9;13.7;311.1111111;0;0;3.3
9575100;4;5;43;94;4.6;6.4;15.4;15.2;45.2;2.8;8.6;8.4;8.4;7.7;13.7;311.1111111;0;0;3.3
9576000;4;5;43;70;5;6.1;15.1;14.2;47.1;0.6;8.6;8.2;8.4;7.6;12.2;288.8888889;0;0;3.4
9576900;4;5;43;59;5;6.1;14.4;13.9;50.2;0;8.2;7.9;8.1;7.4;12.2;288.8888889;0;0;3.4
9577800;4;5;20;25;5;6.2;13.8;13.9;52.2;0;8;7.8;7.9;7.2;12.2;288.8888889;0;0;3.4
9578700;4;7;3;8;5;7.3;13.2;13.9;55.1;0;8.4;8;8.2;7.5;12.2;288.8888889;0;0;3.4
9579600;4;5;20;56;4.7;6.4;12.7;13.2;56.7;0;8;7.8;7.8;7.5;11.5;300;0;0;2.3
9580500;4;5;27;52;4.6;6.1;12.2;12.8;58.4;0;8.1;7.8;8;7.7;11.5;300;0;0;2.3
9581400;2;4;39;81;3.4;5.2;12.1;12.8;59.1;0;6.9;6.7;6.9;6.5;11.5;300;0;0;2.3
9582300;2.5;3.5;21;41;3.4;4.65;12.05;9.25;59.5;0;6.6;6.45;6.7;6;11.5;300;0;0;2.3
9583200;3;3;3;1;3.4;4.1;12;5.7;59.9;0;6.3;6.2;6.5;5.5;10.4;286.1111111;0;0;3
9584100;3;4;22;33;3.6;4.5;11.5;2.1;61.2;0;6.9;6.4;6.9;6.1;10.4;286.1111111;0;0;3
9585000;3;4;1;0;3.8;4.6;11.2;2.1;62.6;0;6.8;6.3;6.7;6;10.4;286.1111111;0;0;3
9585900;3;4;12;30;4;4.8;10.9;2.1;63.6;0;7.4;6.6;7.1;6.4;10.4;286.1111111;0;0;3
9586800;0;3;43;137;1.2;4.2;10.8;1.9;64.6;0;6;5.4;5.9;5.3;9.8;313.8888889;0;0;3.4
9587700;0;1;43;133;-0.4;2.4;10.8;1.8;64.5;0;4.2;3.8;4.2;3.6;9.8;313.8888889;0;0;3.4
9588600;-1;0;43;128;-1.4;1.3;10.9;1.8;64;0;3.1;2.9;3.1;2.4;9.8;313.8888889;0;0;3.4
9589500;-2;0;43;123;-2.2;0.4;10.9;1.8;63.7;0;2.4;2.1;2.3;1.5;9.8;313.8888889;0;0;3.4
9590400;-3;0;43;120;-2.8;-0.2;10.8;1.7;64.2;0;1.8;1.5;1.6;1;9.8;341.6666667;0;0;3.1
9591300;-3;0;43;120;-3;-0.4;11.3;1.6;63.8;0;1.7;1.5;1.7;0.9;9.8;341.6666667;0;0;3.1
9592200;-3;0;43;121;-3;-0.4;11.7;1.6;62.5;0;2;1.6;1.8;1;9.8;341.6666667;0;0;3.1
9593100;-2;0;43;125;-2.7;-0.1;12.2;1.6;61.4;0;2.7;2.2;2.5;1.6;9.8;341.6666667;0;0;3.1
9594000;-2;0;43;129;-2;0.6;12.5;8.8;65.9;0;3.3;2.8;3.1;2.2;8.7;316.6666667;0;0;3.1
9594900;-2;0;43;127;-1.6;1.1;12.3;8.8;69.2;0;3.2;2.9;3.2;2.2;8.7;316.6666667;0;0;3.1
9595800;-2;0;43;125;-2;0.6;11.8;8.9;72.6;0;2.9;2.6;2.8;1.9;8.7;316.6666667;0;0;3.1
9596700;-2;0;43;125;-2;0.6;11.6;8.9;75.4;0;2.8;2.6;2.7;2.1;8.7;316.6666667;0;0;3.1
9597600;-2;0;43;126;-2;0.6;11.8;8.3;73.8;0;2.9;2.7;2.8;2;8.7;316.6666667;0;0;3.8
9598500;-2;0;43;125;-2;0.6;11.5;8.3;72.8;0;2.8;2.6;2.7;1.8;8.7;316.6666667;0;0;3.8
9599400;-3;0;43;121;-2.4;0.2;11.2;8.8;72.8;0;2.2;2;2.2;1.2;8.7;316.6666667;0;0;3.8
9600300;-1;0;38;49;-0.1;0.2;11.3;9.3;73.1;0;2.6;2.3;2.6;1.5;8.7;316.6666667;0;0;3.8
9601200;1;0;3;0;1.9;1.1;11.3;8.6;73.1;0;4.5;4.3;4.7;2.7;8.1;300;0;0;3.4
9602100;1;1;6;11;1.8;1.4;11.3;8.5;72.1;0;5.5;5.1;5.6;3.6;8.1;300;0;0;3.4
9603000;0;3;43;140;0.8;3.6;11.2;8.3;71.3;0;5.7;5.3;5.6;4.8;8.1;300;0;0;3.4
9603900;0;1;43;134;-0.3;2.5;10.9;8.1;70.4;0;4.4;4.2;4.4;3.7;8.1;300;0;0;3.4
9604800;0;1;43;131;-1;1.8;10.6;7.7;71;0;3.7;3.4;3.7;2.9;7.3;-2775;30.55555556;30.55555556;3.3
9605700;-1;0;43;129;-1.4;1.3;10.1;7.6;71.6;0;3.3;3;3.2;2.5;7.3;-2775;30.55555556;30.55555556;3.3
9606600;-2;0;43;126;-1.8;0.8;9.9;7.8;72.3;0;2.9;2.5;2.8;2.1;7.3;-2775;30.55555556;30.55555556;3.3
9607500;-2;0;43;125;-2.1;0.6;9.9;8.3;72.4;0;2.6;2.3;2.6;1.8;7.3;-2775;30.55555556;30.55555556;3.3
9608400;-2;0;43;123;-2.3;0.2;10;8.1;72.5;5.4;2.3;1.9;2.2;1.5;7.8;277.7777778;111.1111111;119.4444444;3.5
9609300;-3;0;43;123;-2.6;0.1;10.3;8;71.4;7.3;2.4;2;2.3;1.6;7.8;277.7777778;111.1111111;119.4444444;3.5
9610200;-2;0;43;128;-2.3;0.3;10.5;8;70.2;7.3;3;2.6;2.9;2.1;7.8;277.7777778;111.1111111;119.4444444;3.5
9611100;-2;0;43;133;-1.7;1;10.7;7.9;69.2;7.3;3.7;3.3;3.6;2.9;7.8;277.7777778;111.1111111;119.4444444;3.5
9612000;-2;1;43;134;-1.1;1.6;10.7;7.9;68.8;60.4;4.1;3.9;4.2;3.1;7.9;313.8888889;205.5555556;208.3333333;3.6
9612900;-1;1;43;137;-0.7;2;10.8;7.9;68.6;87;4.5;4.4;4.5;3.6;7.9;313.8888889;205.5555556;208.3333333;3.6
9613800;0;2;43;138;-0.4;2.5;10.9;7.7;67.6;87;5;4.9;5;4;7.9;313.8888889;205.5555556;208.3333333;3.6
9614700;0;2;43;141;0;2.9;11.1;7.5;66.5;87;5.5;5.3;5.4;4.4;7.9;313.8888889;205.5555556;208.3333333;3.6
9615600;0;3;43;143;0.4;3.2;11.5;7.8;64.7;184.1;5.8;5.7;5.8;4.7;8.3;308.3333333;305.5555556;333.3333333;3.5
9616500;0;3;43;144;0.6;3.6;11.9;7.8;63.2;184.1;6.1;5.9;6.1;5;8.3;308.3333333;305.5555556;333.3333333;3.5
9617400;0;3;43;147;1.1;4;12.2;8;61.2;182.2;6.6;6.5;6.6;5.6;8.3;308.3333333;305.5555556;333.3333333;3.5
9618300;1;4;43;149;1.6;4.7;12.3;8.3;60.2;180.1;7.2;7.1;7.2;6.1;8.3;308.3333333;305.5555556;333.3333333;3.5
9619200;1;5;43;151;2.3;5.1;12.4;8.7;58.9;290;7.7;7.7;7.7;6.6;9.1;283.3333333;327.7777778;558.3333333;3.6
9620100;1;5;43;149;2.4;5.2;12.7;8.8;57.7;306.9;7.8;7.8;7.9;6.7;9.1;283.3333333;327.7777778;558.3333333;3.6
9621000;3;6;37;152;3.7;6.5;13.2;8.7;54.9;306.9;9.3;9.2;9.3;7.8;9.1;283.3333333;327.7777778;558.3333333;3.6
9621900;4;7;38;153;4.6;8;13.2;8.5;53.9;306.9;10.8;10.8;11;9.3;9.1;283.3333333;327.7777778;558.3333333;3.6
9622800;5;9;43;181;5.4;9.2;13.4;9;53.4;407.7;11.7;11.8;11.7;10.4;10.5;-2775;300;738.8888889;3.9
9623700;5;9;43;179;5.8;9.7;13.4;9.1;52.9;423.2;12;12;12.1;10.7;10.5;-2775;300;738.8888889;3.9
9624600;5;10;37;260;6.2;11;13.6;9;51.2;426.5;13.6;13.6;13.5;12.2;10.5;-2775;300;738.8888889;3.9
9625500;6;11;37;186;7.6;11.7;13.4;8.9;49.4;430.2;14.4;14.6;14.5;12.9;10.5;-2775;300;738.8888889;3.9
9626400;8;12;43;206;8.5;12.6;13.8;9.6;45.7;535.2;15.2;15.4;15.3;13.9;11.2;269.4444444;211.1111111;811.1111111;3.8
9627300;7;13;39;303;6.9;13.3;13.6;9.7;43;551.3;15.6;15.8;15.7;14.6;11.2;269.4444444;211.1111111;811.1111111;3.8
9628200;7;12;39;206;8;12.4;13.5;9.8;41;527.6;14.8;14.9;14.9;13.4;11.2;269.4444444;211.1111111;811.1111111;3.8
9629100;8;13;43;215;9;13.3;13.9;9.9;37.5;500.6;15.8;15.9;15.9;14.8;11.2;269.4444444;211.1111111;811.1111111;3.8
9630000;10;13;40;166;10.6;14.1;13.9;10.5;34.3;571.6;16.5;16.6;16.6;15.4;12.2;266.6666667;138.8888889;866.6666667;3.7
9630900;12;15;34;122;12.8;15.3;13.8;10.6;32;582.5;18;18.2;18.2;17;12.2;266.6666667;138.8888889;866.6666667;3.7
9631800;12;17;40;188;13.6;17.3;13.9;10.9;32.4;582.5;19.7;19.8;20;19.1;12.2;266.6666667;138.8888889;866.6666667;3.7
9632700;9;17;38;358;9.8;17.7;14.2;11.3;30.9;582.5;19.4;19.7;19.6;18.9;12.2;266.6666667;138.8888889;866.6666667;3.7
9633600;8;15;43;337;8.8;15.8;14.4;11.8;31.3;583.5;17.5;17.7;17.2;16.6;12.8;269.4444444;127.7777778;791.6666667;3.6
9634500;10;14;42;228;10.6;15.6;14.8;11.9;33;583.6;17.6;17.8;17.7;16.7;12.8;269.4444444;127.7777778;791.6666667;3.6
9635400;8;15;38;340;8.5;15.9;15.1;11.9;32.8;583.6;18;18.2;18;17;12.8;269.4444444;127.7777778;791.6666667;3.6
9636300;8;14;35;250;8.7;15;15.3;11.9;32.4;583.6;17.1;17.2;16.9;15.8;12.8;269.4444444;127.7777778;791.6666667;3.6
9637200;9;14;43;231;10.4;15.1;15.5;12.2;31.9;618.4;17.2;17.5;17.3;16;13.2;266.6666667;116.6666667;694.4444444;3.6
9638100;11;15;40;158;12.2;15.7;15.5;12.3;31.1;623.8;18.3;18.5;18.4;16.9;13.2;266.6666667;116.6666667;694.4444444;3.6
9639000;9;16;31;312;9.6;17;15.8;12.5;28.3;623.8;19.1;19.4;19.1;18;13.2;266.6666667;116.6666667;694.4444444;3.6
9639900;10;15;43;244;10.9;15.9;15.9;12.7;25.4;623.8;17.9;18.3;18.1;16.5;13.2;266.6666667;116.6666667;694.4444444;3.6
9640800;8;15;42;358;8;15.5;15.9;12.9;24.1;567.6;17.4;17.7;17.6;16.1;13.7;266.6666667;108.3333333;550;3.1
9641700;8;13;34;234;8.8;14.6;16.1;12.9;24.4;558.9;16.7;16.9;16.6;15.1;13.7;266.6666667;108.3333333;550;3.1
9642600;9;14;40;193;10.1;14.6;16;13;23.7;558.9;16.6;16.9;16.8;15.3;13.7;266.6666667;108.3333333;550;3.1
9643500;6;13;43;333;7;14.3;16;13.1;22.8;558.9;16.1;16.3;16.1;14.9;13.7;266.6666667;108.3333333;550;3.1
9644400;7;12;43;243;8.1;13.1;16.1;13;22.8;475.9;15;15.1;15;13.6;13.7;-2775;130.5555556;363.8888889;3.1
9645300;7;11;43;226;7.8;12.6;16;13;23.5;463.1;14.4;14.5;14.5;13.2;13.7;-2775;130.5555556;363.8888889;3.1
9646200;7;11;35;183;8.1;12.4;16.5;13.1;23.2;463.1;14.5;14.8;14.6;13.3;13.7;-2775;130.5555556;363.8888889;3.1
9647100;7;11;42;182;8.2;12.2;16.5;13.2;24.1;463.1;14;14.1;14;12.8;13.7;-2775;130.5555556;363.8888889;3.1
9648000;8;11;39;120;8.8;11.6;16;13.3;24.6;369.9;13.9;14;14;12.8;13.6;266.6666667;63.88888889;202.7777778;2.8
9648900;9;11;40;81;9.8;11.7;16;13.3;26;355.6;14.1;14.2;14.3;13;13.6;266.6666667;63.88888889;202.7777778;2.8
9649800;7;11;43;195;7.9;11.8;15.9;13.6;26.4;355.6;13.6;13.6;13.7;12.8;13.6;266.6666667;63.88888889;202.7777778;2.8
9650700;7;10;39;118;7.8;10.7;16.3;13.9;25.9;355.6;12.6;12.6;12.7;11.6;13.6;266.6666667;63.88888889;202.7777778;2.8
9651600;7;9;35;154;6.2;10.5;17.1;13.3;24.3;232;12.3;12.3;12.2;11.5;12.7;261.1111111;22.22222222;58.33333333;1.6
9652500;4;8;43;170;5.1;8.7;16.4;13.2;24;213;10.4;10.3;10.3;9.5;12.7;261.1111111;22.22222222;58.33333333;1.6
9653400;4;7;39;126;5.4;7.5;14.7;13.2;24.9;213;9.4;9.3;9.4;8.6;12.7;261.1111111;22.22222222;58.33333333;1.6
9654300;4;6;39;93;4.8;7.1;13.9;13.2;24.4;213;9.1;8.9;9;8.2;12.7;261.1111111;22.22222222;58.33333333;1.6
9655200;2;5;43;152;2.8;6;13.4;12.2;25.2;91.4;7.8;7.6;7.7;7.1;11.2;261.1111111;0;0;0.7
9656100;1;4;37;114;2.2;4.6;12.9;12.1;26.3;72.7;6.5;6.3;6.5;5.8;11.2;261.1111111;0;0;0.7
9657000;1;4;37;76;2.8;4.5;12.6;12.3;29;72.5;6.6;6.3;6.6;5.7;11.2;261.1111111;0;0;0.7
9657900;1;3;43;84;2.6;4.3;12.2;12.6;30.6;72.2;6.6;6.3;6.5;5.7;11.2;261.1111111;0;0;0.7
9658800;0;3;43;141;0.9;3.8;12;11.6;31.4;18.6;5.6;5.4;5.5;5;9.8;258.3333333;0;0;1.6
9659700;0;2;43;134;-0.1;2.7;11.7;11.4;33;5.2;4.6;4.4;4.5;3.9;9.8;258.3333333;0;0;1.6
9660600;0;1;39;85;0;2.1;11.4;11.5;34.3;5.2;4.2;4;4;3.3;9.8;258.3333333;0;0;1.6
9661500;0;1;41;56;0.8;2.1;11.3;11.7;33.2;5.2;4.8;4.5;4.5;3.6;9.8;258.3333333;0;0;1.6
9662400;1;2;39;48;1.7;2.6;11;10.7;33.4;1;5.3;4.9;5;4.2;8.2;255.5555556;0;0;0.9
9663300;2;2;0;0;2.8;2.8;10.5;10.5;35.5;0;5.8;5.8;5.8;4.5;8.2;255.5555556;0;0;0.9
9664200;2;3;24;31;2.9;3.6;9.9;10.4;37.7;0;6.3;6;6.1;5.3;8.2;255.5555556;0;0;0.9
9665100;1;3;41;107;1.1;3.6;9.2;10.2;40.8;0;5.3;5;5.1;4.7;8.2;255.5555556;0;0;0.9
9666000;-1;0;43;126;-1.3;1.3;8.8;9.2;41.8;0;3;2.7;2.9;2.5;7.9;255.5555556;0;0;1.5
9666900;-3;0;43;116;-2.9;-0.5;8.5;9;44.4;0;1.4;1.1;1.3;0.7;7.9;255.5555556;0;0;1.5
9667800;-4;-1;43;109;-4;-1.7;8;9;46.2;0;0.2;-0.2;0;-0.6;7.9;255.5555556;0;0;1.5
9668700;-5;-2.5;41.5;100;-4.7;-2.55;7.75;6.25;47.5;0;-0.6;-1.05;-0.75;-1.35;7.9;255.5555556;0;0;1.5
9669600;-6;-4;40;91;-5.4;-3.4;7.5;3.5;48.8;0;-1.4;-1.9;-1.5;-2.1;7.4;255.5555556;0;0;1.5
9670500;-4;-4;0;0;-3.8;-3.4;7.2;2.1;50.6;0;-0.8;-1.6;-1.1;-2;7.4;255.5555556;0;0;1.5
9671400;-4;-2;28;67;-3.7;-2.6;7;2.1;51.5;0;0.2;-0.7;0;-0.7;7.4;255.5555556;0;0;1.5
9672300;-5;-3;43;107;-4.9;-2.6;6.8;2.1;53.2;0;-0.5;-1.3;-0.6;-1.3;7.4;255.5555556;0;0;1.5
9673200;-6;-3;43;102;-5.5;-3.3;6.7;1.9;53.5;0;-1.2;-1.9;-1.3;-2.1;6.6;252.7777778;0;0;1.7
9674100;-6;-4;43;101;-5.8;-3.8;6.6;1.8;53.8;0;-1.6;-2.1;-1.7;-2.6;6.6;252.7777778;0;0;1.7
9675000;-6;-4;43;98;-6.3;-4.2;6.5;1.8;54.1;0;-2.1;-2.6;-2.3;-3;6.6;252.7777778;0;0;1.7
9675900;-7;-5;43;96;-6.8;-4.8;6.3;1.8;55.4;0;-2.9;-3.2;-2.9;-3.7;6.6;252.7777778;0;0;1.7
9676800;-7;-5;44;94;-7.3;-5.4;6.1;1.7;56.7;0;-3.5;-3.7;-3.4;-4.2;5;250;0;0;1.4
9677700;-8;-6;44;88;-7.8;-5.9;5.8;1.6;58.4;0;-3.9;-4.1;-3.8;-4.6;5;250;0;0;1.4
9678600;-8;-6;45;88;-8.1;-6.2;5.6;1.6;60.1;0;-4.3;-4.4;-4.3;-5;5;250;0;0;1.4
9679500;-8;-7;45;88;-8.3;-6.6;5.4;1.6;60.8;0;-4.7;-4.8;-4.6;-5.4;5;250;0;0;1.4
9680400;-8;-7;39;73;-8;-6.9;5.3;4.7;60.6;0;-4.8;-5;-4.8;-5.6;4.1;247.2222222;0;0;0.8
9681300;-3;-1;0;0;-3.1;-2.1;5.1;5.8;61.8;0;-4.4;-4.6;-4.4;-5.3;4.1;247.2222222;0;0;0.8
9682200;-3;1;3;3;-3.4;1.4;4.9;5.9;62.6;0;-3.8;-4;-3.6;-4.7;4.1;247.2222222;0;0;0.8
9683100;-7;-5;42;91;-6.5;-4.5;4.8;6.1;62.9;0;-2.8;-3.1;-2.8;-3.6;4.1;247.2222222;0;0;0.8
9684000;-8;-6;45;91;-7.7;-5.8;4.7;5.6;64.3;0;-3.9;-4.2;-3.9;-4.7;3.4;247.2222222;0;0;0.7
9684900;-8;-6;45;85;-8.2;-6.4;4.6;5.4;64.1;0;-4.3;-4.8;-4.4;-5.2;3.4;247.2222222;0;0;0.7
9685800;-7;-6;23;46;-6.4;-6.7;4.5;5.1;65.2;0;-4.7;-5;-4.7;-5.6;3.4;247.2222222;0;0;0.7
9686700;-4;0;0;0;-4;-0.9;4.3;4.4;66.3;0;-4.2;-4.5;-4.2;-5.2;3.4;247.2222222;0;0;0.7
9687600;-4;-1;7;19;-4.6;-0.7;4.2;4;67.3;0;-3.5;-3.8;-3.4;-4.5;2.7;244.4444444;0;0;0.9
9688500;-7;-5;43;89;-7.2;-5.2;4;3.9;68.8;0;-3.4;-3.6;-3.4;-4.3;2.7;244.4444444;0;0;0.9
9689400;-8;-6;45;84;-8;-6.2;3.9;3.8;69.1;0;-4.2;-4.6;-4.3;-5;2.7;244.4444444;0;0;0.9
9690300;-8;-7;37;67;-7.8;-6.8;3.8;3.6;69.9;0;-4.7;-5;-4.7;-5.4;2.7;244.4444444;0;0;0.9
9691200;-4;-2;0;0;-4.2;-2.7;3.7;3.5;70.5;0;-4.4;-4.6;-4.3;-5.2;2.7;241.6666667;27.77777778;47.22222222;1.6
9692100;-4;0;2;8;-4.3;-0.5;3.6;3.5;71.2;0;-3.7;-4;-3.6;-4.6;2.7;241.6666667;27.77777778;47.22222222;1.6
9693000;-7;-5;36;90;-6.8;-4.9;3.6;3.4;71;0;-3.2;-3.3;-3;-3.7;2.7;241.6666667;27.77777778;47.22222222;1.6
9693900;-8;-6;45;89;-7.7;-5.8;3.9;3.2;71.3;0;-3.9;-4.2;-3.9;-4.5;2.7;241.6666667;27.77777778;47.22222222;1.6
9694800;-8;-6;45;91;-7.9;-6.1;4.3;3.3;70.4;13.3;-4.1;-4.6;-4;-4.9;4.5;244.4444444;55.55555556;202.7777778;2.2
9695700;-8;-6;44;90;-7.9;-6.1;5;3.4;68.7;19.9;-3.6;-4.3;-3.5;-4.6;4.5;244.4444444;55.55555556;202.7777778;2.2
9696600;-7;-5;43;97;-7.3;-5.4;6;3.2;64.4;19.9;-2.7;-3.4;-2.6;-3.7;4.5;244.4444444;55.55555556;202.7777778;2.2
9697500;-6;-4;42;99;-6.7;-4.6;6.7;2.8;61.3;19.9;-1.9;-2.6;-1.8;-3;4.5;244.4444444;55.55555556;202.7777778;2.2
9698400;-6;-3;42;102;-5.9;-3.8;6.9;3.4;59.5;99.6;-1;-1.7;-1;-2.2;6.5;247.2222222;72.22222222;383.3333333;2.1
9699300;-5;-2;42;110;-5;-2.7;7.2;3.7;58.2;139.5;0.1;-0.5;0.1;-1.2;6.5;247.2222222;72.22222222;383.3333333;2.1
9700200;-4;-2;43;115;-3.9;-1.6;7.7;3.7;56.9;141.8;1.2;0.9;1.3;-0.2;6.5;247.2222222;72.22222222;383.3333333;2.1
9701100;-3;0;43;122;-2.8;-0.3;8.2;3.7;54.9;148.3;2.5;2.2;2.5;1;6.5;247.2222222;72.22222222;383.3333333;2.1
9702000;-2;0;43;129;-1.7;0.9;8.8;4.7;52.7;260.9;3.7;3.6;3.7;2.2;9.1;255.5555556;83.33333333;552.7777778;1.9
9702900;-1;2;43;137;-0.5;2.3;9.6;5.2;50.4;317.2;5.1;5;5.1;3.5;9.1;255.5555556;83.33333333;552.7777778;1.9
9703800;0;3;43;146;0.9;3.8;10.3;5.7;48.1;317.2;6.7;6.6;6.7;5.1;9.1;255.5555556;83.33333333;552.7777778;1.9
9704700;2;5;43;154;2.4;5.5;10.8;5.9;45.8;317.2;8.3;8.3;8.3;6.7;9.1;255.5555556;83.33333333;552.7777778;1.9
9705600;3;6;43;163;3.8;7.1;11.5;6.9;44.4;425.8;9.9;10;9.9;8.3;10.2;261.1111111;91.66666667;697.2222222;2.1
9706500;6;8;35;108;6.8;8.8;12.3;7.4;42.8;480.1;11.9;12;11.9;10.1;10.2;261.1111111;91.66666667;697.2222222;2.1
9707400;9;11;33;85;9.7;11.8;12.6;7.9;41.7;480.1;14.9;15.1;15;13;10.2;261.1111111;91.66666667;697.2222222;2.1
9708300;11;14;33;93;11.9;14.3;13.1;8.1;39.4;480.1;17.2;17.4;17.2;15.4;10.2;261.1111111;91.66666667;697.2222222;2.1
9709200;13;15;33;97;13.6;16.1;13.2;9.1;38.6;576.4;18.9;19.2;19;17.2;12.1;261.1111111;91.66666667;802.7777778;2.1
9710100;14;17;33;100;14.9;17.5;13.2;9.6;38.1;624.6;20.1;20.5;20.3;18.6;12.1;261.1111111;91.66666667;802.7777778;2.1
9711000;15;18;33;105;16.1;18.7;13.6;9.6;37.7;624.6;21.4;21.7;21.6;20;12.1;261.1111111;91.66666667;802.7777778;2.1
9711900;16;19;33;107;17;19.8;13.8;9.6;37.5;624.6;22.3;22.6;22.5;21.1;12.1;261.1111111;91.66666667;802.7777778;2.1
9712800;17;20;33;111;18;20.8;14.3;10.5;36.5;670.2;23.4;23.7;23.5;22.3;13.1;263.8888889;88.88888889;858.3333333;2.1
9713700;18;21;33;111;18.7;21.4;14.1;11;34.6;693;23.9;24.2;24.1;22.9;13.1;263.8888889;88.88888889;858.3333333;2.1
9714600;18;21;33;117;19.2;22.2;14.4;11.4;34;700.3;24.6;24.8;24.8;23.7;13.1;263.8888889;88.88888889;858.3333333;2.1
9715500;19;22;33;117;19.6;22.6;14.7;11.7;33.5;705.2;25;25.2;25.2;24.1;13.1;263.8888889;88.88888889;858.3333333;2.1
9716400;19;23;33;119;20;23.2;14.9;12.9;33.6;783.1;25.6;25.8;25.6;24.8;13.8;266.6666667;86.11111111;863.8888889;2.2
9717300;20;23;33;112;20.6;23.4;15;12.9;33.4;783.1;25.7;26.3;25.9;24.9;13.8;266.6666667;86.11111111;863.8888889;2.2
9718200;21;23;33;84;21.9;24;15.2;13.2;32.3;783.1;26.3;26.8;26.6;25.7;13.8;266.6666667;86.11111111;863.8888889;2.2
9719100;22;24;29;80;22.6;25.1;15.4;13.4;30.2;783.1;27.3;27.9;27.4;26.9;13.8;266.6666667;86.11111111;863.8888889;2.2
9720000;23;25;24;58;23.5;25.7;15.4;14.1;27.6;787.2;28;28.7;28.2;27.6;14.8;272.2222222;86.11111111;808.3333333;1.8
9720900;21;26;19;116;22.1;26.8;15.6;14.1;25.8;787.2;29.1;30;29.2;28.8;14.8;272.2222222;86.11111111;808.3333333;1.8
9721800;21;26;22;127;22.1;27.2;16;14;28.7;787.2;28.7;29.3;28.8;28.3;14.8;272.2222222;86.11111111;808.3333333;1.8
9722700;21;25;25;123;22.1;26.5;16.4;13.9;28.8;787.2;28.3;28.7;28.5;27.4;14.8;272.2222222;86.11111111;808.3333333;1.8
9723600;21;25;25;123;22.1;26.4;16.8;14.5;28.1;759.6;28.3;28.8;28.5;27.4;15;272.2222222;80.55555556;705.5555556;2.1
9724500;21;25;25;119;22.1;26.4;16.8;14.5;27.3;757.6;28.4;29;28.5;27.5;15;272.2222222;80.55555556;705.5555556;2.1
9725400;21;25;25;117;22.1;26.4;16.8;14.5;27.1;757.6;28.2;29;28.3;27.2;15;272.2222222;80.55555556;705.5555556;2.1
9726300;21;25;24;114;22.1;26.4;17.2;14.5;26.1;757.6;28.4;29.2;28.4;27.1;15;272.2222222;80.55555556;705.5555556;2.1
9727200;22;25;26;104;22.7;26.5;17.4;14.9;24.9;671.8;28.4;29.3;28.4;27;15.2;-2775;77.77777778;566.6666667;2.1
9728100;18;24;30;260;18.5;25.5;17.6;15;24;650.4;27.1;27.5;27.2;25.6;15.2;-2775;77.77777778;566.6666667;2.1
9729000;9;21;36;473;10.2;21.5;17.7;15.2;22.9;650.4;22.5;22.8;22;21.5;15.2;-2775;77.77777778;566.6666667;2.1
9729900;9;17;38;367;10.1;17.9;17.7;15.4;24.4;650.4;19.7;19.9;19.5;18.3;15.2;-2775;77.77777778;566.6666667;2.1
9730800;7;14;43;324;8.1;15;17.7;15.5;25.5;552.1;16.7;16.8;16.4;15.2;15.3;-2775;66.66666667;400;1.6
9731700;8;13;37;227;9;14;17.9;15.5;24;527.5;16.1;16.3;16;14.6;15.3;-2775;66.66666667;400;1.6
9732600;7;13;39;291;8;13.9;17.8;15.4;23.4;527.5;15.9;16;15.8;14.6;15.3;-2775;66.66666667;400;1.6
9733500;6;11;43;246;7;12.3;17.9;15.2;23.9;527.5;14.3;14.3;14;12.8;15.3;-2775;66.66666667;400;1.6
9734400;6;10;43;230;6.8;11.6;17.8;15.1;23.5;415.3;13.6;13.6;13.4;12.3;15.6;-2775;50;219.4444444;1
9735300;5;10;43;215;6.7;11.1;17.8;15.1;23.7;387.2;13;13;12.9;11.8;15.6;-2775;50;219.4444444;1
9736200;5;9;43;195;6.3;10.5;17.9;15.1;25.4;387.2;12.4;12.4;12.4;11.2;15.6;-2775;50;219.4444444;1
9737100;5;9;43;178;6.3;9.9;18.6;15.2;24.6;387.2;11.8;11.9;11.8;10.7;15.6;-2775;50;219.4444444;1
9738000;6;8;39;138;6.4;9.4;20;14.8;23.2;250.9;11.5;11.5;11.5;10.5;14.8;272.2222222;22.22222222;61.11111111;1.5
9738900;6;9;39;109;6.9;9.4;18.4;14.7;24.7;216.8;11.6;11.6;11.6;10.6;14.8;272.2222222;22.22222222;61.11111111;1.5
9739800;6;8;39;103;6.9;9.4;16.7;14.8;27.8;216.8;11.4;11.3;11.4;10.4;14.8;272.2222222;22.22222222;61.11111111;1.5
9740700;6;8;39;95;6.8;9;15.9;14.9;29.6;216.8;10.8;10.7;10.8;10;14.8;272.2222222;22.22222222;61.11111111;1.5
9741600;4;7;42;134;4.8;7.9;15.2;13.9;32.1;104.8;9.7;9.5;9.7;9;12.8;269.4444444;0;0;1.5
9742500;4;6;43;88;4.8;6.7;14.4;13.7;34.9;76.8;8.6;8.3;8.5;7.7;12.8;269.4444444;0;0;1.5
9743400;3;5;43;72;4.6;6;13.4;14;38.4;76.9;7.9;7.6;7.8;7.1;12.8;269.4444444;0;0;1.5
9744300;3;4;43;59;4.2;5.4;12.7;14.4;40.8;77.1;7.3;7.1;7.2;6.7;12.8;269.4444444;0;0;1.5
9745200;3;4;21;25;4.1;5;12.1;13.3;42.9;20.5;7.1;6.9;7.1;6.5;11.6;269.4444444;0;0;1.2
9746100;3;4;0;0;4.1;4.9;11.6;13;44;6.4;7.4;7.2;7.4;6.7;11.6;269.4444444;0;0;1.2
9747000;3;5;38;79;3.8;5.6;11.3;13.2;44.8;6.4;7.6;7.3;7.4;7.1;11.6;269.4444444;0;0;1.2
9747900;1;3;39;80;2.7;4.4;10.8;13.5;46;6.4;6.2;6;6.1;5.8;11.6;269.4444444;0;0;1.2
9748800;1;2;36;51;2.4;3.5;10.5;12.4;45.1;1.3;5.3;5.1;5.3;4.8;11.3;266.6666667;0;0;1
9749700;2;2;9;5;2.5;3.4;10.4;12.1;44.9;0;5.3;5.2;5.4;4.5;11.3;266.6666667;0;0;1
9750600;2;3;12;22;2.9;3.9;10.1;11.9;46;0;5.9;5.5;5.9;5.1;11.3;266.6666667;0;0;1
9751500;2;3;9;12;3;4;9.8;11.6;48.1;0;6.1;5.4;5.9;5.4;11.3;266.6666667;0;0;1
9752400;2;4;12;21;3.3;4.4;9.6;10.5;49.9;0;6.6;5.7;6.3;5.8;10;266.6666667;0;0;0.7
9753300;2;3;9;15;3.4;4.4;9.4;10.2;50.8;0;6.4;5.7;6.3;5.7;10;266.6666667;0;0;0.7
9754200;3;3;12;20;3.3;4.4;9.2;10.3;51.8;0;6.7;5.8;6.5;5.9;10;266.6666667;0;0;0.7
9755100;2;3;26;66;2.35;4;9;7.05;52.8;0;6.15;5.35;6;5.45;10;266.6666667;0;0;0.7
9756000;1;3;40;112;1.4;3.6;8.8;3.8;53.8;0;5.6;4.9;5.5;5;9.1;263.8888889;0;0;0.7
9756900;-1;0;43;126;-1.1;1.6;8.6;2.1;54.7;0;3.4;2.8;3.2;2.8;9.1;263.8888889;0;0;0.7
9757800;-3;0;43;117;-2.6;-0.1;8.3;2.1;55.9;0;1.8;1.2;1.6;1;9.1;263.8888889;0;0;0.7
9758700;-4;-1;43;110;-3.7;-1.3;8.2;2.1;56.5;0;0.6;0.1;0.4;-0.2;9.1;263.8888889;0;0;0.7
9759600;-5;-2;43;107;-4.5;-2.3;8.1;1.9;57.1;0;-0.3;-0.8;-0.5;-1.1;7.3;258.3333333;0;0;0.7
9760500;-5;-3;43;104;-5.2;-3;7.9;1.8;57.9;0;-1;-1.5;-1.1;-1.8;7.3;258.3333333;0;0;0.7
9761400;-6;-4;43;101;-5.8;-3.7;7.7;1.8;58.1;0;-1.8;-2.1;-1.8;-2.5;7.3;258.3333333;0;0;0.7
9762300;-7;-4;43;98;-6.4;-4.3;7.6;1.8;59.7;0;-2.4;-2.6;-2.4;-3.1;7.3;258.3333333;0;0;0.7
9763200;-7;-5;42;96;-6.8;-4.8;7.3;1.7;60.3;0;-2.9;-3;-2.8;-3.6;6.5;255.5555556;0;0;0.6
9764100;-7;-5;42;93;-7.2;-5.2;7.1;1.6;61.6;0;-3.2;-3.4;-3.2;-4.1;6.5;255.5555556;0;0;0.6
9765000;-8;-6;43;93;-7.5;-5.6;6.9;1.6;62.8;0;-3.6;-3.7;-3.6;-4.4;6.5;255.5555556;0;0;0.6
9765900;-8;-6;43;91;-7.7;-5.8;6.7;1.6;63.2;0;-3.8;-4;-3.8;-4.6;6.5;255.5555556;0;0;0.6
9766800;-8;-6;44;89;-7.8;-6.1;6.5;5.8;64;0;-4;-4.2;-4;-4.8;6;255.5555556;0;0;0.9
9767700;-8;-6;45;87;-8.2;-6.1;6.3;7.3;64.3;0;-4.2;-4.4;-4.2;-5;6;255.5555556;0;0;0.9
9768600;-8;-7;45;83;-8.2;-6.6;6.1;7.1;64.8;0;-4.4;-4.6;-4.4;-5.3;6;255.5555556;0;0;0.9
9769500;-8;-7;45;89;-8.2;-6.6;6;6.7;65.3;0;-4.4;-4.8;-4.5;-5.2;6;255.5555556;0;0;0.9
9770400;-8;-7;45;85;-8.2;-6.6;5.9;6.2;66.2;0;-4.3;-4.9;-4.6;-5.2;4.8;252.7777778;0;0;1.1
9771300;-9;-7;45;86;-8.6;-6.6;5.8;6;66.9;0;-4.6;-5;-4.7;-5.5;4.8;252.7777778;0;0;1.1
9772200;-4;-5;10;16;-4.3;-5.8;5.7;5.9;67.7;0;-4.5;-4.8;-4.6;-5.6;4.8;252.7777778;0;0;1.1
9773100;-3;0;0;0;-3.2;-0.5;5.5;5.8;68.4;0;-3.9;-4.2;-3.9;-5;4.8;252.7777778;0;0;1.1
9774000;-6;-4;32;72;-5.9;-3.6;5.4;5.5;69.1;0;-2.5;-2.8;-2.5;-3.5;3.8;250;0;2.777777778;1.1
9774900;-7;-5;43;90;-7.2;-5.3;5.2;5.4;69.6;0;-3.5;-3.7;-3.5;-4.1;3.8;250;0;2.777777778;1.1
9775800;-8;-6;45;88;-7.9;-6.1;5.1;5.5;70;0;-4.2;-4.4;-4.2;-5;3.8;250;0;2.777777778;1.1
9776700;-8;-7;45;86;-8.4;-6.7;5;5.7;70.5;0;-4.6;-4.8;-4.6;-5.4;3.8;250;0;2.777777778;1.1
9777600;-7;-7;34;62;-7.2;-6.8;4.9;5.6;71.5;0;-4.8;-5;-4.8;-5.4;3.2;247.2222222;30.55555556;47.22222222;1.4
9778500;-4;-1;0;0;-4;-1.9;4.8;5.5;71.9;0;-4.4;-4.4;-4.3;-5.1;3.2;247.2222222;30.55555556;47.22222222;1.4
9779400;-5;-2;15;32;-5.1;-1.8;4.8;5;72.8;0;-3.2;-3.4;-3;-3.9;3.2;247.2222222;30.55555556;47.22222222;1.4
9780300;-7;-5;43;92;-6.8;-4.9;4.9;4.7;72.8;0;-3;-3.3;-2.9;-3.5;3.2;247.2222222;30.55555556;47.22222222;1.4
9781200;-7;-5;43;92;-7.4;-5.5;5.3;4.8;71.4;14.5;-3.5;-3.8;-3.4;-4.1;4.7;250;66.66666667;197.2222222;1.6
9782100;-8;-6;43;90;-7.6;-5.7;5.7;4.8;70.2;21.7;-3.4;-4;-3.5;-4.3;4.7;250;66.66666667;197.2222222;1.6
9783000;-7;-5;43;92;-7.5;-5.6;6.4;4.2;69.2;21.7;-3;-3.6;-2.9;-3.9;4.7;250;66.66666667;197.2222222;1.6
9783900;-7;-5;42;96;-6.9;-5;7.2;3.9;65.3;21.7;-2.3;-3;-2.3;-3.3;4.7;250;66.66666667;197.2222222;1.6
9784800;-6;-4;43;100;-6.2;-4.3;7.8;4.4;62.7;105.5;-1.5;-2.1;-1.4;-2.6;7.6;255.5555556;83.33333333;391.6666667;1.6
9785700;-5;-3;43;107;-5.2;-3;8.6;4.7;59.2;147.4;-0.2;-0.7;-0.1;-1.5;7.6;255.5555556;83.33333333;391.6666667;1.6
9786600;-4;-2;43;114;-4;-1.6;9.2;4.4;57.1;155.6;1.2;0.8;1.3;-0.3;7.6;255.5555556;83.33333333;391.6666667;1.6
9787500;-3;0;43;121;-2.6;-0.2;10;4.3;54.1;159.7;2.6;2.4;2.7;1.1;7.6;255.5555556;83.33333333;391.6666667;1.6
9788400;-2;0;43;129;-1.5;1.2;10.7;5.6;51.5;274.2;4;3.8;4.1;2.4;10.8;263.8888889;94.44444444;550;2.3
9789300;0;2;43;138;-0.1;2.7;11.4;6.2;49.5;331.4;5.6;5.5;5.6;3.9;10.8;263.8888889;94.44444444;550;2.3
9790200;1;4;43;146;1.5;4.5;12.1;6.3;47.8;331.4;7.3;7.2;7.3;5.7;10.8;263.8888889;94.44444444;550;2.3
9791100;3;6;40;181;2.8;6.5;12.9;6.4;45.9;331.4;9.4;9.3;9.3;7.7;10.8;263.8888889;94.44444444;550;2.3
9792000;5;8;32;91;6;8.4;13.6;8.4;43.6;490.7;11.5;11.5;11.6;9.5;13.4;269.4444444;108.3333333;691.6666667;2.4
9792900;8;11;33;86;9.2;11.3;14.4;8.4;41.3;490.7;14.5;14.6;14.5;12.5;13.4;269.4444444;108.3333333;691.6666667;2.4
9793800;11;13;33;93;11.6;14;14.9;9.1;38.7;490.7;17.1;17.2;17.1;15.1;13.4;269.4444444;108.3333333;691.6666667;2.4
9794700;13;16;33;100;13.8;16.3;15.2;9.5;37.5;490.7;19.3;19.5;19.4;17.4;13.4;269.4444444;108.3333333;691.6666667;2.4
9795600;15;18;33;105;15.6;18.2;15.7;11.3;34.8;627;21;21.3;21.2;19.3;14.6;-2775;119.4444444;805.5555556;2.2
9796500;16;19;33;110;17.1;19.9;16.1;11.3;33.2;627;22.6;22.9;22.8;21;14.6;-2775;119.4444444;805.5555556;2.2
9797400;18;21;33;115;18.5;21.5;16.6;11.9;32.1;630.6;24.1;24.4;24.3;22.7;14.6;-2775;119.4444444;805.5555556;2.2
9798300;19;22;33;118;19.6;22.7;17;12.5;30.3;634.8;25.3;25.6;25.3;24.1;14.6;-2775;119.4444444;805.5555556;2.2
9799200;20;23;33;121;20.5;23.7;17.3;13.8;31.1;711.2;26.1;26.5;26.4;25.2;16.5;280.5555556;166.6666667;838.8888889;2.8
9800100;20;24;32;121;21.2;24.5;17.8;14;29.9;722.9;26.8;27.2;27.1;25.9;16.5;280.5555556;166.6666667;838.8888889;2.8
9801000;21;24;30;119;21.5;25;17.9;14.5;28.8;730.5;27.3;27.8;27.4;26.4;16.5;280.5555556;166.6666667;838.8888889;2.8
9801900;21;25;27;118;21.9;25.7;18.1;15;28.4;739.1;28.2;28.6;28.3;27.3;16.5;280.5555556;166.6666667;838.8888889;2.8
9802800;22;26;22;104;22.4;26.7;18.2;16.2;27.5;747.6;28.7;29.3;28.8;28;16.5;283.3333333;183.3333333;816.6666667;3.1
9803700;22;26;18;85;22.8;27;18.3;16.4;26.9;748.9;29.4;30;29.5;28.8;16.5;283.3333333;183.3333333;816.6666667;3.1
9804600;22;27;13;79;23;28;18.6;16.3;25.8;748.9;30.8;31.1;30.9;30.1;16.5;283.3333333;183.3333333;816.6666667;3.1
9805500;22;28;6;78;22.8;28.8;18.6;16.2;24.3;748.9;31.3;31.9;31.2;30.7;16.5;283.3333333;183.3333333;816.6666667;3.1
9806400;21;29;11;80;22.8;29.3;18.8;16.8;24.6;773.2;32;32.5;32;31.8;17.7;288.8888889;202.7777778;766.6666667;3.5
9807300;22;29;9;71;23.2;29.9;18.8;16.9;24.3;776.9;32.6;32.9;32.9;32.5;17.7;288.8888889;202.7777778;766.6666667;3.5
9808200;22;30;8;71;23.2;30.6;19.1;17.1;23.5;776.9;32.9;33.5;33.5;33;17.7;288.8888889;202.7777778;766.6666667;3.5
9809100;22;30;7;72;23.2;30.8;19.5;17.4;23.4;776.9;33.1;33.8;33.5;33;17.7;288.8888889;202.7777778;766.6666667;3.5
9810000;22;30;8;71;23.2;31.1;20;17.7;21.6;741.1;33.2;34.2;33.5;33.1;17.9;294.4444444;227.7777778;669.4444444;3.1
9810900;22;30;8;72;23.2;31.3;20.2;17.8;20.6;735.6;32.9;33.9;33.1;32.4;17.9;294.4444444;227.7777778;669.4444444;3.1
9811800;22;30;7;71;23.2;31.1;20.5;17.5;20.9;735.6;32.7;33.5;33.3;31.9;17.9;294.4444444;227.7777778;669.4444444;3.1
9812700;22;30;8;72;23.2;30.8;20.4;17.1;20.8;735.6;32.3;33.7;33;31.8;17.9;294.4444444;227.7777778;669.4444444;3.1
9813600;12;28;32;646;12.5;28.7;20.5;17.3;21.4;636.7;28.9;30.1;29;28.4;18;288.8888889;127.7777778;522.2222222;2.5
9814500;9;19;43;451;10.4;20;20.4;17.3;22.2;621.5;21.3;21.7;20.7;19.4;18;288.8888889;127.7777778;522.2222222;2.5
9815400;7;15;43;365;8.7;16.3;20;17.3;22.8;621.5;18.1;18.2;17.8;16.6;18;288.8888889;127.7777778;522.2222222;2.5
9816300;8;14;34;240;9.1;15.1;19.8;17.3;22.8;621.5;17.3;17.5;17.4;15.9;18;288.8888889;127.7777778;522.2222222;2.5
9817200;12;16;39;136;13.3;16.2;20.1;17.2;22.6;517.2;18.8;19.1;18.9;17.2;17.6;286.1111111;83.33333333;400;3.8
9818100;8;16;38;394;8.9;17.2;20.1;17.2;21.3;501.1;19.3;19.5;19.2;18.1;17.6;286.1111111;83.33333333;400;3.8
9819000;7;14;43;310;8.3;14.8;20.1;17.4;20.9;501.1;16.7;16.8;16.5;15.2;17.6;286.1111111;83.33333333;400;3.8
9819900;7;13;43;283;7.8;13.7;20.1;17.8;20.5;501.1;15.7;15.7;15.4;14.3;17.6;286.1111111;83.33333333;400;3.8
9820800;6;12;43;263;7.5;13;20;17.4;21;381.5;15;15;14.9;13.7;17.5;286.1111111;58.33333333;219.4444444;3.4
9821700;6;11;43;244;7.5;12.5;19.8;17.3;21.3;363.1;14.5;14.4;14.3;13.2;17.5;286.1111111;58.33333333;219.4444444;3.4
9822600;6;11;43;227;7.2;11.9;19.6;17.5;21.8;363.1;13.9;13.9;13.8;12.7;17.5;286.1111111;58.33333333;219.4444444;3.4
9823500;6;10;43;208;7;11.4;20.4;17.7;21.4;363.1;13.4;13.2;13.2;12.2;17.5;286.1111111;58.33333333;219.4444444;3.4
9824400;7;10;35;125;7.8;11.1;21.6;17;20.2;231.4;13.3;13.1;13.1;12.1;16.7;286.1111111;27.77777778;58.33333333;3.6
9825300;8;10;37;109;8.8;11.3;20.2;16.8;22.5;198.5;13.6;13.4;13.6;12.4;16.7;286.1111111;27.77777778;58.33333333;3.6
9826200;6;10;43;228;5.8;10.5;18.5;16.8;24.7;198.5;12.4;12.3;12.3;11.4;16.7;286.1111111;27.77777778;58.33333333;3.6
9827100;5;8;43;143;6.2;9.2;17.8;16.9;26.2;198.5;11.2;10.8;11;10.1;16.7;286.1111111;27.77777778;58.33333333;3.6
9828000;5;7;43;119;5.9;8.3;17.3;15.8;27.7;96.7;10.3;9.9;10.1;9.2;14.4;286.1111111;0;0;3.1
9828900;4;7;43;101;5.6;7.6;16.5;15.5;31;71.3;9.6;9.2;9.5;8.6;14.4;286.1111111;0;0;3.1
9829800;5;6;30;58;5.5;7;15.5;15.8;34.4;71.6;9.2;8.8;9.1;8.3;14.4;286.1111111;0;0;3.1
9830700;4;5;43;89;4.7;6.5;14.7;16.2;36.5;72.1;8.5;8.2;8.4;7.8;14.4;286.1111111;0;0;3.1
9831600;4;5;43;81;4.8;6.3;14.8;14.9;37.3;23.5;8.5;8.3;8.6;8;13;280.5555556;0;0;2.7
9832500;4;6;43;84;4.8;6.3;14.9;14.4;38.2;5.8;8.7;8.4;8.7;8.2;13;280.5555556;0;0;2.7
9833400;4;6;43;84;4.8;6.3;14.7;14.6;38.7;5.8;8.7;8.4;8.7;8.1;13;280.5555556;0;0;2.7
9834300;4;6;37;77;4.7;6.3;14.4;15.1;39.2;5.8;8.7;8.5;8.8;8;13;280.5555556;0;0;2.7
9835200;3;5;39;88;4.5;6.3;14;13.8;40;1.5;8.3;8;8.3;7.5;11.9;-2775;0;0;2.7
9836100;3;5;39;92;4.2;5.8;13.6;13.3;40.1;0;7.9;7.5;7.9;7;11.9;-2775;0;0;2.7
9837000;3;5;3;7;4.4;5.9;13.3;13.1;39.9;0;7.7;7.5;7.9;6.6;11.9;-2775;0;0;2.7
9837900;4;7;20;67;4.2;7.4;12.9;12.8;40.8;0;8.4;8.2;8.7;7.5;11.9;-2775;0;0;2.7
9838800;4;5;9;14;4.8;5.9;12.6;11.6;42;0;8;7.8;8.2;7.1;10.7;272.2222222;0;0;2.5
9839700;4;5;16;50;4.6;6.1;12.3;11.2;43.2;0;8.6;8.3;8.7;7.6;10.7;272.2222222;0;0;2.5
9840600;4;5;12;28;4.6;6;12.1;11.2;43.8;0;7.9;7.7;8;7.2;10.7;272.2222222;0;0;2.5
9841500;3.5;5;24;52.5;4.5;5.95;11.8;7.85;45.25;0;7.85;7.6;7.9;7.1;10.7;272.2222222;0;0;2.5
9842400;3;5;36;77;4.4;5.9;11.5;4.5;46.7;0;7.8;7.5;7.8;7;9.4;269.4444444;0;0;2.7
9843300;3;4;20;39;3.8;5;11.2;2.1;48.3;0;6.8;6.6;6.8;6.1;9.4;269.4444444;0;0;2.7
9844200;3;4;2;1;4;4.8;10.8;2.1;50.9;0;6.9;6.8;7;6.2;9.4;269.4444444;0;0;2.7
9845100;2;4;37;79;3.2;5;10.3;2.1;52.8;0;6.9;6.5;6.8;6.2;9.4;269.4444444;0;0;2.7
9846000;0;2;43;135;0.5;3.4;10.1;1.9;54;0;5.1;4.8;5;4.6;8.3;269.4444444;0;0;2.9
9846900;-1;1;43;128;-1;1.7;10.1;1.8;54.5;0;3.5;3.1;3.3;2.8;8.3;269.4444444;0;0;2.9
9847800;-2;0;43;123;-2.1;0.5;10;1.8;55.4;0;2.5;2.1;2.3;1.6;8.3;269.4444444;0;0;2.9
9848700;-3;0;43;118;-2.8;-0.3;10;1.8;55.7;0;1.8;1.4;1.6;0.8;8.3;269.4444444;0;0;2.9
9849600;-3;0;43;116;-3.3;-0.8;9.8;1.7;56.5;0;1.2;0.9;1;0.3;7.2;269.4444444;0;0;3
9850500;-4;0;43;113;-3.6;-1.2;9.7;1.6;56.9;0;0.8;0.4;0.6;-0.1;7.2;269.4444444;0;0;3
9851400;-4;-2;43;112;-4;-1.7;9.6;1.6;57.3;0;0.6;0.2;0.5;-0.3;7.2;269.4444444;0;0;3
9852300;-4;-2;43;112;-4;-1.7;9.4;1.6;57.4;0;0.6;0.2;0.5;-0.2;7.2;269.4444444;0;0;3
9853200;-4;-2;43;113;-4;-1.7;9.4;5.9;57.5;0;0.6;0.3;0.5;-0.2;6.1;263.8888889;0;0;2
9854100;-4;-2;43;110;-4;-1.7;9.3;7.5;58;0;0.6;0.3;0.5;-0.3;6.1;263.8888889;0;0;2
9855000;-3;-2;23;59;-3;-1.7;9.1;7.5;58.8;0;0.6;0.3;0.6;-0.3;6.1;263.8888889;0;0;2
9855900;-2;-2;0;0;-1.8;-1.5;8.9;7.5;59.3;0;1.3;1.3;1.7;0.1;6.1;263.8888889;0;0;2
9856800;-2;-2;0;0;-1.8;-1.2;8.7;7;60.4;0;1.9;2.1;2.6;0.5;5.7;269.4444444;0;0;1.6
9857700;-2;0;40;111;-1.6;0.6;8.6;6.8;61.2;0;3;2.7;3;2.1;5.7;269.4444444;0;0;1.6
9858600;-3;0;43;117;-2.9;-0.3;8.5;6.7;61;0;1.5;1.2;1.5;0.8;5.7;269.4444444;0;0;1.6
9859500;-4;-1;43;111;-3.8;-1.5;8.3;6.6;61.8;0;0.5;0.1;0.4;-0.4;5.7;269.4444444;0;0;1.6
9860400;-5;-2;42;107;-4.6;-2.4;8.1;6.2;62;0;-0.4;-0.7;-0.4;-1.2;5.1;261.1111111;2.777777778;2.777777778;1.9
9861300;-5;-3;42;105;-5.2;-3;7.9;6.1;62.8;0;-0.9;-1.2;-0.9;-1.6;5.1;261.1111111;2.777777778;2.777777778;1.9
9862200;-5;-3;42;103;-5.3;-3.2;7.9;6;62.8;0;-1;-1.4;-1.1;-1.8;5.1;261.1111111;2.777777778;2.777777778;1.9
9863100;-6;-3;42;101;-5.6;-3.4;7.6;5.7;63.6;0;-1.4;-1.7;-1.4;-2.2;5.1;261.1111111;2.777777778;2.777777778;1.9
9864000;-6;-4;42;100;-5.8;-3.7;7.4;5.5;64.4;0;-1.7;-2;-1.7;-2.5;4.7;252.7777778;33.33333333;50;1.9
9864900;-6;-4;42;100;-5.9;-3.8;7.3;5.4;65.1;0;-1.8;-2.2;-1.9;-2.7;4.7;252.7777778;33.33333333;50;1.9
9865800;-6;-4;42;99;-6.3;-4.2;7.2;5.4;65.9;0;-1.9;-2.3;-1.9;-2.7;4.7;252.7777778;33.33333333;50;1.9
9866700;-6;-4;42;98;-6.3;-4.2;7.3;5.4;65.7;0;-2.1;-2.4;-2.1;-3;4.7;252.7777778;33.33333333;50;1.9
9867600;-6;-4;42;98;-6.3;-4.2;7.4;5.3;65.7;18.5;-1.9;-2.4;-2;-2.8;6.2;255.5555556;69.44444444;205.5555556;2.8
9868500;-6;-4;42;102;-6.2;-4.1;8;5.3;64.6;18.5;-1.5;-2;-1.5;-2.4;6.2;255.5555556;69.44444444;205.5555556;2.8
9869400;-5;-3;42;106;-5.6;-3.5;8.3;5.2;63.2;18.5;-0.8;-1.3;-0.7;-1.6;6.2;255.5555556;69.44444444;205.5555556;2.8
9870300;-4;-2;42;111;-4.6;-2.4;8.7;5.1;62;18.5;0.4;-0.1;0.4;-0.7;6.2;255.5555556;69.44444444;205.5555556;2.8
9871200;-3;-2;43;114;-3.7;-1.3;9;5.5;61;128.4;1.5;1.1;1.5;0.2;7.6;258.3333333;88.88888889;386.1111111;2.5
9872100;-2;0;43;122;-2.5;-0.1;9.3;5.5;60.4;136.3;2.8;2.4;2.7;1.4;7.6;258.3333333;88.88888889;386.1111111;2.5
9873000;-2;0;43;129;-1.5;1.1;9.7;5.4;59.4;137.6;3.9;3.7;3.8;2.5;7.6;258.3333333;88.88888889;386.1111111;2.5
9873900;-1;2;43;135;-0.4;2.3;10.1;5.3;58.3;139;5.1;4.9;5;3.6;7.6;258.3333333;88.88888889;386.1111111;2.5
9874800;1;3;38;121;1.3;3.6;10.8;6.4;56.5;270.6;6.5;6.4;6.5;5;8.9;261.1111111;97.22222222;558.3333333;2.7
9875700;3;5;43;110;3.3;5.3;11.3;6.6;55.3;290.9;8.3;8.3;8.4;6.7;8.9;261.1111111;97.22222222;558.3333333;2.7
9876600;3;7;39;151;4;7.3;11.6;6.9;53.9;290.9;10.1;10.1;10.2;8.6;8.9;261.1111111;97.22222222;558.3333333;2.7
9877500;4;8;43;174;4.8;8.4;11.8;7.4;53.2;290.9;11.1;11.1;11.1;9.5;8.9;261.1111111;97.22222222;558.3333333;2.7
9878400;7;9;34;84;8;9.8;12.2;8.4;52.2;420.7;12.7;12.9;12.8;10.8;11;266.6666667;102.7777778;700;2.9
9879300;9;12;33;86;10.1;12.3;12.3;8.7;51.8;453.2;15.2;15.3;15.4;13.5;11;266.6666667;102.7777778;700;2.9
9880200;11;14;33;92;11.9;14.2;12.4;8.8;51.3;453.2;17;17.2;17.3;15.4;11;266.6666667;102.7777778;700;2.9
9881100;13;15;33;96;13.5;15.9;12.8;8.9;49.3;453.2;18.5;19;18.9;17.1;11;266.6666667;102.7777778;700;2.9
9882000;14;16;33;100;14.6;17.2;13;9.9;48.3;549.6;19.7;20.2;19.8;18.3;12.3;269.4444444;105.5555556;802.7777778;2.4
9882900;15;18;33;105;15.7;18.4;13.4;10.3;47.8;584.7;20.9;21.5;21.2;19.5;12.3;269.4444444;105.5555556;802.7777778;2.4
9883800;16;19;33;107;16.7;19.5;13.7;10.2;46.2;584.2;21.8;22.3;22.2;20.5;12.3;269.4444444;105.5555556;802.7777778;2.4
9884700;16;19;33;108;17.1;19.9;13.9;10.1;44.2;584;22.2;22.7;22.7;21;12.3;269.4444444;105.5555556;802.7777778;2.4
9885600;17;20;33;109;17.9;20.6;14.3;11;44.1;645.1;23;23.5;23.3;22;13;272.2222222;102.7777778;858.3333333;3.1
9886500;17;21;33;114;18.3;21.2;14.4;11.4;43.1;675.6;23.6;24.1;23.7;22.7;13;272.2222222;102.7777778;858.3333333;3.1
9887400;18;21;33;115;18.9;21.9;14.8;11.7;41.8;674.6;24.2;24.8;24.2;23.5;13;272.2222222;102.7777778;858.3333333;3.1
9888300;19;22;33;117;19.6;22.5;15.2;12.2;40.6;672.6;24.7;25.4;25.1;24.3;13;272.2222222;102.7777778;858.3333333;3.1
9889200;19;22;33;109;20.3;23.3;15.1;13.1;40;740.5;25.1;25.8;25.4;24.5;13.5;272.2222222;91.66666667;861.1111111;2.9
9890100;20;23;33;88;21.3;23.4;15.2;13.4;39.7;765.2;25.6;26.3;26;25;13.5;272.2222222;91.66666667;861.1111111;2.9
9891000;21;23;33;83;21.9;23.9;15.4;13.4;36.8;765.2;26.1;26.6;26.5;25.5;13.5;272.2222222;91.66666667;861.1111111;2.9
9891900;22;24;31;82;22.4;24.6;15.7;13.5;35.2;765.2;26.8;27.3;27.3;26.4;13.5;272.2222222;91.66666667;861.1111111;2.9
9892800;22;25;27;82;22.6;25.3;15.8;14.1;34.7;763.5;27.3;27.8;27.9;27.1;14;272.2222222;83.33333333;811.1111111;3.5
9893700;22;25;25;90;22.6;25.6;16;14.3;33.5;762.9;27.8;28.2;28.1;26.9;14;272.2222222;83.33333333;811.1111111;3.5
9894600;22;25;23;88;22.6;25.9;16.1;14.2;31.1;762.9;28.3;28.7;28.3;27.5;14;272.2222222;83.33333333;811.1111111;3.5
9895500;22;26;20;84;22.6;26.3;16.6;13.9;30.1;762.9;28.8;29.3;28.9;27.8;14;272.2222222;83.33333333;811.1111111;3.5
9896400;22;26;18;86;22.6;26.9;16.7;14.2;28.3;742.2;29.1;29.9;29.5;28.2;14.9;272.2222222;77.77777778;713.8888889;3.3
9897300;22;26;10;50;22.9;27.3;16.8;14.4;26.1;731.8;29.2;30.3;29.6;28.2;14.9;272.2222222;77.77777778;713.8888889;3.3
9898200;21;27;18;124;22;27.7;17;14.3;25.3;731.8;29.5;30.7;29.8;28.7;14.9;272.2222222;77.77777778;713.8888889;3.3
9899100;21;26;23;125;21.8;26.8;16.9;14;26.1;731.8;28;29.5;28.4;27.1;14.9;272.2222222;77.77777778;713.8888889;3.3
9900000;21;25;30;173;21.8;25.9;16.9;14.2;25.8;670.3;27.4;28.9;27.6;26.3;15.2;272.2222222;72.22222222;580.5555556;2.6
9900900;12;23;27;359;12.3;24.6;17.2;14.3;25.4;639.5;25.9;26.6;26;24.9;15.2;272.2222222;72.22222222;580.5555556;2.6
9901800;17;20;36;135;17.8;21.5;17.3;14.3;23.9;639.5;23;23.5;23;21.5;15.2;272.2222222;72.22222222;580.5555556;2.6
9902700;7;18;38;486;7.7;19.2;17.4;14.3;23.6;639.5;20.8;21.1;20.5;19.5;15.2;272.2222222;72.22222222;580.5555556;2.6
9903600;10;16;38;269;10.9;16.6;17.6;14.4;24.3;553.3;18.6;18.9;18.7;17;15.1;272.2222222;63.88888889;413.8888889;2.4
9904500;7;14;43;336;7.6;14.7;17.5;14.5;25.4;510.2;16.4;16.5;16.2;15;15.1;272.2222222;63.88888889;413.8888889;2.4
9905400;7;12;35;228;8.1;13.4;17.5;14.7;25.2;510.2;15.5;15.6;15.4;14;15.1;272.2222222;63.88888889;413.8888889;2.4
9906300;8;12;36;192;9.1;13.3;17.5;15.1;24.8;510.2;15.4;15.5;15.4;14;15.1;272.2222222;63.88888889;413.8888889;2.4
9907200;6;12;43;286;6.5;12.4;17.3;15;25;427.1;14.3;14.4;14.1;13.1;14.8;269.4444444;50;230.5555556;2.5
9908100;6;10;43;220;6.9;11.5;17.4;15;24.6;385.5;13.4;13.4;13.4;12.2;14.8;269.4444444;50;230.5555556;2.5
9909000;6;10;43;200;6.8;10.9;17.2;15.1;24.6;385.5;12.8;12.8;12.8;11.5;14.8;269.4444444;50;230.5555556;2.5
9909900;7;10;35;109;7.5;10.7;18.1;15.2;23.8;385.5;12.9;12.9;13;11.7;14.8;269.4444444;50;230.5555556;2.5
9910800;7;10;39;112;8.2;10.8;19.6;14.7;21.4;277.2;13;13;13.1;11.9;13.8;266.6666667;25;66.66666667;2.9
9911700;7;10;39;107;8.3;10.8;17.5;14.4;24;223.1;13;13;13.1;11.9;13.8;266.6666667;25;66.66666667;2.9
9912600;5;9;40;195;6.1;10.2;15.8;14.4;26.8;223.1;12;11.9;11.9;11.1;13.8;266.6666667;25;66.66666667;2.9
9913500;5;8;43;135;5.9;8.6;15.2;14.4;27.4;223.1;10.6;10.3;10.5;9.6;13.8;266.6666667;25;66.66666667;2.9
9914400;4;7;43;117;5.4;7.9;14.8;13.6;28.6;127.4;9.9;9.5;9.8;8.9;11.7;263.8888889;0;0;2.7
9915300;4;6;43;106;5.4;7.4;14.4;13.2;29.5;79.5;9.4;9;9.5;8.5;11.7;263.8888889;0;0;2.7
9916200;4;6;35;85;5.2;7.3;14.1;13.5;30.8;81.3;9.2;8.7;9.2;8.2;11.7;263.8888889;0;0;2.7
9917100;4;6;39;89;4.8;6.8;13.7;13.7;31.8;82.5;8.7;8.2;8.8;7.9;11.7;263.8888889;0;0;2.7
9918000;3;5;40;77;4.6;6.3;13.3;12.8;32.8;38.2;8.2;7.8;8.3;7.3;10.9;263.8888889;0;0;1.5
9918900;3;4;25;57;4;5.6;12.6;12.2;35.9;8.6;7.5;7.2;7.6;6.7;10.9;263.8888889;0;0;1.5
9919800;3;4;0;0;4.3;5.3;12;12.3;38.8;8.6;7.7;7.3;7.9;6.7;10.9;263.8888889;0;0;1.5
9920700;3;5;23;69;3.9;5.6;11.4;12.4;39.5;8.6;7.8;7.3;8;7.1;10.9;263.8888889;0;0;1.5
9921600;4;5;0;0;4.4;5.3;10.8;10.9;42.3;0.6;7.6;7;7.8;6.9;9.6;258.3333333;0;0;1.2
9922500;3;5;21;59;3.8;5.5;10.4;10.8;43.5;0;7.5;6.9;7.7;6.9;9.6;258.3333333;0;0;1.2
9923400;3;5;0;0;4.4;6;10.3;10.6;44.6;0;7.4;6.9;7.6;6.7;9.6;258.3333333;0;0;1.2
9924300;3;5;24;57;3.9;5.8;9.8;10.3;45.4;0;7.1;6.6;7.3;6.5;9.6;258.3333333;0;0;1.2
9925200;3;4;5;3;4.3;5.1;10.1;9.1;44.4;0;7.1;6.6;7.2;6.4;8.2;255.5555556;0;0;2.2
9926100;3;4;41;60;4;5;10.1;8.9;45.3;0;7.1;6.7;7.1;6.4;8.2;255.5555556;0;0;2.2
9927000;1;3;43;129;1.3;4.1;9.8;9.2;46.5;0;6.1;5.8;6;5.4;8.2;255.5555556;0;0;2.2
9927900;0;1.5;43;128;0;2.75;9.65;6.4;47.25;0;4.75;4.4;4.55;3.9;8.2;255.5555556;0;0;2.2
9928800;-1;0;43;127;-1.3;1.4;9.5;3.6;48;0;3.4;3;3.1;2.4;7.1;252.7777778;0;0;1.4
9929700;-2;0;43;119;-2.1;0.4;9.2;2.1;48.8;0;2.3;2;2.1;1.5;7.1;252.7777778;0;0;1.4
9930600;-3;0;43;115;-2.7;-0.3;9.1;2.1;47.8;0;1.7;1.4;1.6;0.9;7.1;252.7777778;0;0;1.4
9931500;-3;0;43;113;-2.9;-0.5;9;2.1;48;0;1.6;1.2;1.3;0.7;7.1;252.7777778;0;0;1.4
9932400;-3;0;43;112;-3.2;-0.9;8.8;1.9;48.1;0;1.4;0.9;1.1;0.4;6.2;250;0;0;2.1
9933300;-4;0;43;110;-3.5;-1.2;8.7;1.8;50.4;0;0.8;0.5;0.7;-0.1;6.2;250;0;0;2.1
9934200;-2;-2;37;57;-1.8;-1.9;8;1.8;52.1;0;0;-0.1;0.2;-0.6;6.2;250;0;0;2.1
9935100;0;0;9;0;0.5;-1;7.7;1.8;52.9;0;2.3;2.4;2.8;0.9;6.2;250;0;0;2.1
9936000;0;0;0;0;0.4;-0.5;7.6;6.1;53.4;0;3;3;3.5;1.6;5.4;247.2222222;0;0;2.7
9936900;0;0;23;58;-0.3;0.5;7.5;6.1;53.9;0;3.6;3.4;3.9;3;5.4;247.2222222;0;0;2.7
9937800;-2;0;43;123;-1.9;0.7;7.5;6.1;54.6;0;2.5;2.1;2.3;1.9;5.4;247.2222222;0;0;2.7
9938700;-3;0;43;115;-3;-0.6;7.5;6.1;54.8;0;1.4;1;1.2;0.6;5.4;247.2222222;0;0;2.7
9939600;-4;0;43;111;-3.6;-1.3;7.5;5.4;54.9;0;0.8;0.4;0.6;-0.1;5.2;247.2222222;0;0;2.5
9940500;-4;-2;43;106;-4.2;-2;7.2;5.3;56.8;0;0;-0.2;-0.1;-0.8;5.2;247.2222222;0;0;2.5
9941400;-5;-3;43;105;-4.7;-2.6;6.8;5.4;58.7;0;-0.6;-0.8;-0.7;-1.3;5.2;247.2222222;0;0;2.5
9942300;-5;-3;43;102;-5.3;-3.2;6.4;5.5;60.4;0;-1.3;-1.5;-1.3;-1.8;5.2;247.2222222;0;0;2.5
9943200;-6;-3;43;102;-5.6;-3.4;6.6;4.9;60.7;0;-1.4;-1.7;-1.5;-2.2;4.2;244.4444444;0;0;2.2
9944100;-6;-4;43;100;-5.6;-3.6;6.5;4.8;62;0;-1.7;-1.8;-1.6;-2.4;4.2;244.4444444;0;0;2.2
9945000;-6;-4;43;100;-6.1;-3.9;6.4;4.8;62.2;0;-1.8;-2.1;-1.8;-2.6;4.2;244.4444444;0;0;2.2
9945900;-6;-4;43;100;-6.1;-3.9;6.6;4.7;61.7;0;-1.6;-2.1;-1.6;-2.5;4.2;244.4444444;0;0;2.2
9946800;-6;-4;43;99;-6.1;-3.9;6.4;4.1;62.6;0;-1.7;-2.3;-1.8;-2.7;3.5;244.4444444;2.777777778;2.777777778;2.2
9947700;-6;-4;43;99;-6.1;-3.9;6.4;4;61.8;0;-1.7;-2.4;-1.8;-2.8;3.5;244.4444444;2.777777778;2.777777778;2.2
9948600;-6;-4;32;73;-5.8;-3.9;6.4;4.2;60.1;0;-1.7;-2.2;-1.7;-2.6;3.5;244.4444444;2.777777778;2.777777778;2.2
9949500;-4;-1;0;0;-3.9;-1.5;6.2;4.5;61;0;-1.1;-1.5;-0.9;-2.2;3.5;244.4444444;2.777777778;2.777777778;2.2
9950400;-4;0;0;0;-3.9;-0.5;5.8;4.3;62.3;0;-0.6;-1.1;-0.2;-1.7;3.7;241.6666667;30.55555556;58.33333333;2.3
9951300;-4;-2;23;51;-3.7;-1.2;5.8;4.2;62.2;0;0.3;-0.2;0.7;-0.7;3.7;241.6666667;30.55555556;58.33333333;2.3
9952200;-5;-2;43;107;-4.6;-2.3;6.1;4.1;62.6;0;-0.4;-0.8;-0.3;-1.1;3.7;241.6666667;30.55555556;58.33333333;2.3
9953100;-5;-3;42;104;-5.2;-2.9;6.1;4;61.6;0;-1;-1.4;-1;-1.7;3.7;241.6666667;30.55555556;58.33333333;2.3
9954000;-6;-3;42;102;-5.4;-3.4;6.4;3.9;58.9;25.8;-1.1;-1.7;-1.1;-2.1;5;241.6666667;58.33333333;222.2222222;2.3
9954900;-5;-3;42;104;-5.4;-3.4;6.7;3.9;56.3;25.8;-0.8;-1.5;-0.8;-1.8;5;241.6666667;58.33333333;222.2222222;2.3
9955800;-5;-3;42;107;-5.2;-3;7.1;3.7;54.8;25.8;-0.2;-1;-0.2;-1.3;5;241.6666667;58.33333333;222.2222222;2.3
9956700;-4;-2;42;110;-4.6;-2.3;7.1;3.5;54.3;25.8;0.5;-0.2;0.5;-0.6;5;241.6666667;58.33333333;222.2222222;2.3
9957600;-4;-2;43;114;-3.7;-1.4;7.2;4.2;53.9;143.9;1.4;0.8;1.4;0.2;6.4;244.4444444;75;402.7777778;2.4
9958500;-3;0;43;120;-2.8;-0.4;7.6;4.2;52.9;152.3;2.4;2;2.4;1.1;6.4;244.4444444;75;402.7777778;2.4
9959400;-2;0;43;125;-2;0.6;7.9;4.2;51;152.4;3.3;3.1;3.4;2;6.4;244.4444444;75;402.7777778;2.4
9960300;-2;1;43;132;-1;1.7;8.1;4.3;51.2;152.5;4.5;4.3;4.5;3;6.4;244.4444444;75;402.7777778;2.4
9961200;0;2;43;138;0.2;3;8.4;5.4;50.4;273.1;5.7;5.7;5.8;4.3;7.9;250;83.33333333;569.4444444;3.2
9962100;1;4;39;137;1.8;4.5;9;5.6;48.8;291.6;7.3;7.3;7.4;5.8;7.9;250;83.33333333;569.4444444;3.2
9963000;3;5;40;120;3.6;6.1;9.5;5.9;47.8;291.6;8.9;8.9;9.1;7.3;7.9;250;83.33333333;569.4444444;3.2
9963900;4;7;42;169;4.3;7.9;10;6.3;45.7;291.6;10.6;10.7;10.8;9.1;7.9;250;83.33333333;569.4444444;3.2
9964800;4;8;43;176;5.3;8.9;10.6;7.4;44.3;412;11.5;11.7;11.6;9.9;10;255.5555556;88.88888889;711.1111111;2.7
9965700;4;9;39;247;5.9;10.1;11.1;7.8;43.4;455.8;12.8;12.8;12.7;11.1;10;255.5555556;88.88888889;711.1111111;2.7
9966600;5;10;40;198;5.9;10.4;11.7;7.8;42.3;455.8;12.9;13.2;13;11.2;10;255.5555556;88.88888889;711.1111111;2.7
9967500;7;11;43;203;7.4;11.6;12.1;7.9;41;455.8;14.1;14.4;14.3;12.5;10;255.5555556;88.88888889;711.1111111;2.7
9968400;9;12;37;127;10.1;12.8;12.8;9.1;40.3;561.7;15.5;15.9;15.7;13.9;10.9;263.8888889;94.44444444;813.8888889;2.7
9969300;12;15;33;90;13.1;15.3;12.9;9.4;40.3;588.2;18.1;18.6;18.5;16.4;10.9;263.8888889;94.44444444;813.8888889;2.7
9970200;14;17;33;98;14.9;17.4;13.1;9.4;40.2;588.2;20.1;20.4;20.3;18.5;10.9;263.8888889;94.44444444;813.8888889;2.7
9971100;16;18;33;103;16.4;19;13.5;9.4;39.8;588.2;21.6;21.9;21.9;20.4;10.9;263.8888889;94.44444444;813.8888889;2.7
9972000;17;20;33;107;17.5;20.2;14;10.4;39.1;659.2;22.6;23.1;23;21.6;13.4;269.4444444;102.7777778;858.3333333;3
9972900;17;20;33;107;18.3;21.1;14.2;10.9;38.1;694.7;23.4;23.8;23.8;22.5;13.4;269.4444444;102.7777778;858.3333333;3
9973800;18;21;33;107;19.1;21.8;14.5;11.3;37.9;712.9;24.2;24.6;24.4;23.4;13.4;269.4444444;102.7777778;858.3333333;3
9974700;19;22;33;105;19.6;22.2;14.7;11.5;37.5;722;24.4;25;24.8;23.7;13.4;269.4444444;102.7777778;858.3333333;3
9975600;19;22;33;104;20.4;23.1;15;12.5;36.7;765.5;25.5;25.8;25.6;24.7;14.1;272.2222222;102.7777778;861.1111111;3.2
9976500;20;23;33;111;21;23.6;15.3;13;35.7;787.3;25.9;26.3;26.1;25.2;14.1;272.2222222;102.7777778;861.1111111;3.2
9977400;20;23;33;108;21.4;24.1;15.7;12.9;35.1;787.3;26.1;26.7;26.5;25.6;14.1;272.2222222;102.7777778;861.1111111;3.2
9978300;21;23;33;105;21.6;24.2;15.9;12.5;34.6;787.3;26.6;27;26.7;25.9;14.1;272.2222222;102.7777778;861.1111111;3.2
9979200;21;24;30;99;22.1;25;16.3;13.1;33;798.8;27.2;27.7;27.4;26.4;14.6;-2775;100;805.5555556;3.9
9980100;22;25;26;84;22.7;25.5;16.5;13.4;31.6;804.5;27.8;28.6;28.2;26.9;14.6;-2775;100;805.5555556;3.9
9981000;22;25;21;77;23;26.1;16.5;14;31.4;804.5;28;29;28.7;27.6;14.6;-2775;100;805.5555556;3.9
9981900;22;26;12;93;22.7;26.4;16.9;14.3;31.1;804.5;28.8;29.7;29.3;28.4;14.6;-2775;100;805.5555556;3.9
9982800;21;26;21;117;22.2;26.9;16.9;14.8;30.4;774.8;28.3;29.3;29.1;27.9;15.3;277.7777778;94.44444444;705.5555556;3.9
9983700;21;25;23;112;22.2;26.6;17.2;15.1;30.3;760;28.2;28.8;28.6;27.2;15.3;277.7777778;94.44444444;705.5555556;3.9
9984600;21;25;25;109;22.2;26.2;17.2;15.1;30.6;760;27.9;28.5;28.4;26.7;15.3;277.7777778;94.44444444;705.5555556;3.9
9985500;21;25;25;106;22.2;26.1;17.9;15;28.2;760;27.9;28.5;28.3;26.5;15.3;277.7777778;94.44444444;705.5555556;3.9
9986400;11;24;38;567;12.3;24.9;17.8;15.3;29;708.4;25.7;26.2;25.6;25;15.8;280.5555556;86.11111111;569.4444444;3.4
9987300;9;17;43;404;9.9;18.4;18.1;15.5;28.1;682.6;19.9;20.3;19.6;18.2;15.8;280.5555556;86.11111111;569.4444444;3.4
9988200;7;15;43;343;8.6;15.8;18;15.4;27.8;682.6;17.7;17.9;17.5;16.1;15.8;280.5555556;86.11111111;569.4444444;3.4
9989100;7;14;43;313;8.1;14.8;18.1;15.1;27.3;682.6;16.7;16.8;16.5;15.1;15.8;280.5555556;86.11111111;569.4444444;3.4
9990000;7;13;43;292;8;14;18.4;15.2;25.1;602.5;16;16.1;15.9;14.5;15.9;277.7777778;75;402.7777778;2.5
9990900;7;12;43;274;8;13.5;18.3;15.2;26.7;549.1;15.5;15.6;15.4;14;15.9;277.7777778;75;402.7777778;2.5
9991800;6;12;43;260;7.5;13.1;18.1;15.3;27.2;549.1;15.1;15.2;15;13.7;15.9;277.7777778;75;402.7777778;2.5
9992700;6;12;40;246;7.5;12.7;17.9;15.4;27.5;549.1;14.7;14.7;14.7;13.4;15.9;277.7777778;75;402.7777778;2.5
9993600;9;12;36;129;10.1;13;17.8;15.3;27.5;464;15.6;15.7;15.7;14.1;14.8;-2775;58.33333333;225;2
9994500;10;13;39;122;10.8;13.6;17.5;15.2;27.8;407.2;15.9;16;16.1;14.7;14.8;-2775;58.33333333;225;2
9995400;8;13;36;255;8.3;13.7;17.5;15.5;27.8;407.2;15.8;15.9;15.9;14.8;14.8;-2775;58.33333333;225;2
9996300;6;11;43;200;7.4;11.7;18.4;15.7;26.5;407.2;13.5;13.4;13.4;12.3;14.8;-2775;58.33333333;225;2
9997200;6;10;43;183;7;10.8;19;15;24.4;305.1;12.6;12.5;12.6;11.5;13.5;269.4444444;27.77777778;66.66666667;1.7
9998100;5;9;43;163;6.6;10;16.9;14.6;27.2;237;11.9;11.7;11.9;10.9;13.5;269.4444444;27.77777778;66.66666667;1.7
9999000;6;8;38;123;6.6;9.3;15.8;14.8;29.1;237;11.4;11;11.3;10.3;13.5;269.4444444;27.77777778;66.66666667;1.7
9999900;6;8;39;106;6.9;9.1;15.2;15;30.4;237;11.2;10.7;11.1;10.1;13.5;269.4444444;27.77777778;66.66666667;1.7
10000800;5;8;39;97;6.5;8.7;14.6;13.6;31;86.5;10.8;10.3;10.8;9.8;11.4;263.8888889;0;0;1.8
10001700;5;7;41;114;5.5;8.3;14.2;13.6;32.2;86.5;10.2;9.8;10.3;9.4;11.4;263.8888889;0;0;1.8
10002600;4;6;43;88;5.4;7.1;13.7;13.6;33;85.8;9.3;8.9;9.2;8.3;11.4;263.8888889;0;0;1.8
10003500;4;6;43;82;5.3;6.8;13.3;13.6;33.5;85.2;8.9;8.5;8.8;7.9;11.4;263.8888889;0;0;1.8
10004400;4;5;43;71;4.9;6.4;12.8;12.1;34.7;13.9;8.4;8.1;8.5;7.5;10.1;261.1111111;0;0;2.3
10005300;4;5;43;59;4.9;6;12.3;12;36.9;8.8;7.9;7.6;8;7;10.1;261.1111111;0;0;2.3
10006200;3;5;18;22;4.5;5.6;11.8;12;36.9;8.8;7.7;7.5;7.8;6.8;10.1;261.1111111;0;0;2.3
10007100;4;5;3;8;4.4;5.6;11.5;12.1;36.7;8.8;8.2;8.1;8.3;7.2;10.1;261.1111111;0;0;2.3
10008000;3;5;37;90;4.2;6;11.1;10.6;37.9;1.2;7.9;7.6;7.9;7.2;9;258.3333333;0;0;2
10008900;2;4;39;83;3.1;5;10.9;10.4;38;0;6.8;6.6;6.8;6.2;9;258.3333333;0;0;2
10009800;2;3;37;59;2.8;4.2;10.4;10.2;41.2;0;6.1;5.8;6;5.3;9;258.3333333;0;0;2
10010700;2;3;15;8;3.4;3.7;9.8;9.9;44;0;5.9;5.8;6;5.1;9;258.3333333;0;0;2
10011600;3;3;8;11;3.3;4.1;9.3;8.9;44.3;0;6.4;6.3;6.5;5.6;8.4;255.5555556;0;0;1.5
10012500;3;3;17;21;3.4;4.6;9;8.7;45.1;0;6.4;6;6.3;5.8;8.4;255.5555556;0;0;1.5
10013400;0;3;43;134;1.1;3.9;8.8;8.8;46.3;0;5.6;5.2;5.4;5.1;8.4;255.5555556;0;0;1.5
10014300;-1;1.5;42.5;125;-0.55;2.05;8.5;8.6;46.3;0;3.85;3.5;3.65;3.3;8.4;255.5555556;0;0;1.5
10015200;-2;0;42;116;-2.2;0.2;8.2;8.4;46.3;0;2.1;1.8;1.9;1.5;7.6;247.2222222;0;0;1.8
10016100;-1;0;3;0;-0.7;-0.4;7.9;8.2;46.8;0;2;1.8;1.9;1.1;7.6;247.2222222;0;0;1.8
10017000;0;0;0;0;-0.5;-0.2;7.7;8.2;47.8;0;2.5;2.3;2.5;1.6;7.6;247.2222222;0;0;1.8
10017900;0;0;0;0;-0.1;0.2;7.4;8.2;48.3;0;2.9;2.8;3;1.9;7.6;247.2222222;0;0;1.8
10018800;0;1;29;79;-0.5;2.1;7.2;7.3;48.3;0;3.7;3.5;3.4;3.1;6.9;247.2222222;0;0;1
10019700;-2;0;43;120;-2.2;0.3;7.1;7.2;47.7;0;2.1;1.7;1.9;1.7;6.9;247.2222222;0;0;1
10020600;-4;-1;43;110;-3.6;-1.3;6.9;7.2;48.1;0;0.6;0.2;0.4;0.1;6.9;247.2222222;0;0;1
10021500;-5;-2;43;106;-4.4;-2.2;6.9;7.2;46.9;0;-0.1;-0.6;-0.4;-0.8;6.9;247.2222222;0;0;1
10022400;-5;-3;43;105;-4.7;-2.6;7.2;6.2;44.9;0;-0.4;-1;-0.8;-1.3;5.3;244.4444444;0;0;1.2
10023300;-5;-3;43;102;-5.2;-3;7.2;6.1;46.4;0;-0.9;-1.3;-1.3;-1.8;5.3;244.4444444;0;0;1.2
10024200;-6;-4;43;100;-5.7;-3.6;6.8;6.1;47.4;0;-1.5;-1.8;-1.7;-2.2;5.3;244.4444444;0;0;1.2
10025100;-6;-4;43;101;-5.7;-3.8;6.9;6.1;45.8;0;-1.4;-1.8;-1.7;-2.3;5.3;244.4444444;0;0;1.2
10026000;-6;-3;43;101;-5.7;-3.8;7.2;5.8;44.9;0;-1.1;-1.7;-1.4;-2;4.3;250;0;0;1.3
10026900;-5;-3;43;101;-5.3;-3.4;7.3;5.7;44.4;0;-1;-1.5;-1.1;-1.8;4.3;250;0;0;1.3
10027800;-6;-3;43;100;-5.5;-3.4;7.1;6;46.4;0;-1.3;-1.7;-1.5;-2.2;4.3;250;0;0;1.3
10028700;-6;-4;43;100;-5.7;-3.8;6.7;6.2;48.6;0;-1.5;-1.9;-1.8;-2.4;4.3;250;0;0;1.3
10029600;-5;-4;17;39;-5.1;-3.8;6.2;5.5;52.2;0;-1.8;-2;-1.9;-2.8;3.9;255.5555556;0;0;1.5
10030500;-4;-4;0;0;-4.1;-3.8;5.8;5.4;53.9;0;-1.2;-1.3;-1.2;-2.3;3.9;255.5555556;0;0;1.5
10031400;-4;-3;0;0;-4;-3.6;5.6;5;54.7;0;-0.6;-1;-0.6;-1.8;3.9;255.5555556;0;0;1.5
10032300;-4;-2;26;59;-3.7;-2.5;5.5;4.7;54.9;0;0.3;-0.3;0.1;-0.6;3.9;255.5555556;0;0;1.5
10033200;-5;-3;43;105;-4.9;-2.6;5.6;4;54.4;0;-0.8;-1.1;-0.9;-1.3;4.1;258.3333333;2.777777778;2.777777778;1.6
10034100;-6;-4;43;100;-5.7;-3.6;5.6;4;53.5;0;-1.7;-1.9;-1.7;-2.3;4.1;258.3333333;2.777777778;2.777777778;1.6
10035000;-6;-4;43;96;-6.1;-4.1;5.7;3.8;53.3;0;-2.1;-2.3;-2.2;-2.9;4.1;258.3333333;2.777777778;2.777777778;1.6
10035900;-7;-4;42;95;-6.4;-4.4;5.6;3.6;55.2;0;-2.4;-2.6;-2.4;-3.3;4.1;258.3333333;2.777777778;2.777777778;1.6
10036800;-7;-5;42;95;-6.6;-4.8;5.5;3.5;55;0;-2.7;-3;-2.7;-3.5;3.1;258.3333333;44.44444444;44.44444444;1.7
10037700;-7;-5;42;94;-6.6;-4.8;5.5;3.5;54.4;0;-2.8;-3;-2.8;-3.6;3.1;258.3333333;44.44444444;44.44444444;1.7
10038600;-7;-5;42;96;-6.6;-4.8;5.6;3.6;54.1;0;-2.8;-2.9;-2.7;-3.6;3.1;258.3333333;44.44444444;44.44444444;1.7
10039500;-7;-5;42;96;-6.6;-4.8;6;3.8;54.4;0;-2.7;-2.8;-2.6;-3.6;3.1;258.3333333;44.44444444;44.44444444;1.7
10040400;-7;-5;42;97;-6.6;-4.8;6.8;3.8;53.2;25.9;-2.5;-2.8;-2.6;-3.5;4.5;252.7777778;119.4444444;191.6666667;1.9
10041300;-7;-5;42;97;-6.6;-4.8;7.1;3.8;50.8;29.9;-2.4;-2.6;-2.3;-3.3;4.5;252.7777778;119.4444444;191.6666667;1.9
10042200;-6;-4;43;99;-6.4;-4.4;7.2;3.9;49.4;29.9;-1.8;-2.1;-1.9;-2.7;4.5;252.7777778;119.4444444;191.6666667;1.9
10043100;-5;-3;43;104;-5.7;-3.6;7.5;4.1;48;29.9;-0.8;-1.3;-0.8;-1.8;4.5;252.7777778;119.4444444;191.6666667;1.9
10044000;-4;-2;43;107;-4.6;-2.5;7.7;4.7;48.2;145.2;0.3;-0.1;0.2;-0.8;6;250;138.8888889;383.3333333;2.3
10044900;-4;-2;43;114;-3.7;-1.4;7.9;4.8;47.4;162.9;1.4;1.1;1.3;0.2;6;250;138.8888889;383.3333333;2.3
10045800;-2;0;43;120;-2.6;-0.2;8.1;4.4;47.1;165.2;2.6;2.4;2.6;1.3;6;250;138.8888889;383.3333333;2.3
10046700;-2;1;43;128;-1.4;1.2;8.4;3.9;46.5;167.8;4;3.8;3.9;2.6;6;250;138.8888889;383.3333333;2.3
10047600;0;2;43;135;-0.1;2.6;8.8;5.3;46.3;296.6;5.4;5.3;5.4;4;8.5;255.5555556;141.6666667;563.8888889;2.7
10048500;1;4;38;113;2.1;4.1;9.3;5.5;45.4;316.4;7.1;7;7.2;5.6;8.5;255.5555556;141.6666667;563.8888889;2.7
10049400;3;5;40;108;3.8;6;10;5.9;44.1;316.4;8.8;8.9;9;7.3;8.5;255.5555556;141.6666667;563.8888889;2.7
10050300;4;7;42;166;4.4;7.8;10.5;6.1;42.5;316.4;10.7;10.6;10.7;9.1;8.5;255.5555556;141.6666667;563.8888889;2.7
10051200;4;8;43;174;5.3;8.8;11.3;7.4;41.6;425.7;11.5;11.5;11.5;9.9;9.6;258.3333333;141.6666667;700;2.2
10052100;8;10;31;70;8.9;10.4;11.7;7.9;40.1;465.5;13.5;13.6;13.6;11.7;9.6;258.3333333;141.6666667;700;2.2
10053000;10;12;33;87;10.8;13;12.1;7.9;39.6;465.5;15.8;16.1;16.1;14.2;9.6;258.3333333;141.6666667;700;2.2
10053900;12;14;33;95;12.8;15.2;12.4;7.8;39.1;465.5;18;18.3;18.3;16.4;9.6;258.3333333;141.6666667;700;2.2
10054800;14;16;33;99;14.5;17;12.7;9.4;38.8;601;19.7;20;20;18.1;11.7;266.6666667;161.1111111;791.6666667;2.1
10055700;15;18;33;101;15.7;18.3;13.2;9.6;38.1;621.8;20.8;21.1;21.2;19.3;11.7;266.6666667;161.1111111;791.6666667;2.1
10056600;16;18;33;105;16.5;19.2;13.4;10;37.8;631.6;21.6;22;22;20.4;11.7;266.6666667;161.1111111;791.6666667;2.1
10057500;17;19;33;107;17.4;20;13.8;10.3;37;638.1;22.6;22.8;22.8;21.3;11.7;266.6666667;161.1111111;791.6666667;2.1
10058400;17;20;33;109;18.2;20.9;14.2;11.5;36.6;706.4;23.5;23.7;23.7;22.3;13.8;272.2222222;111.1111111;858.3333333;2.4
10059300;18;22;33;112;19.3;22.3;14.9;11.9;35.3;731.2;24.7;24.9;24.9;23.7;13.8;272.2222222;111.1111111;858.3333333;2.4
10060200;19;22;33;115;20;23;15.2;11.6;34.9;731.7;25.4;25.6;25.5;24.5;13.8;272.2222222;111.1111111;858.3333333;2.4
10061100;20;23;33;116;20.7;23.6;15.3;11.3;33.7;732.2;26.1;26.3;26.1;25.4;13.8;272.2222222;111.1111111;858.3333333;2.4
10062000;20;24;32;114;21.4;24.4;15.7;13;33.8;774.2;26.8;26.9;26.8;26;15.1;-2775;102.7777778;852.7777778;2.4
10062900;21;24;30;101;22.1;25;16.5;13;32.3;774.2;27.4;27.7;27.6;26.4;15.1;-2775;102.7777778;852.7777778;2.4
10063800;22;25;24;83;22.7;25.7;16.6;13.2;31.1;774.2;28.1;28.5;28.4;27.1;15.1;-2775;102.7777778;852.7777778;2.4
10064700;22;26;19;73;23.1;26.4;16.4;13.3;29.8;774.2;28.6;29.5;29.2;28.3;15.1;-2775;102.7777778;852.7777778;2.4
10065600;10;24;30;598;11.8;24.8;16.4;14.3;29.5;793.3;25.9;26.2;25.8;26.1;16.2;280.5555556;100;808.3333333;2.4
10066500;20;22;33;67;20.9;22.6;17.1;14.5;29.3;798.1;24.8;25.3;24.9;23.4;16.2;280.5555556;100;808.3333333;2.4
10067400;21;23;33;72;22.1;23.9;17.5;14.7;28.2;798.1;26.4;26.9;26.7;25.3;16.2;280.5555556;100;808.3333333;2.4
10068300;22;25;25;72;23.3;25.6;17.8;14.9;27;798.1;28;28.7;28.3;27;16.2;280.5555556;100;808.3333333;2.4
10069200;22;26;16;72;23.4;26.8;17.9;15.6;27.3;763.1;29.4;30.3;29.8;28.3;17.3;283.3333333;100;705.5555556;2.3
10070100;22;27;12;71;23.4;28.1;18.4;15.9;27.1;745.6;30.6;31.4;31.2;29.6;17.3;283.3333333;100;705.5555556;2.3
10071000;22;28;10;74;23;29;18.7;16;26.9;745.6;31.5;32.2;32;30.1;17.3;283.3333333;100;705.5555556;2.3
10071900;22;28;10;72;22.9;29.2;18.5;16.1;27.6;745.6;31.5;32.3;32;30.1;17.3;283.3333333;100;705.5555556;2.3
10072800;21;28;9;114;22;29;19.1;16.5;27.5;693.8;32.2;32.8;32.7;30.7;16.8;286.1111111;94.44444444;569.4444444;2.1
10073700;17;28;23;379;17.5;29.4;19.1;16.6;26.7;685.8;30.8;31.3;31.2;29.5;16.8;286.1111111;94.44444444;569.4444444;2.1
10074600;9;21;43;546;10.2;22.2;19;16.7;25.8;685.8;22.9;23.6;22.4;21.5;16.8;286.1111111;94.44444444;569.4444444;2.1
10075500;8;16;43;368;9.5;17.2;19.2;16.8;25.5;685.8;18.9;19.1;18.6;17.3;16.8;286.1111111;94.44444444;569.4444444;2.1
10076400;7;14;43;323;8.7;15.4;19.4;16.9;25;581.7;17.3;17.4;17.1;15.8;17.3;286.1111111;80.55555556;402.7777778;2.4
10077300;7;13;43;294;8.2;14.5;19.6;17;24.7;543.9;16.4;16.4;16.2;14.8;17.3;286.1111111;80.55555556;402.7777778;2.4
10078200;7;13;43;273;8.2;13.7;19.6;17.3;23.9;543.9;15.7;15.8;15.6;14.2;17.3;286.1111111;80.55555556;402.7777778;2.4
10079100;7;12;43;252;7.7;13.1;19.8;17.6;23.7;543.9;15.1;15.2;15;13.6;17.3;286.1111111;80.55555556;402.7777778;2.4
10080000;7;12;43;239;7.7;12.7;19.6;17.5;24;408.6;14.7;14.7;14.6;13.3;17;283.3333333;61.11111111;225;1.9
10080900;8;12;33;110;9.7;12.6;19.7;17.5;24.2;398.9;15;15.1;15.1;13.5;17;283.3333333;61.11111111;225;1.9
10081800;10;12;39;120;10.4;13.1;19.5;17.1;23.5;398.9;15.5;15.5;15.6;14.2;17;283.3333333;61.11111111;225;1.9
10082700;7;13;36;238;8.4;13.5;20.9;16.8;21.5;398.9;15.6;15.6;15.6;14.6;17;283.3333333;61.11111111;225;1.9
10083600;6;10;43;197;7.6;11.7;22.2;16.3;19.9;254.4;13.4;13.3;13.3;12.3;15.8;280.5555556;30.55555556;69.44444444;1.3
10084500;6;9;43;172;7;10.6;19.8;16.2;22.3;232.2;12.5;12.3;12.4;11.4;15.8;280.5555556;30.55555556;69.44444444;1.3
10085400;5;9;43;152;6.7;9.8;18;16.5;24.9;232.2;11.6;11.5;11.7;10.7;15.8;280.5555556;30.55555556;69.44444444;1.3
10086300;5;8;43;136;6.4;9.2;17.4;16.8;25.7;232.2;11.2;10.8;11.2;10.2;15.8;280.5555556;30.55555556;69.44444444;1.3
10087200;5;7;38;97;6.3;8.6;16.8;15.8;27.9;118.7;10.6;10.2;10.6;9.5;13.9;277.7777778;0;2.777777778;1.9
10088100;5;7;39;96;5.9;8.2;16;15.6;30.7;90.3;10.1;9.7;10.2;9.1;13.9;277.7777778;0;2.777777778;1.9
10089000;4;6;39;90;5.4;7.5;15.1;15.7;33;88.2;9.3;9;9.5;8.5;13.9;277.7777778;0;2.777777778;1.9
10089900;5;6;38;95;4.9;7.1;14.5;15.9;34.2;84.1;9;8.5;9;8.2;13.9;277.7777778;0;2.777777778;1.9
10090800;4;5;43;68;4.8;6.3;13.9;14.3;37.4;9.1;8.4;8.1;8.5;7.6;12.1;-2775;0;0;1.7
10091700;4;5;43;64;4.8;6.3;13.4;14.3;40;9.1;8.2;8;8.2;7.4;12.1;-2775;0;0;1.7
10092600;4;5;30;38;4.8;5.9;12.9;14.3;41.6;9.1;7.8;7.7;8;7.1;12.1;-2775;0;0;1.7
10093500;4;5;0;0;4.8;5.8;12.4;14.3;43.3;9.1;8.2;8.1;8.4;7.3;12.1;-2775;0;0;1.7
10094400;3;5;25;64;4.6;6.3;12.1;13.3;44.8;0.6;8.3;8.2;8.4;7.7;11.1;272.2222222;0;0;1.3
10095300;4;5;0;0;4.9;5.8;11.9;13.2;44.7;0;8.1;8;8.2;7.4;11.1;272.2222222;0;0;1.3
10096200;4;5;28;75;4.8;6.4;12.5;13;41.1;0;8.6;8.1;8.6;7.9;11.1;272.2222222;0;0;1.3
10097100;4;6;0;0;5.1;6.5;13.1;12.9;38.4;0;8.7;8.1;8.7;7.5;11.1;272.2222222;0;0;1.3
10098000;4;6;27;88;4.8;7;13.1;11.9;38.4;0;9.3;8.5;9.2;8.2;11.6;272.2222222;0;0;0.8
10098900;4;5;29;52;5.1;6.3;12.6;11.8;41.4;0;8.6;8;8.7;7.6;11.6;272.2222222;0;0;0.8
10099800;3;5;42;79;4.4;5.6;11.8;11.8;44.1;0;7.7;7.3;7.7;6.8;11.6;272.2222222;0;0;0.8
10100700;1.5;3;42.5;103;2;3.95;11.3;10.35;45.15;0;5.9;5.5;5.85;5.1;11.6;272.2222222;0;0;0.8
10101600;0;1;43;127;-0.4;2.3;10.8;8.9;46.2;0;4.1;3.7;4;3.4;10.5;272.2222222;0;0;0.8
10102500;0;0;39;83;-0.8;1.3;10.4;8.2;48;0;3.2;2.8;3.2;2.3;10.5;272.2222222;0;0;0.8
10103400;0;0;41;47;-0.5;1;10.2;8.2;50;0;3.1;2.7;3.2;2.2;10.5;272.2222222;0;0;0.8
10104300;-2;0;43;123;-1.7;0.6;9.8;8.2;51;0;2.8;2.2;2.7;2;10.5;272.2222222;0;0;0.8
10105200;-3;0;43;115;-2.8;-0.4;9.6;7.4;52.1;0;1.7;1;1.5;0.7;9.2;272.2222222;0;0;0.4
10106100;-4;0;43;113;-3.5;-1.1;9.3;7.2;52.5;0;1;0.3;0.8;-0.1;9.2;272.2222222;0;0;0.4
10107000;-4;-2;42;108;-4.2;-1.9;9.2;7.2;53.1;0;0.2;-0.4;0.1;-0.8;9.2;272.2222222;0;0;0.4
10107900;-5;-3;42;106;-4.7;-2.5;9;7.2;54.9;0;-0.3;-1;-0.5;-1.2;9.2;272.2222222;0;0;0.4
10108800;-4;-3;25;62;-4.1;-2.7;8.8;9.5;55.6;0;-0.6;-1.3;-0.8;-1.5;8.3;269.4444444;0;0;0.8
10109700;-3;-3;0;0;-3.2;-2.7;8.6;9.5;56.2;0;0.2;-0.8;-0.1;-1.1;8.3;269.4444444;0;0;0.8
10110600;-3;-2;0;0;-2.9;-2.5;8.4;9.5;56.7;0;0.8;-0.2;0.5;-0.7;8.3;269.4444444;0;0;0.8
10111500;-3;-2;3;4;-2.5;-2.1;8.3;9.5;57.4;0;1.5;1;1.3;-0.1;8.3;269.4444444;0;0;0.8
10112400;-3;0;43;121;-2.5;-0.1;8.2;9.1;58.2;0;2.3;1.2;1.8;1.4;8;269.4444444;0;0;1.9
10113300;-4;-1;43;109;-3.7;-1.3;8.1;8.9;58.1;0;0.8;-0.1;0.4;-0.1;8;269.4444444;0;0;1.9
10114200;-5;-2;43;104;-4.6;-2.4;7.9;8.7;58.6;0;-0.4;-0.9;-0.6;-1.2;8;269.4444444;0;0;1.9
10115100;-6;-3;43;101;-5.4;-3.3;7.8;8.6;59.3;0;-1.3;-1.6;-1.4;-2.1;8;269.4444444;0;0;1.9
10116000;-6;-4;43;97;-6;-3.9;7.7;8.1;60.3;0;-1.9;-2.2;-2;-2.8;6.6;269.4444444;0;0;2.8
10116900;-7;-5;42;96;-6.5;-4.5;7.6;8.1;61.3;0;-2.5;-2.7;-2.5;-3.4;6.6;269.4444444;0;0;2.8
10117800;-7;-5;42;93;-6.8;-4.9;7.4;8;62.7;0;-2.9;-3.1;-2.9;-3.9;6.6;269.4444444;0;0;2.8
10118700;-7;-5;43;91;-7.2;-5.2;7.2;7.9;63.6;0;-3.3;-3.4;-3.2;-4.2;6.6;269.4444444;0;0;2.8
10119600;-7;-6;44;90;-7.2;-5.6;7.2;7.5;64.3;0;-3.4;-3.6;-3.4;-4.3;6.6;269.4444444;2.777777778;2.777777778;2.9
10120500;-7;-6;32;67;-7;-5.7;7.2;7.4;63.3;0;-3.5;-3.8;-3.5;-4.4;6.6;269.4444444;2.777777778;2.777777778;2.9
10121400;-6;-5;0;0;-6;-5.5;7.1;7.5;64.4;0;-3;-3.4;-2.9;-4;6.6;269.4444444;2.777777778;2.777777778;2.9
10122300;-5;-2;0;0;-5.5;-1.6;6.9;7.6;65.2;0;-2.4;-3;-2.5;-3.5;6.6;269.4444444;2.777777778;2.777777778;2.9
10123200;-5;-2;18;43;-5.2;-1.6;6.8;7.6;66.2;0;-1.3;-1.6;-1.1;-2.5;5.7;266.6666667;33.33333333;52.77777778;3
10124100;-6;-3;42;103;-5.4;-3.2;6.9;7.6;66;0;-1.3;-1.6;-1.3;-2.1;5.7;266.6666667;33.33333333;52.77777778;3
10125000;-6;-4;42;97;-6.2;-4.1;7.1;7;65.8;0;-2.1;-2.4;-2.1;-2.9;5.7;266.6666667;33.33333333;52.77777778;3
10125900;-7;-5;42;95;-6.4;-4.6;7.3;6.7;66.1;0;-2.4;-2.9;-2.5;-3.3;5.7;266.6666667;33.33333333;52.77777778;3
10126800;-7;-5;42;95;-6.4;-4.8;7.6;6.9;65.2;23;-2.4;-2.9;-2.5;-3.4;7.6;269.4444444;72.22222222;208.3333333;2.2
10127700;-6;-4;42;97;-6.4;-4.8;8.1;7;64.6;31.4;-2.1;-2.6;-2.2;-3.1;7.6;269.4444444;72.22222222;208.3333333;2.2
10128600;-6;-4;43;102;-6.2;-4.1;9;6.9;62.8;31.4;-1.3;-1.9;-1.4;-2.4;7.6;269.4444444;72.22222222;208.3333333;2.2
10129500;-5;-3;43;108;-5.1;-3;10.1;6.9;58.4;31.4;-0.2;-0.8;-0.2;-1.3;7.6;269.4444444;72.22222222;208.3333333;2.2
10130400;-4;-2;43;112;-4.1;-1.8;10.5;7.7;56.7;165.5;1;0.4;1;-0.2;10.7;-2775;97.22222222;383.3333333;1.7
10131300;-3;-1;43;120;-2.8;-0.5;11.1;7.7;55.5;165.5;2.3;1.9;2.4;1.1;10.7;-2775;97.22222222;383.3333333;1.7
10132200;-2;1;43;129;-1.2;1.4;11.6;7.4;53.7;168.4;4.2;3.9;4.3;2.8;10.7;-2775;97.22222222;383.3333333;1.7
10133100;1;3;38;91;1.7;3.3;12.2;6.7;51.7;174.3;6.2;6;6.3;4.6;10.7;-2775;97.22222222;383.3333333;1.7
10134000;3;5;40;103;3.7;5.7;12.7;8.1;50.1;296;8.5;8.4;8.7;7.1;13.3;280.5555556;108.3333333;552.7777778;1.9
10134900;3;7;41;164;4.3;7.7;13.3;8.5;49;326.4;10.5;10.3;10.5;8.9;13.3;280.5555556;108.3333333;552.7777778;1.9
10135800;4;8;43;175;5.2;8.7;14;8.9;47.2;326.4;11.6;11.5;11.6;9.9;13.3;280.5555556;108.3333333;552.7777778;1.9
10136700;5;9;38;223;5.7;10.2;14.4;9.2;45.7;326.4;12.7;12.7;12.7;11;13.3;280.5555556;108.3333333;552.7777778;1.9
10137600;5;10;37;184;6.3;10.7;15.3;11.2;44.7;485.4;13.7;13.6;13.6;11.8;15.1;283.3333333;105.5555556;700;3.4
10138500;7;12;43;207;8.1;12.3;15.9;11.2;43.5;485.4;14.9;15;15;13.2;15.1;283.3333333;105.5555556;700;3.4
10139400;7;13;38;319;7;13.7;16.5;11.7;42.4;485.4;16.1;16.1;15.9;14.5;15.1;283.3333333;105.5555556;700;3.4
10140300;7;13;40;257;8;13.7;17;12.7;41.7;485.4;16.2;16.3;16;14.4;15.1;283.3333333;105.5555556;700;3.4
10141200;9;14;42;225;10.2;14.8;17.8;14.1;40.5;595.3;17.6;17.6;17.6;15.7;18.2;294.4444444;119.4444444;791.6666667;2.5
10142100;13;16;39;149;13.5;16.7;18.6;14.4;38.7;622.8;19.6;19.9;19.8;17.8;18.2;294.4444444;119.4444444;791.6666667;2.5
10143000;11;18;38;325;12.7;19.1;18.9;14.7;37.9;630.1;21.7;22.1;21.9;20.4;18.2;294.4444444;119.4444444;791.6666667;2.5
10143900;13;18;31;216;14.7;19.2;19.4;15;35.9;636.4;21.3;21.8;21.2;20;18.2;294.4444444;119.4444444;791.6666667;2.5
10144800;18;20;33;69;19.2;20.9;19.8;16;32.9;689.7;23.8;24.1;23.9;22.1;18.4;305.5555556;213.8888889;811.1111111;2.8
10145700;21;23;33;74;21.9;23.7;20.2;16.5;30.5;716.3;26.4;26.8;26.7;25.2;18.4;305.5555556;213.8888889;811.1111111;2.8
10146600;22;25;24;73;23.2;26;20.4;16.6;29.2;716.6;28.8;29.4;29.1;27.7;18.4;305.5555556;213.8888889;811.1111111;2.8
10147500;22;27;13;70;23.2;27.9;20.2;16.7;28.8;717.2;29.8;30.6;30.3;29.1;18.4;305.5555556;213.8888889;811.1111111;2.8
10148400;22;25;19;71;22.8;26.3;20;17.8;27.8;736.8;27.1;27.7;27.6;26.4;18.8;316.6666667;286.1111111;550;2.4
10149300;21;23;32;66;22.2;24;20.5;18;26.6;739.8;25.7;25.8;26.1;24.8;18.8;316.6666667;286.1111111;550;2.4
10150200;21;22;33;66;21.8;23.7;20.9;19;26.6;739.8;25.4;25.5;25.7;24.5;18.8;316.6666667;286.1111111;550;2.4
10151100;21;23;33;72;21.9;23.6;20.8;19.6;26.6;739.8;25.9;26.1;26.2;25.3;18.8;316.6666667;286.1111111;550;2.4
10152000;14;25;34;492;14.8;25.5;21.2;20.3;26;765.8;27.3;27.2;27.3;26.6;20;313.8888889;225;705.5555556;2.5
10152900;12;18;32;223;13.3;19.5;20.8;20.5;26.7;775.2;20.9;21;20.7;19.5;20;313.8888889;225;705.5555556;2.5
10153800;17;19;33;67;18.3;19.9;21.3;20.1;26.3;775.2;22.9;23.1;23;21.5;20;313.8888889;225;705.5555556;2.5
10154700;21;23;33;74;21.9;23.6;21.7;19.6;25;775.2;26.2;26.6;26.5;25.1;20;313.8888889;225;705.5555556;2.5
10155600;16;24;21;339;15.4;24.8;22.2;20.3;25.3;634.6;27.3;27.5;27.5;26.2;20;336.1111111;344.4444444;527.7777778;1.8
10156500;17;22;35;226;16.5;23.4;22.7;20.3;24.3;634.6;24.6;25;24.8;23.4;20;336.1111111;344.4444444;527.7777778;1.8
10157400;8;18;43;433;9.8;18.9;22.7;20.1;26.4;634.6;20;20;19.5;18.9;20;336.1111111;344.4444444;527.7777778;1.8
10158300;8;15;43;337;9.3;16.2;23.7;19.7;26.1;634.6;18.5;18.5;18.3;17.2;20;336.1111111;344.4444444;527.7777778;1.8
10159200;8;16;43;347;9.2;16.6;24.3;19.8;25.3;569.2;18.7;18.8;18.5;17.2;20;341.6666667;319.4444444;425;4.1
10160100;8;15;43;328;9.2;16.2;24.6;19.8;23.8;559.1;18.3;18.4;18.1;16.8;20;341.6666667;319.4444444;425;4.1
10161000;8;15;43;328;9.2;16.2;24.8;20;24.1;559.1;18.4;18.5;18.2;16.8;20;341.6666667;319.4444444;425;4.1
10161900;8;15;43;319;9.2;16.2;24.3;20.2;24.5;559.1;18.2;18.2;18;16.6;20;341.6666667;319.4444444;425;4.1
10162800;8;14;43;283;9.2;15.2;24;20.1;25.1;438.7;17.1;17;17;15.7;19.6;344.4444444;211.1111111;227.7777778;6.6
10163700;11;14;32;104;11.4;15.1;23.4;20;25.3;394.9;17.2;17.4;17.5;15.8;19.6;344.4444444;211.1111111;227.7777778;6.6
10164600;8;14;41;295;9.3;15.2;23.1;19.9;25.9;394.9;17.2;17.1;17.1;16.2;19.6;344.4444444;211.1111111;227.7777778;6.6
10165500;8;13;43;234;8.9;13.7;22.8;19.9;26.3;394.9;15.7;15.5;15.6;14.3;19.6;344.4444444;211.1111111;227.7777778;6.6
10166400;7;12;43;220;8.4;13;22.9;19.4;26.4;302;15;14.9;15;13.9;19.2;336.1111111;133.3333333;138.8888889;4.5
10167300;7;12;43;220;8.3;12.7;22.8;19.2;26.4;255.5;15;14.8;14.9;13.8;19.2;336.1111111;133.3333333;138.8888889;4.5
10168200;7;11;43;198;8.3;12.3;22.2;19.2;27.5;255.5;14.6;14.1;14.4;13.2;19.2;336.1111111;133.3333333;138.8888889;4.5
10169100;7;11;38;167;8.4;12.2;21.8;19.3;28.3;255.5;14.5;14;14.3;13.2;19.2;336.1111111;133.3333333;138.8888889;4.5
10170000;9;12;38;108;10.3;12.2;21.6;18.5;29.1;131.4;14.8;14.5;14.9;13.5;18.5;363.8888889;25;25;1.8
10170900;6;11;43;221;7.1;12.1;21.4;18.4;29.2;122.5;14;13.8;14.1;13;18.5;363.8888889;25;25;1.8
10171800;7;10;43;158;7.8;11;21;18.6;29.4;122.5;13.1;12.7;13;11.9;18.5;363.8888889;25;25;1.8
10172700;6;9;43;147;7.5;10.7;20.7;18.8;30.1;122.5;12.7;12.2;12.5;11.6;18.5;363.8888889;25;25;1.8
10173600;6;9;43;137;7.5;10.2;20.4;18.1;31.6;59.5;12.2;12;12.2;11.2;15.2;344.4444444;0;0;1
10174500;7;9;38;99;7.9;10.2;20.1;17.8;32.5;36.6;12.2;12.1;12.3;11.3;15.2;344.4444444;0;0;1
10175400;6;10;38;136;7.2;10.4;19.2;18.1;37.1;39.6;12.7;12.4;12.6;11.8;15.2;344.4444444;0;0;1
10176300;6;9;43;135;7.2;9.9;17.6;18.3;43.5;42.3;11.9;11.6;11.9;11;15.2;344.4444444;0;0;1
10177200;6;9;43;127;7.2;9.7;16.9;16.4;46.8;1.9;11.8;11.5;11.9;10.9;14.2;350;0;0;1.9
10178100;6;9;43;120;7.2;9.7;16.7;16.4;48.3;1.9;11.6;11.3;11.6;10.6;14.2;350;0;0;1.9
10179000;6;8;43;109;7.2;9.2;16.5;16.5;49.1;1.9;11.1;10.9;11.2;10.3;14.2;350;0;0;1.9
10179900;6;8;43;100;6.7;8.9;16.3;16.7;50.2;1.9;10.7;10.6;10.9;10;14.2;350;0;0;1.9
10180800;6;8;43;98;6.7;8.7;16;15.4;51.7;0.3;10.6;10.5;10.8;9.7;12.9;358.3333333;0;0;2.4
10181700;6;8;36;89;6.4;8.7;15.9;15.2;52.7;0;10.7;10.6;10.9;9.9;12.9;358.3333333;0;0;2.4
10182600;5;7;38;89;6.2;8.4;15.9;14.5;53.2;0;10.3;10.2;10.4;9.3;12.9;358.3333333;0;0;2.4
10183500;5;7;41;93;6.3;7.8;15.7;13.9;58.1;0;9.7;9.6;9.8;8.8;12.9;358.3333333;0;0;2.4
10184400;5;6;43;70;5.8;7.2;15;13.1;62.6;0;9.4;9.3;9.6;8.5;10.7;361.1111111;0;0;1.4
10185300;5;6;43;63;5.8;7.2;14.9;13;65.7;0;9.2;9.1;9.3;8.4;10.7;361.1111111;0;0;1.4
10186200;5;6;43;58;5.8;7.2;14.6;13.2;71.6;0;9;8.9;9.2;8.1;10.7;361.1111111;0;0;1.4
10187100;5;6;43;56.5;5.8;7;14.25;12.65;75.35;0;8.9;8.85;9.1;8.05;10.7;361.1111111;0;0;1.4
10188000;5;6;43;55;5.8;6.8;13.9;12.1;79.1;0;8.8;8.8;9;8;10.5;361.1111111;0;0;1.7
10188900;5;6;9;11;5.8;6.7;13.5;11.6;83.9;0;8.9;9;9.2;8;10.5;361.1111111;0;0;1.7
10189800;5;6;14;48;5.6;7;13.3;11.6;86.4;0;9.7;9.7;10.1;8.6;10.5;361.1111111;0;0;1.7
10190700;5;6;14;32;5.8;7.4;13.2;11.6;86.8;0;9.2;9.2;9.5;8.4;10.5;361.1111111;0;0;1.7
10191600;5;8;7;28;6.2;8.7;13.3;10.6;86.9;0;9.9;9.8;10.1;8.7;10.3;355.5555556;0;0;3.7
10192500;5;7;37;110;5.5;7.8;13.3;10.6;86.5;0;9.5;9.4;9.6;8.9;10.3;355.5555556;0;0;3.7
10193400;4;6;34;72;5.2;6.9;13.3;10.6;86.9;0;8.7;8.7;8.8;8.1;10.3;355.5555556;0;0;3.7
10194300;4;5;20;42;5.2;6.7;13.2;10.6;87.6;0;8.6;8.5;8.7;7.8;10.3;355.5555556;0;0;3.7
10195200;5;6;3;4;5.5;6.7;13.3;9.7;87.3;0;9.1;9.1;9.3;8.1;10.8;355.5555556;0;0;2.1
10196100;5;6;26;73;5.5;7.4;13.3;9.5;87.2;0;9.3;9.1;9.4;8.4;10.8;355.5555556;0;0;2.1
10197000;4;6;26;80;5.2;7.2;13.3;9.5;87;0;9.4;9.3;9.5;8.5;10.8;355.5555556;0;0;2.1
10197900;4;6;29;80;4.9;6.8;13.5;9.5;87.4;0;8.4;8.5;8.7;7.9;10.8;355.5555556;0;0;2.1
10198800;4;5;0;0;5.2;6.7;13.8;9.9;87.2;0;9;9;9.3;7.7;11.2;352.7777778;0;0;1.2
10199700;5;7;31;92;5.2;7.4;13.7;10;85.5;0;9.7;9.6;10;8.7;11.2;352.7777778;0;0;1.2
10200600;4;6;38;113;4.9;7.2;13.8;9.9;85.7;0;9.4;9.1;9.4;8.5;11.2;352.7777778;0;0;1.2
10201500;2;5;43;153;2.9;6.1;14;9.8;86.5;0;7.8;7.6;7.8;7.1;11.2;352.7777778;0;0;1.2
10202400;1;4;41;127;2.1;4.9;14;9.9;85.5;0;6.8;6.6;6.7;5.9;10.9;358.3333333;0;0;2.6
10203300;2;4;39;93;2.6;4.8;13.9;9.9;82.8;0;7.2;6.9;7.3;6.2;10.9;358.3333333;0;0;2.6
10204200;3;5;42;82;4;5.6;13.9;10.2;80;0;8.2;7.9;8.3;7.4;10.9;358.3333333;0;0;2.6
10205100;2;5;43;155;3;6.2;13.8;10.8;80.1;0;8.2;7.9;8.3;7.5;10.9;358.3333333;0;0;2.6
10206000;2;5;41;118;3.3;6.2;13.1;10.7;87.2;0;8;7.8;8.1;7.2;10.4;338.8888889;0;0;4
10206900;3;5;36;78;4.4;6.2;12.6;10.7;87.1;0;8.3;8.2;8.5;7.5;10.4;338.8888889;0;0;4
10207800;4;5;20;40;5.1;6.2;12.6;10.8;87.4;0;8.3;8.3;8.6;7.3;10.4;338.8888889;0;0;4
10208700;4;8;2;6;5.1;7.9;12.6;11.1;86.5;0;8.9;8.9;9.2;7.5;10.4;338.8888889;0;0;4
10209600;4;6;26;80;5.1;7.2;12.5;11;85.8;0;9;9;9.3;8.3;9.8;305.5555556;50;58.33333333;3.4
10210500;3;6;34;109;4.2;6.8;12.3;11;84.5;0;8.8;8.6;8.9;8;9.8;305.5555556;50;58.33333333;3.4
10211400;1;4;43;145;2.2;5.3;12.1;10.9;85.2;0;7;6.8;7;6.3;9.8;305.5555556;50;58.33333333;3.4
10212300;1;3;39;98;1.8;4.2;12.2;10.8;85.5;0;6.3;6.1;6.4;5.4;9.8;305.5555556;50;58.33333333;3.4
10213200;2;3;40;76;2.7;4.3;12.7;10.8;85.5;8.9;6.6;6.4;6.8;5.8;10.5;319.4444444;108.3333333;116.6666667;3.8
10214100;2;4;43;121;2.8;5.1;13.3;10.8;81.5;12.2;7.5;7.3;7.7;6.6;10.5;319.4444444;108.3333333;116.6666667;3.8
10215000;1;4;43;146;2;5;13.5;10.7;77.5;12.2;7;6.8;7;6.1;10.5;319.4444444;108.3333333;116.6666667;3.8
10215900;2;4;39;95;2.4;4.7;13.7;10.4;73.4;12.2;7;6.8;7;6.1;10.5;319.4444444;108.3333333;116.6666667;3.8
10216800;3;4;40;64;3.9;5.2;14.1;10.6;70;62.4;7.7;7.5;7.9;6.7;11.9;319.4444444;275;377.7777778;3
10217700;2;6;43;144;3.5;6.5;14.4;10.7;65.8;80.7;8.9;8.7;9;7.9;11.9;319.4444444;275;377.7777778;3
10218600;3;6;42;149;3.9;7;14.7;10.5;65.1;81.2;9.6;9.4;9.5;8.4;11.9;319.4444444;275;377.7777778;3
10219500;5;7;39;100;6;8.1;15.4;10.1;62.7;82.1;10.9;10.8;10.9;9.5;11.9;319.4444444;275;377.7777778;3
10220400;6;9;37;152;6.7;10.1;16.4;10.5;59.6;178.2;12.8;12.8;12.9;11.4;12.7;305.5555556;255.5555556;391.6666667;6.7
10221300;6;9;39;152;6.9;10.4;16.6;10.7;57.3;213.1;12.4;12.4;12.4;11.1;12.7;305.5555556;255.5555556;391.6666667;6.7
10222200;5;9;43;193;6.1;9.9;16.2;10.8;57.8;213.1;12;11.9;11.9;10.7;12.7;305.5555556;255.5555556;391.6666667;6.7
10223100;5;9;36;155;6.8;10;15.8;11;59.7;213.1;12.5;12.4;12.5;11.2;12.7;305.5555556;255.5555556;391.6666667;6.7
10224000;6;10;37;164;6.8;10.5;16.3;11.4;57.9;290.7;13.1;13;13.2;11.9;14.5;341.6666667;288.8888889;375;7.2
10224900;6;11;43;272;6.5;12.2;16.9;11.6;54.7;318.9;14.7;14.6;14.5;13.1;14.5;341.6666667;288.8888889;375;7.2
10225800;9;12;37;83;10.2;12.6;17.4;11.9;52;318.9;15;15;15;13.5;14.5;341.6666667;288.8888889;375;7.2
10226700;9;13;43;197;10;14.1;18.5;12.4;50.1;318.9;16.3;16.4;16.4;15.1;14.5;341.6666667;288.8888889;375;7.2
10227600;10;13;39;130;11.1;14.2;18.8;12.8;48;360.7;16.5;16.5;16.4;15.2;11;350;197.2222222;200;6.1
10228500;8;13;41;213;9.5;13.6;17.4;12.9;49.4;375.9;15.3;15.2;15.3;14.3;11;350;197.2222222;200;6.1
10229400;6;9;43;138;7.4;10.3;15.5;12.9;63.4;375.9;11.7;11.7;11.8;10.9;11;350;197.2222222;200;6.1
10230300;5;8;43;108;6.5;8.7;13.9;12.9;70.3;375.9;10.4;10.4;10.6;9.7;11;350;197.2222222;200;6.1
10231200;5;8;38;108;6;8.5;14.8;13.3;67.5;390.6;10.9;10.9;11.1;10.2;13.5;338.8888889;408.3333333;472.2222222;4.3
10232100;5;9;43;187;6.1;9.9;16.6;13.5;62.1;395.9;12.3;12.4;12.5;11.5;13.5;338.8888889;408.3333333;472.2222222;4.3
10233000;7;10;39;135;7.9;10.8;17.6;14;57;404.9;13.4;13.5;13.6;12.3;13.5;338.8888889;408.3333333;472.2222222;4.3
10233900;8;11;39;119;9.3;12;17.6;14.9;55.3;422.9;14.6;14.6;14.7;13.6;13.5;338.8888889;408.3333333;472.2222222;4.3
10234800;11;13;38;89;11.8;13.7;17.7;15;52;451.2;16.2;16.3;16.4;15;11.6;336.1111111;286.1111111;380.5555556;6.3
10235700;8;13;42;260;9.2;14;16.5;15.1;51.3;461.5;16.1;16.3;16.2;15.2;11.6;336.1111111;286.1111111;380.5555556;6.3
10236600;6;11;43;202;7.6;11.9;15.7;13.8;52.6;461.5;13.4;13.4;13.3;12.2;11.6;336.1111111;286.1111111;380.5555556;6.3
10237500;6;10;43;168;7.2;10.7;16;11.3;51.4;461.5;12.7;12.6;12.7;11.5;11.6;336.1111111;286.1111111;380.5555556;6.3
10238400;6;9;43;140;7;9.9;16;11.7;52.4;470.7;11.8;11.8;12;10.8;12.7;327.7777778;319.4444444;455.5555556;4.2
10239300;6;10;43;172;6.7;10.2;16.8;11.9;49.4;474.1;12.7;12.7;12.8;11.7;12.7;327.7777778;319.4444444;455.5555556;4.2
10240200;6;10;39;162;7.2;10.9;17.2;12.5;48.2;474.1;13.4;13.4;13.5;12.3;12.7;327.7777778;319.4444444;455.5555556;4.2
10241100;6;11;42;186;7.6;11.3;17;13.8;49.1;474.1;13.9;13.9;13.9;12.8;12.7;327.7777778;319.4444444;455.5555556;4.2
10242000;10;13;39;133;11;13.9;16.8;13.9;51;461.8;16.5;16.6;16.5;15.2;12;327.7777778;161.1111111;352.7777778;5.6
10242900;9;13;39;188;9.8;14;16.1;14;53.2;457.3;15.7;15.9;15.9;14.6;12;327.7777778;161.1111111;352.7777778;5.6
10243800;5;10;38;181;6.7;10.9;15.4;13.3;56.9;457.3;12.2;12.2;12.1;11.5;12;327.7777778;161.1111111;352.7777778;5.6
10244700;5;8;39;147;6;8.9;15.3;11.9;59.2;457.3;11.2;11.1;11.2;10.3;12;327.7777778;161.1111111;352.7777778;5.6
10245600;6;10;43;199;6.8;10.8;16.4;12.2;55.8;444.9;13.6;13.7;13.6;12.4;13.9;311.1111111;227.7777778;397.2222222;3.9
10246500;7;12;43;236;7.7;12.6;17.5;12.3;53.3;438.7;15.3;15.3;15.2;13.7;13.9;311.1111111;227.7777778;397.2222222;3.9
10247400;7;12;43;226;7.9;12.7;18.4;12.7;48.5;438.7;15.1;15.1;15;13.7;13.9;311.1111111;227.7777778;397.2222222;3.9
10248300;7;12;43;230;7.9;12.9;18.4;12.9;49.2;438.7;15.3;15.4;15.2;14;13.9;311.1111111;227.7777778;397.2222222;3.9
10249200;8;12;39;210;8.8;13.3;18.2;13.3;47.8;351.3;15.4;15.4;15.3;14;13.2;313.8888889;205.5555556;283.3333333;3.4
10250100;8;11;40;145;9.1;12.5;17.8;13.3;46.8;345.1;14.5;14.5;14.5;13.2;13.2;313.8888889;205.5555556;283.3333333;3.4
10251000;9;11;39;112;9.5;12.2;18;12.9;43.8;345.1;14.4;14.3;14.5;13.3;13.2;313.8888889;205.5555556;283.3333333;3.4
10251900;6;12;36;203;7.5;12.4;17.9;12.2;43.5;345.1;14.4;14.4;14.4;13.6;13.2;313.8888889;205.5555556;283.3333333;3.4
10252800;7;11;39;180;7.9;11.6;17.2;12.1;48.7;291;13.6;13.6;13.6;12.6;14.1;325;102.7777778;144.4444444;3
10253700;6;9;43;137;7.4;10.2;16.8;12.1;50.8;271.3;12;11.9;12.1;11;14.1;325;102.7777778;144.4444444;3
10254600;6;8;43;115;6.9;9.3;16.7;12.6;50.8;271.3;11.1;11;11.2;10.3;14.1;325;102.7777778;144.4444444;3
10255500;6;8;43;124;6.8;9.2;17.8;13.6;46.4;271.3;11.4;11.3;11.5;10.6;14.1;325;102.7777778;144.4444444;3
10256400;6;9;43;133;6.8;9.6;19.3;13.3;38.5;186.3;11.6;11.6;11.8;10.7;13.6;319.4444444;58.33333333;88.88888889;3.7
10257300;6;9;43;131;6.8;9.7;17.6;13.2;40.9;165;11.7;11.6;11.7;10.8;13.6;319.4444444;58.33333333;88.88888889;3.7
10258200;6;9;37;116;6.9;9.7;16.7;13;43.6;165;11.8;11.7;11.9;10.8;13.6;319.4444444;58.33333333;88.88888889;3.7
10259100;6;8;39;113;6.8;9.5;16.1;12.7;46.9;165;11.4;11.1;11.4;10.4;13.6;319.4444444;58.33333333;88.88888889;3.7
10260000;5;8;39;104;6.5;8.9;15.5;12.4;47.9;100.1;10.8;10.6;10.8;9.9;12.5;308.3333333;5.555555556;5.555555556;3.6
10260900;5;7;39;95;6.3;8.3;15.2;12.3;49;67.6;10.2;10;10.3;9.3;12.5;308.3333333;5.555555556;5.555555556;3.6
10261800;5;7;37;85;5.9;7.9;14.8;13;50;67.1;9.8;9.7;10;9;12.5;308.3333333;5.555555556;5.555555556;3.6
10262700;4;6;43;96;5.7;7.4;14.4;13.5;51.1;66.7;9.3;9.1;9.5;8.6;12.5;308.3333333;5.555555556;5.555555556;3.6
10263600;5;6;43;69;5.8;7.2;14;12.9;52.5;31.1;9.1;8.9;9.2;8.3;11.2;280.5555556;0;0;3.3
10264500;5;6;43;67;5.8;7.2;13.7;12.5;53.9;7.4;9;8.8;9.2;8.2;11.2;280.5555556;0;0;3.3
10265400;5;6;43;63;5.8;7;13.4;12.6;55.3;7.4;8.9;8.7;9.1;8.1;11.2;280.5555556;0;0;3.3
10266300;4;6;43;55;5.8;6.7;13.1;12.6;56.3;7.4;8.6;8.4;8.8;7.8;11.2;280.5555556;0;0;3.3
10267200;4;6;0;0;5.8;6.7;12.7;11.6;57.4;0;8.9;8.6;9.1;7.9;9.9;272.2222222;0;0;3
10268100;4;6;34;69;5.4;7;12.4;11.6;58.4;0;9;8.7;9.1;8.3;9.9;272.2222222;0;0;3
10269000;3;5;39;81;4.3;6;12.1;11.5;58.9;0;7.8;7.5;7.9;7.2;9.9;272.2222222;0;0;3
10269900;3;4;36;58;4;5.3;11.8;11.5;60.5;0;7.2;6.9;7.4;6.5;9.9;272.2222222;0;0;3
10270800;4;4;3;2;4.5;5.2;11.6;10.8;61.8;0;7.4;7.1;7.5;6.4;8.7;266.6666667;0;0;3
10271700;4;4;22;43;4.4;5.5;11.4;10.7;62.5;0;8.1;7.6;8.1;7;8.7;266.6666667;0;0;3
10272600;4;5;3;3;4.7;5.7;11.1;10.7;62.7;0;7.8;7.4;7.9;7.2;8.7;266.6666667;0;0;3
10273500;2.5;4.5;23;73;3.3;5.35;10.8;11.1;62.25;0;7.2;6.85;7.25;6.7;8.7;266.6666667;0;0;3
10274400;1;4;43;143;1.9;5;10.5;11.5;61.8;0;6.6;6.3;6.6;6.2;7.6;269.4444444;0;0;2.3
10275300;0;2;41;112;0.7;3.2;10.1;11.6;63.4;0;5.1;4.7;5;4.3;7.6;269.4444444;0;0;2.3
10276200;0;2;39;76;0.6;2.7;9.8;11.6;63.5;0;4.6;4.3;4.6;3.8;7.6;269.4444444;0;0;2.3
10277100;1;2;40;74;1;2.7;9.6;11.6;63.8;0;4.7;4.4;4.7;4;7.6;269.4444444;0;0;2.3
10278000;1;1;38;61;1.1;2;9.4;10.7;63.8;0;4;3.7;4;3.2;7.1;305.5555556;0;0;2
10278900;2;2;6;0;3;2.2;9.3;10.6;64.6;0;5.2;5;5.4;3.7;7.1;305.5555556;0;0;2
10279800;2;2;0;0;3;2.6;9.6;10.6;64.3;0;5.7;5.5;5.9;4.1;7.1;305.5555556;0;0;2
10280700;2;2;11;25;2.7;3;9.8;10.6;63.5;0;6.2;5.9;6.3;4.9;7.1;305.5555556;0;0;2
10281600;0;2;43;137;0.5;3.4;10;9.6;61.5;0;5.1;4.8;5.1;4.6;6.7;302.7777778;0;0;1.8
10282500;0;1;43;126;-0.9;1.7;10;9.5;60.6;0;3.5;3.2;3.5;2.9;6.7;302.7777778;0;0;1.8
10283400;-2;0;41;118;-1.6;0.8;9.7;9.5;61.2;0;2.8;2.5;2.8;2;6.7;302.7777778;0;0;1.8
10284300;1;0;24;0;2;1.1;9.7;9.5;60.8;0;3.8;3.7;4;2.5;6.7;302.7777778;0;0;1.8
10285200;1;1;18;47;1.5;2.2;9.5;6.7;60.5;0;5.2;5;5.4;3.8;6.6;316.6666667;0;0;0.9
10286100;0;1;43;130;-0.5;2.3;9.3;6.3;60.5;0;4;3.7;4.1;3.5;6.6;316.6666667;0;0;0.9
10287000;-1;0;43;122;-1.5;1.1;9.3;6.4;60.2;0;3;2.7;3;2.2;6.6;316.6666667;0;0;0.9
10287900;-1;0;26;70;-1.2;0.4;9.4;6.5;60;0;2.5;2.3;2.5;1.5;6.6;316.6666667;0;0;0.9
10288800;0;0;0;0;0.2;0.2;9.6;6.2;59.7;0;3;3;3.4;1.7;6.3;305.5555556;0;0;1.9
10289700;0;0;0;0;0.2;0.6;9.7;6.1;59.8;0;3.5;3.6;4.1;2.1;6.3;305.5555556;0;0;1.9
10290600;0;0;0;0;0.6;0.9;9.7;6.1;61.6;0;4;4.4;4.6;2.5;6.3;305.5555556;0;0;1.9
10291500;0;0;7;11;0.7;1.4;9.5;6.2;62.9;0;4.6;5.3;5;3.1;6.3;305.5555556;0;0;1.9
10292400;0;1;43;131;-0.4;2.3;8.9;6;65.1;0;3.9;3.8;4;3.3;6.1;319.4444444;2.777777778;2.777777778;1.7
10293300;-2;0;43;118;-2;0.5;9;5.9;66.2;0;2.2;2;2.2;1.6;6.1;319.4444444;2.777777778;2.777777778;1.7
10294200;-3;0;43;110;-3;-0.7;9.3;6;63.6;0;1.2;1;1.1;0.4;6.1;319.4444444;2.777777778;2.777777778;1.7
10295100;-3;0;20;49;-2.5;-1.3;9.3;6.3;63.4;0;0.9;0.7;0.9;0;6.1;319.4444444;2.777777778;2.777777778;1.7
10296000;-2;0;0;0;-1.6;-0.8;9.4;6.1;61.5;0;1.5;1.5;1.8;0.4;6;322.2222222;25;25;1.8
10296900;-2;0;41;112;-2.1;0.1;9.5;6;61;0;2.3;2.1;2.4;1.7;6;322.2222222;25;25;1.8
10297800;-3;0;43;113;-3;-0.6;9.6;6.1;62.3;0;1.2;1;1.2;0.5;6;322.2222222;25;25;1.8
10298700;-4;0;43;111;-3.3;-1.3;9.8;6.1;60.2;0;0.9;0.7;0.8;0;6;322.2222222;25;25;1.8
10299600;-3;0;43;108;-3.3;-1.3;9.5;6;58.7;19.6;1.2;1;1;0.1;6.3;325;83.33333333;86.11111111;3.4
10300500;-3;0;0;0;-1.2;-1.3;9.6;6;59.6;19.6;1.8;1.8;1.8;0.4;6.3;325;83.33333333;86.11111111;3.4
10301400;-3;0;18;40;-1.2;0;9.8;6;59.5;19.6;3.1;3.1;3.4;1.7;6.3;325;83.33333333;86.11111111;3.4
10302300;-2;0;43;127;-1.5;1.3;9.9;6;60.1;19.6;3.2;3;3.2;2.3;6.3;325;83.33333333;86.11111111;3.4
10303200;-2;0;43;124;-1.7;0.7;9.7;6.3;59.1;91.1;3.1;2.9;3;2.2;6.4;330.5555556;86.11111111;86.11111111;4
10304100;-2;0;43;123;-1.7;0.7;9.8;6.3;57.8;96.2;3.3;3.1;3.3;2.3;6.4;330.5555556;86.11111111;86.11111111;4
10305000;-1;0;12;31;0.2;0.9;9.7;6.4;57.6;96.1;3.8;3.6;3.9;2.4;6.4;330.5555556;86.11111111;86.11111111;4
10305900;0;1;8;18;1.1;1.9;9.7;6.5;58.3;95.9;4.6;4.9;5.2;3.4;6.4;330.5555556;86.11111111;86.11111111;4
10306800;0;2;43;138;0.3;3.2;9.9;7;57.7;174;4.9;4.8;5.1;4;6.8;333.3333333;91.66666667;91.66666667;4.2
10307700;0;1;43;130;-0.6;2;9.9;7.1;57.3;186;4;3.8;4;3.1;6.8;333.3333333;91.66666667;91.66666667;4.2
10308600;0;1;43;125;-0.9;1.7;10.1;7;58.2;186;3.8;3.5;3.7;2.7;6.8;333.3333333;91.66666667;91.66666667;4.2
10309500;0;1;0;0;1.2;1.7;10.1;6.9;58.6;186;4.1;4.2;4.4;2.8;6.8;333.3333333;91.66666667;91.66666667;4.2
10310400;0;2;20;57;1.2;2.6;10.3;7.6;58.2;253.8;5.3;5.6;6;4.2;7.2;333.3333333;116.6666667;116.6666667;3.8
10311300;0;2;43;136;0.2;3.1;10.4;7.8;57.7;278.4;4.9;4.8;4.9;4;7.2;333.3333333;116.6666667;116.6666667;3.8
10312200;0;1;43;129;-0.5;2.2;10.4;7.6;57.6;278.4;4.2;4;4.1;3.3;7.2;333.3333333;116.6666667;116.6666667;3.8
10313100;1;1;15;42;0.8;2.2;10.8;7.2;56.1;278.4;4.5;4.5;4.5;3.3;7.2;333.3333333;116.6666667;116.6666667;3.8
10314000;1;3;3;0;1.9;3;10.6;7.7;57.9;316.7;5.9;6.1;6.4;4.2;7.1;333.3333333;111.1111111;111.1111111;2.1
10314900;1;4;43;146;1.9;4.9;10.6;7.9;58.5;330.6;6.9;6.9;7;6;7.1;333.3333333;111.1111111;111.1111111;2.1
10315800;0;3;43;139;1;3.9;10.5;7.7;59.7;326.7;5.8;5.7;5.8;5;7.1;333.3333333;111.1111111;111.1111111;2.1
10316700;1;3;38;77;2;3.8;10.8;7.3;60.2;318.8;5.7;5.7;5.9;4.9;7.1;333.3333333;111.1111111;111.1111111;2.1
10317600;2;3;0;0;3.1;3.8;10.8;7.4;60.4;282.6;6.7;6.8;7;5.2;6.6;336.1111111;88.88888889;88.88888889;1.8
10318500;1;4;43;139;2.4;5.3;10.8;7.4;61.2;269.5;7.4;7.4;7.6;6.6;6.6;336.1111111;88.88888889;88.88888889;1.8
10319400;0;3;43;140;1.4;4.3;10.6;7.3;63.1;256.7;6.1;6;6.2;5.3;6.6;336.1111111;88.88888889;88.88888889;1.8
10320300;1;2;36;63;2.1;3.4;10.2;7.2;65.9;231;5.5;5.4;5.7;4.6;6.6;336.1111111;88.88888889;88.88888889;1.8
10321200;2;4;6;8;2.8;3.6;8.9;7;79.3;227.9;6.2;6.2;6.4;4.9;5.4;336.1111111;102.7777778;102.7777778;1.5
10322100;0;3;43;135;1.4;4.4;8;6.9;87.3;226.8;6.2;6.1;6.3;5.5;5.4;336.1111111;102.7777778;102.7777778;1.5
10323000;0;2;43;135;0.4;3.2;7.8;6.9;89.2;226.8;5;4.9;5.1;4.3;5.4;336.1111111;102.7777778;102.7777778;1.5
10323900;1;2;21;63;1.2;2.8;7.6;6.8;90.5;226.8;4.7;4.7;4.9;3.8;5.4;336.1111111;102.7777778;102.7777778;1.5
10324800;1;2;13;14;2.4;3.1;7.5;6.7;91.9;247.6;5.5;5.7;5.9;4.5;5.3;336.1111111;105.5555556;105.5555556;1.3
10325700;0;3;43;134;0.7;3.5;7.1;6.6;92.1;255.2;5.3;5.3;5.5;4.6;5.3;336.1111111;105.5555556;105.5555556;1.3
10326600;0;1;43;132;-0.3;2.5;7.3;6.5;92.5;255.2;4.3;4.2;4.4;3.6;5.3;336.1111111;105.5555556;105.5555556;1.3
10327500;0;1;42;114;-0.2;2.1;7.7;6.4;92.5;255.2;4;3.9;4.1;3.2;5.3;336.1111111;105.5555556;105.5555556;1.3
10328400;1;1;23;0;2.2;2.1;7.8;6.5;92.5;230.1;4.8;4.8;5.1;3.5;5.2;336.1111111;113.8888889;113.8888889;1.3
10329300;0;3;26;71;1.6;3.1;7.9;6.5;92.5;221;5.9;5.8;6.1;4.5;5.2;336.1111111;113.8888889;113.8888889;1.3
10330200;0;2;43;133;0.2;3;7.8;6.2;92.1;221;4.7;4.6;4.8;4;5.2;336.1111111;113.8888889;113.8888889;1.3
10331100;0;1;43;128;-0.4;2.2;7.7;5.5;92.4;221;4.1;4;4.2;3.3;5.2;336.1111111;113.8888889;113.8888889;1.3
10332000;0;1;32;91;-0.1;1.8;7.9;5.8;92.8;195.5;4;4;4.1;3.1;5.6;336.1111111;141.6666667;144.4444444;1.5
10332900;1;1;0;0;1.6;1.8;8.1;6;92.6;182.8;4.7;5;5.2;3.4;5.6;336.1111111;141.6666667;144.4444444;1.5
10333800;1;3;25;73;1.9;3.5;8.5;5.8;92.7;182.8;6.3;6.7;6.9;5.3;5.6;336.1111111;141.6666667;144.4444444;1.5
10334700;0;3;43;139;1;3.9;8.1;5.6;91.7;182.8;5.6;5.6;5.8;4.9;5.6;336.1111111;141.6666667;144.4444444;1.5
10335600;0;2;43;131;0.2;3;7.9;5.9;91.9;165.3;4.9;4.8;5;4.1;6.2;330.5555556;116.6666667;116.6666667;1.3
10336500;1;2;37;53;1.6;2.6;8.3;6;92.1;162.6;4.8;4.8;5;3.8;6.2;330.5555556;116.6666667;116.6666667;1.3
10337400;2;2;0;0;2.4;2.7;8.4;5.8;91.2;162.6;5.7;5.8;6;4.2;6.2;330.5555556;116.6666667;116.6666667;1.3
10338300;1;3;40;124;1.8;4.4;9.2;5.4;92.3;162.6;6.6;6.6;6.8;5.7;6.2;330.5555556;116.6666667;116.6666667;1.3
10339200;0;3;43;137;0.9;3.8;9.3;5.7;91.5;141.6;5.6;5.6;5.7;4.8;6.3;330.5555556;58.33333333;58.33333333;1.2
10340100;0;2;37;114;0.6;3.1;9.4;5.8;91.4;131.1;5;4.9;5;4.1;6.3;330.5555556;58.33333333;58.33333333;1.2
10341000;2;2;23;22;2.6;3.2;8.9;5.8;90.6;131.1;5.5;5.5;5.6;4.3;6.3;330.5555556;58.33333333;58.33333333;1.2
10341900;1;2;20;52;2.3;3.6;8.8;5.8;91;131.1;6;6.1;6.4;4.9;6.3;330.5555556;58.33333333;58.33333333;1.2
10342800;0;2;43;134;0.2;3.1;8.9;6.1;91;77.4;4.7;4.6;4.8;4.1;6;336.1111111;5.555555556;8.333333333;0.9
10343700;0;1;43;126;-0.7;1.9;8.8;6.1;90.9;73.6;3.6;3.5;3.7;2.9;6;336.1111111;5.555555556;8.333333333;0.9
10344600;-1;0;34;94;-1.1;1;9;6.2;91.1;73.6;2.8;2.7;2.9;1.9;6;336.1111111;5.555555556;8.333333333;0.9
10345500;0;0;0;0;0.4;0.9;8.9;6.3;91.1;73.6;3.3;3.4;3.6;1.9;6;336.1111111;5.555555556;8.333333333;0.9
10346400;0;1;31;84;0;1.8;8.8;6.4;90.8;26.4;4.3;4.4;4.7;3.4;5.9;338.8888889;0;0;0.6
10347300;0;1;43;126;-1;1.6;8.8;6.4;90.6;23;3.3;3.3;3.5;2.7;5.9;338.8888889;0;0;0.6
10348200;-2;0;43;120;-1.9;0.6;8.8;6.3;91.1;22.9;2.5;2.4;2.5;1.7;5.9;338.8888889;0;0;0.6
10349100;-3;0;43;114;-2.4;0;8.7;6.2;90.9;22.8;2;1.7;1.9;1;5.9;338.8888889;0;0;0.6
10350000;-3;0;24;61;-2.1;-0.5;8.5;6.2;91.3;3.7;1.7;1.5;1.8;0.6;5.8;336.1111111;0;0;0.7
10350900;-2;0;0;0;-0.6;-0.6;8.7;6.2;91.6;0.8;2.4;2.4;2.8;0.9;5.8;336.1111111;0;0;0.7
10351800;-1;0;43;115;-1.4;1.1;8.7;6.1;91.3;0.8;3.2;3.2;3.4;2.4;5.8;336.1111111;0;0;0.7
10352700;-2;0;43;118;-2.3;0.1;8.7;5.9;91.1;0.8;1.9;1.8;2;1.2;5.8;336.1111111;0;0;0.7
10353600;-3;0;43;114;-3;-0.6;8.6;5.7;91.1;0.1;1.3;1.1;1.3;0.5;5.8;325;0;0;0.6
10354500;-3;0;43;111;-3.3;-1.1;8.6;5.7;91.1;0;1;0.8;1.1;0.1;5.8;325;0;0;0.6
10355400;-4;0;43;108;-3.6;-1.1;8.6;5.7;91.1;0;0.8;0.6;0.9;-0.1;5.8;325;0;0;0.6
10356300;-3;-1;20;49;-2.7;-1.6;8.6;5.6;91.1;0;0.7;0.6;0.8;-0.3;5.8;325;0;0;0.6
10357200;-2;-2;2;1;-1.9;-1.1;8.7;5.5;91.1;0;1.4;1.4;1.8;0.2;5.2;297.2222222;0;0;0.7
10358100;-2;0;43;117;-2.3;0.1;8.4;5.5;90.6;0;2.1;2;2.2;1.5;5.2;297.2222222;0;0;0.7
10359000;-3;0;43;111;-3.3;-1;8.1;5.5;90.6;0;0.8;0.7;0.8;0.2;5.2;297.2222222;0;0;0.7
10359900;-3;-1;33;82;-3.45;-1.55;7.95;8.15;90.7;0;0.3;0.2;0.3;-0.4;5.2;297.2222222;0;0;0.7
10360800;-3;-2;23;53;-3.6;-2.1;7.8;10.8;90.8;0;-0.2;-0.3;-0.2;-1;5.8;333.3333333;0;0;0.8
10361700;-2;-2;0;0;-2.7;-2.1;8;11.6;91.1;0;0.5;0.5;0.6;-0.6;5.8;333.3333333;0;0;0.8
10362600;-2;-1;18;41;-2.3;-1.4;8.2;11.6;91.1;0;1.6;1.6;1.9;0.5;5.8;333.3333333;0;0;0.8
10363500;-3;0;43;117;-3;-0.5;8.4;11.6;91.1;0;1.2;1.2;1.3;0.6;5.8;333.3333333;0;0;0.8
10364400;-4;-1;43;110;-3.7;-1.4;8.5;10.7;91.1;0;0.5;0.4;0.5;-0.2;5.9;333.3333333;0;0;1
10365300;-4;-2;43;108;-4.1;-1.8;8.6;10.6;91.1;0;0.1;0;0.2;-0.6;5.9;333.3333333;0;0;1
10366200;-4;-2;43;108;-4.3;-2.1;8.7;10.6;91.1;0;0.1;-0.1;0.2;-0.7;5.9;333.3333333;0;0;1
10367100;-4;-2;43;107;-4.3;-2.1;8.8;10.6;91.1;0;0.1;0;0.1;-0.6;5.9;333.3333333;0;0;1
10368000;-4;-2;43;107;-4.3;-2.1;8.9;9.7;91.1;0;0.2;-0.1;0;-0.6;5.9;336.1111111;0;0;0.7
10368900;-4;-2;43;106;-4.3;-2.1;9;9.5;91;0;0.2;0.1;0.1;-0.6;5.9;336.1111111;0;0;0.7
10369800;-3;-2;32;77;-3.6;-2.1;8.9;9.5;90.6;0;0.4;0.3;0.3;-0.5;5.9;336.1111111;0;0;0.7
10370700;-2;-2;0;0;-2;-2;8.9;9.5;90.6;0;1.2;1.4;1.4;-0.1;5.9;336.1111111;0;0;0.7
10371600;-2;-2;0;0;-2;-1.5;9;6.7;90.7;0;1.9;2.2;2.5;0.3;5.9;322.2222222;0;0;1
10372500;-2;0;0;0;-1.5;0.3;8.9;5.7;90.7;0;2.5;2.8;3.2;0.7;5.9;322.2222222;0;0;1
10373400;-1;1;26;74;-0.9;2.1;9;5.7;90.6;0;3.6;3.7;3.9;2.4;5.9;322.2222222;0;0;1
10374300;-2;0;43;124;-1.7;0.9;9.1;5.7;90.6;0;2.7;2.6;2.7;2;5.9;322.2222222;0;0;1
10375200;-3;0;43;115;-2.6;0;9.1;5.5;90.6;0;1.9;1.6;1.8;1.1;5.4;291.6666667;0;0;1
10376100;-3;0;43;111;-3;-0.7;8.9;5.4;90.6;0;1.2;1.1;1.3;0.4;5.4;291.6666667;0;0;1
10377000;-3;0;29;72;-2.9;-1.2;8.8;5.5;90.6;0;0.9;0.7;1.1;0;5.4;291.6666667;0;0;1
10377900;-2;0;0;0;-1.3;-1.2;8.5;5.6;90.6;0;1.6;1.5;1.9;0.3;5.4;291.6666667;0;0;1
10378800;-2;0;38;97;-2;0;8.2;5.3;90.6;0;2.3;2.1;2.5;1.4;5;291.6666667;2.777777778;2.777777778;1.4
10379700;-3;0;43;116;-2.9;-0.5;8.1;5.3;91.1;0;1.3;1.1;1.5;0.6;5;291.6666667;2.777777778;2.777777778;1.4
10380600;-4;-1;43;109;-3.6;-1.4;8.1;5.5;91.1;0;0.5;0.4;0.6;-0.2;5;291.6666667;2.777777778;2.777777778;1.4
10381500;-4;-2;43;106;-4;-1.8;7.9;5.6;91;0;0.1;0;0.1;-0.6;5;291.6666667;2.777777778;2.777777778;1.4
10382400;-5;-2;43;104;-4.3;-2.2;7.8;5.5;90.7;0;-0.1;-0.4;-0.3;-0.9;5;325;38.88888889;38.88888889;0.9
10383300;-5;-2;43;104;-4.3;-2.2;7.9;5.5;91.1;0;-0.1;-0.4;-0.3;-0.9;5;325;38.88888889;38.88888889;0.9
10384200;-2;-2;0;0;-2.5;-2.2;8.3;5.4;91.4;0;0.5;0.4;0.6;-0.8;5;325;38.88888889;38.88888889;0.9
10385100;-2;-2;0;0;-2.3;-2.1;8.6;5.3;91.2;0;1.2;1.3;2;-0.3;5;325;38.88888889;38.88888889;0.9
10386000;-2;-2;0;0;-2.1;-1.7;8.8;5.6;91.1;18.1;2;2.2;3.2;0.1;5;330.5555556;111.1111111;111.1111111;1.6
10386900;-1;0;32;87;-1.1;0.9;8.8;5.6;90.9;20.9;4;3.9;4.6;2.7;5;330.5555556;111.1111111;111.1111111;1.6
10387800;0;0;43;129;-1.1;1.6;8.8;5.5;91.5;20.9;3.6;3.5;3.7;2.7;5;330.5555556;111.1111111;111.1111111;1.6
10388700;0;1;43;129;-1.3;1.4;9.4;5.3;91.8;20.9;3.9;3.6;3.9;2.9;5;330.5555556;111.1111111;111.1111111;1.6
10389600;0;1;43;126;-0.9;1.5;9.7;5.7;90.9;68.1;4.1;3.9;4.1;3.1;5.7;327.7777778;200;202.7777778;1.9
10390500;1;1;20;41;1.2;2.1;10;5.8;91.2;85.3;4.8;4.9;5;3.6;5.7;327.7777778;200;202.7777778;1.9
10391400;1;3;29;70;2.3;3.7;10.7;5.7;90.7;88;6.3;6.3;6.6;5.1;5.7;327.7777778;200;202.7777778;1.9
10392300;0;4;43;145;1.6;4.4;10.3;5.5;89.6;93.3;6.5;6.4;6.6;5.6;5.7;327.7777778;200;202.7777778;1.9
10393200;0;3;43;142;1.2;4.4;10.6;6.2;89.3;153.6;6.5;6.4;6.5;5.4;6.6;325;172.2222222;172.2222222;2.4
10394100;1;3;37;126;2.2;4.4;10.4;6.4;85.6;175.5;6.5;6.4;6.6;5.4;6.6;325;172.2222222;172.2222222;2.4
10395000;2;4;39;62;3.2;4.4;10.4;6.2;75.7;175.5;6.9;6.8;7.1;5.8;6.6;325;172.2222222;172.2222222;2.4
10395900;1;4;43;141;2;4.9;10.7;5.8;71.9;175.5;7;6.9;7.1;6.1;6.6;325;172.2222222;172.2222222;2.4
10396800;0;4;43;143;1.6;4.6;11;6.5;70.3;236.3;6.5;6.4;6.6;5.5;7.3;327.7777778;152.7777778;152.7777778;2.9
10397700;1;3;39;104;2;4;11.2;6.8;69.3;258.4;6.1;6;6.2;5.1;7.3;327.7777778;152.7777778;152.7777778;2.9
10398600;2;3;10;14;3;3.9;11.5;6.7;68.9;258.4;6.8;6.8;7;5.4;7.3;327.7777778;152.7777778;152.7777778;2.9
10399500;1;4;43;147;2.1;5.1;11.6;6.5;67.4;258.4;7.1;7;7.2;6.2;7.3;327.7777778;152.7777778;152.7777778;2.9
10400400;0;3;43;142;1.5;4.4;11.7;7.2;66.9;304.7;6.4;6.3;6.4;5.4;8;333.3333333;258.3333333;261.1111111;2.9
10401300;1;3;39;126;2.3;4.6;12.5;7.6;64.7;327.9;6.8;6.8;6.9;5.8;8;333.3333333;258.3333333;261.1111111;2.9
10402200;2;4;39;80;3.2;5.1;12.9;7.6;61.9;327.9;7.6;7.6;7.8;6.5;8;333.3333333;258.3333333;261.1111111;2.9
10403100;2;5;43;155;2.7;5.9;12.9;7.6;61.1;327.9;7.9;7.8;8;7;8;333.3333333;258.3333333;261.1111111;2.9
10404000;1;5;43;151;2.7;5.9;13.1;8.2;60.7;318.6;8;7.9;8;6.9;9;336.1111111;355.5555556;361.1111111;2.4
10404900;3;6;37;140;4;6.6;13;8.5;59.8;313.9;9;9;9.1;7.9;9;336.1111111;355.5555556;361.1111111;2.4
10405800;3;6;39;134;4.2;7.4;14.1;8.4;57.5;293;9.9;9.9;9.9;8.7;9;336.1111111;355.5555556;361.1111111;2.4
10406700;3;7;43;169;4.2;7.9;14.4;8;58;235.4;10.1;10.1;10.2;9.1;9;336.1111111;355.5555556;361.1111111;2.4
10407600;4;7;39;157;4.5;7.8;14.3;8.3;58.4;245.5;9.8;9.7;9.9;8.7;8.8;341.6666667;288.8888889;288.8888889;2.7
10408500;4;6;39;126;4.9;7.1;14.2;8.4;59.3;250.6;9.6;9.6;9.8;8.6;8.8;341.6666667;288.8888889;288.8888889;2.7
10409400;3;6;43;163;4;7.5;13.7;8.4;61;250.6;9.2;9.2;9.3;8.3;8.8;341.6666667;288.8888889;288.8888889;2.7
10410300;2;6;33;155;3.6;6.7;13.9;8.3;61;250.6;8.8;8.8;8.9;7.9;8.8;341.6666667;288.8888889;288.8888889;2.7
10411200;4;7;35;107;4.7;7.3;14.4;8.5;59.4;261;9.8;9.8;10;8.7;9.3;338.8888889;213.8888889;213.8888889;3
10412100;6;8;41;91;6.5;8.3;14.3;8.6;58.5;266.2;10.7;10.8;11;9.6;9.3;338.8888889;213.8888889;213.8888889;3
10413000;4;7;43;167;5;8.4;14;8.8;60;266.2;10.2;10.2;10.3;9.4;9.3;338.8888889;213.8888889;213.8888889;3
10413900;5;7;38;104;5.3;7.9;14.1;9.2;60.1;266.2;10.1;10;10.1;9;9.3;338.8888889;213.8888889;213.8888889;3
10414800;5;7;39;77;6.1;7.9;13.9;9.1;59.5;230.2;10;10;10.2;9;9;338.8888889;133.3333333;133.3333333;3
10415700;4;7;43;133;5;7.8;13.4;9.1;60.8;212.2;9.8;9.7;10;9;9;338.8888889;133.3333333;133.3333333;3
10416600;3;6;37;151;3.7;6.9;13;9;63.1;212.2;8.6;8.5;8.7;7.8;9;338.8888889;133.3333333;133.3333333;3
10417500;3;5;40;83;4.3;5.9;13;8.7;64.3;212.2;8;7.9;8.2;7.1;9;338.8888889;133.3333333;133.3333333;3
10418400;2;5;40;140;3.1;5.9;12.9;8.8;65.8;188.9;8;7.9;8.1;7.2;9.2;341.6666667;122.2222222;122.2222222;3
10419300;2;4;37;119;2.5;5.3;12.9;8.9;65.8;177.2;7.2;7.2;7.4;6.4;9.2;341.6666667;122.2222222;122.2222222;3
10420200;2;4;35;91;3.3;5.2;12.7;9;67.6;177.2;7.4;7.4;7.5;6.5;9.2;341.6666667;122.2222222;122.2222222;3
10421100;3;5;39;75;4;5.5;13.1;9.4;67.7;177.2;7.8;7.8;8;6.9;9.2;341.6666667;122.2222222;122.2222222;3
10422000;1;4;43;148;2.4;5.5;13.2;9.1;66.8;151.9;7.3;7.2;7.3;6.6;9;344.4444444;91.66666667;91.66666667;3.7
10422900;1;4;40;104;2.3;4.6;13;9;67.5;139.2;6.7;6.6;6.7;5.8;9;344.4444444;91.66666667;91.66666667;3.7
10423800;2;4;36;73;2.8;4.4;13;8.9;69.2;139.2;7;6.8;7;6;9;344.4444444;91.66666667;91.66666667;3.7
10424700;2;4;36;112;2.8;5.3;12.8;8.7;73.9;139.2;7.4;7.3;7.5;6.6;9;344.4444444;91.66666667;91.66666667;3.7
10425600;1;4;38;134;2;4.8;12.7;8.5;75.8;95.3;6.7;6.6;6.8;5.9;8.8;347.2222222;44.44444444;44.44444444;4.5
10426500;2;4;43;85;3.1;4.4;12.4;8.5;78.7;95.3;6.9;6.8;7;5.9;8.8;347.2222222;44.44444444;44.44444444;4.5
10427400;1;4;39;112;2.6;4.9;12.4;8.7;75.6;95.3;7.2;7.1;7.4;6.3;8.8;347.2222222;44.44444444;44.44444444;4.5
10428300;0;3;43;143;1.4;4.4;12.3;9;75.8;95.3;6.3;6.1;6.3;5.6;8.8;347.2222222;44.44444444;44.44444444;4.5
10429200;0;3;41;118;1;3.6;12.2;8.8;75.9;59.1;5.6;5.5;5.7;4.9;8.5;347.2222222;8.333333333;8.333333333;4.5
10430100;1;3;36;72;1.9;3.5;12;8.7;76.6;50;6;5.8;6.1;5.1;8.5;347.2222222;8.333333333;8.333333333;4.5
10431000;2;3;14;37;2.9;3.9;11.6;8.7;81.2;50;6.4;6.3;6.6;5.5;8.5;347.2222222;8.333333333;8.333333333;4.5
10431900;2;3;3;5;3.1;4.2;11.2;8.7;86.1;50;7.2;7.3;7.6;5.9;8.5;347.2222222;8.333333333;8.333333333;4.5
10432800;1;5;39;137;2.4;5.5;11;8.6;87.6;24;7.4;7.3;7.6;6.8;8.2;344.4444444;0;0;5.6
10433700;0;3;43;139;1.2;4.2;10.8;8.6;87.8;17.5;5.9;5.7;5.9;5.3;8.2;344.4444444;0;0;5.6
10434600;0;2;40;109;0.8;3.4;10.7;8.7;89.5;17.4;5.3;5.1;5.3;4.6;8.2;344.4444444;0;0;5.6
10435500;0;2;39;83;1.2;3.4;10.4;8.8;90.6;17.2;5.4;5.3;5.5;4.8;8.2;344.4444444;0;0;5.6
10436400;1;3;43;92;2;3.7;10.3;8.4;91;3.8;6;5.8;6.1;5.3;7.7;344.4444444;0;0;5.3
10437300;0;2;43;139;0.6;3.5;10.1;8.3;90.1;0.5;5.4;5.3;5.5;4.7;7.7;344.4444444;0;0;5.3
10438200;0;2;43;134;0.3;3.2;9.8;8.2;90.3;0.5;5.2;4.9;5.2;4.3;7.7;344.4444444;0;0;5.3
10439100;1;2;33;66;2;3;9.7;8.1;90.8;0.5;5.5;5.3;5.6;4.4;7.7;344.4444444;0;0;5.3
10440000;2;3;17;53;2.4;3.9;9.6;7.9;91.4;0.1;6.7;6.6;6.9;5.4;7.5;341.6666667;0;0;5
10440900;0;3;43;141;1.3;4.3;9.6;7.9;91.6;0;6;5.9;6.1;5.4;7.5;341.6666667;0;0;5
10441800;0;2;43;135;0.6;3.5;9.4;7.9;91.6;0;5.4;5.1;5.4;4.6;7.5;341.6666667;0;0;5
10442700;1;3;33;55;1.9;3.4;9.4;8;91.9;0;5.5;5.4;5.6;4.5;7.5;341.6666667;0;0;5
10443600;2;3;14;42;2.3;3.8;9.3;7.8;92.2;0;6.7;6.5;6.9;5.4;7.3;344.4444444;0;0;4.3
10444500;0;3;43;142;1.3;4.3;9.3;7.7;92.6;0;6.1;5.8;6.1;5.4;7.3;344.4444444;0;0;4.3
10445400;0;2;43;135;0.5;3.4;9.2;7.6;92.9;0;5.3;5.1;5.3;4.5;7.3;344.4444444;0;0;4.3
10446300;1;2;21.5;67.5;1.55;3.3;9.1;9.05;93;0;5.8;5.65;5.95;4.65;7.3;344.4444444;0;0;4.3
10447200;2;2;0;0;2.6;3.2;9;10.5;93.1;0;6.3;6.2;6.6;4.8;6.9;338.8888889;0;0;4.1
10448100;1;4;26;80;2.4;4.4;8.8;11.6;93;0;7.1;7.1;7.4;6;6.9;338.8888889;0;0;4.1
10449000;0;3;43;140;1.2;4.2;8.7;11.6;92.6;0;6;5.8;6.1;5.3;6.9;338.8888889;0;0;4.1
10449900;0;2;43;135;0.5;3.3;8.4;11.6;92.4;0;5.2;5;5.2;4.4;6.9;338.8888889;0;0;4.1
10450800;1;2;42;84;1;2.9;8.4;10.9;92.6;0;4.9;4.7;5;4;6.5;338.8888889;0;0;3
10451700;1;2;6;5;2.2;2.9;8.2;10.6;92.6;0;5.6;5.6;5.9;4.4;6.5;338.8888889;0;0;3
10452600;1;3;16;42;2.2;3.6;8.1;10.6;92.9;0;6.4;6.4;6.8;5.2;6.5;338.8888889;0;0;3
10453500;2;3;9;20;3.2;4.4;8.1;10.6;93.1;0;6.3;6.2;6.5;5.5;6.5;338.8888889;0;0;3
10454400;2;4;24;68;2.8;4.6;8.1;9.9;93.1;0;6.9;6.6;7;5.9;6.1;336.1111111;0;0;1.7
10455300;0;3;43;137;0.7;3.6;7.9;9.5;92.7;0;5.3;5.2;5.4;4.7;6.1;336.1111111;0;0;1.7
10456200;0;1;43;129;-0.4;2.3;7.9;9.5;92.5;0;4.2;4;4.2;3.4;6.1;336.1111111;0;0;1.7
10457100;0;1;32;90;-0.4;1.7;7.7;9.5;92.5;0;3.6;3.4;3.7;2.7;6.1;336.1111111;0;0;1.7
10458000;0;1;0;0;1.3;1.4;7.8;6.5;93.1;0;4;4.1;4.3;2.8;5.8;336.1111111;0;0;2.3
10458900;0;2;34;98;0.4;2.4;7.8;6.5;93.1;0;4.7;4.7;5;3.9;5.8;336.1111111;0;0;2.3
10459800;0;1;43;128;-0.8;1.9;7.7;6.5;93.1;0;3.7;3.5;3.7;3;5.8;336.1111111;0;0;2.3
10460700;-1;0;43;123;-1.3;1.2;7.6;6.5;93.1;0;3.2;3;3.2;2.4;5.8;336.1111111;0;0;2.3
10461600;-2;0;43;119;-1.7;0.9;7.6;6.4;93.1;0;2.8;2.7;2.9;2.1;5.6;333.3333333;0;0;1.7
10462500;-1;0;18;54;-0.5;0.9;7.4;6.4;93.4;0;3.1;2.9;3.2;2.1;5.6;333.3333333;0;0;1.7
10463400;0;0;9;17;0.5;1.1;7.4;6.2;93.6;0;4;4.1;4.5;2.9;5.6;333.3333333;0;0;1.7
10464300;0;1;43;133;-0.4;2.4;7.4;5.9;93.6;0;4.2;4.1;4.3;3.4;5.6;333.3333333;0;0;1.7
10465200;-1;0;43;125;-1.3;1.3;7.5;5.9;93.6;0;3.1;3;3.3;2.4;5.5;333.3333333;0;0;2.4
10466100;-2;0;43;121;-1.9;0.7;7.5;5.9;93.6;0;2.7;2.4;2.7;1.9;5.5;333.3333333;0;0;2.4
10467000;0;0;4;10;0;0.5;7.6;5.8;93.6;0;2.9;2.8;3.1;1.7;5.5;333.3333333;0;0;2.4
10467900;0;3;0;0;0.2;3.2;7.6;5.7;93.1;0;3.7;3.6;4;2.2;5.5;333.3333333;0;0;2.4
10468800;0;3;0;0;0.4;3.8;7.7;5.7;92.7;0;4.1;4.4;4.8;2.5;5.5;325;19.44444444;19.44444444;3.8
10469700;0;2;29;82;0.5;3.1;7.8;5.7;92.3;0;4.9;5;5.2;3.7;5.5;325;19.44444444;19.44444444;3.8
10470600;-1;0;43;126;-1.1;1.6;7.8;5.6;92.1;0;3.4;3.1;3.4;2.6;5.5;325;19.44444444;19.44444444;3.8
10471500;-2;0;43;118;-2.2;0.3;7.8;5.5;92.1;0;2.3;1.9;2.3;1.4;5.5;325;19.44444444;19.44444444;3.8
10472400;-3;0;43;115;-2.3;-0.1;7.9;5.7;92.1;11.3;2;1.6;2;1.1;6;311.1111111;94.44444444;100;3.7
10473300;-3;0;43;115;-2.3;-0.1;8.1;5.7;92.1;12.1;2;1.7;2.1;1.2;6;311.1111111;94.44444444;100;3.7
10474200;-1;0;43;38;0;0;8.3;5.7;92.5;12.1;2.6;2.3;2.8;1.5;6;311.1111111;94.44444444;100;3.7
10475100;0;0;10;20;0.9;1.1;8.6;5.6;92.6;12.1;4.5;4.2;4.8;2.8;6;311.1111111;94.44444444;100;3.7
10476000;0;1;43;133;-0.2;2.6;8.9;5.9;92.8;54.6;4.5;4.3;4.6;3.8;7;291.6666667;197.2222222;213.8888889;3.8
10476900;0;1;43;132;-0.4;2.4;9.6;5.9;92.6;61.1;4.4;4.2;4.4;3.4;7;291.6666667;197.2222222;213.8888889;3.8
10477800;0;1;43;128;-0.4;2.2;9.2;5.9;91.6;63.2;4.3;4;4.3;3.2;7;291.6666667;197.2222222;213.8888889;3.8
10478700;1;1;23;52;0.9;1.9;8.7;5.8;91.2;66.3;4.7;4.5;4.8;3.5;7;291.6666667;197.2222222;213.8888889;3.8
10479600;1;3;26;56;2.2;3.5;9.1;6.4;91.9;176.6;6.3;6.2;6.5;5.1;7.7;300;297.2222222;350;5.1
10480500;0;3;43;145;1.6;4.4;9.6;6.6;91.5;216.7;6.6;6.4;6.6;5.6;7.7;300;297.2222222;350;5.1
10481400;0;3;43;143;1.4;4.4;9.9;6.6;91.3;216.7;6.5;6.3;6.5;5.4;7.7;300;297.2222222;350;5.1
10482300;1;4;40;135;1.8;4.6;10.6;6.7;91.3;216.7;7.1;7;7;5.9;7.7;300;297.2222222;350;5.1
10483200;2;4;40;113;2.9;5.4;11.1;7.4;90.8;288.1;7.8;7.8;7.9;6.5;8.9;300;377.7777778;558.3333333;4.9
10484100;3;6;38;135;3.7;6.8;11.1;7.6;90.6;314.1;9.5;9.5;9.6;8.2;8.9;300;377.7777778;558.3333333;4.9
10485000;3;7;43;169;4.1;7.6;11.9;7.7;89.5;314.1;10.2;10.3;10.3;9;8.9;300;377.7777778;558.3333333;4.9
10485900;4;7;37;172;4.7;8;12.2;7.8;89.6;314.1;10.5;10.5;10.6;9.3;8.9;300;377.7777778;558.3333333;4.9
10486800;4;8;43;184;4.7;8.4;11.9;8.4;88.9;376.7;10.7;10.7;10.6;9.4;9.9;316.6666667;283.3333333;452.7777778;3.8
10487700;4;8;36;145;5.3;8.7;12.1;8.6;89.5;399.5;11;11;11;9.7;9.9;316.6666667;283.3333333;452.7777778;3.8
10488600;4;8;43;171;5;8.4;12;8.6;89.1;399.5;10.7;10.8;10.7;9.8;9.9;316.6666667;283.3333333;452.7777778;3.8
10489500;4;8;36;161;4.8;8.3;12.2;8.6;88.7;399.5;10.3;10.3;10.3;9.2;9.9;316.6666667;283.3333333;452.7777778;3.8
10490400;4;7;41;132;4.8;7.5;12.6;9.2;88;418.7;10;9.9;10;8.8;10.3;308.3333333;308.3333333;597.2222222;3.6
10491300;4;8;43;176;5.2;8.8;13.4;9.4;61;425.7;11.2;11.1;11.1;10;10.3;308.3333333;308.3333333;597.2222222;3.6
10492200;5;8;42;182;5;8.9;13.9;9.5;52.5;429.9;11.1;11;11;9.9;10.3;308.3333333;308.3333333;597.2222222;3.6
10493100;4;8;40;168;4.9;8.5;14.1;9.5;50.2;432;10.7;10.7;10.7;9.7;10.3;308.3333333;308.3333333;597.2222222;3.6
10494000;4;8;41;163;4.9;8.6;13.8;9.8;49.7;429.7;10.5;10.4;10.5;9.4;9.6;297.2222222;277.7777778;608.3333333;2.9
10494900;4;7;37;151;4.4;7.6;13.9;9.9;49.6;428.5;9.5;9.4;9.5;8.4;9.6;297.2222222;277.7777778;608.3333333;2.9
10495800;3;5;43;86;4.1;5.8;10.8;10.2;78.9;428.5;7.7;7.6;7.8;6.8;9.6;297.2222222;277.7777778;608.3333333;2.9
10496700;3;6;39;125;3.7;6.4;10.1;10.3;84.2;428.5;9.1;9;9.1;8.4;9.6;297.2222222;277.7777778;608.3333333;2.9
10497600;4;8;40;159;5.2;8.6;11;10.6;79.1;482;11;11.1;11.1;10;9.2;322.2222222;350;377.7777778;3.9
10498500;4;8;43;193;4.6;8.5;11.5;10.7;70.9;508.8;10.3;10.3;10.3;9.2;9.2;322.2222222;350;377.7777778;3.9
10499400;3;6;37;120;4.3;7.2;11.7;10.8;70.4;508.8;9;9;9.1;8;9.2;322.2222222;350;377.7777778;3.9
10500300;2;6;43;162;3.5;6.9;12.5;10.8;67.7;508.8;9.4;9.3;9.4;8.5;9.2;322.2222222;350;377.7777778;3.9
10501200;4;8;37;184;5.2;8.6;13.4;11;59.7;447.4;10.8;10.8;10.8;9.5;11.2;294.4444444;305.5555556;622.2222222;3.7
10502100;4;8;38;158;5.3;9.1;13.7;11.1;52.8;416.7;11.9;11.9;12;10.7;11.2;294.4444444;305.5555556;622.2222222;3.7
10503000;6;11;43;200;7.4;11.2;13.6;10.4;52.9;416.7;13.8;13.8;13.8;12.2;11.2;294.4444444;305.5555556;622.2222222;3.7
10503900;6;11;37;254;6.4;11.7;14.1;10;50.1;416.7;14;14;13.8;12.3;11.2;294.4444444;305.5555556;622.2222222;3.7
10504800;5;8;42;157;6.1;9.4;14;10.5;48;426.8;11.2;11.3;11.3;9.9;10.9;302.7777778;236.1111111;430.5555556;3.9
10505700;4;8;41;165;5.2;8.9;14;10.5;47.9;427.5;11;11;11.1;9.9;10.9;302.7777778;236.1111111;430.5555556;3.9
10506600;5;9;38;192;5.5;9.5;14.2;10.1;47.7;427.5;12.2;12.2;12.2;10.8;10.9;302.7777778;236.1111111;430.5555556;3.9
10507500;5;10;43;224;5.6;10.4;15;9.6;44.6;427.5;12.8;12.9;12.7;11.3;10.9;302.7777778;236.1111111;430.5555556;3.9
10508400;7;10;36;99;8.1;10.6;15;9.7;44.1;366.7;12.9;13;13.1;11.3;11.1;313.8888889;155.5555556;313.8888889;3.3
10509300;5;8;43;174;5.8;9.4;14.6;9.7;45.2;357.4;11.3;11.2;11.3;10.4;11.1;313.8888889;155.5555556;313.8888889;3.3
10510200;6;9;39;117;6.9;9.5;14.8;10.3;44.7;357.4;12.1;12.2;12.2;10.9;11.1;313.8888889;155.5555556;313.8888889;3.3
10511100;7;10;36;108;8.2;10.7;14.9;11.1;42.5;357.4;13;13.1;13.1;11.6;11.1;313.8888889;155.5555556;313.8888889;3.3
10512000;7;10;43;123;7.6;10.5;14.9;10.9;43.5;295.3;12.8;12.8;12.9;11.7;10.7;308.3333333;113.8888889;133.3333333;2.5
10512900;5;10;39;238;6.1;10.5;15.5;10.9;40.8;285.7;12.5;12.6;12.5;11.6;10.7;308.3333333;113.8888889;133.3333333;2.5
10513800;5;8;43;145;5.9;8.9;15.4;10.8;41.8;285.7;10.8;10.8;10.7;9.6;10.7;308.3333333;113.8888889;133.3333333;2.5
10514700;4;7;39;139;4.9;7.8;14.9;10.7;41.5;285.7;9.5;9.5;9.6;8.6;10.7;308.3333333;113.8888889;133.3333333;2.5
10515600;2;5;41;131;3.7;6.5;14.3;10.2;40.5;203.6;8.3;8.2;8.4;7.5;10.3;308.3333333;52.77777778;58.33333333;2.7
10516500;3;5;39;88;4;6.4;13.5;10.1;41.5;183.1;8.3;8.2;8.4;7.3;10.3;308.3333333;52.77777778;58.33333333;2.7
10517400;3;5;39;69;4.5;6;12.8;10.2;44;183.1;8.2;8.2;8.4;7.2;10.3;308.3333333;52.77777778;58.33333333;2.7
10518300;1;4;43;147;2.4;5.4;12.5;10.5;45.7;183.1;7.2;7;7.3;6.5;10.3;308.3333333;52.77777778;58.33333333;2.7
10519200;2;3;35;71;2.7;4.4;12.5;9.9;45.7;96;6.3;6.1;6.4;5.5;9.2;319.4444444;2.777777778;2.777777778;3
10520100;2;6;11;32;3.2;5.8;12;9.8;45.2;74.2;7.1;7;7.2;5.9;9.2;319.4444444;2.777777778;2.777777778;3
10521000;1;4;43;144;1.8;4.8;11.6;9.9;46.3;73.9;6.6;6.3;6.5;6;9.2;319.4444444;2.777777778;2.777777778;3
10521900;0;2;31;93;1.4;3.3;11.4;10;46.7;73.3;5.2;5;5.2;4.6;9.2;319.4444444;2.777777778;2.777777778;3
10522800;1;3;33;62;2;3.4;11.2;9.6;48.3;26.1;5.7;5.4;5.6;4.7;8.8;308.3333333;0;0;2.8
10523700;1;2;40;83;1.6;3.4;11.2;9.5;49.6;9;5.5;5.2;5.6;4.7;8.8;308.3333333;0;0;2.8
10524600;0;2;43;133;-0.1;2.7;11.1;9.6;49.9;9;4.6;4.3;4.6;3.9;8.8;308.3333333;0;0;2.8
10525500;0;1;40;104;-0.4;2;11;9.7;51.6;9;3.9;3.7;3.9;3;8.8;308.3333333;0;0;2.8
10526400;0;1;39;69;-0.3;1.7;10.5;9.2;53.9;3;3.6;3.5;3.8;2.8;7.6;286.1111111;0;0;2.7
10527300;0;1;43;89;-0.5;1.4;9.9;8.9;56.9;0;3.6;3.3;3.8;2.9;7.6;286.1111111;0;0;2.7
10528200;-2;0;43;118;-2;0.5;9.4;8.7;59.4;0;2.3;1.9;2.3;1.7;7.6;286.1111111;0;0;2.7
10529100;-3;0;43;115;-2.8;-0.3;9.4;8.5;60.4;0;1.7;1.3;1.7;0.9;7.6;286.1111111;0;0;2.7
10530000;-2;0;38;53;-0.9;-0.6;9.7;8;58.7;0;1.8;1.5;1.8;0.7;7;280.5555556;0;0;1.2
10530900;0;0;6;0;1.1;0.4;9.6;8;59.9;0;3.8;3.5;3.9;1.8;7;280.5555556;0;0;1.2
10531800;0;0;0;0;1.1;0.7;9.3;8.2;60.5;0;4.5;4;4.4;2.3;7;280.5555556;0;0;1.2
10532700;0;0.5;7.5;23;1.25;1.45;9.35;9.8;60.6;0;5.05;4.5;5.05;3.35;7;280.5555556;0;0;1.2
10533600;0;1;15;46;1.4;2.2;9.4;11.4;60.7;0;5.6;5;5.7;4.4;6.7;277.7777778;0;0;1.8
10534500;0;2;43;134;0;2.9;9.6;11.6;60.1;0;4.6;4.3;4.7;3.9;6.7;277.7777778;0;0;1.8
10535400;-1;0;43;125;-1.2;1.4;9.5;11.6;60.4;0;3.3;3;3.3;2.4;6.7;277.7777778;0;0;1.8
10536300;-2;0;43;118;-2;0.4;9;11.6;60.8;0;2.3;2;2.3;1.4;6.7;277.7777778;0;0;1.8
10537200;-3;0;43;114;-2.6;-0.1;9;10.7;59.8;0;2;1.6;2;1.1;6;272.2222222;0;0;1.8
10538100;-1;0;38;46;-0.5;-0.1;9.2;10.6;59.6;0;2.1;1.7;2.2;0.9;6;272.2222222;0;0;1.8
10539000;0;0;17;32;1;0.8;8.9;10.6;60.3;0;3.9;3.7;4.2;2.4;6;272.2222222;0;0;1.8
10539900;-1;0;43;125;-1.4;1.2;8.7;10.6;61.8;0;3;2.7;3;2.4;6;272.2222222;0;0;1.8
10540800;-3;0;43;115;-2.7;-0.3;8.3;9.8;63.4;0;1.6;1.3;1.6;0.8;5.3;272.2222222;0;0;1.3
10541700;-3;0;43;111;-3.4;-1.1;8.1;9.5;64.3;0;0.8;0.5;0.9;0.1;5.3;272.2222222;0;0;1.3
10542600;-4;-2;43;106;-4;-1.8;7.7;9.5;65.8;0;0.1;-0.3;0.1;-0.7;5.3;272.2222222;0;0;1.3
10543500;-4;-3;15;40;-3.6;-2.6;7.4;9.5;67.4;0;-0.3;-0.7;-0.3;-1.2;5.3;272.2222222;0;0;1.3
10544400;-3;-2;0;0;-2.8;-2.5;7.4;6;67.4;0;0.5;0;0.5;-0.7;4.8;266.6666667;0;0;1.5
10545300;-2;0;0;0;-2.5;-0.6;7.4;5.8;68.3;0;1;0.5;1.1;-0.4;4.8;266.6666667;0;0;1.5
10546200;-2;1;23;55;-2;0.7;7.2;5.7;69.8;0;1.8;1.5;1.8;0.8;4.8;266.6666667;0;0;1.5
10547100;-4;-1;43;111;-3.6;-1.2;7;5.6;71.2;0;0.6;0.2;0.6;0;4.8;266.6666667;0;0;1.5
10548000;-5;-3;42;104;-4.7;-2.4;6.8;5.4;72.4;0;-0.6;-1;-0.6;-1.1;4.7;255.5555556;0;0;2.1
10548900;-5;-3;42;104;-5;-3.1;6.5;5.4;73.2;0;-0.8;-1.2;-0.9;-1.4;4.7;255.5555556;0;0;2.1
10549800;-6;-3;42;100;-5.4;-3.3;6.3;5.2;74.6;0;-1.3;-1.7;-1.4;-2.1;4.7;255.5555556;0;0;2.1
10550700;-6;-4;42;99;-6;-3.9;6;5.1;75.1;0;-1.8;-2.2;-1.8;-2.5;4.7;255.5555556;0;0;2.1
10551600;-6;-4;42;101;-6;-4.1;5.8;4.9;76.5;0;-1.5;-1.9;-1.5;-2.3;4.2;261.1111111;2.777777778;2.777777778;2.1
10552500;-6;-4;42;101;-6;-4;5.9;4.9;77;0;-1.5;-1.8;-1.4;-2;4.2;261.1111111;2.777777778;2.777777778;2.1
10553400;-6;-4;42;98;-6;-3.6;6.1;4.7;76.7;0;-1.7;-1.9;-1.5;-2.3;4.2;261.1111111;2.777777778;2.777777778;2.1
10554300;-6;-4;42;98;-6;-3.9;6;4.5;76.8;0;-1.8;-2.2;-1.8;-2.5;4.2;261.1111111;2.777777778;2.777777778;2.1
10555200;-6;-4;42;101;-6;-4;5.9;4.7;77.9;0;-1.5;-1.8;-1.3;-2.3;4;250;38.88888889;52.77777778;1.6
10556100;-6;-3;42;101;-6;-3.6;6.1;4.7;77.4;0;-1.4;-1.6;-1.2;-2.4;4;250;38.88888889;52.77777778;1.6
10557000;-6;-4;42;100;-6;-3.6;6.1;4.8;77;0;-1.5;-1.8;-1.4;-2.4;4;250;38.88888889;52.77777778;1.6
10557900;-6;-4;42;99;-6;-3.8;6.2;4.8;76.1;0;-1.7;-2.1;-1.7;-2.5;4;250;38.88888889;52.77777778;1.6
10558800;-6;-4;42;100;-6;-4.1;6.6;5.1;74.8;29.7;-1.5;-1.9;-1.5;-2.3;5.4;255.5555556;86.11111111;202.7777778;1.7
10559700;-6;-3;42;102;-5.7;-3.6;7.4;5.1;71.8;34.3;-0.9;-1.6;-1;-1.9;5.4;255.5555556;86.11111111;202.7777778;1.7
10560600;-5;-2;42;107;-5;-2.8;8.2;4.8;68.6;34.3;-0.1;-0.5;0;-1.1;5.4;255.5555556;86.11111111;202.7777778;1.7
10561500;-4;-2;42;108;-4.5;-2.5;8;4.5;68.1;34.3;0.1;-0.2;0.3;-0.9;5.4;255.5555556;86.11111111;202.7777778;1.7
10562400;-4;-2;43;111;-4;-1.7;8.3;5.3;67.8;138.9;0.9;0.6;1.1;0;7.4;255.5555556;111.1111111;411.1111111;2.5
10563300;-3;-1;43;118;-3;-0.6;8.8;5.4;65.3;155;2;1.8;2.1;1;7.4;255.5555556;111.1111111;411.1111111;2.5
10564200;-2;0;43;123;-2.1;0.5;9.4;5.2;63.8;153.6;3.2;3;3.2;1.9;7.4;255.5555556;111.1111111;411.1111111;2.5
10565100;-2;1;43;129;-1.1;1.5;9.9;4.9;60.5;152.1;4.3;4.2;4.3;2.9;7.4;255.5555556;111.1111111;411.1111111;2.5
10566000;0;2;37;110;0.8;2.9;10.2;5.9;60;278.4;5.8;5.7;5.9;4.2;8.9;277.7777778;175;525;2.8
10566900;2;4;43;103;3;4.9;10.4;6;60.3;297.8;7.6;7.7;7.8;6.2;8.9;277.7777778;175;525;2.8
10567800;3;6;39;146;3.8;6.9;10.9;6.2;58.6;297.8;9.7;9.7;9.8;8.2;8.9;277.7777778;175;525;2.8
10568700;4;8;43;171;4.7;8.1;11.4;6.4;56;297.8;10.8;10.9;10.9;9.2;8.9;277.7777778;175;525;2.8
10569600;4;8;39;186;4.6;8.8;12;7.6;53.3;425.8;11.3;11.2;11.2;9.7;9.1;308.3333333;313.8888889;336.1111111;2.9
10570500;4;6;38;109;5;7.5;12.9;7.8;50.3;445.5;9.4;9.4;9.5;8.1;9.1;308.3333333;313.8888889;336.1111111;2.9
10571400;2;6;43;153;3.5;6.7;13.2;8.2;49.3;445.5;8.7;8.5;8.7;7.7;9.1;308.3333333;313.8888889;336.1111111;2.9
10572300;2;5;43;152;2.8;6;13.4;8.7;49.2;445.5;8.3;8.3;8.3;7.4;9.1;308.3333333;313.8888889;336.1111111;2.9
10573200;4;9;37;231;4.5;9.1;14.6;9.7;44.3;541.1;12.3;12.3;12.3;10.9;10.3;316.6666667;322.2222222;438.8888889;1.8
10574100;5;10;38;209;6.2;11.2;14.7;9.9;43.2;555.8;13.6;13.7;13.5;11.8;10.3;316.6666667;322.2222222;438.8888889;1.8
10575000;5;9;43;187;6.6;10.5;15.1;10;40.9;556;12.6;12.6;12.6;11.3;10.3;316.6666667;322.2222222;438.8888889;1.8
10575900;6;11;38;254;6.1;11.4;15.3;10.1;39.5;556.3;13.8;13.8;13.6;12.5;10.3;316.6666667;322.2222222;438.8888889;1.8
10576800;5;9;43;196;6.4;10.6;15.3;10.9;38;550.1;12.4;12.5;12.3;11.2;10.4;308.3333333;311.1111111;458.3333333;2.8
10577700;6;10;38;165;6.7;10.4;15.4;11;37.9;549.2;12.9;12.9;12.9;11.9;10.4;308.3333333;311.1111111;458.3333333;2.8
10578600;5;9;36;180;6.3;10.3;14.5;10.6;40.8;558.5;12.2;12.2;12.3;11.2;10.4;308.3333333;311.1111111;458.3333333;2.8
10579500;4;7;43;154;5.5;8.7;14.5;10;39.7;572.5;10.5;10.4;10.5;9.5;10.4;308.3333333;311.1111111;458.3333333;2.8
10580400;6;8;35;102;7.2;9.4;14.5;10.6;38.9;576.4;12.1;12.1;12.2;11.1;11.6;316.6666667;375;441.6666667;2.6
10581300;6;9;42;170;6.7;10.4;15;10.8;36;577.4;12.2;12.2;12.3;11.4;11.6;316.6666667;375;441.6666667;2.6
10582200;6;9;39;112;7.4;10;15.7;10.9;34;577.4;12.4;12.5;12.5;11.4;11.6;316.6666667;375;441.6666667;2.6
10583100;8;11;40;85;9.3;11.1;16.1;11;32.5;577.4;13.6;13.6;13.7;12.6;11.6;316.6666667;375;441.6666667;2.6
10584000;8;12;41;176;8.5;12.2;16.6;11.4;32.1;563.2;14.8;14.8;14.9;13.9;11.8;313.8888889;325;455.5555556;2.6
10584900;5;12;41;301;6.2;12.4;16.7;11.6;30;558.1;14.5;14.6;14.4;13.7;11.8;313.8888889;325;455.5555556;2.6
10585800;6;10;38;191;7.2;11.2;16.2;11.4;30.6;558.1;13.4;13.4;13.3;12.2;11.8;313.8888889;325;455.5555556;2.6
10586700;7;11;42;204;8.1;12.2;16.3;10.9;31;558.1;14.7;14.9;14.8;13.8;11.8;313.8888889;325;455.5555556;2.6
10587600;5;12;42;287;6.4;12.7;16.8;11.4;29.9;527.2;14.7;14.9;14.6;13.7;12.6;319.4444444;269.4444444;305.5555556;1.4
10588500;6;11;43;228;7.1;11.9;17.1;11.6;29.8;511.7;13.9;14;13.9;12.7;12.6;319.4444444;269.4444444;305.5555556;1.4
10589400;6;12;43;252;7;12.4;17.3;12;30;511.7;14.6;14.7;14.5;13.4;12.6;319.4444444;269.4444444;305.5555556;1.4
10590300;6;12;38;236;7.3;12.4;17.9;12.2;29;511.7;15;15.1;14.8;13.7;12.6;319.4444444;269.4444444;305.5555556;1.4
10591200;8;13;41;208;9.4;13.9;17.8;12.6;27.2;463.3;16.1;16.3;16;14.7;13.1;305.5555556;247.2222222;427.7777778;1.5
10592100;8;11;40;142;9.1;12.4;17.1;12.6;29.1;463.3;14.2;14.3;14.3;13.1;13.1;305.5555556;247.2222222;427.7777778;1.5
10593000;8;11;39;112;9.3;11.9;16.8;12.4;29.6;463.3;14;14;14;13;13.1;305.5555556;247.2222222;427.7777778;1.5
10593900;7;11;30;205;7.1;11.9;16.8;12.2;28.9;463.3;14.1;14;14;13.1;13.1;305.5555556;247.2222222;427.7777778;1.5
10594800;6;9;39;197;6.4;10.5;16.7;12.3;30.5;370.1;12.5;12.5;12.4;11.5;12.7;294.4444444;186.1111111;241.6666667;1.2
10595700;5;9;43;183;6;9.7;16.5;12.3;31.7;363.4;11.9;11.7;11.7;10.7;12.7;294.4444444;186.1111111;241.6666667;1.2
10596600;5;9;38;157;6.1;9.9;16.6;12.5;30.9;363.4;12;11.9;11.9;10.8;12.7;294.4444444;186.1111111;241.6666667;1.2
10597500;5;8;37;149;5.9;9.1;16.5;12.7;31.9;363.4;11;11;11;10.1;12.7;294.4444444;186.1111111;241.6666667;1.2
10598400;4;8;43;171;5;8.6;16.9;12.6;30.7;295.6;10.8;10.8;10.8;9.8;12.5;286.1111111;122.2222222;152.7777778;2.1
10599300;5;8;43;153;5.5;8.9;17.2;12.6;31.5;285.2;11.2;11.2;11.3;10.2;12.5;286.1111111;122.2222222;152.7777778;2.1
10600200;5;8;43;154;5.9;8.9;16.8;12.8;32.3;285.2;11.3;11.3;11.3;10.3;12.5;286.1111111;122.2222222;152.7777778;2.1
10601100;5;7;43;121;6;8.5;15.9;13;35;285.2;10.3;10.2;10.4;9.4;12.5;286.1111111;122.2222222;152.7777778;2.1
10602000;4;7;38;140;4.9;7.8;17.3;12.8;31.9;200.7;9.9;9.8;9.9;9.1;12.1;-2775;41.66666667;58.33333333;3.2
10602900;3;6;41;139;3.8;6.8;16.1;12.7;34.1;179.6;8.7;8.6;8.6;7.9;12.1;-2775;41.66666667;58.33333333;3.2
10603800;3;5;39;96;3.8;6.4;14.9;12.6;37.8;179.6;8.4;8.3;8.4;7.5;12.1;-2775;41.66666667;58.33333333;3.2
10604700;3;5;40;71;4.2;6.1;14.1;12.4;38.9;179.6;8.1;7.8;8.2;7.3;12.1;-2775;41.66666667;58.33333333;3.2
10605600;2;5;43;124;3.2;5.7;13.2;11.9;45.7;100.5;7.6;7.3;7.8;6.9;10.8;272.2222222;2.777777778;2.777777778;4.1
10606500;1;3;40;93;2;4.2;12.5;11.7;50.8;71.7;5.9;5.7;6;5.3;10.8;272.2222222;2.777777778;2.777777778;4.1
10607400;2;3;36;42;2.7;3.5;11.9;11.7;51.5;71.8;5.5;5.3;5.6;4.8;10.8;272.2222222;2.777777778;2.777777778;4.1
10608300;1;3;35;79;2;3.4;11.3;11.8;53.2;72.1;5.6;5.4;5.8;4.9;10.8;272.2222222;2.777777778;2.777777778;4.1
10609200;0;1;29;85;0.4;2.3;10.7;11.2;55.8;30.4;4.2;3.9;4.1;3.6;9.4;272.2222222;0;0;4.8
10610100;1;1;0;0;1.8;1.9;10.3;10.9;56.5;9.5;4.3;4.1;4.4;3.6;9.4;272.2222222;0;0;4.8
10611000;0;1;34;93;0.4;2.5;9.9;11.1;57.2;9.5;4.5;4.2;4.5;3.9;9.4;272.2222222;0;0;4.8
10611900;-1;0;43;122;-1.6;1;9.7;11.2;58.5;9.5;2.8;2.3;2.6;2.3;9.4;272.2222222;0;0;4.8
10612800;-2;0;41;99;-2.6;-0.3;9.4;10.5;59.6;0;1.8;1.2;1.5;1.1;8.8;266.6666667;0;0;5
10613700;-2;0;38;69;-2.4;-0.6;9.1;10.5;61.4;0;1.6;1.1;1.5;0.9;8.8;266.6666667;0;0;5
10614600;-2;0;42;64;-2.1;-0.6;8.9;10.4;62.4;0;1.8;1.3;1.8;1.1;8.8;266.6666667;0;0;5
10615500;-3;0;43;112;-3.3;-0.9;8.7;10.2;63.2;0;0.9;0.5;0.9;0.4;8.8;266.6666667;0;0;5
10616400;-4;-2;43;107;-4;-1.8;8.4;9.5;63.8;0;0.3;-0.3;0.2;-0.5;8.3;263.8888889;0;0;4.9
10617300;-5;-2;42;103;-4.4;-2.3;8.2;9.5;63.9;0;-0.2;-0.8;-0.3;-1;8.3;263.8888889;0;0;4.9
10618200;-4;-3;28;67;-4.2;-2.6;8.1;9.5;65.3;0;-0.5;-1.1;-0.6;-1.3;8.3;263.8888889;0;0;4.9
10619100;-3.5;-2.5;14;33.5;-3.45;-2.5;7.9;10.4;65.95;0;0.15;-0.5;0.15;-0.95;8.3;263.8888889;0;0;4.9
10620000;-3;-2;0;0;-2.7;-2.4;7.7;11.3;66.6;0;0.8;0.1;0.9;-0.6;7.6;261.1111111;0;0;4
10620900;-3;-2;0;0;-2.4;-2.1;7.6;11.6;67.4;0;1.4;0.9;1.5;-0.1;7.6;261.1111111;0;0;4
10621800;-2;-2;0;0;-2.1;-1.7;7.5;11.6;69;0;2;1.9;1.9;0.3;7.6;261.1111111;0;0;4
10622700;-2;0;40;105;-2;0.2;7.4;11.6;68.5;0;2.6;1.9;2.6;2.1;7.6;261.1111111;0;0;4
10623600;-3;0;43;111;-3.2;-0.9;7.4;10.7;68.4;0;1.1;0.5;1;0.5;6.7;269.4444444;0;0;4.2
10624500;-4;-2;43;106;-4.1;-1.9;7.2;10.6;68.7;0;0.2;-0.5;-0.1;-0.5;6.7;269.4444444;0;0;4.2
10625400;-5;-3;43;102;-4.7;-2.5;7.3;10.6;67.9;0;-0.3;-1;-0.6;-1.1;6.7;269.4444444;0;0;4.2
10626300;-5;-2;40;97;-4.7;-2.6;7.9;10.6;64.5;0;0;-0.8;-0.3;-0.9;6.7;269.4444444;0;0;4.2
10627200;-2;-2;0;0;-2.6;-2.4;8.7;9.6;60.8;0;0.9;0.2;0.8;-0.5;8.2;277.7777778;0;0;4.2
10628100;-2;-1;23;58;-2.3;-1;9;9.5;60.2;0;2.3;1.5;2.3;1;8.2;277.7777778;0;0;4.2
10629000;-3;0;43;119;-2.5;0;9.3;9.5;59.2;0;2;1.4;1.9;1;8.2;277.7777778;0;0;4.2
10629900;-3;0;43;112;-3.3;-0.9;8.9;9.5;60.7;0;1.3;0.6;1;0.4;8.2;277.7777778;0;0;4.2
10630800;-4;-1;43;108;-3.7;-1.4;8.7;7.7;61.2;0;0.8;0.1;0.4;-0.2;6.3;277.7777778;0;0;4.8
10631700;-4;-2;43;102;-4.3;-2.1;8.5;7.2;61.9;0;0;-0.5;-0.2;-0.9;6.3;277.7777778;0;0;4.8
10632600;-4;-2;17;40;-3.5;-2.6;8.4;7;62.9;0;-0.3;-0.7;-0.4;-1.3;6.3;277.7777778;0;0;4.8
10633500;-3;-2;0;0;-2.9;-2.3;8.3;6.7;64.8;0;0.5;0.1;0.6;-0.8;6.3;277.7777778;0;0;4.8
10634400;-3;-2;0;0;-2.5;-2.1;8.1;6.9;65.9;0;1.1;0.7;1.3;-0.4;6.8;288.8888889;0;0;4.4
10635300;-2;-2;0;0;-2.1;-1.6;8.1;7;65;0;1.7;1.5;1.8;0;6.8;288.8888889;0;0;4.4
10636200;-2;0;40;107;-2;0.1;8.3;7.5;63.4;0;2.5;2.1;2.6;1.7;6.8;288.8888889;0;0;4.4
10637100;-3;0;43;114;-3.1;-0.7;8.5;8.3;62.5;0;1.2;0.8;1.2;0.5;6.8;288.8888889;0;0;4.4
10638000;-4;-1;43;109;-3.7;-1.4;8.6;8.4;63;0;0.5;0.3;0.6;-0.3;7;297.2222222;2.777777778;2.777777778;4.4
10638900;-4;-2;43;107;-3.9;-1.6;8.4;8.4;64.7;0;0.5;0.1;0.5;-0.5;7;297.2222222;2.777777778;2.777777778;4.4
10639800;-3;-2;17;42;-2.8;-1.6;8.4;7.6;64.7;0;0.6;0.3;0.7;-0.5;7;297.2222222;2.777777778;2.777777778;4.4
10640700;-2;0;3;4;-2.1;0.6;8.6;6.4;63.7;0;1.4;1.3;1.8;0.1;7;297.2222222;2.777777778;2.777777778;4.4
10641600;-2;0;43;117;-2.3;0.3;9;6.7;61.4;0;2.3;2.1;2.4;1.5;8.8;302.7777778;16.66666667;16.66666667;5.8
10642500;-3;0;43;119;-2.6;-0.2;9.6;6.8;57.9;0;2.1;1.8;2.1;1.2;8.8;302.7777778;16.66666667;16.66666667;5.8
10643400;-2;0;43;118;-2.6;-0.2;10;6.9;56.6;0;2.4;2.1;2.3;1.4;8.8;302.7777778;16.66666667;16.66666667;5.8
10644300;-1;0;32;85;-1.7;-0.1;10.4;7;55.4;0;2.6;2.4;2.6;1.5;8.8;302.7777778;16.66666667;16.66666667;5.8
10645200;0;0;0;0;0.1;0.3;10.7;7.8;54.5;26.6;3.3;3.4;3.5;1.8;9.4;308.3333333;66.66666667;66.66666667;8
10646100;0;1;31;84;0.1;1.8;11;8.1;53.9;36.3;4.8;4.7;5;3.7;9.4;308.3333333;66.66666667;66.66666667;8
10647000;0;2;43;134;-0.3;2.6;11.4;8.1;52.5;36.3;4.6;4.3;4.5;3.9;9.4;308.3333333;66.66666667;66.66666667;8
10647900;0;1;43;132;-0.4;2.5;11.6;8;52.1;36.3;4.6;4.3;4.4;3.9;9.4;308.3333333;66.66666667;66.66666667;8
10648800;1;3;23;44;1.9;3;12.1;9.1;51.5;100.6;5.5;5.2;5.4;4.2;11.6;319.4444444;144.4444444;144.4444444;8.7
10649700;2;3;20;42;2.9;3.8;12.8;9.5;48.2;124;6.9;6.7;7.1;5.6;11.6;319.4444444;144.4444444;144.4444444;8.7
10650600;1;4;43;150;2.3;5.4;13.5;9.7;47.3;120.9;7.4;7.1;7.4;6.5;11.6;319.4444444;144.4444444;144.4444444;8.7
10651500;1;4;43;146;2;5;14;10.4;45.2;112.2;7.3;7.1;7.3;6.4;11.6;319.4444444;144.4444444;144.4444444;8.7
10652400;2;5;38;103;3.3;5.4;14.4;11.3;43.9;170.2;8;7.9;8.1;7;14.1;333.3333333;236.1111111;244.4444444;9.4
10653300;3;6;39;110;4.1;6.4;15;11.6;42.4;191.3;9.2;8.9;9.1;8;14.1;333.3333333;236.1111111;244.4444444;9.4
10654200;3;7;43;168;3.8;7.5;15.9;11.3;40.8;191.3;9.8;9.7;9.8;8.8;14.1;333.3333333;236.1111111;244.4444444;9.4
10655100;4;8;37;171;5;8.5;16.8;10.5;37.4;191.3;11.3;11.1;11.3;10.1;14.1;333.3333333;236.1111111;244.4444444;9.4
10656000;6;9;34;149;6.6;9.9;17;11.1;36.6;255.6;12.6;12.4;12.5;11.2;15.3;338.8888889;316.6666667;322.2222222;9.2
10656900;8;10;41;83;9.2;10.9;16.9;11.4;36.1;287.7;13.5;13.5;13.8;12.4;15.3;338.8888889;316.6666667;322.2222222;9.2
10657800;7;11;43;199;8.2;12.4;17.7;11.7;34.9;287.7;14.6;14.4;14.6;13.7;15.3;338.8888889;316.6666667;322.2222222;9.2
10658700;9;12;39;128;9.9;12.7;17.8;12.4;34.3;287.7;15.2;15.2;15.3;14.2;15.3;338.8888889;316.6666667;322.2222222;9.2
10659600;8;13;39;232;8.3;13.7;17.7;12.9;34.7;364;16.1;16;16;15.1;15.5;336.1111111;375;411.1111111;8.3
10660500;7;11;36;180;7.8;12.1;17.7;13.1;35.4;402.2;14.1;14.1;14.1;13.1;15.5;336.1111111;375;411.1111111;8.3
10661400;6;11;39;237;6.7;12.2;18.2;13.1;34.3;402.2;14.2;14.2;14.2;13.3;15.5;336.1111111;375;411.1111111;8.3
10662300;6;11;38;200;7.1;12.1;19;13.1;32.5;402.2;14.7;14.6;14.6;13.4;15.5;336.1111111;375;411.1111111;8.3
10663200;8;13;38;186;9.1;13.3;19;13.4;31.1;450;15.6;15.7;15.7;14.6;15.7;341.6666667;422.2222222;438.8888889;6.8
10664100;5;12;43;329;6.5;13.5;18.5;13.4;31.8;453.4;15.6;15.6;15.4;14.5;15.7;341.6666667;422.2222222;438.8888889;6.8
10665000;8;12;40;193;9.1;13.2;18.6;14;31.8;455.8;15.5;15.5;15.5;14.5;15.7;341.6666667;422.2222222;438.8888889;6.8
10665900;10;14;43;173;11;14.6;19;15.6;31.8;462.3;17;17.1;17.2;16;15.7;341.6666667;422.2222222;438.8888889;6.8
10666800;11;15;39;145;12.2;15.4;19.5;15.5;31.4;445.3;17.8;18;17.9;16.9;16.1;347.2222222;344.4444444;366.6666667;5.3
10667700;10;16;41;272;10.5;16.1;19;15.4;31.3;430.4;18.5;18.6;18.6;17.6;16.1;347.2222222;344.4444444;366.6666667;5.3
10668600;7;13;43;298;8.3;14.5;19.2;15.4;31.1;430.4;16.2;16.2;15.9;15.5;16.1;347.2222222;344.4444444;366.6666667;5.3
10669500;7;13;43;285;8.3;14;18.9;15.3;33;430.4;16.2;16.1;16;15.2;16.1;347.2222222;344.4444444;366.6666667;5.3
10670400;7;12;43;259;8.2;13.5;18.4;15.1;34.9;432.5;15.4;15.4;15.3;14.4;13.8;352.7777778;405.5555556;441.6666667;3
10671300;7;12;43;240;7.8;12.8;18.5;15;36.6;433;14.7;14.7;14.7;13.8;13.8;352.7777778;405.5555556;441.6666667;3
10672200;7;11;43;230;7.8;12.5;18.4;15.1;39.3;433;14.4;14.5;14.4;13.5;13.8;352.7777778;405.5555556;441.6666667;3
10673100;6;11;43;216;7.8;12;17.9;15.3;42.7;433;14.1;14.1;14.1;13.1;13.8;352.7777778;405.5555556;441.6666667;3
10674000;6;11;43;224;7.8;12;17.7;14.8;41.4;315.4;14.3;14.4;14.3;13.4;12.8;352.7777778;363.8888889;383.3333333;3.1
10674900;7;11;43;228;7.8;12;17.8;14.8;41.5;315.4;14.5;14.6;14.5;13.5;12.8;352.7777778;363.8888889;383.3333333;3.1
10675800;7;11;35;160;8.1;12;17.4;15.2;42.3;315.4;14.1;14.2;14.1;13.2;12.8;352.7777778;363.8888889;383.3333333;3.1
10676700;9;12;39;120;9.7;12.5;17.3;15.8;42.9;315.4;14.7;14.8;14.8;13.6;12.8;352.7777778;363.8888889;383.3333333;3.1
10677600;9;12;37;129;9.9;12.5;16.5;15.2;46;297.5;14.6;14.7;14.8;13.7;12.3;350;297.2222222;313.8888889;3.4
10678500;6;11;43;236;6.7;11.8;16.7;15;47.2;291;13.5;13.6;13.5;12.8;12.3;350;297.2222222;313.8888889;3.4
10679400;6;10;43;179;7.5;11.1;16.6;15;47.9;291;12.9;13;13;11.9;12.3;350;297.2222222;313.8888889;3.4
10680300;6;9;43;153;7.1;10.3;15.9;15;49.8;291;12;12.1;12.1;11.1;12.3;350;297.2222222;313.8888889;3.4
10681200;6;8;43;130;6.7;9.4;15.4;14.2;53.4;235.8;11.2;11.2;11.4;10.4;10.8;352.7777778;122.2222222;122.2222222;4
10682100;5;8;43;115;6.5;8.8;15;14.1;56.2;231.9;10.6;10.6;10.8;9.8;10.8;352.7777778;122.2222222;122.2222222;4
10683000;6;7;31;93;6.4;8.4;14.3;14.1;60.2;231.9;10.2;10.3;10.4;9.5;10.8;352.7777778;122.2222222;122.2222222;4
10683900;5;7;43;88;5.9;7.9;14.3;14.1;63.1;231.9;9.6;9.6;9.8;8.9;10.8;352.7777778;122.2222222;122.2222222;4
10684800;5;6;43;84;5.9;7.5;14;13.4;66.3;180.1;9.4;9.4;9.6;8.7;10.4;341.6666667;97.22222222;97.22222222;2.6
10685700;5;6;43;81;5.9;7.5;13.5;13.1;70.5;154.2;9.3;9.3;9.5;8.5;10.4;341.6666667;97.22222222;97.22222222;2.6
10686600;4;6;36;78;5.3;7.5;13.8;13.1;69.3;154.2;9.3;9.3;9.5;8.6;10.4;341.6666667;97.22222222;97.22222222;2.6
10687500;4;6;39;89;5.1;7.2;14.2;13.1;67.5;154.2;9.1;9.1;9.3;8.4;10.4;341.6666667;97.22222222;97.22222222;2.6
10688400;4;6;39;97;5.1;7;14.4;12.1;66.6;80.6;9.1;9.1;9.3;8.4;10.9;341.6666667;41.66666667;44.44444444;1.3
10689300;4;6;43;76;5.3;7;14.1;11.9;66.9;69.3;9.1;9;9.2;8.3;10.9;341.6666667;41.66666667;44.44444444;1.3
10690200;4;6;43;83;5.3;7;14;11.9;67.2;69.3;9.3;9.2;9.5;8.5;10.9;341.6666667;41.66666667;44.44444444;1.3
10691100;5;6;43;82;5.3;7;13.7;11.9;67.8;69.3;9.3;9.3;9.5;8.5;10.9;341.6666667;41.66666667;44.44444444;1.3
10692000;5;6;43;77;5.3;7;13.5;11.3;68.8;29.4;9.2;9.1;9.4;8.4;9.1;355.5555556;0;0;3.6
10692900;5;6;40;72;5.3;7;13.4;11.3;69.9;29.4;9.2;9.1;9.3;8.4;9.1;355.5555556;0;0;3.6
10693800;4;6;37;85;5.2;7;13.2;11.3;72.8;29.4;9.1;9;9.3;8.4;9.1;355.5555556;0;0;3.6
10694700;4;6;36;76;5.1;6.7;13.2;11.3;74;29.4;8.5;8.4;8.7;7.8;9.1;355.5555556;0;0;3.6
10695600;4;5;16;34;4.8;6.1;12.7;10.6;81.4;3.3;8.2;8.1;8.4;7.4;8.5;350;0;0;4.5
10696500;4;5;6;17;5;6.1;11.8;10.6;85.4;1.4;8.8;8.8;9.1;7.8;8.5;350;0;0;4.5
10697400;4;6;20;58;5.3;6.7;11.4;10.6;85.7;1.4;8.7;8.6;8.9;8;8.5;350;0;0;4.5
10698300;5;6;1;1;5.6;6.5;11.2;10.6;86.7;1.4;9;8.9;9.2;8;8.5;350;0;0;4.5
10699200;3;6;34;146;3.9;7;10.8;10.4;87.4;0.2;8.9;8.8;9.1;8.4;8.2;347.2222222;0;0;3
10700100;1;4;43;147;2.2;5.3;10.7;10.4;87.6;0;7;6.9;7.1;6.4;8.2;347.2222222;0;0;3
10701000;0;3;42;132;1.2;4.1;10.8;10.4;88;0;5.9;5.7;5.9;5.1;8.2;347.2222222;0;0;3
10701900;0;2;38;87;1;3.5;11;10.4;87.9;0;5.4;5.3;5.4;4.5;8.2;347.2222222;0;0;3
10702800;1;2;38;105;1.6;3.5;11.2;10;87.8;0;5.5;5.5;5.7;4.7;8.2;347.2222222;0;0;2.4
10703700;0;2;43;136;-0.1;2.8;11.4;9.9;87.8;0;4.6;4.5;4.6;3.8;8.2;347.2222222;0;0;2.4
10704600;0;1;43;133;-0.6;2.1;11.6;9.9;87.4;0;4.1;3.9;4.2;3.3;8.2;347.2222222;0;0;2.4
10705500;1;1;33;66.5;1.15;2.05;11.4;10.5;87.85;0;4.45;4.3;4.6;3.35;8.2;347.2222222;0;0;2.4
10706400;2;1;23;0;2.9;2;11.2;11.1;88.3;0;4.8;4.7;5;3.4;7.3;341.6666667;0;0;2.1
10707300;2;2;3;3;2.8;2.5;11.2;11.6;88.3;0;6;5.9;6.2;4.1;7.3;341.6666667;0;0;2.1
10708200;0;4;43;139;1.5;4.4;10.5;11.6;85.8;0;6.5;6.4;6.5;5.7;7.3;341.6666667;0;0;2.1
10709100;0;2;43;138;0.6;3.5;9.7;11.6;86;0;5.3;5.1;5.3;4.6;7.3;341.6666667;0;0;2.1
10710000;0;2;43;133;-0.1;2.7;9.3;10.9;87.4;0;4.5;4.4;4.6;3.8;6.5;338.8888889;0;0;2.2
10710900;0;1;32;92;0;2;9.2;10.6;88.2;0;3.9;3.8;4;2.9;6.5;338.8888889;0;0;2.2
10711800;1;1;0;0;1.5;1.5;8.9;10.6;87.6;0;4.5;4.6;4.9;3;6.5;338.8888889;0;0;2.2
10712700;0;2;43;127;0.7;3.2;8.7;10.6;87.3;0;5.5;5.4;5.7;4.6;6.5;338.8888889;0;0;2.2
10713600;0;1;43;133;-0.3;2.5;8.5;9;87.2;0;4.3;4.2;4.4;3.6;6.3;336.1111111;0;0;2.6
10714500;0;1;26;77;0.3;2;8.5;9;87;0;4;3.9;4.1;3.1;6.3;336.1111111;0;0;2.6
10715400;1;1;0;0;1.6;2;8.6;9;86.8;0;4.6;4.8;5;3.3;6.3;336.1111111;0;0;2.6
10716300;1;1;0;0;1.6;2;8.4;9;87.5;0;5.2;5.7;5.9;3.7;6.3;336.1111111;0;0;2.6
10717200;1;3;21;49;2.3;3.5;8.3;8.7;89.6;0;6.3;6.6;6.7;5.1;6.3;333.3333333;0;0;2.3
10718100;0;2;43;136;0.5;3.4;8.4;8.7;90;0;5.1;5;5.2;4.4;6.3;333.3333333;0;0;2.3
10719000;0;1;43;128;-0.7;2;8.7;8.7;89.4;0;3.8;3.6;3.8;3;6.3;333.3333333;0;0;2.3
10719900;-1;0;43;122;-1.4;1.1;8.8;8.7;88.3;0;3;2.8;3;2.2;6.3;333.3333333;0;0;2.3
10720800;-1;0;40;70;-0.4;0.6;8.9;6.6;87;0;2.8;2.6;2.9;1.8;6.1;336.1111111;0;0;3
10721700;1;1;9;0;2.2;1.4;8.9;6.3;87.7;0;4.5;4.4;4.8;2.8;6.1;336.1111111;0;0;3
10722600;0;2;43;125;0.2;2.6;8.9;6.3;87.5;0;4.6;4.5;4.8;3.8;6.1;336.1111111;0;0;3
10723500;0;1;43;128;-0.9;1.7;8.8;6.3;87.1;0;3.6;3.4;3.6;2.8;6.1;336.1111111;0;0;3
10724400;0;0;43;125;-1.4;1.5;8.8;6.7;87.3;0;3.4;3.1;3.4;2.4;6;336.1111111;0;2.777777778;5.9
10725300;-1;0;43;122;-1.5;1.1;8.7;6.8;89;0;3.3;3;3.3;2.4;6;336.1111111;0;2.777777778;5.9
10726200;0;0;6;16;0.4;1;8.5;6.8;89.2;0;3.6;3.4;3.7;2.4;6;336.1111111;0;2.777777778;5.9
10727100;0;2;20;57;0.7;3.3;8.3;6.8;89.5;0;4.7;4.6;5;3.6;6;336.1111111;0;2.777777778;5.9
10728000;0;1;43;133;-0.3;2.5;8.2;7;88;0;4.4;4;4.4;3.5;5.8;327.7777778;16.66666667;19.44444444;6.7
10728900;0;1;43;127;-1;1.7;8.3;7;87.9;0;3.6;3.3;3.6;2.8;5.8;327.7777778;16.66666667;19.44444444;6.7
10729800;-1;0;43;122;-1.3;1.2;8.5;7;87.7;0;3.3;2.9;3.2;2.3;5.8;327.7777778;16.66666667;19.44444444;6.7
10730700;-1;0;14;37;0;0.9;8.9;7;88;0;3.5;3.4;3.7;2.2;5.8;327.7777778;16.66666667;19.44444444;6.7
10731600;0;1;12;25;0.7;1.4;8.9;8.4;86.9;25;4.4;4.7;5.1;3.2;6.2;311.1111111;80.55555556;83.33333333;7.4
10732500;0;2;43;135;0;2.9;9.2;8.8;86.2;31.2;4.6;4.5;4.8;3.8;6.2;311.1111111;80.55555556;83.33333333;7.4
10733400;0;1;43;130;-0.7;2.1;9.3;8.8;85.4;31.2;4;3.8;4.1;3.1;6.2;311.1111111;80.55555556;83.33333333;7.4
10734300;0;1;43;128;-0.7;2;9.5;8.8;84.1;31.2;3.9;3.7;3.9;3;6.2;311.1111111;80.55555556;83.33333333;7.4
10735200;0;1;29;83;-0.2;1.6;9.3;9.3;83.6;101.6;3.8;3.6;3.8;2.8;7.2;294.4444444;188.8888889;302.7777778;8.1
10736100;0;2;0;0;1.5;2.1;8.7;9.4;82.1;119.2;4.5;4.4;4.7;3;7.2;294.4444444;188.8888889;302.7777778;8.1
10737000;0;3;39;120;1;3.6;9.1;9.4;82.5;119.2;5.9;5.7;6.1;4.7;7.2;294.4444444;188.8888889;302.7777778;8.1
10737900;0;2;43;138;0.4;3.2;9.8;9.4;82;119.2;5.2;5;5.2;4.3;7.2;294.4444444;188.8888889;302.7777778;8.1
10738800;0;2;43;137;0.4;3;10.5;11.2;79.9;176.6;5.3;5.2;5.3;4.3;7.6;294.4444444;186.1111111;394.4444444;8.7
10739700;0;2;37;117;0.8;3;10.2;11.6;76.6;191;5.3;5.2;5.4;4.3;7.6;294.4444444;186.1111111;394.4444444;8.7
10740600;2;3;23;29;3.2;3.7;9.8;11.6;76.1;191;6.3;6.3;6.6;5.1;7.6;294.4444444;186.1111111;394.4444444;8.7
10741500;3;5;32;111;3.4;5.6;10.2;11.6;72.6;191;8.7;8.7;8.9;7.2;7.6;294.4444444;186.1111111;394.4444444;8.7
10742400;2;6;43;161;3.5;6.7;10.2;13.4;59.2;279.7;9.2;9.2;9.3;8;8.5;283.3333333;186.1111111;600;6.8
10743300;3;6;40;151;4.1;7.1;11;14.1;54.6;312;9.5;9.6;9.6;8.3;8.5;283.3333333;186.1111111;600;6.8
10744200;4;6;43;121;4.5;6.9;10.5;14.1;55.2;312;8.9;9;9.1;7.9;8.5;283.3333333;186.1111111;600;6.8
10745100;5;8;38;161;5.3;8.5;10.8;14.1;54.3;312;11.3;11.5;11.5;10.1;8.5;283.3333333;186.1111111;600;6.8
10746000;5;8;43;174;5.7;9.3;11;15.2;50.5;404.6;11.4;11.5;11.5;10.2;9.6;-2775;186.1111111;875;8.3
10746900;5;10;38;209;5.6;10.5;11.2;15.3;47.5;411.2;13;13.2;13;11.8;9.6;-2775;186.1111111;875;8.3
10747800;6;11;39;195;7;11.4;12;15.3;43.6;411.2;14.2;14.4;14.2;12.7;9.6;-2775;186.1111111;875;8.3
10748700;6;10;43;195;7.3;11.7;11.8;15.3;42.2;411.2;13.4;13.6;13.4;12.3;9.6;-2775;186.1111111;875;8.3
10749600;5;10;39;208;6;10.4;11.7;15.4;43.1;445.3;12.6;12.9;12.7;11.8;5.1;319.4444444;194.4444444;313.8888889;5.8
10750500;6;10;43;188;6.7;10.5;12.2;15.5;40.4;462.3;12.6;12.8;12.7;11.7;5.1;319.4444444;194.4444444;313.8888889;5.8
10751400;6;10;39;176;7.2;11;13;15.5;39.5;462.3;13;13.3;13.1;12.2;5.1;319.4444444;194.4444444;313.8888889;5.8
10752300;5;8;39;143;6.2;9.5;11.6;15.5;51.5;462.3;11;11.1;11.1;10;5.1;319.4444444;194.4444444;313.8888889;5.8
10753200;4;6;15;42;5;6.6;7.2;15.7;79.8;434.7;7.6;7.6;7.7;6.8;7.8;283.3333333;283.3333333;775;5.9
10754100;3;6;25;74;4.5;7.3;7.3;15.7;79.7;430.4;8.2;8.2;8.3;7.4;7.8;283.3333333;283.3333333;775;5.9
10755000;3;7;43;170;4.1;7.6;8.2;15.7;78.1;430.4;10.1;10.2;10.2;9.5;7.8;283.3333333;283.3333333;775;5.9
10755900;4;8;35;199;4.9;9;9;15.7;75;430.4;11.5;11.6;11.4;10.5;7.8;283.3333333;283.3333333;775;5.9
10756800;5;8;38;141;6.3;9.3;9.6;16.1;68.5;433;11.5;11.7;11.5;10.4;8.1;300;302.7777778;502.7777778;6.5
10757700;6;10;40;180;6.7;10.6;11;16.1;62;433;12.7;12.9;12.8;11.9;8.1;300;302.7777778;502.7777778;6.5
10758600;6;9;42;171;6.5;9.7;11.8;16.1;56.2;433;11.4;11.6;11.5;10.5;8.1;300;302.7777778;502.7777778;6.5
10759500;5;7;43;137;5.9;8.3;11.4;16.1;53.1;433;10.3;10.2;10.3;9.3;8.1;300;302.7777778;502.7777778;6.5
10760400;6;9;39;163;6;9.7;11.9;15.9;52.7;346.8;12.3;12.5;12.4;11.5;9.2;308.3333333;141.6666667;330.5555556;6.2
10761300;7;11;43;196;7.5;11.4;12.5;15.8;50.5;315.4;14.1;14.2;14;12.8;9.2;308.3333333;141.6666667;330.5555556;6.2
10762200;6;11;40;251;7.2;11.9;12.9;15.8;48.6;315.4;14;14.3;13.9;12.8;9.2;308.3333333;141.6666667;330.5555556;6.2
10763100;6;10;39;189;7.3;11.2;12.9;15.8;45.8;315.4;13.2;13.5;13.3;12.1;9.2;308.3333333;141.6666667;330.5555556;6.2
10764000;5;9;43;177;5.9;9.6;12;15;50.7;291;11.1;11.2;11.2;10.3;9.1;286.1111111;152.7777778;472.2222222;5
10764900;3;5;40;118;4.2;6.2;9;15;76.3;291;7.8;7.9;8;7.2;9.1;286.1111111;152.7777778;472.2222222;5
10765800;4;6;43;103;4.7;6.7;8;15;91.7;291;9.2;9.3;9.5;8.3;9.1;286.1111111;152.7777778;472.2222222;5
10766700;3;6;38;128;4.3;7.3;8.5;15;92.6;291;9.1;9.2;9.3;8.2;9.1;286.1111111;152.7777778;472.2222222;5
10767600;3;6;43;158;3.5;6.8;9;14.4;92.8;251.6;9.1;9.1;9.2;8.2;10;302.7777778;119.4444444;161.1111111;4.2
10768500;5;7;41;132;4.9;7.4;8.8;14.1;91.7;231.9;9.7;9.7;9.9;8.6;10;302.7777778;119.4444444;161.1111111;4.2
10769400;5;7;43;110;5.4;7.6;9;14.1;91.9;231.9;10.1;10;10.2;9;10;302.7777778;119.4444444;161.1111111;4.2
10770300;5;7;43;114;5.6;8;9.4;14.1;90.9;231.9;10.2;10.2;10.3;9.1;10;302.7777778;119.4444444;161.1111111;4.2
10771200;5;6;40;76;5.6;7.3;9.4;13.2;89.7;159.4;9.2;9.1;9.3;8.3;8.4;272.2222222;102.7777778;252.7777778;4.1
10772100;2;5;42;141;3.2;6.2;9.1;13.1;89.3;154.2;7.9;7.8;8;7.3;8.4;272.2222222;102.7777778;252.7777778;4.1
10773000;1;4;43;148;2.4;5.5;10.4;13.1;90;154.2;7.4;7.4;7.5;6.6;8.4;272.2222222;102.7777778;252.7777778;4.1
10773900;2;5;38;87;4.1;5.5;13.3;13.1;91.3;154.2;7.7;7.6;7.9;6.7;8.4;272.2222222;102.7777778;252.7777778;4.1
10774800;4;5;38;59;4.5;5.8;14.7;12.3;84.8;97.6;8.2;8.2;8.5;7.3;8.1;280.5555556;47.22222222;66.66666667;3
10775700;2;5;43;142;3;5.7;11.3;11.9;53.9;69.3;7.7;7.6;7.8;6.9;8.1;280.5555556;47.22222222;66.66666667;3
10776600;0;3;43;137;1.4;4.2;10.1;11.9;56.1;69.3;6;5.8;6;5.2;8.1;280.5555556;47.22222222;66.66666667;3
10777500;2;3;29;34;2.8;3.5;10.2;11.9;56.1;69.3;5.8;5.7;6;4.9;8.1;280.5555556;47.22222222;66.66666667;3
10778400;3;3;3;3;3.5;3.8;9.9;11.4;57.5;34.7;6.9;6.9;7.3;5.5;7.5;288.8888889;2.777777778;2.777777778;2.8
10779300;1;4;43;142;1.9;4.7;9.7;11.3;58.4;29.4;6.6;6.4;6.7;5.9;7.5;288.8888889;2.777777778;2.777777778;2.8
10780200;0;2;43;134;0.5;3.3;9.7;11.3;58;29.4;5.1;4.9;5.2;4.4;7.5;288.8888889;2.777777778;2.777777778;2.8
10781100;1;2;9;26;1.8;2.5;9.3;11.3;60.7;29.4;4.8;4.7;5;3.7;7.5;288.8888889;2.777777778;2.777777778;2.8
10782000;1;2;9;21;2.2;2.7;9;10.6;62.6;1.4;5.5;5.5;6;4.4;6.6;286.1111111;0;0;3.9
10782900;0;2;43;135;0.3;3;8.8;10.6;63.7;1.4;4.8;4.6;4.9;4.1;6.6;286.1111111;0;0;3.9
10783800;0;1;43;125;-1;1.6;8.8;10.6;63.7;1.4;3.5;3.2;3.5;2.7;6.6;286.1111111;0;0;3.9
10784700;-1;0;20;57;-0.3;1;8.6;10.6;63.9;1.4;3.3;3.1;3.4;2.3;6.6;286.1111111;0;0;3.9
10785600;0;0;5;5;0.9;1.1;8.5;10.5;63.8;0.4;4.1;4.2;4.5;2.8;6.6;-2775;0;0;3.8
10786500;0;2;43;134;-0.1;2.5;8.3;10.4;63.6;0;4.4;4.2;4.6;3.6;6.6;-2775;0;0;3.8
10787400;-1;0;43;122;-1.4;1.1;8.2;10.4;64.2;0;3;2.7;3;2.2;6.6;-2775;0;0;3.8
10788300;-2;0;43;115;-2.1;0.2;8.2;10.4;65.8;0;2.2;1.9;2.3;1.3;6.6;-2775;0;0;3.8
10789200;0;0;0;0;-0.3;0;8.3;9.9;66.4;0;2.5;2.4;2.7;1.2;6;288.8888889;0;0;3.3
10790100;0;0;26;72;-0.5;1;8.4;9.9;65.3;0;3.5;3.4;3.7;2.4;6;288.8888889;0;0;3.3
10791000;-2;0;43;122;-1.8;0.8;8.3;9.9;66.1;0;2.7;2.4;2.7;1.8;6;288.8888889;0;0;3.3
10791900;-1.5;0;30.5;86;-1.5;0.4;8.05;9.75;67.6;0;2.55;2.25;2.55;1.5;6;288.8888889;0;0;3.3
10792800;-1;0;18;50;-1.2;0;7.8;9.6;69.1;0;2.4;2.1;2.4;1.2;6;313.8888889;0;0;3.6
10793700;0;0;0;0;0;0;7.8;9.5;69.2;0;3;3;3.3;1.6;6;313.8888889;0;0;3.6
10794600;0;1;19;47;-0.2;1.1;7.9;9.5;69.1;0;3.9;3.9;4.3;2.6;6;313.8888889;0;0;3.6
10795500;-1;0;43;127;-1.2;1.5;8.2;9.5;68.8;0;3.3;3.1;3.4;2.5;6;313.8888889;0;0;3.6
10796400;-2;0;43;119;-1.9;0.6;8.3;9.3;68.3;0;2.5;2.3;2.6;1.7;5.3;327.7777778;0;0;3.6
10797300;-3;0;43;115;-2.4;0;8.3;9.3;69;0;2;1.7;2;1.1;5.3;327.7777778;0;0;3.6
10798200;-3;0;43;112;-2.5;-0.4;8.2;9.3;70.7;0;1.8;1.5;1.8;0.8;5.3;327.7777778;0;0;3.6
10799100;-1;0;6;15;-0.9;-0.5;8.1;9.3;70.6;0;2.3;2.1;2.4;1.1;5.3;327.7777778;0;0;3.6
10800000;0;0;15;35;-0.5;0.3;8.2;9;71.3;0;3.3;3.3;3.7;2.1;5.9;313.8888889;0;0;1.9
10800900;-1;0;43;127;-1.2;1.4;8.3;9;70.7;0;3.3;3.1;3.3;2.5;5.9;313.8888889;0;0;1.9
10801800;-2;0;43;122;-1.8;0.8;8.3;9;70.5;0;2.8;2.5;2.8;1.9;5.9;313.8888889;0;0;1.9
10802700;-2;0;43;118;-2.1;0.4;8.4;9;70.1;0;2.4;2.1;2.4;1.5;5.9;313.8888889;0;0;1.9
10803600;-2;0;43;116;-2.4;0;8.4;8.8;69.7;0;2.2;1.9;2.3;1.3;6.1;313.8888889;0;0;2.7
10804500;-2;0;37;98;-2.1;0;8.4;8.7;70.4;0;2.2;2;2.2;1.2;6.1;313.8888889;0;0;2.7
10805400;0;0;0;0;-0.2;0.4;8.4;8.7;70.4;0;3;2.9;3.1;1.5;6.1;313.8888889;0;0;2.7
10806300;0;1;34;96;-0.6;1.7;8.6;8.7;68.9;0;4;3.9;4.2;2.9;6.1;313.8888889;0;0;2.7
10807200;-1;0;43;126;-1.4;1.2;8.7;6.6;68;0;3.1;2.9;3.2;2.3;6.2;311.1111111;0;0;2.9
10808100;-2;0;43;121;-1.9;0.6;8.8;6.3;67.8;0;2.6;2.4;2.6;1.7;6.2;311.1111111;0;0;2.9
10809000;-2;0;37;104;-2;0.5;8.6;6.3;67.7;0;2.5;2.3;2.5;1.5;6.2;311.1111111;0;0;2.9
10809900;0;0;0;0;0;0.5;8.7;6.3;67.2;0;3;3;3.3;1.7;6.2;311.1111111;0;0;2.9
10810800;0;0;0;0;0;0.5;8.7;6.6;67.4;0;3.6;3.9;4.2;2.1;5.3;308.3333333;5.555555556;5.555555556;2.9
10811700;0;0;0;0;0.5;0.9;8.7;6.8;68.6;0;4.2;4.8;4.9;2.5;5.3;308.3333333;5.555555556;5.555555556;2.9
10812600;0;2;34;99;0.3;2.4;8.3;6.8;72.1;0;4.9;5.1;5.1;3.8;5.3;308.3333333;5.555555556;5.555555556;2.9
10813500;0;1;43;127;-1;1.6;8.1;6.8;73.8;0;3.4;3.3;3.5;2.7;5.3;308.3333333;5.555555556;5.555555556;2.9
10814400;-2;0;43;119;-2;0.5;7.8;7;74.5;0;2.4;2.2;2.4;1.6;5.1;288.8888889;58.33333333;63.88888889;3.1
10815300;-3;0;43;113;-2.8;-0.4;7.8;7;75.6;0;1.5;1.3;1.6;0.7;5.1;288.8888889;58.33333333;63.88888889;3.1
10816200;-3;0;43;111;-3.3;-0.9;7.8;7;75.6;0;1.2;0.8;1;0.2;5.1;288.8888889;58.33333333;63.88888889;3.1
10817100;-4;0;43;108;-3.5;-1;8.2;7;74.7;0;0.9;0.6;0.9;-0.1;5.1;288.8888889;58.33333333;63.88888889;3.1
10818000;-2;0;3;7;-1.8;-1;8.6;8.1;73.4;18.7;1.4;1.2;1.5;0;6.3;316.6666667;75;77.77777778;1.8
10818900;-2;0;29;77;-1.6;0.1;9.1;8.8;72.2;31.2;2.7;2.7;3;1.7;6.3;316.6666667;75;77.77777778;1.8
10819800;-2;0;43;123;-2;0.6;9.5;8.8;70.2;31.2;2.5;2.3;2.5;1.6;6.3;316.6666667;75;77.77777778;1.8
10820700;-2;0;43;121;-2.2;0.5;9.7;8.8;68.1;31.2;2.5;2.3;2.5;1.5;6.3;316.6666667;75;77.77777778;1.8
10821600;-2;0;43;120;-2.2;0.5;9.5;9.3;67.9;101.6;2.6;2.4;2.7;1.7;6.7;325;44.44444444;44.44444444;2.2
10822500;-2;0;43;120;-2.2;0.5;9.4;9.4;68.7;119.2;2.7;2.6;2.9;1.8;6.7;325;44.44444444;44.44444444;2.2
10823400;-1;0;29;79;-1.4;0.5;9.4;9.4;70.3;119.2;2.8;2.7;3;1.7;6.7;325;44.44444444;44.44444444;2.2
10824300;0;0;1;1;0.5;0.8;9.4;9.4;70.7;119.2;3.7;3.7;3.9;2.2;6.7;325;44.44444444;44.44444444;2.2
10825200;0;1;43;131;-0.3;2.4;9.6;10.7;69.6;162.3;4.6;4.5;4.7;3.7;7.7;325;138.8888889;138.8888889;3.2
10826100;0;1;43;131;-0.7;2;10.1;11.6;68.6;191;4;3.8;3.9;3;7.7;325;138.8888889;138.8888889;3.2
10827000;0;1;43;129;-1.1;1.6;10.3;11.6;66.1;191;3.9;3.6;3.9;2.9;7.7;325;138.8888889;138.8888889;3.2
10827900;0;1;43;131;-1;1.8;11.2;11.6;64.1;191;4.3;4.1;4.3;3.2;7.7;325;138.8888889;138.8888889;3.2
10828800;0;1;23;70;0.6;2;11.5;13.6;60.9;287.8;4.8;4.7;4.9;3.5;8.2;327.7777778;94.44444444;94.44444444;1.8
10829700;2;3;24;38;2.5;3.4;11.3;14.1;60.5;312;6.1;6.3;6.5;4.9;8.2;327.7777778;94.44444444;94.44444444;1.8
10830600;0;3;43;143;1.3;4.2;11.3;14.1;60.3;312;6.1;5.9;6.2;5.3;8.2;327.7777778;94.44444444;94.44444444;1.8
10831500;0;2;43;137;0.5;3.4;11.4;14.1;60.3;312;5.3;5.1;5.3;4.4;8.2;327.7777778;94.44444444;94.44444444;1.8
10832400;0;2;43;133;0;2.8;11.5;15.3;60.7;411.2;4.7;4.6;4.8;3.8;8.6;333.3333333;88.88888889;88.88888889;1.7
10833300;1;1;35;36;1.5;2.3;11.6;15.3;60.4;411.2;4.5;4.5;4.7;3.4;8.6;333.3333333;88.88888889;88.88888889;1.7
10834200;1;2;17;46;2.1;3;11.7;15.3;61.1;411.2;6;6;6.3;4.6;8.6;333.3333333;88.88888889;88.88888889;1.7
10835100;0;3;43;139;0.8;3.7;12.1;15.3;60.4;411.2;5.5;5.3;5.5;4.7;8.6;333.3333333;88.88888889;88.88888889;1.7
10836000;0;2;43;136;0.1;3;12.4;15.4;59.4;448.7;5;4.8;4.9;4.1;8.6;336.1111111;102.7777778;102.7777778;1.7
10836900;0;2;37;116;0.3;3;12.5;15.5;59.4;462.3;4.9;4.8;4.9;4;8.6;336.1111111;102.7777778;102.7777778;1.7
10837800;2;3;22;32;2.9;3.6;12.2;15.5;62.3;462.3;6.1;6.1;6.4;5;8.6;336.1111111;102.7777778;102.7777778;1.7
10838700;1;4;40;121;2.2;4.7;12.1;15.5;64.2;462.3;6.8;6.8;7;6;8.6;336.1111111;102.7777778;102.7777778;1.7
10839600;0;3;43;144;1.4;4.5;12.1;15.7;63.8;432.5;6.4;6.3;6.4;5.5;8.5;336.1111111;136.1111111;136.1111111;3.2
10840500;0;3;43;143;1.4;4.5;12.2;15.7;63.2;430.4;6.5;6.4;6.5;5.5;8.5;336.1111111;136.1111111;136.1111111;3.2
10841400;2;4;24;44;3.2;4.5;12.7;15.7;62.2;430.4;6.9;6.9;7.1;5.8;8.5;336.1111111;136.1111111;136.1111111;3.2
10842300;2;5;29;93;3.4;5.4;13.2;15.7;60.3;430.4;8;8;8.2;6.9;8.5;336.1111111;136.1111111;136.1111111;3.2
10843200;1;4;43;148;2.3;5.3;12.7;16;59.1;432.1;7.1;7;7.2;6.3;8.5;344.4444444;94.44444444;94.44444444;4.7
10844100;0;3;40;134;1.4;4.3;12.6;16.1;59.7;433;6.2;6.1;6.3;5.3;8.5;344.4444444;94.44444444;94.44444444;4.7
10845000;2;3;22;32;3.2;4;12.6;16.1;59.8;433;6.7;6.6;6.9;5.4;8.5;344.4444444;94.44444444;94.44444444;4.7
10845900;2;4;34;108;2.8;5;12.2;16.1;64.7;433;7.5;7.4;7.6;6.4;8.5;344.4444444;94.44444444;94.44444444;4.7
10846800;0;3;43;142;1.4;4.4;12.2;15.8;68.3;331.1;6.1;6;6.2;5.4;7.6;344.4444444;91.66666667;91.66666667;2.4
10847700;0;2;34;109;0.7;3.4;11.7;15.8;74.9;315.4;5.3;5.2;5.4;4.4;7.6;344.4444444;91.66666667;91.66666667;2.4
10848600;2;3;22;27;2.8;3.4;11.1;15.8;83.6;315.4;5.9;5.9;6.2;4.8;7.6;344.4444444;91.66666667;91.66666667;2.4
10849500;1;4;37;110;2.1;4.3;10.7;15.8;85.4;315.4;6.6;6.6;6.9;5.8;7.6;344.4444444;91.66666667;91.66666667;2.4
10850400;0;3;43;141;0.9;3.9;10.6;15;87.5;291;5.7;5.6;5.8;4.9;7.5;344.4444444;86.11111111;86.11111111;3
10851300;0;2;40;128;0.7;3.2;10.7;15;86;291;5.2;5.1;5.3;4.4;7.5;344.4444444;86.11111111;86.11111111;3
10852200;2;3;23;27;2.8;3.4;10.8;15;86.4;291;5.9;5.9;6.1;4.7;7.5;344.4444444;86.11111111;86.11111111;3
10853100;1;4;29;92;2.5;4.4;10.8;15;86.9;291;7;7;7.3;6;7.5;344.4444444;86.11111111;86.11111111;3
10854000;1;4;43;146;1.7;4.7;10.5;14.3;85.9;247.7;6.5;6.4;6.6;5.8;7.8;341.6666667;77.77777778;77.77777778;3.8
10854900;0;3;43;140;1.2;4.1;10.5;14.1;87.3;231.9;6;5.9;6.1;5.2;7.8;341.6666667;77.77777778;77.77777778;3.8
10855800;2;3;29;54;2.7;3.5;10.6;14.1;87.3;231.9;5.9;5.9;6.1;5;7.8;341.6666667;77.77777778;77.77777778;3.8
10856700;2;3;23;74;3;4.4;10.8;14.1;87;231.9;7.3;7.1;7.4;6;7.8;341.6666667;77.77777778;77.77777778;3.8
10857600;0;4;43;144;1.7;4.7;11.1;13.2;86.5;159.4;6.5;6.3;6.5;5.7;8;341.6666667;50;50;3.3
10858500;0;3;43;142;1.1;4;11.4;13.1;85.5;154.2;6;5.9;6.1;5.3;8;341.6666667;50;50;3.3
10859400;1;3;41;109;1.9;4;11.1;13.1;82.6;154.2;6.3;6.2;6.4;5.4;8;341.6666667;50;50;3.3
10860300;2;3;14;23;3.2;4.1;11.1;13.1;85;154.2;6.9;6.9;7.2;5.8;8;341.6666667;50;50;3.3
10861200;1;4;43;143;2.2;5.1;11.3;12.3;86.1;97.6;6.9;6.8;7;6.3;8.2;344.4444444;25;30.55555556;6.3
10862100;0;3;43;141;1;4;11.1;11.9;85.8;69.3;5.9;5.7;5.9;5.1;8.2;344.4444444;25;30.55555556;6.3
10863000;0;2;40;136;0.9;3.5;11.2;11.9;87.7;69.3;5.4;5.2;5.4;4.6;8.2;344.4444444;25;30.55555556;6.3
10863900;2;3;22;19;2.7;3.5;11.4;11.9;87;69.3;5.9;5.7;6;4.8;8.2;344.4444444;25;30.55555556;6.3
10864800;1;4;32;97;2.5;4.5;11.5;11.3;85.8;32.1;7;6.8;7.3;6.1;8.9;300;8.333333333;8.333333333;6.1
10865700;0;3;43;143;1.6;4.6;11.6;11.3;85.4;29.4;6.4;6.3;6.5;5.7;8.9;300;8.333333333;8.333333333;6.1
10866600;0;3;43;138;1.1;3.8;11;11.3;85.7;29.4;5.7;5.5;5.9;4.8;8.9;300;8.333333333;8.333333333;6.1
10867500;2;2;26;28;2.6;3.5;10.6;11.3;86.3;29.4;5.5;5.4;5.8;4.4;8.9;300;8.333333333;8.333333333;6.1
10868400;1;3;23;70;2.3;4;10.3;10.8;86.3;10.7;6.5;6.4;6.8;5.3;9.3;333.3333333;0;0;5.4
10869300;0;3;43;141;1;3.9;10.3;10.6;86.3;1.4;5.7;5.5;5.9;5;9.3;333.3333333;0;0;5.4
10870200;0;2;43;136;0.3;3.2;10.6;10.6;86.3;1.4;5.1;4.9;5.2;4.2;9.3;333.3333333;0;0;5.4
10871100;1;2;15;45;1.6;3;10.8;10.6;85.6;1.4;5.1;4.9;5.2;3.9;9.3;333.3333333;0;0;5.4
10872000;1;3;30;60;2.4;3.7;11;10.4;85.6;0.2;6.1;6.1;6.4;5.1;9.8;347.2222222;0;0;4.9
10872900;0;3;43;141;0.9;3.7;11.2;10.4;85.2;0;5.7;5.5;5.8;4.9;9.8;347.2222222;0;0;4.9
10873800;0;2;43;139;0.8;3.5;11.3;10.4;83.2;0;5.5;5.3;5.7;4.7;9.8;347.2222222;0;0;4.9
10874700;1;3;41;99;1.5;3.5;11.5;10.4;82.7;0;5.9;5.5;5.9;4.8;9.8;347.2222222;0;0;4.9
10875600;2;3;13;21;3;4;11.6;9.9;81.7;0;7;6.9;7.2;5.5;9.3;313.8888889;0;0;4.8
10876500;1;5;43;145;2.4;5.5;11.7;9.9;80;0;7.6;7.3;7.6;6.7;9.3;313.8888889;0;0;4.8
10877400;1;4;43;145;1.8;4.8;11.4;9.9;75.2;0;6.7;6.5;6.8;5.9;9.3;313.8888889;0;0;4.8
10878300;1.5;3.5;24.5;77.5;2.5;4.4;11.25;9.75;74.15;0;6.75;6.65;7;5.8;9.3;313.8888889;0;0;4.8
10879200;2;3;6;10;3.2;4;11.1;9.6;73.1;0;6.8;6.8;7.2;5.7;8.7;338.8888889;0;0;3.5
10880100;2;4;15;45;3.1;4.9;11;9.5;72.7;0;7.8;7.7;8.1;6.5;8.7;338.8888889;0;0;3.5
10881000;3;4;23;42;4.1;5.6;11;9.5;72.1;0;7.4;7.4;7.7;6.6;8.7;338.8888889;0;0;3.5
10881900;1;4;43;146;2.3;5.2;11;9.5;72.1;0;7.1;6.9;7.2;6.4;8.7;338.8888889;0;0;3.5
10882800;0;3;43;139;1;4;10.9;9.3;72.2;0;5.7;5.6;5.8;5;8.1;336.1111111;0;0;2.7
10883700;0;2;43;135;0.3;3.1;10.7;9.3;73.1;0;4.9;4.8;5;4.1;8.1;336.1111111;0;0;2.7
10884600;1;1;14;43;1.2;2.5;10.5;9.3;74;0;4.7;4.5;4.8;3.7;8.1;336.1111111;0;0;2.7
10885500;1;2;17;47;1.8;3;10.7;9.3;73.4;0;5.6;5.7;6;4.5;8.1;336.1111111;0;0;2.7
10886400;0;2;43;137;0.4;3.3;10.8;9.1;72.8;0;5;4.9;5.2;4.3;7.9;338.8888889;0;0;3.6
10887300;0;1;43;132;-0.5;2.2;10.9;9;72.9;0;4.1;3.9;4.1;3.3;7.9;338.8888889;0;0;3.6
10888200;0;0;43;126;-1.1;1.6;10.8;9;72.4;0;3.5;3.3;3.5;2.6;7.9;338.8888889;0;0;3.6
10889100;0;0;17;49;0.1;1.2;10.7;9;71.6;0;3.5;3.4;3.6;2.4;7.9;338.8888889;0;0;3.6
10890000;0;1;16;38;0.8;1.6;10.5;8.7;71.3;0;4.6;4.8;5.1;3.6;6.7;336.1111111;0;0;4.3
10890900;0;2;43;135;0.1;2.9;10.2;8.7;70.8;0;4.7;4.6;4.8;3.9;6.7;336.1111111;0;0;4.3
10891800;0;1;43;131;-0.6;2.1;9.8;8.7;72.6;0;4;3.9;4.1;3.2;6.7;336.1111111;0;0;4.3
10892700;0;1;43;127;-1.1;1.6;9.5;8.7;74.9;0;3.6;3.5;3.7;2.7;6.7;336.1111111;0;0;4.3
10893600;0;0;20;58;0.1;1.5;9.2;7.1;77.5;0;3.7;3.5;3.8;2.6;6.5;336.1111111;0;0;3.5
10894500;0;1;0;0;1;1.5;9;6.3;80;0;4.3;4.4;4.8;3;6.5;336.1111111;0;0;3.5
10895400;0;1;0;0;1.2;1.7;9.2;6.3;78.9;0;4.7;5.3;5.5;3.3;6.5;336.1111111;0;0;3.5
10896300;1;3;26;52;2.1;3.5;9.3;6.3;77.4;0;5.9;6.1;6.3;4.9;6.5;336.1111111;0;0;3.5
10897200;0;2;43;136;0.2;3.1;9.4;6.7;77.6;0;4.9;4.7;4.9;4.2;6.1;336.1111111;0;0;4.1
10898100;0;1;43;129;-0.8;1.8;9.3;6.8;78;0;3.7;3.4;3.7;3;6.1;336.1111111;0;0;4.1
10899000;-2;0;43;124;-1.5;1.1;9.2;6.8;78.1;0;3.1;2.9;3.1;2.3;6.1;336.1111111;0;0;4.1
10899900;-2;0;43;120;-1.6;0.9;9;6.8;79.6;0;2.8;2.6;2.9;1.9;6.1;336.1111111;0;0;4.1
10900800;-2;0;39;95;-1.4;0.5;8.8;6.9;81;0;2.6;2.4;2.7;1.6;5.7;333.3333333;16.66666667;16.66666667;4.2
10901700;1;1;18;0;1.9;0.9;8.5;7;85;0;3.8;3.8;4.1;2.5;5.7;333.3333333;16.66666667;16.66666667;4.2
10902600;0;2;43;126;-0.2;2.3;8.3;7;89.3;0;4.4;4.3;4.5;3.6;5.7;333.3333333;16.66666667;16.66666667;4.2
10903500;-1;0;43;126;-1.4;1.3;8.3;7;89.9;0;3.1;3;3.2;2.3;5.7;333.3333333;16.66666667;16.66666667;4.2
10904400;-2;0;43;122;-1.9;0.5;8.3;8.3;90.2;22.9;2.6;2.4;2.6;1.5;5.7;330.5555556;55.55555556;55.55555556;5.5
10905300;-2;0;43;121;-2.3;0.5;8;8.8;89.9;31.2;2.5;2.3;2.5;1.5;5.7;330.5555556;55.55555556;55.55555556;5.5
10906200;-2;0;43;121;-2.3;0.5;7.7;8.8;88.9;31.2;2.5;2.4;2.6;1.5;5.7;330.5555556;55.55555556;55.55555556;5.5
10907100;-2;0;43;120;-2.3;0.5;7.9;8.8;88.9;31.2;2.5;2.3;2.5;1.6;5.7;330.5555556;55.55555556;55.55555556;5.5
10908000;-2;0;43;117;-2.3;0.5;8.3;9.4;88.4;113.3;2.4;2.2;2.4;1.5;6;327.7777778;83.33333333;86.11111111;7.1
10908900;-2;0;43;118;-2.3;0.5;8.6;9.4;87.6;119.2;2.6;2.4;2.6;1.6;6;327.7777778;83.33333333;86.11111111;7.1
10909800;-1;0;29;84;-1.7;0.5;8.7;9.4;87;119.2;2.8;2.6;2.8;1.7;6;327.7777778;83.33333333;86.11111111;7.1
10910700;0;0;3;2;0.5;0.8;8.3;9.4;85.2;119.2;3.7;3.9;4.2;2.2;6;327.7777778;83.33333333;86.11111111;7.1
10911600;0;1;43;134;-0.3;2.5;8.4;10.9;86.4;167.1;4.4;4.3;4.5;3.5;6.1;322.2222222;152.7777778;158.3333333;6.5
10912500;0;0;43;127;-1.2;1.5;8.4;11.6;86.1;191;3.4;3.2;3.5;2.6;6.1;322.2222222;152.7777778;158.3333333;6.5
10913400;-2;0;43;125;-1.5;1;8.5;11.6;85.7;191;3;2.9;3.1;2.2;6.1;322.2222222;152.7777778;158.3333333;6.5
10914300;-2;0;43;126;-1.5;1;9.1;11.6;85.4;191;3.2;3;3.2;2.3;6.1;322.2222222;152.7777778;158.3333333;6.5
10915200;-2;1;43;130;-1.4;1.2;9.6;13.8;84.2;295.9;3.8;3.8;3.9;2.9;7.4;302.7777778;255.5555556;508.3333333;6.7
10916100;0;2;43;143;0.1;3;10.4;14.1;81.6;312;5.8;5.8;5.9;4.7;7.4;302.7777778;255.5555556;508.3333333;6.7
10917000;2;5;43;157;2.7;5.8;11.1;14.1;77.6;312;8.6;8.7;8.7;7.2;7.4;302.7777778;255.5555556;508.3333333;6.7
10917900;4;7;39;171;4.8;8;11.6;14.1;71.7;312;10.6;10.9;10.7;9.1;7.4;302.7777778;255.5555556;508.3333333;6.7
10918800;4;7;38;151;4.9;8.1;10.8;15.3;71.4;411.2;10.2;10.3;10.2;8.8;9.8;294.4444444;258.3333333;763.8888889;6.5
10919700;5;8;43;179;5.3;8.9;11.3;15.3;61.9;411.2;11.5;11.6;11.5;10.1;9.8;294.4444444;258.3333333;763.8888889;6.5
10920600;5;9;43;182;6.1;9.7;11.9;15.3;54.7;411.2;12.2;12.3;12.2;10.9;9.8;294.4444444;258.3333333;763.8888889;6.5
10921500;5;9;39;208;5.6;10.2;11.8;15.3;51.3;411.2;12.5;12.5;12.3;11.1;9.8;294.4444444;258.3333333;763.8888889;6.5
10922400;5;8;38;144;5.9;9.1;11.8;15.4;49.2;448.7;11.3;11.4;11.3;10.2;9;302.7777778;277.7777778;416.6666667;5.2
10923300;5;9;43;180;5.9;9.5;12;15.5;48.4;462.3;12;12.1;12.1;11.1;9;302.7777778;277.7777778;416.6666667;5.2
10924200;6;10;38;157;7.3;10.8;12.9;15.5;43.8;462.3;12.8;13;12.8;11.7;9;302.7777778;277.7777778;416.6666667;5.2
10925100;5;9;43;224;4.9;9.8;12.8;15.5;45.2;462.3;11.8;11.9;11.8;10.9;9;302.7777778;277.7777778;416.6666667;5.2
10926000;5;9;40;176;6.1;10.1;13.4;15.7;42.5;432.5;12.5;12.5;12.5;11.4;10.6;302.7777778;269.4444444;663.8888889;4.7
10926900;6;10;43;188;6.9;10.6;12.6;15.7;42.8;430.4;13.1;13.2;13.1;12.2;10.6;302.7777778;269.4444444;663.8888889;4.7
10927800;5;11;41;255;6.3;11.8;12.8;15.7;41.7;430.4;14.1;14.2;14;13.3;10.6;302.7777778;269.4444444;663.8888889;4.7
10928700;6;12;39;230;6.9;12.2;13;15.7;41.9;430.4;14.7;15.1;14.7;14;10.6;302.7777778;269.4444444;663.8888889;4.7
10929600;8;13;42;214;9.3;13.7;13.7;16;42;432.1;15.9;16.4;16.1;15.2;10.1;311.1111111;197.2222222;447.2222222;4.8
10930500;7;14;38;322;7.9;14.4;14.1;16.1;38.1;433;16.3;16.6;16.1;15.5;10.1;311.1111111;197.2222222;447.2222222;4.8
10931400;6;10;39;151;7.6;10.8;13.1;16.1;39.4;433;12.4;12.5;12.4;11.2;10.1;311.1111111;197.2222222;447.2222222;4.8
10932300;6;10;43;187;6.6;10.3;13.2;16.1;40.1;433;12.9;13;12.9;12.1;10.1;311.1111111;197.2222222;447.2222222;4.8
10933200;7;12;37;273;7;12.3;13.9;15.8;39;331.1;14.7;14.8;14.5;13.7;8.8;302.7777778;127.7777778;391.6666667;3.6
10934100;6;9;38;152;6.9;10.5;13.7;15.8;39.8;315.4;12.1;12.2;12.1;10.9;8.8;302.7777778;127.7777778;391.6666667;3.6
10935000;4;7;42;156;4.8;8.2;12.5;15.8;47.3;315.4;9.8;9.8;9.9;8.9;8.8;302.7777778;127.7777778;391.6666667;3.6
10935900;2;5;39;137;3.2;5.9;12;15.8;57.6;315.4;7.7;7.8;8;7.1;8.8;302.7777778;127.7777778;391.6666667;3.6
10936800;5;7;32;89;5.7;7.7;12.5;15;51.2;291;11;11;11;9.6;10.7;294.4444444;188.8888889;375;2.3
10937700;8;10;42;94;9;11;13.4;15;47.1;291;13.7;13.8;13.9;12.2;10.7;294.4444444;188.8888889;375;2.3
10938600;5;10;38;217;6.5;10.8;13.6;15;44.3;291;12.3;12.4;12.3;11.5;10.7;294.4444444;188.8888889;375;2.3
10939500;5;9;43;179;6.2;9.8;14.6;15;40.9;291;12.4;12.4;12.3;11.1;10.7;294.4444444;188.8888889;375;2.3
10940400;6;10;43;202;6.5;10.8;14.9;14.3;38.7;247.7;13.1;13.2;13.1;11.9;11.8;-2775;108.3333333;377.7777778;1.3
10941300;6;11;38;180;6.9;11.3;15.6;14.1;35.5;231.9;13.8;13.9;13.8;12.5;11.8;-2775;108.3333333;377.7777778;1.3
10942200;6;10;43;185;6.8;10.7;14.5;14.1;39.3;231.9;12.3;12.4;12.4;11.3;11.8;-2775;108.3333333;377.7777778;1.3
10943100;6;9;40;137;7.1;10;14;14.1;40.3;231.9;12.3;12.5;12.4;11.3;11.8;-2775;108.3333333;377.7777778;1.3
10944000;7;9;39;105;7.7;10.1;13.6;13.2;40.4;159.4;12;12.1;12.2;10.9;11.9;266.6666667;69.44444444;272.2222222;0.9
10944900;6;9;42;96;7;9.5;13.4;13.1;40.3;154.2;11.6;11.6;11.8;10.7;11.9;266.6666667;69.44444444;272.2222222;0.9
10945800;4;8;42;165;5.6;8.8;14.1;13.1;36.6;154.2;10.8;10.7;10.8;10;11.9;266.6666667;69.44444444;272.2222222;0.9
10946700;4;7;43;124;5.3;7.7;13.8;13.1;35.9;154.2;9.5;9.4;9.5;8.6;11.9;266.6666667;69.44444444;272.2222222;0.9
10947600;3;6;39;122;4.4;7;15.9;12.3;32.2;97.6;9.1;9;9.2;8.3;10.4;261.1111111;33.33333333;94.44444444;1.2
10948500;2;6;43;155;3.4;6.6;15.3;11.9;31;69.3;8.5;8.4;8.4;7.6;10.4;261.1111111;33.33333333;94.44444444;1.2
10949400;2;5;39;95;3.3;5.7;12.9;11.9;35.7;69.3;7.6;7.4;7.6;6.6;10.4;261.1111111;33.33333333;94.44444444;1.2
10950300;3;4;40;62;3.8;5.5;12.2;11.9;39.6;69.3;7.4;7.3;7.5;6.7;10.4;261.1111111;33.33333333;94.44444444;1.2
10951200;1;4;43;134;2.4;5.2;11.7;11.4;47.3;34.7;7.2;6.9;7.2;6.4;8.4;261.1111111;5.555555556;5.555555556;1.9
10952100;0;3;42;131;0.9;3.6;11.1;11.3;51.2;29.4;5.4;5.1;5.3;4.7;8.4;261.1111111;5.555555556;5.555555556;1.9
10953000;0;2;39;73;0.6;2.6;10.7;11.3;53;29.4;4.6;4.3;4.5;3.7;8.4;261.1111111;5.555555556;5.555555556;1.9
10953900;0;1;38;50;0.7;2.1;9.9;11.3;57.4;29.4;4;3.8;4;3.3;8.4;261.1111111;5.555555556;5.555555556;1.9
10954800;1;0;38;68;0.6;1.6;9.3;10.6;59.5;1.4;3.4;3.2;3.5;2.8;7.4;255.5555556;0;0;1.7
10955700;1;1;9;0;2.4;1.2;8.8;10.6;61.8;1.4;3.9;3.9;4.2;2.7;7.4;255.5555556;0;0;1.7
10956600;1;1;0;0;2.4;1.6;8.4;10.6;63.1;1.4;4.2;4.2;4.6;3.1;7.4;255.5555556;0;0;1.7
10957500;0;1;32;85;0.6;2.2;8;10.6;65;1.4;4.3;4;4.4;3.6;7.4;255.5555556;0;0;1.7
10958400;-2;0;43;119;-2;0.6;7.6;10.5;66.6;0.4;2.2;2;2.2;1.9;6.8;252.7777778;0;0;2.3
10959300;-4;-1;43;110;-3.4;-1.1;7.3;10.4;69.4;0;0.6;0.4;0.6;0.1;6.8;252.7777778;0;0;2.3
10960200;-4;-2;42;102;-4.4;-2.2;7;10.4;69.1;0;-0.3;-0.6;-0.4;-0.9;6.8;252.7777778;0;0;2.3
10961100;-5;-3;42;100;-5;-2.8;6.8;10.4;70.3;0;-0.8;-1.3;-1;-1.6;6.8;252.7777778;0;0;2.3
10962000;-6;-3;42;98;-5.4;-3.4;6.6;9.9;72.2;0;-1.5;-1.9;-1.4;-2.1;6;250;0;0;4.2
10962900;-6;-4;42;97;-5.8;-4;6.5;9.9;71.3;0;-1.8;-2.3;-1.9;-2.6;6;250;0;0;4.2
10963800;-6;-4;42;97;-6;-4;6.3;9.9;72.6;0;-1.8;-2.4;-2;-2.6;6;250;0;0;4.2
10964700;-6.5;-4.5;42;94.5;-6.2;-4.25;6.2;9.75;72.85;0;-2.1;-2.65;-2.25;-2.95;6;250;0;0;4.2
10965600;-7;-5;42;92;-6.4;-4.5;6.1;9.6;73.1;0;-2.4;-2.9;-2.5;-3.3;4.4;250;0;0;4.7
10966500;-6;-5;17;37;-5.9;-4.9;5.8;9.5;74.4;0;-2.7;-3;-2.6;-3.6;4.4;250;0;0;4.7
10967400;-5;-4;13;22;-5.2;-4.6;5.6;9.5;75.7;0;-1.7;-2;-1.5;-2.6;4.4;250;0;0;4.7
10968300;-6;-4;42;99;-5.9;-3.8;5.5;9.5;76;0;-1.9;-2.3;-1.9;-2.5;4.4;250;0;0;4.7
10969200;-7;-5;42;94;-6.5;-4.6;5.3;9.3;76.3;0;-2.6;-3;-2.6;-3.3;3.4;247.2222222;0;0;3.6
10970100;-7;-5;42;94;-6.9;-5;5.2;9.3;76.7;0;-2.9;-3.4;-3;-3.5;3.4;247.2222222;0;0;3.6
10971000;-7;-5;42;92;-7.3;-5.4;5.1;9.3;77.3;0;-3.4;-3.8;-3.4;-4;3.4;247.2222222;0;0;3.6
10971900;-8;-6;42;90;-7.8;-5.9;5;9.3;77.9;0;-3.9;-4.3;-3.9;-4.7;3.4;247.2222222;0;0;3.6
10972800;-8;-6;42;89;-8.2;-6.4;4.8;9;78.4;0;-4.3;-4.6;-4.4;-5.2;3.1;247.2222222;0;0;3
10973700;-9;-7;42;87;-8.6;-6.5;4.7;9;78.9;0;-4.7;-4.9;-4.7;-5.4;3.1;247.2222222;0;0;3
10974600;-9;-7;42;87;-8.7;-7;4.6;9;80;0;-4.8;-5;-4.7;-5.4;3.1;247.2222222;0;0;3
10975500;-7;-7;25;51;-6.4;-7;4.5;9;80.4;0;-4.8;-5;-4.7;-5.5;3.1;247.2222222;0;0;3
10976400;-3;0;0;0;-2.7;-0.5;4.4;8.8;80.8;0;-4.3;-4.3;-4;-5.1;2.9;244.4444444;0;0;4.1
10977300;-4;-2;24;45;-4.9;-1.7;4.4;8.7;80.9;0;-2.9;-3.1;-2.9;-3.7;2.9;244.4444444;0;0;4.1
10978200;-7;-5;42;90;-7.1;-5.2;4.2;8.7;81.1;0;-3.4;-3.5;-3.3;-4;2.9;244.4444444;0;0;4.1
10979100;-8;-6;42;89;-7.8;-5.9;4.2;8.7;82;0;-4.1;-4.2;-4;-4.6;2.9;244.4444444;0;0;4.1
10980000;-8;-7;42;88;-8.3;-6.5;4;6.5;82.2;0;-4.6;-4.8;-4.5;-5.1;2.7;250;0;0;4.1
10980900;-7;-7;27;53;-7;-6.9;3.9;6.3;82.1;0;-4.8;-4.9;-4.7;-5.4;2.7;250;0;0;4.1
10981800;-4;0;0;0;-3.9;-0.4;3.8;6.3;82.3;0;-4.2;-4.3;-4.1;-5.1;2.7;250;0;0;4.1
10982700;-4;-3;26;51;-5.2;-2;3.8;6.3;82.9;0;-3.1;-3.3;-2.9;-3.8;2.7;250;0;0;4.1
10983600;-7;-5;42;90;-7.3;-5.4;3.7;6.6;82.6;0;-3.6;-3.8;-3.5;-4.1;2.1;247.2222222;11.11111111;11.11111111;3.3
10984500;-8;-6;42;88;-8.2;-6.3;3.6;6.8;82.8;0;-4.4;-4.6;-4.4;-5.1;2.1;247.2222222;11.11111111;11.11111111;3.3
10985400;-5;-4;11;21;-5;-5.1;3.5;6.8;83.1;0;-4.6;-4.8;-4.6;-5.6;2.1;247.2222222;11.11111111;11.11111111;3.3
10986300;-4;1;0;0;-4.1;2.1;3.5;6.8;83.1;0;-4;-4.2;-4;-5;2.1;247.2222222;11.11111111;11.11111111;3.3
10987200;-5;-3;31;64;-5.4;-2.6;3.6;7;83.1;0;-2.9;-3.4;-3;-4;2.9;247.2222222;44.44444444;88.88888889;3
10988100;-8;-6;42;89;-7.6;-5.6;3.8;7;83;0;-3.7;-4;-3.7;-4.3;2.9;247.2222222;44.44444444;88.88888889;3
10989000;-8;-6;42;90;-7.9;-6.1;4.1;7;83;0;-4;-4.6;-4.1;-4.8;2.9;247.2222222;44.44444444;88.88888889;3
10989900;-8;-6;42;89;-8.3;-6.5;4.3;7;82.6;0;-4.2;-4.8;-4.3;-5.1;2.9;247.2222222;44.44444444;88.88888889;3
10990800;-8;-6;42;90;-8.3;-6.5;4.9;8.7;79.8;29.1;-4.2;-4.7;-4.1;-5;5.1;250;66.66666667;250;3.3
10991700;-8;-6;42;92;-8.3;-6.5;5.4;8.8;77.7;31.2;-3.9;-4.4;-3.8;-4.7;5.1;250;66.66666667;250;3.3
10992600;-8;-6;42;94;-7.8;-5.9;6.1;8.8;74.8;31.2;-3.2;-3.8;-3.2;-4.1;5.1;250;66.66666667;250;3.3
10993500;-7;-5;42;98;-7;-5;6.8;8.8;71.8;31.2;-2.3;-2.8;-2.3;-3.3;5.1;250;66.66666667;250;3.3
10994400;-6;-4;42;100;-5.9;-3.9;7.7;9.2;68.9;95.7;-1.2;-1.6;-1.2;-2.3;7.1;258.3333333;94.44444444;433.3333333;3.1
10995300;-5;-3;42;107;-5;-2.9;8.4;9.4;65.1;119.2;-0.1;-0.4;0;-1.3;7.1;258.3333333;94.44444444;433.3333333;3.1
10996200;-4;-2;43;113;-3.8;-1.6;9.2;9.4;63;119.2;1.1;1;1.2;-0.1;7.1;258.3333333;94.44444444;433.3333333;3.1
10997100;-2;0;43;120;-2.7;-0.2;10;9.4;60.1;119.2;2.5;2.4;2.7;1.2;7.1;258.3333333;94.44444444;433.3333333;3.1
10998000;-2;1;43;129;-1.3;1.3;10.8;11.5;57.8;186.2;4.2;4;4.2;2.6;10.2;277.7777778;186.1111111;555.5555556;3.7
10998900;0;2;43;138;0.1;2.9;11.5;11.6;55.7;191;5.8;5.8;5.9;4.3;10.2;277.7777778;186.1111111;555.5555556;3.7
10999800;1;4;43;148;2.1;5;12.9;11.6;52.2;191;7.9;7.9;8;6.3;10.2;277.7777778;186.1111111;555.5555556;3.7
11000700;3;6;42;153;4.1;6.9;13.7;11.6;48.9;191;9.6;9.5;9.6;8;10.2;277.7777778;186.1111111;555.5555556;3.7
11001600;4;7;38;144;5.1;8.3;14.2;13.4;47.8;279.7;11.1;11.2;11.2;9.6;12.5;294.4444444;252.7777778;644.4444444;2.8
11002500;5;9;43;183;6.3;10;14.5;14.1;46;312;12.8;12.8;12.8;11.2;12.5;294.4444444;252.7777778;644.4444444;2.8
11003400;5;11;38;266;6.1;11.9;15.1;14.1;45.1;312;14.6;14.5;14.4;12.9;12.5;294.4444444;252.7777778;644.4444444;2.8
11004300;6;11;35;190;7.6;12.2;16;14.1;41;312;14.9;15;14.9;13.2;12.5;294.4444444;252.7777778;644.4444444;2.8
11005200;8;12;40;192;9.2;13;17;15.2;37.7;404.6;15.4;15.4;15.3;13.9;13.4;325;402.7777778;572.2222222;2.4
11006100;5;12;40;292;6.4;12.8;17.9;15.3;37.3;411.2;15;14.9;14.7;13.6;13.4;325;402.7777778;572.2222222;2.4
11007000;7;11;38;177;7.7;12;18.8;15.3;34.8;411.2;14.3;14.3;14.2;13;13.4;325;402.7777778;572.2222222;2.4
11007900;7;11;43;198;8;12;18.9;15.3;32.1;411.2;14.5;14.5;14.5;13.4;13.4;325;402.7777778;572.2222222;2.4
11008800;10;13;35;92;12;13.6;18.7;15.4;32.9;448.7;16.4;16.6;16.6;15.2;14.9;316.6666667;402.7777778;730.5555556;2.7
11009700;13;16;39;139;13.6;16.6;17.9;15.5;34.2;462.3;19.4;19.6;19.5;18.3;14.9;316.6666667;402.7777778;730.5555556;2.7
11010600;11;19;30;310;11.7;19.2;18.1;15.5;34.3;462.3;21.8;22;21.9;20.8;14.9;316.6666667;402.7777778;730.5555556;2.7
11011500;11;19;37;423;10.5;19.7;18.9;15.5;31;462.3;21.7;22.1;21.6;20.8;14.9;316.6666667;402.7777778;730.5555556;2.7
11012400;8;16;43;355;9.8;17.2;20.3;15.7;29.4;434.7;19;19.1;18.6;17.5;17.2;338.8888889;541.6666667;794.4444444;3.8
11013300;9;15;36;231;10.6;15.9;20.5;15.7;29.1;430.4;18.7;18.6;18.3;17.2;17.2;338.8888889;541.6666667;794.4444444;3.8
11014200;14;18;39;154;15;18.3;21;15.7;27;430.4;21.2;21.3;21.1;19.9;17.2;338.8888889;541.6666667;794.4444444;3.8
11015100;16;19;37;141;16.7;19.8;21;15.7;27.3;430.4;22.3;22.4;22.3;21.1;17.2;338.8888889;541.6666667;794.4444444;3.8
11016000;7;18;43;503;8.4;18.9;21.5;16;27.9;432.1;20.8;20.7;20.2;19.8;16.6;352.7777778;430.5555556;463.8888889;3.1
11016900;8;16;43;351;9.7;17;21.9;16.1;26.6;433;18.9;18.9;18.5;17.6;16.6;352.7777778;430.5555556;463.8888889;3.1
11017800;8;14;43;294;9.1;15.2;21.7;16.1;26.7;433;17.1;17.1;16.9;15.9;16.6;352.7777778;430.5555556;463.8888889;3.1
11018700;7;13;43;262;8.6;14.1;22.3;16.1;26.7;433;16;16;15.8;14.8;16.6;352.7777778;430.5555556;463.8888889;3.1
11019600;7;12;43;228;8.3;13;22;15.8;27.4;331.1;14.9;14.8;14.7;13.7;18;347.2222222;400;530.5555556;2.3
11020500;8;11;35;148;8.5;12.2;21.5;15.8;27.7;315.4;14.6;14.5;14.5;13.5;18;347.2222222;400;530.5555556;2.3
11021400;10;13;39;127;11;13.7;22.7;15.8;27.3;315.4;16.6;16.6;16.6;15.4;18;347.2222222;400;530.5555556;2.3
11022300;11;16;35;264;11;16.6;23.4;15.8;26.1;315.4;19.7;19.6;19.6;18.4;18;347.2222222;400;530.5555556;2.3
11023200;9;16;43;358;9.8;17.1;23.1;15.3;25.4;299.1;18.9;19;18.5;17.5;18;336.1111111;236.1111111;311.1111111;2.1
11024100;8;14;43;280;9.3;15.2;22.1;15;27.4;291;17;17;16.8;15.7;18;336.1111111;236.1111111;311.1111111;2.1
11025000;7;12;43;217;8.6;13.1;21;15;29.3;291;14.9;14.8;14.8;13.8;18;336.1111111;236.1111111;311.1111111;2.1
11025900;7;11;43;198;8;12.1;21.4;15;30.8;291;14.1;14;14;13.3;18;336.1111111;236.1111111;311.1111111;2.1
11026800;7;11;43;200;7.9;12;22;14.2;31.1;239.8;14.2;14.1;14.1;13.4;19;338.8888889;230.5555556;347.2222222;2.2
11027700;7;12;43;227;7.9;12.8;22.8;14.1;28.8;231.9;15.1;15;15;14;19;338.8888889;230.5555556;347.2222222;2.2
11028600;7;11;43;201;7.9;12.5;22.1;14.1;29.7;231.9;14.4;14.3;14.4;13.4;19;338.8888889;230.5555556;347.2222222;2.2
11029500;7;12;43;212;7.9;12.3;22.5;14.1;29.7;231.9;14.8;14.7;14.7;13.8;19;338.8888889;230.5555556;347.2222222;2.2
11030400;8;12;36;161;9.1;12.8;22.4;13.4;30.6;180.1;15.4;15.3;15.3;14.3;19.2;336.1111111;150;208.3333333;2.7
11031300;10;13;39;121;11;13.7;22.9;13.1;31.4;154.2;16.2;16.2;16.3;15;19.2;336.1111111;150;208.3333333;2.7
11032200;9;13;39;227;9.4;14.1;22.9;13.1;32.3;154.2;16.4;16.2;16.2;15.4;19.2;336.1111111;150;208.3333333;2.7
11033100;7;12;43;203;8.5;13;24.6;13.1;30.4;154.2;14.8;14.8;14.8;14;19.2;336.1111111;150;208.3333333;2.7
11034000;7;12;43;203;8.3;12.7;27;12.1;27.2;80.6;14.5;14.5;14.6;13.5;18.7;313.8888889;41.66666667;86.11111111;2.1
11034900;7;11;43;179;8.3;11.9;24;11.9;30.3;69.3;13.8;13.8;13.8;12.9;18.7;313.8888889;41.66666667;86.11111111;2.1
11035800;7;10;43;157;7.9;11.2;21.3;11.9;35.9;69.3;13.1;12.9;13.1;12.1;18.7;313.8888889;41.66666667;86.11111111;2.1
11036700;7;9;43;138;7.8;10.5;20.2;11.9;38;69.3;12.5;12.1;12.5;11.4;18.7;313.8888889;41.66666667;86.11111111;2.1
11037600;7;9;35;96;7.8;10;19.4;11.5;41.7;42.7;12.3;11.8;12.3;11.4;17.2;311.1111111;5.555555556;11.11111111;2.1
11038500;6;9;34;90;7.7;9.7;18.6;11.3;45.3;29.4;11.7;11.1;11.6;10.8;17.2;311.1111111;5.555555556;11.11111111;2.1
11039400;6;8;43;118;6.6;8.7;17.8;11.3;47.7;29.4;10.6;10.1;10.5;9.8;17.2;311.1111111;5.555555556;11.11111111;2.1
11040300;5;7;43;71;6.3;7.9;16.9;11.3;50.8;29.4;9.8;9.5;9.9;9;17.2;311.1111111;5.555555556;11.11111111;2.1
11041200;5;6;43;61;6.3;7.5;16.2;10.7;53;5.1;9.4;9.1;9.5;8.6;15.4;302.7777778;0;0;2.7
11042100;5;6;27;35;6.3;7.1;15.6;10.6;55.7;1.4;9.2;8.9;9.3;8.3;15.4;302.7777778;0;0;2.7
11043000;5;6;0;0;6.3;7;15;10.6;57.8;1.4;9.5;9.3;9.7;8.5;15.4;302.7777778;0;0;2.7
11043900;5;6;25;68;6;7.4;14.6;10.6;59.6;1.4;9.5;9.3;9.6;8.9;15.4;302.7777778;0;0;2.7
11044800;5;6;26;53;5.9;7;14.2;10.5;61.7;0.5;9.2;8.9;9.2;8.5;14.6;297.2222222;0;0;2.9
11045700;3;5;39;83;4.6;6.4;13.8;10.4;63.1;0;8.3;7.9;8.2;7.5;14.6;297.2222222;0;0;2.9
11046600;4;5;31;41;4.7;5.6;13.5;10.4;64.9;0;7.6;7.4;7.7;6.9;14.6;297.2222222;0;0;2.9
11047500;4;6;0;0;4.9;5.8;13.1;10.4;66.1;0;8;7.7;8.1;7.1;14.6;297.2222222;0;0;2.9
11048400;4;6;21;47;5.1;6.5;12.8;10;67.1;0;8.6;8;8.6;7.8;12.2;291.6666667;0;0;2.3
11049300;5;5;0;0;5.3;6.5;12.6;9.9;68.4;0;8.6;7.9;8.5;7.8;12.2;291.6666667;0;0;2.3
11050200;5;6;21;45;5.4;6.5;12.3;9.9;69.1;0;8.8;8;8.7;8.2;12.2;291.6666667;0;0;2.3
11051100;5;6;21;47;5.35;6.5;12.05;9.75;70.35;0;8.85;8;8.75;8.25;12.2;291.6666667;0;0;2.3
11052000;5;6;21;49;5.3;6.5;11.8;9.6;71.6;0;8.9;8;8.8;8.3;12.3;291.6666667;0;0;2.7
11052900;5;6;0;0;5.5;6.5;11.6;9.5;72.6;0;8.8;7.9;8.6;8;12.3;291.6666667;0;0;2.7
11053800;5;6;25;53;5.3;6.8;11.6;9.5;73;0;9.1;8.2;9.1;8.4;12.3;291.6666667;0;0;2.7
11054700;4;6;23;63;4.9;7;11.7;9.5;72.8;0;9;8.2;9;8.1;12.3;291.6666667;0;0;2.7
11055600;1;4;43;146;2.4;5.5;11.6;9.3;72.8;0;7.3;6.7;7.2;6.6;11.2;288.8888889;0;0;2.7
11056500;0;3;43;137;0.7;3.6;11.4;9.3;72.5;0;5.5;4.9;5.3;4.8;11.2;288.8888889;0;0;2.7
11057400;0;1;43;129;-0.6;2.2;11.1;9.3;73;0;4.1;3.6;3.9;3.4;11.2;288.8888889;0;0;2.7
11058300;-1;0;43;118;-1.1;1.3;10.8;9.3;73.7;0;3.5;2.7;3.1;2.7;11.2;288.8888889;0;0;2.7
11059200;0;0;3;6;0.5;1;10.7;9.1;74.1;0;3.6;2.8;3.3;2.6;10.1;297.2222222;0;0;2.9
11060100;0;1;40;110;-0.4;1.8;10.6;9;74.7;0;4;3.5;4;3.5;10.1;297.2222222;0;0;2.9
11061000;-2;0;43;124;-1.8;0.8;10.5;9;75.5;0;2.7;2.4;2.6;2.1;10.1;297.2222222;0;0;2.9
11061900;-3;0;43;119;-2.4;0.1;10.4;9;76.4;0;2;1.7;1.9;1.3;10.1;297.2222222;0;0;2.9
11062800;-3;0;29;78;-2;-0.4;10.4;8.8;76.5;0;1.7;1.6;1.7;0.9;9.1;297.2222222;0;0;2.6
11063700;-3;1;0;0;-0.8;0.6;10.3;8.7;76.8;0;2.2;2.3;2.6;1.1;9.1;297.2222222;0;0;2.6
11064600;0;2;0;0;-0.5;3;10.3;8.7;77.3;0;2.8;2.9;3.4;1.6;9.1;297.2222222;0;0;2.6
11065500;0;2;20;57;-0.1;2.9;10.2;8.7;77.5;0;4.2;4.1;4.5;2.9;9.1;297.2222222;0;0;2.6
11066400;-1;1;43;129;-1;1.7;10.2;6.5;77.5;0;3.5;3.2;3.5;2.8;9.5;302.7777778;0;0;2.7
11067300;-2;0;43;120;-2.2;0.3;10.1;6.3;77.5;0;2.2;2;2.1;1.4;9.5;302.7777778;0;0;2.7
11068200;-3;0;43;113;-3;-0.5;10.2;6.3;77.5;0;1.4;1.2;1.3;0.4;9.5;302.7777778;0;0;2.7
11069100;-3;0;43;111;-3.3;-1.1;10.2;6.3;77.9;0;0.9;0.9;1;0;9.5;302.7777778;0;0;2.7
11070000;-4;0;43;110;-3.3;-1.1;10.3;6.7;77.9;0;0.9;0.7;0.9;0;8.9;302.7777778;5.555555556;5.555555556;3.6
11070900;-2;0;6;15;-1.8;-1.1;10.4;6.8;77.9;0;1.3;1.2;1.4;0.1;8.9;302.7777778;5.555555556;5.555555556;3.6
11071800;-2;0;26;68;-1.6;-0.1;10.4;6.8;77.9;0;2.5;2.4;2.7;1.4;8.9;302.7777778;5.555555556;5.555555556;3.6
11072700;-2;0;43;120;-2.3;0.2;10.3;6.8;77.9;0;2.1;1.9;2.1;1.4;8.9;302.7777778;5.555555556;5.555555556;3.6
11073600;-3;0;43;118;-2.5;-0.1;10.3;7;78;0;1.9;1.6;1.8;1.1;10;305.5555556;50;83.33333333;3.3
11074500;-3;0;43;117;-2.9;-0.4;10.3;7;78.3;0;1.7;1.5;1.7;0.9;10;305.5555556;50;83.33333333;3.3
11075400;-3;0;43;117;-3;-0.6;10.7;7;77.6;0;2;1.4;1.8;1;10;305.5555556;50;83.33333333;3.3
11076300;-3;0;43;117;-3;-0.6;11.1;7;76.9;0;2.2;1.6;2;1.3;10;305.5555556;50;83.33333333;3.3
11077200;-3;0;43;116;-2.7;-0.3;11.4;8.1;75.7;18.7;2.2;1.8;2.1;1.2;11.1;297.2222222;66.66666667;205.5555556;4
11078100;-1;0;18;46;-1.2;-0.1;11.7;8.8;75.1;31.2;2.5;2.1;2.6;1.4;11.1;297.2222222;66.66666667;205.5555556;4
11079000;0;0;0;0;-0.4;-0.1;11.8;8.8;74.2;31.2;3.2;3;4.1;1.8;11.1;297.2222222;66.66666667;205.5555556;4
11079900;0;0;0;0;-0.1;0.4;12;8.8;73.2;31.2;3.9;4.2;5.3;2.1;11.1;297.2222222;66.66666667;205.5555556;4
11080800;0;2;12;43;0.5;2.3;12.7;9.3;70.5;107.5;6.7;7;7.6;4.2;15;305.5555556;66.66666667;430.5555556;4.7
11081700;2;5;43;157;3.3;6.4;13.6;9.4;67.3;119.2;8.6;8.4;8.7;7.4;15;305.5555556;66.66666667;430.5555556;4.7
11082600;3;6;43;157;3.4;6.6;14.3;9.4;64.1;119.2;9.3;9;9.3;7.9;15;305.5555556;66.66666667;430.5555556;4.7
11083500;4;7;39;128;5.3;7.8;15.1;9.4;61.9;119.2;10.7;10.4;10.6;9;15;305.5555556;66.66666667;430.5555556;4.7
11084400;5;9;41;138;6.4;9.3;16;10.7;58.5;162.3;12.3;12.1;12.4;10.7;18.4;313.8888889;72.22222222;597.2222222;3.8
11085300;6;10;43;189;7.1;10.9;16.9;11.6;56.5;191;13.6;13.6;13.7;11.9;18.4;313.8888889;72.22222222;597.2222222;3.8
11086200;6;11;39;256;7.6;12.3;17.9;11.6;53.4;191;15;14.8;14.8;13;18.4;313.8888889;72.22222222;597.2222222;3.8
11087100;7;12;37;196;8.5;13;18.8;11.6;50.7;191;16;15.9;15.9;14.1;18.4;313.8888889;72.22222222;597.2222222;3.8
11088000;10;14;41;193;10.6;14.6;19.9;13.8;47.7;295.9;17.4;17.4;17.4;15.5;21.1;322.2222222;86.11111111;722.2222222;3.4
11088900;13;16;39;146;13.7;16.9;20.9;14.1;45.3;312;19.9;20;19.9;17.9;21.1;322.2222222;86.11111111;722.2222222;3.4
11089800;14;19;31;154;14;19.3;21.8;14.1;43.6;312;22.3;22.5;22.4;20.4;21.1;322.2222222;86.11111111;722.2222222;3.4
11090700;13;20;35;307;13.9;21;22.6;14.1;41.9;312;23.5;23.9;23.6;21.8;21.1;322.2222222;86.11111111;722.2222222;3.4
11091600;9;19;43;495;10.2;20.3;23.4;15.3;40;411.2;22.4;22.5;21.8;20.4;24.7;336.1111111;111.1111111;805.5555556;4
11092500;10;18;43;387;10.9;18.9;24.3;15.3;38.5;411.2;21.3;21.3;20.9;19.3;24.7;336.1111111;111.1111111;805.5555556;4
11093400;10;18;43;393;10.9;18.8;25.3;15.3;36;411.2;21.4;21.5;21.1;19.7;24.7;336.1111111;111.1111111;805.5555556;4
11094300;10;19;38;358;10.9;19.3;26.1;15.3;32.9;411.2;22.1;22.2;21.8;20.5;24.7;336.1111111;111.1111111;805.5555556;4
11095200;16;21;37;188;17.1;21.7;27;15.4;30.9;448.7;24.7;24.9;24.7;23.1;27;344.4444444;108.3333333;875;3.5
11096100;19;23;38;177;20.1;24.2;27.4;15.5;28.3;462.3;27;27.2;27;25.7;27;344.4444444;108.3333333;875;3.5
11097000;14;26;39;549;13.7;26.3;27.7;15.5;26.8;462.3;28.3;28.6;28.1;27.6;27;344.4444444;108.3333333;875;3.5
11097900;12;22;43;494;13.1;23.4;28.1;15.5;26.1;462.3;25.3;25.5;24.8;24;27;344.4444444;108.3333333;875;3.5
11098800;11;21;43;475;12.4;22.5;28.1;15.7;25.6;432.5;24.5;24.7;24.1;23.3;28.4;350;141.6666667;863.8888889;2.4
11099700;11;21;43;470;12.4;22.3;28.4;15.7;26;430.4;24.3;24.5;23.9;23.1;28.4;350;141.6666667;863.8888889;2.4
11100600;11;21;43;463;12.4;21.9;28.7;15.7;25;430.4;24.2;24.3;23.7;22.8;28.4;350;141.6666667;863.8888889;2.4
11101500;11;21;43;464;12.4;21.8;29.1;15.7;24.1;430.4;24.2;24.4;23.8;23;28.4;350;141.6666667;863.8888889;2.4
11102400;15;22;30;197;17;23;29.3;16;23.8;432.1;25.9;26.2;25.7;24.5;28.2;355.5555556;180.5555556;791.6666667;1.6
11103300;21;25;32;174;21.5;25.8;29.7;16.1;23.6;433;28.9;29.2;28.8;27.4;28.2;355.5555556;180.5555556;791.6666667;1.6
11104200;11;26;43;707;12.1;26.7;30;16.1;23.1;433;28.4;28.5;27.7;27.3;28.2;355.5555556;180.5555556;791.6666667;1.6
11105100;12;22;43;492;13.1;23.4;30.2;16.1;22.7;433;25.4;25.6;24.8;23.7;28.2;355.5555556;180.5555556;791.6666667;1.6
11106000;11;22;43;476;12.7;22.5;30.3;15.8;21.9;331.1;24.8;24.9;24.3;23.1;28.8;358.3333333;175;750;0.9
11106900;11;21;43;463;12.7;22.2;30.2;15.8;22.2;315.4;24.4;24.4;23.9;22.7;28.8;358.3333333;175;750;0.9
11107800;11;20;43;439;12.3;21.5;30.5;15.8;22;315.4;23.7;23.9;23.3;22.1;28.8;358.3333333;175;750;0.9
11108700;11;21;38;396;12.2;21.6;30.9;15.8;21.8;315.4;24.2;24.4;23.8;22.5;28.8;358.3333333;175;750;0.9
11109600;18;23;34;175;19.2;23.6;31.1;15;21.3;291;26.7;27.1;26.6;24.6;28.4;366.6666667;208.3333333;394.4444444;3.7
11110500;14;25;41;519;15;25.9;31.6;15;20.8;291;28.4;28.7;28.1;26.6;28.4;366.6666667;208.3333333;394.4444444;3.7
11111400;12;22;43;458;13.3;23;31.7;15;20.6;291;24.7;24.9;24.1;22.7;28.4;366.6666667;208.3333333;394.4444444;3.7
11112300;11;19;43;389;12.2;20.4;31.6;15;19.5;291;22.3;22.4;21.9;20.7;28.4;366.6666667;208.3333333;394.4444444;3.7
11113200;10;17;43;333;11.6;18.5;31.9;14.3;20.2;247.7;20.4;20.4;20.2;19;27.7;366.6666667;147.2222222;213.8888889;5.3
11114100;10;17;43;316;11;17.7;31.5;14.1;21.6;231.9;19.7;19.6;19.5;18.5;27.7;366.6666667;147.2222222;213.8888889;5.3
11115000;10;16;43;302;11;17.4;30.9;14.1;21.4;231.9;19.4;19.2;19;18.3;27.7;366.6666667;147.2222222;213.8888889;5.3
11115900;10;15;43;270;10.8;16.4;30.1;14.1;22.6;231.9;18.4;18.1;17.9;17.2;27.7;366.6666667;147.2222222;213.8888889;5.3
11116800;11;15;34;173;11.7;15.5;29.2;13.1;26.7;154.2;17.6;17.4;17.5;16.5;27.3;358.3333333;80.55555556;111.1111111;5
11117700;11;15;37;145;12.3;15.6;28.3;13.1;28.9;154.2;18.1;17.8;18.3;17;27.3;358.3333333;80.55555556;111.1111111;5
11118600;8;15;43;286;9.8;15.6;29;13.1;26.5;154.2;17.4;17.1;17.3;16.6;27.3;358.3333333;80.55555556;111.1111111;5
11119500;9;13;43;206;10;14.2;27.9;13.1;30.3;154.2;16.1;15.8;16;15;27.3;358.3333333;80.55555556;111.1111111;5
11120400;8;12;43;177;9.5;13.2;26.7;12.3;32.3;97.6;15.1;14.7;15;14.1;26.1;350;44.44444444;69.44444444;2.8
11121300;8;11;43;163;9.1;12.5;26;11.9;34.5;69.3;14.7;14.3;14.6;13.7;26.1;350;44.44444444;69.44444444;2.8
11122200;8;12;43;174;8.9;12.5;25.3;11.9;36.4;69.3;15.1;14.5;14.8;13.9;26.1;350;44.44444444;69.44444444;2.8
11123100;9;13;33;112;10;13.1;25.2;11.9;34;69.3;16.2;15.4;15.8;15;26.1;350;44.44444444;69.44444444;2.8
11124000;11;14;35;107;12.2;14.7;25.4;11.3;32;32.1;17.6;16.8;17.2;16.7;24.5;341.6666667;5.555555556;5.555555556;3.9
11124900;8;14;43;278;9.1;14.8;25.2;11.3;31.8;29.4;16.9;16.2;16.3;16.2;24.5;341.6666667;5.555555556;5.555555556;3.9
11125800;8;13;43;204;9.6;14;25;11.3;31.3;29.4;16.1;15.6;15.8;14.9;24.5;341.6666667;5.555555556;5.555555556;3.9
11126700;8;13;43;208;9.6;14;25;11.3;30.7;29.4;16.2;15.7;15.9;15;24.5;341.6666667;5.555555556;5.555555556;3.9
11127600;9;13;43;206;9.6;14;24.8;10.9;30.4;14.5;16.1;15.7;15.9;14.9;23.5;333.3333333;0;0;3.4
11128500;8;13;43;196;9.6;13.6;24.5;10.6;30.2;1.4;15.6;15.3;15.7;14.7;23.5;333.3333333;0;0;3.4
11129400;10;13;34;112;11;13.9;24;10.6;31.1;1.4;16.2;15.8;16;15.2;23.5;333.3333333;0;0;3.4
11130300;10;13;35;166;10.6;14;23.3;10.6;32.6;1.4;16.4;15.8;16.1;15.4;23.5;333.3333333;0;0;3.4
11131200;8;12;43;187;9.3;13.2;23.2;10.5;33.5;0.4;15.1;14.8;15.2;14.2;21.8;338.8888889;0;0;1.7
11132100;8;12;43;169;9.4;12.7;22.8;10.4;35.5;0;14.6;14.3;14.8;13.8;21.8;338.8888889;0;0;1.7
11133000;8;11;43;138;9;11.8;21.8;10.4;38.5;0;13.5;13.5;13.8;12.7;21.8;338.8888889;0;0;1.7
11133900;8;10;43;131;8.9;11.4;21.8;10.4;38.4;0;13.4;13.1;13.3;12.4;21.8;338.8888889;0;0;1.7
11134800;7;10;43;107;8.4;10.6;21.1;9.9;42.1;0;12.6;12.2;12.5;11.7;19.8;344.4444444;0;0;2.2
11135700;7;9;43;102;8.4;10.4;20.5;9.9;43.3;0;12.3;11.9;12.3;11.5;19.8;344.4444444;0;0;2.2
11136600;7;9;43;91;8;9.9;20.1;9.9;45.2;0;11.9;11.5;11.8;11;19.8;344.4444444;0;0;2.2
11137500;7;8.5;43;83.5;7.95;9.6;19.7;9.75;46.65;0;11.6;11.25;11.55;10.7;19.8;344.4444444;0;0;2.2
11138400;7;8;43;76;7.9;9.3;19.3;9.6;48.1;0;11.3;11;11.3;10.4;19.6;327.7777778;0;0;1.8
11139300;7;8;43;75;7.9;9;18.9;9.5;50.2;0;11.1;10.9;11.2;10.2;19.6;327.7777778;0;0;1.8
11140200;6;8;36;70;7.3;9;18.3;9.5;51.8;0;11.1;10.7;11;10.3;19.6;327.7777778;0;0;1.8
11141100;5;8;39;94;6.5;8.6;17.8;9.5;54.7;0;10.5;10.1;10.4;9.7;19.6;327.7777778;0;0;1.8
11142000;6;7;28;47;6.7;8;17.2;9.3;56.1;0;10.2;9.7;10.1;9.4;18.9;330.5555556;0;0;3.1
11142900;6;7;0;0;6.8;8;16.9;9.3;58.2;0;10.4;10;10.4;9.4;18.9;330.5555556;0;0;3.1
11143800;6;7;26;68;7;8.6;16.7;9.3;58.8;0;11;10.4;10.9;10.1;18.9;330.5555556;0;0;3.1
11144700;7;7;0;0;7.2;8.5;16.5;9.3;59.9;0;10.6;10.2;10.5;9.8;18.9;330.5555556;0;0;3.1
11145600;6;8;29;75;7.1;8.9;16.4;9.1;60.9;0;11.3;10.5;10.9;10.4;16.3;330.5555556;0;0;2.6
11146500;7;8;0;0;7.6;8.5;16.7;9;61.2;0;10.7;10.3;10.7;9.9;16.3;330.5555556;0;0;2.6
11147400;6;8;23;74;7;8.9;16.8;9;61.5;0;11.3;10.9;11.3;10.6;16.3;330.5555556;0;0;2.6
11148300;7;8;6;7;7.5;8.5;16.5;9;62.8;0;10.6;10.3;10.7;9.9;16.3;330.5555556;0;0;2.6
11149200;7;8;17;59;7;8.7;16.1;8.8;64.4;0;11.1;10.7;11.1;10.3;15.6;313.8888889;0;0;2.1
11150100;6;9;9;14;7.3;9;15.6;8.7;66.2;0;10.4;10.1;10.3;9.7;15.6;313.8888889;0;0;2.1
11151000;7;9;11;20;7.6;10.2;15.3;8.7;67.3;0;10.9;10.5;10.8;10.1;15.6;313.8888889;0;0;2.1
11151900;5;7;39;89;6.5;8.4;14.9;8.7;68.1;0;10.1;9.9;10.2;9.6;15.6;313.8888889;0;0;2.1
11152800;5;6;26;41;6.3;7.3;14.7;6.3;69.1;0;9.3;9.1;9.3;8.5;14.4;330.5555556;0;0;2
11153700;6;6;0;0;6.4;7;14.6;6.3;69.6;0;9.4;9.3;9.5;8.6;14.4;330.5555556;0;0;2
11154600;6;7;23;52;6.6;7.8;14.8;6.3;70.1;0;10.1;9.6;10.1;9.3;14.4;330.5555556;0;0;2
11155500;6;7;0;0;6.8;8;14.9;6.3;69.6;0;10.2;9.7;10.2;9.3;14.4;330.5555556;0;0;2
11156400;6;7;26;63;6.5;8.2;14.9;6.7;69.3;0;10.5;9.8;10.4;9.6;16.8;352.7777778;2.777777778;2.777777778;2.1
11157300;6;7;0;0;7;8;14.7;6.8;70.3;0;10.2;9.7;10.3;9.4;16.8;352.7777778;2.777777778;2.777777778;2.1
11158200;6;7;29;77;6.6;8.5;14.7;6.8;70.9;0;10.6;10.1;10.7;9.9;16.8;352.7777778;2.777777778;2.777777778;2.1
11159100;6;8;0;0;7.2;8.6;15.2;6.8;69.7;0;10.6;10.2;10.8;9.5;16.8;352.7777778;2.777777778;2.777777778;2.1
11160000;6;9;26;88;6.6;9.3;15.6;7;67.8;0;11.2;10.6;11.2;10.4;16.1;369.4444444;36.11111111;38.88888889;4.6
11160900;5;8;36;80;6.9;8.5;16.2;7;64.7;0;10.6;10.2;10.7;9.8;16.1;369.4444444;36.11111111;38.88888889;4.6
11161800;6;7;37;79;6.6;8.5;16.6;7;63.8;0;10.4;10.1;10.5;9.6;16.1;369.4444444;36.11111111;38.88888889;4.6
11162700;6;7;43;73;6.8;8.5;17.1;7;62.5;0;10.5;10.2;10.6;9.6;16.1;369.4444444;36.11111111;38.88888889;4.6
11163600;6;8;43;82;6.8;8.5;17.7;8.1;60.2;18.7;10.9;10.5;10.9;9.9;17;366.6666667;91.66666667;94.44444444;5.7
11164500;6;8;43;86;6.8;8.5;18.1;8.8;59.3;31.2;11;10.8;11;10;17;366.6666667;91.66666667;94.44444444;5.7
11165400;6;8;38;78;6.8;8.5;18.3;8.8;59.5;31.2;11.1;10.9;11.1;10.3;17;366.6666667;91.66666667;94.44444444;5.7
11166300;6;9;37;93;7.1;9.1;18.9;8.8;56.3;31.2;11.6;11.5;11.6;10.7;17;366.6666667;91.66666667;94.44444444;5.7
11167200;6;9;40;112;7;9.3;19.4;9.3;56.1;101.6;11.5;11.3;11.5;10.6;17.5;350;213.8888889;222.2222222;6.6
11168100;6;8;43;99;7.2;9.1;19.4;9.4;54.8;119.2;11.5;11.4;11.5;10.6;17.5;350;213.8888889;222.2222222;6.6
11169000;6;9;43;120;7.2;9.7;20.1;9.4;51.8;119.2;12.2;12;12.2;11.3;17.5;350;213.8888889;222.2222222;6.6
11169900;7;10;43;138;7.6;10.3;21;9.4;48.8;119.2;13;12.7;12.9;11.9;17.5;350;213.8888889;222.2222222;6.6
11170800;7;10;43;153;7.7;11;21.3;10.7;48.7;162.3;13.6;13.2;13.4;12.4;19.4;350;300;527.7777778;6
11171700;7;11;43;169;8;11.5;22;11.6;47.7;191;14.2;14;14.1;13;19.4;350;300;527.7777778;6
11172600;8;12;43;215;8.6;12.9;23;11.6;43.6;191;15.7;15.5;15.4;14.3;19.4;350;300;527.7777778;6
11173500;8;13;43;244;8.9;14;23;11.6;44.6;191;16.8;16.7;16.7;15.4;19.4;350;300;527.7777778;6
11174400;11;15;35;155;11.6;16;23.5;13.6;44.9;287.8;18.5;18.5;18.3;16.8;19.4;372.2222222;297.2222222;372.2222222;6
11175300;13;16;39;135;14.2;17.1;23.2;14.1;45.6;312;19.9;19.8;19.9;18.4;19.4;372.2222222;297.2222222;372.2222222;6
11176200;9;17;43;373;10.4;17.8;23.9;14.1;43.8;312;19.7;19.6;19.4;18.4;19.4;372.2222222;297.2222222;372.2222222;6
11177100;9;14;43;243;10.1;15.1;23.4;14.1;45.2;312;17;17;16.9;15.8;19.4;372.2222222;297.2222222;372.2222222;6
11178000;9;14;43;236;9.9;14.5;23.5;15.3;45.5;411.2;16.6;16.5;16.5;15.5;19.8;352.7777778;416.6666667;588.8888889;6
11178900;8;14;43;240;9.4;14.5;23.5;15.3;45.8;411.2;16.7;16.7;16.6;15.7;19.8;352.7777778;416.6666667;588.8888889;6
11179800;9;15;43;276;9.5;15.3;23.4;15.3;46.6;411.2;18;18;17.9;16.9;19.8;352.7777778;416.6666667;588.8888889;6
11180700;12;17;35;216;12.7;17.6;23.6;15.3;45.4;411.2;20.6;20.7;20.6;19.2;19.8;352.7777778;416.6666667;588.8888889;6
11181600;12;20;38;325;13.3;20.1;23.6;15.4;43.7;448.7;22.7;22.9;22.7;21.3;18.5;366.6666667;380.5555556;386.1111111;5.6
11182500;10;17;43;313;11.4;17.9;23.1;15.5;43.9;462.3;19.4;19.6;19.3;18.2;18.5;366.6666667;380.5555556;386.1111111;5.6
11183400;9;15;43;278;10.5;16.3;23.3;15.5;44.5;462.3;18.2;18.2;18.1;17.1;18.5;366.6666667;380.5555556;386.1111111;5.6
11184300;9;15;43;269;10.5;15.9;23.1;15.5;45.2;462.3;17.9;17.9;17.7;16.7;18.5;366.6666667;380.5555556;386.1111111;5.6
11185200;9;14;43;258;10.2;15.5;23;15.7;45.7;432.5;17.5;17.5;17.5;16.4;18.3;369.4444444;222.2222222;222.2222222;4.1
11186100;9;14;35;215;10.1;14.9;22.7;15.7;46.5;430.4;17;17.1;17;15.8;18.3;369.4444444;222.2222222;222.2222222;4.1
11187000;11;14;37;131;11.8;15.1;22.1;15.7;46.5;430.4;17.6;17.6;17.6;16.3;18.3;369.4444444;222.2222222;222.2222222;4.1
11187900;8;14;43;263;9.2;14.8;21.9;15.7;46.1;430.4;16.6;16.5;16.4;15.7;18.3;369.4444444;222.2222222;222.2222222;4.1
11188800;9;13;43;210;9.7;14;21.7;16;46.9;432.3;16;15.9;15.9;14.9;17.7;366.6666667;247.2222222;247.2222222;3.6
11189700;8;13;43;201;9.7;13.6;21.7;16.1;46.3;433;15.7;15.6;15.6;14.7;17.7;366.6666667;247.2222222;247.2222222;3.6
11190600;8;12;43;198;9.7;13.5;21.4;16.1;45.2;433;15.6;15.5;15.5;14.5;17.7;366.6666667;247.2222222;247.2222222;3.6
11191500;8;12;43;197;9.7;13.5;21.5;16.1;44.8;433;15.6;15.5;15.5;14.4;17.7;366.6666667;247.2222222;247.2222222;3.6
11192400;8;12;43;196;9.7;13.5;21.5;15.8;44.5;323.2;15.5;15.4;15.5;14.4;16.8;363.8888889;233.3333333;233.3333333;3.7
11193300;9;12;38;151;9.6;13.3;21.4;15.8;45.1;315.4;15.4;15.4;15.5;14.5;16.8;363.8888889;233.3333333;233.3333333;3.7
11194200;10;13;37;119;10.9;13.8;21.6;15.8;44.7;315.4;16.3;16.4;16.4;15.3;16.8;363.8888889;233.3333333;233.3333333;3.7
11195100;8;13;43;238;9;13.9;21;15.8;46.6;315.4;15.8;15.7;15.7;14.9;16.8;363.8888889;233.3333333;233.3333333;3.7
11196000;8;12;43;185;9.3;13.2;20.5;15.2;48.3;297.5;15.1;15.1;15.1;14.1;16.4;358.3333333;194.4444444;197.2222222;4.3
11196900;8;12;43;175;9.3;13;20.3;15;49.6;291;14.8;14.7;14.8;13.8;16.4;358.3333333;194.4444444;197.2222222;4.3
11197800;8;12;43;169;9.3;12.6;20.1;15;51.2;291;14.6;14.5;14.6;13.6;16.4;358.3333333;194.4444444;197.2222222;4.3
11198700;8;11;43;160;9.3;12.5;19.8;15;53.3;291;14.3;14.2;14.3;13.4;16.4;358.3333333;194.4444444;197.2222222;4.3
11199600;8;11;43;158;8.8;12;20.2;14.2;52.8;235.8;14.2;14.2;14.2;13.3;16;358.3333333;152.7777778;152.7777778;3.9
11200500;8;11;40;153;8.8;12;20.4;14.1;52.2;231.9;14.5;14.4;14.5;13.5;16;358.3333333;152.7777778;152.7777778;3.9
11201400;9;12;37;108;10.2;12.5;19.9;14.1;52.4;231.9;15;15;15;13.8;16;358.3333333;152.7777778;152.7777778;3.9
11202300;8;12;39;180;9;12.5;19.7;14.1;53.1;231.9;14.5;14.4;14.5;13.4;16;358.3333333;152.7777778;152.7777778;3.9
11203200;8;11;43;140;9;11.8;19.1;13.4;55.1;174.9;13.7;13.7;13.7;12.6;15.9;358.3333333;97.22222222;100;3
11204100;8;11;43;144;9;11.5;19.1;13.1;55.2;154.2;13.7;13.7;13.8;12.7;15.9;358.3333333;97.22222222;100;3
11205000;8;11;43;139;9;11.5;19.1;13.1;55.1;154.2;13.6;13.5;13.6;12.6;15.9;358.3333333;97.22222222;100;3
11205900;8;10;43;133;8.5;11.5;18.9;13.1;55.4;154.2;13.3;13.2;13.4;12.4;15.9;358.3333333;97.22222222;100;3
11206800;7;10;43;120;8.5;11;18.7;11.9;56.7;69.3;12.9;12.8;13;11.9;15.5;352.7777778;72.22222222;72.22222222;2.9
11207700;7;10;43;113;8.5;10.6;18.8;11.9;57.1;69.3;12.6;12.5;12.7;11.6;15.5;352.7777778;72.22222222;72.22222222;2.9
11208600;7;9;43;109;8.5;10.5;18.6;11.9;58.2;69.3;12.5;12.4;12.5;11.5;15.5;352.7777778;72.22222222;72.22222222;2.9
11209500;7;9;35;92;8.5;10.5;18.6;11.9;58.3;69.3;12.7;12.6;12.7;11.6;15.5;352.7777778;72.22222222;72.22222222;2.9
11210400;7;10;39;103;8.4;10.5;18.2;11.5;59.6;40;12.8;12.7;12.7;11.8;14.2;330.5555556;16.66666667;16.66666667;2.9
11211300;7;10;40;116;8;10.4;18;11.3;60.8;29.4;12.4;12.4;12.5;11.6;14.2;330.5555556;16.66666667;16.66666667;2.9
11212200;7;9;43;96;8.3;10;17.5;11.3;62.3;29.4;11.9;11.8;12;11.1;14.2;330.5555556;16.66666667;16.66666667;2.9
11213100;7;9;43;87;7.8;9.7;16.7;11.3;64.9;29.4;11.6;11.4;11.7;10.7;14.2;330.5555556;16.66666667;16.66666667;2.9
11214000;7;8;43;78;7.8;9.3;16.3;10.6;66.3;3.3;11.2;11.1;11.4;10.4;12.9;322.2222222;0;0;2.5
11214900;6;8;38;73;7.7;9;15.9;10.6;67.8;1.4;11.1;10.9;11.2;10.3;12.9;322.2222222;0;0;2.5
11215800;6;8;40;95;6.9;8.8;15.6;10.6;69;1.4;10.7;10.6;10.8;9.8;12.9;322.2222222;0;0;2.5
11216700;6;7;25;44;7.3;8.5;15.5;10.6;70;1.4;10.5;10.4;10.6;9.6;12.9;322.2222222;0;0;2.5
11217600;6;7;0;0;7.3;8.5;15.4;10.5;70.9;0.5;10.8;10.8;11.1;9.7;12.3;322.2222222;0;0;1.8
11218500;6;8;30;77;7.2;9.1;15.3;10.4;71.5;0;11.1;11;11.3;10.3;12.3;322.2222222;0;0;1.8
11219400;7;9;0;0;7.7;9.1;15.2;10.4;72.4;0;11;11;11.3;9.9;12.3;322.2222222;0;0;1.8
11220300;7;9;32;86;7.1;9.8;14.9;10.4;73.7;0;11.3;11.1;11.5;10.5;12.3;322.2222222;0;0;1.8
11221200;7;8;0;0;7.6;9;14.7;10;75;0;10.9;10.8;11.2;9.9;11.9;336.1111111;0;0;1.7
11222100;6;8;23;70;7.1;9.1;14.7;9.9;75.2;0;11.2;11;11.5;10.4;11.9;336.1111111;0;0;1.7
11223000;7;8;22;41;7.3;8.5;14.5;9.9;75.5;0;10.5;10.4;10.8;9.9;11.9;336.1111111;0;0;1.7
11223900;6;7.5;30.5;62;6.75;8.05;14.7;9.7;75.65;0;10.05;9.9;10.3;9.35;11.9;336.1111111;0;0;1.7
11224800;5;7;39;83;6.2;7.6;14.9;9.5;75.8;0;9.6;9.4;9.8;8.8;11.7;347.2222222;0;0;2.6
11225700;6;6;4;4;6.7;7.5;14.9;9.5;75.7;0;9.8;9.7;10;8.7;11.7;347.2222222;0;0;2.6
11226600;6;7;17;55;6.5;8;14.9;9.5;76;0;10.6;10.6;10.9;9.4;11.7;347.2222222;0;0;2.6
11227500;6;7;9;16;7.2;8.5;14.9;9.5;76.3;0;10.4;10.4;10.7;9.5;11.7;347.2222222;0;0;2.6
11228400;6;9;13;45;7;9.5;14.9;9.4;76.5;0;11.1;11.1;11.5;9.9;11.5;347.2222222;0;0;3.2
11229300;6;8;15;34;7.1;8.6;14.9;9.3;76.5;0;10.5;10.5;10.8;9.8;11.5;347.2222222;0;0;3.2
11230200;7;8;7;13;7.3;8.5;14.9;9.3;76.7;0;11;11;11.3;10;11.5;347.2222222;0;0;3.2
11231100;6;8;22;59;7.1;8.8;14.8;9.3;77;0;10.5;10.5;10.7;9.8;11.5;347.2222222;0;0;3.2
11232000;7;8;0;0;7.4;8.4;14.8;9;77.2;0;10.7;10.7;10.9;9.8;11.5;350;0;0;2.8
11232900;6;8;26;71;6.9;8.6;14.7;9;77.5;0;10.5;10.5;10.7;9.8;11.5;350;0;0;2.8
11233800;6;7;31;64;7.1;8.4;14.8;9;76.9;0;10.5;10.4;10.6;9.7;11.5;350;0;0;2.8
11234700;5;7;35;75;6.3;8;14.8;9;76.9;0;9.8;9.7;9.9;9;11.5;350;0;0;2.8
11235600;6;6;11;17;6.4;7.5;14.8;8.8;76.9;0;9.5;9.5;9.7;8.7;11.3;347.2222222;0;0;2.6
11236500;6;8;11;33;6.5;7.9;14.8;8.7;76.9;0;10.3;10.2;10.6;9.2;11.3;347.2222222;0;0;2.6
11237400;6;8;14;32;6.8;8.2;14.7;8.7;77.2;0;10.1;10;10.3;9.2;11.3;347.2222222;0;0;2.6
11238300;6;7;9;23;6.8;8.5;14.6;8.7;77.4;0;10.7;10.6;10.9;9.6;11.3;347.2222222;0;0;2.6
11239200;6;7;17;47;7;8.5;14.4;6.8;78.2;0;10.2;10.1;10.4;9.5;11.3;341.6666667;0;0;2.3
11240100;6;7;5;10;7.2;8.4;14.4;6.3;78.9;0;10.6;10.5;10.8;9.6;11.3;341.6666667;0;0;2.3
11241000;6;7;23;65;6.9;8.6;14.4;6.3;78.8;0;10.4;10.3;10.6;9.7;11.3;341.6666667;0;0;2.3
11241900;6;7;0;0;7.3;8.4;14.4;6.3;78.8;0;10.5;10.4;10.8;9.6;11.3;341.6666667;0;0;2.3
11242800;6;7;32;74;6.9;8.6;14.2;6.6;79.2;0;10.5;10.3;10.7;9.7;11.4;352.7777778;8.333333333;8.333333333;2.4
11243700;5;7;39;86;6.2;8.2;14;6.8;79.8;0;9.9;9.8;10;9.2;11.4;352.7777778;8.333333333;8.333333333;2.4
11244600;5;7;24;36;6;7.4;13.9;6.8;80;0;9.4;9.3;9.5;8.7;11.4;352.7777778;8.333333333;8.333333333;2.4
11245500;6;9;0;0;6.4;9;14;6.8;80;0;9.9;9.8;10.1;8.9;11.4;352.7777778;8.333333333;8.333333333;2.4
11246400;6;8;29;78;6.4;8.8;14.1;7;80.1;0;10.5;10.3;10.6;9.5;11.5;363.8888889;33.33333333;33.33333333;2.3
11247300;6;7;0;0;7;7.9;14.6;7;79;0;10.4;10.4;10.7;9.3;11.5;363.8888889;33.33333333;33.33333333;2.3
11248200;6;8;32;90;6.8;8.6;14.9;7;77.7;0;10.9;10.9;11.2;10.1;11.5;363.8888889;33.33333333;33.33333333;2.3
11249100;6;7;43;70;7;8.4;15;7;77;0;10.4;10.4;10.6;9.6;11.5;363.8888889;33.33333333;33.33333333;2.3
11250000;6;7;43;71;7;8.4;15.2;8.8;76.4;31.2;10.4;10.3;10.6;9.6;11.9;369.4444444;50;50;2.4
11250900;6;7;34;69;6.9;8.4;15.3;8.8;75.7;31.2;10.6;10.5;10.7;9.7;11.9;369.4444444;50;50;2.4
11251800;5;8;37;97;6.6;8.4;15.4;8.8;75.5;31.2;10.5;10.4;10.7;9.7;11.9;369.4444444;50;50;2.4
11252700;6;7;43;69;6.6;8.4;15.5;8.8;74.7;31.2;10.3;10.3;10.5;9.5;11.9;369.4444444;50;50;2.4
11253600;6;7;43;75;6.6;8.4;15.7;9.2;74.3;95.7;10.5;10.4;10.7;9.8;12.4;369.4444444;88.88888889;88.88888889;2.7
11254500;6;8;40;78;6.6;8.4;15.9;9.4;73.7;119.2;10.8;10.7;11;10;12.4;369.4444444;88.88888889;88.88888889;2.7
11255400;6;8;38;95;6.6;8.9;16.1;9.4;72.7;119.2;11.2;11.1;11.3;10.4;12.4;369.4444444;88.88888889;88.88888889;2.7
11256300;6;8;39;118;6.8;8.9;16.4;9.4;71.5;119.2;11.1;11.1;11.2;10.3;12.4;369.4444444;88.88888889;88.88888889;2.7
11257200;6;8;43;87;7.2;8.9;16.3;11.5;71.4;186.2;11.1;11;11.2;10.1;12.8;369.4444444;125;125;3.1
11258100;6;8;43;92;7.2;8.9;16.6;11.6;71;191;11.2;11.1;11.3;10.3;12.8;369.4444444;125;125;3.1
11259000;6;8;43;93;7.2;8.9;16.6;11.6;70.5;191;11.2;11.2;11.3;10.4;12.8;369.4444444;125;125;3.1
11259900;6;8;43;100;7.2;9;16.6;11.6;70.5;191;11.5;11.5;11.6;10.6;12.8;369.4444444;125;125;3.1
11260800;6;9;43;103;7.2;9.4;17;13.3;69.7;271.7;11.6;11.6;11.7;10.7;13.8;366.6666667;211.1111111;211.1111111;4.4
11261700;6;9;43;107;7.2;9.4;17.3;14.1;68;312;11.8;11.7;11.9;10.9;13.8;366.6666667;211.1111111;211.1111111;4.4
11262600;6;9;43;108;7.2;9.4;17.4;14.1;67.5;312;11.8;11.7;12;10.9;13.8;366.6666667;211.1111111;211.1111111;4.4
11263500;7;9;43;116;7.3;9.8;17.8;14.1;66;312;12.1;12.1;12.2;11.2;13.8;366.6666667;211.1111111;211.1111111;4.4
11264400;7;9;43;121;7.7;9.9;17.9;15.1;64.9;398;12.3;12.2;12.4;11.4;14;363.8888889;244.4444444;244.4444444;6.7
11265300;7;9;37;99;8.1;10.3;18.2;15.3;63.8;411.2;12.8;12.7;12.9;11.8;14;363.8888889;244.4444444;244.4444444;6.7
11266200;8;10;39;108;8.5;10.9;18.5;15.3;63.6;411.2;13.3;13.3;13.4;12.3;14;363.8888889;244.4444444;244.4444444;6.7
11267100;7;10;41;168;8;11.2;19;15.3;61.6;411.2;13.5;13.4;13.5;12.5;14;363.8888889;244.4444444;244.4444444;6.7
11268000;7;10;43;135;8.1;10.9;19.1;15.5;60.8;462.3;13;13;13.1;12;14.5;361.1111111;286.1111111;288.8888889;5.4
11268900;7;10;43;146;7.9;10.9;19.4;15.5;59.4;462.3;13.3;13.2;13.3;12.3;14.5;361.1111111;286.1111111;288.8888889;5.4
11269800;7;11;43;157;7.9;11.3;19.6;15.5;59.8;462.3;13.7;13.7;13.7;12.7;14.5;361.1111111;286.1111111;288.8888889;5.4
11270700;7;11;43;161;8.3;11.4;20;15.5;58.8;462.3;13.9;13.8;13.9;12.8;14.5;361.1111111;286.1111111;288.8888889;5.4
11271600;7;11;35;130;8.5;11.4;20.1;15.6;57.3;441;14;14;14.1;12.9;15.7;372.2222222;327.7777778;333.3333333;5.2
11272500;9;12;37;135;9.4;12.6;20.1;15.7;57.4;430.4;15.1;15.1;15.1;13.8;15.7;372.2222222;327.7777778;333.3333333;5.2
11273400;8;12;43;204;8.4;13;20.4;15.7;57.4;430.4;14.9;14.8;14.8;13.8;15.7;372.2222222;327.7777778;333.3333333;5.2
11274300;8;12;43;184;8.7;12.8;20.4;15.7;57.2;430.4;14.8;14.8;14.8;13.7;15.7;372.2222222;327.7777778;333.3333333;5.2
11275200;8;12;43;186;8.7;12.4;20.7;16.1;56.2;432.8;14.9;14.8;14.9;13.8;15.7;377.7777778;216.6666667;216.6666667;2.6
11276100;8;12;43;185;8.7;12.4;20.6;16.1;56.3;433;14.9;14.8;14.9;13.8;15.7;377.7777778;216.6666667;216.6666667;2.6
11277000;9;12;35;104;9.9;12.8;20.3;16.1;57.9;433;15.2;15.2;15.3;14;15.7;377.7777778;216.6666667;216.6666667;2.6
11277900;8;12;39;191;8.9;13.1;20.1;16.1;58.4;433;15.3;15.3;15.3;14.3;15.7;377.7777778;216.6666667;216.6666667;2.6
11278800;8;11;43;170;8.8;12.4;20.1;15.9;58.6;354.6;14.5;14.4;14.5;13.5;13.9;375;86.11111111;86.11111111;1.8
11279700;8;11;43;160;8.8;12.2;19;15.8;61.7;315.4;14.1;14;14.1;13.1;13.9;375;86.11111111;86.11111111;1.8
11280600;8;10;43;143;8.8;11.6;18.1;15.8;64.5;315.4;13.5;13.4;13.6;12.5;13.9;375;86.11111111;86.11111111;1.8
11281500;7;10;43;128;8.3;11;17.4;15.8;67.5;315.4;12.9;12.8;13.1;12;13.9;375;86.11111111;86.11111111;1.8
11282400;7;10;43;120;8.3;10.7;17.3;15.1;69.4;294.3;12.6;12.5;12.7;11.8;13.1;369.4444444;80.55555556;80.55555556;1.2
11283300;7;9;43;111;8.3;10.4;16.9;15;76.3;291;12.2;12.2;12.4;11.5;13.1;369.4444444;80.55555556;80.55555556;1.2
11284200;7;9;43;104;8.1;10.1;16.2;15;79.5;291;12;11.9;12.1;11.2;13.1;369.4444444;80.55555556;80.55555556;1.2
11285100;7;9;41;94;8;9.9;15.9;15;79.5;291;12;11.9;12.2;11.3;13.1;369.4444444;80.55555556;80.55555556;1.2
11286000;7;9;39;97;8.3;9.9;15.8;14.1;80.4;231.9;12.2;12.1;12.3;11.4;12.4;369.4444444;25;27.77777778;1.6
11286900;7;9;40;105;7.4;9.7;15;14.1;82.5;231.9;11.8;11.7;11.9;11;12.4;369.4444444;25;27.77777778;1.6
11287800;7;9;43;89;7.8;9.4;14.5;14.1;86.8;231.9;11.4;11.3;11.6;10.6;12.4;369.4444444;25;27.77777778;1.6
11288700;6;8;43;82;7.8;9.4;14.4;14.1;90.1;231.9;11.2;11.1;11.4;10.4;12.4;369.4444444;25;27.77777778;1.6
11289600;6;8;43;80;7.8;9.4;14.5;13.4;89.6;174.9;11.1;11;11.3;10.4;11.9;366.6666667;25;25;1.9
11290500;6;8;43;77;7.6;8.9;14.3;13.1;89.8;154.2;10.9;10.9;11.2;10.2;11.9;366.6666667;25;25;1.9
11291400;6;8;43;75;7.3;8.9;14.3;13.1;90.2;154.2;10.9;10.8;11.1;10.1;11.9;366.6666667;25;25;1.9
11292300;6;8;43;74;7.3;8.9;14.4;13.1;90.1;154.2;10.8;10.8;11;10.1;11.9;366.6666667;25;25;1.9
11293200;6;8;43;72;7.3;8.9;14.3;12;89.9;75;10.7;10.7;11;10;11.6;366.6666667;13.88888889;13.88888889;1.4
11294100;6;8;35;80;6.9;8.9;14.3;11.9;90.4;69.3;10.7;10.6;10.9;10;11.6;366.6666667;13.88888889;13.88888889;1.4
11295000;5;7;40;88;6.7;8.4;14.3;11.9;90.6;69.3;10.3;10.3;10.4;9.5;11.6;366.6666667;13.88888889;13.88888889;1.4
11295900;6;7;12;23;6.6;8;14.3;11.9;91;69.3;10.1;10.1;10.3;9.3;11.6;366.6666667;13.88888889;13.88888889;1.4
11296800;6;7;11;32;7;8.1;14.1;11.5;91.2;42.7;10.9;10.8;11;9.7;11.6;363.8888889;0;2.777777778;1.5
11297700;6;8;16;38;7.1;8.6;13.9;11.3;91.7;29.4;10.5;10.4;10.6;9.6;11.6;363.8888889;0;2.777777778;1.5
11298600;7;9;7;17;7.4;9;14;11.3;91.9;29.4;11;11;11.2;9.9;11.6;363.8888889;0;2.777777778;1.5
11299500;6;8;23;66;7.2;8.8;13.9;11.3;92.1;29.4;10.7;10.7;11;10;11.6;363.8888889;0;2.777777778;1.5
11300400;7;8;8;11;7.5;8.5;13.5;10.7;91.7;5.1;11.2;11.2;11.5;10.1;11.6;361.1111111;0;0;1.2
11301300;6;8;39;99;7;9.2;13.3;10.6;92.1;1.4;11.1;10.9;11.2;10.4;11.6;361.1111111;0;0;1.2
11302200;5;7;39;84;6.5;8.5;13.4;10.6;92.2;1.4;10.3;10.1;10.4;9.6;11.6;361.1111111;0;0;1.2
11303100;6;7;6;8;6.8;7.9;13.3;10.6;91.8;1.4;10.2;10;10.4;9.3;11.6;361.1111111;0;0;1.2
11304000;6;8;17;60;6.5;8.3;13.2;10.4;92.2;0;11.2;11;11.2;10;11.3;358.3333333;0;0;2.4
11304900;6;8;43;75;7.3;9;13.3;10.4;92.2;0;10.7;10.5;10.9;9.9;11.3;358.3333333;0;0;2.4
11305800;6;8;38;81;6.8;8.6;13.2;10.4;92.2;0;10.6;10.4;10.8;9.8;11.3;358.3333333;0;0;2.4
11306700;3;7;43;167;4.4;7.8;13.2;10.4;92.2;0;9.6;9.3;9.6;9;11.3;358.3333333;0;0;2.4
11307600;2;5;43;152;3.3;6.5;13.1;10;92.2;0;8.4;8.1;8.4;7.6;11.1;358.3333333;0;0;4.7
11308500;2;4;39;104;3.2;5.6;13.3;9.9;92.2;0;7.7;7.2;7.6;6.6;11.1;358.3333333;0;0;4.7
11309400;4;5;37;51;5;5.9;13.1;9.9;92.2;0;8.5;8.2;8.6;7.5;11.1;358.3333333;0;0;4.7
11310300;3;5;34;79;3.85;5.8;13.2;9.7;92.1;0;8.05;7.75;8.05;7.1;11.1;358.3333333;0;0;4.7
11311200;2;5;31;107;2.7;5.7;13.3;9.5;92;0;7.6;7.3;7.5;6.7;11.1;358.3333333;0;0;4.9
11312100;2;4;0;0;2.8;5.4;13.5;9.5;91.7;0;7.7;7.4;7.7;6.5;11.1;358.3333333;0;0;4.9
11313000;2;5;0;0;3.1;5.4;13.5;9.5;91.7;0;8;7.7;8;6.8;11.1;358.3333333;0;0;4.9
11313900;3;6;23;93;3.7;6.3;13.4;9.5;91.7;0;9.4;8.9;9.3;8.2;11.1;358.3333333;0;0;4.9
11314800;2;5;43;154;3.4;6.6;13.3;9.4;91.7;0;8.5;8.1;8.4;7.7;10.9;361.1111111;0;0;4.7
11315700;4;5;14;51;4.6;5.9;13.1;9.3;92;0;8.2;7.8;8.2;7.1;10.9;361.1111111;0;0;4.7
11316600;5;5;0;0;5.7;5.9;13;9.3;92.2;0;8.8;8.7;9.2;7.3;10.9;361.1111111;0;0;4.7
11317500;5;6;26;68;5.7;7.1;12.9;9.3;92.2;0;9.9;9.8;10.1;8.6;10.9;361.1111111;0;0;4.7
11318400;6;7;0;0;6.6;7.9;12.9;9;92.2;0;10.1;9.7;10.2;8.9;10.8;361.1111111;0;0;4.7
11319300;5;7;26;92;6;8.3;12.9;9;92.2;0;10.7;10.3;10.8;9.6;10.8;361.1111111;0;0;4.7
11320200;3;6;43;161;4;7.4;13;9;92.2;0;9.1;8.9;9.2;8.5;10.8;361.1111111;0;0;4.7
11321100;3;5;40;112;3.8;6.5;12.8;9;92.2;0;8.5;8.2;8.6;7.6;10.8;361.1111111;0;0;4.7
11322000;4;6;39;90;4.4;6.4;12.5;8.7;91.8;0;8.7;8.6;8.9;7.9;10.3;355.5555556;0;0;3.4
11322900;4;6;43;93;5.1;6.6;12.3;8.7;92.1;0;9;8.9;9.3;8.2;10.3;355.5555556;0;0;3.4
11323800;2;5;43;152;3.2;6.4;12.1;8.7;91.9;0;8.2;8.1;8.3;7.5;10.3;355.5555556;0;0;3.4
11324700;4;5;31;60;5.1;5.9;12;8.7;92.2;0;8.2;8.2;8.4;7.3;10.3;355.5555556;0;0;3.4
11325600;5;5;0;0;5.6;6.1;12;6.9;92.2;0;9.2;9.3;9.6;7.7;10.2;350;0;0;2.9
11326500;5;7;26;63;5.9;7.3;12.1;6.3;92;0;9.9;9.8;10.1;8.7;10.2;350;0;0;2.9
11327400;6;7;0;0;6.6;7.9;12;6.3;91.7;0;9.8;9.8;10.1;8.9;10.2;350;0;0;2.9
11328300;5;7;23;80;5.8;8.1;12;6.3;91.7;0;10.3;10.2;10.6;9.4;10.2;350;0;0;2.9
11329200;3;6;43;158;3.7;7;12;6.8;91.7;0;8.6;8.5;8.8;8.1;10.3;350;2.777777778;2.777777778;4.1
11330100;2;5;40;119;3;5.7;12;6.8;91.6;0;7.7;7.5;7.8;6.8;10.3;350;2.777777778;2.777777778;4.1
11331000;2;5;39;87;3.2;5.4;12;6.8;91.2;0;7.8;7.5;7.8;6.7;10.3;350;2.777777778;2.777777778;4.1
11331900;3;5;41;64;4.4;5.6;12;6.8;91.5;0;8.2;8;8.4;7.1;10.3;350;2.777777778;2.777777778;4.1
11332800;2;5;43;150;2.9;6;12.2;6.9;91.7;0;8;7.7;8;7.1;10.3;350;13.88888889;16.66666667;4.8
11333700;2;4;39;94;3.5;5.4;12.3;7;91.5;0;7.4;7.2;7.5;6.4;10.3;350;13.88888889;16.66666667;4.8
11334600;3;5;35;64;4.3;5.7;12.5;7;91.5;0;8.2;8.1;8.5;7.1;10.3;350;13.88888889;16.66666667;4.8
11335500;4;5;26;32;5.3;6.1;12.7;7;91.2;0;8.5;8.4;8.8;7.6;10.3;350;13.88888889;16.66666667;4.8
11336400;5;6;0;0;5.7;6.4;12.6;8.4;90.8;25;9.3;9.2;9.6;8;10;350;25;25;4.6
11337300;5;7;26;63;5.9;7.4;12.4;8.8;90.5;31.2;9.8;9.8;10;8.9;10;350;25;25;4.6
11338200;3;7;40;137;4.4;7.3;12.3;8.8;90.7;31.2;9.2;9.1;9.3;8.5;10;350;25;25;4.6
11339100;2;5;43;148;2.8;5.9;12.7;8.8;91;31.2;7.6;7.5;7.7;7;10;350;25;25;4.6
11340000;2;4;39;98;2.9;5.4;12.8;9.4;90.4;119.2;7.4;7.3;7.5;6.4;10.2;352.7777778;55.55555556;55.55555556;4.8
11340900;2;5;39;96;3.1;5.4;12.8;9.4;90.4;119.2;7.6;7.5;7.8;6.7;10.2;352.7777778;55.55555556;55.55555556;4.8
11341800;3;5;43;94;3.9;5.7;13;9.4;90.4;119.2;8;8;8.3;7.3;10.2;352.7777778;55.55555556;55.55555556;4.8
11342700;1;5;43;146;2.6;5.6;13.2;9.4;90.3;119.2;7.5;7.4;7.6;6.7;10.2;352.7777778;55.55555556;55.55555556;4.8
11343600;2;4;39;97;2.9;5.4;13.4;11;90;171.9;7.4;7.3;7.5;6.5;10.3;352.7777778;77.77777778;77.77777778;3.5
11344500;3;5;39;85;3.7;5.5;13.5;11.6;90.2;191;8;7.9;8.2;7.1;10.3;352.7777778;77.77777778;77.77777778;3.5
11345400;4;6;43;94;4.7;6.5;13.5;11.6;89.7;191;9;8.8;9.1;8;10.3;352.7777778;77.77777778;77.77777778;3.5
11346300;2;6;42;150;3.5;6.8;13.4;11.6;90.1;191;8.7;8.6;8.8;7.8;10.3;352.7777778;77.77777778;77.77777778;3.5
11347200;4;6;34;72;4.8;6.4;13.4;13.9;89.9;303.9;8.7;8.7;8.9;7.7;10.6;352.7777778;180.5555556;180.5555556;2.5
11348100;5;6;29;48;5.8;6.9;13.5;14.1;90.2;312;9.3;9.3;9.6;8.4;10.6;352.7777778;180.5555556;180.5555556;2.5
11349000;3;7;43;160;4.5;7.6;13.8;14.1;89.9;312;9.5;9.4;9.6;8.7;10.6;352.7777778;180.5555556;180.5555556;2.5
11349900;4;6;36;79;5.5;7.2;14.5;14.1;89.6;312;9.5;9.4;9.7;8.4;10.6;352.7777778;180.5555556;180.5555556;2.5
11350800;6;8;36;56;7.4;8.6;15.6;15.1;81.7;391.4;11.2;11.2;11.3;10.1;11.1;352.7777778;219.4444444;219.4444444;1.8
11351700;6;9;37;133;6.9;9.6;16;15.3;66.2;411.2;11.7;11.7;11.8;10.8;11.1;352.7777778;219.4444444;219.4444444;1.8
11352600;6;8;43;125;6.5;9.1;15.8;15.3;65.8;411.2;11;11;11.1;10.1;11.1;352.7777778;219.4444444;219.4444444;1.8
11353500;5;8;36;115;6.5;9.1;15.7;15.3;65;411.2;11.3;11.3;11.4;10.4;11.1;352.7777778;219.4444444;219.4444444;1.8
11354400;5;8;37;144;5.6;8.8;15.5;15.5;65.8;462.3;10.7;10.6;10.7;9.8;11.2;352.7777778;158.3333333;158.3333333;0.9
11355300;5;7;43;98;6.2;8.4;15.4;15.5;66.1;462.3;10.5;10.4;10.6;9.5;11.2;352.7777778;158.3333333;158.3333333;0.9
11356200;6;8;43;84;6.4;8.4;15.3;15.5;65.9;462.3;10.6;10.5;10.7;9.7;11.2;352.7777778;158.3333333;158.3333333;0.9
11357100;6;7;43;80;6.4;8.4;15;15.5;66;462.3;10.5;10.4;10.6;9.6;11.2;352.7777778;158.3333333;158.3333333;0.9
11358000;5;7;37;111;6;8.4;15.2;15.6;66.3;441;10.6;10.4;10.7;9.8;11.7;350;219.4444444;219.4444444;1
11358900;3;7;43;166;4.5;8;15.6;15.7;64.2;430.4;9.8;9.7;9.8;9;11.7;350;219.4444444;219.4444444;1
11359800;4;7;40;123;5.1;7.9;16.3;15.7;60.3;430.4;10.3;10.1;10.2;9.2;11.7;350;219.4444444;219.4444444;1
11360700;5;8;39;107;6.3;8.6;16.6;15.7;59.7;430.4;11.1;11.1;11.2;10.1;11.7;350;219.4444444;219.4444444;1
11361600;6;9;43;104;7.4;9.4;16.8;16;60.9;432.7;11.7;11.7;11.9;10.8;11.8;350;272.2222222;272.2222222;0.8
11362500;5;8;41;153;6.1;9.5;17.1;16.1;59.1;433;11.3;11.3;11.4;10.5;11.8;350;272.2222222;272.2222222;0.8
11363400;6;9;40;94;7.2;9.4;17.1;16.1;59.2;433;11.7;11.7;11.8;10.6;11.8;350;272.2222222;272.2222222;0.8
11364300;5;9;35;148;6.5;9.8;17.2;16.1;59.8;433;11.9;11.8;11.9;11;11.8;350;272.2222222;272.2222222;0.8
11365200;5;8;39;158;5.9;9.1;17;15.9;59.1;354.6;11.2;11.1;11.2;10.3;12.2;350;283.3333333;286.1111111;1
11366100;6;8;43;115;6.5;8.9;17.2;15.8;59;315.4;11.2;11.2;11.3;10.2;12.2;350;283.3333333;286.1111111;1
11367000;6;9;39;134;6.6;9.5;17.5;15.8;58.2;315.4;11.8;11.7;11.9;10.8;12.2;350;283.3333333;286.1111111;1
11367900;5;8;38;149;6.4;9.4;17.9;15.8;57.8;315.4;11.6;11.5;11.6;10.6;12.2;350;283.3333333;286.1111111;1
11368800;6;9;43;148;7.2;9.9;18;15.1;57.6;294.3;12.2;12.2;12.2;11.1;12.8;352.7777778;216.6666667;219.4444444;2
11369700;7;10;43;146;7.5;10.4;18.8;15;55.5;291;13;13;13;11.8;12.8;352.7777778;216.6666667;219.4444444;2
11370600;7;10;43;141;7.8;10.4;18.8;15;54.4;291;12.9;12.9;13;11.8;12.8;352.7777778;216.6666667;219.4444444;2
11371500;7;10;38;123;7.8;10.4;18.5;15;55;291;12.8;12.8;12.9;11.8;12.8;352.7777778;216.6666667;219.4444444;2
11372400;7;10;37;121;8.3;10.9;18.5;14.4;54.9;251.6;13.4;13.4;13.5;12.3;13.3;352.7777778;144.4444444;144.4444444;2.5
11373300;8;10;39;113;8.5;10.9;18.6;14.1;54;231.9;13.5;13.4;13.5;12.4;13.3;352.7777778;144.4444444;144.4444444;2.5
11374200;8;10;39;107;8.8;11.4;18;14.1;54.4;231.9;13.4;13.4;13.5;12.4;13.3;352.7777778;144.4444444;144.4444444;2.5
11375100;7;10;40;158;7.7;11;18;14.1;52.3;231.9;12.8;12.8;12.9;11.9;13.3;352.7777778;144.4444444;144.4444444;2.5
11376000;7;9;43;124;8;10.4;18.3;13.2;49.7;164.6;12.4;12.3;12.4;11.4;13.8;347.2222222;97.22222222;97.22222222;2.1
11376900;7;9;43;117;7.9;10.2;18.3;13.1;51;154.2;12.1;12;12.1;11.1;13.8;347.2222222;97.22222222;97.22222222;2.1
11377800;6;9;43;101;7.5;9.6;17.9;13.1;52.9;154.2;11.5;11.4;11.6;10.6;13.8;347.2222222;97.22222222;97.22222222;2.1
11378700;6;8;43;89;7.5;9.2;17.6;13.1;53.2;154.2;11;11;11.2;10.2;13.8;347.2222222;97.22222222;97.22222222;2.1
11379600;6;8;37;68;7.4;8.9;17.2;12.3;56.6;97.6;10.7;10.6;10.9;9.9;13.1;338.8888889;50;50;1.6
11380500;5;7;39;103;6.2;8.5;16.9;11.9;56.5;69.3;10.3;10.2;10.3;9.5;13.1;338.8888889;50;50;1.6
11381400;5;7;34;83;5.8;7.8;16.8;11.9;58.1;69.3;9.6;9.5;9.7;8.8;13.1;338.8888889;50;50;1.6
11382300;5;7;21;42;6.2;7.4;16.8;11.9;58.9;69.3;9.7;9.6;9.8;8.9;13.1;338.8888889;50;50;1.6
11383200;6;7;0;0;6.5;7.4;16.5;11.4;59.2;34.7;10.3;10.3;10.4;9.1;12.5;344.4444444;5.555555556;5.555555556;2
11384100;5;8;28;80;6.6;8.5;16.3;11.3;62.9;29.4;10.6;10.5;10.8;9.9;12.5;344.4444444;5.555555556;5.555555556;2
11385000;6;8;16;34;7.1;8.6;15.7;11.3;65.8;29.4;10.7;10.6;10.9;9.8;12.5;344.4444444;5.555555556;5.555555556;2
11385900;5;7;39;95;6.2;8.4;15.4;11.3;66.8;29.4;10.1;10;10.2;9.5;12.5;344.4444444;5.555555556;5.555555556;2
11386800;5;7;38;80;6.1;7.9;15.4;10.7;67;5.1;9.6;9.5;9.7;8.9;12.1;338.8888889;0;0;1.5
11387700;5;6;6;8;6.2;7.4;15.2;10.6;67.8;1.4;9.6;9.6;9.7;8.8;12.1;338.8888889;0;0;1.5
11388600;5;7;16;52;6.1;7.7;15.1;10.6;68.9;1.4;10.3;10.2;10.4;9.3;12.1;338.8888889;0;0;1.5
11389500;6;7;9;18;6.6;8;14.8;10.6;70.6;1.4;9.8;9.7;9.9;9.1;12.1;338.8888889;0;0;1.5
11390400;6;7;13;41;6.9;8;14.7;10.4;70.2;0.2;10.4;10.2;10.4;9.4;11.7;336.1111111;0;0;1.9
11391300;6;7;12;25;6.6;8;14.5;10.4;70.5;0;9.8;9.6;9.9;9.1;11.7;336.1111111;0;0;1.9
11392200;5;7;26;56;6.6;7.9;14.4;10.4;71.4;0;10.1;9.9;10.3;9.3;11.7;336.1111111;0;0;1.9
11393100;4;6;39;83;5.4;7.3;14.2;10.4;72.2;0;9.1;8.9;9.2;8.4;11.7;336.1111111;0;0;1.9
11394000;5;6;22;39;5.9;6.9;14.2;10;72.8;0;9;8.8;9;8.2;11.4;327.7777778;0;0;2.3
11394900;5;6;12;20;5.9;6.9;14.1;9.9;72.3;0;9.1;8.9;9.2;8.2;11.4;327.7777778;0;0;2.3
11395800;5;6;11;26;6.1;7.1;14;9.9;71.6;0;9.9;9.5;9.8;8.6;11.4;327.7777778;0;0;2.3
11396700;5.5;6.5;10;23.5;6.25;7.3;13.95;9.75;71.85;0;9.95;9.65;9.95;8.85;11.4;327.7777778;0;0;2.3
11397600;6;7;9;21;6.4;7.5;13.9;9.6;72.1;0;10;9.8;10.1;9.1;10.8;336.1111111;0;0;2.3
11398500;6;7;14;34;6.4;7.6;13.6;9.5;74.1;0;9.5;9.3;9.8;8.9;10.8;336.1111111;0;0;2.3
11399400;4;7;38;82;5.7;7.3;13.5;9.5;75;0;9.2;9.1;9.6;8.6;10.8;336.1111111;0;0;2.3
11400300;3;5;37;77;4.7;6.4;13.4;9.5;75.6;0;8.2;8;8.3;7.5;10.8;336.1111111;0;0;2.3
11401200;5;7;0;0;5.9;6.7;13.4;9.3;75.8;0;8.2;8;8.3;7.2;10.3;333.3333333;0;0;1.6
11402100;5;7;0;0;5.9;7.9;13.4;9.3;75.5;0;8.6;8.4;8.9;7.6;10.3;333.3333333;0;0;1.6
11403000;5;6;23;44;5.8;7.3;13.2;9.3;76.5;0;9.1;8.9;9.2;8.1;10.3;333.3333333;0;0;1.6
11403900;5;6;0;0;6.1;6.9;13.2;9.3;76.7;0;9;8.9;9.2;8.1;10.3;333.3333333;0;0;1.6
11404800;5;6;23;45;6;7.2;13.1;9.1;77.6;0;9.2;9.2;9.5;8.5;10.1;333.3333333;0;0;1.9
11405700;5;6;0;0;6.3;6.9;13;9;77.6;0;9.1;9;9.4;8.4;10.1;333.3333333;0;0;1.9
11406600;5;6;23;46;5.9;7.2;12.9;9;78.3;0;9.3;9.2;9.4;8.6;10.1;333.3333333;0;0;1.9
11407500;5;6;13;27;6;7.4;12.8;9;78.7;0;9.2;9.1;9.4;8.5;10.1;333.3333333;0;0;1.9
11408400;2;5;43;153;3.1;6.3;12.9;8.8;78.4;0;7.9;7.6;7.9;7.4;9.8;333.3333333;0;0;2.1
11409300;2;5;13;42;3.1;5.6;12.9;8.7;77.7;0;7;6.6;6.9;6.1;9.8;333.3333333;0;0;2.1
11410200;3;5;0;0;3.8;5.9;12.8;8.7;78.7;0;7.3;6.9;7.2;6.3;9.8;333.3333333;0;0;2.1
11411100;2;4;0;0;3.4;5.3;12.8;8.7;78.5;0;7.6;7.2;7.6;6.6;9.8;333.3333333;0;0;2.1
11412000;3;5;29;77;3.9;5.9;12.6;6.9;78.9;0;8.4;8.1;8.4;7.5;9.4;330.5555556;0;0;2
11412900;3;5;40;83;3.6;5.6;12.3;6.3;80.2;0;7.5;7.3;7.6;6.8;9.4;330.5555556;0;0;2
11413800;1;4;11;36;1.7;4.9;12.3;6.3;80.4;0;6.6;6.5;6.6;5.9;9.4;330.5555556;0;0;2
11414700;1;4;0;0;2.1;4.9;12.5;6.3;79.5;0;7.1;6.9;7.1;6.2;9.4;330.5555556;0;0;2
11415600;2;2;0;0;2.6;4.4;12.5;6.7;79.5;0;7.7;7.5;7.9;6.6;9.3;325;5.555555556;5.555555556;1.5
11416500;2;2;0;0;2.9;4.4;12.5;6.8;79.6;0;8.1;8;8.4;6.9;9.3;325;5.555555556;5.555555556;1.5
11417400;2;4;23;74;3.4;5.5;12.5;6.8;79.8;0;8.8;8.6;9;7.7;9.3;325;5.555555556;5.555555556;1.5
11418300;1;4;40;137;2.3;5.5;12.4;6.8;79.4;0;7.1;6.9;7.2;6.5;9.3;325;5.555555556;5.555555556;1.5
11419200;1;4;0;0;1.8;4.9;12.1;6.9;80;0;6.7;6.7;6.9;5.9;9.1;288.8888889;61.11111111;80.55555556;1.3
11420100;2;4;0;0;2.5;4.9;11.7;7;80.7;0;7.1;7;7.2;6.2;9.1;288.8888889;61.11111111;80.55555556;1.3
11421000;2;4;9;25;2.9;5.1;11.7;7;81.8;0;7.8;7.6;8;6.9;9.1;288.8888889;61.11111111;80.55555556;1.3
11421900;3;5;43;98;4.4;6.4;12;7;81.6;0;8.3;8.2;8.5;7.7;9.1;288.8888889;61.11111111;80.55555556;1.3
11422800;1;4;43;150;2.3;5.5;12.5;8.3;80.1;22.9;7.3;6.9;7.3;6.7;10.6;283.3333333;72.22222222;241.6666667;1.6
11423700;1;4;42;115;2.4;4.7;12.8;8.8;78;31.2;6.8;6.3;6.8;5.9;10.6;283.3333333;72.22222222;241.6666667;1.6
11424600;4;4;15;11;4;4.5;12.8;8.8;77.1;31.2;7.5;7.3;7.7;6.1;10.6;283.3333333;72.22222222;241.6666667;1.6
11425500;4;6;40;72;5.2;6.5;13.2;8.8;75.8;31.2;9;8.7;9.3;8.2;10.6;283.3333333;72.22222222;241.6666667;1.6
11426400;4;7;43;153;4.5;7.7;13.7;9.2;72.8;89.9;10;9.8;10.2;9.1;13.1;286.1111111;75;444.4444444;2.8
11427300;4;7;38;132;5.4;8;14.3;9.4;70;119.2;10.2;10.1;10.4;9.1;13.1;286.1111111;75;444.4444444;2.8
11428200;6;8;43;115;6.6;8.6;14.6;9.4;68.5;119.2;11.1;11;11.2;9.8;13.1;286.1111111;75;444.4444444;2.8
11429100;6;9;43;132;7;9.7;14.7;9.4;66.9;119.2;12.3;12.3;12.4;11;13.1;286.1111111;75;444.4444444;2.8
11430000;7;10;43;157;7.5;10.7;15.1;10.9;66.7;167.1;13.3;13.3;13.4;11.9;13.6;291.6666667;86.11111111;611.1111111;4.1
11430900;7;11;38;172;7.9;11.8;15.6;11.6;63.6;191;14.5;14.4;14.4;12.8;13.6;291.6666667;86.11111111;611.1111111;4.1
11431800;8;12;41;179;8.6;12.3;15.9;11.6;59.6;191;15;15;15;13.3;13.6;291.6666667;86.11111111;611.1111111;4.1
11432700;10;13;39;132;10.9;13.8;16.2;11.6;57.9;191;16.6;16.7;16.7;14.8;13.6;291.6666667;86.11111111;611.1111111;4.1
11433600;12;15;35;108;13.3;15.6;16.6;13.3;56.1;271.7;18.4;18.5;18.6;16.7;15.7;305.5555556;213.8888889;672.2222222;3.7
11434500;13;17;43;213;13.5;17.8;17.3;14.1;54.7;312;20.5;20.6;20.6;18.8;15.7;305.5555556;213.8888889;672.2222222;3.7
11435400;13;16;39;139;14.3;17.5;17;14.1;53.3;312;19.1;19.3;19.4;17.8;15.7;305.5555556;213.8888889;672.2222222;3.7
11436300;8;15;40;316;9.6;16;17.2;14.1;54;312;17.7;17.6;17.5;16.6;15.7;305.5555556;213.8888889;672.2222222;3.7
11437200;9;13;38;190;9.9;14.3;17.9;15.1;51.4;398;16.9;16.8;16.8;15.5;15.5;341.6666667;372.2222222;411.1111111;5.5
11438100;9;15;38;323;9.4;15.9;19.5;15.3;46.8;411.2;18.3;18.3;18.2;17;15.5;341.6666667;372.2222222;411.1111111;5.5
11439000;8;13;43;213;9.6;14.1;19.2;15.3;46.9;411.2;15.7;15.8;15.7;14.4;15.5;341.6666667;372.2222222;411.1111111;5.5
11439900;8;12;35;183;8.9;12.7;19.7;15.3;45.7;411.2;14.7;14.6;14.6;13.7;15.5;341.6666667;372.2222222;411.1111111;5.5
11440800;8;11;39;135;9;12.4;19.9;15.4;43.4;441.9;14.4;14.4;14.4;13.4;15.3;350;352.7777778;358.3333333;6.8
11441700;9;12;39;122;10.1;12.8;20.6;15.5;41.8;462.3;15.3;15.3;15.4;14.3;15.3;350;352.7777778;358.3333333;6.8
11442600;10;13;37;144;10.5;13.6;20.6;15.5;40.5;462.3;16.1;16.1;16.2;15.1;15.3;350;352.7777778;358.3333333;6.8
11443500;8;13;43;242;8.2;13.2;20.3;15.5;42.9;462.3;15.1;15;15;14.3;15.3;350;352.7777778;358.3333333;6.8
11444400;8;12;43;201;8.6;12.9;20.9;15.7;41.7;436.8;15;15;15;14.1;14.6;344.4444444;352.7777778;372.2222222;4.4
11445300;8;13;43;220;8.6;13.2;20.9;15.7;43.1;430.4;15.7;15.7;15.6;14.7;14.6;344.4444444;352.7777778;372.2222222;4.4
11446200;8;12;43;208;9.1;13.3;19.9;15.7;43.1;430.4;15.3;15.3;15.3;14.3;14.6;344.4444444;352.7777778;372.2222222;4.4
11447100;8;12;37;162;9.2;12.6;19.3;15.7;43;430.4;14.6;14.6;14.6;13.6;14.6;344.4444444;352.7777778;372.2222222;4.4
11448000;9;12;39;121;9.8;12.4;19.8;16.1;43.4;433;14.9;14.9;14.9;13.9;15.7;330.5555556;438.8888889;619.4444444;5.4
11448900;10;13;39;118;10.7;13.3;19.9;16.1;42.4;433;15.9;15.9;15.9;14.9;15.7;330.5555556;438.8888889;619.4444444;5.4
11449800;8;13;43;261;9.1;14.4;20.1;16.1;40.4;433;16.6;16.6;16.4;15.7;15.7;330.5555556;438.8888889;619.4444444;5.4
11450700;8;15;43;287;9.6;15.4;21;16.1;37.8;433;18.3;18.2;17.9;16.9;15.7;330.5555556;438.8888889;619.4444444;5.4
11451600;9;14;43;258;9.9;15.3;20.8;15.9;39.4;346.8;17.3;17.3;17.1;16;14.5;333.3333333;388.8888889;577.7777778;4.6
11452500;8;13;43;237;9.5;14.4;21;15.8;38.9;315.4;16.8;16.8;16.7;15.7;14.5;333.3333333;388.8888889;577.7777778;4.6
11453400;9;15;43;301;9.7;16.1;21.5;15.8;37;315.4;18.6;18.7;18.4;17.4;14.5;333.3333333;388.8888889;577.7777778;4.6
11454300;9;14;43;236;9.9;15;19.5;15.8;46.3;315.4;16.7;16.8;16.6;15.4;14.5;333.3333333;388.8888889;577.7777778;4.6
11455200;8;12;43;190;9.4;13.2;18.8;15.1;48.4;292.6;15.2;15.2;15.1;14.2;13.2;336.1111111;300;475;3.5
11456100;8;12;43;197;9.4;12.9;18.4;15;46.9;291;15.3;15.3;15.2;14.3;13.2;336.1111111;300;475;3.5
11457000;9;12;35;128;9.9;13.1;18;15;47.1;291;15.2;15.2;15.2;14.1;13.2;336.1111111;300;475;3.5
11457900;9;12;39;116;10.2;12.9;18;15;48.3;291;15;15.1;15.1;14.1;13.2;336.1111111;300;475;3.5
11458800;8;12;36;172;9.2;12.8;17.7;14.4;51.3;251.6;14.8;14.8;14.9;14;14;319.4444444;252.7777778;513.8888889;2.5
11459700;8;11;43;157;8.7;12;18;14.1;53.1;231.9;14.2;14.2;14.2;13.3;14;319.4444444;252.7777778;513.8888889;2.5
11460600;8;12;43;204;8.9;12.9;18.2;14.1;52.2;231.9;15.5;15.6;15.5;14.4;14;319.4444444;252.7777778;513.8888889;2.5
11461500;8;12;43;186;9;12.9;18;14.1;52.7;231.9;15;15.1;15;13.8;14;319.4444444;252.7777778;513.8888889;2.5
11462400;8;11;43;147;9;11.9;17.7;13.2;52.9;164.6;13.7;13.7;13.8;12.7;13.5;327.7777778;133.3333333;169.4444444;1.8
11463300;7;10;43;125;8.5;11.1;17.6;13.1;53.4;154.2;12.9;12.9;13;12.1;13.5;327.7777778;133.3333333;169.4444444;1.8
11464200;7;10;43;120;8.5;10.8;17.1;13.1;53.4;154.2;12.7;12.6;12.8;11.8;13.5;327.7777778;133.3333333;169.4444444;1.8
11465100;7;9;43;110;8.3;10.4;16.4;13.1;55.7;154.2;12.3;12.3;12.5;11.5;13.5;327.7777778;133.3333333;169.4444444;1.8
11466000;7;9;43;112;8;10.4;18;12.4;52.3;103.3;12.4;12.4;12.6;11.6;13.2;316.6666667;88.88888889;111.1111111;1.6
11466900;7;10;35;92;8.5;10.4;18.2;11.9;49.7;69.3;12.7;12.7;12.8;11.8;13.2;316.6666667;88.88888889;111.1111111;1.6
11467800;7;10;34;85;8.7;10.4;16.4;11.9;54.6;69.3;12.5;12.5;12.7;11.7;13.2;316.6666667;88.88888889;111.1111111;1.6
11468700;7;9;43;128;8;10.1;16.1;11.9;56.3;69.3;12;12;12.1;11.2;13.2;316.6666667;88.88888889;111.1111111;1.6
11469600;7;9;43;87;8.1;9.7;15.8;11.4;56.7;37.4;11.5;11.5;11.7;10.7;12.2;350;5.555555556;8.333333333;1.4
11470500;7;8;43;79;7.7;9.4;15.3;11.3;56.3;29.4;11.2;11.1;11.4;10.4;12.2;350;5.555555556;8.333333333;1.4
11471400;6;8;43;70;7.6;9;15.1;11.3;57.8;29.4;10.8;10.8;11.1;10.1;12.2;350;5.555555556;8.333333333;1.4
11472300;6;8;43;66;7.6;8.9;14.9;11.3;57.9;29.4;10.7;10.6;10.9;10;12.2;350;5.555555556;8.333333333;1.4
11473200;6;8;38;54;7.6;8.9;14.7;10.6;59.6;3.3;10.6;10.5;10.7;9.8;11.8;347.2222222;0;0;2.1
11474100;6;8;38;77;7.2;8.8;14.4;10.6;60.5;1.4;10.6;10.5;10.8;9.9;11.8;347.2222222;0;0;2.1
11475000;6;7;4;6;7;8.4;14.3;10.6;60.8;1.4;10.5;10.5;10.8;9.6;11.8;347.2222222;0;0;2.1
11475900;6;8;19;53;7.2;8.8;14.2;10.6;61.3;1.4;11.2;11.1;11.4;10.2;11.8;347.2222222;0;0;2.1
11476800;7;8;9;19;7.4;8.9;14.2;10.5;61.8;0.4;10.8;10.6;10.9;9.9;11.4;344.4444444;0;0;1.9
11477700;6;8;34;74;7.2;8.9;14.2;10.4;62.2;0;11.1;10.9;11.2;10.3;11.4;344.4444444;0;0;1.9
11478600;5;7;38;79;6.6;8.3;14.3;10.4;62.2;0;10;10;10.2;9.3;11.4;344.4444444;0;0;1.9
11479500;6;7;17;31;6.6;7.9;14.2;10.4;61.7;0;9.8;9.8;10.1;9;11.4;344.4444444;0;0;1.9
11480400;6;7;4;7;7;7.9;14;10;62.1;0;10.5;10.4;10.7;9.3;11.4;338.8888889;0;0;0.6
11481300;6;7;20;56;7.2;8.6;14;9.9;61.9;0;10.6;10.5;10.8;9.8;11.4;338.8888889;0;0;0.6
11482200;7;8;1;1;7.5;8.4;13.9;9.9;62.3;0;10.9;10.7;10.9;9.8;11.4;338.8888889;0;0;0.6
11483100;7;8;0.5;0.5;7.45;8.4;13.75;9.75;62.5;0;10.9;10.7;10.9;9.85;11.4;338.8888889;0;0;0.6
11484000;7;8;0;0;7.4;8.4;13.6;9.6;62.7;0;10.9;10.7;10.9;9.9;10.4;288.8888889;0;0;1.3
11484900;6;8;25;62;7.2;8.6;13.2;9.5;64.1;0;10.6;10.5;10.7;9.9;10.4;288.8888889;0;0;1.3
11485800;7;8;0;0;7.4;8.4;12.7;9.5;65.6;0;10.5;10.2;10.5;9.7;10.4;288.8888889;0;0;1.3
11486700;6;8;25;50;7;8.4;12.3;9.5;67.3;0;10.3;10.1;10.4;9.6;10.4;288.8888889;0;0;1.3
11487600;6;9;0;0;7.4;9.5;12.1;9.3;68.3;0;10.3;9.9;10.2;9.5;9.6;305.5555556;0;0;2
11488500;6;7;35;82;6.6;8.6;11.9;9.3;68.5;0;10.1;9.8;10.3;9.4;9.6;305.5555556;0;0;2
11489400;4;6;43;99;5;7.4;11.9;9.3;68.2;0;9.2;9;9.4;8.6;9.6;305.5555556;0;0;2
11490300;3;5;39;76;4.3;5.9;12.1;9.3;67.9;0;7.7;7.7;8;7;9.6;305.5555556;0;0;2
11491200;5;5;2;0;5.5;5.4;12;9;67.6;0;8.4;8.4;8.7;7;9.5;311.1111111;0;0;2.1
11492100;4;5;20;75;4.6;6;12;9;67.5;0;9;8.8;9.2;7.7;9.5;311.1111111;0;0;2.1
11493000;1;5;16;55;2.6;6;12.1;9;67.7;0;7.7;7.7;7.8;7;9.5;311.1111111;0;0;2.1
11493900;2;5;0;0;3;5.9;12.1;9;67.5;0;8;7.9;8;7.1;9.5;311.1111111;0;0;2.1
11494800;3;5;0;0;3.7;5.9;12;8.8;67.3;0;8.3;8.2;8.3;7.5;9.5;302.7777778;0;0;2
11495700;3;5;0;0;3.9;6.2;12;8.7;66.6;0;8.9;8.4;8.7;7.9;9.5;302.7777778;0;0;2
11496600;3;7;0;0;4.3;7.4;11.7;8.7;67.6;0;9.4;8.8;9;8.2;9.5;302.7777778;0;0;2
11497500;3;6;34;120;4.1;7.2;11.6;8.7;68.4;0;9.2;8.8;9;8.4;9.5;302.7777778;0;0;2
11498400;2;5;8;24;2.9;5.9;11.4;6.5;69.3;0;7.7;7.5;7.7;7;9.1;294.4444444;0;0;2.5
11499300;3;5;0;0;3.4;5.9;11.1;6.3;70.2;0;8;7.8;7.9;7.3;9.1;294.4444444;0;0;2.5
11500200;3;4;0;0;3.8;5.6;11.1;6.3;70.6;0;8.5;8;8.3;7.6;9.1;294.4444444;0;0;2.5
11501100;3;4;18;56;3.8;5.4;11.2;6.3;70.3;0;8.8;8.2;8.5;7.9;9.1;294.4444444;0;0;2.5
11502000;1;5;12;43;2.4;5.6;11.1;6.6;70.3;0;7.5;7.2;7.4;6.9;8.5;280.5555556;8.333333333;8.333333333;2.3
11502900;2;5;0;0;3;5.5;10.8;6.8;71.1;0;7.8;7.4;7.7;7.1;8.5;280.5555556;8.333333333;8.333333333;2.3
11503800;3;5;0;0;3.5;5.5;10.5;6.8;72.5;0;8.1;7.6;7.9;7.4;8.5;280.5555556;8.333333333;8.333333333;2.3
11504700;3;5;1;3;3.7;6;10.4;6.8;72.6;0;8.5;7.8;8.1;7.8;8.5;280.5555556;8.333333333;8.333333333;2.3
11505600;2;5;16;60;3.4;6.2;10.3;7;72.9;0;8.5;8.1;8.6;7.7;8.5;272.2222222;30.55555556;105.5555556;2.8
11506500;3;4;11;35;4.2;5.2;10.1;7;73.4;0;7;6.8;7.1;6.6;8.5;272.2222222;30.55555556;105.5555556;2.8
11507400;4;4;0;0;4.8;5.2;10.1;7;74.1;0;7.3;7;7.5;6.8;8.5;272.2222222;30.55555556;105.5555556;2.8
11508300;4;4;0;0;4.9;5.5;10.2;7;73.7;0;8.1;7.6;8.6;7.2;8.5;272.2222222;30.55555556;105.5555556;2.8
11509200;3;5;23;89;4.1;6.1;10.7;8.8;72.1;31.2;9.2;7.9;9.6;8;10.6;-2775;47.22222222;286.1111111;2.4
11510100;2;5;39;136;2.7;5.8;11.2;8.8;71;31.2;7.5;7;7.8;7.1;10.6;-2775;47.22222222;286.1111111;2.4
11511000;1;4;0;0;2.5;5.5;11.6;8.8;70.2;31.2;8;7.7;8.3;6.9;10.6;-2775;47.22222222;286.1111111;2.4
11511900;2;5;2;9;3.1;5.8;12.2;8.8;68.5;31.2;9.7;9.2;10.9;8.3;10.6;-2775;47.22222222;286.1111111;2.4
11512800;4;8;41;175;5.7;9.4;12.7;9.2;66.5;95.7;11.4;11.1;11.5;10.6;11.3;288.8888889;127.7777778;400;1.8
11513700;5;8;43;156;5.8;8.8;13.4;9.4;63.9;119.2;11.2;11.1;11.2;9.9;11.3;288.8888889;127.7777778;400;1.8
11514600;6;9;43;143;7;9.5;14;9.4;60.9;119.2;12.2;12.2;12.3;10.8;11.3;288.8888889;127.7777778;400;1.8
11515500;7;10;37;153;7.5;11.1;14.4;9.4;59.1;119.2;13.7;13.7;13.8;12.4;11.3;288.8888889;127.7777778;400;1.8
11516400;7;11;38;193;7.8;12.1;14.5;11.3;59;181.4;14.4;14.4;14.3;12.9;12.8;322.2222222;227.7777778;366.6666667;3.6
11517300;7;12;39;178;8.4;12.6;14.8;11.6;57.7;191;14.7;14.9;14.8;13.4;12.8;322.2222222;227.7777778;366.6666667;3.6
11518200;8;12;37;194;8.8;12.9;15.2;11.6;56.5;191;15.3;15.3;15.2;13.8;12.8;322.2222222;227.7777778;366.6666667;3.6
11519100;8;12;43;203;8.4;12.6;15.8;11.6;54.5;191;14.7;14.5;14.5;13.2;12.8;322.2222222;227.7777778;366.6666667;3.6
11520000;9;11;29;92;10.1;12.3;16.7;13.3;51.3;271.7;14.3;14.3;14.4;13.1;13.8;333.3333333;288.8888889;452.7777778;1.6
11520900;8;12;43;202;8.6;12.8;17.3;14.1;49.5;312;15.5;15.3;15.3;14.4;13.8;333.3333333;288.8888889;452.7777778;1.6
11521800;10;13;39;140;11;14.1;17.7;14.1;47.8;312;16.2;16.4;16.3;14.8;13.8;333.3333333;288.8888889;452.7777778;1.6
11522700;10;12;40;116;11;13.4;17.6;14.1;48.4;312;15.5;15.5;15.6;14.5;13.8;333.3333333;288.8888889;452.7777778;1.6
11523600;9;14;34;219;9.5;14.5;18.5;15.1;45.9;391.4;17.2;17.3;17.2;16.3;13.8;347.2222222;313.8888889;436.1111111;1.7
11524500;9;13;43;239;9.2;14.4;18.2;15.3;45.3;411.2;16.1;16;15.8;14.8;13.8;347.2222222;313.8888889;436.1111111;1.7
11525400;7;10;40;125;8.7;11.3;17.4;15.3;49.8;411.2;13;13;13.1;12;13.8;347.2222222;313.8888889;436.1111111;1.7
11526300;6;9;40;161;6.8;10.6;18.3;15.3;47.3;411.2;12.5;12.4;12.5;11.7;13.8;347.2222222;313.8888889;436.1111111;1.7
11527200;6;10;37;171;7.2;10.6;18.6;15.5;45;462.3;13.2;13.1;13.1;12.2;13.9;352.7777778;191.6666667;202.7777778;2.1
11528100;9;12;33;110;10;12.9;18.5;15.5;45.5;462.3;15.5;15.4;15.4;14.1;13.9;352.7777778;191.6666667;202.7777778;2.1
11529000;9;12;40;101;10;12.7;17.5;15.5;52.6;462.3;14.5;14.6;14.7;13.5;13.9;352.7777778;191.6666667;202.7777778;2.1
11529900;6;9;41;157;6.9;10.5;14.8;15.5;76;462.3;11.9;11.9;12.1;11.4;13.9;352.7777778;191.6666667;202.7777778;2.1
11530800;7;9;39;105;7.6;10;14.5;15.6;81.9;441;12.2;12.2;12.3;11.4;12.3;333.3333333;236.1111111;633.3333333;5.5
11531700;7;9;41;109;7.3;9.8;13.5;15.7;80.8;430.4;11.6;11.6;11.8;10.8;12.3;333.3333333;236.1111111;633.3333333;5.5
11532600;7;9;43;118;7.5;9.9;13.9;15.7;84.6;430.4;12.4;12.5;12.6;11.7;12.3;333.3333333;236.1111111;633.3333333;5.5
11533500;7;11;43;184;8.2;12.1;15.8;15.7;82.2;430.4;14.8;14.9;14.9;13.9;12.3;333.3333333;236.1111111;633.3333333;5.5
11534400;9;14;43;261;9.4;14.8;15.8;16;73.4;432.7;17.5;17.5;17.3;16.3;15.1;297.2222222;102.7777778;852.7777778;6.7
11535300;9;15;43;274;10;15.6;15.9;16.1;73.8;433;18.1;18.2;18;16.8;15.1;297.2222222;102.7777778;852.7777778;6.7
11536200;9;15;43;265;10;15.8;16.3;16.1;64;433;18.1;18.3;18;16.6;15.1;297.2222222;102.7777778;852.7777778;6.7
11537100;9;16;43;295;10.3;16.4;17.5;16.1;55.7;433;19;19.1;18.8;17.5;15.1;297.2222222;102.7777778;852.7777778;6.7
11538000;10;16;43;304;10.5;16.8;18.1;15.8;49.8;315.4;19.4;19.6;19.3;17.7;16.6;322.2222222;213.8888889;555.5555556;5.1
11538900;10;16;43;282;10.5;16.8;18.5;15.8;48;315.4;18.7;18.9;18.6;16.9;16.6;322.2222222;213.8888889;555.5555556;5.1
11539800;9;15;43;258;10.5;15.6;18.8;15.8;45.5;315.4;18.1;18.1;17.9;16.4;16.6;322.2222222;213.8888889;555.5555556;5.1
11540700;9;15;40;246;10.5;15.9;19.5;15.8;43.3;315.4;18.1;18.2;17.9;16.4;16.6;322.2222222;213.8888889;555.5555556;5.1
11541600;12;15;37;129;12.3;15.4;19.3;15.2;44.2;297.5;18.2;18.1;18;16.4;16.3;347.2222222;208.3333333;394.4444444;5.8
11542500;11;14;39;123;12.7;15.4;19.6;15;45.1;291;17.3;17.3;17.3;15.9;16.3;347.2222222;208.3333333;394.4444444;5.8
11543400;10;14;40;238;10;15;20;15;41;291;17.1;17;17;15.9;16.3;347.2222222;208.3333333;394.4444444;5.8
11544300;9;13;43;216;10;14.4;20.9;15;39;291;16.7;16.8;16.7;15.5;16.3;347.2222222;208.3333333;394.4444444;5.8
11545200;9;14;43;248;10;15.3;20.8;14.2;36.8;235.8;17.6;17.7;17.6;16.2;16.3;305.5555556;108.3333333;383.3333333;1.8
11546100;9;14;43;243;10;15.3;20.5;14.1;35.2;231.9;17.6;17.7;17.6;16.2;16.3;305.5555556;108.3333333;383.3333333;1.8
11547000;9;14;43;218;10.5;14.9;20.1;14.1;36.2;231.9;16.8;17;17;15.7;16.3;305.5555556;108.3333333;383.3333333;1.8
11547900;9;14;43;224;10.5;14.8;20;14.1;37.6;231.9;17.1;17.1;17.1;15.8;16.3;305.5555556;108.3333333;383.3333333;1.8
11548800;9;14;43;224;10.5;14.8;19.6;13.5;40.6;185.3;17;17.1;17.1;15.8;15.2;294.4444444;52.77777778;286.1111111;2.4
11549700;9;14;43;205;10.5;14.6;20.1;13.1;41.2;154.2;16.4;16.6;16.5;15.3;15.2;294.4444444;52.77777778;286.1111111;2.4
11550600;9;13;43;183;10;14;21.6;13.1;39;154.2;15.8;15.8;15.8;14.7;15.2;294.4444444;52.77777778;286.1111111;2.4
11551500;9;12;43;166;10;13.3;25.1;13.1;31.4;154.2;15.2;15.2;15.3;14.2;15.2;294.4444444;52.77777778;286.1111111;2.4
11552400;9;12;35;102;10.5;13.1;24.7;12.1;31.3;86.3;15;15.1;15.2;14;14.5;300;41.66666667;97.22222222;2.5
11553300;9;11;38;136;9.8;12.5;21;11.9;37.7;69.3;14.5;14.5;14.6;13.6;14.5;300;41.66666667;97.22222222;2.5
11554200;8;11;43;139;9.2;12;18.2;11.9;43.6;69.3;13.8;13.8;13.9;13.1;14.5;300;41.66666667;97.22222222;2.5
11555100;8;10;43;109;9.2;11.4;17.2;11.9;46.9;69.3;13.2;13.1;13.3;12.4;14.5;300;41.66666667;97.22222222;2.5
11556000;8;10;43;91;9;10.7;16.3;11.3;47.3;29.4;12.6;12.4;12.7;11.8;12.4;291.6666667;5.555555556;8.333333333;2.3
11556900;8;9;43;78;8.7;10.3;15.6;11.3;49.5;29.4;12.2;12;12.3;11.4;12.4;291.6666667;5.555555556;8.333333333;2.3
11557800;7;9;43;66;8.5;9.8;14.9;11.3;53;29.4;11.7;11.6;11.8;11;12.4;291.6666667;5.555555556;8.333333333;2.3
11558700;7;8;35;57;8.2;9.4;14.4;11.3;55.7;29.4;11.2;11.2;11.4;10.6;12.4;291.6666667;5.555555556;8.333333333;2.3
11559600;5;7;39;91;6.5;8.5;13.9;10.8;57.3;10.7;10.2;10.1;10.3;9.6;11.8;297.2222222;0;0;1.8
11560500;6;6;34;25;6.9;7.4;13.5;10.6;59.2;1.4;9.2;9.1;9.4;8.5;11.8;297.2222222;0;0;1.8
11561400;6;6;0;0;7.4;7.3;13.2;10.6;61.9;1.4;9.6;9.6;9.8;8.6;11.8;297.2222222;0;0;1.8
11562300;6;7;0;0;7.4;7.3;13.2;10.6;62.5;1.4;10;9.9;10.2;8.9;11.8;297.2222222;0;0;1.8
11563200;6;7;0;0;7.4;7.8;13.3;10.4;61.5;0.2;10.6;10.2;10.6;9.2;11.6;308.3333333;0;0;1.7
11564100;7;7;0;0;7.8;8.1;13.4;10.4;62.3;0;11;10.5;10.9;9.4;11.6;308.3333333;0;0;1.7
11565000;7;8;31;57;7.6;8.7;13.3;10.4;62.1;0;11;10.5;11;10.2;11.6;308.3333333;0;0;1.7
11565900;5;7;39;90;6.2;8.2;13.3;10.4;61.4;0;10;9.6;10;9.3;11.6;308.3333333;0;0;1.7
11566800;5;6;16;33;6.5;7.3;13.2;10.1;61.9;0;9.4;9.1;9.4;8.6;10.9;333.3333333;0;0;2.3
11567700;6;6;0;0;7;7.3;13.1;9.9;63.3;0;9.8;9.6;9.9;8.8;10.9;333.3333333;0;0;2.3
11568600;6;7;0;0;7.2;7.3;13.3;9.9;62.5;0;10.1;10.3;10.4;9.1;10.9;333.3333333;0;0;2.3
11569500;6.5;7.5;12;23.5;7.35;7.9;13.25;9.75;62.95;0;10.55;10.8;10.8;9.55;10.9;333.3333333;0;0;2.3
11570400;7;8;24;47;7.5;8.5;13.2;9.6;63.4;0;11;11.3;11.2;10;10.7;319.4444444;0;0;2.7
11571300;7;8;0;0;8;8.8;13.2;9.5;63.8;0;10.9;10.8;11;10.1;10.7;319.4444444;0;0;2.7
11572200;7;8;24;42;7.8;8.8;13.2;9.5;64.5;0;11;10.8;11.1;10.2;10.7;319.4444444;0;0;2.7
11573100;6;8;15;44;7.4;8.8;12.9;9.5;65.2;0;10.7;10.5;10.8;10;10.7;319.4444444;0;0;2.7
11574000;4;7;26;96;4.6;7.4;12.8;9.4;66.1;0;9.1;8.8;9.1;8.6;10.5;316.6666667;0;0;2.5
11574900;4;6;0;0;4.8;7.3;12.9;9.3;65.5;0;9;8.9;9;8.3;10.5;316.6666667;0;0;2.5
11575800;4;6;0;0;4.8;7.3;13;9.3;65.1;0;9.2;9.1;9.3;8.6;10.5;316.6666667;0;0;2.5
11576700;4;6;0;0;4.8;7.3;12.9;9.3;65.3;0;9.7;9.4;9.7;9;10.5;316.6666667;0;0;2.5
11577600;4;7;29;115;4.5;7.7;12.8;9.1;66.2;0;10;9.7;9.9;9.2;9.9;288.8888889;0;0;2.3
11578500;3;6;8;27;3.7;6.8;12.5;9;67.1;0;8.7;8.5;8.6;8;9.9;288.8888889;0;0;2.3
11579400;3;6;0;0;4.2;6.8;12.3;9;67.4;0;9;8.8;8.9;8.3;9.9;288.8888889;0;0;2.3
11580300;4;6;0;0;4.5;6.8;12.1;9;68.4;0;9.3;9;9.2;8.6;9.9;288.8888889;0;0;2.3
11581200;4;6;0;0;5.1;6.8;11.7;8.7;69.4;0;9.6;9.2;9.4;8.9;10;288.8888889;0;0;2.9
11582100;4;6;0;0;5.4;7.3;11.4;8.7;69.5;0;9.8;9.1;9.4;9.2;10;288.8888889;0;0;2.9
11583000;4;8;0;0;5.7;8.3;11.6;8.7;68.5;0;9.9;9.2;9.4;9.5;10;288.8888889;0;0;2.9
11583900;4;7;30;109;4.9;7.8;11.7;8.7;68.6;0;9.4;8.9;9.2;9;10;288.8888889;0;0;2.9
11584800;3;6;0;0;3.9;6.8;11.4;6.9;69.2;0;8.4;8.1;8.2;7.9;9.2;280.5555556;0;0;3.2
11585700;3;6;0;0;4.4;6.8;11.1;6.3;70.7;0;8.8;8.2;8.5;8.3;9.2;280.5555556;0;0;3.2
11586600;4;6;0;0;4.4;6.8;11;6.3;70.8;0;9.1;8.6;8.8;8.7;9.2;280.5555556;0;0;3.2
11587500;4;6;0;0;4.9;6.8;10.8;6.3;71.4;0;9.4;8.9;9.1;9;9.2;280.5555556;0;0;3.2
11588400;2;6;26;98;3.6;6.5;10.7;6.8;72.4;0;8.4;8;8.3;7.9;9.1;291.6666667;16.66666667;22.22222222;3
11589300;2;5;0;0;3.1;6.2;10.6;6.8;72.8;0;7.8;7.4;7.7;7.2;9.1;291.6666667;16.66666667;22.22222222;3
11590200;3;5;0;0;3.4;6.3;10.6;6.8;72.7;0;8.2;7.7;8;7.5;9.1;291.6666667;16.66666667;22.22222222;3
11591100;3;7;0;0;3.9;7.6;10.6;6.8;72.3;0;8.6;8;8.3;7.8;9.1;291.6666667;16.66666667;22.22222222;3
11592000;3;7;1;3;4.1;7.7;10.9;6.9;71.5;0;9;8.6;8.7;8.1;10;313.8888889;72.22222222;86.11111111;3.3
11592900;4;6;0;0;5.3;6.9;11.4;7;69.9;0;9.3;9.3;9.5;8.1;10;313.8888889;72.22222222;86.11111111;3.3
11593800;3;6;27;104;4.4;7.2;11.8;7;68.7;0;9.3;9.1;9.6;8.8;10;313.8888889;72.22222222;86.11111111;3.3
11594700;2;6;7;26;3;6.4;12.2;7;67.9;0;8.5;8.3;8.7;7.8;10;313.8888889;72.22222222;86.11111111;3.3
11595600;2;5;0;0;3.2;6.3;12.3;8.4;67.3;25;8.9;9;9.4;8.1;10.6;305.5555556;150;180.5555556;3
11596500;4;6;14;58;4.9;6.8;13.3;8.8;65;31.2;10.6;10.5;11.1;9.3;10.6;305.5555556;150;180.5555556;3
11597400;4;7;43;165;4.8;8.2;13.9;8.8;61.6;31.2;9.8;9.7;10;9.2;10.6;305.5555556;150;180.5555556;3
11598300;6;6;0;0;6.9;7.3;13.9;8.8;62.2;31.2;9.7;9.9;10.1;8.6;10.6;305.5555556;150;180.5555556;3
11599200;6;8;16;64;6.8;8.5;14.1;9.4;61;119.2;11.3;11.6;12.1;10.2;12.5;311.1111111;194.4444444;436.1111111;2.8
11600100;5;9;43;179;6.1;9.9;14;9.4;61.2;119.2;11.6;11.6;11.7;10.7;12.5;311.1111111;194.4444444;436.1111111;2.8
11601000;6;10;42;153;7;10;14.4;9.4;59.5;119.2;12.6;12.4;12.5;11.2;12.5;311.1111111;194.4444444;436.1111111;2.8
11601900;8;11;43;144;8.4;11.4;15.6;9.4;56.7;119.2;14.1;14.1;14.1;12.8;12.5;311.1111111;194.4444444;436.1111111;2.8
11602800;8;12;39;200;8.9;13;16.7;11;52.2;171.9;15.3;15.2;15.2;14;12.7;338.8888889;283.3333333;286.1111111;3.3
11603700;7;11;39;156;8.5;12.1;16.3;11.6;52.4;191;13.8;13.9;13.9;12.9;12.7;338.8888889;283.3333333;286.1111111;3.3
11604600;8;10;43;112;8.7;11.3;16;11.6;53.2;191;13.1;13.1;13.3;12.2;12.7;338.8888889;283.3333333;286.1111111;3.3
11605500;7;10;39;157;7.8;11.3;16.7;11.6;52.1;191;13.4;13.4;13.5;12.6;12.7;338.8888889;283.3333333;286.1111111;3.3
11606400;7;10;40;147;7.9;11.3;17.6;13.9;49.8;303.9;13.1;13.1;13.2;12.2;12.5;341.6666667;263.8888889;269.4444444;2.4
11607300;7;10;39;114;8.3;11.1;17.1;14.1;49.7;312;13.1;13;13.1;12.1;12.5;341.6666667;263.8888889;269.4444444;2.4
11608200;8;10;41;75;9;10.8;16.5;14.1;51;312;13;13;13.2;12.1;12.5;341.6666667;263.8888889;269.4444444;2.4
11609100;6;10;43;184;7.3;11.1;17.1;14.1;49.9;312;13.1;13;13.1;12.4;12.5;341.6666667;263.8888889;269.4444444;2.4
11610000;7;10;39;113;8.3;10.8;17.9;14.9;48.3;378.1;13.2;13.2;13.2;12.2;14;344.4444444;386.1111111;447.2222222;3.2
11610900;8;11;42;154;8.3;11.6;17.9;15.3;47.2;411.2;13.9;13.9;13.9;13;14;344.4444444;386.1111111;447.2222222;3.2
11611800;8;12;38;182;8.5;12.3;18.9;15.3;44.9;411.2;14.8;14.9;15;14;14;344.4444444;386.1111111;447.2222222;3.2
11612700;9;13;39;206;9.4;13.8;18.7;15.3;44.9;411.2;15.9;16.1;15.8;14.9;14;344.4444444;386.1111111;447.2222222;3.2
11613600;9;12;43;167;9.8;13.3;18.5;15.5;46.3;455.5;15.1;15.2;15.2;14.1;15.7;350;266.6666667;322.2222222;3.8
11614500;8;12;43;157;9.8;12.8;18.5;15.5;44.4;462.3;14.7;14.8;14.8;13.9;15.7;350;266.6666667;322.2222222;3.8
11615400;9;12;32;116;9.7;12.5;18.5;15.5;47;462.3;14.7;14.7;14.8;13.8;15.7;350;266.6666667;322.2222222;3.8
11616300;9;13;40;203;9.4;13.6;18.9;15.5;43.4;462.3;15.7;15.7;15.6;14.7;15.7;350;266.6666667;322.2222222;3.8
11617200;8;11;43;140;9.7;12.5;18.5;15.7;43.9;432.5;14.4;14.4;14.5;13.4;14.7;347.2222222;363.8888889;383.3333333;3.7
11618100;8;11;43;138;9.6;12.3;18.3;15.7;41.2;430.4;14.3;14.2;14.3;13.4;14.7;347.2222222;363.8888889;383.3333333;3.7
11619000;8;11;43;141;9.6;12.3;18.3;15.7;41.6;430.4;14.4;14.4;14.5;13.6;14.7;347.2222222;363.8888889;383.3333333;3.7
11619900;9;12;36;137;10.2;13.2;19;15.7;40.2;430.4;15.9;15.9;15.9;15;14.7;347.2222222;363.8888889;383.3333333;3.7
11620800;11;14;39;130;11.8;14.7;20;16;38.9;432.3;17.1;17.2;17.2;16.1;15.1;352.7777778;319.4444444;333.3333333;3.6
11621700;12;14;37;124;12;15.2;20.4;16.1;38.2;433;17.7;17.7;17.8;16.6;15.1;352.7777778;319.4444444;333.3333333;3.6
11622600;9;14;43;258;10;15.2;20.7;16.1;36.7;433;17.1;17.2;17;16.3;15.1;352.7777778;319.4444444;333.3333333;3.6
11623500;9;13;43;191;10.5;14.4;19.9;16.1;38.1;433;16.2;16.3;16.2;15.2;15.1;352.7777778;319.4444444;333.3333333;3.6
11624400;9;13;43;169;10.2;13.7;19.9;15.8;39.3;323.2;15.5;15.6;15.6;14.6;14.7;355.5555556;177.7777778;177.7777778;4.3
11625300;9;12;43;150;10.1;13.1;19.5;15.8;39.2;315.4;14.9;14.9;15;14;14.7;355.5555556;177.7777778;177.7777778;4.3
11626200;9;11;43;134;9.7;12.6;19;15.8;39.8;315.4;14.4;14.4;14.5;13.6;14.7;355.5555556;177.7777778;177.7777778;4.3
11627100;8;11;43;123;9.7;12.3;18.4;15.8;41.1;315.4;14.1;14;14.2;13.3;14.7;355.5555556;177.7777778;177.7777778;4.3
11628000;9;12;36;125;10.2;12.9;19.1;15.2;41.1;297.5;15.7;15.7;15.8;14.9;15.2;355.5555556;191.6666667;197.2222222;4.9
11628900;10;14;38;187;11;14.8;19.9;15;40.4;291;17.4;17.5;17.4;16.3;15.2;355.5555556;191.6666667;197.2222222;4.9
11629800;10;14;43;192;10.7;14.8;20.4;15;38.8;291;16.5;16.7;16.5;15.5;15.2;355.5555556;191.6666667;197.2222222;4.9
11630700;9;12;43;154;10.4;13.5;19.1;15;40.3;291;15.3;15.3;15.3;14.3;15.2;355.5555556;191.6666667;197.2222222;4.9
11631600;9;11;37;101;10.1;12.4;17.8;14.2;43.4;235.8;14.4;14.4;14.5;13.6;14.2;352.7777778;94.44444444;94.44444444;5
11632500;8;11;39;107;9.7;12.1;17.3;14.1;45.6;231.9;13.9;13.8;14;13.1;14.2;352.7777778;94.44444444;94.44444444;5
11633400;9;11;40;115;9.1;11.7;17.4;14.1;46.8;231.9;13.6;13.6;13.7;12.9;14.2;352.7777778;94.44444444;94.44444444;5
11634300;8;10;43;84;9.4;11;16.7;14.1;54.9;231.9;12.8;12.7;12.9;12;14.2;352.7777778;94.44444444;94.44444444;5
11635200;8;9;43;62;9;10.3;15.7;13.4;61.4;174.9;12;12;12.2;11.4;12.1;344.4444444;72.22222222;72.22222222;4.1
11636100;8;9;43;63;8.9;10.3;15.5;13.1;63.5;154.2;12;12;12.2;11.3;12.1;344.4444444;72.22222222;72.22222222;4.1
11637000;8;9;43;65;8.9;10.3;15.6;13.1;63.5;154.2;12.1;12;12.2;11.3;12.1;344.4444444;72.22222222;72.22222222;4.1
11637900;8;9;23;33;8.9;9.9;15.2;13.1;67;154.2;11.8;11.8;12.1;11;12.1;344.4444444;72.22222222;72.22222222;4.1
11638800;8;9;0;0;8.9;9.8;15.1;12;65.5;75;12.2;12.3;12.5;11.2;11.5;330.5555556;33.33333333;44.44444444;3.5
11639700;8;9;26;65;8.7;10.4;14.6;11.9;64.6;69.3;12.2;12.2;12.4;11.5;11.5;330.5555556;33.33333333;44.44444444;3.5
11640600;8;9;0;0;8.9;10.3;14.3;11.9;64.5;69.3;12.2;12.2;12.3;11.3;11.5;330.5555556;33.33333333;44.44444444;3.5
11641500;8;9;22;56;8.5;10.1;14.1;11.9;64.6;69.3;12;11.9;12.1;11.3;11.5;330.5555556;33.33333333;44.44444444;3.5
11642400;8;9;24;51;8.5;9.8;13.9;11.5;64.9;40;11.9;11.8;12.1;11.2;11.1;322.2222222;8.333333333;8.333333333;3.5
11643300;6;8;39;94;7.1;9.2;13.8;11.3;64.5;29.4;10.8;10.7;11;10.3;11.1;322.2222222;8.333333333;8.333333333;3.5
11644200;7;8;8;18;7.9;8.3;13.6;11.3;64.7;29.4;10.4;10.4;10.6;9.6;11.1;322.2222222;8.333333333;8.333333333;3.5
11645100;7;8;0;0;8.3;8.3;13.4;11.3;65.2;29.4;10.8;10.8;11;9.9;11.1;322.2222222;8.333333333;8.333333333;3.5
11646000;7;8;0;0;8.3;8.8;13.3;10.6;65.5;3.3;11;11.3;11.4;10.2;11;333.3333333;0;0;3.3
11646900;7;8;22;42;8.2;9.2;13.2;10.6;65.8;1.4;11.2;11.3;11.5;10.5;11;333.3333333;0;0;3.3
11647800;8;8;0;0;8.4;9.3;13.2;10.6;65.4;1.4;11.3;11.2;11.4;10.5;11;333.3333333;0;0;3.3
11648700;7;8;22;38;8.4;9.3;13.2;10.6;65.2;1.4;11.4;11.2;11.5;10.6;11;333.3333333;0;0;3.3
11649600;7;8;22;49;7.8;9.3;13.1;10.5;64.8;0.4;11.3;11.1;11.4;10.5;10.2;297.2222222;0;0;4.3
11650500;5;7;39;92;6.3;8.3;12.8;10.4;65.5;0;10.1;9.9;10.1;9.4;10.2;297.2222222;0;0;4.3
11651400;5;7;33;60;5.7;7.4;12.5;10.4;66.6;0;9.4;9.3;9.5;8.7;10.2;297.2222222;0;0;4.3
11652300;5;7;0;0;5.5;7.8;12;10.4;68.4;0;9.7;9.3;9.5;9;10.2;297.2222222;0;0;4.3
11653200;5;6;0;0;5.9;7.8;11.9;9.9;69.3;0;10;9.6;9.7;9.2;9.3;-2775;0;0;3.2
11654100;5;6;0;0;6;7.8;11.7;9.9;69.9;0;10.3;10.2;10;9.6;9.3;-2775;0;0;3.2
11655000;5;7;24;82;5.3;7.9;11.4;9.9;71.2;0;10.1;9.9;9.9;9.4;9.3;-2775;0;0;3.2
11655900;4.5;6.5;12;41;4.85;7.6;11.35;9.75;71.4;0;9.55;9.3;9.45;8.95;9.3;-2775;0;0;3.2
11656800;4;6;0;0;4.4;7.3;11.3;9.6;71.6;0;9;8.7;9;8.5;9;291.6666667;0;0;3.6
11657700;4;7;0;0;4.7;7.3;11.2;9.5;71.6;0;9.4;9;9.3;8.9;9;291.6666667;0;0;3.6
11658600;4;7;0;0;4.9;7.3;11.1;9.5;72;0;9.7;9.3;9.6;9.2;9;291.6666667;0;0;3.6
11659500;5;7;0;0;5.5;7.7;11.1;9.5;71.9;0;10;9.7;9.9;9.6;9;291.6666667;0;0;3.6
11660400;4;7;28;107;4.6;7.9;11.3;9.3;71.6;0;9.5;9.2;9.4;8.9;9.7;322.2222222;0;0;3.9
11661300;3;6;0;0;3.6;6.8;11.5;9.3;70.2;0;8.6;8.3;8.5;7.9;9.7;322.2222222;0;0;3.9
11662200;3;6;0;0;4.2;6.8;11.7;9.3;69.2;0;9;8.7;9;8.3;9.7;322.2222222;0;0;3.9
11663100;3;6;1;3;4.6;6.9;11.8;9.3;68.5;0;9.6;9.6;9.8;8.5;9.7;322.2222222;0;0;3.9
11664000;4;7;0;0;5.2;7.3;11.8;9.1;68.6;0;9.8;9.9;10.1;8.8;9.9;338.8888889;0;0;2.7
11664900;4;6;0;0;5.2;7.2;12;9;68.1;0;10.1;9.9;10.1;9.2;9.9;338.8888889;0;0;2.7
11665800;4;4;0;0;5.6;6.4;12.1;9;67.8;0;10.5;10.2;10.5;9.5;9.9;338.8888889;0;0;2.7
11666700;5;4;0;0;5.8;6.3;12.2;9;67.8;0;10.8;10.5;10.8;9.7;9.9;338.8888889;0;0;2.7
11667600;5;6;17;53;6;7.1;12.3;8.7;68.7;0;11;10.6;11;10.1;9.6;341.6666667;0;0;3.3
11668500;3;7;22;82;4.2;7.6;12.4;8.7;68.5;0;9.1;9.1;9.2;8.7;9.6;341.6666667;0;0;3.3
11669400;3;7;0;0;4.3;7.4;12.3;8.7;67.8;0;9.2;9.1;9.3;8.6;9.6;341.6666667;0;0;3.3
11670300;4;5;0;0;4.7;7.2;12.3;8.7;68.3;0;9.6;9.5;9.7;8.9;9.6;341.6666667;0;0;3.3
11671200;4;6;1;3;5.1;7.2;12.3;7.3;69.4;0;10.3;10.2;10.4;9.1;9.5;344.4444444;0;0;3.3
11672100;3;7;33;133;4.5;7.6;12.3;6.3;70;0;9.8;9.6;9.8;9.1;9.5;344.4444444;0;0;3.3
11673000;3;6;0;0;3.8;6.9;12.3;6.3;70.5;0;9.1;9.1;9.2;8.4;9.5;344.4444444;0;0;3.3
11673900;3;5;1;3;4.1;6.9;12.2;6.3;71.8;0;9.5;9.5;9.7;8.7;9.5;344.4444444;0;0;3.3
11674800;4;6;15;63;5;7.3;12.1;6.7;74.4;0;9.9;10.2;10.4;9;9.6;347.2222222;2.777777778;2.777777778;2.9
11675700;3;6;14;45;3.7;7;12.1;6.8;75.1;0;8.7;8.6;8.7;8.1;9.6;347.2222222;2.777777778;2.777777778;2.9
11676600;3;6;0;0;4.1;6.9;12.3;6.8;75;0;9.1;8.9;9.1;8.3;9.6;347.2222222;2.777777778;2.777777778;2.9
11677500;3;7;0;0;4.2;8.1;12.3;6.8;74.5;0;9.5;9.3;9.4;8.6;9.6;347.2222222;2.777777778;2.777777778;2.9
11678400;3;7;0;0;4.6;8.4;12.3;7;74.6;0;9.8;9.7;9.8;8.9;9.2;327.7777778;41.66666667;44.44444444;3
11679300;4;7;7;21;5.1;8.1;12.1;7;75.8;0;10;10;10.1;9.1;9.2;327.7777778;41.66666667;44.44444444;3
11680200;3;6;22;85;4.2;7.3;12.1;7;76.2;0;9;8.9;9.1;8.5;9.2;327.7777778;41.66666667;44.44444444;3
11681100;3;6;0;0;4.2;6.9;12.3;7;75.3;0;9;8.9;9;8.4;9.2;327.7777778;41.66666667;44.44444444;3
11682000;4;5;0;0;4.5;6.8;12.3;8.3;74.9;22.9;9.4;9.2;9.5;8.7;9.4;344.4444444;88.88888889;91.66666667;3.1
11682900;4;5;17;54;5.1;7.1;13.1;8.8;72.3;31.2;10.3;10.1;10.4;9.2;9.4;344.4444444;88.88888889;91.66666667;3.1
11683800;3;6;31;122;4.2;7.5;13.2;8.8;71.3;31.2;9.2;9.1;9.3;8.6;9.4;344.4444444;88.88888889;91.66666667;3.1
11684700;3;6;0;0;3.8;6.9;13;8.8;74;31.2;9.2;9.1;9.2;8.3;9.4;344.4444444;88.88888889;91.66666667;3.1
11685600;3;6;0;0;4.4;7.4;13.2;9.4;75.3;113.3;9.7;9.7;9.8;8.6;11.9;322.2222222;177.7777778;288.8888889;4.3
11686500;5;8;28;84;6;8.6;13.7;9.4;74.3;119.2;10.7;10.7;11;9.8;11.9;322.2222222;177.7777778;288.8888889;4.3
11687400;4;7;43;167;4.8;8.4;13.4;9.4;74.2;119.2;10.3;10.2;10.4;9.5;11.9;322.2222222;177.7777778;288.8888889;4.3
11688300;6;7;22;35;7.5;7.9;14.2;9.4;71.4;119.2;10.6;10.6;10.8;9.4;11.9;322.2222222;177.7777778;288.8888889;4.3
11689200;7;8;13;47;7.5;8.9;15.6;10.9;67.1;167.1;12.4;12.4;12.8;10.8;11.9;341.6666667;247.2222222;258.3333333;4.1
11690100;6;9;43;184;6.7;10.4;16;11.6;63.4;191;12.1;12.1;12.2;11.3;11.9;341.6666667;247.2222222;258.3333333;4.1
11691000;7;8;33;73;7.3;9.1;15.9;11.6;63.2;191;10.9;11;11.1;10;11.9;341.6666667;247.2222222;258.3333333;4.1
11691900;7;8;6;18;8;9.3;16.1;11.6;62.6;191;12.1;12.2;12.5;10.4;11.9;341.6666667;247.2222222;258.3333333;4.1
11692800;7;11;43;198;8;12.1;16.6;13.6;58.5;287.8;14;14;14.1;12.9;13.1;308.3333333;236.1111111;708.3333333;4
11693700;6;9;40;126;7;9.9;15.4;14.1;61.5;312;11.7;11.7;11.8;10.9;13.1;308.3333333;236.1111111;708.3333333;4
11694600;6;9;39;106;7.4;9.8;14.7;14.1;64.5;312;12.3;12.3;12.4;11.3;13.1;308.3333333;236.1111111;708.3333333;4
11695500;9;12;42;119;10;12.5;15.2;14.1;65.6;312;15.4;15.4;15.5;14;13.1;308.3333333;236.1111111;708.3333333;4
11696400;9;14;38;258;9.7;14.6;16.5;15.3;61;411.2;17;17.1;17.1;15.6;14.4;341.6666667;316.6666667;458.3333333;3.7
11697300;9;12;43;169;10.1;13.8;17.3;15.3;54.6;411.2;15.5;15.7;15.7;14.3;14.4;341.6666667;316.6666667;458.3333333;3.7
11698200;9;13;38;197;10;14.2;18.2;15.3;49.7;411.2;16.5;16.5;16.6;15.3;14.4;341.6666667;316.6666667;458.3333333;3.7
11699100;10;13;40;171;10.4;14.2;19.2;15.3;47.2;411.2;16.4;16.5;16.4;15.2;14.4;341.6666667;316.6666667;458.3333333;3.7
11700000;12;15;39;136;13.2;16.2;19.2;15.4;43.7;445.3;18.7;18.7;18.8;17.3;15.6;330.5555556;330.5555556;519.4444444;3.3
11700900;12;16;28;225;11.7;16.9;18.4;15.5;43.2;462.3;19.2;19.2;19.2;18;15.6;330.5555556;330.5555556;519.4444444;3.3
11701800;10;15;38;264;11.1;16.3;19.2;15.5;40.7;462.3;18.3;18.3;18.2;17.2;15.6;330.5555556;330.5555556;519.4444444;3.3
11702700;10;15;43;235;11;15.5;19.3;15.5;41.2;462.3;17.9;18;17.8;16.9;15.6;330.5555556;330.5555556;519.4444444;3.3
11703600;10;15;43;255;11;16.1;19.2;15.7;42.1;436.8;18.6;18.7;18.5;17.5;16.5;313.8888889;241.6666667;869.4444444;4
11704500;10;17;43;283;11.2;17.3;20.3;15.7;39.6;430.4;19.5;19.7;19.4;18.5;16.5;313.8888889;241.6666667;869.4444444;4
11705400;11;16;43;275;11.5;17.1;20;15.7;39.1;430.4;19.4;19.6;19.2;18.4;16.5;313.8888889;241.6666667;869.4444444;4
11706300;11;16;38;242;11.6;16.8;20.2;15.7;39;430.4;18.8;19;18.7;17.7;16.5;313.8888889;241.6666667;869.4444444;4
11707200;12;16;39;158;13.4;16.8;20.3;16.1;38.2;433;19.5;19.6;19.5;18.3;16.1;355.5555556;208.3333333;222.2222222;5.1
11708100;13;17;39;142;14.5;17.7;20.1;16.1;39.5;433;19.6;19.8;19.7;18.6;16.1;355.5555556;208.3333333;222.2222222;5.1
11709000;14;16;35;105;14.1;17.3;20.5;16.1;37.5;433;19;19.1;19.2;18.1;16.1;355.5555556;208.3333333;222.2222222;5.1
11709900;9;15;43;260;10.3;15.8;19.7;16.1;39;433;17.5;17.5;17.4;16.7;16.1;355.5555556;208.3333333;222.2222222;5.1
11710800;10;13;43;177;10.8;14.5;19.8;15.9;40.5;346.8;16.2;16.3;16.3;15.3;13.8;358.3333333;200;208.3333333;4.1
11711700;9;13;43;161;10.7;13.9;20.6;15.8;39.9;315.4;15.7;15.7;15.7;14.8;13.8;358.3333333;200;208.3333333;4.1
11712600;9;12;43;133;10.3;13;19.4;15.8;41.8;315.4;14.8;14.8;14.9;13.9;13.8;358.3333333;200;208.3333333;4.1
11713500;9;11;43;121;10.2;12.6;18.7;15.8;41.5;315.4;14.4;14.4;14.5;13.6;13.8;358.3333333;200;208.3333333;4.1
11714400;9;11;43;119;10.2;12.5;18.6;15.1;46.3;292.6;14.3;14.2;14.4;13.5;14.5;336.1111111;280.5555556;388.8888889;4.2
11715300;9;11;43;111;10;12.1;18.6;15;48.8;291;14.1;14;14.2;13.3;14.5;336.1111111;280.5555556;388.8888889;4.2
11716200;9;11;43;114;9.7;12.1;18.9;15;47.2;291;14.2;14.2;14.3;13.4;14.5;336.1111111;280.5555556;388.8888889;4.2
11717100;9;12;43;138;9.7;12.6;19.8;15;44.2;291;15.1;15.1;15.2;14.3;14.5;336.1111111;280.5555556;388.8888889;4.2
11718000;9;13;40;161;10.2;13.8;19.7;14.1;47.1;231.9;16.2;16.2;16.3;15.3;15.4;327.7777778;202.7777778;361.1111111;4
11718900;12;15;36;123;12.3;15.3;19.4;14.1;47.9;231.9;17.8;18;17.9;16.7;15.4;327.7777778;202.7777778;361.1111111;4
11719800;12;15;40;125;13;15.6;19.2;14.1;48.7;231.9;17.7;17.7;17.7;16.5;15.4;327.7777778;202.7777778;361.1111111;4
11720700;9;15;42;229;10.6;15.4;19.6;14.1;47.2;231.9;17.2;17.4;17.3;16.4;15.4;327.7777778;202.7777778;361.1111111;4
11721600;10;14;43;184;10.9;14.6;19.7;13.4;46.3;174.9;16.8;16.9;17;15.8;15.1;305.5555556;77.77777778;244.4444444;3.1
11722500;10;14;43;176;10.9;14.6;20.5;13.1;43.8;154.2;16.6;16.7;16.7;15.5;15.1;305.5555556;77.77777778;244.4444444;3.1
11723400;10;13;43;163;10.9;14.3;21.9;13.1;40.5;154.2;16.2;16.3;16.3;15.2;15.1;305.5555556;77.77777778;244.4444444;3.1
11724300;10;13;37;127;11;14.1;26.4;13.1;31.9;154.2;16;16.1;16.1;15;15.1;305.5555556;77.77777778;244.4444444;3.1
11725200;10;13;39;119;11.2;14.1;26.3;12;30.9;75;16;16.1;16.1;15;14.4;341.6666667;47.22222222;50;2.2
11726100;9;12;40;126;10.3;13.2;19.2;11.9;43.9;69.3;14.8;14.8;14.9;14;14.4;341.6666667;47.22222222;50;2.2
11727000;9;11;43;92;10.3;12.1;17.8;11.9;48.9;69.3;13.9;13.8;14;13.1;14.4;341.6666667;47.22222222;50;2.2
11727900;9;11;43;87;9.9;11.7;17.1;11.9;50.3;69.3;13.6;13.5;13.7;12.8;14.4;341.6666667;47.22222222;50;2.2
11728800;9;10;43;79;9.8;11.5;16.5;11.5;51.6;45.4;13.3;13.2;13.4;12.6;13.7;344.4444444;2.777777778;5.555555556;2.5
11729700;9;10;43;70;9.8;11.1;16.4;11.3;52.8;29.4;13;12.9;13.2;12.2;13.7;344.4444444;2.777777778;5.555555556;2.5
11730600;9;10;37;74;9.6;11.1;16.1;11.3;54.1;29.4;13;12.9;13.1;12.2;13.7;344.4444444;2.777777778;5.555555556;2.5
11731500;7;10;39;104;8.3;10.6;15.8;11.3;55.9;29.4;12.4;12.3;12.5;11.7;13.7;344.4444444;2.777777778;5.555555556;2.5
11732400;7;9;35;82;8.2;10;15.6;10.8;57.3;8.9;11.9;11.7;11.9;11.1;13;355.5555556;0;0;2.4
11733300;8;9;15;23;8.9;9.6;15.4;10.6;58.4;1.4;12;11.9;12.2;11;13;355.5555556;0;0;2.4
11734200;8;9;7;10;8.9;9.7;15.3;10.6;59.6;1.4;12.6;12.6;13;11.3;13;355.5555556;0;0;2.4
11735100;9;10;20;51;9.3;10.8;15.1;10.6;61.5;1.4;12.8;12.6;12.9;11.9;13;355.5555556;0;0;2.4
11736000;9;10;3;4;9.5;10.6;14.7;10.4;66.7;0.1;12.9;12.8;13;12;11;352.7777778;0;0;3
11736900;7;10;36;96;8.3;10.3;14.3;10.4;69.7;0;12.2;12.1;12.4;11.5;11;352.7777778;0;0;3
11737800;8;8;29;33;8.2;9.3;14.1;10.4;72.2;0;11.1;11;11.3;10.4;11;352.7777778;0;0;3
11738700;8;9;0;0;8.7;9.4;13.8;10.4;74.1;0;11.4;11.3;11.6;10.4;11;352.7777778;0;0;3
11739600;8;9;0;0;8.9;10.1;13.7;10;74.1;0;11.6;11.5;11.8;10.7;10.8;333.3333333;0;0;2.9
11740500;8;9;0;0;8.9;10.1;13.6;9.9;74;0;11.9;11.6;12;10.9;10.8;333.3333333;0;0;2.9
11741400;7;9;29;64;8.3;10;13.5;9.9;73.9;0;11.7;11.5;11.9;11;10.8;333.3333333;0;0;2.9
11742300;6.5;8;14.5;32;7.5;9.05;13.4;9.75;74.15;0;11;10.85;11.2;10.25;10.8;333.3333333;0;0;2.9
11743200;6;7;0;0;6.7;8.1;13.3;9.6;74.4;0;10.3;10.2;10.5;9.5;10.5;319.4444444;0;0;2.8
11744100;6;7;0;0;7.2;8.1;12.9;9.5;75.4;0;10.5;10.4;10.7;9.8;10.5;319.4444444;0;0;2.8
11745000;6;8;0;0;7.3;8.6;12.9;9.5;75.8;0;10.8;10.8;10.9;10;10.5;319.4444444;0;0;2.8
11745900;7;8;0;0;7.7;8.6;13;9.5;75.2;0;11.1;11.2;11.2;10.3;10.5;319.4444444;0;0;2.8
11746800;7;10;0;0;7.8;10.6;13.1;9.3;74.8;0;11.3;11.3;11.4;10.5;10.6;330.5555556;0;0;2.8
11747700;7;10;0;0;8.2;11;13.1;9.3;74;0;11.6;11.4;11.5;10.8;10.6;330.5555556;0;0;2.8
11748600;7;9;0;0;8.4;10.4;13;9.3;73.4;0;11.8;11.5;11.8;11;10.6;330.5555556;0;0;2.8
11749500;7;9;0;0;8.7;10.1;12.9;9.3;73.8;0;12;11.5;12.1;11.2;10.6;330.5555556;0;0;2.8
11750400;5;8;34;119;6;9.1;12.8;9.1;72.3;0;10.8;10.5;10.8;10.3;10.2;325;0;0;2.8
11751300;5;7;0;0;5.6;8.1;12.7;9;72.6;0;10;9.9;10.1;9.6;10.2;325;0;0;2.8
11752200;5;7;0;0;5.9;8.1;12.5;9;72.5;0;10.3;10.1;10.4;9.9;10.2;325;0;0;2.8
11753100;5;7;0;0;5.9;8.1;12.5;9;72.7;0;10.6;10.4;10.6;10.3;10.2;325;0;0;2.8
11754000;5;7;14;54;5.8;8.4;12.5;8.7;72.9;0;11;10.7;11;10.4;9.8;305.5555556;0;0;3.3
11754900;4;8;14;56;4.6;8.4;12.4;8.7;72.9;0;9.6;9.5;9.7;9.1;9.8;305.5555556;0;0;3.3
11755800;4;7;0;0;5;8.5;12;8.7;74;0;9.8;9.6;9.9;9.3;9.8;305.5555556;0;0;3.3
11756700;4;6;0;0;5.4;8.1;11.8;8.7;73.8;0;10.2;9.7;10.1;9.6;9.8;305.5555556;0;0;3.3
11757600;5;6;0;0;5.6;7.9;11.8;6.3;75;0;10.4;9.8;10.1;9.9;9.9;327.7777778;0;0;3.7
11758500;5;6;0;0;5.9;7.6;12.1;6.3;73.7;0;10.5;9.9;10.3;10.1;9.9;327.7777778;0;0;3.7
11759400;5;7;0;1;6.4;8.2;12.2;6.3;72.9;0;10.7;10.3;10.7;10.1;9.9;327.7777778;0;0;3.7
11760300;5;8;16;65;6.1;8.6;12.2;6.3;72.5;0;10.8;10.5;10.8;10.1;9.9;327.7777778;0;0;3.7
11761200;3;7;12;42;4.3;7.7;12.2;6.7;72.3;0;9.4;9.3;9.5;8.9;9.6;330.5555556;8.333333333;8.333333333;4.4
11762100;4;7;0;0;4.9;7.6;12.3;6.8;71.9;0;9.7;9.4;9.7;9.1;9.6;330.5555556;8.333333333;8.333333333;4.4
11763000;4;7;0;0;5.2;7.8;12.1;6.8;72.4;0;9.9;9.7;10;9.4;9.6;330.5555556;8.333333333;8.333333333;4.4
11763900;5;9;0;0;5.5;9.4;12;6.8;73.5;0;10.2;9.9;10.3;9.8;9.6;330.5555556;8.333333333;8.333333333;4.4
11764800;5;7;0;0;5.9;8.5;12.2;7;72.7;0;10.6;10.4;10.6;10;9.9;300;75;97.22222222;4.9
11765700;6;8;1;2;6.8;8.4;12.2;7;72.5;0;11.1;10.8;11.2;10.1;9.9;300;75;97.22222222;4.9
11766600;6;7;0;0;6.9;8.6;12.3;7;72.1;0;11.5;11.1;11.5;10.2;9.9;300;75;97.22222222;4.9
11767500;6;7;3;6;7.2;8.6;12.6;7;71.1;0;12;11.4;12;10.4;9.9;300;75;97.22222222;4.9
11768400;6;8;38;128;6.4;9.3;12.8;8;69.3;16.6;11.1;10.8;11.2;10.6;10.6;316.6666667;116.6666667;166.6666667;5
11769300;5;7;39;69;6.3;7.8;13;8.8;66.5;31.2;9.8;9.5;10;9.1;10.6;316.6666667;116.6666667;166.6666667;5
11770200;6;8;26;75;6.8;8.4;13.1;8.8;64.6;31.2;11;10.7;11.2;9.9;10.6;316.6666667;116.6666667;166.6666667;5
11771100;5;8;39;103;6.4;8.6;13.5;8.8;62.4;31.2;10.9;10.7;11;10.1;10.6;316.6666667;116.6666667;166.6666667;5
11772000;5;8;43;109;6.6;8.6;13.7;9.2;61.6;95.7;10.8;10.7;10.9;9.9;10.7;344.4444444;180.5555556;188.8888889;4.9
11772900;4;7;16;66;4.6;7.9;13.5;9.4;62.9;119.2;9.9;9.8;9.9;9;10.7;344.4444444;180.5555556;188.8888889;4.9
11773800;4;7;0;0;5;8.1;13.8;9.4;62.1;119.2;10.2;10.1;10.2;9.1;10.7;344.4444444;180.5555556;188.8888889;4.9
11774700;4;7;0;0;5.2;8.1;14.6;9.4;59.8;119.2;10.7;10.4;10.7;9.4;10.7;344.4444444;180.5555556;188.8888889;4.9
11775600;6;9;23;110;6.5;9.8;14.6;11.5;58.8;186.2;12.9;12.8;13;11.8;11.4;327.7777778;291.6666667;363.8888889;5.1
11776500;7;10;40;142;7.5;10.8;14.6;11.6;59.9;191;12.5;12.6;12.6;11.6;11.4;327.7777778;291.6666667;363.8888889;5.1
11777400;7;10;35;101;8.2;10.6;14.6;11.6;60.4;191;13.1;13.1;13.3;12;11.4;327.7777778;291.6666667;363.8888889;5.1
11778300;7;11;38;172;8.4;11.9;15.5;11.6;56.6;191;14.2;14.2;14.3;13.1;11.4;327.7777778;291.6666667;363.8888889;5.1
11779200;8;11;40;166;8.5;11.9;15.7;13.1;54.2;263.6;13.8;13.7;13.8;12.7;13.2;330.5555556;333.3333333;563.8888889;4.7
11780100;9;11;43;123;9.5;12;16.1;14.1;52.4;312;14.5;14.6;14.6;13.5;13.2;330.5555556;333.3333333;563.8888889;4.7
11781000;9;13;39;176;9.7;13.7;15.7;14.1;52.1;312;16.1;16.3;16.2;15;13.2;330.5555556;333.3333333;563.8888889;4.7
11781900;9;13;38;186;9.7;13.9;16.2;14.1;52;312;15.7;16;15.9;14.6;13.2;330.5555556;333.3333333;563.8888889;4.7
11782800;9;12;43;148;10.5;13.4;17.2;15.1;49.6;391.4;15.5;15.7;15.6;14.5;12.3;352.7777778;330.5555556;361.1111111;6.2
11783700;11;13;34;80;11.7;13.8;17.2;15.3;50.8;411.2;15.9;16.1;16.1;14.9;12.3;352.7777778;330.5555556;361.1111111;6.2
11784600;8;13;42;199;9.6;13.6;16.7;15.3;53.4;411.2;15.9;15.9;15.9;15.2;12.3;352.7777778;330.5555556;361.1111111;6.2
11785500;11;14;39;128;11.7;14.5;17.4;15.3;49.1;411.2;16.9;17.1;16.9;15.8;12.3;352.7777778;330.5555556;361.1111111;6.2
11786400;10;14;42;174;10.9;14.6;16.8;15.5;51.3;458.9;16.3;16.4;16.4;15.4;12.9;333.3333333;333.3333333;666.6666667;5.7
11787300;10;14;33;181;10.5;14.5;17.6;15.5;49.7;462.3;17.1;17.2;17.1;16.2;12.9;333.3333333;333.3333333;666.6666667;5.7
11788200;10;14;43;188;11.1;15.1;17.8;15.5;48.6;462.3;16.7;16.9;16.7;15.7;12.9;333.3333333;333.3333333;666.6666667;5.7
11789100;9;11;43;105;10.4;12.5;15.7;15.5;59.7;462.3;14.4;14.6;14.6;13.7;12.9;333.3333333;333.3333333;666.6666667;5.7
11790000;9;13;43;189;10.4;14.2;15.8;15.6;62.4;441;16.7;17;16.9;16.2;11.4;344.4444444;211.1111111;483.3333333;4.1
11790900;10;15;38;195;11.2;15.9;16.7;15.7;56.4;430.4;17.8;18.4;18.1;17;11.4;344.4444444;211.1111111;483.3333333;4.1
11791800;8;11;41;158;9;12.5;15.8;15.7;61.2;430.4;13.8;14;14;13.1;11.4;344.4444444;211.1111111;483.3333333;4.1
11792700;7;10;39;110;8.5;11;15.7;15.7;63;430.4;13.3;13.3;13.4;12.5;11.4;344.4444444;211.1111111;483.3333333;4.1
11793600;9;12;33;146;10.4;13.2;16.1;16;60.5;432.7;15.6;15.7;15.6;14.8;14.3;333.3333333;338.8888889;627.7777778;4.5
11794500;9;13;36;168;10.1;13.9;17.6;16.1;51.5;433;16.4;16.6;16.5;15.7;14.3;333.3333333;338.8888889;627.7777778;4.5
11795400;10;15;43;256;10.5;15.7;18.1;16.1;48.6;433;18.3;18.4;18.1;17.2;14.3;333.3333333;338.8888889;627.7777778;4.5
11796300;11;15;43;209;11.5;15.8;18.8;16.1;44.6;433;17.9;18.1;17.9;16.7;14.3;333.3333333;338.8888889;627.7777778;4.5
11797200;10;14;43;172;11.4;14.9;18.2;15.8;45.6;315.4;16.8;16.9;16.8;15.8;12.4;341.6666667;238.8888889;394.4444444;3.5
11798100;10;15;43;205;11.1;15.4;18.9;15.8;44.4;315.4;17.7;17.8;17.7;16.7;12.4;341.6666667;238.8888889;394.4444444;3.5
11799000;10;14;38;170;11.3;15.2;18.3;15.8;44.8;315.4;17.1;17.4;17.3;16.1;12.4;341.6666667;238.8888889;394.4444444;3.5
11799900;10;14;42;198;10.5;14.7;18.7;15.8;45.1;315.4;16.9;17.1;17;16.1;12.4;341.6666667;238.8888889;394.4444444;3.5
11800800;13;16;39;142;14;17.1;18.5;15.2;45.2;297.5;19.4;19.8;19.6;18.1;11.8;347.2222222;158.3333333;175;2.9
11801700;11;16;38;191;12.9;16.9;18.2;15;46.1;291;18.5;18.6;18.6;17.5;11.8;347.2222222;158.3333333;175;2.9
11802600;10;13;43;124;11.2;13.8;16.8;15;52.7;291;15.1;15.2;15.2;14.4;11.8;347.2222222;158.3333333;175;2.9
11803500;9;10;43;61;10.1;11.5;15.2;15;67;291;13.2;13.2;13.4;12.5;11.8;347.2222222;158.3333333;175;2.9
11804400;9;12;43;110;9.9;12;16.4;14.2;62.9;239.8;14.4;14.5;14.6;13.7;13.2;352.7777778;158.3333333;180.5555556;3.3
11805300;9;11;43;86;10.3;12.1;16.3;14.1;60.2;231.9;13.9;14;14.2;13.1;13.2;352.7777778;158.3333333;180.5555556;3.3
11806200;9;11;43;91;10.3;11.9;16.8;14.1;58.5;231.9;14;14;14.2;13.3;13.2;352.7777778;158.3333333;180.5555556;3.3
11807100;9;11;43;88;10.3;11.9;16.8;14.1;56.6;231.9;14;14;14.2;13.2;13.2;352.7777778;158.3333333;180.5555556;3.3
11808000;9;11;36;94;10;12.2;17.1;13.4;55.8;180.1;14.3;14.3;14.5;13.5;13.2;333.3333333;97.22222222;125;2.8
11808900;9;12;39;118;9.8;12.4;18.5;13.1;51.5;154.2;14.6;14.7;14.8;13.7;13.2;333.3333333;97.22222222;125;2.8
11809800;9;11;40;113;10.1;12.4;19;13.1;47;154.2;14.4;14.4;14.5;13.4;13.2;333.3333333;97.22222222;125;2.8
11810700;9;11;43;93;9.9;11.8;17.4;13.1;49.1;154.2;13.6;13.6;13.8;12.7;13.2;333.3333333;97.22222222;125;2.8
11811600;9;10;37;53;10.1;11.2;15.6;12.1;56.4;86.3;13;12.9;13.2;12.2;13;322.2222222;75;100;3.3
11812500;9;10;0;0;10.1;10.9;16.6;11.9;55.4;69.3;13.1;13.2;13.4;12.1;13;322.2222222;75;100;3.3
11813400;9;11;29;77;9.8;11.4;15.8;11.9;56.4;69.3;13.7;13.8;13.9;12.8;13;322.2222222;75;100;3.3
11814300;9;10;43;60;10;11.4;15.3;11.9;57.4;69.3;13.2;13.1;13.3;12.4;13;322.2222222;75;100;3.3
11815200;9;10;9;14;10;10.9;14.9;11.3;58.6;29.4;13.1;13;13.3;12.1;12.1;297.2222222;5.555555556;5.555555556;3.1
11816100;9;12;12;33;9.8;12.1;14.6;11.3;59.2;29.4;13.5;13.3;13.6;12.5;12.1;297.2222222;5.555555556;5.555555556;3.1
11817000;8;10;33;69;9.2;11;14.2;11.3;61.4;29.4;12.6;12.5;12.8;11.9;12.1;297.2222222;5.555555556;5.555555556;3.1
11817900;6;9;39;97;7.5;9.7;13.8;11.3;63.8;29.4;11.3;11.2;11.4;10.7;12.1;297.2222222;5.555555556;5.555555556;3.1
11818800;7;8;11;25;8.1;8.9;13.4;10.8;65.7;10.7;10.7;10.6;10.9;9.9;10.5;350;0;0;3.7
11819700;8;8;0;0;8.5;8.9;13.3;10.6;66.9;1.4;11;11;11.3;10.2;10.5;350;0;0;3.7
11820600;8;8;0;0;8.7;8.9;13.4;10.6;67.2;1.4;11.3;11.5;11.7;10.4;10.5;350;0;0;3.7
11821500;8;8;0;0;9;9.2;13.6;10.6;70.6;1.4;11.5;12.2;11.9;10.7;10.5;350;0;0;3.7
11822400;8;9;0;0;9;9.4;12.8;10.4;78.4;0.2;11.7;12.3;11.9;10.9;10;333.3333333;0;0;3.2
11823300;8;9;5;5;9;9.6;12.4;10.4;80.6;0;11.8;12.1;12;11;10;333.3333333;0;0;3.2
11824200;6;8;31;77;7.3;9.3;12.1;10.4;81.9;0;10.9;10.8;11;10.3;10;333.3333333;0;0;3.2
11825100;7;9;0;0;7.9;9.3;12;10.4;82.5;0;10.6;10.5;10.7;10;10;333.3333333;0;0;3.2
11826000;7;8;0;0;7.9;9.4;12.2;10.1;82.8;0;10.9;10.7;11;10.3;9.9;305.5555556;0;0;2.6
11826900;7;7;0;0;8.3;9.4;12.5;9.9;80.9;0;11.1;10.8;11.1;10.6;9.9;305.5555556;0;0;2.6
11827800;7;7;0;0;8.4;9.4;12.4;9.9;79;0;11.4;11;11.3;10.8;9.9;305.5555556;0;0;2.6
11828700;5.5;7.5;9.5;38;6.8;9;12.1;9.75;78.55;0;10.75;10.45;10.7;10.25;9.9;305.5555556;0;0;2.6
11829600;4;8;19;76;5.2;8.6;11.8;9.6;78.1;0;10.1;9.9;10.1;9.7;9.5;316.6666667;0;0;2.4
11830500;5;8;0;0;5.6;8.4;11.5;9.5;78.6;0;10;9.7;10.1;9.6;9.5;316.6666667;0;0;2.4
11831400;5;8;0;0;5.8;8.4;11.4;9.5;77.8;0;10.3;10;10.3;10;9.5;316.6666667;0;0;2.4
11832300;5;8;0;0;6.1;8.5;11.7;9.5;77.1;0;10.6;10.3;10.6;10.3;9.5;316.6666667;0;0;2.4
11833200;6;9;0;0;6.3;9.8;11.8;9.3;77.7;0;10.9;10.7;10.8;10.7;9.6;338.8888889;0;0;3.3
11834100;6;8;4;15;6.8;9.1;11.9;9.3;77.5;0;11.1;11.1;11.1;11;9.6;338.8888889;0;0;3.3
11835000;6;7;21;71;6.5;8.2;12;9.3;77;0;9.9;9.7;10;9.3;9.6;338.8888889;0;0;3.3
11835900;7;7;0;0;7.5;7.9;12.2;9.3;75.5;0;10;9.7;10;9.3;9.6;338.8888889;0;0;3.3
11836800;7;7;0;0;7.5;7.9;12.1;9.1;75.7;0;10.3;10;10.3;9.6;9;319.4444444;0;0;1.9
11837700;7;7;0;0;7.9;7.9;11.9;9;77.2;0;10.5;10.4;10.5;9.9;9;319.4444444;0;0;1.9
11838600;6;8;0;0;7.6;8.2;11.8;9;77.6;0;10.6;10.7;10.9;9.9;9;319.4444444;0;0;1.9
11839500;7;7;0;0;8.4;8.3;11.7;9;77.3;0;10.8;10.6;11;10.4;9;319.4444444;0;0;1.9
11840400;8;6;0;0;8.7;7.7;11.5;8.8;78;0;11.2;10.6;11.2;10.6;9.1;338.8888889;0;0;2
11841300;8;7;1;1;8.7;7.6;11.5;8.7;78.2;0;11.2;10.5;11.2;10.9;9.1;338.8888889;0;0;2
11842200;6;9;0;0;6.8;9.3;11.8;8.7;77.1;0;10.8;10.5;11;10.7;9.1;338.8888889;0;0;2
11843100;5;7;27;102;5.5;8.4;11.8;8.7;77.5;0;10.1;9.9;10.2;9.7;9.1;338.8888889;0;0;2
11844000;6;6;0;0;6.9;7.4;11.7;6.3;77.9;0;9.2;9;9.4;8.8;9;311.1111111;0;0;2.1
11844900;6;7;1;0;7;7.5;11.5;6.3;78.8;0;9.6;9.5;9.8;9;9;311.1111111;0;0;2.1
11845800;7;7;0;0;7.4;8.3;11.4;6.3;79;0;9.8;9.9;10;9.3;9;311.1111111;0;0;2.1
11846700;6;7;0;0;7.4;8.4;11.6;6.3;78.2;0;10.2;10;10.2;9.7;9;311.1111111;0;0;2.1
11847600;6;5;0;0;7.4;7.2;11.5;6.7;77.2;0;10.4;10;10.3;10;8.9;313.8888889;11.11111111;11.11111111;1.9
11848500;6;5;0;0;7.4;6.9;11.6;6.8;76.9;0;10.6;10.1;10.4;10.2;8.9;313.8888889;11.11111111;11.11111111;1.9
11849400;7;6;0;0;7.9;7.1;11.4;6.8;77.1;0;10.8;10.1;10.6;10.5;8.9;313.8888889;11.11111111;11.11111111;1.9
11850300;7;8;1;3;7.8;9.3;11.1;6.8;77.8;0;10.7;10;10.6;10.8;8.9;313.8888889;11.11111111;11.11111111;1.9
11851200;6;8;0;0;7.2;9.1;11.2;7;77.5;0;10.3;9.9;10.4;10.9;9;333.3333333;33.33333333;36.11111111;1.7
11852100;5;7;24;90;7;8.2;11.5;7;75.8;0;10.4;9.8;10.4;10.4;9;333.3333333;33.33333333;36.11111111;1.7
11853000;6;6;3;10;6.7;7.5;11.9;7;75.1;0;9.1;8.9;9.2;8.7;9;333.3333333;33.33333333;36.11111111;1.7
11853900;6;6;1;0;7;7.5;12.5;7;72.7;0;9.5;9.6;9.8;8.9;9;333.3333333;33.33333333;36.11111111;1.7
11854800;6;7;0;0;7.2;8.2;12.6;8.8;71.3;31.2;9.9;10.3;10.1;9.2;9.4;347.2222222;36.11111111;36.11111111;4
11855700;6;7;0;0;7.2;8.3;12.7;8.8;71.4;31.2;10.1;10.6;10.2;9.6;9.4;347.2222222;36.11111111;36.11111111;4
11856600;6;5;0;0;7.2;7.3;12.6;8.8;73;31.2;10.4;10.7;10.4;9.9;9.4;347.2222222;36.11111111;36.11111111;4
11857500;5;6;0;0;6.6;7.5;12.6;8.8;74.6;31.2;10.7;10.9;10.9;10;9.4;347.2222222;36.11111111;36.11111111;4
11858400;5;9;5;25;6;9.1;12.3;9.2;76.5;95.7;10.8;11;11.1;10.1;9.9;338.8888889;141.6666667;144.4444444;4.4
11859300;5;7;20;77;6.4;8.3;12.1;9.4;79;119.2;9.8;9.8;9.9;9.3;9.9;338.8888889;141.6666667;144.4444444;4.4
11860200;7;8;0;0;7.3;8.3;12.4;9.4;78.6;119.2;9.9;9.9;10.1;9.3;9.9;338.8888889;141.6666667;144.4444444;4.4
11861100;6;7;7;27;6.9;8.4;13.5;9.4;74.7;119.2;11.2;11.7;11.5;9.9;9.9;338.8888889;141.6666667;144.4444444;4.4
11862000;5;8;35;139;6;9.1;13.6;11.5;72.3;186.2;10.7;10.7;10.8;10;10.6;344.4444444;191.6666667;191.6666667;5.6
11862900;7;7;0;0;7.8;8.5;14.3;11.6;71.9;191;10.5;10.9;11;9.5;10.6;344.4444444;191.6666667;191.6666667;5.6
11863800;7;8;20;74;7.7;9.5;15.7;11.6;66.4;191;12.1;12.9;12.8;11.3;10.6;344.4444444;191.6666667;191.6666667;5.6
11864700;5;9;43;178;6.3;10.1;15.1;11.6;64.8;191;11.6;11.6;11.7;10.8;10.6;344.4444444;191.6666667;191.6666667;5.6
11865600;5;7;39;114;5.7;8.3;14.4;14.1;67.6;312;10.3;10.2;10.4;9.4;11.3;338.8888889;266.6666667;325;4
11866500;5;7;39;97;5.9;8;14.8;14.1;66.1;312;10.5;10.4;10.6;9.5;11.3;338.8888889;266.6666667;325;4
11867400;5;8;43;94;6.5;8.4;15.3;14.1;64.6;312;10.9;10.8;11.1;10;11.3;338.8888889;266.6666667;325;4
11868300;5;8;34;173;6.2;9;15.9;14.1;61.7;312;11.4;11.4;11.5;10.5;11.3;338.8888889;266.6666667;325;4
11869200;8;10;37;127;8.8;10.9;16.3;14.9;61.2;378.1;13.6;13.5;13.7;12.1;10.1;325;216.6666667;600;4.6
11870100;8;10;37;113;9.1;11.6;16.3;15.3;58.4;411.2;13.9;14;14.1;12.8;10.1;325;216.6666667;600;4.6
11871000;8;11;39;186;8.7;12.4;16.4;12.9;55.5;349.1;14.3;14.4;14.3;13.1;10.1;325;216.6666667;600;4.6
11871900;9;11;33;62;10.1;11.7;15.3;11.3;56.7;307.7;14.3;14.3;14.4;13.1;10.1;325;216.6666667;600;4.6
11872800;12;14;33;93;12.7;14.9;15.6;12.1;54.7;357.4;17.8;17.9;17.8;16.3;13.8;305.5555556;258.3333333;772.2222222;4.9
11873700;13;15;33;87;13.8;15.9;15.7;12.1;52.1;357.4;18;18.1;18.1;16.5;13.8;305.5555556;258.3333333;772.2222222;4.9
11874600;12;16;38;140;13.4;16.4;16.2;12;59.1;371;18.8;18.9;19;17.7;13.8;305.5555556;258.3333333;772.2222222;4.9
11875500;11;16;43;217;12.4;16.6;16.9;11.9;54.4;386.6;18.9;19;19.1;18;13.8;305.5555556;258.3333333;772.2222222;4.9
11876400;12;16;43;200;12.7;16.8;17.3;12.4;50.6;450.2;18.7;19;18.9;17.8;13.8;327.7777778;280.5555556;469.4444444;3.5
11877300;14;17;35;100;15.8;17.7;17.8;12.4;48.9;454.7;20.6;20.8;20.6;19.6;13.8;327.7777778;280.5555556;469.4444444;3.5
11878200;17;20;33;86;18.5;20.6;18.4;11.5;44.6;454.7;22.8;23;22.6;21.6;13.8;327.7777778;280.5555556;469.4444444;3.5
11879100;15;17;33;64;16.5;18.3;16.4;10.5;52.7;454.7;19.6;19.6;19.7;18.7;13.8;327.7777778;280.5555556;469.4444444;3.5
11880000;14;15;30;51;15.1;16.5;16.3;11;54.6;482.3;18.5;18.7;18.6;17.9;13.8;311.1111111;227.7777778;730.5555556;3.6
11880900;14;16;33;81;15.3;17.2;16.6;11.1;56.2;486.5;19.6;19.8;19.8;19;13.8;311.1111111;227.7777778;730.5555556;3.6
11881800;16;19;33;91;17.4;19.7;17;12.3;52.8;486.5;22.3;22.8;22.6;21.6;13.8;311.1111111;227.7777778;730.5555556;3.6
11882700;17;20;33;81;18.3;20.5;17.2;14.1;51.9;486.5;21.7;22;21.9;20.8;13.8;311.1111111;227.7777778;730.5555556;3.6
11883600;15;17;33;74;15.6;17.6;16;14.3;62;439.7;19.9;19.9;19.9;19.3;14.9;330.5555556;216.6666667;463.8888889;3.5
11884500;16;18;33;78;16.9;18.9;17.1;14.3;57.5;428;21.5;21.5;21.5;20.7;14.9;330.5555556;216.6666667;463.8888889;3.5
11885400;16;18;33;75;17.5;19.5;17;14.2;50;428;21.5;21.6;21.6;20.3;14.9;330.5555556;216.6666667;463.8888889;3.5
11886300;16;18;33;73;17.4;19.4;17.6;14.1;46.7;428;21.3;21.4;21.5;20.2;14.9;330.5555556;216.6666667;463.8888889;3.5
11887200;14;16;33;59;15;16.7;15.1;14;63.8;405.9;17.5;17.6;17.8;16.6;13.4;311.1111111;241.6666667;555.5555556;3.1
11888100;9;11;33;54;10.4;11.9;11.4;14;82.6;397.9;13.5;13.5;13.6;13.1;13.4;311.1111111;241.6666667;555.5555556;3.1
11889000;10;12;33;67;11.3;13;13;13.9;81.2;397.9;15.5;15.9;15.8;14.9;13.4;311.1111111;241.6666667;555.5555556;3.1
11889900;13;15;33;68;13.6;15.2;13.7;13.8;80;397.9;17.8;18.3;18.1;16.5;13.4;311.1111111;241.6666667;555.5555556;3.1
11890800;15;17;35;80;15.5;17.2;14.4;13.7;76.1;375.4;19.8;20.1;20;18;13.8;319.4444444;80.55555556;288.8888889;1.7
11891700;12;17;37;223;13;17.7;15;13.7;72.6;364.2;19.7;19.9;19.8;18.5;13.8;319.4444444;80.55555556;288.8888889;1.7
11892600;10;15;43;211;11.6;16.1;15.5;14.4;68.6;364.2;17.9;18.1;17.8;16.6;13.8;319.4444444;80.55555556;288.8888889;1.7
11893500;10;13;43;151;11.2;14.3;15.5;14.9;64.5;364.2;15.9;16;16;14.8;13.8;319.4444444;80.55555556;288.8888889;1.7
11894400;9;11;43;97;10.5;12.4;15.5;14.6;62.2;311.7;14.1;14;14.2;13.2;11.7;344.4444444;94.44444444;105.5555556;1.7
11895300;9;10;9;14;9.9;10.7;12.8;14.4;80.3;285.5;12.1;12.1;12.4;11.5;11.7;344.4444444;94.44444444;105.5555556;1.7
11896200;9;10;13;23;9.6;10.8;12.6;13.5;84.3;285.5;12.3;12.1;12.4;11.6;11.7;344.4444444;94.44444444;105.5555556;1.7
11897100;8;9;9;14;9;10.1;13.1;13.1;86.7;285.5;12;11.8;12;11.5;11.7;344.4444444;94.44444444;105.5555556;1.7
11898000;8;9;12;26;9.2;10.1;13.2;12.7;84.6;216.3;12.4;12.2;12.5;11.7;9.5;350;11.11111111;11.11111111;2.9
11898900;9;9;15;34;9.2;10.5;12.8;12.5;83;181.7;12.1;12;12.2;11.4;9.5;350;11.11111111;11.11111111;2.9
11899800;5;8;25;100;5.9;8.8;11.3;13;81.1;181.7;10.3;10.3;10.5;9.8;9.5;350;11.11111111;11.11111111;2.9
11900700;6;8;0;0;6.6;8.5;10.8;13.2;85.7;181.7;10;9.9;10.1;9.4;9.5;350;11.11111111;11.11111111;2.9
11901600;5;8;0;0;6.6;8.5;10.8;12.7;86.3;116.6;10.3;10.1;10.4;9.8;9.2;336.1111111;16.66666667;16.66666667;2.9
11902500;5;9;0;0;6.6;9.8;10.6;12.5;85.6;84.1;10.6;10.4;10.6;10.1;9.2;336.1111111;16.66666667;16.66666667;2.9
11903400;6;8;3;12;6.5;9.2;10.8;11.6;88;82.9;10.8;10.6;10.9;10.4;9.2;336.1111111;16.66666667;16.66666667;2.9
11904300;4;7;22;75;5.2;8;11;11.1;87.7;82.3;9.6;9.6;9.8;9.1;9.2;336.1111111;16.66666667;16.66666667;2.9
11905200;5;7;0;0;5.6;8;10.9;10.8;85.8;37.5;9.4;9.5;9.7;9;9.1;313.8888889;0;0;2.8
11906100;6;7;1;1;6.5;8;10.7;10.6;86.7;7.6;9.9;9.8;10.2;9.1;9.1;313.8888889;0;0;2.8
11907000;6;7;0;0;6.9;8;10.8;9.6;86.3;7.6;10;10;10.3;9.4;9.1;313.8888889;0;0;2.8
11907900;6;6;0;0;6.9;7.5;10.7;8.9;86.7;7.6;10.4;10;10.5;9.9;9.1;313.8888889;0;0;2.8
11908800;6;6;1;1;6.8;7.1;10.7;8.4;86.1;0;10.4;10;10.5;10.1;8.9;336.1111111;0;0;2.7
11909700;5;8;0;0;6.2;8.5;10.9;8.4;85.5;0;10.3;10.2;10.6;9.7;8.9;336.1111111;0;0;2.7
11910600;6;8;0;0;6.8;8.7;11.1;8.4;85.5;0;10.8;10.4;10.9;10.4;8.9;336.1111111;0;0;2.7
11911500;6;8;0;0;7.4;9.2;11.2;8.4;85.6;0;11;10.4;11;10.8;8.9;336.1111111;0;0;2.7
11912400;6;7;20;66;6.7;8.7;11.5;8.1;85.7;0;10.8;10.2;10.9;10.8;8.7;300;0;0;2.3
11913300;3;7;9;38;4.6;7.7;11.5;8;85.3;0;9.2;8.9;9.3;9;8.7;300;0;0;2.3
11914200;4;7;0;0;4.6;8.1;11.6;8.2;84.9;0;9.5;9.2;9.6;9.1;8.7;300;0;0;2.3
11915100;4.5;7;0.5;1.5;5.25;8.1;11.3;8.8;84.85;0;9.7;9.5;9.75;9.35;8.7;300;0;0;2.3
11916000;5;7;1;3;5.9;8.1;11;9.4;84.8;0;9.9;9.8;9.9;9.6;8.7;311.1111111;0;0;1.3
11916900;6;7;0;0;7.4;8.1;11;9.5;85.5;0;10;9.9;10.2;9.9;8.7;311.1111111;0;0;1.3
11917800;6;7;0;0;7.2;8.1;11.2;9.5;84.3;0;10.6;10.2;10.5;10.3;8.7;311.1111111;0;0;1.3
11918700;6;5;0;0;7.3;7.2;11.1;9.5;83;0;10.8;10.1;10.5;10.6;8.7;311.1111111;0;0;1.3
11919600;6;8;1;2;7;8.4;10.9;9.3;83.4;0;10.5;9.8;10.3;10.6;8.3;297.2222222;0;0;0.9
11920500;5;8;11;40;6.7;8.8;10.7;9.3;84.1;0;10.3;9.6;10.3;10.6;8.3;297.2222222;0;0;0.9
11921400;4;6;17;61;5.3;6.9;10.5;9.3;84.1;0;8.5;8.1;8.6;8.3;8.3;297.2222222;0;0;0.9
11922300;5;6;0;0;6.2;6.6;10.4;9.3;84.1;0;8.5;8.1;8.6;8.2;8.3;297.2222222;0;0;0.9
11923200;5;6;1;0;6.4;7;10.5;9.1;84.1;0;8.7;8.7;9;8.4;8.6;336.1111111;0;0;1.2
11924100;6;7;0;0;6.7;7.6;10.7;9;84.1;0;9.2;8.9;9.2;8.8;8.6;336.1111111;0;0;1.2
11925000;6;6;0;0;6.7;7.3;11.1;9;82.5;0;9.5;9.1;9.5;9.2;8.6;336.1111111;0;0;1.2
11925900;6;5;0;0;6.7;6.6;11.4;9;81.2;0;9.9;9.4;9.8;9.5;8.6;336.1111111;0;0;1.2
11926800;6;5;0;0;7;6.6;11.5;8.4;80.6;0;10.2;9.5;10;10;8.9;330.5555556;0;0;0.6
11927700;6;7;0;0;7.5;7.7;11.5;8.2;79.4;0;10.4;9.7;10.1;10.6;8.9;330.5555556;0;0;0.6
11928600;4;7;30;103;5.4;8.1;11.6;8.1;79.6;0;9.6;9.2;9.5;9.5;8.9;330.5555556;0;0;0.6
11929500;3;7;0;0;4.3;7.5;11.6;8;80.1;0;8.8;8.5;8.7;8.4;8.9;330.5555556;0;0;0.6
11930400;4;7;0;0;4.6;7.6;11.6;7.9;79.6;0;9.1;8.7;9;8.7;8.7;327.7777778;0;0;1.3
11931300;4;5;0;0;5.1;7.2;11.6;7.9;80.1;0;9.4;8.8;9.2;9;8.7;327.7777778;0;0;1.3
11932200;5;7;1;2;5.5;7.7;11.4;8.1;80.4;0;9.5;9.2;9.6;8.9;8.7;327.7777778;0;0;1.3
11933100;5;7;0;0;5.7;8.1;11.4;8.4;80.7;0;9.9;9.4;9.7;9.5;8.7;327.7777778;0;0;1.3
11934000;5;6;0;0;6.3;7.5;11.5;8.2;80.2;0;10.2;9.5;10;9.8;8.6;333.3333333;2.777777778;2.777777778;2.4
11934900;5;5;1;1;6.4;6.8;11.5;8.2;80;0;10.2;9.4;10;10;8.6;333.3333333;2.777777778;2.777777778;2.4
11935800;5;7;0;0;5.7;8.2;11.5;8.4;80.6;0;10;9.5;10;10;8.6;333.3333333;2.777777778;2.777777778;2.4
11936700;4;7;21;79;5.5;8.3;11.5;8.7;80.3;0;9.8;9.1;9.7;9.5;8.6;333.3333333;2.777777778;2.777777778;2.4
11937600;6;6;0;0;6.7;7.1;11.4;8.7;79;0.4;8.9;8.5;8.9;8.6;8.7;336.1111111;25;27.77777778;4.4
11938500;6;6;0;0;6.7;7.1;11.4;8.7;78.5;0.6;9.2;8.9;9.1;8.9;8.7;336.1111111;25;27.77777778;4.4
11939400;6;6;0;0;6.7;7.1;11.5;8.7;77.9;0.6;9.5;9.4;9.5;9.2;8.7;336.1111111;25;27.77777778;4.4
11940300;6;6;1;0;6.5;7.3;11.6;8.7;78;0.6;9.7;9.6;9.7;9.4;8.7;336.1111111;25;27.77777778;4.4
11941200;6;7;0;0;7.2;7.9;11.8;8.8;78.6;29.7;10;9.7;9.9;9.7;9.3;305.5555556;119.4444444;152.7777778;5.4
11942100;5;7;11;49;6.3;7.8;12.2;8.8;78.7;40.3;10.2;9.9;10.1;9.8;9.3;305.5555556;119.4444444;152.7777778;5.4
11943000;7;7;0;0;7.8;8.1;12.6;8.8;77.6;40.3;10;9.7;10;9.4;9.3;305.5555556;119.4444444;152.7777778;5.4
11943900;6;7;24;76;6.4;8.1;12.9;8.8;75.2;40.3;10.1;10;10.3;9.5;9.3;305.5555556;119.4444444;152.7777778;5.4
11944800;3;7;6;23;4.2;8.4;12.7;9.1;74.4;106.3;9.3;9.2;9.4;8.7;10.5;305.5555556;225;394.4444444;5.5
11945700;4;7;0;0;4.8;8.1;12.8;9.2;73.6;130.3;9.8;9.7;9.9;9;10.5;305.5555556;225;394.4444444;5.5
11946600;4;7;0;0;5;8.1;13.3;9.2;72.2;132.5;11.1;10.9;11.4;9.3;10.5;305.5555556;225;394.4444444;5.5
11947500;6;10;42;183;7.2;10.8;14.5;9.2;69;136.9;13.3;13.2;13.7;12.4;10.5;305.5555556;225;394.4444444;5.5
11948400;7;9;36;94;7.8;10;15.2;9.8;66.5;232.2;11.9;11.8;12;10.8;10.6;336.1111111;213.8888889;250;5.2
11949300;8;10;33;76;8.8;10.7;16.1;10;63.2;266.9;13.6;13.5;13.7;12.2;10.6;336.1111111;213.8888889;250;5.2
11950200;8;10;33;73;9.5;11.4;14.2;10.1;79.9;266.9;13;13.1;13.2;12;10.6;336.1111111;213.8888889;250;5.2
11951100;7;9;33;68;7.8;9.6;11.9;10.2;90;266.9;11.3;11.3;11.5;10.7;10.6;336.1111111;213.8888889;250;5.2
11952000;6;8;33;69;7.2;9.2;12.1;10.9;91.3;346.1;11.3;11.3;11.5;10.7;11.7;322.2222222;358.3333333;516.6666667;4.3
11952900;7;9;33;72;7.9;9.6;12.8;11.1;91.4;374.9;12.1;12.1;12.3;11.2;11.7;322.2222222;358.3333333;516.6666667;4.3
11953800;7;9;33;73;8.3;10.2;13.6;11.2;90.2;374.9;12.7;12.6;12.8;11.7;11.7;322.2222222;358.3333333;516.6666667;4.3
11954700;8;11;33;77;9.3;11.3;13.5;11.5;88.8;374.9;13.8;13.8;13.9;12.6;11.7;322.2222222;358.3333333;516.6666667;4.3
11955600;10;12;33;84;10.6;12.7;13.2;12.1;88.5;415.7;15.6;15.7;15.8;14.2;12.5;297.2222222;205.5555556;736.1111111;4.8
11956500;12;15;33;96;13.3;15.7;13.2;12.4;87.8;436.1;18.7;18.9;18.8;16.7;12.5;297.2222222;205.5555556;736.1111111;4.8
11957400;15;17;33;102;15.6;18.2;13.3;12.4;87.2;436.1;20.6;20.9;20.7;18.8;12.5;297.2222222;205.5555556;736.1111111;4.8
11958300;15;18;33;100;16.1;18.7;13.7;12.4;86.3;436.1;21.2;21.4;21.3;19.7;12.5;297.2222222;205.5555556;736.1111111;4.8
11959200;15;18;39;171;15.6;19.2;14.5;12.9;86;458.4;21.4;21.5;21.5;20.3;14.1;291.6666667;172.2222222;836.1111111;6.1
11960100;15;19;39;148;16.2;19.5;15.1;13.2;82.8;469.5;21.9;22.1;21.9;20.9;14.1;291.6666667;172.2222222;836.1111111;6.1
11961000;18;20;30;77;19.2;21;15.6;12.8;64.1;458.8;23.6;23.9;23.8;22.8;14.1;291.6666667;172.2222222;836.1111111;6.1
11961900;18;21;33;108;19.7;22.4;16.5;12.6;48.1;453.5;24.3;24.6;24.5;23.4;14.1;291.6666667;172.2222222;836.1111111;6.1
11962800;16;21;42;225;17;21.8;16.4;13.1;46.1;506.2;23.3;23.6;23.4;22.7;14.4;288.8888889;144.4444444;788.8888889;7.2
11963700;14;18;43;218;15;19.6;16.4;13.3;47.8;532.5;21;21.3;21.2;20.4;14.4;288.8888889;144.4444444;788.8888889;7.2
11964600;13;17;43;190;14.3;18.2;16.4;13.2;45.3;532.5;20.3;20.4;20.4;19.5;14.4;288.8888889;144.4444444;788.8888889;7.2
11965500;12;18;33;292;12.2;18.7;16.8;13.2;43.7;532.5;21;21;20.9;20.1;14.4;288.8888889;144.4444444;788.8888889;7.2
11966400;16;19;27;81;17.3;19.5;17.2;13.6;42.4;544.7;22.1;22.4;22.2;21;15.5;291.6666667;136.1111111;888.8888889;6.5
11967300;19;21;33;70;20.2;21.9;17.6;13.8;40;550.8;24.6;24.9;24.7;23.6;15.5;291.6666667;136.1111111;888.8888889;6.5
11968200;21;23;33;70;22.3;24;17.9;14.5;39;550.8;26.4;26.9;26.7;25.7;15.5;291.6666667;136.1111111;888.8888889;6.5
11969100;22;24;27;69;23.1;25.2;18;14.8;38.5;550.8;27.1;27.7;27.4;26.6;15.5;291.6666667;136.1111111;888.8888889;6.5
11970000;21;24;30;67;22.8;24.5;18.1;14.9;38.1;505.4;26.5;26.8;26.8;25.9;16;300;161.1111111;716.6666667;4.8
11970900;22;24;29;69;22.9;24.9;18.4;14.9;36.7;482.7;27.2;27.5;27.5;26.5;16;300;161.1111111;716.6666667;4.8
11971800;22;25;21;69;23.3;26.1;18.9;14.7;35.8;482.7;28.6;29;28.9;27.7;16;300;161.1111111;716.6666667;4.8
11972700;22;27;14;68;23.3;27.4;19.2;14.6;36.5;482.7;30;30.4;30.3;28.5;16;300;161.1111111;716.6666667;4.8
11973600;22;27;13;76;22.9;27.7;19.1;14.6;35.8;432.7;29.8;30.2;30.1;28.4;14.4;313.8888889;250;458.3333333;3
11974500;22;26;16;72;22.8;27;19.4;14.6;37.2;432.7;28.5;28.9;28.7;27.3;14.4;313.8888889;250;458.3333333;3
11975400;19;24;28;200;20.2;25.2;19.2;15.1;43.3;432.7;26.5;26.9;26.5;25.3;14.4;313.8888889;250;458.3333333;3
11976300;11;19;43;346;12.6;19.8;18;15.6;45.1;432.7;20.7;20.8;20.4;20;14.4;313.8888889;250;458.3333333;3
11977200;10;15;43;213;11.6;16;17.5;15.1;45.9;368.5;17.6;17.7;17.6;16.7;13.6;308.3333333;244.4444444;344.4444444;3.2
11978100;10;13;43;170;10.9;14.4;17.5;15.1;45.9;363.9;16.1;16.2;16.2;15.2;13.6;308.3333333;244.4444444;344.4444444;3.2
11979000;9;12;43;136;10.5;13.2;16.8;15.3;47.4;363.9;14.9;15;15;14.2;13.6;308.3333333;244.4444444;344.4444444;3.2
11979900;9;12;43;129;10.1;12.7;17;15.7;46.8;363.9;14.7;14.7;14.8;13.9;13.6;308.3333333;244.4444444;344.4444444;3.2
11980800;9;11;35;97;10.1;12.6;17.2;15.2;45.9;282.7;14.4;14.4;14.5;13.6;13.3;325;169.4444444;205.5555556;2.4
11981700;9;12;37;107;10.2;12.6;17.3;15.1;46;262.4;14.5;14.6;14.7;13.8;13.3;325;169.4444444;205.5555556;2.4
11982600;9;11;38;103;10.1;12.2;17.6;14.6;46;262.4;14.2;14.2;14.3;13.5;13.3;325;169.4444444;205.5555556;2.4
11983500;9;11;43;139;9.4;12.2;18.6;14;41.3;262.4;14.2;14.2;14.3;13.5;13.3;325;169.4444444;205.5555556;2.4
11984400;9;11;43;89;9.7;11.6;16.5;13.5;46.8;196.8;13.4;13.3;13.5;12.6;12.9;325;88.88888889;138.8888889;1.5
11985300;8;10;43;76;9.7;11.2;16.2;13.3;48.1;173;13;12.9;13.2;12.3;12.9;325;88.88888889;138.8888889;1.5
11986200;8;10;43;83;9.7;11.2;16.6;13.2;47.8;173;13.1;13.1;13.3;12.4;12.9;325;88.88888889;138.8888889;1.5
11987100;8;10;43;80;9.7;11.2;16.3;13;47.6;173;13.1;13;13.2;12.4;12.9;325;88.88888889;138.8888889;1.5
11988000;8;10;43;75;9.7;11.1;15.7;12.7;47.6;117.6;12.9;12.8;13.1;12.2;11.7;280.5555556;11.11111111;19.44444444;2.3
11988900;8;10;36;59;9.4;10.7;14.8;12.5;50.1;80.7;12.4;12.2;12.6;11.8;11.7;280.5555556;11.11111111;19.44444444;2.3
11989800;6;9;39;97;7.5;9.6;14.1;12.6;51.8;81.8;11.3;11.1;11.4;10.7;11.7;280.5555556;11.11111111;19.44444444;2.3
11990700;7;7;34;23;7.8;8.5;13.5;12.7;54.6;82.5;10.3;10.1;10.5;9.6;11.7;280.5555556;11.11111111;19.44444444;2.3
11991600;7;7;0;0;8;8.2;13.1;12.1;56.8;8.3;10.7;10.6;11;9.7;10.5;280.5555556;0;0;1.6
11992500;7;8;0;0;8.4;8.6;12.7;12.1;58.1;8.3;10.9;10.7;11.3;10;10.5;280.5555556;0;0;1.6
11993400;8;8;0;0;8.5;8.8;12.3;12.2;60.8;8.3;11;10.8;11.3;10.2;10.5;280.5555556;0;0;1.6
11994300;8;8;0;0;8.8;9.2;11.8;12.3;63.6;8.3;11.1;10.8;11.3;10.4;10.5;280.5555556;0;0;1.6
11995200;8;8;0;0;9;9.6;11.6;11.6;65.1;0.6;11.2;11;11.4;10.5;9.8;297.2222222;0;0;2
11996100;8;9;0;0;9.1;9.7;11.9;11.6;63.4;0;11.3;11.4;11.6;10.5;9.8;297.2222222;0;0;2
11997000;8;10;0;0;9.5;10.9;12;11.3;62.2;0;11.4;11.7;11.9;10.5;9.8;297.2222222;0;0;2
11997900;8;11;0;0;9.5;12.2;12.1;11;61.8;0;11.7;11.9;12.1;10.5;9.8;297.2222222;0;0;2
11998800;7;9;29;70;8;10.3;12.1;10.6;62.2;0;11.3;11;11.4;10.7;10.2;336.1111111;0;0;1.6
11999700;6;7;38;48;7;8.1;12.4;10.5;62.3;0;9.7;9.6;10;9.4;10.2;336.1111111;0;0;1.6
12000600;7;7;6;0;8;7.7;12.7;10.5;63;0;10.3;10.2;10.5;9.2;10.2;336.1111111;0;0;1.6
12001500;7;6;3;0;8.05;7.6;12.6;10.15;63.05;0;10.7;10.45;10.8;9.35;10.2;336.1111111;0;0;1.6
12002400;7;5;0;0;8.1;7.5;12.5;9.8;63.1;0;11.1;10.7;11.1;9.5;10.1;333.3333333;0;0;1.9
12003300;7;5;0;0;8.5;7.2;12.4;9.5;63.4;0;11.4;10.9;11.4;9.7;10.1;333.3333333;0;0;1.9
12004200;5;7;32;117;6.5;8.4;12.5;9.5;63.8;0;11.1;10.7;11.1;10.2;10.1;333.3333333;0;0;1.9
12005100;3;7;5;16;4.4;7.8;12.5;9.5;63.6;0;9.7;9.6;9.8;9.2;10.1;333.3333333;0;0;1.9
12006000;4;9;0;0;4.6;9.3;12.5;9.4;63.7;0;10;10;10.2;9.5;9.5;311.1111111;0;0;2.1
12006900;4;9;0;0;5;9.6;12.3;9.3;64.4;0;10.3;10.6;10.6;9.8;9.5;311.1111111;0;0;2.1
12007800;4;8;12;38;5.7;9;11.8;9.3;66.2;0;10.5;10.8;10.7;10;9.5;311.1111111;0;0;2.1
12008700;4;7;17;64;4.6;7.7;11.8;9.3;67.2;0;9.2;9.1;9.3;8.9;9.5;311.1111111;0;0;2.1
12009600;4;7;0;0;5;7.7;11.9;9.1;66.3;0;9.4;9.2;9.5;8.9;9.1;311.1111111;0;0;1.6
12010500;4;7;0;0;5.1;7.7;11.9;9;66.4;0;9.7;9.4;9.7;9.3;9.1;311.1111111;0;0;1.6
12011400;5;7;0;0;5.3;8;11.9;9;67;0;10;9.7;10;9.6;9.1;311.1111111;0;0;1.6
12012300;5;7;0;0;5.7;8.2;11.5;9;68.4;0;10.3;10.1;10.3;9.9;9.1;311.1111111;0;0;1.6
12013200;5;7;18;67;5.8;7.9;11.6;9.5;68.8;0;10.4;10.2;10.4;10;8.3;291.6666667;0;0;2.1
12014100;4;8;7;22;5;8.4;11.6;9.7;68.8;0;9.2;9;9.3;8.7;8.3;291.6666667;0;0;2.1
12015000;5;8;0;0;5.7;8.8;11.2;9.6;69.3;0;9.5;9.2;9.5;9;8.3;291.6666667;0;0;2.1
12015900;5;7;0;0;5.7;8.4;10.7;9.4;71.5;0;9.8;9.2;9.5;9.3;8.3;291.6666667;0;0;2.1
12016800;5;7;0;0;6.1;8.3;10.6;9.2;72.8;0;10;9.5;9.6;9.6;8.4;325;0;0;2.6
12017700;6;7;2;4;6.9;8.3;10.8;9.1;72.8;0;9.7;9.5;9.8;9.5;8.4;325;0;0;2.6
12018600;6;7;0;0;7.2;8.1;11;9;72.6;0;10.3;9.4;10;10.1;8.4;325;0;0;2.6
12019500;7;6;0;0;7.7;7.5;11.3;8.9;71.5;0;10.8;9.6;10.4;10.4;8.4;325;0;0;2.6
12020400;7;5;6;6;8;6.5;11.3;8.8;71.5;0;10.9;9.7;10.4;10.7;8.1;316.6666667;11.11111111;11.11111111;3.1
12021300;3;7;24;88;4.2;7.3;11.3;8.7;70.8;0;9;8.8;9;8.7;8.1;316.6666667;11.11111111;11.11111111;3.1
12022200;3;7;0;0;4.3;7.5;11.2;8.5;71.1;0;8.8;8.6;8.8;8.5;8.1;316.6666667;11.11111111;11.11111111;3.1
12023100;4;7;0;0;4.7;8.8;11;8.1;73.2;0;9.1;8.8;9.1;8.8;8.1;316.6666667;11.11111111;11.11111111;3.1
12024000;4;7;1;4;5.3;8.3;10.8;8.1;74.9;0.4;9.4;9;9.4;8.9;8.7;311.1111111;91.66666667;111.1111111;4.2
12024900;5;7;0;0;6;8.3;10.9;8.1;74.4;0.6;9.6;9.3;9.7;9.3;8.7;311.1111111;91.66666667;111.1111111;4.2
12025800;5;7;0;0;6.1;7.8;11.3;8.2;72.4;0.6;10.1;9.5;10;9.8;8.7;311.1111111;91.66666667;111.1111111;4.2
12026700;6;6;0;0;6.6;7.1;11.9;8.3;69.9;0.6;10.8;9.9;10.6;10.1;8.7;311.1111111;91.66666667;111.1111111;4.2
12027600;6;6;17;61;6.7;7.4;12.6;8.5;68.5;40.7;11.5;10.7;11.5;10.7;9.2;333.3333333;147.2222222;166.6666667;4.6
12028500;7;8;6;32;7.9;8.9;12.8;8.5;66.7;40.7;10.6;10.4;10.8;10.2;9.2;333.3333333;147.2222222;166.6666667;4.6
12029400;5;8;32;106;6.4;8.6;12.5;8.4;67.5;40.7;10.5;10.4;10.8;10;9.2;333.3333333;147.2222222;166.6666667;4.6
12030300;3;7;7;27;4.4;7.4;13.1;8.3;66.2;40.7;9.4;9.4;9.5;8.8;9.2;333.3333333;147.2222222;166.6666667;4.6
12031200;4;8;0;0;5;8.2;13.6;8.6;65.1;115.2;9.9;10;10.1;9;10.2;338.8888889;241.6666667;283.3333333;3.8
12032100;4;8;0;0;5.1;8.8;14.2;8.6;62.9;120.5;10.9;11;11.2;9.4;10.2;338.8888889;241.6666667;283.3333333;3.8
12033000;5;9;43;179;6.2;9.9;14.4;8.8;61.4;120.5;11.9;11.9;12.1;11.4;10.2;338.8888889;241.6666667;283.3333333;3.8
12033900;5;8;29;113;6.4;8.8;14.6;9;61.4;120.5;11;11;11;10;10.2;338.8888889;241.6666667;283.3333333;3.8
12034800;8;9;27;60;8.7;10.1;15.2;9.6;59.2;196.6;12.7;12.9;13.1;11.7;11.5;338.8888889;325;363.8888889;3.1
12035700;8;10;39;107;8.7;10.8;15.6;9.7;58.6;208.3;13.1;13.2;13.2;12.1;11.5;338.8888889;325;363.8888889;3.1
12036600;8;10;43;87;9.1;10.8;16;9.8;56.9;210.6;12.9;12.9;13.1;12.1;11.5;338.8888889;325;363.8888889;3.1
12037500;8;11;38;99;9.1;11.3;16.2;10;55.6;214;13.7;13.7;13.8;12.8;11.5;338.8888889;325;363.8888889;3.1
12038400;6;10;43;191;7.4;11.3;16.4;10.6;55.3;279.8;13;12.9;13;12.2;12.5;325;347.2222222;555.5555556;2.3
12039300;7;9;40;128;7.3;10.3;16.5;10.8;54.5;296.2;12.4;12.4;12.4;11.4;12.5;325;347.2222222;555.5555556;2.3
12040200;7;9;39;108;7.6;10.3;15.9;10.9;55.3;296.2;12.3;12.3;12.4;11.4;12.5;325;347.2222222;555.5555556;2.3
12041100;8;10;42;100;8.6;10.6;16.2;11;55.4;296.2;13;13;13.2;12.1;12.5;325;347.2222222;555.5555556;2.3
12042000;8;12;41;172;8.9;12.4;16.9;11.6;51.9;350;15.4;15.2;15.2;14.1;13;322.2222222;313.8888889;491.6666667;3.4
12042900;13;15;31;79;14.1;15.9;17.4;11.9;49;376.9;19.1;19;18.9;17.3;13;322.2222222;313.8888889;491.6666667;3.4
12043800;14;17;33;94;15.2;17.8;17.3;11.9;49.2;376.9;19.5;19.7;19.6;18.1;13;322.2222222;313.8888889;491.6666667;3.4
12044700;13;15;33;86;13.8;16.2;16.3;11.9;51.6;376.9;17.8;17.8;17.9;17;13;322.2222222;313.8888889;491.6666667;3.4
12045600;12;15;33;89;13.6;15.6;16.4;12.4;51.9;402.6;18;18;18;17.3;13.8;316.6666667;263.8888889;819.4444444;3
12046500;14;17;33;98;15.5;17.9;17.1;12.7;50.4;415.4;20.8;20.6;20.7;19.6;13.8;316.6666667;263.8888889;819.4444444;3
12047400;14;17;38;148;14.9;18.3;16.9;12.9;47.7;435.1;20.2;20;20.1;18.9;13.8;316.6666667;263.8888889;819.4444444;3
12048300;11;16;43;214;12.5;17;17.5;13.5;47.1;489.4;18.9;18.8;18.8;18.1;13.8;316.6666667;263.8888889;819.4444444;3
12049200;10;14;43;182;11.6;15.3;17.7;14;45.9;528.3;16.9;16.9;17;16;14;333.3333333;255.5555556;497.2222222;2.6
12050100;11;13;35;91;11.9;13.8;17.4;14.3;46;547.8;15.8;15.8;15.9;14.8;14;333.3333333;255.5555556;497.2222222;2.6
12051000;11;13;40;78;11.7;13.8;17.6;14.1;46.4;547.8;15.6;15.6;15.8;14.8;14;333.3333333;255.5555556;497.2222222;2.6
12051900;9;12;43;149;10.1;13.2;17.6;13.8;45;547.8;15.2;15.1;15.3;14.4;14;333.3333333;255.5555556;497.2222222;2.6
12052800;9;13;38;190;9.5;13.6;18.5;14.2;43.7;560.7;16.2;16.2;16.1;15.5;14.8;350;291.6666667;347.2222222;2.2
12053700;10;16;43;261;11.1;16.5;19.2;14.4;38.8;567.2;18.7;18.9;18.6;17.6;14.8;350;291.6666667;347.2222222;2.2
12054600;10;14;43;186;11.2;15;19;14.4;40.7;567.2;16.7;16.8;16.8;15.6;14.8;350;291.6666667;347.2222222;2.2
12055500;9;12;43;146;10.6;13.6;19;14.3;40.5;567.2;15.3;15.3;15.4;14.5;14.8;350;291.6666667;347.2222222;2.2
12056400;9;13;43;163;10.5;13.5;19.5;14.7;38.2;533.1;15.9;15.9;16;15.1;14.6;344.4444444;272.2222222;322.2222222;2.8
12057300;10;14;43;199;10.7;14.9;18.9;14.9;40.5;516.1;16.9;17;17;15.9;14.6;344.4444444;272.2222222;322.2222222;2.8
12058200;10;12;43;137;10.7;13.5;18.6;14.8;43.2;516.1;15.2;15.2;15.3;14.2;14.6;344.4444444;272.2222222;322.2222222;2.8
12059100;9;11;43;104;10.1;12.3;18.2;14.6;45.7;516.1;14;14;14.2;13.2;14.6;344.4444444;272.2222222;322.2222222;2.8
12060000;9;11;43;109;10;11.8;19;15;44.5;467.7;14.1;14.1;14.2;13.3;15.6;327.7777778;180.5555556;416.6666667;2.7
12060900;9;12;43;123;10;12.2;19.2;15.1;43.1;460.3;14.7;14.7;14.8;13.8;15.6;327.7777778;180.5555556;416.6666667;2.7
12061800;10;13;35;145;10.6;13.9;19.3;15.2;43.8;460.3;16.6;16.4;16.5;15.5;15.6;327.7777778;180.5555556;416.6666667;2.7
12062700;13;14;33;54;13.8;15.1;18.6;15.3;45.2;460.3;17.5;17.7;17.6;16.2;15.6;327.7777778;180.5555556;416.6666667;2.7
12063600;11;15;37;212;11.4;15.5;18.1;15.6;47;429.2;17.5;17.6;17.6;16.6;15;333.3333333;205.5555556;236.1111111;1.8
12064500;10;13;43;151;11;13.9;18.4;15.6;46.3;427;15.9;16;16;15;15;333.3333333;205.5555556;236.1111111;1.8
12065400;10;12;43;140;10.8;13.5;18.7;15.2;45.5;427;15.4;15.4;15.5;14.5;15;333.3333333;205.5555556;236.1111111;1.8
12066300;10;13;36;116;10.7;13.5;19.7;14.9;43.4;427;16;16.1;16.1;15.1;15;333.3333333;205.5555556;236.1111111;1.8
12067200;11;13;34;103;12;14.3;19.8;14.9;38.5;316.1;16.5;16.6;16.6;15.5;15.1;316.6666667;152.7777778;163.8888889;2.4
12068100;10;13;43;180;10.3;13.8;19.3;14.9;40.7;308.2;15.7;15.7;15.8;14.8;15.1;316.6666667;152.7777778;163.8888889;2.4
12069000;9;12;43;125;10.8;13.1;19.3;15.3;40.8;308.2;15;15;15.1;14.1;15.1;316.6666667;152.7777778;163.8888889;2.4
12069900;9;12;43;109;10.3;12.6;19.2;15.6;42;308.2;14.5;14.4;14.6;13.6;15.1;316.6666667;152.7777778;163.8888889;2.4
12070800;9;11;43;98;10.3;12.3;18.4;15.2;43.1;193.4;14.1;14;14.2;13.3;14.5;330.5555556;55.55555556;55.55555556;2.9
12071700;9;11;35;69;10.3;11.8;18;15.2;45.7;185.2;13.7;13.7;13.9;13;14.5;330.5555556;55.55555556;55.55555556;2.9
12072600;8;11;39;105;9.4;11.7;17.5;14.9;45.4;185.2;13.5;13.4;13.6;12.8;14.5;330.5555556;55.55555556;55.55555556;2.9
12073500;9;10;41;75;9.5;11.1;17.3;14.6;47.3;185.2;12.9;12.9;13.1;12.2;14.5;330.5555556;55.55555556;55.55555556;2.9
12074400;8;10;43;60;9.4;10.8;16.9;14;46.7;92.1;12.7;12.6;12.9;12;14;327.7777778;8.333333333;8.333333333;2.5
12075300;8;10;38;52;9.4;10.8;16.4;14;45.7;85.5;12.6;12.5;12.8;11.9;14;327.7777778;8.333333333;8.333333333;2.5
12076200;8;10;0;0;9.4;10.8;16;14.2;47.3;85.7;12.9;12.9;13.2;11.9;14;327.7777778;8.333333333;8.333333333;2.5
12077100;9;10;23;61;9.2;11;15.8;14.4;48;85.9;13.1;12.9;13.3;12.3;14;327.7777778;8.333333333;8.333333333;2.5
12078000;9;10;0;0;9.6;10.8;15.4;13.8;49.4;16.6;12.7;12.5;12.8;11.9;13.2;330.5555556;0;0;2.8
12078900;8;10;18;44;9.5;10.8;15.2;13.8;51.4;11.7;12.9;12.6;13;12.2;13.2;330.5555556;0;0;2.8
12079800;6;9;39;97;7.5;9.7;14.7;13.8;54.9;11.7;11.3;11.1;11.4;10.8;13.2;330.5555556;0;0;2.8
12080700;7;7;31;18;8.2;8.4;14.4;13.9;56.7;11.7;10.4;10.1;10.5;9.7;13.2;330.5555556;0;0;2.8
12081600;7;7;0;0;8.6;8.3;14.2;13.3;58.1;1.6;10.9;10.6;11.1;9.8;12.7;336.1111111;0;0;2.8
12082500;8;8;0;0;8.6;8.5;14.3;13.2;58.2;0;11.3;10.9;11.3;10;12.7;336.1111111;0;0;2.8
12083400;8;9;0;0;8.6;9.6;14.3;13.3;59.3;0;11.6;11;11.6;10.3;12.7;336.1111111;0;0;2.8
12084300;8;11;0;0;9;11.3;14.3;13.4;60.7;0;11.8;11.2;11.8;10.4;12.7;336.1111111;0;0;2.8
12085200;8;10;0;0;9.1;11.3;13.9;12.9;61.1;0;11.9;11.4;11.9;10.5;12.4;319.4444444;0;0;2.6
12086100;8;10;0;0;9.3;11.1;13.8;12.8;63;0;12;11.6;12;10.8;12.4;319.4444444;0;0;2.6
12087000;8;10;0;0;9.6;10.8;13.6;12.8;63.3;0;12.1;11.8;12.1;11;12.4;319.4444444;0;0;2.6
12087900;8.5;10;0;0;9.75;10.9;13.3;11.35;64.1;0;12.15;12;12.15;11.05;12.4;319.4444444;0;0;2.6
12088800;9;10;0;0;9.9;11;13;9.9;64.9;0;12.2;12.2;12.2;11.1;11.1;316.6666667;0;0;3.1
12089700;9;10;11;17;9.6;11.1;12.9;9.5;65.5;0;12.1;12.1;11.9;11.3;11.1;316.6666667;0;0;3.1
12090600;6;8;36;82;7.1;9;12.8;9.5;66.3;0;10.7;10.3;10.7;10.4;11.1;316.6666667;0;0;3.1
12091500;7;7;18;0;8.2;7.8;12.7;9.5;66.9;0;9.9;9.8;10.1;9.2;11.1;316.6666667;0;0;3.1
12092400;7;9;0;0;8.2;9.4;12.7;9.3;67;0;10.3;10;10.4;9.4;10.7;319.4444444;0;0;2.9
12093300;7;9;0;0;8.2;10.2;12.6;9.3;66.6;0;10.4;10.2;10.7;9.4;10.7;319.4444444;0;0;2.9
12094200;7;8;0;0;7.9;9.1;12.5;9.3;68.1;0;10.6;10.2;10.7;9.9;10.7;319.4444444;0;0;2.9
12095100;7;8;0;0;8;8.8;12.4;9.3;68.2;0;10.7;10.2;10.7;10;10.7;319.4444444;0;0;2.9
12096000;8;6;0;0;8.2;8.7;12.5;9;67.7;0;10.9;10.3;11;10.1;11.1;322.2222222;0;0;3.2
12096900;8;6;0;0;8.7;8.3;12.6;9;67.2;0;11.1;10.3;11.3;10.2;11.1;322.2222222;0;0;3.2
12097800;8;6;0;0;8.7;8.3;12.7;9;67.2;0;11.3;10.5;11.6;10.2;11.1;322.2222222;0;0;3.2
12098700;4;8;30;108;5.5;8.4;12.7;9;67.3;0;10.3;9.7;10.1;10;11.1;322.2222222;0;0;3.2
12099600;4;7;0;0;5.1;8.3;12.8;10.2;66.5;0;9.7;9.3;9.7;9.6;11;316.6666667;0;0;4.1
12100500;5;8;0;0;5.5;9;12.8;10.4;65.9;0;10.1;9.5;10;10;11;316.6666667;0;0;4.1
12101400;5;8;0;0;5.8;9.1;12.8;10.5;65.4;0;10.4;9.8;10.3;10.3;11;316.6666667;0;0;4.1
12102300;5;8;0;0;6.1;8.6;12.8;10.7;64.8;0;10.7;10.3;10.5;10.7;11;316.6666667;0;0;4.1
12103200;5;8;28;112;5.6;8.6;13;10.7;63.1;0;10.6;10.1;10.5;10.3;11.2;311.1111111;0;0;3.4
12104100;4;7;0;0;4.5;8;13;10.7;62.8;0;9.9;9.7;10;9.4;11.2;311.1111111;0;0;3.4
12105000;4;6;0;0;4.9;8;12.9;10.8;62.6;0;10.3;10.1;10.4;9.7;11.2;311.1111111;0;0;3.4
12105900;4;6;0;0;5.3;8;12.9;11;63;0;10.6;10.7;10.7;10;11.2;311.1111111;0;0;3.4
12106800;4;6;10;33;5.7;8.2;12.8;10.8;62.8;0;10.9;11.1;11.1;10.4;11;305.5555556;11.11111111;11.11111111;4.4
12107700;4;7;19;74;5;8.3;12.8;10.8;62.9;0;9.9;9.7;10;9.5;11;305.5555556;11.11111111;11.11111111;4.4
12108600;4;7;0;0;5.1;8.2;12.7;10.8;62.6;0;10;9.8;10.1;9.4;11;305.5555556;11.11111111;11.11111111;4.4
12109500;5;8;0;0;5.5;9;12.7;10.8;62.7;0;10.3;10;10.4;9.8;11;305.5555556;11.11111111;11.11111111;4.4
12110400;5;7;0;0;5.5;8.7;12.7;10.7;62.5;1;10.6;10.4;10.7;10.1;11.6;336.1111111;50;50;3.4
12111300;4;7;29;117;5.4;8.6;12.9;10.7;62.3;1.2;10.7;10.4;10.7;10.2;11.6;336.1111111;50;50;3.4
12112200;4;7;1;3;4.8;8;13.3;10.9;61;1.2;9.9;9.8;10;9.3;11.6;336.1111111;50;50;3.4
12113100;4;7;0;0;5.3;8;13.9;11.1;58.6;1.2;10.3;10.1;10.3;9.7;11.6;336.1111111;50;50;3.4
12114000;5;7;1;2;5.8;8;14;11.4;58.3;38.9;11;10.7;11.1;10;12.7;355.5555556;72.22222222;72.22222222;3.1
12114900;5;8;27;114;6.3;9;14.4;11.5;56.5;48.3;11.7;11.5;11.8;10.8;12.7;355.5555556;72.22222222;72.22222222;3.1
12115800;8;8;0;0;8.6;9;14.7;11.5;54.9;48.3;11.2;11.3;11.6;10.4;12.7;355.5555556;72.22222222;72.22222222;3.1
12116700;7;8;17;61;8.4;9.5;14.9;11.5;53.7;48.3;12.1;12.4;12.5;11.3;12.7;355.5555556;72.22222222;72.22222222;3.1
12117600;5;8;43;176;6;9.6;15.5;12.1;52.4;105.3;11.3;11.2;11.4;10.7;13.6;341.6666667;147.2222222;147.2222222;5.2
12118500;5;8;40;121;6;9;16.2;12.3;51.4;119.6;10.9;10.8;10.9;9.9;13.6;341.6666667;147.2222222;147.2222222;5.2
12119400;6;8;39;104;6.5;9;16.5;12.4;49.7;117.7;11.3;11.2;11.3;10.3;13.6;341.6666667;147.2222222;147.2222222;5.2
12120300;6;9;43;115;7.1;9.5;16.9;12.5;50.2;114.9;11.8;11.7;11.9;10.9;13.6;341.6666667;147.2222222;147.2222222;5.2
12121200;5;8;41;143;6.2;9.5;17.4;13.2;48.9;155.4;11.3;11.2;11.3;10.5;14.3;341.6666667;119.4444444;119.4444444;3.9
12122100;6;9;40;102;7.2;9.5;17.4;13.3;48.3;161.6;11.7;11.6;11.7;10.8;14.3;341.6666667;119.4444444;119.4444444;3.9
12123000;8;9;25;48;8.7;10;17.6;13.4;48.8;161.6;12.3;12.3;12.4;11.4;14.3;341.6666667;119.4444444;119.4444444;3.9
12123900;8;9;0;0;9;10;17.4;13.5;48.6;161.6;12.9;13;13.1;11.6;14.3;341.6666667;119.4444444;119.4444444;3.9
12124800;8;10;40;114;9.2;11.5;17.5;14;48.4;216.3;13.7;13.7;13.9;13.1;14.6;350;83.33333333;83.33333333;4.9
12125700;8;10;39;93;9.4;11.5;17.4;14.2;48.3;236.2;13.4;13.3;13.6;12.7;14.6;350;83.33333333;83.33333333;4.9
12126600;6;10;43;183;7;10.7;17.5;14.2;48.8;236.2;12.4;12.2;12.4;11.8;14.6;350;83.33333333;83.33333333;4.9
12127500;6;9;39;114;6.8;9.6;17.6;14.3;48.5;236.2;11.6;11.4;11.6;10.7;14.6;350;83.33333333;83.33333333;4.9
12128400;6;8;39;100;6.9;9.5;17.5;14.8;48.5;315.8;11.4;11.3;11.5;10.5;15.3;355.5555556;113.8888889;113.8888889;5.5
12129300;7;9;42;93;8;9.9;17.4;14.9;47;328.1;12.4;12.3;12.6;11.5;15.3;355.5555556;113.8888889;113.8888889;5.5
12130200;7;10;36;107;8.3;10.5;17.4;14.9;47.7;328.1;12.7;12.5;12.7;11.9;15.3;355.5555556;113.8888889;113.8888889;5.5
12131100;9;11;33;78;9.4;11.4;17.5;14.9;48.1;328.1;14.1;13.9;14;13;15.3;355.5555556;113.8888889;113.8888889;5.5
12132000;9;11;37;115;9.6;12.1;17.4;15.2;48.1;344;14.2;14.2;14.3;13.4;14.5;352.7777778;191.6666667;191.6666667;6
12132900;9;11;43;102;9.9;12;17.2;15.3;48.8;349.8;14;14;14.2;13.2;14.5;352.7777778;191.6666667;191.6666667;6
12133800;9;11;43;105;9.9;12;17.1;15.1;49.7;296.4;14.1;14;14.3;13.3;14.5;352.7777778;191.6666667;191.6666667;6
12134700;9;11;43;106;9.9;12;17.4;14.8;50.4;235.4;14.2;14.1;14.3;13.4;14.5;352.7777778;191.6666667;191.6666667;6
12135600;9;11;36;103;10.2;12.2;18.1;14.5;49.6;240.6;14.6;14.6;14.8;13.8;15.5;347.2222222;325;327.7777778;4.9
12136500;9;12;39;120;10.1;12.5;18.2;14.5;48.7;241;15;15;15.1;14.2;15.5;347.2222222;325;327.7777778;4.9
12137400;10;12;38;102;10.8;13.3;18.9;14.9;47.5;241;15.8;15.8;15.9;14.9;15.5;347.2222222;325;327.7777778;4.9
12138300;9;13;43;196;10.3;14.3;19.5;15.1;46.7;241;16.2;16.2;16.2;15.3;15.5;347.2222222;325;327.7777778;4.9
12139200;10;13;43;146;11;13.8;19.5;14.9;45.2;260;15.7;15.7;15.8;14.8;15.4;344.4444444;305.5555556;305.5555556;3.6
12140100;10;13;43;146;11;13.5;19.5;14.8;43.8;264.7;15.7;15.7;15.8;14.9;15.4;344.4444444;305.5555556;305.5555556;3.6
12141000;10;13;43;146;11;13.5;19.5;14.5;44.2;264.7;15.7;15.7;15.8;14.9;15.4;344.4444444;305.5555556;305.5555556;3.6
12141900;10;13;43;146;11;13.5;19.4;14.3;43;264.7;15.8;15.8;15.8;14.9;15.4;344.4444444;305.5555556;305.5555556;3.6
12142800;10;13;43;143;11;13.5;19.4;14.3;43.1;278.2;15.7;15.7;15.8;14.9;14.3;344.4444444;219.4444444;219.4444444;4.2
12143700;10;13;43;139;11;13.5;19.4;14.3;43.1;278.2;15.6;15.6;15.7;14.8;14.3;344.4444444;219.4444444;219.4444444;4.2
12144600;10;12;43;130;11;13.5;18.7;15;43.9;278.2;15.4;15.4;15.4;14.5;14.3;344.4444444;219.4444444;219.4444444;4.2
12145500;10;12;43;121;10.9;13.2;18.3;15.5;45.5;278.2;15.1;15.1;15.2;14.3;14.3;344.4444444;219.4444444;219.4444444;4.2
12146400;9;12;38;102;10.6;13;18.5;15.4;46;255.1;14.9;15;15.1;14.2;13.7;344.4444444;175;175;4.1
12147300;9;12;39;117;10.7;13;18.2;15.4;45.7;243.5;15.2;15.2;15.3;14.4;13.7;344.4444444;175;175;4.1
12148200;9;12;38;116;10.5;13;17.6;15.4;46.7;243.5;14.8;14.9;14.9;14;13.7;344.4444444;175;175;4.1
12149100;9;11;43;98;10.1;12.5;17.1;15.5;49;243.5;14.2;14.2;14.3;13.4;13.7;344.4444444;175;175;4.1
12150000;9;11;43;96;10.1;12;17.1;15.1;51;241.7;14.3;14.2;14.4;13.5;12.9;347.2222222;88.88888889;88.88888889;4
12150900;9;11;43;92;10.1;12;16.7;15.1;52;241.6;14.1;14.1;14.2;13.3;12.9;347.2222222;88.88888889;88.88888889;4
12151800;9;11;43;80;10.1;12;16.2;14.4;53.6;241.6;13.7;13.7;13.9;13;12.9;347.2222222;88.88888889;88.88888889;4
12152700;9;11;40;68;10.1;11.5;16;14;54.9;241.6;13.5;13.4;13.6;12.7;12.9;347.2222222;88.88888889;88.88888889;4
12153600;8;10;37;93;9.4;11.5;16;13.6;55.2;202.7;13.4;13.4;13.5;12.7;13.1;341.6666667;111.1111111;116.6666667;3.1
12154500;9;10;32;61;9.4;11.1;15.8;13.4;55.9;188.5;13;13;13.2;12.3;13.1;341.6666667;111.1111111;116.6666667;3.1
12155400;9;10;0;0;9.6;11;15.9;13.3;56.2;188.5;13.3;13.5;13.6;12.2;13.1;341.6666667;111.1111111;116.6666667;3.1
12156300;9;11;29;87;9.7;11.8;15.9;13.1;55;188.5;14.2;14.1;14.3;13.3;13.1;341.6666667;111.1111111;116.6666667;3.1
12157200;9;11;43;71;10.4;11.6;15.8;12.8;55.4;123.5;13.6;13.6;13.8;12.8;12.4;327.7777778;41.66666667;41.66666667;4.9
12158100;9;10;41;67;10.4;11.5;15.5;12.7;57.6;113.5;13.4;13.3;13.5;12.6;12.4;327.7777778;41.66666667;41.66666667;4.9
12159000;8;10;36;92;8.9;11.2;15.4;12.6;58.7;113.5;12.9;12.9;13;12.2;12.4;327.7777778;41.66666667;41.66666667;4.9
12159900;7;9;36;79;8.3;10.2;15.1;12.5;59.9;113.5;12;11.9;12;11.2;12.4;327.7777778;41.66666667;41.66666667;4.9
12160800;8;9;20;17;9.1;10;14.8;11.8;61.3;56.2;11.8;11.8;12;10.9;12;336.1111111;8.333333333;13.88888889;4
12161700;8;11;0;0;9.1;11;14.7;11.8;62.2;56.2;12.2;12.2;12.4;11.1;12;336.1111111;8.333333333;13.88888889;4
12162600;8;11;4;5;9.4;11.9;14.5;12;62.7;55.8;12.6;12.6;12.8;11.4;12;336.1111111;8.333333333;13.88888889;4
12163500;9;10;17;43;9.4;10.8;14.5;12.4;63;55;12.7;12.6;12.8;12;12;336.1111111;8.333333333;13.88888889;4
12164400;9;10;4;2;9.6;10.5;14.5;12.2;62.8;20.6;12.7;12.7;12.8;12.1;12.2;336.1111111;0;0;3.3
12165300;9;10;18;36;9.5;10.7;14.5;12.2;62.5;12;12.5;12.4;12.7;11.9;12.2;336.1111111;0;0;3.3
12166200;9;10;4;2;9.6;10.5;14.4;12.3;62.8;12;12.7;12.5;12.7;12;12.2;336.1111111;0;0;3.3
12167100;8;9;32;59;9.3;10.5;14.4;12.3;62.7;12;12.4;12.3;12.6;11.8;12.2;336.1111111;0;0;3.3
12168000;6;9;39;97;7.4;9.7;14.5;11.8;62.9;4;11.3;11.1;11.4;10.7;11.8;330.5555556;0;0;3.8
12168900;7;8;5;10;7.5;8.8;14.3;11.5;63.8;0;10.7;10.6;10.8;10;11.8;330.5555556;0;0;3.8
12169800;7;9;0;0;7.8;9.4;14.2;11.4;64.4;0;11.1;11.1;11.2;10.2;11.8;330.5555556;0;0;3.8
12170700;7;10;0;0;8;10.9;14.1;11.2;64;0;11.4;11.6;11.7;10.5;11.8;330.5555556;0;0;3.8
12171600;7;9;0;0;8.3;10.7;13.9;10.9;63.2;0;11.7;12.2;12;10.8;11.1;327.7777778;0;0;4.2
12172500;7;9;0;0;8.3;10;13.8;10.9;61.3;0;11.9;12.7;12.3;11;11.1;327.7777778;0;0;4.2
12173400;8;9;0;0;8.8;10;13.5;10.9;61.1;0;12.2;12.9;12.6;11.2;11.1;327.7777778;0;0;4.2
12174300;8.5;9;4.5;6.5;9.05;10.25;13.4;10.4;61.5;0;12.15;12.5;12.4;11.35;11.1;327.7777778;0;0;4.2
12175200;9;9;9;13;9.3;10.5;13.3;9.9;61.9;0;12.1;12.1;12.2;11.5;10.7;327.7777778;0;0;4.6
12176100;9;9;0;0;9.8;10.5;13.2;9.5;62.5;0;12.2;12.2;12.3;11.7;10.7;327.7777778;0;0;4.6
12177000;9;10;0;0;9.8;10.5;13.1;9.5;62.9;0;12.3;12.3;12.5;11.9;10.7;327.7777778;0;0;4.6
12177900;9;10;0;0;10.1;10.5;13;9.5;63.5;0;12.4;12.4;12.5;12.2;10.7;327.7777778;0;0;4.6
12178800;7;9;36;82;8.5;10.3;12.9;9.3;63.8;0;12.1;11.9;12.2;11.5;10.4;330.5555556;0;0;3.7
12179700;7;8;37;47;7.7;8.8;12.8;9.3;64;0;10.5;10.4;10.7;9.9;10.4;330.5555556;0;0;3.7
12180600;8;8;5;0;8.5;8.5;12.7;9.3;64.4;0;10.8;10.8;11.1;9.8;10.4;330.5555556;0;0;3.7
12181500;8;7;0;0;8.5;8.5;12.8;9.3;64.5;0;11;11.1;11.3;9.9;10.4;330.5555556;0;0;3.7
12182400;8;6;0;0;9;8.3;12.7;9.1;64;0;11.3;11.3;11.7;10.1;10.1;325;0;0;2.7
12183300;7;8;6;12;8.6;8.9;12.6;9;63.9;0;11.8;11.7;12.1;10.8;10.1;325;0;0;2.7
12184200;9;8;0;0;9.4;9.5;12.4;9;63.3;0;12.2;12;12.4;11.3;10.1;325;0;0;2.7
12185100;8;8;0;0;9.4;9.5;12.1;9;63.2;0;12.4;12;12.6;11.3;10.1;325;0;0;2.7
12186000;8;8;2;0;8.8;9.4;11.9;10.2;64;0;12.6;12;12.8;11.6;9.7;341.6666667;0;0;2
12186900;6;8;41;113;6.6;9;11.8;10.4;64.8;0;10.5;10.4;10.6;10.1;9.7;341.6666667;0;0;2
12187800;7;7;9;0;8.1;7.5;11.9;10.4;65.3;0;10;10.1;10.4;9;9.7;341.6666667;0;0;2
12188700;7;7;0;0;8.1;7.6;12.1;10.3;64.3;0;10.4;10.5;10.7;9.3;9.7;341.6666667;0;0;2
12189600;8;7;0;0;8.6;8;12;10.1;66.1;0;10.6;10.7;10.9;9.6;7.9;336.1111111;0;0;2.6
12190500;8;7;0;0;8.6;8.3;11.7;10.1;68;0;10.7;10.6;10.9;10;7.9;336.1111111;0;0;2.6
12191400;8;7;0;0;8.6;8.6;11.3;10.1;72;0;10.7;10.8;10.8;10.2;7.9;336.1111111;0;0;2.6
12192300;8;7;0;0;9.1;9;10.7;10.1;79.6;0;10.5;11;10.5;10.2;7.9;336.1111111;0;0;2.6
12193200;8;5;0;0;9.1;8.2;10.5;9.9;81.8;0;10.3;11.3;10.8;10.1;8.8;327.7777778;5.555555556;5.555555556;3.5
12194100;8;6;0;0;9.3;8;10.5;9.8;80.7;0;10.1;11.6;10.7;9.8;8.8;327.7777778;5.555555556;5.555555556;3.5
12195000;8;6;0;1;9.4;8.1;10.6;9.6;79.3;0;9.8;11.8;10.5;9.3;8.8;327.7777778;5.555555556;5.555555556;3.5
12195900;6;9;0;0;7.2;10;10.8;9.4;78.6;0;9.5;11.8;9.7;8.8;8.8;327.7777778;5.555555556;5.555555556;3.5
12196800;7;9;0;0;7.8;10.3;11.1;9.4;76.9;1.7;9.6;12;9.8;8.7;8.5;286.1111111;44.44444444;100;5.6
12197700;8;9;0;0;8.5;10.5;11.3;9.4;75.2;1.8;9.7;12.2;9.9;8.9;8.5;286.1111111;44.44444444;100;5.6
12198600;8;7;0;0;9.1;9.9;11.2;8.4;74.6;1.8;9.9;12.4;10;9.1;8.5;286.1111111;44.44444444;100;5.6
12199500;6;9;1;1;7.5;9.6;10.8;7.8;74.9;1.8;10;12.5;10.1;9.2;8.5;286.1111111;44.44444444;100;5.6
12200400;6;9;17;73;6.4;9.8;11.4;8.1;73.2;44.3;10.8;11.7;11;10.2;10.3;283.3333333;102.7777778;275;5.6
12201300;3;7;11;40;4.6;8.1;11.4;8.2;73;59.7;9.6;9.3;9.7;9.3;10.3;283.3333333;102.7777778;275;5.6
12202200;4;7;0;0;4.7;8;12.4;8.6;70.5;59.7;10.2;10;11.1;9.5;10.3;283.3333333;102.7777778;275;5.6
12203100;6;7;30;59;6.6;8.9;12.8;9.1;67.5;59.7;11.5;11.2;11.9;10.7;10.3;283.3333333;102.7777778;275;5.6
12204000;4;8;43;171;5.4;9.2;13;9.6;67.6;162.8;10.9;10.8;11;10.3;11.3;330.5555556;197.2222222;252.7777778;5.6
12204900;7;8;24;41;8;8.9;13.4;9.7;67.4;178.7;11.5;11.6;11.7;10.3;11.3;330.5555556;197.2222222;252.7777778;5.6
12205800;8;9;11;38;8.5;9.8;14.6;9.3;63.3;176.8;13.2;13.3;13.5;11.4;11.3;330.5555556;197.2222222;252.7777778;5.6
12206700;6;10;43;187;6.9;10.8;15.4;9.1;58.2;175.9;12.5;12.5;12.6;11.8;11.3;330.5555556;197.2222222;252.7777778;5.6
12207600;7;9;31;63;8;9.6;15.6;9.8;55.9;285.5;11.8;11.8;12;10.8;11.8;322.2222222;205.5555556;450;5.7
12208500;7;9;33;74;8.2;10;15.7;10.1;52.7;325.4;12.5;12.4;12.5;11.5;11.8;322.2222222;205.5555556;450;5.7
12209400;8;10;33;76;8.6;10.5;15.1;10.7;53.2;325.4;13.2;13;13.3;12.2;11.8;322.2222222;205.5555556;450;5.7
12210300;9;11;33;81;10.1;12.2;15.5;11.2;52.1;325.4;14.5;14.4;14.5;13.3;11.8;322.2222222;205.5555556;450;5.7
12211200;8;12;40;160;9.2;12.5;15;12.2;53.4;463.7;15.1;14.9;15;13.9;13.3;302.7777778;197.2222222;694.4444444;5.7
12212100;9;13;43;202;9.9;14;15.9;12.2;47;463.7;16.7;16.8;16.6;15.2;13.3;302.7777778;197.2222222;694.4444444;5.7
12213000;10;15;43;199;11.3;15.3;16;12.2;44;463.7;17.9;18.2;18;16.4;13.3;302.7777778;197.2222222;694.4444444;5.7
12213900;13;16;36;139;13.7;16.5;16.1;12.3;44;463.7;19.1;19.4;19.2;17.6;13.3;302.7777778;197.2222222;694.4444444;5.7
12214800;14;17;39;123;14.9;17.7;16.2;13.1;42.7;537.1;20.1;20.3;20.2;18.7;14.4;302.7777778;205.5555556;697.2222222;5.9
12215700;16;18;34;97;16.6;18.6;16.3;13.3;39.9;555.5;21;21.6;21.3;19.9;14.4;302.7777778;205.5555556;697.2222222;5.9
12216600;14;19;43;204;15.5;19.5;16.8;13;39.2;560.2;21.7;22.2;22;20.8;14.4;302.7777778;205.5555556;697.2222222;5.9
12217500;17;19;34;120;17.4;19.6;17.1;12.8;37.4;563.4;22.1;22.7;22.2;21.1;14.4;302.7777778;205.5555556;697.2222222;5.9
12218400;19;20;39;37;20.7;21;17;13.5;37.4;611.2;23.4;24;23.7;22.5;15.2;313.8888889;261.1111111;558.3333333;5.8
12219300;21;22;39;27;22;22.2;17.5;13.8;38;635.1;24.7;25.2;25;23.9;15.2;313.8888889;261.1111111;558.3333333;5.8
12220200;22;24;37;23;24.1;24.4;18.8;13.9;34.4;619.7;26.8;27.2;27;26.2;15.2;313.8888889;261.1111111;558.3333333;5.8
12221100;23;25;10;20;24.6;25.9;19.1;14.1;32.1;596.7;29;29.8;29.2;28.4;15.2;313.8888889;261.1111111;558.3333333;5.8
12222000;22;26;5;29;23.3;26.9;19.2;14.7;32.3;657.7;30.3;31.4;30.4;29.9;15.5;325;308.3333333;613.8888889;4.9
12222900;21;26;23;143;21.9;27.2;19.3;14.8;29.8;667.1;28.5;29.4;28.7;28.4;15.5;325;308.3333333;613.8888889;4.9
12223800;20;24;35;144;21.1;24.8;19.1;14.9;30.2;667.1;25.9;26.5;26;25.5;15.5;325;308.3333333;613.8888889;4.9
12224700;19;22;39;140;19.8;23;19.1;15;29.9;667.1;24.9;25.5;25.1;24.4;15.5;325;308.3333333;613.8888889;4.9
12225600;18;22;39;139;19.5;22.5;19.5;15.5;30.6;687.7;24.6;25;24.7;24;15.9;336.1111111;322.2222222;569.4444444;5.6
12226500;19;22;39;140;19.6;22.5;20.3;15.5;29.4;689.2;24.7;25.1;24.8;24.1;15.9;336.1111111;322.2222222;569.4444444;5.6
12227400;19;22;39;139;19.6;22.6;20;15.6;29.6;689.2;24.4;24.9;24.6;23.9;15.9;336.1111111;322.2222222;569.4444444;5.6
12228300;17;20;39;130;18.6;21.4;19.9;15.7;29.6;689.2;22.9;23.2;23;22.3;15.9;336.1111111;322.2222222;569.4444444;5.6
12229200;16;19;39;126;16.9;19.7;19.4;16.1;31.9;621.7;21.5;21.9;21.7;21.1;16.6;305.5555556;172.2222222;744.4444444;3.9
12230100;16;19;39;134;16.9;20.1;19.4;16.1;33.8;616.9;22.2;22.6;22.4;21.5;16.6;305.5555556;172.2222222;744.4444444;3.9
12231000;18;21;39;138;18.4;21.4;19.3;16;33.5;616.9;23.8;24.3;24;22.8;16.6;305.5555556;172.2222222;744.4444444;3.9
12231900;19;22;39;139;19.5;22.5;19.5;16;33.2;616.9;24.9;25.3;25;23.7;16.6;305.5555556;172.2222222;744.4444444;3.9
12232800;14;22;36;365;15.6;23.1;20.3;16.2;32.1;572.9;24.5;25.2;24.6;23.8;16.4;322.2222222;252.7777778;538.8888889;3.2
12233700;12;18;43;264;13.2;18.7;20.1;16.3;32.2;556.9;20.1;20.5;20.1;19.1;16.4;322.2222222;252.7777778;538.8888889;3.2
12234600;11;15;43;212;12.2;16.5;20.1;16.3;31.9;556.9;18.2;18.3;18.2;17.2;16.4;322.2222222;252.7777778;538.8888889;3.2
12235500;13;15;29;80;13.3;15.8;19.9;16.2;32.8;556.9;18.2;18.3;18.2;17.2;16.4;322.2222222;252.7777778;538.8888889;3.2
12236400;12;17;38;205;12.8;17.7;19.9;16.2;33.8;440.3;19.9;20;19.8;18.9;16.6;308.3333333;136.1111111;477.7777778;3.7
12237300;11;16;43;238;12.3;17;19.9;16.2;33.8;432;19.2;19.4;19.2;18;16.6;308.3333333;136.1111111;477.7777778;3.7
12238200;11;15;43;205;12.2;16.4;19.8;16.4;33.8;432;18;18.3;18.1;16.9;16.6;308.3333333;136.1111111;477.7777778;3.7
12239100;11;15;43;193;11.8;15.5;19.7;16.5;33;432;17.7;17.9;17.9;16.8;16.6;308.3333333;136.1111111;477.7777778;3.7
12240000;11;15;43;197;11.8;15.5;19.5;16.2;31.3;356.5;17.8;18;17.9;16.7;16;291.6666667;66.66666667;236.1111111;2.5
12240900;10;14;43;159;11.6;14.7;19.6;16.2;30.8;356.5;16.7;16.8;16.9;15.8;16;291.6666667;66.66666667;236.1111111;2.5
12241800;10;14;43;165;11.3;14.5;23.1;16.1;26.9;356.5;16.8;16.9;16.9;15.8;16;291.6666667;66.66666667;236.1111111;2.5
12242700;10;13;43;131;11.3;14;21.2;16.1;28.1;356.5;15.8;15.8;15.9;14.8;16;291.6666667;66.66666667;236.1111111;2.5
12243600;10;12;43;108;11;13.2;19.4;15.6;31.1;271;14.9;14.9;15.2;14.2;15.8;297.2222222;41.66666667;72.22222222;3
12244500;10;12;35;80;10.7;12.6;18.3;15.4;33.3;228.2;14.8;14.7;15;14;15.8;297.2222222;41.66666667;72.22222222;3
12245400;9;12;39;107;10.7;12.5;17.6;15.6;35.6;228.2;14.6;14.5;14.7;13.9;15.8;297.2222222;41.66666667;72.22222222;3
12246300;9;11;43;97;10.3;12.2;17.2;15.9;37;228.2;14.1;14;14.2;13.3;15.8;297.2222222;41.66666667;72.22222222;3
12247200;9;11;43;69;10.1;11.8;16.8;15.2;38.7;112.9;13.6;13.5;13.8;12.8;14.3;308.3333333;8.333333333;11.11111111;1.9
12248100;9;10;43;58;10.1;11.5;16.5;15.1;40.7;104.7;13.2;13.2;13.4;12.5;14.3;308.3333333;8.333333333;11.11111111;1.9
12249000;9;10;9;11;10.1;11.1;16.1;15.2;42.3;108.2;13.3;13.2;13.5;12.4;14.3;308.3333333;8.333333333;11.11111111;1.9
12249900;9;11;14;38;9.8;11.4;15.8;15.3;43.5;110.5;13.7;13.5;13.9;12.8;14.3;308.3333333;8.333333333;11.11111111;1.9
12250800;9;10;9;19;10.1;11.5;15.7;14.6;44.7;49.4;13.1;12.9;13.2;12.5;13.1;311.1111111;0;0;1.7
12251700;8;10;37;84;9.2;11.2;15.3;14.2;46.1;18.8;12.9;12.8;13.1;12.4;13.1;311.1111111;0;0;1.7
12252600;8;9;13;31;9.4;10.1;15;14.4;47.6;18.8;12;11.9;12.3;11.3;13.1;311.1111111;0;0;1.7
12253500;9;9;0;0;9.9;10;14.8;14.8;50;18.8;12.3;12.2;12.6;11.6;13.1;311.1111111;0;0;1.7
12254400;9;10;0;0;9.9;10.4;14.5;13.8;50.9;1.3;12.5;12.7;12.9;11.8;12.8;325;0;0;2
12255300;9;10;14;28;10.1;10.6;14.4;13.7;51.4;0;12.8;13.2;13.1;12.1;12.8;325;0;0;2
12256200;9;11;9;11;9.9;11.1;14.5;13.6;51.3;0;12.5;12.4;12.7;11.9;12.8;325;0;0;2
12257100;9;12;0;0;9.9;12.5;14.5;13.3;51.2;0;12.8;12.5;12.8;12;12.8;325;0;0;2
12258000;9;11;15;34;9.9;12.1;14.5;12.6;50.3;0;13;12.8;13.1;12.3;12.3;327.7777778;0;0;2.1
12258900;7;9;37;90;8.2;10.2;14.4;12.3;51.1;0;11.9;11.7;12;11.4;12.3;327.7777778;0;0;2.1
12259800;8;8;23;5;9.4;9.5;14.2;12.3;52.5;0;11.3;11.2;11.5;10.5;12.3;327.7777778;0;0;2.1
12260700;8;8.5;11.5;2.5;9.4;9.5;14.25;12;52.55;0;11.65;11.5;11.9;10.75;12.3;327.7777778;0;0;2.1
12261600;8;9;0;0;9.4;9.5;14.3;11.7;52.6;0;12;11.8;12.3;11;11.8;347.2222222;0;0;2.9
12262500;8;9;0;0;9.4;9.8;14.5;11.7;52.7;0;12.3;12;12.5;11.2;11.8;347.2222222;0;0;2.9
12263400;9;9;0;0;9.8;10;14.5;11.7;52.7;0;12.6;12.2;12.7;11.4;11.8;347.2222222;0;0;2.9
12264300;9;9;0;0;9.9;10.4;14.5;11.7;53.9;0;12.8;12.3;12.8;11.7;11.8;347.2222222;0;0;2.9
12265200;9;11;14;36;9.8;11.8;14.5;11.3;54.5;0;12.9;12.5;13;11.9;11.9;347.2222222;0;0;2.3
12266100;7;9;36;82;8.2;10.2;14.5;11.2;54.7;0;11.8;11.6;11.9;11.4;11.9;347.2222222;0;0;2.3
12267000;8;8;32;16;8.9;8.8;14.3;11.2;55.5;0;10.8;10.7;11;10.1;11.9;347.2222222;0;0;2.3
12267900;8;8;0;0;9.3;8.6;14.3;11.2;55.2;0;11.4;11.2;11.5;10.2;11.9;347.2222222;0;0;2.3
12268800;8;8;0;0;9.3;9;14.3;11.3;55.2;0;11.7;11.5;11.8;10.3;11.6;350;0;0;1.8
12269700;8;8;0;0;9.3;9.2;14.3;11.3;55;0;12.1;11.7;12.1;10.6;11.6;350;0;0;1.8
12270600;8;9;0;0;9.3;9.5;14.3;11.3;55.6;0;12.4;11.8;12.3;10.9;11.6;350;0;0;1.8
12271500;9;9;0;0;9.7;9.9;14.3;11.3;56.6;0;12.7;12.1;12.5;11.2;11.6;350;0;0;1.8
12272400;9;9;0;0;9.8;10;14.2;11;57.1;0;12.9;12.2;12.8;11.4;11;344.4444444;0;0;1.9
12273300;9;10;0;0;10;11.1;14;10.9;58.3;0;13.1;12.4;13;11.7;11;344.4444444;0;0;1.9
12274200;8;11;27;62;9.3;11.5;13.9;11.1;59.2;0;13;12.6;13;12.1;11;344.4444444;0;0;1.9
12275100;7;9;38;57;8.5;9.8;13.8;11.5;60.9;0;11.5;11.4;11.6;10.9;11;344.4444444;0;0;1.9
12276000;8;8;6;1;9;9.5;13.8;11.1;61.3;0;11.5;11.5;11.8;10.5;8.9;347.2222222;0;0;1.8
12276900;8;9;0;0;9.2;9.5;13.7;11;62.8;0;11.9;11.7;12.1;10.7;8.9;347.2222222;0;0;1.8
12277800;8;9;0;0;9.5;9.5;12.7;11.1;71.2;0;12;11.6;12;10.9;8.9;347.2222222;0;0;1.8
12278700;9;9;0;0;9.5;9.9;11.3;11.2;76.4;0;11.6;11.4;11.7;11.1;8.9;347.2222222;0;0;1.8
12279600;9;9;0;0;9.8;10;10.8;10.8;80.6;0;11.4;11.6;11.6;11.1;8.2;330.5555556;5.555555556;8.333333333;2.6
12280500;9;9;0;0;10;10.4;10.7;10.7;81.7;0;11.2;12.1;11.3;10.9;8.2;330.5555556;5.555555556;8.333333333;2.6
12281400;9;10;0;0;10;10.6;10.8;10.7;81.2;0;11;12.5;11;10.7;8.2;330.5555556;5.555555556;8.333333333;2.6
12282300;8;11;14;35;9.5;11.5;10.8;10.7;80.1;0;10.7;11.9;10.8;10.3;8.2;330.5555556;5.555555556;8.333333333;2.6
12283200;5;7;17;65;5.6;8.4;10.9;10.5;79.2;0.6;9.5;9.2;9.4;9.5;8.5;327.7777778;41.66666667;41.66666667;2.9
12284100;5;8;0;0;6;9;11.1;10.4;78.6;0.9;9.5;9.1;9.5;9.5;8.5;327.7777778;41.66666667;41.66666667;2.9
12285000;5;8;0;0;6;9;11.3;9.4;77.5;0.9;9.8;9.4;9.8;10;8.5;327.7777778;41.66666667;41.66666667;2.9
12285900;5;8;0;0;6.1;9;11.7;8.7;76.6;0.9;10.2;9.7;10.1;10.3;8.5;327.7777778;41.66666667;41.66666667;2.9
12286800;6;8;1;1;6.9;9;12;8.9;74.7;36;10.5;10.1;10.3;10.6;9;338.8888889;91.66666667;94.44444444;3.5
12287700;7;8;0;0;7.4;9;12.3;8.9;73.6;38.5;10.9;10.6;10.7;11.1;9;338.8888889;91.66666667;94.44444444;3.5
12288600;7;8;4;13;7.9;8.8;12.7;8.6;72;38.5;11.3;11.1;11.1;11.7;9;338.8888889;91.66666667;94.44444444;3.5
12289500;5;8;25;98;5.9;8.8;13;8.3;71.2;38.5;10.4;10.3;10.6;10;9;338.8888889;91.66666667;94.44444444;3.5
12290400;6;8;0;0;6.5;8.7;13.1;8.7;70.7;94.1;10.3;10.4;10.6;9.7;10.4;311.1111111;200;288.8888889;2.2
12291300;6;9;0;0;6.5;10;13.7;8.8;69.5;102.6;10.7;11.1;11.1;10;10.4;311.1111111;200;288.8888889;2.2
12292200;6;10;0;0;6.5;10.2;14.3;8.8;68.1;103.3;11.4;12;11.9;10.2;10.4;311.1111111;200;288.8888889;2.2
12293100;6;10;34;140;6.8;10.5;14.5;8.9;66.5;104.4;12.4;12.5;12.6;11.3;10.4;311.1111111;200;288.8888889;2.2
12294000;5;9;43;178;6.1;9.7;14.8;9.7;65.2;228.5;11.6;11.6;11.7;10.7;9.2;338.8888889;158.3333333;183.3333333;2.7
12294900;8;9;29;50;8.9;10.3;15.6;9.9;61.2;259.5;13.1;13;13.2;11.5;9.2;338.8888889;158.3333333;183.3333333;2.7
12295800;9;11;33;79;9.8;11.5;16.1;9.9;59.3;259.5;13.9;13.8;13.9;12.5;9.2;338.8888889;158.3333333;183.3333333;2.7
12296700;7;9;33;70;8.5;10.4;13.4;9.9;70;259.5;11.8;11.8;12;10.9;9.2;338.8888889;158.3333333;183.3333333;2.7
12297600;5;8;7;25;5.9;8.6;10.9;10.6;82.5;334.5;10.4;10.3;10.5;9.8;11.3;294.4444444;163.8888889;650;3.9
12298500;5;8;0;0;6.2;8.5;11.2;10.9;82.2;361.8;10.9;10.8;11;10;11.3;294.4444444;163.8888889;650;3.9
12299400;5;8;8;44;6.3;8.9;12.3;11.2;82.8;361.8;12.8;12.8;13.4;11.6;11.3;294.4444444;163.8888889;650;3.9
12300300;9;14;43;196;10.5;14.6;13.7;11.3;77.3;361.8;16.2;16.3;16.4;14.7;11.3;294.4444444;163.8888889;650;3.9
12301200;8;11;43;163;8.6;12;13.8;12;74.1;440.7;13.8;13.7;13.8;12.6;11.8;338.8888889;186.1111111;413.8888889;4.5
12302100;7;9;37;99;8;10.2;13.8;12.3;71.8;480.2;12.2;12.1;12.2;11.1;11.8;338.8888889;186.1111111;413.8888889;4.5
12303000;8;9;33;56;8.3;9.9;14.3;11.1;65.4;465.5;12.3;12.2;12.4;11.2;11.8;338.8888889;186.1111111;413.8888889;4.5
12303900;7;9;33;56;8.3;9.9;14.2;10.1;65.8;452.7;11.8;11.8;12;11;11.8;338.8888889;186.1111111;413.8888889;4.5
12304800;5;9;42;136;6.6;9.4;14.3;11.1;67.1;473.1;11.5;11.5;11.7;11;12.4;330.5555556;286.1111111;477.7777778;4.1
12305700;9;11;34;77;9.8;11.5;15.2;11.2;65.4;474.6;14.6;14.8;14.7;13.6;12.4;330.5555556;286.1111111;477.7777778;4.1
12306600;13;15;33;77;13.6;15.5;16.4;11.6;57.8;474;18.2;18.3;18.3;17.1;12.4;330.5555556;286.1111111;477.7777778;4.1
12307500;13;15;33;65;14.3;16;16.6;12;56;473.5;17.6;17.7;17.9;16.6;12.4;330.5555556;286.1111111;477.7777778;4.1
12308400;12;13;40;77;12.6;14.4;16.1;12.7;56.4;535.7;16;16;16.2;15.3;12.5;336.1111111;305.5555556;569.4444444;4.2
12309300;7;11;43;175;8.4;12;14.9;12.9;69;551.3;13.4;13.4;13.5;13;12.5;336.1111111;305.5555556;569.4444444;4.2
12310200;6;9;43;160;7.1;10.4;15.6;12.7;62.8;551.3;12.4;12.4;12.6;11.8;12.5;336.1111111;305.5555556;569.4444444;4.2
12311100;7;11;43;164;7.9;11.1;17.2;12.5;51;551.3;13.6;13.6;13.7;12.7;12.5;336.1111111;305.5555556;569.4444444;4.2
12312000;10;12;34;94;11.1;13.2;17;13;49.1;573.1;16;16.3;16.3;15;14.3;336.1111111;225;408.3333333;3.2
12312900;13;15;33;72;13.8;15.8;16.9;13.1;49.3;578.6;18;18.1;18.1;16.8;14.3;336.1111111;225;408.3333333;3.2
12313800;14;16;33;72;14.9;16.6;17.6;13;47;578.6;19;19.2;19.1;17.8;14.3;336.1111111;225;408.3333333;3.2
12314700;14;16;33;63;15;16.7;17.8;12.8;45.2;578.6;18.5;18.5;18.6;17.3;14.3;336.1111111;225;408.3333333;3.2
12315600;14;15;33;62;14.8;16.4;16.9;13.4;46.2;534.6;18.3;18.5;18.6;17.5;15.5;325;291.6666667;583.3333333;2.2
12316500;14;15;33;64;14.9;16.5;17.8;13.6;41;523.6;18.8;19;19.1;18;15.5;325;291.6666667;583.3333333;2.2
12317400;17;19;33;73;17.5;19.3;18.6;13.4;41;523.6;21.8;22.1;21.9;20.8;15.5;325;291.6666667;583.3333333;2.2
12318300;17;19;33;70;18.5;20.2;18.4;13.2;41.2;523.6;22.5;22.6;22.5;21.2;15.5;325;291.6666667;583.3333333;2.2
12319200;15;20;32;214;16.3;21.3;19.5;13.8;38.6;521.4;24;24;23.9;22.8;16.1;327.7777778;200;405.5555556;2.3
12320100;16;20;30;145;17;21.4;19.6;13.9;38.2;520.9;23.3;23.7;23.1;22.1;16.1;327.7777778;200;405.5555556;2.3
12321000;18;20;33;61;19.6;21.1;19.7;14.3;37.1;520.9;23.5;23.8;23.6;22;16.1;327.7777778;200;405.5555556;2.3
12321900;18;20;33;58;19.7;21.2;19.4;14.8;36.5;520.9;23;23.2;23.1;21.9;16.1;327.7777778;200;405.5555556;2.3
12322800;14;19;40;252;14.6;20;19.3;15.2;37.7;486.3;21.3;21.3;21.3;20.7;15.4;325;194.4444444;305.5555556;1.2
12323700;11;15;43;176;12.3;16;19.2;15.3;38.7;477.6;17.5;17.6;17.6;16.8;15.4;325;194.4444444;305.5555556;1.2
12324600;11;14;34;129;12.1;15.2;19.7;15.5;37.3;477.6;17.3;17.2;17.2;16.3;15.4;325;194.4444444;305.5555556;1.2
12325500;11;15;39;126;12.6;15.4;19.3;15.9;39.7;477.6;17.7;17.7;17.8;16.7;15.4;325;194.4444444;305.5555556;1.2
12326400;11;15;41;178;11.8;15.6;19.1;15.9;39.2;388.6;17.5;17.5;17.6;16.5;14.8;322.2222222;136.1111111;169.4444444;1.6
12327300;11;14;43;174;11.5;15.1;21.2;15.9;35.4;366.3;17.2;17.4;17.4;16.3;14.8;322.2222222;136.1111111;169.4444444;1.6
12328200;10;13;43;131;11.5;14.3;19.2;16;36.9;366.3;15.9;15.9;16.1;15;14.8;322.2222222;136.1111111;169.4444444;1.6
12329100;10;12;43;92;11;12.9;18;16.1;41.2;366.3;14.6;14.5;14.8;13.9;14.8;322.2222222;136.1111111;169.4444444;1.6
12330000;10;11;43;82;10.7;12.4;18.1;15.6;42.1;262.5;14.2;14.1;14.3;13.5;15.2;294.4444444;55.55555556;136.1111111;2.4
12330900;9;11;35;93;9.8;12.4;19.4;15.5;40.5;236.6;14.1;14.1;14.3;13.5;15.2;294.4444444;55.55555556;136.1111111;2.4
12331800;8;11;39;110;9.5;11.9;18.2;15.3;40.6;236.6;14;13.9;14;13.2;15.2;294.4444444;55.55555556;136.1111111;2.4
12332700;9;11;41;91;10;11.9;16.7;14.9;43.6;236.6;13.8;13.8;14;13;15.2;294.4444444;55.55555556;136.1111111;2.4
12333600;9;11;43;64;10.1;11.8;16.2;14.2;44.7;145;13.6;13.5;13.8;12.8;14;283.3333333;11.11111111;27.77777778;2.2
12334500;9;11;14;19;10.1;11.4;15.7;14;47.6;122.1;13.5;13.1;13.7;12.5;14;283.3333333;11.11111111;27.77777778;2.2
12335400;9;11;11;25;10;12;15.2;14;50.4;121.8;13.7;13.3;14.1;12.8;14;283.3333333;11.11111111;27.77777778;2.2
12336300;9;10;14;28;10;11.1;14.4;13.9;53.9;121.3;12.9;12.5;13;12.3;14;283.3333333;11.11111111;27.77777778;2.2
12337200;8;10;22;49;9.4;10.8;13.7;13.3;57.2;45.9;12.7;12.2;12.7;12.1;12.6;283.3333333;0;0;2.3
12338100;7;8;21;52;7.7;9.4;13.1;13.1;61.3;27.1;11.1;10.7;11.2;10.6;12.6;283.3333333;0;0;2.3
12339000;7;9;0;0;8;9.4;12.5;13.6;63.3;27.1;11.1;10.5;11.1;10.6;12.6;283.3333333;0;0;2.3
12339900;7;8;0;0;8.5;9.4;12.1;14.3;64.5;27.1;11.3;10.4;10.9;10.8;12.6;283.3333333;0;0;2.3
12340800;8;8;0;0;8.5;9.4;11.8;13.3;66.1;3.6;11.6;10.6;11.2;11.1;10.3;280.5555556;0;0;1.8
12341700;8;8;0;0;8.8;9.4;11.5;13.2;68.2;0;11.8;10.5;11.8;11.3;10.3;280.5555556;0;0;1.8
12342600;8;9;0;0;9;10.1;11.2;13.1;70.1;0;12.1;10.3;12.1;11.6;10.3;280.5555556;0;0;1.8
12343500;8;11;0;0;9;11.4;11.1;13;69.9;0;12.4;10;12.2;11.8;10.3;280.5555556;0;0;1.8
12344400;8;9;0;0;9.4;10.3;11;12.2;71.2;0;11.7;9.7;11.1;11.7;10.2;277.7777778;0;0;2.5
12345300;9;8;0;0;10.1;9.6;10.8;12.1;71.6;0;12.5;9.5;11.8;12.3;10.2;277.7777778;0;0;2.5
12346200;7;8;1;0;8.5;9.4;10.6;12.1;71.9;0;11.7;9.2;10.8;12.3;10.2;277.7777778;0;0;2.5
12347100;7.5;7;0.5;0;9.2;8.9;10.4;12.2;72.95;0;12.45;8.9;10.15;13;10.2;277.7777778;0;0;2.5
12348000;8;6;0;0;9.9;8.4;10.2;12.3;74;0;13.2;8.6;9.5;13.7;8.1;272.2222222;0;0;2.3
12348900;8;6;0;0;10.1;8.4;10;12.3;75.6;0;13.2;8.3;9.1;13.8;8.1;272.2222222;0;0;2.3
12349800;8;7;0;0;10.1;8.4;9.8;12.3;76.6;0;12.6;8;8.8;13.5;8.1;272.2222222;0;0;2.3
12350700;6;7;1;0;6.9;7.5;9.7;12.3;76.2;0;12.2;7.8;8.6;13.1;8.1;272.2222222;0;0;2.3
12351600;6;9;0;0;8.4;9.3;9.6;11.8;76.7;0;12;7.7;8.4;12.4;8.1;272.2222222;0;0;2.3
12352500;7;8;0;0;9.3;9.1;9.4;11.7;77.6;0;11.7;7.6;8.2;12.3;8.1;272.2222222;0;0;2.3
12353400;7;6;0;0;9.3;7.6;9.3;11.7;78.2;0;10.9;7.4;8.1;12.1;8.1;272.2222222;0;0;2.3
12354300;6;6;1;0;8.1;7.2;9.2;11.7;78.2;0;10.2;7.3;8.1;11.7;8.1;272.2222222;0;0;2.3
12355200;6;6;0;0;6.7;6.9;9.1;11.4;78.8;0;10.4;7.3;8;11.4;7.5;-2775;0;0;2.3
12356100;6;6;0;0;8.2;6.9;8.9;11.3;79.6;0;10.5;7.2;7.9;11.2;7.5;-2775;0;0;2.3
12357000;7;5;0;0;8.4;6.9;8.8;11.3;79.7;0;10.4;7;7.7;11.2;7.5;-2775;0;0;2.3
12357900;7;5;1;0;8.2;6.8;8.8;11.3;79.7;0;10;6.9;7.5;11;7.5;-2775;0;0;2.3
12358800;5;5;0;0;6.3;6.4;8.7;8.2;80.2;0;9.9;6.8;7.5;10.9;6.9;-2775;0;0;2.3
12359700;6;7;0;0;7.3;7.1;8.7;7.1;80.2;0;9.9;6.8;7.4;10.6;6.9;-2775;0;0;2.3
12360600;6;8;0;0;8.1;8.9;8.8;7.3;80.5;0;9.8;6.8;7.3;10.7;6.9;-2775;0;0;2.3
12361500;7;6;0;0;8.2;7.3;8.6;7.7;80.9;0;9.6;6.7;7.3;10.7;6.9;-2775;0;0;2.3
12362400;5;5;1;0;6.6;6.1;8.5;7.7;80.9;0;9.3;6.5;7.1;10.5;6.6;288.8888889;0;0;2.2
12363300;5;5;0;0;6.6;5.9;8.4;7.7;81.2;0;9.6;6.4;7;10.3;6.6;288.8888889;0;0;2.2
12364200;6;5;0;0;7.1;5.9;8.5;7.6;81.2;0;9.5;6.4;7;10.3;6.6;288.8888889;0;0;2.2
12365100;6;5;0;0;7.5;5.9;8.6;7.4;80.9;0;9.5;6.4;7;10.4;6.6;288.8888889;0;0;2.2
12366000;6;5;1;0;7.5;5.9;8.7;7.3;80.9;0;9.2;6.4;7.1;10.2;6.7;291.6666667;11.11111111;11.11111111;2.6
12366900;5;5;0;0;6.1;5.4;8.8;7.3;80.7;0;9.1;6.5;7.1;10.2;6.7;291.6666667;11.11111111;11.11111111;2.6
12367800;5;5;0;0;6.5;5.8;8.8;7.1;80.7;0;9.3;6.4;7.1;9.9;6.7;291.6666667;11.11111111;11.11111111;2.6
12368700;6;7;0;0;7.1;8;9;6.7;80.5;0;9.2;6.5;7.1;10;6.7;291.6666667;11.11111111;11.11111111;2.6
12369600;6;6;0;0;7.1;7.6;9.2;7.1;80.2;3.6;9.1;6.6;7.1;10;7.1;294.4444444;55.55555556;55.55555556;2.6
12370500;5;5;1;0;6.4;6.2;9.3;7.2;79.8;4.9;9;6.7;7.4;10;7.1;294.4444444;55.55555556;55.55555556;2.6
12371400;5;5;0;0;6.3;5.9;9.5;7.1;79.5;4.9;9.3;6.9;7.5;10;7.1;294.4444444;55.55555556;55.55555556;2.6
12372300;6;5;0;0;7;5.9;9.8;6.9;78.4;4.9;9.4;7.2;7.8;9.8;7.1;294.4444444;55.55555556;55.55555556;2.6
12373200;6;5;0;0;7.4;5.9;10.2;7.6;76.9;59.9;9.4;7.6;8.1;10;8.3;302.7777778;119.4444444;119.4444444;2
12374100;6;5;0;0;7;5.9;10.6;7.8;76.5;79.9;9.5;8.1;8.6;10.1;8.3;302.7777778;119.4444444;119.4444444;2
12375000;5;5;0;0;6.2;6.1;11.1;7.7;73.5;79.9;9.8;8.5;9.1;10.4;8.3;302.7777778;119.4444444;119.4444444;2
12375900;6;5;0;0;7.3;6.4;11.6;7.4;72;79.9;10.1;8.9;9.6;10.4;8.3;302.7777778;119.4444444;119.4444444;2
12376800;7;7;0;0;7.8;7.4;11.9;8.4;70.7;171;10.4;9.4;10.1;10.4;9.5;302.7777778;227.7777778;250;2.4
12377700;7;8;0;0;8.3;8.9;12.6;8.9;70.1;216.6;10.8;9.9;10.7;10.5;9.5;302.7777778;227.7777778;250;2.4
12378600;7;8;13;30;8;9.4;13.2;8.7;65.6;218.1;11.6;11;11.8;11.1;9.5;302.7777778;227.7777778;250;2.4
12379500;7;9;33;72;7.8;9.9;13.5;8.4;64.4;221.1;11.6;11.4;11.7;11.3;9.5;302.7777778;227.7777778;250;2.4
12380400;7;9;33;73;7.6;9.9;14;9.6;62.3;302.4;11.8;11.5;11.9;11.2;11.5;319.4444444;275;305.5555556;3.4
12381300;7;10;33;77;8.2;10.2;14.3;10.2;61.2;343;12.7;12.5;12.8;11.8;11.5;319.4444444;275;305.5555556;3.4
12382200;8;10;33;78;8.8;10.8;14.9;10.1;59.2;343;13.4;13.2;13.4;12.3;11.5;319.4444444;275;305.5555556;3.4
12383100;8;11;33;80;9.3;11.4;15.7;9.9;56.3;343;13.8;13.8;13.9;12.8;11.5;319.4444444;275;305.5555556;3.4
12384000;7;11;42;169;8;11.3;15.6;11.4;55.9;426.4;13.2;13.2;13.3;12.5;13.2;313.8888889;369.4444444;472.2222222;4.5
12384900;6;9;43;171;6.8;10.4;16.5;12;55.9;456.7;12.3;12.3;12.4;11.5;13.2;313.8888889;369.4444444;472.2222222;4.5
12385800;6;9;43;163;6.8;10.4;16.9;11.8;55.5;456.7;12.5;12.5;12.5;11.5;13.2;313.8888889;369.4444444;472.2222222;4.5
12386700;6;10;43;162;7.3;10.6;17.3;11.3;53.2;456.7;13.1;13.1;13.1;12;13.2;313.8888889;369.4444444;472.2222222;4.5
12387600;8;12;39;129;9.5;12.3;17.7;12.6;52.9;528.2;15;15.1;15.1;13.7;15.2;330.5555556;436.1111111;472.2222222;4.5
12388500;10;13;39;124;11.2;14;18.6;13.2;49.8;563.9;16.5;16.7;16.7;15.3;15.2;330.5555556;436.1111111;472.2222222;4.5
12389400;13;14;35;78;13.6;15.2;19.4;13.2;48.5;563.9;17.7;18;18;16.7;15.2;330.5555556;436.1111111;472.2222222;4.5
12390300;13;16;39;116;14;16.6;20.2;13.2;46.6;563.9;19;19.1;19.1;18;15.2;330.5555556;436.1111111;472.2222222;4.5
12391200;14;17;39;118;14.6;17.2;20.2;14.4;46.2;578.6;19.6;19.8;19.8;18.7;16.3;341.6666667;369.4444444;372.2222222;4.3
12392100;14;17;39;118;15.1;17.4;20.4;15;46.4;586;19.8;20;19.9;18.9;16.3;341.6666667;369.4444444;372.2222222;4.3
12393000;15;17;35;88;15.7;17.6;21.2;14.5;45.9;516;20;20.2;20.2;19.1;16.3;341.6666667;369.4444444;372.2222222;4.3
12393900;16;18;33;60;16.9;18.3;21.7;14.3;44.7;481;20.7;20.8;20.9;19.7;16.3;341.6666667;369.4444444;372.2222222;4.3
12394800;16;18;33;62;17.3;18.8;21.4;14.8;44.5;462.7;21.1;21.3;21.3;20.3;18;336.1111111;450;591.6666667;4.1
12395700;17;19;33;58;17.9;19.4;21.6;15.1;44.2;453.6;21.7;22;22;21;18;336.1111111;450;591.6666667;4.1
12396600;18;20;33;65;19.4;20.9;22.6;15.6;35.2;453.6;23.5;23.7;23.7;22.7;18;336.1111111;450;591.6666667;4.1
12397500;20;22;33;75;21.1;22.9;22.9;15.8;33.1;453.6;25.5;25.7;25.6;24.6;18;336.1111111;450;591.6666667;4.1
12398400;21;23;33;72;22.2;24;23;16.2;38;454.7;26.2;26.5;26.4;25.3;18;355.5555556;333.3333333;338.8888889;7.8
12399300;22;23;32;69;22.6;24.4;22.6;16.4;39.4;455.2;26.3;26.6;26.5;25.4;18;355.5555556;333.3333333;338.8888889;7.8
12400200;21;23;32;67;22.3;24.1;23.2;16.6;36.7;455.2;25.8;26;26;25;18;355.5555556;333.3333333;338.8888889;7.8
12401100;21;23;32;66;21.9;23.6;23.3;16.7;33.6;455.2;25.3;25.4;25.5;24.6;18;355.5555556;333.3333333;338.8888889;7.8
12402000;20;22;32;63;21.1;22.8;22.9;16.9;36.2;448.5;24.4;24.5;24.6;23.7;18.3;358.3333333;288.8888889;291.6666667;4.7
12402900;19;21;32;62;20.4;22;23;17;33.2;445.2;23.9;23.9;24;23.1;18.3;358.3333333;288.8888889;291.6666667;4.7
12403800;19;21;32;63;20.1;21.9;23.1;17.8;33.1;445.2;23.8;23.9;24;23.1;18.3;358.3333333;288.8888889;291.6666667;4.7
12404700;19;21;32;66;20.1;21.9;23.3;18.2;34.7;445.2;23.6;23.7;23.8;22.9;18.3;358.3333333;288.8888889;291.6666667;4.7
12405600;13;20;36;326;13.7;20.6;23;17.9;33.4;385.2;22;22;21.9;21.5;18.5;358.3333333;219.4444444;225;1.3
12406500;11;16;43;228;12.4;17.1;23.3;17.8;34.3;355.2;18.9;18.9;18.9;18;18.5;358.3333333;219.4444444;225;1.3
12407400;11;15;43;210;12;16.3;23.2;17.7;33;355.2;18.1;18;18.1;17.2;18.5;358.3333333;219.4444444;225;1.3
12408300;11;15;37;131;12.6;15.8;22.1;17.7;32.2;355.2;17.7;17.6;17.8;16.7;18.5;358.3333333;219.4444444;225;1.3
12409200;12;14;39;124;12.6;15.4;21.8;17.3;33.4;309.4;17.5;17.4;17.5;16.6;18.1;358.3333333;144.4444444;147.2222222;2.7
12410100;10;14;43;185;11;15.1;21.4;17.2;34.5;292.7;16.9;16.8;16.9;16.2;18.1;358.3333333;144.4444444;147.2222222;2.7
12411000;10;13;43;142;11.2;13.9;21.2;17.4;36;292.7;16;15.8;16;15.1;18.1;358.3333333;144.4444444;147.2222222;2.7
12411900;10;13;43;134;11.2;13.9;21;17.9;35.9;292.7;15.7;15.6;15.8;14.8;18.1;358.3333333;144.4444444;147.2222222;2.7
12412800;10;13;43;131;11.2;13.4;20.6;16.9;41.7;210;15.6;15.5;15.6;14.8;14.4;352.7777778;105.5555556;105.5555556;4.8
12413700;10;12;43;125;11.1;13.4;19.9;16.6;43.4;189.3;15.4;15.3;15.4;14.6;14.4;352.7777778;105.5555556;105.5555556;4.8
12414600;10;12;38;99;10.8;13.2;18.5;16.9;46.4;189.3;15.1;15;15.2;14.3;14.4;352.7777778;105.5555556;105.5555556;4.8
12415500;10;12;39;109;10.4;12.8;17.5;17.3;49.5;189.3;14.8;14.7;14.9;14;14.4;352.7777778;105.5555556;105.5555556;4.8
12416400;9;11;42;107;10;12.3;17.2;16.1;51.7;125.1;14;13.9;14.1;13.2;12.7;355.5555556;13.88888889;13.88888889;5
12417300;9;10;43;62;10.2;11.4;16.7;15.9;54.4;115.2;13.2;13.2;13.4;12.4;12.7;355.5555556;13.88888889;13.88888889;5
12418200;9;10;6;11;10.2;10.9;16.3;16.4;57;115.2;13;13.1;13.3;12.2;12.7;355.5555556;13.88888889;13.88888889;5
12419100;9;10;17;45;10;11.1;16.2;16.9;57.7;115.2;13.4;13.4;13.6;12.5;12.7;355.5555556;13.88888889;13.88888889;5
12420000;9;10;6;11;9.8;10.9;15.9;15.9;58.6;67.5;12.8;12.7;12.9;12.1;12.3;347.2222222;5.555555556;8.333333333;2.3
12420900;9;11;14;40;9.8;11.8;15.8;15.7;62;60.2;12.9;12.8;13;12.2;12.3;347.2222222;5.555555556;8.333333333;2.3
12421800;7;9;37;88;8;10.2;15.5;14.9;64.6;64.8;11.8;11.7;12;11.4;12.3;347.2222222;5.555555556;8.333333333;2.3
12422700;6;8;37;69;7.4;9;15.5;13.6;62.4;71.8;10.7;10.6;10.9;10.2;12.3;347.2222222;5.555555556;8.333333333;2.3
12423600;8;8;14;0;8.6;8.5;15.4;13.2;62.2;31.8;11;11;11.3;10.1;12;322.2222222;0;0;2.5
12424500;8;8;0;0;8.6;8.8;15.1;13.1;62.5;17.2;11.6;11.5;11.8;10.3;12;322.2222222;0;0;2.5
12425400;8;8;0;0;9;9.1;15;12.5;63.8;17.2;11.8;11.7;12;10.5;12;322.2222222;0;0;2.5
12426300;8;8;3;2;9.1;9.4;15;12.1;63.5;17.2;12.1;11.9;12.3;10.8;12;322.2222222;0;0;2.5
12427200;7;9;39;99;7.8;10;14.5;11.5;64.8;1.1;11.8;11.5;11.9;11.3;11.2;344.4444444;0;0;2.4
12428100;6;8;10;21;7.1;8.9;14.1;11.5;66.1;0;10.7;10.5;10.8;10.1;11.2;344.4444444;0;0;2.4
12429000;6;9;0;0;7.4;9.3;13.9;11.5;58.8;0;11.1;10.9;11.3;10.3;11.2;344.4444444;0;0;2.4
12429900;7;10;0;0;7.6;10.4;13.8;11.5;57.4;0;11.5;11.4;11.8;10.5;11.2;344.4444444;0;0;2.4
12430800;7;9;0;0;7.9;10.4;13.1;11;64.1;0;11.6;11.7;12;10.8;10;336.1111111;0;0;2.9
12431700;7;9;0;0;8.1;9.9;12.4;11;68.5;0;11.4;11.6;11.7;11.1;10;336.1111111;0;0;2.9
12432600;7;9;0;0;8.3;9.9;12.3;11.2;69.9;0;11.5;11.6;11.8;11.3;10;336.1111111;0;0;2.9
12433500;7.5;9;0;0;8.65;9.9;12.35;11.7;69.75;0;11.8;11.45;12.15;11.55;10;336.1111111;0;0;2.9
12434400;8;9;0;0;9;9.9;12.4;12.2;69.6;0;12.1;11.3;12.5;11.8;9.8;325;0;0;3.5
12435300;8;9;0;0;9.3;10.3;12.4;12.3;70.4;0;12.4;11.2;12.8;12;9.8;325;0;0;3.5
12436200;8;9;0;0;9.6;10.4;12.3;12.3;69.2;0;12.7;11;13;12.2;9.8;325;0;0;3.5
12437100;6;9;28;94;7.5;9.7;12.2;12.3;68.4;0;11.4;10.6;11.5;11;9.8;325;0;0;3.5
12438000;5;8;1;5;5.7;8.7;12.2;11.7;68;0;9.7;9.5;9.7;9.5;9.5;291.6666667;0;0;2.4
12438900;5;8;0;0;6.1;8.9;12.2;11.7;68.8;0;10;9.7;9.9;9.9;9.5;291.6666667;0;0;2.4
12439800;5;8;0;0;6.1;8.9;12.1;11.7;69.4;0;10.3;9.9;10.2;10.2;9.5;291.6666667;0;0;2.4
12440700;6;8;0;0;6.4;8.9;11.6;11.7;70.6;0;10.6;10.3;10.4;10.6;9.5;291.6666667;0;0;2.4
12441600;6;8;0;0;7.2;8.9;11.1;11.3;72.4;0;10.8;10.9;10.6;11.3;8.6;-2775;0;0;2.9
12442500;7;8;0;0;8.3;8.9;10.8;11.3;71.8;0;11;11.3;10.8;11.9;8.6;-2775;0;0;2.9
12443400;4;7;27;99;5.4;7.5;10.7;11.3;71.8;0;9;8.7;9;8.8;8.6;-2775;0;0;2.9
12444300;4;8;0;0;4.9;8.1;10.5;11.3;72.6;0;8.4;8;8.3;8;8.6;-2775;0;0;2.9
12445200;5;7;0;1;6;8.2;10.5;9.2;73.7;0;8.5;8.1;8.5;8.2;8.3;283.3333333;0;0;3.5
12446100;5;9;0;0;6.5;9.2;10.3;8.9;74.4;0;9;8.3;8.7;8.7;8.3;283.3333333;0;0;3.5
12447000;5;8;0;0;6.3;9.2;10.2;8.9;74.9;0;9.2;8.3;8.7;9;8.3;283.3333333;0;0;3.5
12447900;6;7;0;0;6.6;8.2;10;9;74.7;0;9.6;8.3;8.5;9.4;8.3;283.3333333;0;0;3.5
12448800;6;7;0;0;7;7.9;10.2;8.6;73.6;0;9.7;8.4;8.5;9.9;8.4;297.2222222;0;0;4.1
12449700;5;7;1;2;6.8;7.9;10.6;8.5;71;0;9.5;8.5;8.8;10.3;8.4;297.2222222;0;0;4.1
12450600;7;7;0;0;7.9;8.1;10.4;8.3;71.1;0;9.7;8.6;9.1;11.3;8.4;297.2222222;0;0;4.1
12451500;8;7;0;0;8.3;7.9;10.1;8;71.1;0;10.4;8.5;9.3;12;8.4;297.2222222;0;0;4.1
12452400;7;6;0;0;8.3;7.6;10.2;7.6;70;0;10.8;8.5;9.3;12.3;7.5;272.2222222;22.22222222;27.77777778;5.4
12453300;6;6;1;0;7.4;7.4;10;7.5;69.6;0;10.2;8.4;8.9;12.4;7.5;272.2222222;22.22222222;27.77777778;5.4
12454200;6;7;0;0;7;7.4;9.7;7.5;70;0;10.4;8.2;8.7;12.3;7.5;272.2222222;22.22222222;27.77777778;5.4
12455100;7;8;0;0;8.2;9.2;9.8;7.6;70.3;0;11.5;8.2;8.6;11.9;7.5;272.2222222;22.22222222;27.77777778;5.4
12456000;7;7;0;0;8.4;8.7;10;7.4;70;2.2;11.8;8.3;8.9;11.8;8.4;302.7777778;66.66666667;97.22222222;7.8
12456900;8;6;0;0;8.4;7.9;10.5;7.4;67.9;2.7;11.9;8.5;9.5;11.7;8.4;302.7777778;66.66666667;97.22222222;7.8
12457800;8;6;0;0;8.8;7.4;10.9;7.6;65.2;2.7;11.8;8.8;9.9;11.5;8.4;302.7777778;66.66666667;97.22222222;7.8
12458700;6;6;1;0;6.9;7.4;10.5;8;65.8;2.7;11.6;9.1;10;11.5;8.4;302.7777778;66.66666667;97.22222222;7.8
12459600;6;6;0;0;7.6;7.4;11;8.1;64.7;43.8;11.8;9.4;10.2;11.6;9.3;302.7777778;150;272.2222222;8
12460500;7;7;5;38;8.2;7.8;11.3;8.1;62.9;58.7;11.5;10.1;10.8;11;9.3;302.7777778;150;272.2222222;8
12461400;8;8;0;0;9;8.9;11.9;7.9;61.1;58.7;11.3;11;11.5;10.3;9.3;302.7777778;150;272.2222222;8
12462300;6;8;29;99;7.2;9.3;12.1;7.5;59.1;58.7;11.4;11.3;11.7;10.7;9.3;302.7777778;150;272.2222222;8
12463200;4;8;14;53;5;8.8;12.1;7.7;57.8;139.2;10.2;10.1;10.3;9.6;10.2;308.3333333;205.5555556;316.6666667;7
12464100;5;8;0;0;5.6;8.9;11.6;7.8;58.4;168.5;10.6;10.5;10.8;9.7;10.2;308.3333333;205.5555556;316.6666667;7
12465000;5;8;6;20;5.9;8.9;12.2;8.1;56;167.3;11.4;11.4;11.7;10.2;10.2;308.3333333;205.5555556;316.6666667;7
12465900;5;9;43;178;6;9.7;12.5;8.6;54.7;164.8;11.6;11.5;11.7;10.9;10.2;308.3333333;205.5555556;316.6666667;7
12466800;5;8;26;102;6.6;8.8;13.2;9.1;52.9;231.8;10.7;10.7;10.9;9.7;10.8;305.5555556;261.1111111;394.4444444;6.6
12467700;7;8;0;0;8.4;8.4;12.8;9.3;52.8;256.2;10.9;11.4;11.5;9.7;10.8;305.5555556;261.1111111;394.4444444;6.6
12468600;6;9;32;127;7.2;9.6;12.9;9.5;51.2;256.2;12;12.2;12.4;11.1;10.8;305.5555556;261.1111111;394.4444444;6.6
12469500;5;8;40;172;6;9.4;13.8;9.9;48.8;256.2;11.2;11.1;11.3;10.4;10.8;305.5555556;261.1111111;394.4444444;6.6
12470400;7;9;28;76;8.3;9.7;13.2;10.4;49.2;300.4;11.9;12;12.1;10.9;11.2;316.6666667;347.2222222;480.5555556;7.2
12471300;7;9;33;76;8.5;10.3;13.3;10.6;48.7;316.5;12.9;12.9;13;12;11.2;316.6666667;347.2222222;480.5555556;7.2
12472200;9;11;33;78;9.6;11.5;13.8;10.7;47.8;316.5;13.9;14;14.1;13;11.2;316.6666667;347.2222222;480.5555556;7.2
12473100;10;12;33;84;10.7;12.8;14.8;10.9;45.1;316.5;15.5;15.7;15.6;14.6;11.2;316.6666667;347.2222222;480.5555556;7.2
12474000;11;13;33;85;11.7;13.9;15;11.3;45.2;373.6;16.2;16.4;16.4;15.2;11.9;327.7777778;361.1111111;566.6666667;6.4
12474900;10;13;33;82;11.7;13.9;14.8;11.5;45.8;394.4;15.8;15.9;15.8;14.9;11.9;327.7777778;361.1111111;566.6666667;6.4
12475800;10;13;33;82;11.5;13.6;15;11.5;46.7;394.4;15.4;15.5;15.5;14.7;11.9;327.7777778;361.1111111;566.6666667;6.4
12476700;10;12;33;81;11;13.2;14.9;11.5;47.2;394.4;15.1;15.2;15.2;14.4;11.9;327.7777778;361.1111111;566.6666667;6.4
12477600;11;14;33;89;12.3;14.5;15.4;11.9;46;396.9;17.1;17.2;17.1;16.3;10.6;327.7777778;261.1111111;505.5555556;6.5
12478500;13;16;33;95;13.9;16.3;15.9;12.1;43.2;397.8;18.8;19.1;18.8;17.9;10.6;327.7777778;261.1111111;505.5555556;6.5
12479400;13;15;33;88;14.2;16.4;15.3;12;42.8;410.6;18.1;18.4;18.3;17.3;10.6;327.7777778;261.1111111;505.5555556;6.5
12480300;11;14;33;80;12.5;14.6;15;11.9;47;425.3;16.1;16.2;16.2;15.4;10.6;327.7777778;261.1111111;505.5555556;6.5
12481200;10;11;33;61;10.7;12.4;13.9;12.3;59;457.9;13.8;13.8;14;13.3;11.9;300;183.3333333;775;6.4
12482100;8;10;33;50;9.3;10.7;12.9;12.5;65.6;469.7;12.2;12.1;12.3;11.6;11.9;300;183.3333333;775;6.4
12483000;8;9;33;55;8.8;10.2;11.3;12.5;79.7;469.7;12.7;12.8;12.8;12.3;11.9;300;183.3333333;775;6.4
12483900;11;13;33;62;11.9;13.4;11.8;12.5;74;469.7;16;16.4;16.3;15.3;11.9;300;183.3333333;775;6.4
12484800;14;15;30;56;15;16;12.7;13;61.8;463;18.7;19.1;18.8;17.5;13.5;311.1111111;322.2222222;697.2222222;5.6
12485700;15;17;33;97;15.5;17.9;14.2;13;50.8;463;20.5;21;20.7;19.5;13.5;311.1111111;322.2222222;697.2222222;5.6
12486600;16;19;33;105;16.6;19.3;15.8;12;44;463;21.5;22;21.6;20.6;13.5;311.1111111;322.2222222;697.2222222;5.6
12487500;16;19;33;106;17;19.8;16.3;11.1;42.3;463;22.1;22.6;22.2;21.3;13.5;311.1111111;322.2222222;697.2222222;5.6
12488400;16;19;33;103;17.2;19.9;16.8;11.7;40.3;452.2;22.1;22.4;22.1;21.3;14.1;316.6666667;313.8888889;658.3333333;4.8
12489300;16;19;33;101;17.2;19.9;17.2;11.8;39.7;450.5;22;22.3;22;21.2;14.1;316.6666667;313.8888889;658.3333333;4.8
12490200;16;19;33;100;17.4;19.9;17.4;12;39;450.5;21.9;22.2;21.9;21.1;14.1;316.6666667;313.8888889;658.3333333;4.8
12491100;17;19;33;99;17.6;20.3;17.4;12.4;38.8;450.5;22.2;22.7;22.4;21.5;14.1;316.6666667;313.8888889;658.3333333;4.8
12492000;15;18;33;89;16.5;18.9;16.8;12.7;39.2;449.6;20.6;21;20.8;19.9;15;294.4444444;194.4444444;586.1111111;3.9
12492900;16;19;33;95;16.9;19.4;16.9;12.9;40.1;449.2;21.8;22.1;21.9;20.8;15;294.4444444;194.4444444;586.1111111;3.9
12493800;17;19;33;95;17.6;19.9;17.1;13.4;38.9;449.2;22.1;22.4;22.2;20.9;15;294.4444444;194.4444444;586.1111111;3.9
12494700;17;19;33;92;17.7;19.9;17.7;13.9;36.7;449.2;22.2;22.5;22.3;21.2;15;294.4444444;194.4444444;586.1111111;3.9
12495600;12;18;37;295;13;19;17.7;14.2;36.5;413.5;20.5;20.7;20.3;19.7;14.4;305.5555556;213.8888889;316.6666667;3.4
12496500;11;14;37;145;12.1;15.6;17.8;14.2;35.1;408;17.4;17.6;17.5;16.5;14.4;305.5555556;213.8888889;316.6666667;3.4
12497400;11;14;36;110;12.4;14.8;17;14.3;36;408;16.6;16.6;16.6;15.7;14.4;305.5555556;213.8888889;316.6666667;3.4
12498300;10;13;40;177;10.6;14.3;17.6;14.4;35.7;408;16.2;16.2;16.2;15.4;14.4;305.5555556;213.8888889;316.6666667;3.4
12499200;10;13;43;152;11;13.9;17.9;14.4;36;346.8;16;16;16.1;15.1;14.5;300;125;205.5555556;2.7
12500100;10;13;43;137;11;13.5;17.6;14.4;35.3;331.5;15.6;15.6;15.7;14.7;14.5;300;125;205.5555556;2.7
12501000;10;12;43;118;10.8;13.1;17.7;14.7;34.7;331.5;14.9;14.9;15.1;14;14.5;300;125;205.5555556;2.7
12501900;9;12;43;120;10.5;12.9;21.2;15.1;29.8;331.5;15;15;15.1;14.2;14.5;300;125;205.5555556;2.7
12502800;10;12;43;119;10.5;12.9;21.4;14.8;27.8;255.7;14.9;14.9;15.1;14.1;14;300;69.44444444;102.7777778;3.4
12503700;9;11;43;99;10.5;12.4;18.4;14.7;32.5;236.7;14.3;14.3;14.5;13.6;14;300;69.44444444;102.7777778;3.4
12504600;9;11;43;86;10.5;12;16.7;14.5;36.2;236.7;13.9;13.8;14.1;13.1;14;300;69.44444444;102.7777778;3.4
12505500;9;11;37;74;9.7;11.6;16.3;14.2;37.9;236.7;13.6;13.5;13.8;12.8;14;300;69.44444444;102.7777778;3.4
12506400;7;10;39;116;8.6;11.2;15.9;13.9;38;146.1;12.9;12.8;13.1;12.3;13.4;300;16.66666667;19.44444444;2.7
12507300;7;9;39;103;7.9;10.2;15.3;13.8;39.4;123.5;12;11.8;12.1;11.3;13.4;300;16.66666667;19.44444444;2.7
12508200;7;8;39;80;7.8;9.5;15.3;14;39.6;121.8;11.5;11.2;11.6;10.6;13.4;300;16.66666667;19.44444444;2.7
12509100;8;9;15;11;9;9.4;14.9;14.2;40.4;119.2;11.8;11.7;12.1;10.8;13.4;300;16.66666667;19.44444444;2.7
12510000;8;9;0;0;9.1;9.4;14.8;13.6;41;50.2;12.3;12.3;12.7;11.1;13;291.6666667;0;0;1
12510900;8;9;22;52;9;10.3;14.9;13.4;40.6;25.1;12.8;12.8;13.2;11.9;13;291.6666667;0;0;1
12511800;9;10;3;3;9.6;10.9;14.4;13.3;43.9;25.1;12.5;12.3;12.7;11.8;13;291.6666667;0;0;1
12512700;9;10;15;30;9.3;10.9;14.4;13.3;44.6;25.1;12.8;12.6;13;12.1;13;291.6666667;0;0;1
12513600;7;9;39;104;7.7;10.1;14.1;12.8;45.7;8.4;11.7;11.5;11.8;11.2;12.3;294.4444444;0;0;2.5
12514500;7;8;38;52;7.5;8.8;13.8;12.5;47.3;0;10.5;10.3;10.6;9.8;12.3;294.4444444;0;0;2.5
12515400;8;8;3;0;8.3;8.8;13.3;12.6;48.9;0;10.8;10.6;11;9.7;12.3;294.4444444;0;0;2.5
12516300;8;10;0;0;8.5;10.4;12.9;12.7;51.9;0;11.2;10.7;11.2;9.9;12.3;294.4444444;0;0;2.5
12517200;8;9;0;0;8.8;10.4;12.8;12.2;53.2;0;11.4;10.9;11.5;10;11.5;297.2222222;0;0;3.6
12518100;8;9;0;0;8.8;10.4;12.7;12;53.7;0;11.6;11.2;11.7;10.3;11.5;297.2222222;0;0;3.6
12519000;8;9;0;0;9.3;10.4;12.6;12.3;53.9;0;11.7;11.4;11.9;10.5;11.5;297.2222222;0;0;3.6
12519900;8;9;0;0;9.4;10.4;12.4;12.3;55.35;0;11.8;11.6;12.05;10.75;11.5;297.2222222;0;0;3.6
12520800;8;9;0;0;9.5;10.4;12.2;12.3;56.8;0;11.9;11.8;12.2;11;10.9;322.2222222;0;0;4.1
12521700;9;9;0;0;9.8;10.8;12;12.3;57.2;0;11.7;12.1;12;11.2;10.9;322.2222222;0;0;4.1
12522600;7;9;27;55;8.3;9.8;12.3;12.3;56.6;0;11.3;11;11.4;10.8;10.9;322.2222222;0;0;4.1
12523500;5;8;10;38;5.8;8.6;12.6;12.3;54.3;0;10.2;9.9;10.2;10;10.9;322.2222222;0;0;4.1
12524400;5;9;0;0;6.1;9.7;12.9;11.9;53.7;0;10.4;10.1;10.4;10.2;11.1;333.3333333;0;0;4
12525300;5;8;0;0;6.3;9.1;13;11.7;54.1;0;10.8;10.3;10.7;10.6;11.1;333.3333333;0;0;4
12526200;6;8;0;0;6.5;8.9;13;11.7;54.5;0;11.1;10.6;10.9;10.9;11.1;333.3333333;0;0;4
12527100;6;8;15;63;6.7;9;13.2;11.7;54.3;0;11.5;11;11.3;11.1;11.1;333.3333333;0;0;4
12528000;4;7;13;51;5;8.5;13.3;10.7;55.4;0;10.2;9.9;10.3;9.8;11.7;344.4444444;0;0;3.5
12528900;4;7;0;0;4.9;8.4;13.4;10.7;55.9;0;10.4;10.4;10.7;9.9;11.7;344.4444444;0;0;3.5
12529800;4;7;0;0;5.4;8.4;13.5;10.7;56.4;0;10.8;11.1;11;10.2;11.7;344.4444444;0;0;3.5
12530700;4;7;0;0;5.8;8.4;13.5;10.7;56.9;0;11.2;11.7;11.3;10.5;11.7;344.4444444;0;0;3.5
12531600;5;8;31;119;5.8;9;13.7;10.3;57.8;0;11.1;11.1;11.2;10.5;10.8;338.8888889;0;0;3.7
12532500;4;8;0;0;5.5;9.2;13.7;10.2;59.2;0;10.3;10.2;10.4;9.7;10.8;338.8888889;0;0;3.7
12533400;5;8;0;0;5.7;9;13.5;10.5;61;0;10.6;10.3;10.6;10.1;10.8;338.8888889;0;0;3.7
12534300;5;8;0;0;6;8.9;13.2;10.8;61.2;0;10.9;10.6;10.9;10.3;10.8;338.8888889;0;0;3.7
12535200;5;8;4;14;6.1;8.9;13;10.5;61.2;0;11.2;11.1;11.3;10.7;10.4;336.1111111;0;0;3
12536100;4;8;22;89;5;8.5;12.9;10.5;61.4;0;10.3;10;10.2;9.7;10.4;336.1111111;0;0;3
12537000;4;7;0;0;5;7.9;12.9;11;62.4;0;10.2;10;10.1;9.5;10.4;336.1111111;0;0;3
12537900;4;6;0;0;5.5;7.9;12.8;11.5;62.8;0;10.5;10.3;10.5;9.8;10.4;336.1111111;0;0;3
12538800;5;6;0;0;5.6;7.9;12.7;11;64.8;0;10.8;10.7;10.8;10.1;10.2;341.6666667;5.555555556;5.555555556;2.4
12539700;5;6;3;6;6;7.9;12.8;10.9;65.9;0;11.1;11.1;11;10.4;10.2;341.6666667;5.555555556;5.555555556;2.4
12540600;5;8;27;102;5.3;8.6;12.8;10.7;66.9;0;10.2;10;10.2;9.7;10.2;341.6666667;5.555555556;5.555555556;2.4
12541500;4;8;0;0;5.1;9.3;12.8;10.5;66.9;0;9.9;9.7;9.9;9.3;10.2;341.6666667;5.555555556;5.555555556;2.4
12542400;5;8;0;0;5.6;8.6;12.9;10.3;65.8;0.7;10.2;10;10.2;9.7;10.2;341.6666667;22.22222222;22.22222222;2.9
12543300;5;8;0;0;5.6;8.5;13;10.3;65.9;0.8;10.5;10.3;10.5;10;10.2;341.6666667;22.22222222;22.22222222;2.9
12544200;5;8;0;0;6;8.5;12.9;10.3;66.9;0.8;10.8;10.8;10.8;10.3;10.2;341.6666667;22.22222222;22.22222222;2.9
12545100;5;8;28;91;5.8;8.6;12.9;10.4;68;0.8;10.6;10.5;10.6;10.1;10.2;341.6666667;22.22222222;22.22222222;2.9
12546000;5;7;0;0;5.7;8;13;10.4;67.9;28.3;9.9;9.8;10;9.3;9.5;350;44.44444444;47.22222222;3.2
12546900;6;7;1;1;6.5;8;13;10.4;69.2;32.5;10.3;10.2;10.5;9.5;9.5;350;44.44444444;47.22222222;3.2
12547800;6;7;0;0;6.8;8.5;13.2;10.4;68.9;32.5;10.6;10.6;10.8;9.8;9.5;350;44.44444444;47.22222222;3.2
12548700;6;7;0;0;7;8.2;13.3;10.4;69.3;32.5;10.9;10.7;10.9;10.2;9.5;350;44.44444444;47.22222222;3.2
12549600;6;7;2;3;7.3;7.9;13.3;10.6;70.4;72.9;11.1;10.8;11.1;10.4;9.4;350;113.8888889;113.8888889;3.8
12550500;4;8;28;102;5.3;8.5;13.4;10.7;71.5;83;10.3;10.2;10.4;9.8;9.4;350;113.8888889;113.8888889;3.8
12551400;4;7;0;0;5;8.5;13.7;10.6;70.9;77.8;10;10;10.1;9.5;9.4;350;113.8888889;113.8888889;3.8
12552300;5;7;0;0;5.6;8.5;13.8;10.5;71.1;71.8;10.3;10.2;10.4;9.8;9.4;350;113.8888889;113.8888889;3.8
12553200;5;7;0;0;5.7;8.5;14.1;10.7;69.8;111.1;10.7;10.5;10.8;10.1;10.2;350;130.5555556;133.3333333;4.3
12554100;7;9;13;56;7.9;9.5;14.2;10.8;70.1;120.9;11.7;11.6;11.7;11;10.2;350;130.5555556;133.3333333;4.3
12555000;8;9;11;30;9.1;10;14.3;10.4;70;120.9;11.8;12;12.1;11.2;10.2;350;130.5555556;133.3333333;4.3
12555900;8;9;21;40;8.5;9.6;14.1;9.9;69.5;120.9;11.4;11.6;11.8;10.6;10.2;350;130.5555556;133.3333333;4.3
12556800;4;8;43;173;5.4;8.9;14.2;10.2;67.6;158.4;10.6;10.5;10.7;10;10.5;350;180.5555556;180.5555556;5
12557700;4;7;2;12;5.3;8;14;10.3;65.7;167.8;10.1;10.2;10.2;9.2;10.5;350;180.5555556;180.5555556;5
12558600;5;7;0;0;5.3;8;13.8;10.1;66.3;167.8;10.4;10.3;10.5;9.5;10.5;350;180.5555556;180.5555556;5
12559500;5;8;0;0;5.8;9.1;13.8;9.8;64.8;167.8;10.7;10.6;10.8;9.8;10.5;350;180.5555556;180.5555556;5
12560400;5;9;29;128;5.9;9.5;13.7;10.3;64.6;208;11.4;11.5;11.7;10.7;10.6;344.4444444;233.3333333;233.3333333;5
12561300;5;7;39;109;6.2;8.7;13.9;10.4;64.4;218.1;10.4;10.5;10.6;9.7;10.6;344.4444444;233.3333333;233.3333333;5
12562200;6;7;21;50;7.2;8.6;13.9;10.4;64.4;218.1;10.4;10.5;10.7;9.5;10.6;344.4444444;233.3333333;233.3333333;5
12563100;5;8;41;146;6;8.8;13.9;10.4;64;218.1;10.8;10.7;11;10;10.6;344.4444444;233.3333333;233.3333333;5
12564000;6;7;9;32;7;8.1;14.2;10.9;62.6;210.2;10.4;10.6;10.7;9.4;11.2;344.4444444;333.3333333;336.1111111;5.5
12564900;7;7;0;0;7.6;8.1;14.8;11;61.1;208.2;10.9;12.1;12;9.7;11.2;344.4444444;333.3333333;336.1111111;5.5
12565800;7;9;29;87;7.9;10;15.5;11;59.9;196.8;12.8;13.6;13.2;11.7;11.2;344.4444444;333.3333333;336.1111111;5.5
12566700;8;10;43;82;9.6;10.9;15.9;10.9;57.3;174;13.2;13.2;13.5;12.2;11.2;344.4444444;333.3333333;336.1111111;5.5
12567600;9;11;43;100;9.6;11.3;15.7;11.1;56;175.2;13.7;13.7;13.9;12.8;11.6;341.6666667;302.7777778;302.7777778;4.9
12568500;7;10;40;149;8;11.2;15.2;11.2;59.1;175.7;13.2;13.2;13.4;12.4;11.6;341.6666667;302.7777778;302.7777778;4.9
12569400;6;9;42;163;6.7;10.2;15.3;11.1;59.1;175.7;12;12;12.1;11.2;11.6;341.6666667;302.7777778;302.7777778;4.9
12570300;6;9;39;111;7.1;9.8;15.3;10.8;58.1;175.7;12;11.9;12.1;11;11.6;341.6666667;302.7777778;302.7777778;4.9
12571200;8;9;41;81;8.6;10.1;16.1;11;56.1;238.4;12.6;12.5;12.7;11.6;13.1;341.6666667;422.2222222;447.2222222;4.6
12572100;7;11;43;175;7.7;11.2;16.4;11.1;54.7;261.2;13.7;13.6;13.8;12.8;13.1;341.6666667;422.2222222;447.2222222;4.6
12573000;8;11;39;123;9.2;11.8;17.2;11.2;53.2;261.2;14.4;14.5;14.5;13.4;13.1;341.6666667;422.2222222;447.2222222;4.6
12573900;9;12;41;156;9.7;13;17.3;11.4;52.3;261.2;15.1;15.2;15.2;14.2;13.1;341.6666667;422.2222222;447.2222222;4.6
12574800;8;12;39;167;9.5;13;17.3;11.6;51.9;212.9;15.1;15.1;15.2;14.2;13.6;344.4444444;400;438.8888889;4.9
12575700;8;11;38;121;9.6;12.3;16.7;11.7;53.1;195.4;14.3;14.4;14.4;13.5;13.6;344.4444444;400;438.8888889;4.9
12576600;9;12;43;149;9.9;13;17.7;11.8;52;195.4;15.6;15.6;15.7;14.6;13.6;344.4444444;400;438.8888889;4.9
12577500;10;13;43;167;10.5;14.2;18.4;11.9;50.4;195.4;16.6;16.7;16.7;15.6;13.6;344.4444444;400;438.8888889;4.9
12578400;10;14;43;178;10.6;14.3;18;12.1;50.8;195.1;16.6;16.7;16.7;15.6;13;347.2222222;247.2222222;250;5
12579300;10;13;43;150;10.6;13.9;17.5;12.2;51.9;195;15.8;15.9;16;15;13;347.2222222;247.2222222;250;5
12580200;9;13;38;169;9.6;13.5;16.8;12.6;54.3;195;15.2;15.2;15.3;14.4;13;347.2222222;247.2222222;250;5
12581100;8;11;41;162;9;12.5;17.2;13.4;54.3;195;14.4;14.4;14.4;13.5;13;347.2222222;247.2222222;250;5
12582000;9;12;39;119;9.7;12.3;17.6;13.3;52.7;209.4;14.6;14.6;14.7;13.6;13.4;347.2222222;186.1111111;186.1111111;3.2
12582900;9;11;37;93;10;12.3;16.8;13.3;53.3;219;14.3;14.3;14.4;13.4;13.4;347.2222222;186.1111111;186.1111111;3.2
12583800;9;11;43;117;10;12;16.6;13.4;54.1;219;13.9;13.8;14;13.1;13.4;347.2222222;186.1111111;186.1111111;3.2
12584700;9;11;43;91;9.8;11.8;16.5;13.5;54.5;219;13.8;13.7;13.9;12.9;13.4;347.2222222;186.1111111;186.1111111;3.2
12585600;9;11;43;91;9.8;11.8;16.6;13.2;54.7;170.4;13.8;13.8;14;13;13.1;352.7777778;86.11111111;86.11111111;2.8
12586500;9;11;43;94;9.8;11.8;16.2;13.2;55.8;166.9;13.9;13.8;14.1;13.1;13.1;352.7777778;86.11111111;86.11111111;2.8
12587400;9;11;43;85;9.8;11.8;16;13;56.4;166.9;13.7;13.6;13.9;12.9;13.1;352.7777778;86.11111111;86.11111111;2.8
12588300;9;10;43;79;9.8;11.5;15.8;12.7;55;166.9;13.4;13.4;13.6;12.6;13.1;352.7777778;86.11111111;86.11111111;2.8
12589200;9;10;40;66;9.8;11.2;15.4;12.5;55.1;118.4;12.9;12.9;13.2;12.2;11.9;347.2222222;36.11111111;36.11111111;2.8
12590100;8;10;20;44;9.3;10.8;14.9;12.5;57.5;110.9;12.6;12.6;12.8;11.8;11.9;347.2222222;36.11111111;36.11111111;2.8
12591000;6;9;39;104;7.4;9.7;14.2;12.8;58.3;110.9;11.4;11.3;11.6;10.8;11.9;347.2222222;36.11111111;36.11111111;2.8
12591900;6;8;32;75;6.8;8.7;13.8;13.2;58.7;110.9;10.5;10.4;10.7;9.8;11.9;347.2222222;36.11111111;36.11111111;2.8
12592800;7;8;0;0;7.6;8.7;13.5;13;61.2;76.2;10.7;10.7;10.9;9.7;10;347.2222222;5.555555556;5.555555556;2.6
12593700;7;10;0;0;8;9.8;13.1;12.9;65.1;67.5;11;11;11.3;10;10;347.2222222;5.555555556;5.555555556;2.6
12594600;7;10;0;0;8.1;10.3;12.4;12.9;68.7;67.7;11;11;11.3;10.3;10;347.2222222;5.555555556;5.555555556;2.6
12595500;7;9;0;0;8.2;10;12.2;13;71.4;68.2;11.1;11.1;11.3;10.5;10;347.2222222;5.555555556;5.555555556;2.6
12596400;7;9;0;0;8.6;9.8;11.9;12.7;72.7;28.9;11.3;11.1;11.6;10.7;9;347.2222222;0;0;2.2
12597300;8;9;0;0;8.6;9.8;11.8;12.6;74.5;14.6;11.5;10.9;11.9;11;9;347.2222222;0;0;2.2
12598200;6;8;26;57;7.3;9;11.7;11.9;76.2;14.6;10.5;10.3;10.7;10;9;347.2222222;0;0;2.2
12599100;6;8;0;0;6.7;8.3;11.6;11.6;78.4;14.6;9.9;9.8;10;9.6;9;347.2222222;0;0;2.2
12600000;6;7;0;0;7.1;8.3;11.7;11.3;79.1;4.9;10.2;10;10.3;9.8;9.1;336.1111111;0;0;1.8
12600900;6;7;0;0;7.2;8.3;11.5;11.1;77.3;0;10.5;10.1;10.4;10.1;9.1;336.1111111;0;0;1.8
12601800;7;8;0;0;7.6;8.9;11.5;10.1;76.7;0;10.7;10.2;10.5;10.4;9.1;336.1111111;0;0;1.8
12602700;7;10;0;0;7.8;10.3;11.6;9.5;76;0;10.9;10.3;10.6;10.7;9.1;336.1111111;0;0;1.8
12603600;7;9;1;1;7.9;9.9;11.7;9.1;76.3;0;11;10.5;10.8;10.6;9.3;330.5555556;0;0;2.1
12604500;8;8;0;0;8.5;9;11.7;9.1;76.4;0;10.9;10.6;11;10.9;9.3;330.5555556;0;0;2.1
12605400;5;7;28;107;6.2;8.3;11.7;9.1;77;0;10.5;10.1;10.5;10.2;9.3;330.5555556;0;0;2.1
12606300;4.5;7;14;53.5;5.7;8.05;11.8;10.2;77.2;0;10.1;9.75;10.1;9.75;9.3;330.5555556;0;0;2.1
12607200;4;7;0;0;5.2;7.8;11.9;11.3;77.4;0;9.7;9.4;9.7;9.3;9.2;313.8888889;0;0;1.3
12608100;5;8;0;1;6.4;8.1;11.9;11.5;78.1;0;9.9;9.9;10.1;9.4;9.2;313.8888889;0;0;1.3
12609000;5;7;0;0;6.7;8.3;11.8;11.5;78.4;0;10.2;10;10.3;9.9;9.2;313.8888889;0;0;1.3
12609900;6;7;0;0;6.7;8.2;11.8;11.5;78.3;0;10.6;10.1;10.5;10.2;9.2;313.8888889;0;0;1.3
12610800;6;8;1;2;6.9;8.6;11.6;11.2;78;0;10.7;10.2;10.5;10.5;8.7;319.4444444;0;0;2.3
12611700;5;8;0;0;6.5;8.8;11.4;11.1;78.4;0;10.6;10.3;10.6;10.4;8.7;319.4444444;0;0;2.3
12612600;6;8;7;29;6.7;8.8;11.3;11.1;78.4;0;10.9;10.4;10.8;10.7;8.7;319.4444444;0;0;2.3
12613500;5;7;22;77;5.8;7.7;11.3;11.1;78.1;0;9.2;9;9.3;8.9;8.7;319.4444444;0;0;2.3
12614400;6;6;0;0;6.7;7.3;11.2;10.8;77.7;0;9.2;9;9.3;8.8;8.7;327.7777778;0;0;2.3
12615300;6;6;0;0;7.2;7.3;11.2;10.7;77.9;0;9.5;9.6;9.6;9;8.7;327.7777778;0;0;2.3
12616200;6;6;0;0;7.2;7.3;11.4;10.7;77.6;0;9.8;10;9.9;9.3;8.7;327.7777778;0;0;2.3
12617100;6;7;1;0;7.2;7.9;11.4;10.7;77.5;0;9.9;10;10;9.4;8.7;327.7777778;0;0;2.3
12618000;7;7;0;0;7.7;8.3;11.3;9.3;77.3;0;10.3;10.1;10.3;9.9;8.4;322.2222222;0;0;2.3
12618900;7;8;0;0;7.8;8.5;11.3;8.9;77.4;0;10.7;10.1;10.6;10.2;8.4;322.2222222;0;0;2.3
12619800;7;8;0;0;8.2;8.9;11.3;8.8;76.9;0;10.9;10.1;10.5;10.6;8.4;322.2222222;0;0;2.3
12620700;5;8;0;1;6.6;8.8;11.2;8.6;76.8;0;10.3;10;10.3;10.5;8.4;322.2222222;0;0;2.3
12621600;5;7;20;76;5.9;8.3;11.2;8.4;76.8;0;10.4;9.8;10.3;10.2;8.2;311.1111111;0;0;3
12622500;3;7;8;28;4;7.2;11.1;8.4;76.8;0;8.8;8.5;8.8;8.4;8.2;311.1111111;0;0;3
12623400;3;6;1;3;4.3;7.3;11;8.4;77.3;0;9;8.7;9.1;8.6;8.2;311.1111111;0;0;3
12624300;6;7;0;0;6.7;7.8;11;8.4;77.1;0;9.3;9.3;9.5;8.7;8.2;311.1111111;0;0;3
12625200;5;7;0;0;6.1;8.2;11;8.5;76.8;0;9.7;9.4;9.5;9.1;8;-2775;19.44444444;30.55555556;4.1
12626100;5;5;0;0;6;7.1;10.5;8.5;78;0;10;9.3;9.6;9.4;8;-2775;19.44444444;30.55555556;4.1
12627000;5;5;0;0;6.4;6.9;10.3;8.4;79.5;0;10.1;9.2;9.5;9.8;8;-2775;19.44444444;30.55555556;4.1
12627900;5;8;1;6;6.8;8.7;10.5;8.3;79.5;0;10.3;9.3;9.6;9.9;8;-2775;19.44444444;30.55555556;4.1
12628800;6;8;0;0;6.7;8.8;10.4;8.3;79.3;2.4;9.9;9.3;9.9;9.9;8.8;269.4444444;44.44444444;147.2222222;3.8
12629700;7;7;0;0;7.8;8.1;10.4;8.3;79.3;3;10.7;9.3;10.4;10.6;8.8;269.4444444;44.44444444;147.2222222;3.8
12630600;8;6;0;0;8.7;7.4;10.6;8.2;79.1;3;11.2;9.2;11;11.2;8.8;269.4444444;44.44444444;147.2222222;3.8
12631500;8;5;1;0;8.9;6.4;10.9;8.1;78.1;3;12.2;9.3;12;11.9;8.8;269.4444444;44.44444444;147.2222222;3.8
12632400;4;7;42;137;5.4;8.4;11.2;8.4;77.1;47.1;10.4;9.5;10.5;10;9.5;277.7777778;91.66666667;241.6666667;4.3
12633300;7;7;14;0;7.4;7.3;11.6;8.5;74.7;63.2;10.2;9.8;10.4;9.1;9.5;277.7777778;91.66666667;241.6666667;4.3
12634200;7;6;0;0;7.7;7.3;12.1;8.4;71.5;63.2;12;10.9;11.4;9.5;9.5;277.7777778;91.66666667;241.6666667;4.3
12635100;7;8;21;75;7.3;8.9;12.3;8.3;70;63.2;13.2;12;12.9;11.3;9.5;277.7777778;91.66666667;241.6666667;4.3
12636000;5;9;43;177;6.1;9.7;12.6;8.7;68.8;135.6;11.5;11.3;11.6;10.6;11.5;300;161.1111111;422.2222222;5.1
12636900;7;9;31;65;7.9;9.6;13;8.8;64.4;161.9;12.1;11.9;12.2;10.7;11.5;300;161.1111111;422.2222222;5.1
12637800;8;10;33;77;9;10.9;13.4;9;62.5;162.6;13.5;13.4;13.6;12.1;11.5;300;161.1111111;422.2222222;5.1
12638700;8;11;33;79;9.6;11.5;14.1;9.3;60;164.1;14.1;14;14.2;12.8;11.5;300;161.1111111;422.2222222;5.1
12639600;10;12;33;83;10.7;12.8;15.1;9.9;54.9;260.1;15.3;15.2;15.4;13.9;11.9;308.3333333;213.8888889;483.3333333;5.5
12640500;10;13;33;86;11.5;13.6;14.9;10.1;54.5;295;16.4;16.3;16.4;15.1;11.9;308.3333333;213.8888889;483.3333333;5.5
12641400;12;15;33;93;13;15.4;14.9;10.2;55.2;295;18.2;18.2;18.2;16.6;11.9;308.3333333;213.8888889;483.3333333;5.5
12642300;13;15;33;91;13.7;16;14.9;10.3;53.2;295;18.1;18.3;18.3;16.8;11.9;308.3333333;213.8888889;483.3333333;5.5
12643200;11;15;40;182;12.3;16.3;15.4;11;51.9;381.8;18.4;18.3;18.3;17;13.5;316.6666667;247.2222222;538.8888889;5.9
12644100;10;14;43;202;10.7;15;15.2;11.3;51.8;413.3;16.7;16.9;16.9;15.7;13.5;316.6666667;247.2222222;538.8888889;5.9
12645000;9;13;43;179;9.8;13.5;15.3;11.7;51.4;413.3;15.6;15.6;15.6;14.6;13.5;316.6666667;247.2222222;538.8888889;5.9
12645900;9;12;41;158;10;13.4;15.6;12.5;49.4;413.3;15.7;15.6;15.6;14.6;13.5;316.6666667;247.2222222;538.8888889;5.9
12646800;13;14;33;58;13.7;14.9;16.1;13.2;49.3;462;17.7;17.9;17.8;16.4;14.3;338.8888889;250;383.3333333;6.8
12647700;14;17;33;78;15.5;17.3;17.1;13.4;45.2;479.7;19.7;19.9;19.9;18.5;14.3;338.8888889;250;383.3333333;6.8
12648600;15;17;33;70;16;17.8;17.2;13.4;45.2;479.7;19.8;20;20;18.8;14.3;338.8888889;250;383.3333333;6.8
12649500;15;16;31;48;16.1;17.3;16.9;13.4;45.7;479.7;19.6;19.6;19.7;18.6;14.3;338.8888889;250;383.3333333;6.8
12650400;15;17;33;86;15.9;18.2;18;14;43.7;486.4;20.4;20.4;20.5;19.5;13.8;333.3333333;369.4444444;502.7777778;5.9
12651300;14;16;33;78;15.4;17.5;17.1;14.2;45.2;488.8;19.1;19.1;19.3;18.2;13.8;333.3333333;369.4444444;502.7777778;5.9
12652200;13;15;33;74;14.1;16.1;17.4;14.2;46.2;476.7;17.7;17.7;17.9;17.1;13.8;333.3333333;369.4444444;502.7777778;5.9
12653100;12;14;33;72;13.4;15.3;17.4;14.2;46.5;452.5;17.2;17.2;17.4;16.5;13.8;333.3333333;369.4444444;502.7777778;5.9
12654000;13;15;33;73;13.4;15.3;18;14.5;45.7;466;17.6;17.6;17.8;16.9;13.8;322.2222222;302.7777778;583.3333333;5.8
12654900;14;16;33;76;14.7;16.5;17.9;14.6;45.4;470.9;19.2;19.2;19.3;18.4;13.8;322.2222222;302.7777778;583.3333333;5.8
12655800;17;19;33;85;17.5;19.5;18.6;14.6;42.4;470.9;22.5;22.6;22.5;21.5;13.8;322.2222222;302.7777778;583.3333333;5.8
12656700;17;19;33;79;18.5;20.5;18.3;14.7;42.9;470.9;22.2;22.4;22.4;21.2;13.8;322.2222222;302.7777778;583.3333333;5.8
12657600;11;18;37;299;12.7;18.7;18;14.8;44.3;463.2;20.2;20;20;19.5;15.3;341.6666667;450;583.3333333;5.4
12658500;11;17;43;285;11.9;17.5;19.6;14.9;40.9;459.3;20.1;20.3;20;19.3;15.3;341.6666667;450;583.3333333;5.4
12659400;11;17;43;294;12.3;18.5;20.2;14.7;40.6;459.3;20.3;20.6;20.2;19.1;15.3;341.6666667;450;583.3333333;5.4
12660300;11;16;40;229;12;16.7;20.6;14.1;39.3;459.3;18.4;18.5;18.4;17.3;15.3;341.6666667;450;583.3333333;5.4
12661200;14;15;31;56;14.6;16.2;20;14.2;39.7;437.7;18.6;18.7;18.7;17.4;14.2;347.2222222;319.4444444;352.7777778;3.9
12662100;15;16;33;57;15.8;17.1;19.9;14.2;40;426.9;19.7;19.7;19.8;18.7;14.2;347.2222222;319.4444444;352.7777778;3.9
12663000;16;18;33;59;17.2;18.6;20;14.1;40.1;426.9;20.7;20.8;20.9;19.8;14.2;347.2222222;319.4444444;352.7777778;3.9
12663900;16;18;33;58;17.4;18.8;19.9;13.9;40.3;426.9;20.7;20.9;21;20;14.2;347.2222222;319.4444444;352.7777778;3.9
12664800;13;18;39;232;13.6;18.5;19.3;14;41.2;360.3;20.1;20;20.1;19.4;14.3;347.2222222;194.4444444;200;3.6
12665700;10;14;43;158;11.5;14.9;18.1;14;43.5;360.3;16.3;16.3;16.4;15.6;14.3;347.2222222;194.4444444;200;3.6
12666600;9;12;43;124;10.7;13.2;17.4;14.6;45.5;360.3;15;14.9;15.1;14.2;14.3;347.2222222;194.4444444;200;3.6
12667500;10;12;36;102;10.9;13.3;18.3;15.3;44.1;360.3;15.6;15.5;15.7;14.7;14.3;347.2222222;194.4444444;200;3.6
12668400;10;12;36;120;10.9;13.4;17.9;15;44.1;328.5;15.3;15.3;15.3;14.4;14.6;341.6666667;211.1111111;216.6666667;2.5
12669300;9;11;43;117;10.2;12.5;17.8;14.9;45.6;316.9;14.4;14.3;14.5;13.6;14.6;341.6666667;211.1111111;216.6666667;2.5
12670200;9;11;43;113;10.3;12.3;18.5;14.6;44.6;316.9;14.6;14.5;14.7;13.8;14.6;341.6666667;211.1111111;216.6666667;2.5
12671100;9;12;43;128;10.3;12.7;18.6;13.9;42.4;316.9;15.1;15;15.2;14.2;14.6;341.6666667;211.1111111;216.6666667;2.5
12672000;9;12;43;124;10.3;12.8;18.1;13.7;43.4;263.6;15;15;15.1;14.1;14.9;344.4444444;141.6666667;147.2222222;2.3
12672900;9;12;17;47;10.3;12.8;18.3;13.6;43.4;237;14.9;15;15.1;14;14.9;344.4444444;141.6666667;147.2222222;2.3
12673800;10;12;0;0;10.3;12.7;18.4;13.8;43.7;237;15.3;15.3;15.5;14.2;14.9;344.4444444;141.6666667;147.2222222;2.3
12674700;10;10;0;0;10.8;10.9;18.5;14;43.8;237;15.5;15.5;15.7;14.3;14.9;344.4444444;141.6666667;147.2222222;2.3
12675600;10;7;0;0;10.9;9.2;17.8;13.5;45.8;155.5;16.1;16;16.5;14.5;14.1;355.5555556;27.77777778;27.77777778;2.2
12676500;10;7;0;0;11.3;8.8;17.2;13.5;49;149.7;16.7;16.4;16.9;14.7;14.1;355.5555556;27.77777778;27.77777778;2.2
12677400;10;7;0;0;11.3;8.8;16.8;13.8;50.5;149.7;16.9;16.6;17.1;14.9;14.1;355.5555556;27.77777778;27.77777778;2.2
12678300;8;9;1;0;9.3;10.6;16.5;14.1;52;149.7;17.2;17.1;17.5;15.4;14.1;355.5555556;27.77777778;27.77777778;2.2
12679200;9;8;0;0;10.4;9.3;15.8;13.7;59.2;87.6;16.7;16.7;17;15.2;12.8;341.6666667;8.333333333;8.333333333;0.7
12680100;9;11;26;88;10.3;11;15.4;13.6;61.4;78.1;15.3;15.2;15.4;14.4;12.8;341.6666667;8.333333333;8.333333333;0.7
12681000;9;10;3;4;10.4;11.4;15.2;14;63.4;77;12.8;12.9;13.1;12.4;12.8;341.6666667;8.333333333;8.333333333;0.7
12681900;9;10;20;44;10.1;11.3;14.9;14.5;65.7;75.4;12.9;12.9;13.1;12.4;12.8;341.6666667;8.333333333;8.333333333;0.7
12682800;9;9;3;5;9.4;10.4;14.5;14.1;67.8;32.4;12.2;12.1;12.3;11.7;11.8;344.4444444;0;0;1.9
12683700;9;10;0;0;9.8;10.4;14.3;14;69;21.7;12.4;12.3;12.5;12;11.8;344.4444444;0;0;1.9
12684600;9;8;0;0;10.2;10.2;14.3;13.9;69.3;21.7;12.7;12.4;12.8;12.2;11.8;344.4444444;0;0;1.9
12685500;9;7;0;0;10.4;9.5;14.3;13.7;69.1;21.7;12.9;12.7;12.8;12.5;11.8;344.4444444;0;0;1.9
12686400;9;7;0;0;10.8;9.4;14.3;13.2;68.4;7.4;13;12.9;13.1;12.8;12;344.4444444;0;0;2.5
12687300;10;8;0;0;11.2;9.4;14.3;13;66.8;0.2;13;13.1;13.3;13.1;12;344.4444444;0;0;2.5
12688200;10;9;1;1;10.9;10.2;14.3;12.7;66;0.2;13.1;13.3;13.5;13.3;12;344.4444444;0;0;2.5
12689100;8;11;0;0;8.9;11.4;14.4;12.2;65.9;0.2;13.6;13.4;13.8;13.4;12;344.4444444;0;0;2.5
12690000;9;8;0;0;10.5;10.1;14.3;11.7;65.7;0.1;13.7;13.4;14;13.9;11.9;347.2222222;0;0;0.9
12690900;10;7;0;0;11.9;8.4;14.4;11.4;65.5;0;13.6;13.5;14.1;14.2;11.9;347.2222222;0;0;0.9
12691800;11;6;0;0;12.4;7.9;14.4;11.4;65.3;0;13.6;13.5;14.2;14.5;11.9;347.2222222;0;0;0.9
12692700;11;6;0;0;12.4;7.9;14.4;11.45;65.2;0;13.65;13.5;14.15;14.65;11.9;347.2222222;0;0;0.9
12693600;11;6;0;0;12.4;7.9;14.4;11.5;65.1;0;13.7;13.5;14.1;14.8;11.6;350;0;0;1
12694500;11;6;0;0;12.4;7.9;14.5;11.5;65.4;0;13.7;13.5;14;14.8;11.6;350;0;0;1
12695400;11;7;0;0;12.4;8;14.5;11.5;66.6;0;13.7;13.5;13.8;14.8;11.6;350;0;0;1
12696300;12;7;0;0;12.5;8.4;14.5;11.5;66.5;0;13.6;13.4;13.7;14.8;11.6;350;0;0;1
12697200;12;10;0;0;12.9;10.6;14.4;11.2;68;0;13.5;13.3;13.6;14.8;10.8;347.2222222;0;0;1.1
12698100;12;10;0;0;12.9;11.3;14.1;11.1;69.2;0;13.5;13.2;13.5;14.8;10.8;347.2222222;0;0;1.1
12699000;12;10;0;0;12.9;11.4;13.8;11.1;70.5;0;13.7;13.1;13.5;14.7;10.8;347.2222222;0;0;1.1
12699900;12;10;0;0;12.9;11.4;13.5;11.1;73.3;0;14.3;13;13.4;14.6;10.8;347.2222222;0;0;1.1
12700800;12;10;0;0;13.4;11.4;13.4;10.8;74.9;0;15.2;12.9;13.3;14.4;10.3;355.5555556;0;0;2.2
12701700;12;10;0;0;13.4;11.4;13.5;10.7;75.5;0;15.7;12.8;13.2;14.4;10.3;355.5555556;0;0;2.2
12702600;12;10;0;0;13.4;11.4;13.5;10.7;74.6;0;15.7;12.8;13.1;14.6;10.3;355.5555556;0;0;2.2
12703500;12;10;0;0;13.4;11.4;13.6;10.7;74.1;0;15.4;12.8;13.1;14.8;10.3;355.5555556;0;0;2.2
12704400;12;10;0;0;13.4;11.4;13.9;10.7;72.7;0;15.2;12.8;13.1;14.9;10.3;352.7777778;0;0;2.3
12705300;9;11;0;0;10.2;11.6;13.9;10.7;72.1;0;15.1;12.7;13;14.9;10.3;352.7777778;0;0;2.3
12706200;8;11;0;0;11;12.3;13.8;10.6;71.1;0;15.3;12.7;13;14.9;10.3;352.7777778;0;0;2.3
12707100;9;8;0;0;12.1;9.9;13.8;10.5;69.9;0;15;12.7;13;14.9;10.3;352.7777778;0;0;2.3
12708000;10;6;0;0;12.3;8.2;13.8;10.2;70.4;0;14.8;12.6;13;14.9;10;344.4444444;0;0;1.4
12708900;10;6;0;0;12.3;7.9;13.8;10.1;69.5;0;14.6;12.6;12.9;14.7;10;344.4444444;0;0;1.4
12709800;10;6;0;0;12.3;7.9;13.8;10.1;69.2;0;14.4;12.6;12.9;14.6;10;344.4444444;0;0;1.4
12710700;10;6;0;0;12.3;7.9;13.5;10;70.3;0;14.4;12.5;12.9;14.4;10;344.4444444;0;0;1.4
12711600;10;6;0;0;12.3;7.9;13.3;9.9;70.4;0;14.4;12.4;12.7;14.3;9.5;308.3333333;11.11111111;11.11111111;1.6
12712500;11;6;0;0;12.3;7.9;13.3;9.8;70.7;0;14.3;12.3;12.6;14.3;9.5;308.3333333;11.11111111;11.11111111;1.6
12713400;11;6;0;0;12.3;7.8;12.7;9.9;72.2;0;14.2;12.1;12.4;14.2;9.5;308.3333333;11.11111111;11.11111111;1.6
12714300;11;9;0;0;12.3;9.9;12.1;10.1;74.2;0;14.1;11.7;12;14.2;9.5;308.3333333;11.11111111;11.11111111;1.6
12715200;11;9;0;0;12.3;10;11.5;10;76.5;2.4;14.1;11.3;11.6;14.1;9.6;313.8888889;80.55555556;88.88888889;1.9
12716100;8;9;2;1;9.4;10.3;11.4;10;77.3;3.3;13.9;11;11.4;14.1;9.6;313.8888889;80.55555556;88.88888889;1.9
12717000;7;7;0;0;9.3;9.6;11.9;10;76.2;3.3;14.1;10.9;11.5;14.2;9.6;313.8888889;80.55555556;88.88888889;1.9
12717900;10;6;0;0;11.5;7.1;12.8;10;72.9;3.3;14.1;11.3;11.8;14.1;9.6;313.8888889;80.55555556;88.88888889;1.9
12718800;11;5;0;0;11.5;6.5;13.4;10.1;70.3;36.1;14.1;11.8;12.3;14;10.5;338.8888889;158.3333333;161.1111111;2.5
12719700;11;5;0;0;11.5;6.5;13.6;10.2;69.4;52.5;14.1;12.5;12.8;14;10.5;338.8888889;158.3333333;161.1111111;2.5
12720600;11;5;0;0;11.5;6.5;14.1;10.1;67.6;52.5;14.2;13.3;13.3;14;10.5;338.8888889;158.3333333;161.1111111;2.5
12721500;11;5;0;0;11.6;6.5;14.4;9.8;66.3;52.5;14.3;14;13.8;14;10.5;338.8888889;158.3333333;161.1111111;2.5
12722400;11;7;0;0;12;7.7;14.8;10.2;66.2;120.9;14.7;14.6;14;13.9;11.2;341.6666667;266.6666667;280.5555556;2.1
12723300;11;8;0;0;12;9.5;15;10.4;64.7;155.1;15.1;15;14.3;14;11.2;341.6666667;266.6666667;280.5555556;2.1
12724200;11;8;0;0;12;9.5;15.3;10.3;64.2;152.6;15.6;15.4;14.9;14.1;11.2;341.6666667;266.6666667;280.5555556;2.1
12725100;11;7;0;0;12.5;9.3;15.6;10.3;62.7;151.3;16.5;16;15.7;14.2;11.2;341.6666667;266.6666667;280.5555556;2.1
12726000;11;6;0;0;12.5;8.6;16;10.7;61.3;227.6;17.5;16.8;16.8;14.4;12.5;344.4444444;361.1111111;388.8888889;2.1
12726900;12;6;0;0;12.5;8;16.2;10.9;60;265.7;18.6;17.7;17.9;14.5;12.5;344.4444444;361.1111111;388.8888889;2.1
12727800;12;6;0;0;13;8;16.9;11.1;58.6;265.7;19.9;18.8;19.2;14.7;12.5;344.4444444;361.1111111;388.8888889;2.1
12728700;12;6;0;0;13;7.5;17.5;11.2;56.4;265.7;21;19.7;20.1;14.9;12.5;344.4444444;361.1111111;388.8888889;2.1
12729600;12;6;0;0;13;7.5;17.9;11.7;54;345.1;22;20.7;21.1;15.1;12.7;350;413.8888889;436.1111111;2.1
12730500;12;5;0;0;13.5;7.4;17.8;12;53.9;384.8;22.5;21.2;21.6;15.3;12.7;350;413.8888889;436.1111111;2.1
12731400;12;5;0;0;13.5;7;17.6;12.1;53.9;384.8;22.8;21.5;21.8;15.5;12.7;350;413.8888889;436.1111111;2.1
12732300;12;8;0;0;13.5;8.6;17.7;12.1;53.1;384.8;23.1;21.9;22.3;15.7;12.7;350;413.8888889;436.1111111;2.1
12733200;12;8;0;0;13.9;9.6;17.8;12.6;53.4;445.4;23.7;22.5;22.7;15.9;12.9;347.2222222;422.2222222;466.6666667;2.3
12734100;13;6;0;0;14;8.4;17.4;12.9;54.9;475.7;23.7;22.7;22.7;16.1;12.9;347.2222222;422.2222222;466.6666667;2.3
12735000;13;5;0;0;14;7.6;17.6;12.9;52.6;475.7;23.5;22.8;22.6;16.3;12.9;347.2222222;422.2222222;466.6666667;2.3
12735900;13;5;0;0;14.1;7.2;17.1;12.9;53.5;475.7;23.3;22.6;22.4;16.4;12.9;347.2222222;422.2222222;466.6666667;2.3
12736800;13;5;0;0;14.5;7.1;17.1;13.5;53.5;491.2;22.8;22.2;22.1;16.5;14.2;330.5555556;341.6666667;752.7777778;2.9
12737700;13;5;0;0;14.5;7.1;18.1;13.8;50.1;499;23.2;22.6;22.5;16.7;14.2;330.5555556;341.6666667;752.7777778;2.9
12738600;13;6;0;0;14.6;7.2;17.9;13.6;49.2;498.6;24.3;23.6;23.4;16.9;14.2;330.5555556;341.6666667;752.7777778;2.9
12739500;14;6;0;0;15;7.8;18.7;13.5;47.8;498.3;26.9;25.4;24.9;17.5;14.2;330.5555556;341.6666667;752.7777778;2.9
12740400;14;7;0;0;15;8.4;19.2;14;42.2;524.3;29;27.3;25.8;18.2;14.4;333.3333333;325;508.3333333;2.8
12741300;14;8;0;0;15.1;10.3;18.9;14.2;43.7;533.8;29;27.6;26.1;19;14.4;333.3333333;325;508.3333333;2.8
12742200;14;7;0;0;15.5;9.6;19.6;13.9;42.4;533.8;30.3;28.9;27.1;19.5;14.4;333.3333333;325;508.3333333;2.8
12743100;14;6;0;0;15.5;8.1;19.1;13.6;43.5;533.8;30.5;29.4;27.3;19.8;14.4;333.3333333;325;508.3333333;2.8
12744000;14;6;0;0;15.9;8;19.6;14.2;41.8;522.9;31.8;30.5;28.2;20.3;16.4;325;283.3333333;847.2222222;3
12744900;14;6;0;0;16;7.8;19.5;14.2;40.8;522.1;31.9;30.9;28.2;20.5;16.4;325;283.3333333;847.2222222;3
12745800;14;6;0;0;16;7.8;19.7;14.5;42.6;522.1;31.6;30.8;28.2;20.8;16.4;325;283.3333333;847.2222222;3
12746700;9;9;1;0;10.7;10.5;19;14.7;42.9;522.1;30.2;30.2;28.5;23.9;16.4;325;283.3333333;847.2222222;3
12747600;11;7;0;0;12.9;8.7;19.3;15;41.4;522.6;31;30.2;28.6;22.3;16.9;325;280.5555556;680.5555556;3.6
12748500;12;7;0;0;13.5;8.6;19.9;15.1;41.3;522.8;33.5;31.7;29.7;22.7;16.9;325;280.5555556;680.5555556;3.6
12749400;12;9;0;0;13.5;9.6;19.1;14.9;41.9;522.8;33.8;32.1;29.4;22.8;16.9;325;280.5555556;680.5555556;3.6
12750300;12;9;0;0;14;10.2;19.6;14.7;39.4;522.8;34.2;32.7;29.8;23.2;16.9;325;280.5555556;680.5555556;3.6
12751200;12;7;0;0;14;9.2;20.3;15.1;39.5;472.8;34;32.8;29.6;23.2;16.3;313.8888889;241.6666667;541.6666667;1.8
12752100;11;6;0;0;14;8.2;19.4;15.1;42.3;469.2;32.6;32.1;28.9;23;16.3;313.8888889;241.6666667;541.6666667;1.8
12753000;12;6;0;0;14.4;8.2;19.3;15.6;42.3;469.2;32.4;31.9;29.1;23.3;16.3;313.8888889;241.6666667;541.6666667;1.8
12753900;12;6;0;0;14.5;8.2;19.6;16.7;40.8;469.2;32.7;32.1;29.7;23.5;16.3;313.8888889;241.6666667;541.6666667;1.8
12754800;12;6;0;0;14.8;8.2;19.6;16.6;40.4;397.3;32.6;32.2;29.9;23.7;16.4;325;202.7777778;397.2222222;1.5
12755700;12;6;0;0;15;8.2;19.6;16.6;41;379.3;31.9;31.9;29.6;23.8;16.4;325;202.7777778;397.2222222;1.5
12756600;11;6;0;0;15;8.2;19.5;16.8;42.5;379.3;30.7;31.2;29.1;23.8;16.4;325;202.7777778;397.2222222;1.5
12757500;12;8;0;0;15.2;9.1;19.9;16.9;40.8;379.3;29.9;30.5;28.8;23.8;16.4;325;202.7777778;397.2222222;1.5
12758400;12;10;0;0;15.5;11.2;19.9;16.8;40.8;333.5;29;29.8;28.5;23.8;15.8;305.5555556;105.5555556;261.1111111;1.4
12759300;11;10;0;0;15.5;11.2;19.5;16.8;41.4;310.6;28;29.1;28;23.8;15.8;305.5555556;105.5555556;261.1111111;1.4
12760200;11;10;0;0;15.5;11.2;18.9;16.6;43.4;310.6;26.8;28.3;26.9;23.7;15.8;305.5555556;105.5555556;261.1111111;1.4
12761100;11;10;0;0;15.5;11.2;20.1;16.3;43.1;310.6;25.6;27.3;25.9;23.7;15.8;305.5555556;105.5555556;261.1111111;1.4
12762000;12;10;0;0;15.8;11.2;23.2;16;36.1;205.6;24.7;26.7;25.3;23.8;15.2;305.5555556;61.11111111;100;1.4
12762900;12;10;0;0;16;11.7;23.4;15.9;35;189.5;24;26.2;25;23.9;15.2;305.5555556;61.11111111;100;1.4
12763800;12;11;0;0;16;11.7;18.9;16;44.1;189.5;23.3;25.7;24.5;23.9;15.2;305.5555556;61.11111111;100;1.4
12764700;12;11;1;2;15.4;12.4;17.7;16.1;47.6;189.5;22.4;24.9;23.7;23.5;15.2;305.5555556;61.11111111;100;1.4
12765600;11;10;0;0;12.2;11.1;17.1;15.7;48.7;127.4;21.4;23.4;22.3;23.3;13.9;333.3333333;13.88888889;13.88888889;1.3
12766500;12;9;0;0;13.8;10.4;17;15.5;49;96.3;21.9;23.9;22.6;23.4;13.9;333.3333333;13.88888889;13.88888889;1.3
12767400;13;8;0;0;15.1;10.1;16.8;15.4;49.4;95.7;21.6;23.5;22.3;23.2;13.9;333.3333333;13.88888889;13.88888889;1.3
12768300;13;6;0;0;15.6;8.3;16.6;15.3;49.8;95;21.2;23.1;22;23.1;13.9;333.3333333;13.88888889;13.88888889;1.3
12769200;14;6;0;0;15.7;7.6;16.5;14.7;51;38.5;20.8;22.5;21.7;23;13.4;336.1111111;0;0;0.8
12770100;14;5;0;0;15.7;7.6;16.4;14.6;52.9;29.8;20.4;22;21.4;22.9;13.4;336.1111111;0;0;0.8
12771000;14;5;0;0;16.2;7.6;16.1;14.6;55.8;29.8;20.1;21.6;21.1;22.8;13.4;336.1111111;0;0;0.8
12771900;14;5;0;0;16.2;7.6;15.9;14.5;57.4;29.8;19.8;21.2;20.9;22.7;13.4;336.1111111;0;0;0.8
12772800;14;5;0;0;16.2;7.6;15.9;13.9;57.9;6;19.5;20.8;20.7;22.6;12.6;333.3333333;0;0;0.9
12773700;12;8;17;115;13.3;9.9;15.7;13.7;58.2;0.1;18.1;18.7;18.8;19.7;12.6;333.3333333;0;0;0.9
12774600;9;11;43;100;9.6;11.7;15.4;13.5;58.9;0.1;13;12.9;13.2;12.8;12.6;333.3333333;0;0;0.9
12775500;8;9;43;73;8.9;10.3;15.3;13.1;57.9;0.1;12.1;11.9;12.2;11.4;12.6;333.3333333;0;0;0.9
12776400;7;9;43;60;8.5;9.7;15.3;12.7;59;0;11.5;11.4;11.7;10.8;12.3;330.5555556;0;0;0.7
12777300;7;8;3;7;8.5;9.3;14.9;12.5;59.9;0;11.5;11.4;11.8;10.6;12.3;330.5555556;0;0;0.7
12778200;7;9;18;50;8.2;9.5;14.8;12.5;61.1;0;11.8;11.6;12.1;11;12.3;330.5555556;0;0;0.7
12779100;7.5;9;18;46.5;8.2;9.4;14.7;12.15;61.7;0;11.65;11.4;11.8;10.9;12.3;330.5555556;0;0;0.7
12780000;8;9;18;43;8.2;9.3;14.6;11.8;62.3;0;11.5;11.2;11.5;10.8;11.7;327.7777778;0;0;0.8
12780900;7;8;3;3;8.4;9.3;14.5;11.5;62.9;0;11;10.8;11;10.4;11.7;327.7777778;0;0;0.8
12781800;7;8;17;34;8.2;9.3;14.2;11.5;64.7;0;11.2;10.9;11.3;10.6;11.7;327.7777778;0;0;0.8
12782700;7;8;6;6;8;8.8;14;11.5;65.1;0;10.7;10.5;10.8;10.1;11.7;327.7777778;0;0;0.8
12783600;7;10;0;0;8.4;10.7;13.9;11.2;64.6;0;10.9;10.7;11;10.4;11.8;336.1111111;0;0;1
12784500;7;9;22;46;8;9.7;13.9;11.1;65.5;0;11;10.8;11.1;10.5;11.8;336.1111111;0;0;1
12785400;7;8;0;0;8.1;8.8;13.9;11.1;66;0;10.8;10.7;10.9;10.3;11.8;336.1111111;0;0;1
12786300;7;8;8;11;8.4;8.9;13.9;11.1;66.6;0;11.1;10.9;11.2;10.6;11.8;336.1111111;0;0;1
12787200;6;8;39;92;6.7;8.7;13.9;10.8;66.1;0;10.4;10.2;10.5;9.9;11.1;330.5555556;0;0;1.3
12788100;6;7;23;13;7.4;7.8;13.9;10.7;66.1;0;9.6;9.5;9.8;8.8;11.1;330.5555556;0;0;1.3
12789000;6;7;0;0;7.4;7.8;13.8;10.7;66.7;0;9.9;9.8;10.1;9;11.1;330.5555556;0;0;1.3
12789900;7;7;0;0;7.6;7.8;13.7;10.7;66.3;0;10.2;10;10.3;9.3;11.1;330.5555556;0;0;1.3
12790800;7;7;0;0;7.9;8.2;13.6;10.4;67.7;0;10.5;10.3;10.6;9.6;10.6;327.7777778;0;0;0.9
12791700;7;8;0;0;8;9.3;13.3;10.4;68.4;0;10.7;10.5;10.8;9.9;10.6;327.7777778;0;0;0.9
12792600;7;10;0;0;8.4;10.9;13.5;10.8;66.6;0;11;10.7;11;10.1;10.6;327.7777778;0;0;0.9
12793500;7;9;13;30;8.3;10.7;13.4;11.1;68.6;0;11.3;11.1;11.4;10.5;10.6;327.7777778;0;0;0.9
12794400;7;8;9;20;8;9.3;13.3;10.7;68.7;0;11;10.6;10.9;10.5;9.8;300;0;0;1.3
12795300;7;8;0;0;8.4;9.3;13.2;10.6;68.7;0;11.1;10.8;11.1;10.7;9.8;300;0;0;1.3
12796200;7;8;22;38;8.1;9.2;12.7;10.6;70.8;0;10.9;10.7;11;10.6;9.8;300;0;0;1.3
12797100;7;8;0;0;7.9;8.8;12.3;10.6;72.3;0;10.4;10.2;10.4;10;9.8;300;0;0;1.3
12798000;5;7;30;97;5.5;8.1;12.2;10.2;72.7;0;9.7;9.5;9.7;9.3;9.8;297.2222222;22.22222222;33.33333333;1.6
12798900;5;6;0;0;5.3;7.3;12.1;10.1;72.7;0;9.1;9;9.1;8.8;9.8;297.2222222;22.22222222;33.33333333;1.6
12799800;4;7;0;0;5.3;7.4;12;10.1;73.5;0;9.4;9.2;9.3;9.1;9.8;297.2222222;22.22222222;33.33333333;1.6
12800700;5;8;0;0;5.4;8.6;12.1;10.2;74;0;9.7;9.4;9.7;9.5;9.8;297.2222222;22.22222222;33.33333333;1.6
12801600;5;7;16;14;6.4;8.2;12.1;10;74.3;4.5;10.2;9.7;10.1;9.7;10.8;280.5555556;50;155.5555556;2.3
12802500;3;7;26;92;4.3;7.6;12.1;9.9;74.2;5.6;9.5;8.9;9.4;9.1;10.8;280.5555556;50;155.5555556;2.3
12803400;3;6;0;0;4.3;7.3;12.4;9.8;72.2;5.6;9.3;8.8;9.3;8.8;10.8;280.5555556;50;155.5555556;2.3
12804300;4;6;0;0;4.8;7.2;12.7;9.7;70.6;5.6;9.8;9.1;9.9;9.1;10.8;280.5555556;50;155.5555556;2.3
12805200;4;5;6;8;5.3;6.4;13;9.8;68.7;53;11.5;10;11.7;10;12.2;280.5555556;61.11111111;316.6666667;2.7
12806100;7;9;23;68;7.9;9.7;13.4;9.9;67.7;70.2;12;11.2;12.2;11.3;12.2;280.5555556;61.11111111;316.6666667;2.7
12807000;7;9;20;83;7.9;10.1;13.8;10;65.6;70.2;13.3;12.5;13.7;12.2;12.2;280.5555556;61.11111111;316.6666667;2.7
12807900;6;10;43;187;6.9;10.8;14.2;10.1;63.1;70.2;12.6;12.3;12.7;11.8;12.2;280.5555556;61.11111111;316.6666667;2.7
12808800;6;9;40;143;7.1;10.1;14.4;10.7;61.6;151;12.5;12.4;12.5;11.3;13.4;286.1111111;72.22222222;486.1111111;3.4
12809700;7;10;39;114;8.4;10.9;14.7;10.9;60.9;180.4;13.5;13.5;13.6;12.2;13.4;286.1111111;72.22222222;486.1111111;3.4
12810600;9;11;41;108;10;12.3;15;11.2;59.5;181.8;14.9;14.8;15;13.5;13.4;286.1111111;72.22222222;486.1111111;3.4
12811500;8;12;42;197;9.1;13.1;15.5;11.7;56.7;183.8;15.3;15.3;15.4;14;13.4;286.1111111;72.22222222;486.1111111;3.4
12812400;10;13;39;124;10.9;13.6;16;12.5;56.1;300;16.3;16.4;16.4;14.7;15.3;291.6666667;77.77777778;644.4444444;3.3
12813300;12;15;36;80;13.8;15.4;16.4;12.8;54.7;342.3;18.1;18.3;18.4;16.5;15.3;291.6666667;77.77777778;644.4444444;3.3
12814200;14;17;33;101;14.9;17.5;16.8;13;52.1;342.3;20.2;20.4;20.5;18.6;15.3;291.6666667;77.77777778;644.4444444;3.3
12815100;16;19;33;107;16.5;19.3;17.3;13.4;50.8;342.3;22;22.1;22.1;20.3;15.3;291.6666667;77.77777778;644.4444444;3.3
12816000;14;19;42;245;15.4;20.4;17.8;14.4;46.4;494.3;22.4;22.6;22.6;21;16;297.2222222;100;780.5555556;3.6
12816900;13;18;43;232;14.4;19.4;18.1;14.4;45.2;494.3;21.2;21.5;21.4;19.8;16;297.2222222;100;780.5555556;3.6
12817800;14;18;43;211;14.6;19.1;18.4;14.5;43.5;494.3;21.4;21.6;21.6;19.9;16;297.2222222;100;780.5555556;3.6
12818700;17;20;33;113;18;20.4;18.6;14.6;43;494.3;23.3;23.6;23.5;21.5;16;297.2222222;100;780.5555556;3.6
12819600;17;21;39;162;18.4;22;18.9;15.5;41.9;604.2;24.4;24.8;24.7;23.1;16.5;322.2222222;208.3333333;755.5555556;3.9
12820500;20;22;20;100;21;23.3;19;15.6;42;612;25.9;26.3;26.2;24.3;16.5;322.2222222;208.3333333;755.5555556;3.9
12821400;19;23;39;145;20.2;23.4;19.1;15.6;42.2;612;25.7;26;26.1;24.5;16.5;322.2222222;208.3333333;755.5555556;3.9
12822300;20;24;38;122;21.7;24.5;19.9;15.6;41;612;26.3;26.6;26.7;25.1;16.5;322.2222222;208.3333333;755.5555556;3.9
12823200;23;24;35;44;23.5;24.4;20.3;16.2;40.7;643.8;26.8;27.2;27.4;25.7;17.7;308.3333333;147.2222222;877.7777778;4
12824100;23;25;12;18;24.4;25.6;19.9;16.3;40.5;648.7;27.5;28.1;28.3;26.8;17.7;308.3333333;147.2222222;877.7777778;4
12825000;23;26;7;31;24;26.3;20.2;16.5;37.8;657.2;30.2;31.1;31.2;29.7;17.7;308.3333333;147.2222222;877.7777778;4
12825900;21;29;17;144;22;29.2;20.1;16.9;36.4;674.2;31.5;32.6;32.1;31.7;17.7;308.3333333;147.2222222;877.7777778;4
12826800;21;29;17;157;21.9;30;20;17.6;37.3;703.8;31.4;32.3;32.2;31;17.6;311.1111111;161.1111111;844.4444444;3.9
12827700;21;29;17;151;21.9;29.6;20.2;17.6;35.2;703.8;31.6;32.4;31.9;30.8;17.6;311.1111111;161.1111111;844.4444444;3.9
12828600;21;29;17;153;21.9;29.6;20.3;17.4;32.2;703.8;31.5;32.5;31.9;31.1;17.6;311.1111111;161.1111111;844.4444444;3.9
12829500;21;28;19;152;21.9;29.2;20.1;17.3;32.8;703.8;30.9;31.5;30.9;30.3;17.6;311.1111111;161.1111111;844.4444444;3.9
12830400;21;28;17;144;22;29.2;20.6;17.6;31.1;704.3;31.4;32.2;31.6;30.7;18.8;330.5555556;325;772.2222222;3
12831300;12;26;40;630;13.2;27.2;21.2;17.6;30.2;704.3;27.9;28.5;27.6;27.4;18.8;330.5555556;325;772.2222222;3
12832200;12;21;43;403;13.5;22;21.1;17.9;31.4;704.3;23.9;24.3;23.4;22.3;18.8;330.5555556;325;772.2222222;3
12833100;15;19;33;162;15.5;20.3;21.4;18.1;32;704.3;22.1;22.3;22.1;20.5;18.8;330.5555556;325;772.2222222;3
12834000;15;18;39;122;16.5;19.2;21.5;18.4;30.9;673.1;21.1;21.2;21.3;20;18.7;319.4444444;258.3333333;788.8888889;3.2
12834900;17;20;39;133;17.6;20.4;21.6;18.4;31.7;668.3;23.1;23.4;23.4;22.2;18.7;319.4444444;258.3333333;788.8888889;3.2
12835800;12;21;38;403;13.5;22.3;21.4;18.2;30.8;668.3;23.8;24.2;23.9;22.9;18.7;319.4444444;258.3333333;788.8888889;3.2
12836700;11;19;43;337;12.9;19.6;21.4;18;30.3;668.3;21.7;22;21.6;20.4;18.7;319.4444444;258.3333333;788.8888889;3.2
12837600;11;18;43;315;12.5;18.8;21.9;18.1;29.5;605.1;21.1;21.2;20.9;19.8;17.7;322.2222222;252.7777778;441.6666667;2.7
12838500;16;19;29;116;16.6;20.1;21.5;18.1;30.8;589.3;23;23.4;23.1;21;17.7;322.2222222;252.7777778;441.6666667;2.7
12839400;20;22;33;66;20.9;22.6;21.9;18.5;29.6;589.3;25;25.4;25.3;23.2;17.7;322.2222222;252.7777778;441.6666667;2.7
12840300;17;22;36;220;17.4;23.2;21.5;19;29.7;589.3;25.4;25.7;25.5;24.2;17.7;322.2222222;252.7777778;441.6666667;2.7
12841200;12;19;43;347;13.1;20.4;21.5;18.9;29.4;538.8;21.3;21.7;21.4;20.5;19.2;319.4444444;191.6666667;461.1111111;2.2
12842100;11;16;17;104;12.5;17.4;20.6;18.9;32.4;520.5;19.2;19.5;19.2;17.9;19.2;319.4444444;191.6666667;461.1111111;2.2
12843000;11;16;0;0;12.5;17.1;20.5;18.8;33.2;520.5;19.2;20;19.6;17.9;19.2;319.4444444;191.6666667;461.1111111;2.2
12843900;12;15;0;0;12.5;15.8;21.3;18.8;31.1;520.5;19.5;19.7;19.5;18;19.2;319.4444444;191.6666667;461.1111111;2.2
12844800;12;13;0;0;12.9;14.2;21.8;18.7;30.7;386.6;20.5;20.4;20.8;18.3;18.3;319.4444444;108.3333333;216.6666667;1.5
12845700;12;10;0;0;13;12.9;21;18.7;32.2;386.6;21.8;21.4;22.4;18.6;18.3;319.4444444;108.3333333;216.6666667;1.5
12846600;12;10;0;0;13.5;12.3;20.1;18.1;34.1;386.6;22;21.8;22.5;18.9;18.3;319.4444444;108.3333333;216.6666667;1.5
12847500;12;10;0;0;13.5;12.1;25.3;17.7;26.4;386.6;22.3;22.3;22.8;19;18.3;319.4444444;108.3333333;216.6666667;1.5
12848400;13;11;0;0;13.7;12.1;29.6;17.1;21.3;250.6;23;23.2;23.6;19.2;17.5;297.2222222;38.88888889;141.6666667;0.8
12849300;13;11;0;0;14;12.4;24.5;17.1;26.5;240.9;23.2;23.8;24;19.5;17.5;297.2222222;38.88888889;141.6666667;0.8
12850200;13;11;0;0;14;12.6;20.1;18;33.6;240.9;22.8;23.7;23.8;19.6;17.5;297.2222222;38.88888889;141.6666667;0.8
12851100;13;12;0;0;14.2;12.9;19.2;18.7;36.3;240.9;22.3;23.5;23.5;19.7;17.5;297.2222222;38.88888889;141.6666667;0.8
12852000;12;10;0;2;12.8;11.6;18.8;17.7;37.4;138.5;22.7;23.6;23.6;20.5;16.3;297.2222222;13.88888889;30.55555556;1.4
12852900;13;10;0;0;14.7;10.8;18.5;17.6;37.9;122.8;21.8;23;23.1;20;16.3;297.2222222;13.88888889;30.55555556;1.4
12853800;14;9;0;0;15;10.5;18.2;17.6;38.4;122.9;21.1;22.3;22.5;19.8;16.3;297.2222222;13.88888889;30.55555556;1.4
12854700;14;6;0;0;15.4;8.6;17.9;17.5;39.1;123;20.6;21.7;21.9;19.8;16.3;297.2222222;13.88888889;30.55555556;1.4
12855600;14;6;0;0;15.4;7.9;17.5;16.6;41;60.1;20.1;21.2;21.4;19.8;14.4;291.6666667;0;0;1.3
12856500;14;6;0;0;15.4;7.6;16.8;16.3;45.1;37.2;19.7;20.8;21.1;19.8;14.4;291.6666667;0;0;1.3
12857400;14;6;0;0;15.6;7.6;16;16.4;48;37.2;19.4;20.4;20.8;19.8;14.4;291.6666667;0;0;1.3
12858300;14;6;0;0;15.9;7.6;15.5;16.5;51.7;37.2;19.2;20.1;20.6;19.9;14.4;291.6666667;0;0;1.3
12859200;15;6;0;0;15.9;7.6;14.8;15.5;54.3;10.2;18.9;19.7;20.3;19.9;13.4;291.6666667;0;0;1.4
12860100;15;6;0;0;15.9;7.6;14.3;15.1;55.6;0.4;18.6;19.3;20.1;19.9;13.4;291.6666667;0;0;1.4
12861000;15;7;0;0;16.4;8.5;13.9;15.1;56.4;0.4;18.5;19;19.9;19.9;13.4;291.6666667;0;0;1.4
12861900;15;9;0;0;16.4;10.1;13.7;15.1;58.4;0.4;18.3;18.5;19.6;19.8;13.4;291.6666667;0;0;1.4
12862800;15;9;0;0;16.4;10.6;13.4;13.9;59.8;0;18.1;18.4;19.4;19.8;13.2;288.8888889;0;0;1.9
12863700;15;9;0;0;16.8;10.6;13.2;13.9;61;0;18;18;19.3;19.8;13.2;288.8888889;0;0;1.9
12864600;15;9;0;0;16.9;10.6;13;13.6;62;0;18;17.4;19.1;19.8;13.2;288.8888889;0;0;1.9
12865500;15;9;0;0;17.05;10.6;12.75;13.1;62.95;0;18.55;16.05;19.55;19.75;13.2;288.8888889;0;0;1.9
12866400;15;9;0;0;17.2;10.6;12.5;12.6;63.9;0;19.1;14.7;20;19.7;11.4;283.3333333;0;0;1.4
12867300;13;11;20;59;13.8;11.7;12.3;12.6;64.5;0;17.3;12.7;17.4;16.2;11.4;283.3333333;0;0;1.4
12868200;9;10;3;4;9.9;10.5;12;12.6;65.8;0;12.1;11.3;11.8;12.8;11.4;283.3333333;0;0;1.4
12869100;9;9;20;35;9.6;10.2;11.8;12.6;67;0;11.7;11;11.5;12.3;11.4;283.3333333;0;0;1.4
12870000;8;9;3;2;8.7;9.6;11.6;11.6;67.6;0;10.9;10.3;10.8;10.8;10.1;280.5555556;0;0;0.9
12870900;8;10;0;0;9;10.4;11.4;11.5;68;0;10.8;10.1;10.7;11.1;10.1;280.5555556;0;0;0.9
12871800;8;9;0;0;9.3;10.5;11.3;11.5;68;0;10.7;10;10.6;11.4;10.1;280.5555556;0;0;0.9
12872700;8;9;0;0;9.9;10.5;11.2;11.5;69.1;0;10.6;9.9;10.4;11.7;10.1;280.5555556;0;0;0.9
12873600;7;8;22;62;8.4;9.6;11;10.7;70.4;0;10.5;9.7;10.3;11;9.4;277.7777778;0;0;0.7
12874500;5;7;9;26;5.3;7.5;10.8;10.6;71.4;0;8.8;8.4;8.8;8.8;9.4;277.7777778;0;0;0.7
12875400;5;7;0;0;5.4;7.5;10.5;10.6;72.2;0;9;8.5;8.9;9.2;9.4;277.7777778;0;0;0.7
12876300;5;7;0;0;5.9;7.8;10.4;10.6;72.4;0;9.3;8.7;9.2;9.6;9.4;277.7777778;0;0;0.7
12877200;5;7;1;1;6.2;8;10.3;10;73.1;0;9.2;8.6;9.1;9.8;9.1;286.1111111;0;0;1.1
12878100;6;8;0;0;6.8;8.8;10.2;9.9;74;0;9.4;8.1;8.9;10.3;9.1;286.1111111;0;0;1.1
12879000;7;7;0;0;8.3;8.7;10.1;9.7;74.4;0;10.2;7.9;9.7;11.5;9.1;286.1111111;0;0;1.1
12879900;6;7;9;21;7.5;7.7;10.3;9.5;74.2;0;9.4;7.7;9.2;10.3;9.1;286.1111111;0;0;1.1
12880800;6;6;0;0;6.8;6.6;10.3;9.1;73.8;0;7.9;7.5;8.1;7.7;8.3;286.1111111;0;0;1.2
12881700;5;6;1;0;6;6.7;10;9;74.8;0;7.9;7.4;8;7.8;8.3;286.1111111;0;0;1.2
12882600;6;5;0;0;6.9;6.9;9.8;9;75.4;0;8.2;7.4;8.4;8.2;8.3;286.1111111;0;0;1.2
12883500;6;5;0;0;7.3;6.6;9.7;8.9;76.2;0;8.7;7.2;8.9;8.6;8.3;286.1111111;0;0;1.2
12884400;6;5;0;0;7.4;6.6;9.8;8.6;76.4;0;9.1;7.2;9.3;8.8;8.5;277.7777778;19.44444444;27.77777778;2
12885300;6;5;1;0;6.9;6.6;9.8;8.5;75.8;0;9;7.1;9.3;9;8.5;277.7777778;19.44444444;27.77777778;2
12886200;5;6;0;0;6;6.7;9.7;8.6;76.3;0;8.7;7;8.9;9.2;8.5;277.7777778;19.44444444;27.77777778;2
12887100;7;8;0;0;8.6;8.8;9.8;8.7;76.3;0;9.7;7;9.8;10;8.5;277.7777778;19.44444444;27.77777778;2
12888000;8;7;0;0;9.3;8.2;9.8;8.7;76.4;5.4;10.3;7;10.2;11.7;9.7;-2775;44.44444444;150;3.2
12888900;8;4;0;0;9.3;6.5;9.9;8.7;76.7;7.3;10.5;7.1;10.4;12.9;9.7;-2775;44.44444444;150;3.2
12889800;4;5;29;87;4.6;6.4;10.2;8.5;75.6;7.3;8.7;7.5;8.5;8.9;9.7;-2775;44.44444444;150;3.2
12890700;3;6;0;0;3.7;6.9;10.7;8.3;74;7.3;7.9;7.2;7.9;7.7;9.7;-2775;44.44444444;150;3.2
12891600;3;6;0;0;4;7.1;11.5;8.7;70.4;79.5;8.4;7.8;8.6;8.1;11.2;-2775;55.55555556;322.2222222;4
12892500;4;4;0;0;4.4;6.5;12.3;8.7;65.4;79.5;10.1;8.7;10.8;8.5;11.2;-2775;55.55555556;322.2222222;4
12893400;5;7;32;127;5.7;8.5;12.8;8.8;63.7;79.5;11.9;10.6;12;10.9;11.2;-2775;55.55555556;322.2222222;4
12894300;4;8;43;170;5.4;8.9;13.1;8.8;63.4;79.5;10.8;10.5;10.9;10.1;11.2;-2775;55.55555556;322.2222222;4
12895200;7;9;28;46;8;9.3;13.6;9.8;61.2;202.7;11.9;11.8;12.1;10.7;12.8;277.7777778;63.88888889;494.4444444;3.8
12896100;8;10;33;78;8.9;10.9;14.1;9.9;59.6;211.5;13.6;13.5;13.7;12.3;12.8;277.7777778;63.88888889;494.4444444;3.8
12897000;9;12;33;82;10.3;12.4;14.5;10.4;58.2;213.3;15;15.1;15.2;13.8;12.8;277.7777778;63.88888889;494.4444444;3.8
12897900;11;13;33;87;11.6;13.8;14.9;10.8;57.2;214.8;16.5;16.6;16.7;15.1;12.8;277.7777778;63.88888889;494.4444444;3.8
12898800;10;14;42;191;11.1;14.8;15.4;12;55.1;345.3;17.2;17.3;17.4;15.9;15.3;288.8888889;75;644.4444444;3.8
12899700;10;14;43;199;10.8;14.8;15.8;12.2;52.8;365.4;17.1;17.3;17.3;15.8;15.3;288.8888889;75;644.4444444;3.8
12900600;10;14;43;190;11.4;15.2;16.3;12.4;49.3;365.4;17.7;17.9;17.8;16.2;15.3;288.8888889;75;644.4444444;3.8
12901500;13;16;34;78;14.5;16.4;16.9;12.6;46.5;365.4;19.1;19.5;19.4;17.4;15.3;288.8888889;75;644.4444444;3.8
12902400;15;18;37;128;15.7;18.6;17.4;13.6;43.7;493.6;21.2;21.5;21.4;19.6;17.1;300;127.7777778;816.6666667;3.4
12903300;17;18;21;74;18;19.2;18.1;13.9;43.2;525.6;22.2;22.8;22.5;20.6;17.1;300;127.7777778;816.6666667;3.4
12904200;18;9;0;0;19.2;10.7;18.9;14.1;40.7;525.6;22.6;23.3;23;20.8;17.1;300;127.7777778;816.6666667;3.4
12905100;17;10;0;0;17.9;10.6;19.3;14.2;38.2;525.6;23.1;23.7;23.9;20.8;17.1;300;127.7777778;816.6666667;3.4
12906000;17;9;0;0;17.9;10.6;18.6;15.4;37.6;629.2;23.6;24.1;23.9;20.9;16;305.5555556;169.4444444;827.7777778;3.6
12906900;17;7;0;0;17.9;9.2;19;15.4;38.1;629.2;25.4;25.7;25.5;21;16;305.5555556;169.4444444;827.7777778;3.6
12907800;17;6;0;0;17.9;7.6;18.7;15.9;39;628.8;25.8;26.2;25.5;21;16;305.5555556;169.4444444;827.7777778;3.6
12908700;17;6;0;0;17.9;7.3;18.8;16.6;38.2;628.2;26.1;26.6;25.5;21.1;16;305.5555556;169.4444444;827.7777778;3.6
12909600;17;6;0;0;17.9;7.3;18.6;17.2;36.5;651.8;26.5;26.9;25.6;21.1;18.3;316.6666667;233.3333333;788.8888889;4
12910500;17;5;0;0;17.9;7.3;18.6;17.4;37.1;660.4;27;27.6;25.8;21.2;18.3;316.6666667;233.3333333;788.8888889;4
12911400;17;6;0;0;18.1;7.3;19.4;17.7;36;667.5;28.1;28.4;26.4;21.4;18.3;316.6666667;233.3333333;788.8888889;4
12912300;17;6;0;0;18.4;7.7;19.9;18.2;33.2;681.6;30.4;30.2;27.5;21.6;18.3;316.6666667;233.3333333;788.8888889;4
12913200;17;7;0;0;18.4;7.9;19.9;18.7;32.1;721.1;31.4;31.4;27.9;21.8;18;308.3333333;183.3333333;902.7777778;3.7
12914100;17;9;0;0;18.4;10;20.2;18.9;32.4;735.4;33;32.9;29;22.2;18;308.3333333;183.3333333;902.7777778;3.7
12915000;17;7;0;0;18.6;9.7;20.6;18.1;31.3;735.4;34.4;34.4;29.7;22.5;18;308.3333333;183.3333333;902.7777778;3.7
12915900;18;6;0;0;18.9;8.2;20.5;17;32.3;735.4;34.8;35.2;30.1;22.8;18;308.3333333;183.3333333;902.7777778;3.7
12916800;18;5;0;0;18.9;7.6;20.3;17.4;31.9;726.9;34.7;35.4;30.2;23.1;19;322.2222222;247.2222222;700;3.8
12917700;18;5;0;0;18.9;7.5;20.4;17.5;31.2;723.8;34.8;35.7;30.4;23.4;19;322.2222222;247.2222222;700;3.8
12918600;18;6;0;0;19;7.5;21;18;30.7;723.8;35.5;36.2;30.7;23.7;19;322.2222222;247.2222222;700;3.8
12919500;18;5;0;0;19.4;7.5;21.1;18.8;30.3;723.8;36.2;36.9;31.1;24;19;322.2222222;247.2222222;700;3.8
12920400;18;6;0;0;19.4;7.4;22.2;19.3;30.7;693.5;37.1;37.6;31.5;24.3;19;319.4444444;175;797.2222222;3.5
12921300;18;5;0;0;19.4;7;21.3;19.3;31.5;693.5;36.5;37.3;31.2;24.4;19;319.4444444;175;797.2222222;3.5
12922200;18;8;0;0;19.4;9.1;21.3;18.9;33.3;693.5;35.4;36.5;30.6;24.3;19;319.4444444;175;797.2222222;3.5
12923100;18;8;0;0;19.6;9.6;20.8;18.6;33.3;693.5;34.1;35.6;30.2;24.4;19;319.4444444;175;797.2222222;3.5
12924000;18;6;0;0;19.9;8.7;21.3;18.9;31.9;626.6;34.5;35.5;30.4;24.6;18.6;313.8888889;150;694.4444444;3.1
12924900;18;6;0;0;19.9;8;21.1;18.9;32.1;621.8;34.1;35.2;30.4;24.7;18.6;313.8888889;150;694.4444444;3.1
12925800;19;6;0;0;19.9;8;21.5;19.1;31.2;621.8;34;35.2;30.6;24.9;18.6;313.8888889;150;694.4444444;3.1
12926700;19;6;0;0;19.9;8;21.4;19.3;31;621.8;33.3;35;30.5;25;18.6;313.8888889;150;694.4444444;3.1
12927600;19;6;0;0;20.4;8;21.5;19.2;30.7;539.2;32.7;34.7;30.5;25.1;18.8;305.5555556;97.22222222;494.4444444;2.2
12928500;19;6;0;0;20.4;8;21.3;19.2;31;526.5;32.3;34.3;30.6;25.2;18.8;305.5555556;97.22222222;494.4444444;2.2
12929400;19;6;0;0;20.4;8;20.9;19.1;30.7;526.5;31.2;33.7;30.3;25.1;18.8;305.5555556;97.22222222;494.4444444;2.2
12930300;19;7;0;0;20.4;8.7;21.4;19;29.7;526.5;30.6;33;30.4;25.1;18.8;305.5555556;97.22222222;494.4444444;2.2
12931200;19;9;0;0;20.6;10.7;21.7;19;29.5;435.8;30.2;32.8;30.2;25.3;18.3;300;69.44444444;316.6666667;2.2
12932100;20;8;0;0;20.9;10;21.2;19;29.9;429.3;29;31.8;29.3;25.1;18.3;300;69.44444444;316.6666667;2.2
12933000;20;6;0;0;20.9;8.2;23.2;18.8;26.7;429.3;27.9;30.9;28.5;25.1;18.3;300;69.44444444;316.6666667;2.2
12933900;20;5;0;0;20.9;7.8;26.4;18.6;22.3;429.3;27.4;30.4;28.2;25.1;18.3;300;69.44444444;316.6666667;2.2
12934800;20;5;0;0;20.9;7.5;27.2;18.3;20.8;302.4;26.8;30.1;27.8;25.1;17.8;297.2222222;44.44444444;155.5555556;2.2
12935700;20;5;0;0;20.9;7.1;25.6;18.3;22.3;293.3;26.1;29.7;27.3;25.1;17.8;297.2222222;44.44444444;155.5555556;2.2
12936600;20;5;0;0;20.9;7;20.9;18.4;28.6;293.3;25.2;29.2;26.7;25.1;17.8;297.2222222;44.44444444;155.5555556;2.2
12937500;20;5;0;0;21.2;7;19.7;18.5;30.9;293.3;24.3;28.7;26.1;25;17.8;297.2222222;44.44444444;155.5555556;2.2
12938400;20;5;0;0;21.4;7;19.3;17.6;32.2;167.9;23.6;28.1;25.5;25;16.4;294.4444444;16.66666667;33.33333333;2.5
12939300;19;8;0;0;21.4;9.2;18.9;17.5;32.7;148.6;22.9;27.2;24.9;24.8;16.4;294.4444444;16.66666667;33.33333333;2.5
12940200;19;8;0;0;21.4;9.6;18.5;17.4;33.8;149.7;22.3;26;24.3;24.6;16.4;294.4444444;16.66666667;33.33333333;2.5
12941100;19;6;0;0;21.4;8.4;18.2;17.3;35;150.5;21.8;25;23.7;24.4;16.4;294.4444444;16.66666667;33.33333333;2.5
12942000;19;6;0;0;21.4;8.1;17.9;16.1;36.3;48.5;21.6;24.2;23.3;24.2;14.8;288.8888889;0;0;1.2
12942900;19;6;0;0;21.8;8.1;17.5;16;37.3;41.2;21.3;23.3;22.9;24;14.8;288.8888889;0;0;1.2
12943800;19;7;0;0;21.9;8.4;17.2;16.3;38.8;41.2;21.1;22.6;22.5;23.8;14.8;288.8888889;0;0;1.2
12944700;20;7;0;0;21.9;8.8;17;16.5;39.3;41.2;21.1;21.9;22.2;23.6;14.8;288.8888889;0;0;1.2
12945600;20;8;0;0;21.9;9.1;16.9;15.2;42.5;5.9;21.1;21.2;21.9;23.4;13.2;286.1111111;0;0;0.8
12946500;20;8;0;0;21.9;9.6;16.1;15;44.7;0.5;21.3;20.1;21.7;23.2;13.2;286.1111111;0;0;0.8
12947400;20;9;0;0;21.9;10.5;15.1;15;48.4;0.5;21.7;18.9;22.1;23.1;13.2;286.1111111;0;0;0.8
12948300;19;11;0;0;21.9;12.2;14.3;15;51.1;0.5;23.1;16.8;23.5;22.9;13.2;286.1111111;0;0;0.8
12949200;19;11;0;0;21;12.6;14;13.9;51.6;0.1;22.9;14.9;22.1;22.1;12.6;280.5555556;0;0;1.1
12950100;19;11;0;0;20.4;12.6;13.5;13.7;54.7;0;20.8;14.3;21;21;12.6;280.5555556;0;0;1.1
12951000;19;11;0;0;20.3;12.6;13.2;13.7;55.5;0;20;14;18.7;20.8;12.6;280.5555556;0;0;1.1
12951900;18;11.5;0;0;18.25;12.6;12.85;13.1;56.55;0;18.75;13.75;17.65;21.4;12.6;280.5555556;0;0;1.1
12952800;17;12;0;0;16.2;12.6;12.5;12.5;57.6;0;17.5;13.5;16.6;22;11.6;277.7777778;0;0;1.1
12953700;16;12;0;0;15.6;12.6;12.3;12.5;56.8;0;16.3;13.2;16.1;22;11.6;277.7777778;0;0;1.1
12954600;15;12;0;0;15.1;12.6;12.2;12.5;57.6;0;15.8;12.9;15.6;21.9;11.6;277.7777778;0;0;1.1
12955500;10;11;1;0;10.4;12.6;12;12.5;58.2;0;15.5;12.6;15.2;13.9;11.6;277.7777778;0;0;1.1
12956400;12;11;0;0;11.5;12.9;11.8;11.5;58.9;0;15.5;12.4;15.1;12;10.6;-2775;0;0;1.6
12957300;11;8;0;0;11.9;10.7;11.7;11.3;58.5;0;16.5;12;14.3;11.7;10.6;-2775;0;0;1.6
12958200;11;5;0;0;11.9;7.6;11.6;11.3;57.5;0;18.1;11.7;13.8;11.6;10.6;-2775;0;0;1.6
12959100;11;5;0;0;11.6;6.6;11.4;11.3;58.4;0;19.4;11.4;13.6;11.7;10.6;-2775;0;0;1.6
12960000;10;5;0;0;11;6.1;11.4;10.4;58.1;0;18.5;11.1;13.7;11.7;10.2;272.2222222;0;0;2.3
12960900;10;5;0;0;10.9;6.1;11.3;10.2;58.3;0;15.9;10.9;13.6;11.7;10.2;272.2222222;0;0;2.3
12961800;10;5;0;0;10.9;6.1;11.4;10.2;56.6;0;14.9;10.8;13.3;11.6;10.2;272.2222222;0;0;2.3
12962700;10;4;0;0;10.9;6;12;10.2;53.5;0;14.9;10.8;13;11.7;10.2;272.2222222;0;0;2.3
12963600;10;4;0;0;10.9;5.6;12.2;10;52;0;14.9;10.9;12.9;11.7;10.3;269.4444444;0;0;1.1
12964500;10;6;0;0;10.9;7.1;12.4;9.9;52;0;14.6;10.9;12.8;11.7;10.3;269.4444444;0;0;1.1
12965400;10;8;0;0;10.9;8.8;11.8;9.9;56.1;0;14.4;10.8;12.8;11.5;10.3;269.4444444;0;0;1.1
12966300;10;8;0;0;10.9;9.1;11;10;59.6;0;14.5;10.6;12.8;11.1;10.3;269.4444444;0;0;1.1
12967200;10;7;0;0;10.9;9.1;10.6;9.5;60.5;0;14.7;10.1;12.7;10.6;9.7;269.4444444;0;0;1.4
12968100;10;8;0;0;10.9;9.1;10.3;9.3;61.7;0;14.9;9.6;12.5;10.1;9.7;269.4444444;0;0;1.4
12969000;9;9;2;0;9.2;9.7;10.2;9.4;60.9;0;14.7;9.2;12.1;9.6;9.7;269.4444444;0;0;1.4
12969900;7;7;0;0;7.9;8.7;10;9.6;63;0;14.9;9;12.4;9.4;9.7;269.4444444;0;0;1.4
12970800;7;4;0;0;8.9;6.3;9.7;9.1;64.6;0;14.8;8.6;12.4;9.1;8.9;266.6666667;16.66666667;27.77777778;2.3
12971700;8;4;0;0;9.1;5.6;9.4;8.9;65.7;0;14.3;8.2;11.6;8.8;8.9;266.6666667;16.66666667;27.77777778;2.3
12972600;7;4;1;1;8.4;6;9.3;9.2;67;0;13.7;7.9;10.7;8.5;8.9;266.6666667;16.66666667;27.77777778;2.3
12973500;5;8;0;0;6;8.6;9.3;9.7;68;0;13.7;7.7;10.7;8.5;8.9;266.6666667;16.66666667;27.77777778;2.3
12974400;5;6;0;0;6.7;7.8;9.4;9.5;67.9;8.5;13.5;7.7;10.9;8.8;10.5;269.4444444;41.66666667;152.7777778;4.1
12975300;6;4;0;0;7.4;5.8;9.7;9.5;67.8;8.5;13.1;7.7;10.8;9.3;10.5;269.4444444;41.66666667;152.7777778;4.1
12976200;6;3;0;0;7.5;5.6;10.2;9.6;66.2;8.5;12.9;7.8;10.8;9.9;10.5;269.4444444;41.66666667;152.7777778;4.1
12977100;5;6;0;0;6.5;7.3;10.8;9.7;65.4;8.5;13.1;8.2;12.3;10.8;10.5;269.4444444;41.66666667;152.7777778;4.1
12978000;5;5;0;0;6.5;7.3;11.4;10;63.2;75.5;13.2;8.7;12.5;11.5;11.2;272.2222222;55.55555556;325;3.2
12978900;6;6;1;0;6.4;7.6;12.2;10.1;59.5;85.8;14.2;9.8;14.6;13.1;11.2;272.2222222;55.55555556;325;3.2
12979800;6;6;0;0;7.2;7.3;12.9;9.8;56.8;85.8;14.2;11.7;15.1;14.1;11.2;272.2222222;55.55555556;325;3.2
12980700;7;4;0;0;7.6;5.7;13.6;9.5;54.5;85.8;14.4;12.6;16;14.2;11.2;272.2222222;55.55555556;325;3.2
12981600;7;6;0;0;7.8;6.5;13.8;10.5;53.5;209.4;15.7;13.5;17.5;14.3;13.5;277.7777778;61.11111111;500;3.3
12982500;7;7;0;0;8.2;8.1;14.2;10.6;52.7;228.4;17.6;14.8;19.1;14.4;13.5;277.7777778;61.11111111;500;3.3
12983400;7;7;0;0;8.3;8.1;14.5;11.2;51.3;231.2;19.5;16.4;20.8;14.5;13.5;277.7777778;61.11111111;500;3.3
12984300;8;7;0;0;8.7;8.1;15;11.8;49.7;233.7;21.2;18.1;22.7;14.8;13.5;277.7777778;61.11111111;500;3.3
12985200;8;5;0;0;8.8;7.5;15.6;13;48.1;365.9;22.6;19.7;24.4;15.1;15.7;283.3333333;69.44444444;661.1111111;3
12986100;8;4;0;0;9.1;6.7;16;13.2;46.4;386.2;23.8;21.3;26;15.4;15.7;283.3333333;69.44444444;661.1111111;3
12987000;8;4;0;0;9.3;6.1;16.5;13;45.9;386.2;24.9;23;27.5;15.7;15.7;283.3333333;69.44444444;661.1111111;3
12987900;8;3;0;0;9.4;5.7;17;12.8;43;386.2;26.1;24.6;28.9;16;15.7;283.3333333;69.44444444;661.1111111;3
12988800;6;9;3;9;7.1;10.6;17.7;14.1;40.4;535.4;28.2;30;30;25.9;16.3;288.8888889;72.22222222;794.4444444;2.9
12989700;7;7;0;0;8.4;8.4;18.2;14.3;38.2;558.3;27.8;26.9;28.6;24.2;16.3;288.8888889;72.22222222;794.4444444;2.9
12990600;8;4;0;0;8.6;6.7;18.4;14.7;37.2;558.3;29.1;27.7;29.2;23.8;16.3;288.8888889;72.22222222;794.4444444;2.9
12991500;8;7;0;0;9.1;7.9;18.4;15.1;36.1;558.3;30.3;29.2;29.9;24.1;16.3;288.8888889;72.22222222;794.4444444;2.9
12992400;8;7;0;0;9.1;8.9;18.7;16.1;36.2;665.3;31.3;30.3;30.5;24.2;17.1;294.4444444;77.77777778;883.3333333;2.9
12993300;6;7;1;0;7.5;8.4;18.9;16.3;35.3;692;31.8;31.9;31.6;25.7;17.1;294.4444444;77.77777778;883.3333333;2.9
12994200;7;6;0;0;8.7;6.8;19.1;16.3;35.4;692;30.6;29.9;30.3;24.7;17.1;294.4444444;77.77777778;883.3333333;2.9
12995100;7;5;0;0;9.2;6.7;19.3;16.3;34.8;692;32.5;31.4;31.1;25;17.1;294.4444444;77.77777778;883.3333333;2.9
12996000;8;5;0;0;9.4;6.7;19.6;17.1;34.1;732.6;34;33.1;31.5;25.2;17.4;297.2222222;80.55555556;930.5555556;2.6
12996900;8;4;0;0;9.8;6.7;19.7;17.3;34;742.7;35.5;34.6;32;25.4;17.4;297.2222222;80.55555556;930.5555556;2.6
12997800;8;4;0;0;9.9;6.2;19.8;17.4;34.1;756.5;36.2;35.6;32.2;25.6;17.4;297.2222222;80.55555556;930.5555556;2.6
12998700;8;4;0;0;10.3;6.2;20.1;17.5;34.6;772.3;37.1;36.8;32.7;25.8;17.4;297.2222222;80.55555556;930.5555556;2.6
12999600;9;5;0;0;10.4;6.7;20.4;18.3;34.7;806.6;38;37.7;33.1;26;18.8;300;80.55555556;933.3333333;3.1
13000500;9;8;0;0;10.9;8.7;20.5;18.4;34.2;811.9;38.9;38.5;33.4;26.3;18.8;300;80.55555556;933.3333333;3.1
13001400;9;6;0;0;10.9;8.4;21;18.2;33.4;811.9;39.8;39.1;33.8;26.5;18.8;300;80.55555556;933.3333333;3.1
13002300;9;5;0;0;11.4;7.3;21.2;18.1;33.5;811.9;40.6;39.8;34.2;26.8;18.8;300;80.55555556;933.3333333;3.1
13003200;10;4;0;0;11.4;6.7;21.4;18.5;32.7;822;41.2;40.2;34.5;27.1;19.7;302.7777778;77.77777778;886.1111111;2.8
13004100;10;4;0;0;11.9;6.2;21.7;18.6;31.3;824.5;41.5;40.4;34.7;27.3;19.7;302.7777778;77.77777778;886.1111111;2.8
13005000;10;4;0;0;11.9;6.2;21.8;18.3;30.4;824.5;41.6;40.6;34.9;27.6;19.7;302.7777778;77.77777778;886.1111111;2.8
13005900;10;4;0;0;12.4;6.2;22.1;18;29.7;824.5;41.8;40.7;35;27.8;19.7;302.7777778;77.77777778;886.1111111;2.8
13006800;10;4;0;0;12.4;6.2;22.4;18.6;28.8;789.7;42.1;40.8;35.2;28;20.5;302.7777778;75;794.4444444;2.6
13007700;10;4;0;0;12.8;6.2;22.3;18.7;27.7;781;42;40.8;35.2;28.2;20.5;302.7777778;75;794.4444444;2.6
13008600;11;7;0;0;12.9;8.1;22.4;19.1;27.7;781;41.9;40.7;35.1;28.4;20.5;302.7777778;75;794.4444444;2.6
13009500;11;7;0;0;13.2;8.7;22.2;19.5;27.4;781;41.5;40.7;35.1;28.6;20.5;302.7777778;75;794.4444444;2.6
13010400;11;5;0;0;13.4;7.6;22.9;19.9;27.7;719.3;41.4;40.6;35.1;28.8;20.5;305.5555556;72.22222222;666.6666667;3.3
13011300;11;5;0;0;13.6;6.8;22.9;20;28.5;703.9;41.2;40.6;35.3;29;20.5;305.5555556;72.22222222;666.6666667;3.3
13012200;11;4;0;0;13.9;6.3;23.4;20.1;28.4;703.9;40.8;40.4;35.5;29.2;20.5;305.5555556;72.22222222;666.6666667;3.3
13013100;11;4;0;0;13.9;6.3;23.5;20.3;28.5;703.9;40.2;40.1;35.6;29.4;20.5;305.5555556;72.22222222;666.6666667;3.3
13014000;12;4;0;0;14.2;6.3;23.6;20.5;28.4;612.5;39.3;39.7;35.8;29.5;20.6;305.5555556;66.66666667;511.1111111;3.9
13014900;12;4;0;0;14.4;6.3;23.4;20.5;28.9;589.7;38.5;39.1;35.9;29.6;20.6;305.5555556;66.66666667;511.1111111;3.9
13015800;12;5;0;0;14.4;6.3;23.5;20.7;28.2;589.7;37.7;38.5;36.1;29.7;20.6;305.5555556;66.66666667;511.1111111;3.9
13016700;12;6;0;0;14.7;7.1;23.8;20.9;28.4;589.7;36.8;37.8;36.2;29.7;20.6;305.5555556;66.66666667;511.1111111;3.9
13017600;12;8;0;0;14.9;9.4;23.9;20.7;27.7;472.7;35.9;37.2;36;29.7;20.8;305.5555556;55.55555556;336.1111111;3.4
13018500;12;7;0;0;14.9;9.1;24.5;20.7;26.7;443.4;34.9;36.2;35.4;29.7;20.8;305.5555556;55.55555556;336.1111111;3.4
13019400;12;7;0;0;14.9;8.9;27.6;20.6;22.6;443.4;33.8;35.7;34.7;29.6;20.8;305.5555556;55.55555556;336.1111111;3.4
13020300;12;7;0;0;15.4;8.9;30.2;20.5;19.8;443.4;32.7;35.1;33.8;29.5;20.8;305.5555556;55.55555556;336.1111111;3.4
13021200;12;7;0;0;15.4;8.9;30.5;19.9;18.3;330;31.6;34.3;32.8;29.3;19.6;302.7777778;41.66666667;166.6666667;2.4
13022100;12;8;0;3;14.9;9.5;29.8;19.7;18.9;301.6;30.5;33.4;31.8;29.2;19.6;302.7777778;41.66666667;166.6666667;2.4
13023000;9;8;0;0;11;9.4;24.5;19.8;25.3;301.6;29.5;32;30.3;29.4;19.6;302.7777778;41.66666667;166.6666667;2.4
13023900;11;5;0;0;13.8;7.1;22.1;20;29;301.6;28.3;31.1;29.8;28.4;19.6;302.7777778;41.66666667;166.6666667;2.4
13024800;11;4;0;0;14;6.6;21.3;19.2;31.6;184.8;27.5;30.6;29.2;28.5;17.8;302.7777778;16.66666667;36.11111111;2.6
13025700;12;7;0;0;14;8.7;20.8;19;33.7;155.6;26.6;29.9;28.6;28.3;17.8;302.7777778;16.66666667;36.11111111;2.6
13026600;12;7;0;0;14.2;8.9;20.3;19.5;35.2;155.7;25.8;28.9;27.9;28.1;17.8;302.7777778;16.66666667;36.11111111;2.6
13027500;12;5;0;0;14.5;7.4;19.9;20;36.1;155.8;25.1;27.9;27.2;27.8;17.8;302.7777778;16.66666667;36.11111111;2.6
13028400;12;4;0;0;14.5;6.7;19.5;18.7;37;65.4;24.5;27.1;26.6;27.8;16.1;300;0;0;1
13029300;12;4;0;0;14.6;6.7;19;18.4;38.8;42.8;24;26.3;26.1;27.7;16.1;300;0;0;1
13030200;12;4;0;0;15;6.2;18.6;18.4;39.8;42.8;23.5;25.7;25.5;27.5;16.1;300;0;0;1
13031100;12;4;0;0;15;6.2;18.2;18.3;41;42.8;23.1;25.1;25.1;27.3;16.1;300;0;0;1
13032000;12;4;0;0;15.4;6.2;17.6;17.2;44;12.1;22.8;24.6;24.7;27;14.3;294.4444444;0;0;0.5
13032900;12;5;0;0;15.5;6.3;17.4;16.8;44.1;0.9;22.4;24.1;24.4;26.8;14.3;294.4444444;0;0;0.5
13033800;13;7;0;0;15.8;8.1;16.9;16.7;47.7;0.9;22.2;23.6;24.1;26.6;14.3;294.4444444;0;0;0.5
13034700;13;9;0;0;16;10.3;16.3;16.5;49.1;0.9;21.8;23;23.7;26.3;14.3;294.4444444;0;0;0.5
13035600;13;9;0;0;16;10.3;15.7;15.2;51.9;0;21.5;22.7;23.4;26.1;13.2;288.8888889;0;0;0.9
13036500;13;9;0;0;16.4;10.3;15.3;15.2;52.3;0;21.2;22.2;23.2;25.9;13.2;288.8888889;0;0;0.9
13037400;13;9;0;0;16.5;10.3;14.9;15.1;53.9;0;20.9;21.7;23;25.7;13.2;288.8888889;0;0;0.9
13038300;13.5;9;0;0;16.75;10.5;14.55;14.15;55.05;0;20.65;21.2;22.75;25.45;13.2;288.8888889;0;0;0.9
13039200;14;9;0;0;17;10.7;14.2;13.2;56.2;0;20.4;20.7;22.5;25.2;13.2;286.1111111;0;0;0.6
13040100;14;10;0;0;17;10.8;13.9;12.5;57;0;20.1;20.1;22.5;25;13.2;286.1111111;0;0;0.6
13041000;14;10;0;0;17.1;11.2;13.5;12.5;57.5;0;19.9;19.1;22.6;24.8;13.2;286.1111111;0;0;0.6
13041900;14;10;0;0;17.5;11.3;13.3;12.5;56.9;0;19.4;16.9;24.1;24.6;13.2;286.1111111;0;0;0.6
13042800;14;13;0;0;17.5;13.6;13.2;11.6;58.4;0;17;14.7;23.1;24.2;12.1;283.3333333;0;0;0.6
13043700;14;13;0;0;17.5;14.3;12.9;11.3;59.7;0;14.2;12.9;20.3;24.1;12.1;283.3333333;0;0;0.6
13044600;14;12;0;0;17.2;14.9;12.8;11.3;59.3;0;13.1;12.5;16.7;23.1;12.1;283.3333333;0;0;0.6
13045500;14;13;0;0;14.5;15.7;12.6;11.3;60.9;0;12.7;12.2;16.2;22.2;12.1;283.3333333;0;0;0.6
13046400;13;12;0;0;13.5;13.7;12.4;11;61.7;0;12.4;11.9;18.9;21;11.5;280.5555556;0;0;0.5
13047300;13;12;0;0;12.6;13.1;12.2;11;63.2;0;12.4;11.4;17.7;19.5;11.5;280.5555556;0;0;0.5
13048200;12;12;0;0;12.5;12.9;11.9;11;64.3;0;12.5;11.1;15.5;16.6;11.5;280.5555556;0;0;0.5
13049100;12;12;0;0;12.5;12.9;11.7;11;65.5;0;12.4;10.8;14.5;17.6;11.5;280.5555556;0;0;0.5
13050000;12;12;0;0;12.5;12.9;11.5;11.4;66.4;0;12.2;10.6;13.8;16.1;10.4;277.7777778;0;0;1
13050900;12;13;0;0;12.2;13.4;11.3;11.5;67.9;0;11.9;10.3;13.2;14.6;10.4;277.7777778;0;0;1
13051800;12;14;0;0;11.8;14.4;11.1;11.6;68.6;0;11.7;10;13.5;14.2;10.4;277.7777778;0;0;1
13052700;12;13;0;0;11.5;14.1;11;11.6;68.7;0;11.4;9.7;13.7;14.2;10.4;277.7777778;0;0;1
13053600;12;12;0;0;11.5;13.4;10.8;11;69.5;0;11.2;9.4;13.3;14.1;9.1;-2775;0;0;1.5
13054500;11;12;0;0;11.5;13.3;10.7;10.8;70.3;0;11;9.1;12.8;14.1;9.1;-2775;0;0;1.5
13055400;11;12;0;0;11.5;12.9;10.5;10.8;70.6;0;10.8;8.8;12.4;14;9.1;-2775;0;0;1.5
13056300;11;12;0;0;11.5;12.9;10.4;10.8;71.7;0;10.5;8.6;12.2;14;9.1;-2775;0;0;1.5
13057200;11;11;0;0;11.5;12.8;10.2;10.3;72.2;0;10.1;8.4;11.9;13.8;8.2;272.2222222;16.66666667;30.55555556;3.1
13058100;11;11;0;0;11.8;12.4;10.1;10.2;72.6;0;9.8;8.1;11.6;13.6;8.2;272.2222222;16.66666667;30.55555556;3.1
13059000;11;11;0;0;12;12.4;10;10.1;73.7;0;9.5;8;11.3;13.5;8.2;272.2222222;16.66666667;30.55555556;3.1
13059900;11;13;0;0;12;13.8;10;9.9;74.3;0;9.6;7.8;11.1;13.3;8.2;272.2222222;16.66666667;30.55555556;3.1
13060800;11;13;0;0;12;13.8;10.2;9.8;74.7;6.7;9.9;7.7;10.9;13.2;10.1;272.2222222;41.66666667;155.5555556;-999
13061700;11;11;0;0;12;12.6;10.4;9.7;74.9;9.2;10.6;7.7;10.8;13;10.1;272.2222222;41.66666667;155.5555556;-999
13062600;11;11;0;0;11.5;12;10.8;9.4;74.4;9.2;11.3;7.8;10.9;12.9;10.1;272.2222222;41.66666667;155.5555556;-999
13063500;11;10;0;0;11.3;11.2;11.5;8.9;71.8;9.2;12.4;8.2;11;12.8;10.1;272.2222222;41.66666667;155.5555556;-999
13064400;11;9;0;0;11;10;12.1;9.7;68.9;92.9;13.5;8.8;11.5;12.7;12.1;277.7777778;52.77777778;325;-999
13065300;10;8;0;0;11.3;9.2;12.8;9.7;66.8;92.9;15.5;9.9;13;12.8;12.1;277.7777778;52.77777778;325;-999
13066200;11;7;0;0;13.1;8.4;13.3;9.2;64.3;92.9;17;12.5;15.1;13;12.1;277.7777778;52.77777778;325;-999
13067100;11;5;0;0;12.9;7.1;13.7;8.9;62.9;92.9;18.3;14.1;16.1;13.2;12.1;277.7777778;52.77777778;325;-999
13068000;11;6;0;0;12.8;7.3;14.2;10.3;60.7;230.2;19.9;15.8;17.7;13.4;15.3;286.1111111;61.11111111;500;5.2
13068900;11;7;0;0;12.8;8.4;14.8;10.4;58.9;240;21.3;17.3;19.7;13.7;15.3;286.1111111;61.11111111;500;5.2
13069800;11;7;0;0;12.8;8.4;15.4;11;55.8;241.5;22.6;18.9;21.6;14.1;15.3;286.1111111;61.11111111;500;5.2
13070700;12;6;0;0;12.8;8.4;16;11.6;52.7;242.9;23.9;20.4;23.6;14.4;15.3;286.1111111;61.11111111;500;5.2
13071600;12;5;0;0;12.8;7.5;16.7;13.2;50.2;381.5;25.2;22;25.7;14.8;18.1;-2775;-2775;-2775;-999
13072500;12;4;0;0;12.8;6.5;17.3;13.5;48.6;402.8;26.4;23.6;27.6;15.3;18.1;-2775;-2775;-2775;-999
13073400;12;3;0;0;13.3;5.9;18.1;13.7;45.8;402.8;27.8;25.3;29.5;15.8;18.1;-2775;-2775;-2775;-999
13074300;12;3;0;0;13.3;5.2;19;14;42;402.8;29.2;27.1;31.3;16.4;18.1;-2775;-2775;-2775;-999
13075200;12;2;0;0;13.4;4.6;19.7;15.4;36.8;535.8;30.1;28.4;32.3;17.1;19.4;-2775;-2775;-2775;4.9
13076100;12;2;0;0;13.8;4.4;20.1;15.8;34.7;569;30.8;29.3;32.7;17.8;19.4;-2775;-2775;-2775;4.9
13077000;13;2;0;0;13.8;4.4;20.6;16.4;34.5;569;31.6;30.2;32.9;18.4;19.4;-2775;-2775;-2775;4.9
13077900;13;6;0;0;14.1;6.9;20.8;17.2;32.7;569;32.5;31.2;33.1;18.9;19.4;-2775;-2775;-2775;4.9
13078800;13;6;0;0;14.3;7.8;21.3;18.3;33;662.4;33.3;32;33.4;19.4;21;-2775;-2775;-2775;5.1
13079700;9;7;1;1;10.3;8.3;21.6;18.7;32.2;696.4;33.5;33.3;33.5;22.7;21;-2775;-2775;-2775;5.1
13080600;9;5;0;0;10.6;7;21.8;19.4;30.6;713;31.5;31.7;31.4;22;21;-2775;-2775;-2775;5.1
13081500;10;4;0;0;11.8;6.4;22;19.8;31.2;721.3;33.3;32.9;32.3;22.1;21;-2775;-2775;-2775;5.1
13082400;10;4;0;0;11.9;6;22.3;20.9;30.5;820.5;35.2;34.5;32.9;22.6;21.8;-2775;-2775;-2775;4.9
13083300;9;22;32;619;10.5;22.2;22.5;20.9;30;820.5;32.6;33.7;32.4;29.4;21.8;-2775;-2775;-2775;4.9
13084200;17;26;22;221;18.7;26.9;22.7;20.8;29.6;820.5;28;29.7;28.4;26.2;21.8;-2775;-2775;-2775;4.9
13085100;10;23;43;592;11.4;23.8;22.9;20.7;29.7;820.5;25.2;25.9;25.1;23.9;21.8;-2775;-2775;-2775;4.9
13086000;11;20;43;426;12.4;21.2;23;21.7;28.7;849.6;23.2;23.5;22.9;21.6;22.1;-2775;-2775;-2775;4.7
13086900;11;20;43;411;11.9;20.7;23.3;21.8;28.6;854.1;22.6;22.9;22.4;21.2;22.1;-2775;-2775;-2775;4.7
13087800;11;19;43;406;11.9;20.5;23.4;22;28;854.1;22.5;22.8;22.3;21.1;22.1;-2775;-2775;-2775;4.7
13088700;11;19;43;407;11.9;20.2;23.8;22.2;27.9;854.1;22.6;22.8;22.4;21.2;22.1;-2775;-2775;-2775;4.7
13089600;11;19;43;406;11.9;20.2;23.7;22.5;27.3;867.1;22.6;22.8;22.4;21.2;22.2;-2775;-2775;-2775;4.5
13090500;11;19;43;405;11.9;20.2;23.7;22.7;26.4;873.6;22.6;22.9;22.5;21.3;22.2;-2775;-2775;-2775;4.5
13091400;11;20;43;406;11.9;20.2;23.9;22.6;26.9;873.6;22.8;23.1;22.5;21.3;22.2;-2775;-2775;-2775;4.5
13092300;11;20;43;405;11.9;20.2;24.2;22.5;27;873.6;22.8;23.1;22.6;21.2;22.2;-2775;-2775;-2775;4.5
13093200;11;20;43;403;11.9;20.2;24.5;23.2;27.3;841.5;22.8;23.1;22.6;21.2;23;316.6666667;77.77777778;791.6666667;4.7
13094100;11;20;43;402;11.9;20.2;25;23.2;25.1;841.5;22.9;23.2;22.7;21.2;23;316.6666667;77.77777778;791.6666667;4.7
13095000;11;20;43;399;11.9;20.2;25.1;23.1;25.9;841.5;23;23.2;22.7;21.1;23;316.6666667;77.77777778;791.6666667;4.7
13095900;11;20;37;345;12.4;20.2;25.2;23;25.7;841.5;23.2;23.6;23;21.3;23;316.6666667;77.77777778;791.6666667;4.7
13096800;12;21;41;439;12.1;21.4;25.3;23.4;25;777.6;23.7;23.9;23.5;21.7;23.3;319.4444444;75;661.1111111;3.5
13097700;11;21;35;386;12;21.4;25.5;23.5;25.4;754.4;23.8;24.1;23.6;21.7;23.3;319.4444444;75;661.1111111;3.5
13098600;11;19;43;378;12.6;20.6;25.5;23.2;25.1;754.4;22.7;22.9;22.5;20.6;23.3;319.4444444;75;661.1111111;3.5
13099500;11;19;43;366;12.6;20.2;25.9;22.8;25;754.4;22.2;22.4;22.1;20.4;23.3;319.4444444;75;661.1111111;3.5
13100400;14;19;33;209;15.5;20.2;25.9;23;25.3;649.6;22.8;23.3;22.8;21;23.1;319.4444444;69.44444444;505.5555556;3.2
13101300;16;22;34;252;16.4;22.4;25.9;23;25.6;633.5;25.3;25.5;25.4;23.3;23.1;319.4444444;69.44444444;505.5555556;3.2
13102200;12;21;21;315;12.9;22.2;25.8;23.1;24.7;633.5;24;24.5;24;22.7;23.1;319.4444444;69.44444444;505.5555556;3.2
13103100;16;17;2;21;18.3;18.5;26;23.2;25.1;633.5;24.9;25.9;24.8;22.9;23.1;319.4444444;69.44444444;505.5555556;3.2
13104000;16;12;0;0;17.6;13.2;26.3;23.1;26;525.8;25.4;28.2;25.1;23.1;22.7;319.4444444;58.33333333;333.3333333;2.3
13104900;16;10;0;0;17.4;12.6;27;23;23.4;486.6;26.3;29.5;26.8;23.2;22.7;319.4444444;58.33333333;333.3333333;2.3
13105800;16;9;0;0;17.4;12.2;29.5;23;19.7;486.6;27.3;29.9;28.1;23.5;22.7;319.4444444;58.33333333;333.3333333;2.3
13106700;16;10;0;0;17.4;11.8;32.4;23.1;16.7;486.6;27.9;30.4;29;23.8;22.7;319.4444444;58.33333333;333.3333333;2.3
13107600;16;10;0;0;17.4;11.7;32.7;22.4;16.5;327.5;28.2;30.8;29.5;24;21.9;313.8888889;41.66666667;166.6666667;1.9
13108500;16;10;0;0;17.4;11.8;33;22.4;16.5;316.1;28.2;31;29.7;24.3;21.9;313.8888889;41.66666667;166.6666667;1.9
13109400;16;11;0;0;17.4;12.2;26.8;22.5;22.2;316.1;27.9;31;29.8;24.5;21.9;313.8888889;41.66666667;166.6666667;1.9
13110300;16;11;0;0;17.6;12.2;24.4;22.5;26;316.1;27.4;31;29.7;24.7;21.9;313.8888889;41.66666667;166.6666667;1.9
13111200;15;12;1;2;17.1;13.3;23.5;21.8;28;201.3;27.1;30.6;29.2;25;20.4;311.1111111;13.88888889;36.11111111;0.9
13112100;13;10;0;0;14.8;11.5;23;21.5;28.9;159.6;26.9;29.4;28.5;24.8;20.4;311.1111111;13.88888889;36.11111111;0.9
13113000;16;8;0;0;17.6;9.3;22.5;21.6;29.6;158.7;25.3;28;26.5;23.3;20.4;311.1111111;13.88888889;36.11111111;0.9
13113900;17;6;0;0;18;7.7;22.1;21.7;30.7;157.7;24.8;27.3;25.7;23.3;20.4;311.1111111;13.88888889;36.11111111;0.9
13114800;17;5;0;0;18;7.2;21.6;20.2;32.6;52.2;24.4;26.8;25.4;23.3;17.6;305.5555556;0;0;1
13115700;17;5;0;0;18;6.8;20.6;20.1;38.2;44.7;24;26.3;25.1;23.3;17.6;305.5555556;0;0;1
13116600;17;5;0;0;18.2;6.7;19.7;20.3;40.7;44.7;23.7;25.8;24.9;23.3;17.6;305.5555556;0;0;1
13117500;17;5;0;0;18.5;6.7;19.1;20.4;41.4;44.7;23.4;25.3;24.6;23.3;17.6;305.5555556;0;0;1
13118400;17;5;0;0;18.5;6.7;18.7;19.2;43.6;12.6;23.1;24.9;24.4;23.3;16.4;302.7777778;0;0;1.3
13119300;17;5;0;0;18.5;6.7;18.1;18.8;44.9;0.9;22.9;24.4;24.2;23.3;16.4;302.7777778;0;0;1.3
13120200;17;6;0;0;18.8;7.6;17.6;18.9;47.5;0.9;22.5;23.9;23.9;23.2;16.4;302.7777778;0;0;1.3
13121100;17;8;0;0;19;9.3;17.1;19;49.6;0.9;22.3;23.4;23.5;23.2;16.4;302.7777778;0;0;1.3
13122000;17;8;0;0;19;9.7;16.7;17.6;50.3;0.1;22;23.1;23.4;23.2;16.8;300;0;0;1.1
13122900;17;8;0;0;19;9.7;16.6;17.5;49.6;0;21.9;22.7;23.3;23.1;16.8;300;0;0;1.1
13123800;17;8;0;0;19.5;9.7;16.4;17.1;50.5;0;21.7;22.2;23.1;23.1;16.8;300;0;0;1.1
13124700;17.5;8.5;0;0;19.5;9.95;16.2;15.45;51.5;0;21.4;21.65;23.1;23.05;16.8;300;0;0;1.1
13125600;18;9;0;0;19.5;10.2;16;13.8;52.5;0;21.1;21.1;23.1;23;15.1;297.2222222;0;0;0.8
13126500;18;9;0;0;19.5;10.4;15.8;13.2;53.6;0;20.5;19.8;23.6;22.9;15.1;297.2222222;0;0;0.8
13127400;18;9;0;0;19.9;10.9;15.4;13.2;54.6;0;18.8;17.9;24.6;22.8;15.1;297.2222222;0;0;0.8
13128300;18;10;0;0;20;11.7;15.2;13.2;55.2;0;17.5;15.7;22.2;22.7;15.1;297.2222222;0;0;0.8
13129200;18;13;0;0;20;13.6;14.9;12.3;56.2;0;16.8;14.9;20.9;22.6;13.9;291.6666667;0;0;1.3
13130100;17;13;0;0;20.2;13.7;14.6;12.1;57.8;0;17.2;14.5;18.3;22.8;13.9;291.6666667;0;0;1.3
13131000;17;12;0;0;20.5;13.5;14.3;12.1;59.4;0;20.9;14;17;22.8;13.9;291.6666667;0;0;1.3
13131900;18;12;0;0;19.9;13.2;14.1;12.1;60.3;0;23.1;13.7;16.6;22.2;13.9;291.6666667;0;0;1.3
13132800;18;12;0;0;19;13.2;13.9;11.3;61.4;0;19.7;13.6;16.6;21.9;12.8;288.8888889;0;0;1.4
13133700;18;12;0;0;19;13.2;13.6;11;63.5;0;17.5;13.3;16.3;22;12.8;288.8888889;0;0;1.4
13134600;15;12;1;0;15.7;13.2;13.3;11;64.8;0;16.6;13;15.8;20.4;12.8;288.8888889;0;0;1.4
13135500;10;9;0;0;12.5;11.7;13.2;11;64.7;0;16.3;12.9;15.8;18.4;12.8;288.8888889;0;0;1.4
13136400;12;6;0;0;13.9;8.3;13;13.2;65.8;0;16;12.8;15.9;20.9;11.7;283.3333333;0;0;3
13137300;13;8;0;0;14.3;8.5;12.8;13.2;66.8;0;15.7;12.5;15.5;22.3;11.7;283.3333333;0;0;3
13138200;15;8;0;0;16.3;9.8;12.5;13.3;68.1;0;15.5;12.2;15.1;22.2;11.7;283.3333333;0;0;3
13139100;14;7;0;0;15;8.5;12.3;13.3;68.6;0;15.6;11.9;15.3;18.9;11.7;283.3333333;0;0;3
13140000;15;7;0;0;15.9;7.7;12.2;12.7;69.7;0;15.2;11.5;15.1;17.4;10;280.5555556;0;0;2.5
13140900;15;6;0;0;16.1;7.3;12.1;12.6;70.4;0;14.7;11.2;14.8;16;10;280.5555556;0;0;2.5
13141800;14;5;0;0;15;7.2;11.9;12.4;71.3;0;14.3;10.9;14.5;14.7;10;280.5555556;0;0;2.5
13142700;14;5;0;0;14.7;7.2;11.7;12.2;72.2;0;14.3;10.7;14.4;14.2;10;280.5555556;0;0;2.5
13143600;14;6;0;0;14.4;7.2;11.5;11.8;73.5;0;14.1;10.5;14.2;14;9.4;277.7777778;16.66666667;27.77777778;1.6
13144500;13;6;0;0;13.9;7.4;11.2;11.7;74.7;0;13.9;10.3;13.9;13.9;9.4;277.7777778;16.66666667;27.77777778;1.6
13145400;13;6;0;0;13.8;7.8;11.2;11.5;75.6;0;13.7;10.1;13.7;13.9;9.4;277.7777778;16.66666667;27.77777778;1.6
13146300;13;9;1;0;13.3;10;11.2;11.3;75.6;0;13.6;10.1;13.5;13.9;9.4;277.7777778;16.66666667;27.77777778;1.6
13147200;7;8;0;0;8.7;9;11.4;11.3;76;8.8;13.1;10;12;13.9;11.1;277.7777778;41.66666667;155.5555556;1.8
13148100;10;5;0;0;11.5;7;11.6;11.3;76.4;10.1;13.6;9.9;12;13.8;11.1;277.7777778;41.66666667;155.5555556;1.8
13149000;11;4;0;0;11.6;6.2;11.8;10.7;75.4;10.1;13.6;10;12.7;13.7;11.1;277.7777778;41.66666667;155.5555556;1.8
13149900;9;6;1;1;9.3;7.3;12.5;10;72;10.1;13.8;10.2;13.6;13.7;11.1;277.7777778;41.66666667;155.5555556;1.8
13150800;5;7;0;0;6.8;9.3;13.3;10.6;67.4;78.6;14.1;10.8;14.4;13.7;13.7;283.3333333;55.55555556;325;1.6
13151700;6;6;0;0;9.6;8.8;14;10.8;65;95.7;14.6;11.9;16.3;13.8;13.7;283.3333333;55.55555556;325;1.6
13152600;6;7;1;1;9.1;8.9;14.7;10.5;62.9;95.7;17.3;13.5;18.2;14.6;13.7;283.3333333;55.55555556;325;1.6
13153500;7;7;0;0;7.9;8;15.2;10.1;60.6;95.7;16.9;15.7;18.3;14.4;13.7;283.3333333;55.55555556;325;1.6
13154400;8;7;0;0;9.5;7.9;15.8;11.4;58.5;212.3;17.5;16;19.2;14.3;15.9;291.6666667;63.88888889;497.2222222;2.1
13155300;8;8;0;0;10.4;8.8;16.3;11.7;55.8;241.5;19.4;16.5;20.9;14.5;15.9;291.6666667;63.88888889;497.2222222;2.1
13156200;9;8;0;0;10.5;8.8;16.7;12.1;53;245;21.1;17.6;22.5;14.8;15.9;291.6666667;63.88888889;497.2222222;2.1
13157100;9;7;0;0;10.5;8.8;17.2;12.6;51.8;249;22.7;19.4;24.3;15.2;15.9;291.6666667;63.88888889;497.2222222;2.1
13158000;9;6;0;0;11;8.3;17.7;14.2;50.9;385.6;24.3;21.3;26.3;15.6;18.5;300;66.66666667;655.5555556;2.2
13158900;9;5;0;0;11;7.8;18.5;14.6;49.1;419.8;25.8;23.1;28.3;16;18.5;300;66.66666667;655.5555556;2.2
13159800;10;5;0;0;11.3;7.3;19.1;15.1;47.7;419.8;27.4;25.1;30.2;16.5;18.5;300;66.66666667;655.5555556;2.2
13160700;10;5;0;0;11.5;7.3;19.8;15.6;44.8;419.8;29.3;27.1;32.2;17.1;18.5;300;66.66666667;655.5555556;2.2
13161600;10;5;0;0;11.8;7.3;20.7;17.1;40.7;544.6;31.2;29.2;34;17.9;20.7;311.1111111;69.44444444;783.3333333;2.8
13162500;10;5;0;0;12;7.3;21.3;17.6;38.8;590;33.1;31.2;35.4;19.2;20.7;311.1111111;69.44444444;783.3333333;2.8
13163400;11;5;0;0;12.3;7.3;21.8;17.8;36.8;590;34.8;33;36.5;20.7;20.7;311.1111111;69.44444444;783.3333333;2.8
13164300;11;8;0;0;12.5;9;22.4;17.9;36.5;590;36.3;34.6;37.4;21.8;20.7;311.1111111;69.44444444;783.3333333;2.8
13165200;11;8;0;0;12.7;9.8;23.2;19.4;35.9;704.9;37.9;36.2;38.1;22.8;22.2;316.6666667;72.22222222;880.5555556;2.3
13166100;11;6;0;0;13;8.7;23.8;19.6;31.5;722.6;39.3;37.7;38.8;23.7;22.2;316.6666667;72.22222222;880.5555556;2.3
13167000;12;5;0;0;13.1;7.7;24;19.9;29.5;723.2;40.6;39;39.1;24.4;22.2;316.6666667;72.22222222;880.5555556;2.3
13167900;12;5;0;0;13.5;7.3;24.3;20.2;29.6;723.8;41.7;40.2;39.4;25.1;22.2;316.6666667;72.22222222;880.5555556;2.3
13168800;12;5;0;0;13.5;6.9;24.7;21.5;28.7;824.2;42.8;41.4;39.6;25.7;24.3;325;77.77777778;922.2222222;2.5
13169700;12;4;0;0;14;6.6;25.3;21.7;28.1;839.6;44.1;42.5;40.1;26.4;24.3;325;77.77777778;922.2222222;2.5
13170600;12;4;0;0;14;6.4;25.5;22;26.3;838.1;45.2;43.6;40.4;27.1;24.3;325;77.77777778;922.2222222;2.5
13171500;13;4;0;0;14.4;6.4;25.5;22.2;26.5;836.8;46.2;44.7;40.7;27.8;24.3;325;77.77777778;922.2222222;2.5
13172400;13;5;0;0;14.5;6.7;25.7;23.2;26.2;855.1;46.8;45.4;41;28.4;24.4;330.5555556;86.11111111;916.6666667;2.1
13173300;13;7;0;0;14.5;9.1;25.9;23.5;25.8;859.7;47.2;45.9;41.1;28.9;24.4;330.5555556;86.11111111;916.6666667;2.1
13174200;13;6;0;0;15;8.4;25.9;23.5;26;859.7;47.5;46.4;41.2;29.4;24.4;330.5555556;86.11111111;916.6666667;2.1
13175100;13;4;0;0;15;6.9;26;23.5;26.1;859.7;47.7;46.8;41.2;29.8;24.4;330.5555556;86.11111111;916.6666667;2.1
13176000;13;4;0;0;15.3;6.4;26;24.1;26;875;47.8;47;41.1;30.2;25.1;333.3333333;80.55555556;875;1.7
13176900;13;4;0;0;15.5;6.1;26.2;24.2;26.1;878.8;48.1;47.3;41;30.6;25.1;333.3333333;80.55555556;875;1.7
13177800;14;4;0;0;15.5;6.1;26.5;24.6;25.3;878.8;48.1;47.5;41.1;30.9;25.1;333.3333333;80.55555556;875;1.7
13178700;14;4;0;0;16;5.8;26.8;25.1;24.8;878.8;48;47.4;40.9;31.2;25.1;333.3333333;80.55555556;875;1.7
13179600;14;4;0;0;16;5.6;27.1;25.5;24.2;855.8;47.8;47.3;40.7;31.5;25.2;336.1111111;91.66666667;788.8888889;1.9
13180500;14;4;0;0;16.1;5.6;27.2;25.6;24.7;850.1;47.4;47;40.5;31.8;25.2;336.1111111;91.66666667;788.8888889;1.9
13181400;14;7;0;0;16.5;7.8;27.4;25.4;24.2;850.1;46.7;46.5;40.2;31.8;25.2;336.1111111;91.66666667;788.8888889;1.9
13182300;14;8;0;0;16.5;8.6;27.3;25.1;24.1;850.1;46;45.6;39.9;31.8;25.2;336.1111111;91.66666667;788.8888889;1.9
13183200;15;7;0;0;16.9;8.6;27.8;25.5;23.7;779.5;46;45.4;40;31.9;26;338.8888889;88.88888889;655.5555556;1.4
13184100;10;9;0;6;12;9.8;28.1;25.6;23.1;761.9;42.3;42.6;38.9;32.8;26;338.8888889;88.88888889;655.5555556;1.4
13185000;12;6;0;0;14.3;7.7;28.3;25.6;23.5;761.9;41.1;40.8;37.9;31.7;26;338.8888889;88.88888889;655.5555556;1.4
13185900;12;5;0;0;14.5;7.4;28.3;25.7;23.1;761.9;42.1;41.5;38.7;32.3;26;338.8888889;88.88888889;655.5555556;1.4
13186800;12;5;0;0;15;7.2;28.5;25.7;23.6;634.9;42.2;41.9;39.3;32.5;25.9;338.8888889;77.77777778;500;1.2
13187700;12;5;0;0;15;7.2;28.6;25.7;23.6;603.1;42.2;42.1;40.1;32.6;25.9;338.8888889;77.77777778;500;1.2
13188600;10;7;1;0;11.6;8.6;28.8;25.5;24.1;603.1;40.4;40.6;38.8;34.1;25.9;338.8888889;77.77777778;500;1.2
13189500;11;7;0;0;13.8;8.1;28.5;25.3;23.4;603.1;38.8;38.8;38.2;33;25.9;338.8888889;77.77777778;500;1.2
13190400;11;8;0;0;13.8;9.7;28.3;25.2;23.4;467.3;38.5;39.1;38.7;33.4;25.4;338.8888889;66.66666667;322.2222222;1.6
13191300;10;7;0;0;13.8;9.6;28.8;25.2;22.8;433.4;38.2;38.9;38.6;33.6;25.4;338.8888889;66.66666667;322.2222222;1.6
13192200;10;7;0;0;14;9.3;32;25.5;19.9;433.4;37.7;39;38.5;33.7;25.4;338.8888889;66.66666667;322.2222222;1.6
13193100;10;7;0;0;14.3;9.3;34.5;25.9;17;433.4;37.2;38.9;38;34;25.4;338.8888889;66.66666667;322.2222222;1.6
13194000;9;8;0;0;14.3;9.3;33.9;25.5;17.3;307.8;36.3;38.7;37.4;34.2;24.9;338.8888889;50;111.1111111;2
13194900;9;8;0;0;14.3;9.3;32.8;25.4;18.5;276.4;35.4;38.2;36.5;34.6;24.9;338.8888889;50;111.1111111;2
13195800;9;8;0;0;14.8;9.8;28.9;25.5;23.4;276.4;34.4;37.6;35.7;34.9;24.9;338.8888889;50;111.1111111;2
13196700;9;9;0;0;14.8;9.9;26.8;25.6;25.7;276.4;33.4;36.8;34.7;35.2;24.9;338.8888889;50;111.1111111;2
13197600;9;9;0;0;14.7;10.3;26;24.6;27.9;165.5;32.5;35.9;33.8;35.1;23.3;355.5555556;19.44444444;22.22222222;1
13198500;10;9;0;0;11.8;10.3;25.4;24.4;30.3;137.8;31.6;33.7;32.3;33.1;23.3;355.5555556;19.44444444;22.22222222;1
13199400;12;7;0;0;14.1;8.8;24.7;24.4;33.7;138;30.2;32.2;31;32.3;23.3;355.5555556;19.44444444;22.22222222;1
13200300;12;5;0;0;14.4;7.8;23.9;24.3;37.1;138.2;29.5;31.4;30.4;32.2;23.3;355.5555556;19.44444444;22.22222222;1
13201200;12;5;0;0;14.6;6.9;23.2;23;38.6;60;28.9;30.7;29.9;32;22.7;369.4444444;0;0;1.4
13202100;12;4;0;0;14.6;6.8;22.7;22.7;39.4;40.4;28.4;30.1;29.4;31.8;22.7;369.4444444;0;0;1.4
13203000;12;4;0;0;14.7;6.6;22.3;23;40.5;40.4;27.8;29.6;28.9;31.6;22.7;369.4444444;0;0;1.4
13203900;12;4;0;0;15.1;6.3;21.9;23.4;41.3;40.4;27.4;29.1;28.5;31.4;22.7;369.4444444;0;0;1.4
13204800;12;4;0;0;15.1;6.3;21.8;22.2;42.6;11.2;26.9;28.6;28.2;31.2;21.1;386.1111111;0;0;2.5
13205700;12;4;0;0;15.3;6.3;21.8;21.8;44.4;0.6;26.6;28.2;27.9;31;21.1;386.1111111;0;0;2.5
13206600;12;6;0;0;15.6;7.4;21.8;21.8;44.3;0.6;26.3;27.8;27.6;30.7;21.1;386.1111111;0;0;2.5
13207500;12;8;0;0;15.6;9;21.9;21.9;45;0.6;26.1;27.4;27.3;30.5;21.1;386.1111111;0;0;2.5
13208400;13;7;0;0;15.9;9;21.9;21.1;45.2;0.1;25.8;27.2;27.1;30.3;19.9;366.6666667;0;0;2.6
13209300;13;7;0;0;16.1;9;21.8;20.9;45.3;0;25.7;27;27;30.1;19.9;366.6666667;0;0;2.6
13210200;13;8;0;0;16.4;9;21.8;20.9;44.4;0;25.5;26.8;26.8;29.8;19.9;366.6666667;0;0;2.6
13211100;13.5;8;0;0;16.5;9.3;21.3;17.8;46.9;0;25.25;26.45;26.6;29.55;19.9;366.6666667;0;0;2.6
13212000;14;8;0;0;16.6;9.6;20.8;14.7;49.4;0;25;26.1;26.4;29.3;19;350;0;0;2.8
13212900;14;9;0;0;17.1;10;20.4;13.2;49.6;0;24.8;25.8;26.2;29;19;350;0;0;2.8
13213800;14;9;0;0;17.1;10.3;19.9;13.2;51;0;24.4;25.4;25.9;28.8;19;350;0;0;2.8
13214700;14;9;0;0;17.2;10.5;19.5;13.2;52.6;0;24.2;25.1;25.7;28.5;19;350;0;0;2.8
13215600;15;12;0;0;17.6;12.7;19.5;12.3;52.9;0;24;24.7;25.4;28.3;18;355.5555556;0;0;2.8
13216500;14;12;0;0;17.6;13.3;19.4;12.1;52.7;0;23.6;24.4;25.1;27.9;18;355.5555556;0;0;2.8
13217400;15;11;0;0;18;13.2;19.4;12.1;53.8;0;23.5;24.3;25;27.6;18;355.5555556;0;0;2.8
13218300;15;11;0;0;18.1;13;19.2;12.1;54.8;0;23.3;24;24.8;27.4;18;355.5555556;0;0;2.8
13219200;15;12;0;0;18.2;13;19;11.3;55.5;0;23.1;23.8;24.6;27.2;17.4;327.7777778;0;0;2.2
13220100;15;12;0;0;18.6;13;18.8;11;56.7;0;22.8;23.5;24.4;27;17.4;327.7777778;0;0;2.2
13221000;16;12;0;0;18.6;13.1;18.3;11;57.9;0;22.5;23.1;24.2;26.8;17.4;327.7777778;0;0;2.2
13221900;16;12;0;0;18.6;13.5;17.8;11;59.3;0;22.3;22.8;23.9;26.6;17.4;327.7777778;0;0;2.2
13222800;11;15;1;2;12.6;17;17.4;17.6;60.2;0;19.1;19.2;19.9;24.3;16.3;330.5555556;0;0;2
13223700;12;12;0;0;12.3;17.1;17.2;17.6;61;0;18.1;18;19.7;24.7;16.3;330.5555556;0;0;2
13224600;12;11;0;0;12.4;14.9;17;17.5;62.1;0;17.6;17.5;23.1;24.5;16.3;330.5555556;0;0;2
13225500;12;7;0;0;15.5;10.4;16.8;17.5;64.4;0;17.3;17.2;22;24.3;16.3;330.5555556;0;0;2
13226400;12;5;0;0;16.6;8.3;16.8;17;64.4;0;17;16.6;21;24.3;15.8;355.5555556;0;0;2.3
13227300;12;5;0;0;16.4;7.3;16.8;16.9;65.1;0;16.8;16.3;19.9;24.3;15.8;355.5555556;0;0;2.3
13228200;13;5;0;0;16.1;7;16.9;16.8;65.8;0;16.7;16.2;19;24.2;15.8;355.5555556;0;0;2.3
13229100;13;4;0;0;15.9;6.6;17.2;16.8;65.1;0;16.6;16.2;18.4;24.3;15.8;355.5555556;0;0;2.3
13230000;13;5;0;0;16.3;6.6;17.3;16.5;64.9;0;16.7;16.2;18.1;24.3;15.6;361.1111111;16.66666667;19.44444444;2.2
13230900;13;6;0;0;16.4;7.9;17.4;16.4;63.9;0;16.7;16.3;17.9;24;15.6;361.1111111;16.66666667;19.44444444;2.2
13231800;13;8;0;0;16.4;10.8;17.6;16.1;63.3;0;16.8;16.3;17.7;22.9;15.6;361.1111111;16.66666667;19.44444444;2.2
13232700;13;12;0;0;16.4;14.2;17.8;15.9;63.9;0;17;16.4;17.6;21.6;15.6;361.1111111;16.66666667;19.44444444;2.2
13233600;14;13;0;0;16.4;14.2;17.9;15.7;64.5;7.2;17.4;16.5;17.7;20.2;15.8;363.8888889;52.77777778;55.55555556;2.7
13234500;14;12;0;0;16.4;14.2;18;15.7;64.7;8.3;17.6;16.7;17.7;18;15.8;363.8888889;52.77777778;55.55555556;2.7
13235400;14;12;0;0;16.4;14.2;18.4;15.7;64;8.3;17.7;16.9;17.8;17.1;15.8;363.8888889;52.77777778;55.55555556;2.7
13236300;15;12;0;0;16.8;13.9;18.5;15.6;63.5;8.3;17.9;17.1;17.9;18.3;15.8;363.8888889;52.77777778;55.55555556;2.7
13237200;15;13;0;0;17.4;13.7;18.9;16;61.7;60.7;18.1;17.5;18.2;18.9;16.5;358.3333333;175;213.8888889;2.3
13238100;15;13;0;0;17.4;14.1;19.1;16.1;62.5;73.8;18.4;17.9;18.5;18.7;16.5;358.3333333;175;213.8888889;2.3
13239000;15;13;0;0;17.4;14.2;19.6;16.1;61.4;73.8;18.8;18.4;18.7;18.4;16.5;358.3333333;175;213.8888889;2.3
13239900;16;13;0;0;17.4;14.6;20.8;16.1;56.9;73.8;19.4;19.3;19.3;18.3;16.5;358.3333333;175;213.8888889;2.3
13240800;16;15;0;0;17.4;15.5;21.6;16.9;54.8;159.7;20.9;20.8;20.8;18.3;18.6;363.8888889;194.4444444;202.7777778;4
13241700;16;16;0;0;17.8;16.5;21.9;17.1;55;181.2;22;21.9;22;18.5;18.6;363.8888889;194.4444444;202.7777778;4
13242600;16;16;0;0;17.9;16.9;21.8;17;55.5;177.8;22.5;22.4;22.6;18.7;18.6;363.8888889;194.4444444;202.7777778;4
13243500;16;16;0;0;17.9;17.2;21.6;16.8;55.7;173.9;22.9;22.7;23;18.9;18.6;363.8888889;194.4444444;202.7777778;4
13244400;13;14;1;1;14.4;15.8;21.5;18;56.4;281.7;23.8;23.6;23.8;20.6;19;355.5555556;213.8888889;386.1111111;4.3
13245300;13;8;0;0;14.3;10.4;21.5;18.3;56.8;308.7;23.4;23.6;23.5;20.8;19;355.5555556;213.8888889;386.1111111;4.3
13246200;13;6;0;0;14.9;8.4;22;18.1;56.1;308.7;23.6;23.7;23.8;20.7;19;355.5555556;213.8888889;386.1111111;4.3
13247100;14;6;0;0;15.3;8.2;22.8;17.9;54.6;308.7;24.7;24.4;24.9;20.8;19;355.5555556;213.8888889;386.1111111;4.3
13248000;14;6;0;0;15.7;8.2;23.4;19.1;54.2;405.7;27;26.1;27;21.2;22.5;355.5555556;236.1111111;763.8888889;3
13248900;15;5;0;0;16.1;7.7;23.5;19.6;53.9;441;29.4;28.3;29.5;21.7;22.5;355.5555556;236.1111111;763.8888889;3
13249800;15;5;0;0;16.5;7.6;24.2;19.8;52.2;441;31.8;30.7;31.8;22.2;22.5;355.5555556;236.1111111;763.8888889;3
13250700;15;8;0;0;16.7;9.9;24.6;20.2;51.3;441;33.4;32.7;33.5;22.7;22.5;355.5555556;236.1111111;763.8888889;3
13251600;15;8;0;0;17.1;10.3;25.2;21;50.4;538.1;35.4;34.6;35;23.3;24.2;361.1111111;188.8888889;783.3333333;2.7
13252500;16;6;0;0;17.2;8.6;25.9;21.4;48.8;586.6;37.4;36.4;36.3;24;24.2;361.1111111;188.8888889;783.3333333;2.7
13253400;16;5;0;0;17.6;6.9;25.6;20.7;49.1;550.4;38.4;37.5;36.9;24.5;24.2;361.1111111;188.8888889;783.3333333;2.7
13254300;16;4;0;0;17.6;6.3;26;20.2;48.1;526.2;38.5;37.9;37;25;24.2;361.1111111;188.8888889;783.3333333;2.7
13255200;16;4;0;0;17.8;6.3;27;21.2;45;577.1;39.3;38.9;37.6;25.5;25.3;386.1111111;316.6666667;591.6666667;3.1
13256100;16;4;0;0;18.1;6.3;27.8;21.3;44.1;580.7;40.3;39.9;38;25.9;25.3;386.1111111;316.6666667;591.6666667;3.1
13257000;16;4;0;0;18.1;6.3;28.4;22.5;42.2;573.3;41.6;40.8;38.6;26.5;25.3;386.1111111;316.6666667;591.6666667;3.1
13257900;16;4;0;0;18.4;6;28.6;23.6;41;566.9;42.7;41.7;39.3;27.2;25.3;386.1111111;316.6666667;591.6666667;3.1
13258800;17;5;0;0;18.6;6.7;28.9;24.2;37.8;601.6;43.6;42.5;39.8;27.8;22.1;397.2222222;366.6666667;491.6666667;3.1
13259700;17;8;0;0;18.8;9.7;29.5;24.3;36.9;606.9;45;43.6;40.9;28.5;22.1;397.2222222;366.6666667;491.6666667;3.1
13260600;16;5;0;0;19.1;8.1;28.5;24.7;42.4;606.9;44.4;43.1;40.2;28.4;22.1;397.2222222;366.6666667;491.6666667;3.1
13261500;16;4;0;0;19.1;6.2;28.3;25.1;42.6;606.9;43.4;42.2;39.7;28.7;22.1;397.2222222;366.6666667;491.6666667;3.1
13262400;16;4;0;0;19.1;5.8;28.1;25.3;44.3;620.1;42.4;41.5;39;28.7;22.5;388.8888889;277.7777778;322.2222222;1.6
13263300;16;4;0;0;19.1;5.4;27.1;25.4;47.3;623.4;40.6;40;37.7;28.1;22.5;388.8888889;277.7777778;322.2222222;1.6
13264200;16;3;0;0;19.1;5;24.5;25.6;68.8;623.4;37;36.3;34.5;26.5;22.5;388.8888889;277.7777778;322.2222222;1.6
13265100;17;3;0;0;19.1;4.9;22.1;25.9;79.4;623.4;33.2;32.8;31.3;26.6;22.5;388.8888889;277.7777778;322.2222222;1.6
13266000;17;4;1;0;19;5.3;22;26;80;630.7;30.6;30.8;29.5;27.1;21;388.8888889;191.6666667;191.6666667;1.6
13266900;7;9;0;1;8.9;10.3;22.2;26.1;80.9;633.3;28.2;29.2;27.9;26.9;21;388.8888889;191.6666667;191.6666667;1.6
13267800;11;9;0;0;14.1;9.5;22.8;23.8;81;633.3;28.2;29.4;27.8;26.5;21;388.8888889;191.6666667;191.6666667;1.6
13268700;12;8;0;0;15;10;23.2;22.6;75.7;633.3;28.2;29.1;27.9;26.4;21;388.8888889;191.6666667;191.6666667;1.6
13269600;12;6;0;0;15.2;8.7;23.8;22.9;73;532.3;28.4;29;28;26.4;23.7;380.5555556;241.6666667;586.1111111;1.4
13270500;13;5;0;0;15.6;7.8;24.6;22.9;67.3;532.3;28.8;29.2;28.4;26.4;23.7;380.5555556;241.6666667;586.1111111;1.4
13271400;13;6;0;0;16.3;8.1;26.7;22.7;55.8;532.3;30.3;30.1;29.9;26.6;23.7;380.5555556;241.6666667;586.1111111;1.4
13272300;14;6;0;0;16.9;8.2;28;22.6;49.6;532.3;33.2;31.9;32.2;27;23.7;380.5555556;241.6666667;586.1111111;1.4
13273200;12;6;0;0;15.3;9.1;28.2;22.7;46;451.7;34.3;33.8;33.3;27.5;24.2;361.1111111;108.3333333;455.5555556;0.9
13274100;12;6;0;0;16.5;8.4;27.7;22.7;50.2;445.9;34.5;34.1;33.8;27.9;24.2;361.1111111;108.3333333;455.5555556;0.9
13275000;13;4;0;0;17.1;6.6;27.6;21.7;47.7;445.9;35.1;34.7;34.8;28.3;24.2;361.1111111;108.3333333;455.5555556;0.9
13275900;13;6;0;0;17.1;7;27.9;20.9;46.2;445.9;35.2;34.9;35.3;28.5;24.2;361.1111111;108.3333333;455.5555556;0.9
13276800;13;7;0;0;17.1;9.2;27.5;21.2;42.3;343.7;34.6;34.7;35.3;28.6;23;361.1111111;75;88.88888889;1.5
13277700;13;5;0;0;17.1;7.9;27.9;21.2;41.7;328;34.4;34.6;35.3;28.7;23;361.1111111;75;88.88888889;1.5
13278600;12;4;0;0;17.1;6;27.1;22.3;41.2;328;33.7;34.2;34.7;28.7;23;361.1111111;75;88.88888889;1.5
13279500;11;3;0;0;17.1;5.3;25.8;23.6;44.1;328;32.5;33.3;33.6;28.5;23;361.1111111;75;88.88888889;1.5
13280400;11;3;0;0;17.5;5.3;25.5;23.4;44.6;234;31.6;32.4;32.6;28.4;22.4;375;63.88888889;63.88888889;0.8
13281300;11;3;0;0;17.6;5.3;25.1;23.3;45.5;210.5;30.7;31.6;31.7;28.3;22.4;375;63.88888889;63.88888889;0.8
13282200;11;4;0;0;17.6;5.3;25;23.5;47.8;210.5;30.1;31;31;28.3;22.4;375;63.88888889;63.88888889;0.8
13283100;11;3;0;0;17.9;5.3;24.7;23.8;48.7;210.5;29.5;30.4;30.3;28.2;22.4;375;63.88888889;63.88888889;0.8
13284000;12;4;0;0;18.1;5.4;24.6;23.3;50;143.7;28.9;29.9;29.7;28;21.8;394.4444444;5.555555556;5.555555556;0.9
13284900;12;8;0;0;18.1;8.7;24.4;23;51.4;110.3;28.3;29.3;29.2;27.9;21.8;394.4444444;5.555555556;5.555555556;0.9
13285800;12;8;0;0;18.2;9.4;24.2;22.4;54.3;111;27.8;28.8;28.6;27.7;21.8;394.4444444;5.555555556;5.555555556;0.9
13286700;12;8;0;0;18.6;9.4;23.9;22.1;56.6;111.3;27.3;28.3;28.2;27.6;21.8;394.4444444;5.555555556;5.555555556;0.9
13287600;12;8;0;0;18.6;9.4;23.8;21.4;57.6;33.5;26.8;27.9;27.8;27.5;20.7;388.8888889;0;0;1.8
13288500;13;8;0;0;19.1;9.6;23.5;21.3;59.1;27.9;26.3;27.5;27.4;27.4;20.7;388.8888889;0;0;1.8
13289400;13;9;0;0;19.1;9.9;23.3;21.4;60.6;27.9;25.9;27.1;27.1;27.3;20.7;388.8888889;0;0;1.8
13290300;13;9;0;0;19.2;10.3;23.1;21.5;62;27.9;25.6;26.7;26.8;27.2;20.7;388.8888889;0;0;1.8
13291200;14;9;0;0;19.6;10.6;23;20.8;63;4.1;25.4;26.5;26.5;27.1;20;375;0;0;1.4
13292100;14;10;0;0;19.6;10.9;22.7;20.7;64.2;0.4;25.1;26.2;26.3;26.9;20;375;0;0;1.4
13293000;14;11;0;0;19.6;12.1;22.4;20.8;65;0.4;24.9;26;26.1;26.8;20;375;0;0;1.4
13293900;14;13;0;0;20;13.9;22.1;20.9;66;0.4;24.6;25.6;25.8;26.6;20;375;0;0;1.4
13294800;12;14;1;3;15.8;15.9;21.7;20.2;67.6;0.1;23.7;24.2;24.4;25.5;19.5;366.6666667;0;0;2.8
13295700;11;8;0;0;12.1;11.4;21.5;20;68.6;0;22.7;22.4;24.1;25.7;19.5;366.6666667;0;0;2.8
13296600;12;5;0;0;13;7;21.3;20;69.4;0;22.8;22.1;24.3;25.6;19.5;366.6666667;0;0;2.8
13297500;12.5;4;0;0;13.65;6.1;21.1;17.5;69.9;0;23.1;22.05;24.15;25.6;19.5;366.6666667;0;0;2.8
13298400;13;3;0;0;14.3;5.2;20.9;15;70.4;0;23.4;22;24;25.6;18.4;347.2222222;0;0;2.3
13299300;13;3;0;0;14.7;5;20.5;13.2;71.1;0;23.5;22;23.8;25.5;18.4;347.2222222;0;0;2.3
13300200;13;3;0;0;15;5;20.3;13.2;71.6;0;23.6;21.9;23.6;25.4;18.4;347.2222222;0;0;2.3
13301100;13;3;0;0;15.4;5;20;13.2;72.3;0;23.6;21.8;23.4;25.3;18.4;347.2222222;0;0;2.3
13302000;14;7;0;0;15.7;7.7;19.6;12.4;73.5;0;23.6;21.6;23.1;25.2;17.5;344.4444444;0;0;2.6
13302900;14;6;0;0;15.9;7.9;19.4;12.1;74.2;0;23.3;21.5;22.8;25.1;17.5;344.4444444;0;0;2.6
13303800;14;5;0;0;16.2;7.5;19.3;12.1;74.5;0;23.1;21.6;22.6;25;17.5;344.4444444;0;0;2.6
13304700;14;5;0;0;16.4;7.5;19.2;12.1;74.8;0;23;21.6;22.2;24.9;17.5;344.4444444;0;0;2.6
13305600;14;6;0;0;16.9;7.5;19;18;75.6;0;23;22;21.5;24.8;17.1;341.6666667;0;0;1.5
13306500;15;6;0;0;17;7.7;18.8;18;75.9;0;23.1;22.8;20.3;24.7;17.1;341.6666667;0;0;1.5
13307400;15;7;0;0;17.4;8;18.6;18;76.6;0;23.4;23.7;19.1;24.6;17.1;341.6666667;0;0;1.5
13308300;15;7;0;0;17.9;8.5;18.4;18;76.7;0;24.2;23;18.3;24.5;17.1;341.6666667;0;0;1.5
13309200;15;8;0;0;18.9;9.2;18.4;17.2;77;0;23.8;22.6;17.9;24;15.7;341.6666667;0;0;1.1
13310100;11;11;20;198;14;12.6;18.4;17.1;76.8;0;20.3;19.3;17.7;20.6;15.7;341.6666667;0;0;1.1
13311000;8;11;43;141;9.1;12.2;18.3;17;76.6;0;13.5;13;13.4;13.3;15.7;341.6666667;0;0;1.1
13311900;7;9;43;111;8.1;10.3;18.2;16.9;77;0;12.1;11.9;12.1;11.4;15.7;341.6666667;0;0;1.1
13312800;7;9;43;103;7.9;9.9;18.1;16.5;77.5;0;11.6;11.4;11.8;11;16.3;338.8888889;0;0;0.8
13313700;6;9;43;101;7.5;9.7;17.9;16.4;78.8;0;11.6;11.4;11.6;10.9;16.3;338.8888889;0;0;0.8
13314600;6;8;43;90;7.4;9.4;17.8;16.5;79.3;0;11.2;11.1;11.3;10.4;16.3;338.8888889;0;0;0.8
13315500;6;8;43;87;7.4;9.4;17.7;16.6;79.6;0;11.2;10.9;11.2;10.4;16.3;338.8888889;0;0;0.8
13316400;6;8;43;84;7.4;8.9;17.7;16.3;79.4;0;11.1;10.7;11.1;10.3;15.5;341.6666667;25;30.55555556;1.4
13317300;6;8;43;90;7.4;8.9;17.6;16.2;79.1;0;11.3;10.9;11.3;10.5;15.5;341.6666667;25;30.55555556;1.4
13318200;6;8;43;87;7.4;8.9;17.7;15.8;78.5;0;11;10.9;11.3;10.4;15.5;341.6666667;25;30.55555556;1.4
13319100;6;8;39;71;7.4;8.9;18;15.3;77.4;0;11;10.8;11.1;10.1;15.5;341.6666667;25;30.55555556;1.4
13320000;6;8;38;89;7.2;8.9;18.1;15.4;77.2;5.2;11.3;11;11.4;10.4;16.9;380.5555556;69.44444444;83.33333333;1.9
13320900;6;8;43;90;7.1;8.9;18.5;15.4;77.1;6.5;11.2;10.9;11.3;10.3;16.9;380.5555556;69.44444444;83.33333333;1.9
13321800;6;9;43;103;7.3;9.3;19.7;15.8;74.3;6.5;11.8;11.5;11.9;10.8;16.9;380.5555556;69.44444444;83.33333333;1.9
13322700;7;9;43;111;7.6;9.7;20.3;16.3;71.9;6.5;12.2;12;12.3;11.2;16.9;380.5555556;69.44444444;83.33333333;1.9
13323600;7;9;43;118;7.6;9.9;20.5;16.7;71.7;47.9;12.4;12.3;12.6;11.5;17.6;380.5555556;108.3333333;113.8888889;2.2
13324500;7;10;43;129;7.8;10.4;20.4;16.8;72.8;62.9;13;12.6;13;11.9;17.6;380.5555556;108.3333333;113.8888889;2.2
13325400;7;10;43;137;8.1;10.8;20.7;16.5;72.6;62.9;13.4;12.9;13.3;12.2;17.6;380.5555556;108.3333333;113.8888889;2.2
13326300;8;10;36;105;8.8;11.4;21.4;16;70.8;62.9;14.1;13.7;14.1;13;17.6;380.5555556;108.3333333;113.8888889;2.2
13327200;8;12;38;178;8.9;12.5;21.7;16.9;69.7;130.3;14.9;14.6;14.8;13.7;18.6;377.7777778;158.3333333;166.6666667;2.3
13328100;8;11;15;57;8.8;12.4;21.8;17.2;69.7;154.8;14.8;14.6;14.7;13.4;18.6;377.7777778;158.3333333;166.6666667;2.3
13329000;8;11;0;0;8.9;11.9;22.4;17.5;67.9;155.6;15.4;15;15.3;13.6;18.6;377.7777778;158.3333333;166.6666667;2.3
13329900;8;8;0;0;9.3;9.8;23.1;18;65.2;156.8;15.7;15.5;15.9;13.9;18.6;377.7777778;158.3333333;166.6666667;2.3
13330800;6;8;1;1;7;9;23.5;19;62.4;233.8;18.1;17.4;18.5;15;20.2;366.6666667;222.2222222;452.7777778;3
13331700;7;6;0;0;9;7.2;24;19.3;60.8;261.8;17.6;17.2;18;14.6;20.2;366.6666667;222.2222222;452.7777778;3
13332600;8;5;0;0;9.8;6.8;24.5;19.1;58.1;261.8;18.5;17.6;18.8;14.7;20.2;366.6666667;222.2222222;452.7777778;3
13333500;9;5;0;0;10.1;6.5;24.6;18.9;55.9;261.8;20.2;18.8;20.3;15.1;20.2;366.6666667;222.2222222;452.7777778;3
13334400;9;5;0;0;10.3;6.8;24.8;19.9;55;352.8;23.1;21.1;23.1;15.8;22.7;361.1111111;188.8888889;725;1.6
13335300;9;5;0;0;10.6;7;25.4;20.2;53.8;385.9;26.7;24.1;26.7;16.6;22.7;361.1111111;188.8888889;725;1.6
13336200;10;5;0;0;11;7;25.6;20.1;52.8;385.9;30.1;27.3;30.2;17.6;22.7;361.1111111;188.8888889;725;1.6
13337100;10;8;0;0;11.1;8.7;26;19.9;52.5;385.9;32.7;30.1;32.7;19.1;22.7;361.1111111;188.8888889;725;1.6
13338000;10;8;0;0;11.4;9.5;26.3;20.8;53.4;490.5;34.5;32.3;34.3;20.5;23.8;363.8888889;188.8888889;811.1111111;1.2
13338900;10;5;0;0;11.6;8.2;26.4;21;54.4;516.6;36.1;34.1;35.5;21.6;23.8;363.8888889;188.8888889;811.1111111;1.2
13339800;10;5;0;0;11.9;7.2;26.7;21;53.8;516.6;37.7;35.9;36.5;22.6;23.8;363.8888889;188.8888889;811.1111111;1.2
13340700;11;5;0;0;12.1;7;26.7;21;53.4;516.6;39.3;37.8;37.4;23.5;23.8;363.8888889;188.8888889;811.1111111;1.2
13341600;11;5;0;0;12.5;7;27;21.5;50.7;552.7;40.4;39.3;37.9;24.3;24.8;377.7777778;188.8888889;552.7777778;1.2
13342500;11;5;0;0;12.6;6.6;27.5;21.6;49.6;561.7;41.7;40.7;38.7;25.1;24.8;377.7777778;188.8888889;552.7777778;1.2
13343400;11;4;0;0;13;6.5;27.7;22.3;49.6;562.9;43.1;42.2;39.3;25.8;24.8;377.7777778;188.8888889;552.7777778;1.2
13344300;10;4;0;0;13.1;6.1;27.9;23.4;48.3;564.6;43;42.5;39.2;26.8;24.8;377.7777778;188.8888889;552.7777778;1.2
13345200;9;6;1;3;12.3;7.3;27.1;23.6;51.8;574.7;41.3;41.2;38.4;28.8;20.2;402.7777778;77.77777778;80.55555556;1.4
13346100;8;8;0;0;9.6;9;26.7;23.7;53.4;579.7;35.8;35.8;34.4;26.6;20.2;402.7777778;77.77777778;80.55555556;1.4
13347000;9;6;0;0;11.3;7.6;23.5;23.9;79.5;579.7;31.9;32.1;30.3;24.9;20.2;402.7777778;77.77777778;80.55555556;1.4
13347900;9;5;0;0;11.3;6.5;21.1;24.2;87;579.7;29.6;30;28.6;25.1;20.2;402.7777778;77.77777778;80.55555556;1.4
13348800;9;5;0;0;11.3;6.4;20.4;24.4;92.2;588;28;28.4;27.5;25;19.3;391.6666667;100;100;1.3
13349700;9;5;0;0;11.7;6.4;20.8;24.4;92.4;588;27.4;27.9;27;25;19.3;391.6666667;100;100;1.3
13350600;9;5;0;0;11.8;6.4;19.8;24.8;92.1;588;26.9;27.3;26.6;24.9;19.3;391.6666667;100;100;1.3
13351500;10;5;0;0;12;6.4;18.9;25;92.7;588;25.2;25.7;25.4;24.6;19.3;391.6666667;100;100;1.3
13352400;10;5;0;0;12.3;6.6;19.4;25.2;93.3;568.9;24.4;24.8;24.8;24.5;20.2;383.3333333;172.2222222;175;3.2
13353300;10;5;0;0;12.7;6.9;20.5;25.2;93.4;567.5;24.6;24.8;25;24.5;20.2;383.3333333;172.2222222;175;3.2
13354200;10;8;0;0;12.9;9.1;21.3;22.7;93;567.5;25.3;25.2;25.2;24.5;20.2;383.3333333;172.2222222;175;3.2
13355100;11;8;0;0;13.3;9.8;21.4;20.5;92.7;567.5;25.7;25.4;25.4;24.4;20.2;383.3333333;172.2222222;175;3.2
13356000;11;6;0;0;13.4;8.5;21.3;21.1;92.7;489;25.7;25.5;25.5;24.4;20;391.6666667;116.6666667;116.6666667;3.1
13356900;11;5;0;0;13.8;7.5;21.3;21.2;92.6;476.9;25.5;25.4;25.3;24.4;20;391.6666667;116.6666667;116.6666667;3.1
13357800;11;5;0;0;13.8;7.4;21.4;20.5;92.7;476.9;25;25.1;25;24.4;20;391.6666667;116.6666667;116.6666667;3.1
13358700;11;6;0;0;14.2;7.8;21.7;19.6;92.9;476.9;24.7;24.8;24.8;24.4;20;391.6666667;116.6666667;116.6666667;3.1
13359600;12;7;0;0;14.4;8.2;22.5;20;92.6;377;24.6;24.9;24.9;24.3;21.2;372.2222222;213.8888889;233.3333333;2.8
13360500;13;7;0;0;14.8;8.5;23.3;20;92;377;25;25.1;25.4;24.3;21.2;372.2222222;213.8888889;233.3333333;2.8
13361400;10;8;0;1;11.6;10.1;24.3;20;92.5;377;25.9;25.5;26;24.5;21.2;372.2222222;213.8888889;233.3333333;2.8
13362300;10;7;0;0;12.3;7.9;24.6;20;90.6;377;25.9;25.5;25.9;24.4;21.2;372.2222222;213.8888889;233.3333333;2.8
13363200;11;8;0;0;13.7;9.9;24.7;20;90.9;287.4;26.4;25.8;26.5;24.4;22.3;372.2222222;183.3333333;327.7777778;1.7
13364100;11;6;0;0;14;8.8;24.7;20;89.8;273.6;27.1;26.3;27.2;24.6;22.3;372.2222222;183.3333333;327.7777778;1.7
13365000;12;5;0;0;14.1;7.5;26;19.8;92;273.6;27.7;26.9;27.9;24.8;22.3;372.2222222;183.3333333;327.7777778;1.7
13365900;12;5;0;0;14.5;7.2;29.7;19.5;91.2;273.6;28.7;27.9;28.9;25;22.3;372.2222222;183.3333333;327.7777778;1.7
13366800;12;5;0;0;14.6;6.9;31.4;19.3;88.7;185.5;29.5;29;29.8;25.3;22.7;363.8888889;83.33333333;147.2222222;4
13367700;12;4;0;0;15;6.5;31.5;19.3;59.7;163.5;29.7;29.7;30.4;25.5;22.7;363.8888889;83.33333333;147.2222222;4
13368600;12;4;0;0;15;6.4;27.3;19.9;64.8;163.5;29.4;29.9;30.4;25.8;22.7;363.8888889;83.33333333;147.2222222;4
13369500;12;4;0;0;15;6.4;25.4;20.5;68;163.5;29;29.8;30.2;25.9;22.7;363.8888889;83.33333333;147.2222222;4
13370400;12;5;0;0;15.3;6.4;24.7;20.2;69.8;115.5;28.6;29.5;29.8;26;21.5;386.1111111;16.66666667;16.66666667;2
13371300;12;8;0;0;15.5;9;24.3;20;71.5;91.5;28.2;28.9;29.4;25.9;21.5;386.1111111;16.66666667;16.66666667;2
13372200;11;9;0;0;15.5;9.9;23.8;20.8;73.4;93.2;27.7;28.4;28.8;25.9;21.5;386.1111111;16.66666667;16.66666667;2
13373100;11;8;0;0;15.6;9.9;23.2;21.5;74.9;94.6;27.2;27.9;28.2;25.9;21.5;386.1111111;16.66666667;16.66666667;2
13374000;11;8;0;0;16;9.9;22.8;20.9;76.2;34.8;26.7;27.4;27.7;25.8;20.9;361.1111111;0;0;1.3
13374900;11;9;0;0;16;9.9;22.3;20.8;77.1;25.6;26.2;27;27.2;25.8;20.9;361.1111111;0;0;1.3
13375800;11;9;0;0;16;10.2;21.9;21.3;77.8;25.6;25.7;26.4;26.7;25.6;20.9;361.1111111;0;0;1.3
13376700;11;9;0;0;16.5;10.4;21.6;21.9;78.9;25.6;25.2;25.9;26.2;25.5;20.9;361.1111111;0;0;1.3
13377600;11;9;0;0;16.5;10.8;21.3;21.1;80;5.4;24.7;25.4;25.7;25.4;19.8;361.1111111;0;0;3.1
13378500;11;10;0;0;16.5;10.9;21.3;20.9;80.1;0.3;24.2;25;25.3;25.3;19.8;361.1111111;0;0;3.1
13379400;12;11;0;0;17;12;21.1;20.7;80.9;0.3;23.9;24.6;25.1;25.2;19.8;361.1111111;0;0;3.1
13380300;12;13;0;0;17;13.9;20.9;20.5;81.7;0.3;23.6;24.2;24.8;25;19.8;361.1111111;0;0;3.1
13381200;12;12;0;0;17;13.9;20.7;19.9;82.3;0.1;23.3;23.9;24.6;24.8;18.5;377.7777778;0;0;1.5
13382100;12;12;0;0;17.4;13.4;20.7;19.8;82.6;0;23.1;23.7;24.4;24.7;18.5;377.7777778;0;0;1.5
13383000;11;12;1;2;14.3;14.4;20.4;19.8;82.9;0;22;22.1;22.8;24.1;18.5;377.7777778;0;0;1.5
13383900;12;8.5;0.5;1;14.15;10.75;20.65;19.7;80.35;0;22.3;21.5;23.15;24.15;18.5;377.7777778;0;0;1.5
13384800;13;5;0;0;14;7.1;20.9;19.6;77.8;0;22.6;20.9;23.5;24.2;18.9;386.1111111;0;0;1.1
13385700;10;11;25;247;11.1;12.1;21;19.5;75.4;0;21;20.1;21.4;21.6;18.9;386.1111111;0;0;1.1
13386600;9;13;43;191;10.2;14.2;21.2;19.5;76.3;0;15.7;15.5;15.8;15.1;18.9;386.1111111;0;0;1.1
13387500;8;11;43;154;9.3;12.5;21.2;19.5;77.2;0;14.3;14.1;14.2;13.4;18.9;386.1111111;0;0;1.1
13388400;8;11;43;135;9;11.8;21.1;18.9;77.8;0;13.7;13.4;13.6;12.7;19;391.6666667;0;0;1.9
13389300;8;11;43;158;8.6;11.8;21.1;18.7;77.1;0;14.2;14.1;14.4;13.2;19;391.6666667;0;0;1.9
13390200;8;11;43;156;8.6;11.8;21;18.7;71.9;0;14.3;14;14.4;13.4;19;391.6666667;0;0;1.9
13391100;8;11;43;156;8.6;11.8;20.9;18.7;68.1;0;14.4;14.1;14.5;13.4;19;391.6666667;0;0;1.9
13392000;8;11;43;145;9;11.8;20.7;18.2;68.6;0;14;13.8;14.1;13;18;361.1111111;0;0;2.4
13392900;8;11;43;132;9.1;11.8;20.7;18;69.1;0;13.6;13.4;13.7;12.7;18;361.1111111;0;0;2.4
13393800;8;11;43;131;9.1;11.8;20.6;18;69;0;13.6;13.4;13.7;12.6;18;361.1111111;0;0;2.4
13394700;8;11;43;136;9.1;11.8;20.3;18;69.3;0;13.8;13.5;13.9;12.7;18;361.1111111;0;0;2.4
13395600;8;11;43;136;9.1;11.8;19.7;17.6;71.3;0;13.8;13.5;13.9;12.8;16.9;361.1111111;0;0;2.7
13396500;8;11;43;133;9.1;11.8;19.3;17.6;72.7;0;13.7;13.5;13.8;12.8;16.9;361.1111111;0;0;2.7
13397400;8;11;43;132;9.1;11.8;19.1;18.1;73.2;0;13.7;13.5;13.9;12.7;16.9;361.1111111;0;0;2.7
13398300;8;11;43;129;9.1;11.8;19.2;18.5;72.6;0;13.7;13.4;13.7;12.7;16.9;361.1111111;0;0;2.7
13399200;8;11;43;125;9.1;11.7;19.2;18.1;72.3;0;13.5;13.3;13.7;12.5;16.3;350;0;0;2.1
13400100;8;10;43;117;9.1;11.3;19.3;18;71.4;0;13.3;13.1;13.5;12.4;16.3;350;0;0;2.1
13401000;8;10;43;124;9.1;11.3;19.1;17.8;71.1;0;13.5;13.3;13.7;12.6;16.3;350;0;0;2.1
13401900;8;10;43;118;9.1;11.3;19;17.5;71;0;13.3;13.1;13.5;12.4;16.3;350;0;0;2.1
13402800;8;10;43;100;8.9;10.9;19;17.4;71.7;0;12.8;12.6;12.9;11.9;16;352.7777778;30.55555556;33.33333333;2
13403700;8;9;43;93;8.6;10.6;19.2;17.3;72.5;0;12.5;12.3;12.6;11.6;16;352.7777778;30.55555556;33.33333333;2
13404600;7;9;38;87;8.5;10.3;19.4;17.1;72.9;0;12.6;12.3;12.7;11.7;16;352.7777778;30.55555556;33.33333333;2
13405500;7;9;36;110;8.3;10.3;19.1;16.7;74;0;12.4;12.2;12.6;11.6;16;352.7777778;30.55555556;33.33333333;2
13406400;7;9;43;85;8.6;10.3;19;16.6;74.7;5.6;12.3;12;12.4;11.4;16.6;352.7777778;44.44444444;44.44444444;2.2
13407300;7;9;43;88;8.6;10.3;18.9;16.6;75.6;5.6;12.4;12.1;12.5;11.5;16.6;352.7777778;44.44444444;44.44444444;2.2
13408200;8;9;43;91;8.6;10.3;19.1;16.4;75.5;5.6;12.5;12.2;12.5;11.6;16.6;352.7777778;44.44444444;44.44444444;2.2
13409100;7;9;43;84;8.6;10.3;19.2;16.2;76.1;5.6;12.3;12.1;12.4;11.4;16.6;352.7777778;44.44444444;44.44444444;2.2
13410000;7;9;43;87;8.6;10.3;19.2;16.4;76.6;54.7;12.4;12.2;12.5;11.5;17.6;338.8888889;130.5555556;216.6666667;1.9
13410900;8;10;43;102;8.6;10.5;19.4;16.4;75.9;58.2;13;12.7;13;12.1;17.6;338.8888889;130.5555556;216.6666667;1.9
13411800;8;10;43;113;8.6;10.9;19.8;16.3;73.4;58.2;13.4;13.2;13.4;12.6;17.6;338.8888889;130.5555556;216.6666667;1.9
13412700;8;11;43;126;8.9;11.4;20.4;16.2;71.2;58.2;13.9;13.7;13.8;13.1;17.6;338.8888889;130.5555556;216.6666667;1.9
13413600;8;12;40;139;9.2;12.2;21.1;16.8;68.2;127.8;14.7;14.5;14.6;13.8;19.2;352.7777778;241.6666667;416.6666667;1.2
13414500;10;12;37;98;10.8;12.8;21.8;17;65.2;145.2;15.4;15.3;15.5;14.3;19.2;352.7777778;241.6666667;416.6666667;1.2
13415400;9;12;43;195;9.4;13.1;22.3;17.2;63.9;144.2;15.3;15.2;15.3;14.3;19.2;352.7777778;241.6666667;416.6666667;1.2
13416300;9;13;43;185;10;13.5;22.7;17.4;62.9;143;16.1;16;16.1;15;19.2;352.7777778;241.6666667;416.6666667;1.2
13417200;9;14;43;223;10.2;14.8;23.3;18.2;60.7;217.7;17.5;17.4;17.4;16.1;20.1;388.8888889;230.5555556;236.1111111;1.9
13418100;10;14;43;215;10.5;15.2;23.9;18.4;57.7;236.4;17.3;17.2;17.2;15.9;20.1;388.8888889;230.5555556;236.1111111;1.9
13419000;9;14;43;204;10.5;14.8;24.4;18.5;55.8;236.4;17;17;16.9;15.8;20.1;388.8888889;230.5555556;236.1111111;1.9
13419900;12;15;34;142;12.1;15.2;24.8;18.6;55;236.4;17.7;17.8;17.7;16.4;20.1;388.8888889;230.5555556;236.1111111;1.9
13420800;14;16;26;50;14.8;16.3;25.2;19.3;54.3;306.8;19;19.1;19.1;17.6;19.5;397.2222222;175;175;1.9
13421700;15;17;33;56;16;17.3;25.2;19.5;54.8;324.4;19.9;19.9;20;18.6;19.5;397.2222222;175;175;1.9
13422600;15;17;33;55;16.5;17.8;24.4;19.7;57.6;324.4;20;19.9;20.1;18.9;19.5;397.2222222;175;175;1.9
13423500;15;17;33;54;16.5;17.8;23.9;20.1;58.5;324.4;20;20;20.2;19;19.5;397.2222222;175;175;1.9
13424400;16;17;33;54;16.5;17.8;23.5;20.6;60.1;398.5;20.2;20.1;20.4;19.2;19.9;397.2222222;275;275;4.5
13425300;16;18;33;57;17.1;18.5;24.5;20.8;58.5;425.4;21;21;21.2;20.1;19.9;397.2222222;275;275;4.5
13426200;14;19;37;216;14.9;19.6;25;20.8;56.2;402.3;21.8;21.8;21.9;20.8;19.9;397.2222222;275;275;4.5
13427100;10;15;43;237;11.6;16.6;24.4;20.9;59;367.6;17.9;17.8;17.8;17.2;19.9;397.2222222;275;275;4.5
13428000;10;14;43;198;10.8;14.8;24.7;21.3;59.2;369.8;16.9;16.8;16.9;16;20.6;394.4444444;288.8888889;291.6666667;3.7
13428900;10;14;43;206;10.6;14.8;25.1;21.4;57.7;370.6;17.2;17.1;17.1;16;20.6;394.4444444;288.8888889;291.6666667;3.7
13429800;12;14;33;119;11.7;15.1;25.4;21;56.8;379.9;17.7;17.6;17.7;16.4;20.6;394.4444444;288.8888889;291.6666667;3.7
13430700;14;16;33;53;15;16.4;25.5;20.4;58.1;393.8;18.9;18.9;19;17.6;20.6;394.4444444;288.8888889;291.6666667;3.7
13431600;15;16;33;53;15.6;16.9;24.6;20.8;62.4;397.2;19.3;19.3;19.5;18.4;20.3;394.4444444;425;455.5555556;1.2
13432500;16;17;33;57;16.5;17.9;24.6;21;62.7;398.4;20.3;20.5;20.6;19.6;20.3;394.4444444;425;455.5555556;1.2
13433400;17;18;33;59;17.7;19.2;25.8;20.8;58.6;398.4;21.6;21.7;21.9;20.8;20.3;394.4444444;425;455.5555556;1.2
13434300;18;20;33;64;19.1;20.6;26.4;20.6;56.4;398.4;23.2;23.3;23.5;22.3;20.3;394.4444444;425;455.5555556;1.2
13435200;14;21;40;320;14.4;21.8;26.4;20.8;52.9;440.1;23.4;23.3;23.4;22.8;20.8;388.8888889;377.7777778;441.6666667;1.1
13436100;12;17;35;234;13.2;18.2;26.1;20.9;54;455.3;20;20.1;19.9;18.9;20.8;388.8888889;377.7777778;441.6666667;1.1
13437000;14;17;38;135;14.7;17.9;26.1;20.9;55.1;455.3;19.8;19.8;19.9;18.7;20.8;388.8888889;377.7777778;441.6666667;1.1
13437900;11;16;40;266;11.2;17.5;26.2;20.9;55.8;455.3;19.3;19.3;19.3;18.3;20.8;388.8888889;377.7777778;441.6666667;1.1
13438800;11;17;43;300;11.7;17.9;27.1;20.8;51.4;393.5;20.6;20.6;20.3;19.4;21.4;397.2222222;283.3333333;391.6666667;1.7
13439700;11;18;43;308;12.5;18.8;26.9;20.7;50.3;371;21.1;21.1;20.8;19.6;21.4;397.2222222;283.3333333;391.6666667;1.7
13440600;12;19;43;349;12.6;19.7;27.4;20.5;49.7;371;22.3;22.3;22;20.6;21.4;397.2222222;283.3333333;391.6666667;1.7
13441500;12;18;43;300;12.6;19.1;27;20;49.3;371;21.1;21.1;20.8;19.6;21.4;397.2222222;283.3333333;391.6666667;1.7
13442400;12;19;43;338;12.6;19.6;27;19.9;50.1;314.4;21.9;21.9;21.7;20.3;17.5;388.8888889;108.3333333;111.1111111;1.7
13443300;11;17;17;120;12.6;18.4;25.2;19.9;55.3;300.2;20.4;20.4;20.2;18.8;17.5;388.8888889;108.3333333;111.1111111;1.7
13444200;12;15;0;0;12.6;16.3;23.5;20.2;61.9;300.2;20.4;20.5;20.2;18.7;17.5;388.8888889;108.3333333;111.1111111;1.7
13445100;12;9;0;0;12.6;11.6;22.1;20.6;65.5;300.2;20.8;21;20.9;18.9;17.5;388.8888889;108.3333333;111.1111111;1.7
13446000;12;9;0;0;13.1;11.3;20.6;20.2;74.9;270.9;20.9;21;20.9;19.1;17.1;388.8888889;80.55555556;83.33333333;3.2
13446900;12;10;0;0;13.1;11.3;20.4;20.1;76.2;260.2;20.8;20.8;20.8;19.3;17.1;388.8888889;80.55555556;83.33333333;3.2
13447800;12;10;0;0;13.3;11.7;20.2;20.5;81;260.2;20.8;20.8;20.8;19.4;17.1;388.8888889;80.55555556;83.33333333;3.2
13448700;12;12;1;1;13.1;12.9;18.8;21;90.1;260.2;20.5;20.5;20.6;19.3;17.1;388.8888889;80.55555556;83.33333333;3.2
13449600;12;10;0;0;12.9;11.7;19.1;20.5;91;178;20.5;20.5;20.6;19.2;17.7;380.5555556;183.3333333;266.6666667;3
13450500;13;8;0;0;14.5;9.3;19.9;20.4;90.6;157.5;20.9;20.8;20.8;19.5;17.7;380.5555556;183.3333333;266.6666667;3
13451400;14;8;0;0;14.6;9;20.6;19;90.3;157.5;21.1;21.1;21.1;19.6;17.7;380.5555556;183.3333333;266.6666667;3
13452300;14;7;0;0;15;8.8;24.3;17;89.8;157.5;21.6;21.6;21.8;19.7;17.7;380.5555556;183.3333333;266.6666667;3
13453200;14;7;0;0;15;8.4;26;16.8;82.9;129.3;22.5;22.7;23;19.8;17.8;369.4444444;100;122.2222222;2.7
13454100;14;7;0;0;15.5;8.3;25.3;16.8;81.8;127.3;23.1;23.7;23.9;20;17.8;369.4444444;100;122.2222222;2.7
13455000;14;7;0;0;15.5;8.3;22.7;16.7;82.2;127.3;23.3;24.1;24.4;20.1;17.8;369.4444444;100;122.2222222;2.7
13455900;14;7;0;0;15.5;8.3;21.6;16.6;83.4;127.3;23.4;24.2;24.4;20.3;17.8;369.4444444;100;122.2222222;2.7
13456800;14;7;0;0;15.5;8.4;21;16.3;84.6;75.9;23.2;24.1;24.1;20.4;17.5;391.6666667;13.88888889;13.88888889;3.5
13457700;14;10;0;0;16;10.6;21.2;16.3;82.6;72.2;22.9;23.7;23.7;20.4;17.5;391.6666667;13.88888889;13.88888889;3.5
13458600;14;11;0;0;16;11.3;21.1;16.8;80.1;72.7;22.5;23.3;23.3;20.5;17.5;391.6666667;13.88888889;13.88888889;3.5
13459500;14;10;0;0;16;11.3;21;17.1;80.4;73;22.3;22.9;22.9;20.5;17.5;391.6666667;13.88888889;13.88888889;3.5
13460400;13;10;0;0;16.1;11.3;20.3;16.6;81.8;23.4;21.8;22.5;22.4;20.6;16.5;394.4444444;0;0;3.2
13461300;13;10;0;0;16.5;11.3;18.9;16.6;92.1;19.9;21.2;21.8;21.7;20.6;16.5;394.4444444;0;0;3.2
13462200;13;10;0;0;16.5;11.3;17.7;16.9;92.8;19.9;20.5;21;21.1;20.7;16.5;394.4444444;0;0;3.2
13463100;13;10;0;0;16.5;11.6;17.5;17.1;93.5;19.9;20;20.4;20.8;20.7;16.5;394.4444444;0;0;3.2
13464000;14;11;0;0;16.9;11.8;17.4;16.8;93.7;3;19.8;20.1;20.6;20.7;16.2;394.4444444;0;0;3.4
13464900;14;11;0;0;17;12;17.7;16.7;93.7;0.4;19.7;20;20.5;20.7;16.2;394.4444444;0;0;3.4
13465800;14;12;0;0;17;12.9;17.9;16.9;93.7;0.4;19.8;19.9;20.6;20.7;16.2;394.4444444;0;0;3.4
13466700;12;14;0;1;14.2;14.3;17.7;17;93.7;0.4;19.2;19.2;19.6;19.9;16.2;394.4444444;0;0;3.4
13467600;10;11;0;0;11.5;13.7;17.5;16.6;93.3;0.1;18.3;18.4;19.3;20.1;16;391.6666667;0;0;3.8
13468500;11;12;14;52;12.5;14;17.5;16.5;93.2;0;18.1;18.1;19.7;19.2;16;391.6666667;0;0;3.8
13469400;10;13;43;175;11;14.5;17.5;16.5;93.1;0;15.9;15.8;16;15.5;16;391.6666667;0;0;3.8
13470300;10;12.5;43;134;10.95;13.55;17.55;17.7;92.9;0;15.2;15.05;15.3;14.55;16;391.6666667;0;0;3.8
13471200;10;12;43;93;10.9;12.6;17.6;18.9;92.7;0;14.5;14.3;14.6;13.6;15.7;388.8888889;0;0;4.6
13472100;9;11;43;88;10.5;12.3;17.7;19.5;92.2;0;14.3;14.1;14.5;13.4;15.7;388.8888889;0;0;4.6
13473000;9;11;43;82;10.5;12.3;17.8;19.5;92.2;0;14.1;14;14.3;13.3;15.7;388.8888889;0;0;4.6
13473900;9;11;43;81;10.5;12.3;17.7;19.5;92.2;0;14;13.9;14.3;13.3;15.7;388.8888889;0;0;4.6
13474800;9;11;43;80;10.5;12.3;17.8;18.9;92;0;14;13.9;14.3;13.3;15.4;386.1111111;0;0;4.7
13475700;9;11;43;79;10.5;12.3;17.6;18.7;91.7;0;14;13.9;14.2;13.3;15.4;386.1111111;0;0;4.7
13476600;9;11;43;79;10.5;12.3;17.5;18.7;91.7;0;14.1;13.9;14.3;13.3;15.4;386.1111111;0;0;4.7
13477500;9;11;43;79;10.5;12.3;17.5;18.7;91.7;0;14.1;13.9;14.3;13.3;15.4;386.1111111;0;0;4.7
13478400;9;11;43;81;10.5;12.3;17.3;18;91.7;0;14.2;14;14.4;13.4;15.2;386.1111111;0;0;4.4
13479300;10;11;43;80;10.5;12.3;17.3;18;91.7;0;14.2;14;14.4;13.4;15.2;386.1111111;0;0;4.4
13480200;10;11;43;83;10.5;12.3;17.3;18;91.7;0;14.3;14.1;14.5;13.5;15.2;386.1111111;0;0;4.4
13481100;10;11;43;79;10.5;12.3;17.4;18;91.7;0;14.1;14;14.4;13.4;15.2;386.1111111;0;0;4.4
13482000;10;11;43;77;10.5;12.3;17.3;15.9;91.4;0;14.1;14;14.3;13.3;15.2;386.1111111;0;0;4.4
13482900;10;11;43;74;10.5;12.3;17.4;15.1;91.7;0;14;13.9;14.2;13.2;15.2;386.1111111;0;0;4.4
13483800;9;11;43;70;10.5;11.9;17.4;15.1;91.5;0;13.9;13.8;14.1;13.1;15.2;386.1111111;0;0;4.4
13484700;9;11;43;69;10.5;11.8;17.5;15.1;91.3;0;13.9;13.7;14;13.1;15.2;386.1111111;0;0;4.4
13485600;9;11;43;68;10.5;11.8;17.5;14.9;90.9;0;13.9;13.7;14.1;13.1;15;386.1111111;0;0;4.6
13486500;9;11;43;70;10.5;11.8;17.3;14.9;90.9;0;13.9;13.8;14.2;13.1;15;386.1111111;0;0;4.6
13487400;9;11;43;69;10.5;11.8;17.3;15;90.9;0;13.9;13.8;14.1;13.1;15;386.1111111;0;0;4.6
13488300;10;11;43;71;10.5;11.8;17.2;15;91.1;0;14;13.9;14.2;13.2;15;386.1111111;0;0;4.6
13489200;10;11;43;72;10.5;11.8;17.2;14.7;91.1;0;14.1;14;14.3;13.3;14.6;383.3333333;5.555555556;5.555555556;4.7
13490100;10;11;43;73;10.5;11.8;17;14.7;91.1;0;14.1;14;14.3;13.3;14.6;383.3333333;5.555555556;5.555555556;4.7
13491000;10;11;43;73;10.5;11.8;17;14.8;91.2;0;14.2;14.1;14.3;13.3;14.6;383.3333333;5.555555556;5.555555556;4.7
13491900;10;11;43;72;10.5;11.8;17;14.9;91.2;0;14.1;14;14.3;13.4;14.6;383.3333333;5.555555556;5.555555556;4.7
13492800;10;11;43;69;10.5;11.8;17;14.6;91.2;1.7;14.1;14;14.2;13.4;14.3;383.3333333;16.66666667;16.66666667;5.3
13493700;10;11;43;69;10.5;11.8;17;14.6;91.1;2;14.1;14;14.2;13.3;14.3;383.3333333;16.66666667;16.66666667;5.3
13494600;10;11;43;72;10.5;11.8;17;14.7;91;2;14.2;14;14.3;13.4;14.3;383.3333333;16.66666667;16.66666667;5.3
13495500;10;11;43;71;10.5;11.8;17;14.8;91.3;2;14.2;14.1;14.3;13.4;14.3;383.3333333;16.66666667;16.66666667;5.3
13496400;10;11;43;73;10.5;11.8;16.9;14.6;91.1;23.4;14.3;14.1;14.4;13.5;14.3;383.3333333;36.11111111;36.11111111;5.1
13497300;10;11;43;74;10.5;11.8;17;14.6;91.3;28.7;14.3;14.2;14.5;13.5;14.3;383.3333333;36.11111111;36.11111111;5.1
13498200;10;11;43;73;10.5;11.8;17.1;14.6;91.3;28.7;14.3;14.2;14.5;13.5;14.3;383.3333333;36.11111111;36.11111111;5.1
13499100;10;11;43;74;10.5;11.9;17.2;14.5;91.2;28.7;14.3;14.2;14.5;13.5;14.3;383.3333333;36.11111111;36.11111111;5.1
13500000;10;11;43;77;10.5;12.3;17.2;14.6;91.2;63;14.4;14.4;14.6;13.7;14.3;383.3333333;44.44444444;44.44444444;5.1
13500900;10;11;43;76;10.5;12.3;17.3;14.6;91.1;75.5;14.5;14.4;14.6;13.7;14.3;383.3333333;44.44444444;44.44444444;5.1
13501800;10;12;43;76;10.5;12.3;17.1;14.5;91.2;75.1;14.5;14.4;14.7;13.7;14.3;383.3333333;44.44444444;44.44444444;5.1
13502700;10;12;43;76;10.9;12.3;17.2;14.5;91.2;74.8;14.5;14.4;14.6;13.7;14.3;383.3333333;44.44444444;44.44444444;5.1
13503600;10;12;43;77;11;12.3;17.3;15;91.4;112;14.5;14.4;14.7;13.7;14.5;386.1111111;63.88888889;66.66666667;4.3
13504500;10;12;43;79;11;12.3;17.5;15.1;91.3;117.7;14.6;14.5;14.8;13.8;14.5;386.1111111;63.88888889;66.66666667;4.3
13505400;10;12;43;84;11;12.4;17.8;15;91.3;117.7;14.8;14.7;15;14;14.5;386.1111111;63.88888889;66.66666667;4.3
13506300;10;12;43;87;11;12.8;18.2;14.9;90.7;117.7;14.9;14.9;15.1;14.1;14.5;386.1111111;63.88888889;66.66666667;4.3
13507200;10;12;43;88;11;12.8;18.1;15.3;87.7;141.3;15;14.9;15.2;14.2;14.6;386.1111111;91.66666667;94.44444444;4.3
13508100;10;12;43;85;11;12.8;17.9;15.4;83.4;144.9;15;14.9;15.1;14.1;14.6;386.1111111;91.66666667;94.44444444;4.3
13509000;10;12;43;88;11;12.8;17.9;15.1;82.7;144.9;15.1;15;15.2;14.3;14.6;386.1111111;91.66666667;94.44444444;4.3
13509900;10;12;43;94;11;12.8;18.3;14.8;81.7;144.9;15.3;15.2;15.4;14.5;14.6;386.1111111;91.66666667;94.44444444;4.3
13510800;10;12;43;95;11;13.3;18.6;15.1;80.6;194;15.3;15.3;15.5;14.5;14.8;386.1111111;144.4444444;144.4444444;3.8
13511700;10;12;43;94;11;13.3;18.4;15.2;80.1;201.5;15.4;15.3;15.5;14.5;14.8;386.1111111;144.4444444;144.4444444;3.8
13512600;10;12;43;95;11;13.3;18.6;15;80;194.3;15.4;15.3;15.5;14.5;14.8;386.1111111;144.4444444;144.4444444;3.8
13513500;10;12;43;96;11.4;13.3;18.7;14.8;79.2;188;15.4;15.4;15.6;14.6;14.8;386.1111111;144.4444444;144.4444444;3.8
13514400;10;13;43;105;11.5;13.4;19.2;15.1;78.2;200.2;15.8;15.7;16;14.9;15;388.8888889;144.4444444;144.4444444;3.7
13515300;11;13;43;114;11.5;13.8;19.6;15.2;76.7;202.1;16.1;16.1;16.2;15.3;15;388.8888889;144.4444444;144.4444444;3.7
13516200;11;13;43;107;11.5;13.8;19.2;15.1;76.9;198.1;16;15.9;16.1;15.1;15;388.8888889;144.4444444;144.4444444;3.7
13517100;11;13;43;105;11.5;13.8;19.2;14.9;77.8;193.6;15.9;15.9;16.1;15.1;15;388.8888889;144.4444444;144.4444444;3.7
13518000;11;13;43;112;11.5;13.8;19.4;15.1;77.3;228;16.1;16.1;16.3;15.2;15.2;388.8888889;136.1111111;136.1111111;3.5
13518900;11;13;43;103;11.5;13.8;19.3;15.2;77.9;236.6;15.9;15.8;16.1;15;15.2;388.8888889;136.1111111;136.1111111;3.5
13519800;11;13;43;95;11.5;13.8;19;15.1;78.3;236.6;15.6;15.6;15.8;14.8;15.2;388.8888889;136.1111111;136.1111111;3.5
13520700;11;13;43;99;11.5;13.8;19.2;14.9;78.2;236.6;15.7;15.7;15.9;14.9;15.2;388.8888889;136.1111111;136.1111111;3.5
13521600;11;13;43;105;11.5;13.8;19.9;15.4;76.3;299.7;16;15.9;16.1;15.1;15.8;391.6666667;138.8888889;138.8888889;3.6
13522500;11;13;43;107;11.5;13.8;20;15.5;76.5;315.5;16.1;16.1;16.3;15.3;15.8;391.6666667;138.8888889;138.8888889;3.6
13523400;11;13;43;113;11.8;14;20.2;15.5;75.5;315.5;16.3;16.3;16.4;15.5;15.8;391.6666667;138.8888889;138.8888889;3.6
13524300;11;13;43;112;12;14.3;20;15.4;76.3;315.5;16.3;16.3;16.5;15.5;15.8;391.6666667;138.8888889;138.8888889;3.6
13525200;11;13;43;105;12;14.3;20;15.6;76.8;254.6;16.1;16.1;16.3;15.3;16.3;391.6666667;186.1111111;186.1111111;3.7
13526100;11;13;43;103;12;14.3;19.9;15.6;77.4;239.4;16.1;16;16.2;15.3;16.3;391.6666667;186.1111111;186.1111111;3.7
13527000;11;13;43;101;12;14.3;20;15.4;78;239.4;16;16;16.2;15.2;16.3;391.6666667;186.1111111;186.1111111;3.7
13527900;11;13;43;116;12;14.3;21;15.3;75.6;239.4;16.5;16.5;16.7;15.7;16.3;391.6666667;186.1111111;186.1111111;3.7
13528800;11;14;43;115;12;14.3;21.1;15.8;74.3;219.1;16.5;16.5;16.7;15.7;16.9;388.8888889;113.8888889;113.8888889;3.7
13529700;11;14;43;114;12;14.3;21.2;15.9;74.2;216;16.5;16.5;16.7;15.7;16.9;388.8888889;113.8888889;113.8888889;3.7
13530600;11;13;43;109;12;14.3;20.8;16;74.9;216;16.4;16.3;16.6;15.6;16.9;388.8888889;113.8888889;113.8888889;3.7
13531500;11;13;43;104;12;14.3;20.8;16.2;75.6;216;16.3;16.2;16.4;15.5;16.9;388.8888889;113.8888889;113.8888889;3.7
13532400;11;13;43;105;12;14.3;21;16.2;74.5;197.1;16.3;16.3;16.4;15.5;16.6;391.6666667;80.55555556;80.55555556;4.3
13533300;11;13;43;107;12;14.3;20.8;16.2;75;190.2;16.4;16.3;16.5;15.6;16.6;391.6666667;80.55555556;80.55555556;4.3
13534200;11;13;43;101;12;14.3;20.4;16.2;76.1;190.2;16.3;16.1;16.4;15.4;16.6;391.6666667;80.55555556;80.55555556;4.3
13535100;11;13;43;94;12;14.3;20.3;16.1;77.7;190.2;16;15.9;16.2;15.2;16.6;391.6666667;80.55555556;80.55555556;4.3
13536000;11;13;43;93;12;14.3;19.6;16.2;86.6;150.7;16;15.9;16.2;15.2;17;388.8888889;97.22222222;97.22222222;4.3
13536900;11;13;43;97;12;14.3;19.7;16.2;88;136.4;16.2;16.1;16.3;15.4;17;388.8888889;97.22222222;97.22222222;4.3
13537800;11;13;43;101;12;14.3;19.7;16.5;86.4;136.4;16.3;16.2;16.5;15.5;17;388.8888889;97.22222222;97.22222222;4.3
13538700;11;13;43;101;12;14.3;19.7;16.9;84.6;136.4;16.4;16.2;16.5;15.5;17;388.8888889;97.22222222;97.22222222;4.3
13539600;11;13;43;98;12;14.3;19.9;17.1;82.3;113;16.3;16.2;16.4;15.5;17;388.8888889;25;25;3.8
13540500;11;13;43;93;12;14.3;20;17.2;81.6;104.5;16.1;16;16.3;15.3;17;388.8888889;25;25;3.8
13541400;11;13;43;88;12;14.1;20;17.1;80.8;104.5;15.9;15.8;16.1;15.2;17;388.8888889;25;25;3.8
13542300;11;13;43;87;12;13.8;20;16.9;80.5;104.5;15.9;15.8;16.1;15.2;17;388.8888889;25;25;3.8
13543200;11;13;43;86;12;13.8;20;16.8;79.5;74.5;16;15.8;16.1;15.1;16.8;388.8888889;5.555555556;8.333333333;3.6
13544100;11;13;43;84;12;13.8;19.8;16.8;79.8;63.6;15.9;15.8;16.1;15.1;16.8;388.8888889;5.555555556;8.333333333;3.6
13545000;11;13;43;81;12;13.8;19.8;16.8;79.8;64;15.8;15.7;16;15.1;16.8;388.8888889;5.555555556;8.333333333;3.6
13545900;11;13;43;79;12;13.8;19.7;16.9;79;64.5;15.7;15.6;15.9;15;16.8;388.8888889;5.555555556;8.333333333;3.6
13546800;11;13;43;76;12;13.8;19.5;16.8;78.6;30;15.7;15.5;15.8;14.9;16.4;386.1111111;0;0;3.5
13547700;11;13;43;71;12;13.8;19.4;16.7;78.6;17.4;15.5;15.4;15.7;14.8;16.4;386.1111111;0;0;3.5
13548600;11;13;43;70;12;13.8;19.3;16.7;78.6;17.4;15.5;15.4;15.6;14.7;16.4;386.1111111;0;0;3.5
13549500;11;12;43;68;12;13.3;19.1;16.8;79.2;17.4;15.4;15.3;15.6;14.7;16.4;386.1111111;0;0;3.5
13550400;11;12;43;68;12;13.3;18.9;16.4;79.3;0.2;15.5;15.3;15.6;14.7;16;383.3333333;0;0;3.4
13551300;11;12;43;67;12;13.3;18.9;16.4;79.6;0.2;15.4;15.3;15.6;14.6;16;383.3333333;0;0;3.4
13552200;11;12;43;66;12;13.3;18.8;16.4;79.8;0.2;15.4;15.3;15.6;14.7;16;383.3333333;0;0;3.4
13553100;11;12;43;65;12;13.3;18.7;16.4;80.1;0.2;15.4;15.2;15.6;14.6;16;383.3333333;0;0;3.4
13554000;11;12;43;64;12;13.3;18.5;16.1;80.6;0;15.4;15.2;15.5;14.6;15.7;383.3333333;0;0;3.4
13554900;11;12;43;64;12;13.3;18.5;16.1;80.6;0;15.4;15.3;15.6;14.6;15.7;383.3333333;0;0;3.4
13555800;11;12;43;63;12;13.3;18.4;16.1;80.8;0;15.4;15.2;15.5;14.6;15.7;383.3333333;0;0;3.4
13556700;11;12;43;60.5;12;13.3;18.35;17.45;80.95;0;15.3;15.15;15.45;14.5;15.7;383.3333333;0;0;3.4
13557600;11;12;43;58;12;13.3;18.3;18.8;81.1;0;15.2;15.1;15.4;14.4;15.5;388.8888889;0;0;3
13558500;11;12;43;57;12;13.3;18.3;19.5;81;0;15.2;15;15.4;14.4;15.5;388.8888889;0;0;3
13559400;11;12;43;57;12;13.3;18.3;19.5;81;0;15.2;15.1;15.4;14.5;15.5;388.8888889;0;0;3
13560300;11;12;43;57;12;13.3;18.3;19.5;80.6;0;15.2;15.1;15.4;14.5;15.5;388.8888889;0;0;3
13561200;11;12;43;57;12;13.3;18.2;18.9;81.1;0;15.3;15.1;15.5;14.4;15.4;388.8888889;0;0;3.2
13562100;11;12;43;58;12;13.3;18.2;18.7;81.1;0;15.3;15.1;15.4;14.5;15.4;388.8888889;0;0;3.2
13563000;11;12;43;57;12;13.3;18.3;18.7;81.1;0;15.2;15.1;15.4;14.4;15.4;388.8888889;0;0;3.2
13563900;11;12;12;15;12;13.3;18.2;18.7;81;0;15.4;15.3;15.6;14.4;15.4;388.8888889;0;0;3.2
13564800;11;12;11;28;11.9;13.4;18.3;18.2;81.1;0;15.8;15.9;16.1;14.8;15.3;386.1111111;0;0;3.1
13565700;11;12;17;40;12.3;13.7;18.3;18;80.6;0;15.5;15.4;15.7;14.7;15.3;386.1111111;0;0;3.1
13566600;12;13;6;12;12.4;13.3;18.2;18;80.6;0;15.8;15.7;16.1;14.8;15.3;386.1111111;0;0;3.1
13567500;11;13;20;51;12.3;13.8;18.2;18;80.8;0;15.6;15.5;15.8;14.8;15.3;386.1111111;0;0;3.1
13568400;12;13;1;2;12.5;13.3;18.1;15.3;81.1;0;15.8;15.7;16;14.8;15.1;386.1111111;0;0;3
13569300;11;13;26;63;12.3;13.9;18.2;15.1;80.8;0;15.7;15.6;15.8;14.9;15.1;386.1111111;0;0;3
13570200;12;14;0;0;12.5;14;18.1;15.1;80.6;0;15.7;15.6;15.9;14.7;15.1;386.1111111;0;0;3
13571100;11;13;26;63;12.3;14;17.9;15;80.8;0;15.7;15.6;15.9;15;15.1;386.1111111;0;0;3
13572000;12;13;0;0;12.5;13.3;17.8;14.9;81.3;0;15.6;15.6;15.9;14.7;14.9;386.1111111;0;0;2.8
13572900;11;13;26;60;12.3;13.6;17.9;14.8;81.2;0;15.7;15.6;15.9;14.9;14.9;386.1111111;0;0;2.8
13573800;12;12;0;0;12.5;13.3;17.9;15;81.2;0;15.5;15.5;15.8;14.7;14.9;386.1111111;0;0;2.8
13574700;11;13;24;58;12.3;13.6;17.9;15.2;80.7;0;15.7;15.5;15.9;14.9;14.9;386.1111111;0;0;2.8
13575600;12;12;0;0;12.5;13.3;17.9;14.8;80.9;0;15.5;15.4;15.7;14.6;14.8;386.1111111;5.555555556;5.555555556;2.7
13576500;11;13;23;59;12.3;13.6;17.9;14.8;80.9;0;15.7;15.5;15.8;14.9;14.8;386.1111111;5.555555556;5.555555556;2.7
13577400;11;12;0;0;12.5;13.3;18;14.8;80.7;0;15.5;15.4;15.6;14.6;14.8;386.1111111;5.555555556;5.555555556;2.7
13578300;11;14;24;59;12.3;14.3;18;14.8;80.6;0;15.7;15.5;15.9;14.9;14.8;386.1111111;5.555555556;5.555555556;2.7
13579200;11;13;0;0;12.5;13.4;18.1;14.7;81.1;1.4;15.4;15.3;15.6;14.6;14.8;386.1111111;19.44444444;19.44444444;2.5
13580100;11;13;24;57;12.2;13.8;18;14.6;81.1;1.9;15.7;15.6;15.9;14.9;14.8;386.1111111;19.44444444;19.44444444;2.5
13581000;12;12;0;0;12.5;13.4;18;14.6;81.1;1.9;15.5;15.4;15.7;14.6;14.8;386.1111111;19.44444444;19.44444444;2.5
13581900;12;13;21;57;12.2;13.6;18;14.7;81.1;1.9;16;15.9;16.1;15.1;14.8;386.1111111;19.44444444;19.44444444;2.5
13582800;12;13;6;7;12.5;13.8;18;14.9;81.5;29.3;15.6;15.5;15.8;14.7;14.9;388.8888889;44.44444444;44.44444444;2.6
13583700;11;13;17;51;12.2;13.9;18;14.9;81.6;29.3;16;16;16.3;15.2;14.9;388.8888889;44.44444444;44.44444444;2.6
13584600;12;13;12;19;12.5;13.9;18.1;15;81.6;29.3;15.7;15.7;15.9;14.9;14.9;388.8888889;44.44444444;44.44444444;2.6
13585500;12;13;11;32;12.3;13.9;18.1;15;81.6;29.3;16.3;16.2;16.5;15.3;14.9;388.8888889;44.44444444;44.44444444;2.6
13586400;12;13;18;42;12.4;14;18.3;15.4;81.5;83.8;15.8;15.8;16;15;14.9;388.8888889;50;52.77777778;2.6
13587300;12;14;3;9;12.5;14.5;18.4;15.4;81.1;87.7;16.2;16.2;16.5;15.1;14.9;388.8888889;50;52.77777778;2.6
13588200;11;13;43;93;12.3;14.3;18.5;15.3;80.7;87.1;16.2;16;16.3;15.4;14.9;388.8888889;50;52.77777778;2.6
13589100;11;13;43;65;12.5;13.8;18.6;15.2;80.9;86.5;15.7;15.6;15.9;15;14.9;388.8888889;50;52.77777778;2.6
13590000;11;13;43;60;12.5;13.8;18.6;15.8;81.1;132.2;15.6;15.5;15.7;14.8;15.3;391.6666667;100;100;2.6
13590900;11;13;43;59;12.5;13.8;18.8;15.9;80.6;139.2;15.6;15.5;15.7;14.8;15.3;391.6666667;100;100;2.6
13591800;11;13;43;64;12.5;13.8;18.9;15.8;80.6;139.2;15.7;15.6;15.9;15;15.3;391.6666667;100;100;2.6
13592700;11;13;43;66;12.5;13.8;19.3;15.6;79.8;139.2;15.8;15.7;16;15.1;15.3;391.6666667;100;100;2.6
13593600;11;13;43;67;12.5;13.8;19.4;16.2;79.2;186.1;15.9;15.8;16.1;15.1;15.7;391.6666667;155.5555556;155.5555556;3.9
13594500;11.08333333;13.08333333;41.66666667;66.66666667;12.56666667;13.91666667;19.54166667;16.24166667;78.71666667;193.9666667;16.1;15.93333333;16.225;15.4;15.7;391.6666667;155.5555556;155.5555556;3.9
13595400;11.16666667;13.16666667;40.33333333;66.33333333;12.63333333;14.03333333;19.68333333;16.28333333;78.23333333;201.8333333;16.2;16.06666667;16.35;15.5;15.7;391.6666667;155.5555556;155.5555556;3.9
13596300;11.25;13.25;39;66;12.7;14.15;19.825;16.325;77.75;209.7;16.2;16.2;16.475;15.6;15.7;391.6666667;155.5555556;155.5555556;3.9
13597200;11.33333333;13.33333333;37.66666667;65.66666667;12.76666667;14.26666667;19.96666667;16.36666667;77.26666667;217.5666667;16.2;16.33333333;16.6;15.7;16.1;394.4444444;125;127.7777778;4.5
13598100;11.41666667;13.41666667;36.33333333;65.33333333;12.83333333;14.38333333;20.10833333;16.40833333;76.78333333;225.4333333;16.2;16.46666667;16.725;15.9;16.1;394.4444444;125;127.7777778;4.5
13599000;11.5;13.5;35;65;12.9;14.5;20.25;16.45;76.3;233.3;16.2;16.6;16.85;15.9;16.1;394.4444444;125;127.7777778;4.5
13599900;11.58333333;13.58333333;33.66666667;64.66666667;12.96666667;14.61666667;20.39166667;16.49166667;75.81666667;241.1666667;16.2;16.73333333;16.975;15.9;16.1;394.4444444;125;127.7777778;4.5
13600800;11.66666667;13.66666667;32.33333333;64.33333333;13.03333333;14.73333333;20.53333333;16.53333333;75.33333333;249.0333333;16.2;16.86666667;17.1;15.9;17.1;394.4444444;205.5555556;205.5555556;4.8
13601700;11.75;13.75;31;64;13.1;14.85;20.675;16.575;74.85;256.9;16.2;17;17.225;16.2;17.1;394.4444444;205.5555556;205.5555556;4.8
13602600;11.83333333;13.83333333;29.66666667;63.66666667;13.16666667;14.96666667;20.81666667;16.61666667;74.36666667;264.7666667;16.2;17.13333333;17.35;16.5;17.1;394.4444444;205.5555556;205.5555556;4.8
13603500;11.91666667;13.91666667;28.33333333;63.33333333;13.23333333;15.08333333;20.95833333;16.65833333;73.88333333;272.6333333;16.2;17.26666667;17.475;16.6;17.1;394.4444444;205.5555556;205.5555556;4.8
13604400;12;14;27;63;13.3;15.2;21.1;16.7;73.4;280.5;16.9;17.4;17.6;16.5;17.4;397.2222222;186.1111111;186.1111111;4.9
13605300;11;14;39;123;12.6;15.2;21.3;16.9;73.1;357.8;17.2;17.2;17.3;16.4;17.4;397.2222222;186.1111111;186.1111111;4.9
13606200;12;14;34;65;13.6;15.2;21.5;16.7;72.7;357.8;17.1;17.1;17.3;16.2;17.4;397.2222222;186.1111111;186.1111111;4.9
13607100;13;15;33;52;14.1;15.3;21.2;16.5;73.2;357.8;17.8;17.7;17.9;16.8;17.4;397.2222222;186.1111111;186.1111111;4.9
13608000;14;15;33;51;14.6;15.8;21.7;17;73.2;420.2;18.2;18.2;18.4;17.3;17.9;397.2222222;294.4444444;297.2222222;4.6
13608900;14;16;33;53;15.2;16.5;22.1;17.1;72;429.8;18.9;18.9;19.1;18;17.9;397.2222222;294.4444444;297.2222222;4.6
13609800;15;16;33;54;15.7;17;21.8;17.3;78.4;429.8;19.4;19.4;19.6;18.6;17.9;397.2222222;294.4444444;297.2222222;4.6
13610700;15;17;33;55;16.3;17.6;22.4;17.5;74.9;429.8;19.9;19.9;20.1;19;17.9;397.2222222;294.4444444;297.2222222;4.6
13611600;15;17;33;54;16.4;17.7;22.2;17.9;73.1;396.4;19.8;19.9;20;19;18.5;394.4444444;416.6666667;447.2222222;4.3
13612500;16;18;33;59;17.1;18.4;23.3;17.9;69.2;396.4;21.1;21.1;21.3;20.2;18.5;394.4444444;416.6666667;447.2222222;4.3
13613400;18;19;33;63;18.6;20.1;24;17.8;66.3;396.4;22.5;22.6;22.7;21.5;18.5;394.4444444;416.6666667;447.2222222;4.3
13614300;18;20;33;66;18.9;20.7;23.3;17.7;67.2;396.4;22.9;22.9;23.1;21.9;18.5;394.4444444;416.6666667;447.2222222;4.3
13615200;15;19;39;218;15.6;20.3;23.2;18;68;351.2;22;21.9;22.1;21.2;17.7;394.4444444;266.6666667;269.4444444;4.2
13616100;13;17;43;163;14.7;18;22.8;18.1;68.8;339.9;19.7;19.7;19.8;18.7;17.7;394.4444444;266.6666667;269.4444444;4.2
13617000;13;16;43;153;14.2;17.2;22.8;18.1;69;339.9;19.3;19.2;19.4;18.3;17.7;394.4444444;266.6666667;269.4444444;4.2
13617900;13;16;43;143;14.2;17.1;22.4;18.1;70.4;339.9;18.9;18.9;19;18;17.7;394.4444444;266.6666667;269.4444444;4.2
13618800;13;16;43;138;14.2;16.7;22.4;18.1;71.3;313.2;18.8;18.8;18.9;17.9;17.8;391.6666667;147.2222222;147.2222222;3.7
13619700;13;16;43;153;14.2;16.9;22.9;18.1;69.2;313.2;19.3;19.2;19.4;18.4;17.8;391.6666667;147.2222222;147.2222222;3.7
13620600;13;16;43;152;14.2;17.2;22.9;18.2;68.3;313.2;19.3;19.4;19.5;18.4;17.8;391.6666667;147.2222222;147.2222222;3.7
13621500;13;16;43;140;14.2;17.1;22.5;18.3;69.3;313.2;18.9;18.9;19;18;17.8;391.6666667;147.2222222;147.2222222;3.7
13622400;13;15;43;113;14.2;16.4;21.5;18.4;72.3;254.8;18.1;18;18.2;17.2;17.8;372.2222222;166.6666667;169.4444444;3.8
13623300;13;15;43;95;13.7;15.7;20.7;18.4;75.2;233.5;17.5;17.4;17.7;16.7;17.8;372.2222222;166.6666667;169.4444444;3.8
13624200;12;15;43;96;13.7;15.7;21.2;18;74.8;233.5;17.6;17.5;17.7;16.7;17.8;372.2222222;166.6666667;169.4444444;3.8
13625100;13;15;33;94;13.5;16.1;21.9;17.6;72.2;233.5;18.2;18.2;18.4;17.4;17.8;372.2222222;166.6666667;169.4444444;3.8
13626000;13;15;39;114;13.7;16.1;22;17.8;71.4;154.4;18.1;18.1;18.2;17.3;17.2;391.6666667;27.77777778;27.77777778;3.8
13626900;13;15;43;98;13.8;15.7;21.4;17.8;73.1;148.7;17.7;17.6;17.8;16.8;17.2;391.6666667;27.77777778;27.77777778;3.8
13627800;13;14;43;87;13.8;15.5;20.7;17.8;75.4;148.7;17.3;17.2;17.5;16.5;17.2;391.6666667;27.77777778;27.77777778;3.8
13628700;12;14;43;77;13.8;15.2;20.4;17.8;76.8;148.7;17;16.9;17.1;16.2;17.2;391.6666667;27.77777778;27.77777778;3.8
13629600;12;14;43;73;13.8;15;20.2;17.6;77.7;97.7;16.8;16.7;17;16.1;17.1;397.2222222;2.777777778;2.777777778;3.4
13630500;12;14;43;70;13.8;14.7;19.8;17.5;79.1;79.1;16.8;16.6;17;16;17.1;397.2222222;2.777777778;2.777777778;3.4
13631400;12;14;36;66;13.1;14.7;19.8;17.4;79.3;79.3;16.8;16.7;16.9;16.1;17.1;397.2222222;2.777777778;2.777777778;3.4
13632300;12;14;39;96;12.7;14.7;19.8;17.4;79.3;79.5;16.6;16.4;16.7;15.8;17.1;397.2222222;2.777777778;2.777777778;3.4
13633200;12;13;6;7;12.9;14.2;19.6;17;79.7;26.7;16.6;16.6;16.9;15.6;16.7;388.8888889;0;0;2.4
13634100;12;14;17;55;13.1;14.6;19.7;17;80.7;22.9;17.2;17.2;17.5;16.2;16.7;388.8888889;0;0;2.4
13635000;13;14;12;20;13.4;14.8;19.2;16.8;85.1;22.9;16.7;16.7;17;15.9;16.7;388.8888889;0;0;2.4
13635900;12;14;27;78;12.9;15;18.9;16.7;87;22.9;17.1;17;17.2;16.2;16.7;388.8888889;0;0;2.4
13636800;11;13;36;77;12.6;14.3;18.8;16.2;87.9;3.5;16;15.9;16.1;15.3;16.6;383.3333333;0;0;2.9
13637700;12;13;3;3;12.8;13.7;18.6;16.1;88.1;0.5;16.1;16;16.3;15.1;16.6;383.3333333;0;0;2.9
13638600;12;13;20;51;12.9;14.1;18.4;16.2;89.4;0.5;16.6;16.5;16.8;15.7;16.6;383.3333333;0;0;2.9
13639500;12;14;6;11;13.3;14.7;18.6;16.4;89.8;0.5;16.4;16.3;16.6;15.6;16.6;383.3333333;0;0;2.9
13640400;12;14;17;46;13.1;14.8;18.7;15.9;88.8;0.1;17;16.9;17.2;16.1;16.5;386.1111111;0;0;2.5
13641300;13;14;11;18;13.3;14.7;18.6;15.8;88.5;0;16.5;16.5;16.7;15.8;16.5;386.1111111;0;0;2.5
13642200;13;14;11;33;13.3;14.8;18.9;15.8;88.4;0;17;17;17.3;16.1;16.5;386.1111111;0;0;2.5
13643100;13;14;9;22;13.45;14.75;18.9;15.95;87.75;0;17;17;17.25;16.05;16.5;386.1111111;0;0;2.5
13644000;13;14;7;11;13.6;14.7;18.9;16.1;87.1;0;17;17;17.2;16;16.3;391.6666667;0;0;2.7
13644900;11;14;37;106;12.6;15;19;16.2;87.1;0;16.7;16.6;16.8;16.1;16.3;391.6666667;0;0;2.7
13645800;11;12;0;4;11.9;13.7;19.1;16.2;86.2;0;16.3;16.3;16.4;15.6;16.3;391.6666667;0;0;2.7
13646700;11;12;0;0;12.2;13.2;19.1;16.2;85.7;0;16.5;16.4;16.6;15.7;16.3;391.6666667;0;0;2.7
13647600;11;13;0;0;12.3;14.1;19.1;16;85.2;0;16.7;16.5;16.8;16;16.4;394.4444444;0;0;2.7
13648500;12;12;0;0;12.7;13.3;19.3;16;84.7;0;16.9;16.8;17;16.2;16.4;394.4444444;0;0;2.7
13649400;12;10;0;0;13;12.1;19.5;16;84;0;17.2;17;17.3;16.4;16.4;394.4444444;0;0;2.7
13650300;12;10;0;0;13.2;11.7;19.5;16;82.8;0;17.4;17.1;17.5;16.5;16.4;394.4444444;0;0;2.7
13651200;12;10;0;0;13.2;11.7;19.6;16;82.4;0;17.6;17.3;17.7;16.7;16.3;388.8888889;0;0;1.8
13652100;12;10;0;0;13.7;11.7;19.7;16;81.8;0;17.7;17.5;17.9;16.8;16.3;388.8888889;0;0;1.8
13653000;13;10;0;0;13.7;11.7;19.6;16;81.7;0;17.9;17.6;18;16.9;16.3;388.8888889;0;0;1.8
13653900;13;11;0;0;13.8;11.8;19.6;16;81.5;0;18;17.7;18.1;17.1;16.3;388.8888889;0;0;1.8
13654800;13;11;0;0;14.2;12.2;19.5;15.8;81.8;0;18.1;17.8;18.2;17.2;16;372.2222222;0;0;2.2
13655700;13;12;0;0;14.2;13;19.5;15.7;81.8;0;18.1;17.8;18.2;17.3;16;372.2222222;0;0;2.2
13656600;13;14;0;0;14.4;14.6;19.4;15.9;81.8;0;18.2;17.9;18.3;17.4;16;372.2222222;0;0;2.2
13657500;13;13;0;0;14.7;14.7;19.3;16.1;81.9;0;18.2;17.9;18.3;17.5;16;372.2222222;0;0;2.2
13658400;13;13;0;0;14.7;14.7;19.2;15.8;82.3;0;18.2;17.9;18.4;17.7;15.9;377.7777778;0;0;2.1
13659300;14;13;0;0;15;14.7;19.3;15.8;82.3;0;18.3;18;18.5;17.7;15.9;377.7777778;0;0;2.1
13660200;14;13;0;0;15.2;14.7;19.4;16;82.2;0;18.4;18;18.6;17.8;15.9;377.7777778;0;0;2.1
13661100;14;14;0;0;15.2;14.7;19.5;16.1;81.4;0;18.5;18.1;18.7;17.9;15.9;377.7777778;0;0;2.1
13662000;14;14;0;0;15.6;14.7;19.5;15.8;81.3;0;18.5;18.2;18.8;18;15.8;369.4444444;13.88888889;13.88888889;2.2
13662900;14;14;0;0;15.7;15;19.4;15.8;81.4;0;18.5;18.2;18.9;18.1;15.8;369.4444444;13.88888889;13.88888889;2.2
13663800;14;14;0;0;15.8;15.2;19.1;15.8;81.9;0;18.5;18.2;18.9;18.1;15.8;369.4444444;13.88888889;13.88888889;2.2
13664700;14;16;0;0;16.2;16.5;19;15.8;82.3;0;18.5;18.3;19;18.1;15.8;369.4444444;13.88888889;13.88888889;2.2
13665600;14;16;0;0;16.2;17.1;19.1;15.7;82.3;4.2;18.6;18.3;19;18.2;15.9;375;63.88888889;63.88888889;1.8
13666500;15;15;0;0;16.2;17.2;19.1;15.7;81.8;5.2;18.5;18.4;18.9;18.2;15.9;375;63.88888889;63.88888889;1.8
13667400;15;14;0;0;16.2;16.4;19.2;15.8;81.8;5.2;18.4;18.2;18.8;17.4;15.9;375;63.88888889;63.88888889;1.8
13668300;15;11;0;0;16.2;13.6;19.6;15.9;80.7;5.2;18.8;18.3;19.3;17.6;15.9;375;63.88888889;63.88888889;1.8
13669200;15;11;0;0;16.2;12.8;19.7;16.1;80;41.2;19.1;18.5;19.6;17.8;16.4;394.4444444;44.44444444;44.44444444;1.9
13670100;15;10;0;0;16.2;12.7;19.8;16.2;79.6;54.3;19.4;18.8;19.9;18;16.4;394.4444444;44.44444444;44.44444444;1.9
13671000;15;10;0;0;16.5;12.7;19.8;16.2;79.3;54.3;19.6;18.9;20.1;18.2;16.4;394.4444444;44.44444444;44.44444444;1.9
13671900;15;10;0;0;16.7;12.4;19.8;16.1;79.3;54.3;19.9;19.1;20.3;18.5;16.4;394.4444444;44.44444444;44.44444444;1.9
13672800;16;12;0;0;17.1;13.5;20;16.5;79;124.8;20.2;19.3;20.4;18.7;16.6;394.4444444;102.7777778;102.7777778;2.1
13673700;16;14;0;0;17.2;14.9;20.1;16.6;78.3;150.5;20.5;19.4;20.5;19;16.6;394.4444444;102.7777778;102.7777778;2.1
13674600;16;14;0;0;17.6;15.1;20.2;16.6;78;149.1;20.7;19.7;20.6;19.1;16.6;394.4444444;102.7777778;102.7777778;2.1
13675500;16;15;0;0;17.7;15.4;20.4;16.5;77.4;146.9;20.8;19.8;20.7;19.2;16.6;394.4444444;102.7777778;102.7777778;2.1
13676400;13;16;0;1;14.3;17.6;20.9;17.2;76;194.7;20.6;20.2;20.6;18.6;17.3;394.4444444;161.1111111;161.1111111;1.7
13677300;13;13;0;0;14;15.2;21.4;17.5;73.7;212.1;20.8;20.8;20.8;18.8;17.3;394.4444444;161.1111111;161.1111111;1.7
13678200;13;12;0;0;14.3;13.8;21.3;17.5;73.6;212.1;21.1;21;21.1;18.9;17.3;394.4444444;161.1111111;161.1111111;1.7
13679100;13;11;0;0;14.5;13.2;21.2;17.5;73.5;212.1;21.4;21.3;21.4;19;17.3;394.4444444;161.1111111;161.1111111;1.7
13680000;13;11;0;0;14.5;13;20.8;18.2;73.7;291.4;21.6;21.4;21.6;19.1;17.7;397.2222222;191.6666667;191.6666667;2
13680900;14;11;0;0;14.9;12.6;20.9;18.5;74.5;320.2;21.6;21.4;21.7;19.2;17.7;397.2222222;191.6666667;191.6666667;2
13681800;14;11;0;0;15;12.5;21.3;18.2;73.2;320.2;21.8;21.6;21.9;19.3;17.7;397.2222222;191.6666667;191.6666667;2
13682700;14;13;0;0;15.1;14.1;21.8;17.7;72.1;320.2;22.2;21.9;22.2;19.4;17.7;397.2222222;191.6666667;191.6666667;2
13683600;14;14;0;0;15.5;15;22.3;18.4;70.2;385.8;22.8;22.3;22.7;19.5;18.9;388.8888889;469.4444444;488.8888889;2
13684500;14;12;0;0;15.5;14;22.1;18.6;70.1;409.7;23.3;22.6;23.1;19.7;18.9;388.8888889;469.4444444;488.8888889;2
13685400;14;11;0;0;15.8;13.3;22.8;18.6;67.9;409.7;23.8;23.1;23.5;19.9;18.9;388.8888889;469.4444444;488.8888889;2
13686300;15;11;0;0;16;13;24.1;18.6;63.8;409.7;24.8;23.9;24.5;20.1;18.9;388.8888889;469.4444444;488.8888889;2
13687200;15;11;0;0;16.5;13;25;19.2;60.4;438.9;26.5;25.2;26;20.4;19.7;402.7777778;313.8888889;316.6666667;2.6
13688100;15;11;0;0;16.9;13;25;19.4;59.3;449.5;28.1;26.7;27.4;20.8;19.7;402.7777778;313.8888889;316.6666667;2.6
13689000;15;12;0;0;17;13;24.9;19.1;59.5;449.4;28.9;27.7;28.2;21.2;19.7;402.7777778;313.8888889;316.6666667;2.6
13689900;16;12;0;0;17.4;13.4;25.9;18.6;56.4;449.3;29.6;28.5;29;21.5;19.7;402.7777778;313.8888889;316.6666667;2.6
13690800;16;13;0;0;17.5;13.9;26.3;19.3;54.5;524.6;30.5;29.4;30;21.9;20.6;400;402.7777778;422.2222222;3
13691700;16;15;0;0;17.5;16;26.1;19.3;55;524.6;31.2;30;30.7;22.3;20.6;400;402.7777778;422.2222222;3
13692600;16;15;0;0;18;16.5;25.9;19.4;56.2;524.6;31.5;30.3;31;22.8;20.6;400;402.7777778;422.2222222;3
13693500;16;14;0;0;18;16;26.1;19.5;55.4;524.6;31.9;30.8;31.4;23.8;20.6;400;402.7777778;422.2222222;3
13694400;16;14;0;0;18.1;16;26.2;20.1;55.9;539.1;32.5;31.4;31.9;24.5;21.3;386.1111111;444.4444444;555.5555556;1.7
13695300;16;14;0;0;18.5;16;26.6;20.1;54.5;540.1;33.3;32.2;32.5;24.9;21.3;386.1111111;444.4444444;555.5555556;1.7
13696200;16;14;0;0;18.5;16;27.1;20.2;52.8;540.1;34;32.9;33.1;25.3;21.3;386.1111111;444.4444444;555.5555556;1.7
13697100;14;23;11;245;15.2;24.2;27.1;20.2;51.8;540.1;33.5;33.3;33.1;30;21.3;386.1111111;444.4444444;555.5555556;1.7
13698000;22;29;4;45;22.7;30.9;26.8;20.3;53.3;514.4;34.6;35.2;35.2;33.7;22.1;363.8888889;288.8888889;544.4444444;1.4
13698900;21;16;0;0;22.6;20.1;26.6;20.3;53.4;510.4;34.7;37.3;36.7;33.4;22.1;363.8888889;288.8888889;544.4444444;1.4
13699800;16;27;19;316;17.2;28.1;25.9;20.5;54.1;510.4;34.4;36;35.6;33.8;22.1;363.8888889;288.8888889;544.4444444;1.4
13700700;17;26;29;281;17.9;27.2;25.7;20.7;55.5;510.4;28.3;28.5;28.3;27.4;22.1;363.8888889;288.8888889;544.4444444;1.4
13701600;23;24;2;11;24.1;25.8;26.4;20.6;53.5;460.2;28.2;28.8;28.3;26.2;23.1;366.6666667;283.3333333;525;2.2
13702500;22;21;0;0;23.1;23.7;26;20.5;55.2;441.9;28.7;30.8;31;26.2;23.1;366.6666667;283.3333333;525;2.2
13703400;16;25;17;247;15.8;25.9;25.6;20.8;56.3;441.9;28.6;29.1;28.7;27.7;23.1;366.6666667;283.3333333;525;2.2
13704300;16;20;3;30;16.5;22.7;26.5;21.1;53.6;441.9;28.2;31.4;30;27.5;23.1;366.6666667;283.3333333;525;2.2
13705200;14;23;11;181;14.7;25.5;25.9;20.8;54.5;376.2;28.1;28.4;27.7;27.7;23.2;386.1111111;344.4444444;427.7777778;1.6
13706100;14;21;0;0;14.6;23.1;26.4;20.7;53.5;352.3;28.1;30.4;28.4;27.6;23.2;386.1111111;344.4444444;427.7777778;1.6
13707000;13;16;0;0;14.3;17.7;26.8;21.4;52.2;352.3;28.5;28.1;27.4;28;23.2;386.1111111;344.4444444;427.7777778;1.6
13707900;13;14;0;0;14.3;15.1;27.4;21.8;51.8;352.3;28.7;27.7;27.9;27.8;23.2;386.1111111;344.4444444;427.7777778;1.6
13708800;14;16;0;0;14.7;17.6;27.5;21.6;51.6;258.2;29.3;28.2;28.7;27.8;19.3;394.4444444;77.77777778;88.88888889;1.4
13709700;14;15;0;0;14.8;17;26.5;21.6;52.9;243.7;29.8;28.9;29.4;27.9;19.3;394.4444444;77.77777778;88.88888889;1.4
13710600;14;15;0;0;15.1;16.7;25.2;22.1;53.7;243.7;29.6;29.1;29.3;27.9;19.3;394.4444444;77.77777778;88.88888889;1.4
13711500;14;15;0;0;15.3;16.7;23.8;23.1;61;243.7;28.9;28.9;28.7;27.9;19.3;394.4444444;77.77777778;88.88888889;1.4
13712400;15;15;0;0;15.5;16.7;23.4;22.9;68;147.8;27.8;27.9;27.5;27.9;18.6;383.3333333;8.333333333;8.333333333;1.4
13713300;15;16;0;0;15.8;16.7;22.9;22.9;67.8;147.8;27;27;26.8;27.8;18.6;383.3333333;8.333333333;8.333333333;1.4
13714200;15;16;0;0;16.1;16.7;22.5;23.1;67.9;147.8;27;26.2;26.7;27.5;18.6;383.3333333;8.333333333;8.333333333;1.4
13715100;15;16;0;0;16.3;16.7;22.4;23.2;69.6;147.8;26.8;25.7;26.5;27.4;18.6;383.3333333;8.333333333;8.333333333;1.4
13716000;15;16;0;0;16.3;16.8;22.3;22.4;71.4;86.1;26.4;25.4;26.3;27.3;18.4;377.7777778;2.777777778;2.777777778;1.4
13716900;16;18;0;0;16.6;18.4;22;22.3;71.6;81.7;25.9;25;25.9;27.3;18.4;377.7777778;2.777777778;2.777777778;1.4
13717800;16;18;0;0;16.8;19;21.8;20.4;74;82.3;25.4;24.6;25.6;27.2;18.4;377.7777778;2.777777778;2.777777778;1.4
13718700;16;17;0;0;16.8;18.8;21.5;18.8;75.9;82.8;25.1;24.3;25.4;27.1;18.4;377.7777778;2.777777778;2.777777778;1.4
13719600;16;17;0;0;17.1;18.7;21.3;18.7;76.2;33.5;24.8;24.1;25.3;27;18.3;369.4444444;0;0;1.8
13720500;16;17;0;0;17.3;18.7;21.3;18.7;75.7;25.9;24.6;23.9;25.2;26.8;18.3;369.4444444;0;0;1.8
13721400;16;17;0;0;17.3;18.7;21.1;18.6;75.8;25.9;24.4;23.7;25.1;26.7;18.3;369.4444444;0;0;1.8
13722300;16;17;0;0;17.4;18.7;21;18.4;76.6;25.9;24.1;23.5;25;26.6;18.3;369.4444444;0;0;1.8
13723200;17;17;0;0;17.8;18.7;20.8;17.7;77.5;7.2;23.7;23.3;24.9;26.5;17.6;377.7777778;0;0;1.5
13724100;17;17;0;0;17.8;18.7;20.6;17.4;78.3;0.4;23.4;23.1;24.8;26.4;17.6;377.7777778;0;0;1.5
13725000;17;18;0;0;17.8;19.2;20.6;17.4;78.7;0.4;23.1;22.8;24.9;26.2;17.6;377.7777778;0;0;1.5
13725900;17;19;0;0;18.2;20.2;20.7;17.3;78.7;0.4;22.4;22.4;25.5;26.1;17.6;377.7777778;0;0;1.5
13726800;17;19;0;0;18.3;20.1;20.8;16.8;78.5;0.1;20.6;21.6;26.4;26;17.3;369.4444444;0;0;1.6
13727700;17;17;0;0;18.8;19.1;20.8;16.6;78.1;0;19.8;21;24.5;25.7;17.3;369.4444444;0;0;1.6
13728600;18;16;0;0;20.2;18.3;20.7;16.6;78.2;0;19.5;20.7;23.1;25.5;17.3;369.4444444;0;0;1.6
13729500;18;16;0;0;19.85;18;20.45;16.45;78.2;0;19.4;20.1;23.15;25.4;17.3;369.4444444;0;0;1.6
13730400;18;16;0;0;19.5;17.7;20.2;16.3;78.2;0;19.3;19.5;23.2;25.3;16.6;344.4444444;0;0;1.1
13731300;16;17;23;104;16.5;17.5;19.9;16.2;79.3;0;19.1;18.8;21.3;21.8;16.6;344.4444444;0;0;1.1
13732200;13;14;43;65;14.2;15.4;19.5;16.2;80.5;0;16.9;16.8;17.1;16.5;16.6;344.4444444;0;0;1.1
13733100;13;14;3;4;13.5;14.8;19.2;16.2;81.2;0;16.6;16.5;16.8;16;16.6;344.4444444;0;0;1.1
13734000;13;16;18;47;13.3;15.9;19;16.1;81.8;0;16.7;16.5;16.8;16.1;16.1;338.8888889;0;0;1.2
13734900;13;14;3;3;13.5;14.3;18.8;16;82.2;0;16;15.9;16.2;15.5;16.1;338.8888889;0;0;1.2
13735800;13;14;0;0;13.5;14.6;18.6;16;82.2;0;16.3;16.1;16.4;15.7;16.1;338.8888889;0;0;1.2
13736700;13;14;0;0;14;14.8;18.5;16;82.4;0;16.4;16.2;16.5;16;16.1;338.8888889;0;0;1.2
13737600;13;14;0;0;14.2;14.8;18.3;16;82.9;0;16.5;16.4;16.7;16.2;15.5;350;0;0;1.2
13738500;13;14;0;0;14.5;15.2;18.1;16;83.2;0;16.5;16.5;16.8;16.4;15.5;350;0;0;1.2
13739400;13;14;0;0;15;15.3;18;16;83.2;0;16.5;16.6;16.9;16.6;15.5;350;0;0;1.2
13740300;13;15;0;0;15;15.3;18;16;83.6;0;16.5;16.5;16.9;17;15.5;350;0;0;1.2
13741200;14;15;0;0;15.5;15.5;18;15.4;83.7;0;16.5;16.5;16.9;17.3;15.2;363.8888889;0;0;1
13742100;14;15;9;23;15.1;15.9;18;15.4;83.7;0;16.6;16.5;16.9;17.2;15.2;363.8888889;0;0;1
13743000;12;14;14;26;13.3;14.4;18.1;15.6;83.6;0;16.1;15.8;16.2;15.6;15.2;363.8888889;0;0;1
13743900;13;14;9;15;13.4;14.6;18.2;15.8;83.7;0;16.2;15.9;16.3;15.7;15.2;363.8888889;0;0;1
13744800;12;13;14;20;13.2;13.9;18.1;15.3;83.7;0;15.8;15.6;15.9;15.2;15.2;361.1111111;0;0;1
13745700;12;13;0;0;13.3;13.8;18;15.3;83.3;0;15.9;15.7;16.1;15.3;15.2;361.1111111;0;0;1
13746600;13;14;0;0;13.6;14.2;18.2;15.1;83.2;0;16.1;15.9;16.3;15.5;15.2;361.1111111;0;0;1
13747500;13;14;0;0;13.8;14.3;18.2;15;83.2;0;16.3;16.1;16.5;15.7;15.2;361.1111111;0;0;1
13748400;13;14;0;0;14.1;14.7;18.1;15.1;83.2;0;16.4;16.3;16.6;15.9;14.9;358.3333333;16.66666667;16.66666667;1.5
13749300;13;14;0;0;14.4;14.8;18;15.1;83.7;0;16.5;16.4;16.7;16.1;14.9;358.3333333;16.66666667;16.66666667;1.5
13750200;13;14;0;0;14.8;14.9;18;15.2;83.5;0;16.6;16.5;16.8;16.3;14.9;358.3333333;16.66666667;16.66666667;1.5
13751100;13;16;0;0;15;16.3;18.1;15.3;83.2;0;16.6;16.6;16.8;16.4;14.9;358.3333333;16.66666667;16.66666667;1.5
13752000;13;16;0;0;15.3;16.7;18.2;15.4;83.3;3.4;16.7;16.6;16.9;16.7;15;361.1111111;63.88888889;63.88888889;1.6
13752900;13;15;0;0;15.3;16.3;18.4;15.4;82.9;4.7;16.8;16.7;17.1;17;15;361.1111111;63.88888889;63.88888889;1.6
13753800;13;14;20;54;13.4;15.1;18.6;15.4;82;4.7;16.6;16.4;16.7;16.3;15;361.1111111;63.88888889;63.88888889;1.6
13754700;13;14;0;0;13.5;14.8;18.7;15.4;81.1;4.7;16.5;16.4;16.6;15.9;15;361.1111111;63.88888889;63.88888889;1.6
13755600;13;14;21;51;13.3;14.7;18.9;15.6;80.4;50;16.5;16.4;16.7;15.9;15.9;361.1111111;155.5555556;158.3333333;2
13756500;13;14;0;0;13.5;14.3;19.1;15.6;79.9;50;16.6;16.5;16.8;15.8;15.9;361.1111111;155.5555556;158.3333333;2
13757400;13;14;0;0;13.6;14.5;19.8;15.4;78.4;50;17.1;17.1;17.4;16;15.9;361.1111111;155.5555556;158.3333333;2
13758300;13;14;0;0;14;14.8;20.4;15.2;75.9;50;17.8;17.8;18.2;16.2;15.9;361.1111111;155.5555556;158.3333333;2
13759200;13;15;0;0;14.1;15.6;20.7;15.9;74.4;125.9;18.6;18.5;18.9;16.4;17.1;361.1111111;230.5555556;236.1111111;2.2
13760100;13;16;0;0;14.5;16.9;21;15.9;73.5;131.3;19.7;19.5;19.9;16.6;17.1;361.1111111;230.5555556;236.1111111;2.2
13761000;13;17;0;0;14.5;17.3;21.4;15.9;72.1;135.2;20.9;20.4;20.9;16.8;17.1;361.1111111;230.5555556;236.1111111;2.2
13761900;14;16;0;0;15;17.8;21.5;15.9;71.7;138.6;21.8;21.1;21.7;17;17.1;361.1111111;230.5555556;236.1111111;2.2
13762800;15;18;29;116;15.9;19;21.5;17;71.5;234.8;22.1;21.9;22.4;20.6;18;372.2222222;344.4444444;433.3333333;2.9
13763700;17;19;33;99;17.8;19.8;22.1;17.2;70.3;249.6;22.5;22.6;22.8;21.2;18;372.2222222;344.4444444;433.3333333;2.9
13764600;20;22;33;72;20.6;22.3;23.3;17.2;66.6;249.6;24.9;25.1;25.2;23.5;18;372.2222222;344.4444444;433.3333333;2.9
13765500;21;23;33;68;21.6;23.2;23.8;17.1;65;249.6;25.8;26;26;24.4;18;372.2222222;344.4444444;433.3333333;2.9
13766400;22;24;29;72;23;25.1;23.8;18.1;64.7;338.6;28;28.1;28.1;26.5;20;355.5555556;375;633.3333333;3.5
13767300;20;27;23;196;21.5;27.2;24;18.3;63.9;360.8;30.1;30;30;28.3;20;355.5555556;375;633.3333333;3.5
13768200;20;25;21;130;21.1;26.5;24.1;18.3;64.3;360.8;28.2;28.2;28;27.1;20;355.5555556;375;633.3333333;3.5
13769100;21;26;22;121;22.5;26.7;24.1;18.3;64.3;360.8;29.6;30.1;29.7;27.7;20;355.5555556;375;633.3333333;3.5
13770000;15;26;24;323;17.2;27;24.4;19.5;64;457.6;28.6;29;28.8;27.8;21.1;350;252.7777778;836.1111111;1.2
13770900;22;25;20;77;23.2;26.4;24;19.5;65.4;457.6;28.6;29.2;28.6;27;21.1;350;252.7777778;836.1111111;1.2
13771800;17;26;23;345;19;27.3;24.2;19.5;64.4;457.6;29.8;30;29.5;28.3;21.1;350;252.7777778;836.1111111;1.2
13772700;17;26;25;305;17.9;27.1;24.7;19.5;62.9;457.6;29.2;29.9;29.4;28.1;21.1;350;252.7777778;836.1111111;1.2
13773600;20;27;22;160;22;27.5;25.1;20.2;61.2;546.5;30.1;30.9;30.1;28.8;22.7;361.1111111;280.5555556;961.1111111;1.8
13774500;21;28;20;157;22;28.8;25.4;20.3;61.4;552.8;31.5;32.4;31.7;30.1;22.7;361.1111111;280.5555556;961.1111111;1.8
13775400;18;29;27;399;19;30.3;25.6;20.6;59.9;572.2;32.2;32.9;32.3;31.3;22.7;361.1111111;280.5555556;961.1111111;1.8
13776300;17;26;43;399;18.5;26.8;25.7;20.8;57.8;589.1;28.2;28.8;28;27.1;22.7;361.1111111;280.5555556;961.1111111;1.8
13777200;17;25;43;376;17.9;25.6;26.4;21.3;54.6;621.3;27.7;28;27.5;26.5;22.3;380.5555556;350;486.1111111;1.5
13778100;17;24;17;150;17.9;25.6;27.5;21.4;49;626.2;28;28.7;27.9;26.7;22.3;380.5555556;350;486.1111111;1.5
13779000;16;21;0;4;17.3;22;28.5;21.5;43.7;626.2;28.9;30.5;29.3;26.9;22.3;380.5555556;350;486.1111111;1.5
13779900;17;14;0;0;18.1;15.7;28.6;21.7;44.3;626.2;28.9;29.1;28.9;26.7;22.3;380.5555556;350;486.1111111;1.5
13780800;17;12;0;0;18.1;14.6;28.4;21.9;49.8;630;32;31.2;31.3;27;23.8;377.7777778;386.1111111;944.4444444;0.9
13781700;17;12;0;0;18.1;13.9;27.7;22;51.3;631;35;34.1;33.3;27.4;23.8;377.7777778;386.1111111;944.4444444;0.9
13782600;17;12;1;0;18.5;14.1;27.4;22.4;51.8;631;37;36.2;34.5;28.1;23.8;377.7777778;386.1111111;944.4444444;0.9
13783500;14;13;0;0;15.7;14.7;27.7;23.1;47.6;631;36.6;36.4;34.9;29.8;23.8;377.7777778;386.1111111;944.4444444;0.9
13784400;16;12;0;0;17.7;13.8;28.5;23.2;44.3;625.6;37.9;36.8;35.3;29;20.9;380.5555556;177.7777778;191.6666667;1.1
13785300;15;12;0;0;17.7;13.3;27.5;23.2;44.3;623.6;39.1;38.3;35.8;29.6;20.9;380.5555556;177.7777778;191.6666667;1.1
13786200;14;14;0;0;17.7;15;26.7;23;45.5;623.6;38.8;38.8;36;29.8;20.9;380.5555556;177.7777778;191.6666667;1.1
13787100;14;15;1;1;16.7;16.1;25.6;22.6;46.7;623.6;37.1;38;35.1;30.4;20.9;380.5555556;177.7777778;191.6666667;1.1
13788000;15;12;0;0;16.6;13.7;24.6;22.5;53.1;537.3;32.8;34.7;32.1;29.2;20.7;380.5555556;94.44444444;97.22222222;1.4
13788900;16;12;0;0;17.6;13.6;24.4;22.5;56.2;537.3;30.4;32.5;30.4;28.5;20.7;380.5555556;94.44444444;97.22222222;1.4
13789800;16;12;0;0;18;13.6;24.5;23.3;53;537.3;30.9;32.6;30.9;28.9;20.7;380.5555556;94.44444444;97.22222222;1.4
13790700;16;12;0;0;18.1;13.6;24.4;23.8;54.3;537.3;31.4;32.7;30.9;28.9;20.7;380.5555556;94.44444444;97.22222222;1.4
13791600;16;12;0;0;18.1;13.6;24.2;23.4;59.3;460.3;30.7;32.3;30.4;28.8;21.4;372.2222222;155.5555556;158.3333333;1.9
13792500;16;12;0;0;18.1;13.6;24.1;23.3;58.8;441;30.2;31.7;30;28.7;21.4;372.2222222;155.5555556;158.3333333;1.9
13793400;16;12;0;0;18.6;13.6;24.8;21.7;55.7;441;29.8;31.3;29.8;28.6;21.4;372.2222222;155.5555556;158.3333333;1.9
13794300;17;13;0;0;18.6;14.2;25.4;20.6;54.1;441;29.9;31.2;30;28.6;21.4;372.2222222;155.5555556;158.3333333;1.9
13795200;17;15;0;0;18.9;16.1;25.3;20.4;56.8;339.6;29.8;31;29.9;28.6;21.9;366.6666667;144.4444444;222.2222222;0.9
13796100;16;15;0;0;19.1;16.1;24.8;20.4;58.2;339.6;29.6;30.7;29.7;28.4;21.9;366.6666667;144.4444444;222.2222222;0.9
13797000;16;14;0;0;19.1;16.1;24.5;20.6;58.2;339.6;29.3;30.3;29.4;28.4;21.9;366.6666667;144.4444444;222.2222222;0.9
13797900;17;14;0;0;19.4;16.1;27.9;20.7;52.5;339.6;29.2;30.2;29.3;28.4;21.9;366.6666667;144.4444444;222.2222222;0.9
13798800;18;15;0;0;19.6;16.1;30.9;20.6;44.3;233.2;29.6;30.5;29.7;28.5;21.6;350;80.55555556;133.3333333;1
13799700;18;15;0;0;19.9;16.1;31.6;20.6;40.6;225.6;29.8;30.7;30.1;28.6;21.6;350;80.55555556;133.3333333;1
13800600;17;14;0;0;18.5;16;27.7;20.8;46.5;225.6;29.8;31;30.2;29;21.6;350;80.55555556;133.3333333;1
13801500;17;12;0;0;19.2;14;25.6;21;53.5;225.6;29.2;30.7;29.8;28.7;21.6;350;80.55555556;133.3333333;1
13802400;17;12;0;0;19.5;13.5;24.7;20.4;56.4;135.6;28.9;30.5;29.6;28.7;20;358.3333333;16.66666667;16.66666667;1.4
13803300;17;14;0;0;19.5;14.9;24;20.3;59.4;121.8;28.5;30.1;29.2;28.7;20;358.3333333;16.66666667;16.66666667;1.4
13804200;17;14;0;0;19.5;15.3;23.3;20.6;62.4;121.1;27.9;29.5;28.8;28.6;20;358.3333333;16.66666667;16.66666667;1.4
13805100;17;12;0;0;19.5;13.9;22.9;21;64.7;120;27.4;29;28.5;28.5;20;358.3333333;16.66666667;16.66666667;1.4
13806000;17;11;0;0;19.9;13.3;22.9;20.4;66.7;53.8;26.9;28.5;28.2;28.3;20;350;0;0;1.8
13806900;17;11;0;0;20;13;22.4;20.2;68.9;37.3;26.6;28.1;27.9;28.2;20;350;0;0;1.8
13807800;17;11;0;0;20;13;22.1;20.4;69.8;37.3;26.3;27.7;27.5;28.1;20;350;0;0;1.8
13808700;18;11;0;0;20;13;21.7;20.9;70.3;37.3;25.9;27.2;27.2;28;20;350;0;0;1.8
13809600;18;12;0;0;20.5;13.3;21.4;20.3;70.9;10.8;25.6;26.8;26.9;27.8;18.2;338.8888889;0;0;1.9
13810500;18;12;0;0;20.5;13.5;20.9;20.1;72.4;1.2;25.3;26.3;26.6;27.7;18.2;338.8888889;0;0;1.9
13811400;18;14;0;0;20.5;14.6;20.5;19.6;72.7;1.2;25.1;25.9;26.3;27.5;18.2;338.8888889;0;0;1.9
13812300;18;15;0;0;20.5;16;20.2;19.3;73;1.2;24.7;25.4;25.9;27.3;18.2;338.8888889;0;0;1.9
13813200;18;15;0;0;20.8;16.5;19.9;18.5;73.2;0;24.3;25.1;25.6;27.2;17.3;336.1111111;0;0;3
13814100;18;15;0;0;21;16.5;19.6;18.5;74;0;24.2;24.7;25.5;27;17.3;336.1111111;0;0;3
13815000;18;15;0;0;21;16.5;19.4;18.5;75.4;0;23.9;24.3;25.3;26.9;17.3;336.1111111;0;0;3
13815900;18;15;0;0;21.25;16.5;19.15;17.45;76.05;0;23.7;23.9;25.1;26.75;17.3;336.1111111;0;0;3
13816800;18;15;0;0;21.5;16.5;18.9;16.4;76.7;0;23.5;23.5;24.9;26.6;17;333.3333333;0;0;2.6
13817700;18;15;0;0;21.5;16.5;18.7;16.2;77.7;0;23.2;23;24.8;26.5;17;333.3333333;0;0;2.6
13818600;19;16;0;0;21.5;16.7;18.5;16.2;78.1;0;22.9;22.2;24.9;26.3;17;333.3333333;0;0;2.6
13819500;19;16;0;0;21.5;17;18.4;16.2;78.2;0;22.3;20.6;25.8;26.2;17;333.3333333;0;0;2.6
13820400;19;18;0;0;21.7;18.6;18.3;16;78.6;0;20.1;18.9;26.1;25.9;15.8;330.5555556;0;0;2.8
13821300;19;18;0;0;22;19.4;18.3;16;78.3;0;18;17.4;24.4;25.9;15.8;330.5555556;0;0;2.8
13822200;19;18;0;0;21.2;20.1;18.2;16;78.4;0;17.3;17.1;21.4;26.2;15.8;330.5555556;0;0;2.8
13823100;18;18;0;0;18;19.6;18;16;78.8;0;17;16.9;21;25.9;15.8;330.5555556;0;0;2.8
13824000;16;15;0;0;17;16.9;17.8;16;79.9;0;16.8;16.7;23.1;25.4;15.4;330.5555556;0;0;2.5
13824900;16;12;0;0;17;14.6;17.6;16;80.6;0;16.7;16.5;20.7;25.3;15.4;330.5555556;0;0;2.5
13825800;16;11;0;0;16.6;13.4;17.4;16;80.6;0;16.6;16.3;19.1;25.1;15.4;330.5555556;0;0;2.5
13826700;16;11;0;0;16.3;13;17.4;16;80.8;0;16.5;16;18.7;25;15.4;330.5555556;0;0;2.5
13827600;16;11;0;0;16;13;17.3;15.8;80.8;0;16.4;15.9;18.3;24.9;14.5;325;0;0;1.5
13828500;16;13;0;0;16;14.1;17.2;15.8;81.7;0;16.3;15.7;18.1;24.9;14.5;325;0;0;1.5
13829400;16;14;0;0;16;15.5;17;15.4;82.4;0;16.1;15.5;17.9;24.8;14.5;325;0;0;1.5
13830300;16;14;0;0;16;15.5;16.9;15.2;82.2;0;15.9;15.3;17.8;25;14.5;325;0;0;1.5
13831200;15;14;0;0;15.5;15.5;16.8;14.9;82.2;0;15.7;15.1;17.8;25.1;14.6;325;0;0;1.3
13832100;15;14;0;0;15.5;15.5;16.7;14.9;82.3;0;15.5;15;17.8;25.2;14.6;325;0;0;1.3
13833000;15;14;0;0;15.5;15.5;16.5;15;82.3;0;15.4;14.9;17.8;25.5;14.6;325;0;0;1.3
13833900;15;14;0;0;15;15.5;16.5;15;82.4;0;15.3;14.7;17.7;25.7;14.6;325;0;0;1.3
13834800;15;14;0;0;15;15.5;16.5;14.8;82.2;0;15.2;14.6;17.8;24.4;14.4;325;25;30.55555556;1.1
13835700;15;14;0;0;15;15.5;16.5;14.8;82.2;0;15.2;14.6;17.6;20.8;14.4;325;25;30.55555556;1.1
13836600;15;14;0;0;15;15.5;16.4;14.6;82.2;0;15.1;14.5;17.4;19.9;14.4;325;25;30.55555556;1.1
13837500;15;16;0;0;15;16.8;16.4;14.3;82.4;0;15.1;14.5;16.8;19;14.4;325;25;30.55555556;1.1
13838400;15;16;0;0;15;16.9;16.6;14.4;82.5;5.9;15.3;14.6;16.3;17.6;14.6;325;77.77777778;138.8888889;1.5
13839300;15;15;0;0;15;16.1;16.9;14.5;82.7;8.1;15.9;14.6;16.6;17.2;14.6;325;77.77777778;138.8888889;1.5
13840200;15;15;0;0;15;16;17.3;14.6;81.9;8.1;16.6;14.9;17.2;17;14.6;325;77.77777778;138.8888889;1.5
13841100;14;15;0;0;15;16;17.5;14.7;80.5;8.1;17.3;15.4;17.4;17;14.6;325;77.77777778;138.8888889;1.5
13842000;14;15;0;0;15;16;17.8;15.2;79.4;52.5;18.2;15.8;17.8;17;16;327.7777778;122.2222222;297.2222222;1.6
13842900;14;15;0;0;15.1;16;18.2;15.4;78.3;68.6;19.2;16.4;18.7;17.2;16;327.7777778;122.2222222;297.2222222;1.6
13843800;14;15;0;0;15.5;16;18.7;15.2;76.6;68.6;20.5;17;20.1;17.3;16;327.7777778;122.2222222;297.2222222;1.6
13844700;15;15;0;0;16;15.8;19;15;75.1;68.6;21.7;17.9;21.2;17.5;16;327.7777778;122.2222222;297.2222222;1.6
13845600;16;15;0;0;16.7;15.7;19.3;15.8;74.2;140.8;22.2;19.3;21.7;17.7;18.4;338.8888889;197.2222222;380.5555556;2.1
13846500;16;14;0;0;16.7;16;19.7;16.1;73.5;167.1;23.8;20.3;23.2;17.8;18.4;338.8888889;197.2222222;380.5555556;2.1
13847400;16;14;0;0;16.7;15.7;20.1;15.9;71.8;167.3;25.2;21.5;24.8;18.1;18.4;338.8888889;197.2222222;380.5555556;2.1
13848300;16;13;0;0;17;15.3;20.6;15.7;70.7;167.6;26.5;23;26.6;18.5;18.4;338.8888889;197.2222222;380.5555556;2.1
13849200;16;12;0;0;17.2;14.1;21.3;16.7;68.6;260.4;27.9;24.6;28.4;18.9;20;347.2222222;283.3333333;522.2222222;2.6
13850100;16;11;0;0;17.2;13.3;22.2;17;66.1;294.2;29;26.2;30;19.3;20;347.2222222;283.3333333;522.2222222;2.6
13851000;16;11;0;0;17.2;13;22.9;17.1;63.2;294.2;30.2;27.6;31.3;19.7;20;347.2222222;283.3333333;522.2222222;2.6
13851900;16;11;0;0;17.5;12.8;23.2;17.2;62;294.2;31.1;28.9;32.4;20.1;20;347.2222222;283.3333333;522.2222222;2.6
13852800;16;11;0;0;17.7;12.5;22.8;18;61.9;403.2;31.4;29.5;32.6;20.5;21.5;350;255.5555556;730.5555556;3.2
13853700;17;11;0;0;17.7;12.5;23.4;18.3;60.9;442.9;32.2;30.5;33.2;20.9;21.5;350;255.5555556;730.5555556;3.2
13854600;17;11;1;0;18;12.8;24.4;18.7;58.6;442.9;34.2;32.3;34.7;21.5;21.5;350;255.5555556;730.5555556;3.2
13855500;15;14;0;0;15.3;15.1;24.8;19.4;56.8;442.9;33.9;32.5;33.8;25.4;21.5;350;255.5555556;730.5555556;3.2
13856400;15;14;0;0;16.8;15;25;20.1;56.4;512.9;34.7;32.5;34.3;24.4;22.4;355.5555556;233.3333333;805.5555556;3.3
13857300;14;22;24;449;16.1;23.9;25.5;20.5;55.7;547.9;37.2;36.6;36.4;31.9;22.4;355.5555556;233.3333333;805.5555556;3.3
13858200;18;28;43;445;19.4;28.9;25.8;20.8;55.4;543;29.8;30.7;29.8;28;22.4;355.5555556;233.3333333;805.5555556;3.3
13859100;17;24;40;368;18;25.7;26.2;21;54.2;539.8;27.6;27.9;27.3;25.9;22.4;355.5555556;233.3333333;805.5555556;3.3
13860000;16;25;38;346;17.5;25.5;26.2;21.9;53.2;623.9;27.9;28;27.5;26.5;23.1;363.8888889;236.1111111;844.4444444;3.9
13860900;16;23;26;206;17.7;24.3;26.8;21.9;51.7;623.9;26.9;27.3;26.7;25.3;23.1;363.8888889;236.1111111;844.4444444;3.9
13861800;16;16;0;0;17.7;19.9;27.3;22.2;49.5;628;27.6;30.2;28.7;25.3;23.1;363.8888889;236.1111111;844.4444444;3.9
13862700;17;17;0;0;17.7;19.1;27.5;22.5;48.8;631.6;31;33.4;31.9;25.5;23.1;363.8888889;236.1111111;844.4444444;3.9
13863600;16;19;0;3;17.1;19.9;27;22.9;49.9;668.2;31;33.4;31.8;26.3;24.7;372.2222222;286.1111111;911.1111111;3.5
13864500;17;15;0;0;17.9;16.1;27.7;23;47.3;673.8;29;29.5;29.4;25.4;24.7;372.2222222;286.1111111;911.1111111;3.5
13865400;17;13;0;0;17.9;15.3;27.4;23;47.4;673.8;31.9;31.5;31;25.6;24.7;372.2222222;286.1111111;911.1111111;3.5
13866300;17;11;0;0;18.4;13.7;27.4;23.1;46.7;673.8;33.4;32.9;32;26;24.7;372.2222222;286.1111111;911.1111111;3.5
13867200;17;11;0;0;18.4;13.5;27.9;23.4;46.1;673.7;35.5;35.1;33.9;26.5;24;394.4444444;336.1111111;533.3333333;2.1
13868100;15;13;1;1;15.8;14.7;28.1;23.4;45.3;673.7;36.6;36.9;35.3;28.9;24;394.4444444;336.1111111;533.3333333;2.1
13869000;15;12;0;0;17;13.3;28.2;23.4;43.6;673.7;34.6;34.9;33.7;27.6;24;394.4444444;336.1111111;533.3333333;2.1
13869900;16;12;0;0;17.4;13.3;29.2;23.5;41.2;673.7;36.7;36.1;35.3;28.4;24;394.4444444;336.1111111;533.3333333;2.1
13870800;16;11;0;0;17.4;12.9;28.1;23.7;46.3;695.9;38.1;37.3;35.8;28.7;24.5;372.2222222;294.4444444;494.4444444;2.2
13871700;16;11;0;0;17.8;12.8;28.3;23.7;43.3;701.4;38.8;38.2;36.6;28.8;24.5;372.2222222;294.4444444;494.4444444;2.2
13872600;16;13;0;0;18.4;14.2;28.2;24.4;39.6;701.4;40.1;39.3;37.7;29.1;24.5;372.2222222;294.4444444;494.4444444;2.2
13873500;14;13;1;1;15.5;14.6;28.2;25;39.6;701.4;38.6;39.1;37.3;32.1;24.5;372.2222222;294.4444444;494.4444444;2.2
13874400;15;12;0;0;16.9;13.2;27.5;24.7;38;608.5;37.2;37.5;35.9;30.2;23.4;375;300;480.5555556;1.7
13875300;15;11;0;0;16.9;12.7;27.1;24.7;41.6;601.9;36.3;37.1;35;30.4;23.4;375;300;480.5555556;1.7
13876200;15;11;0;0;17.3;12.7;27;24.3;45.9;601.9;35.7;36.7;34.7;30.6;23.4;375;300;480.5555556;1.7
13877100;15;12;0;0;17.4;12.7;27;23.9;50.5;601.9;35.7;36.6;34.8;30.7;23.4;375;300;480.5555556;1.7
13878000;15;12;0;0;17.6;12.8;27.7;23.6;46.9;496.9;35.4;36.5;34.6;30.7;23.5;369.4444444;247.2222222;519.4444444;1.7
13878900;16;12;0;0;18;13.2;27.9;23.6;44;480.8;35.5;36.6;35;30.8;23.5;369.4444444;247.2222222;519.4444444;1.7
13879800;16;12;0;0;18.4;13.2;27.2;24;44.6;480.8;35.6;36.8;35.4;30.9;23.5;369.4444444;247.2222222;519.4444444;1.7
13880700;14;13;0;0;18.4;13.8;26;24.4;45.6;480.8;34.6;36.2;34.6;30.8;23.5;369.4444444;247.2222222;519.4444444;1.7
13881600;15;15;0;0;18.4;15.7;26.8;24.1;46.6;382.7;33.9;35.3;34.2;30.6;22.2;375;111.1111111;150;2.8
13882500;15;14;0;0;18.6;15.7;27.7;24;45;358.2;33.8;35.1;34.5;30.6;22.2;375;111.1111111;150;2.8
13883400;16;14;0;0;18.9;15.7;29.8;23.7;40.7;358.2;33.7;35.1;34.6;30.6;22.2;375;111.1111111;150;2.8
13884300;15;14;0;0;18.9;15.7;27.6;23.2;43.7;358.2;33.2;34.9;34.3;30.6;22.2;375;111.1111111;150;2.8
13885200;15;14;0;0;18.9;15.7;26.2;22.8;50.4;261.3;32.3;34.2;33.4;30.5;22;352.7777778;97.22222222;150;3
13886100;15;15;0;0;18.9;15.7;25.8;22.7;53.8;226.1;31.2;33.1;32.2;30.4;22;352.7777778;97.22222222;150;3
13887000;15;15;0;0;18;16;25;22.8;54.5;226.1;30.5;32.3;31.4;30.4;22;352.7777778;97.22222222;150;3
13887900;17;13;0;0;18.8;14.2;24.6;23.1;57.1;226.1;29.5;31.5;30.6;29.7;22;352.7777778;97.22222222;150;3
13888800;17;12;0;0;19.1;13.8;24.1;22.2;60.1;115.1;29;31;30.2;29.7;20.7;350;30.55555556;38.88888889;2.7
13889700;17;14;0;0;19.1;15.3;23.6;22.2;60.8;115.1;28.3;30.5;29.7;29.6;20.7;350;30.55555556;38.88888889;2.7
13890600;17;14;0;0;19.1;15.4;23.1;21.7;60.9;115.1;27.7;29.8;29.2;29.4;20.7;350;30.55555556;38.88888889;2.7
13891500;17;12;0;0;19.6;14.1;22.6;21.4;60.4;115.1;27.1;29.1;28.7;29.2;20.7;350;30.55555556;38.88888889;2.7
13892400;17;11;0;0;19.6;13.6;22.3;20.7;60.4;40.4;26.7;28.6;28.3;29;19.1;341.6666667;0;0;1.8
13893300;17;11;0;0;19.6;13.2;22;20.7;60.5;35.1;26.3;28;27.9;28.8;19.1;341.6666667;0;0;1.8
13894200;17;11;0;0;19.8;13.2;21.6;21;62.8;35.1;26;27.6;27.6;28.6;19.1;341.6666667;0;0;1.8
13895100;17;11;0;0;20.1;13.2;21.3;21.3;64.9;35.1;25.6;27.1;27.3;28.4;19.1;341.6666667;0;0;1.8
13896000;17;12;0;0;20.1;13.3;20.8;20.6;67.4;7.7;25.3;26.7;26.9;28.1;18.8;336.1111111;0;0;2.1
13896900;17;12;0;0;20.1;13.7;20.5;20.4;68.5;0.9;25;26.2;26.6;27.9;18.8;336.1111111;0;0;2.1
13897800;18;14;0;0;20.5;14.8;20.3;20.1;69.8;0.9;24.8;25.8;26.3;27.7;18.8;336.1111111;0;0;2.1
13898700;17;16;0;0;20.6;16.2;20;19.8;70.3;0.9;24.5;25.2;25.9;27.5;18.8;336.1111111;0;0;2.1
13899600;18;15;0;0;20.6;16.7;20;19.2;70;0.2;24.1;24.9;25.6;27.3;17.2;336.1111111;0;0;2.1
13900500;18;15;0;0;20.8;16.7;19.9;19.1;71.1;0;23.9;24.6;25.3;27.1;17.2;336.1111111;0;0;2.1
13901400;18;15;0;0;21.1;16.7;19.9;18.9;72.4;0;23.6;24.2;25.1;26.9;17.2;336.1111111;0;0;2.1
13902300;18;15;0;0;21.1;16.7;19.75;17.8;73.2;0;23.45;23.8;24.9;26.75;17.2;336.1111111;0;0;2.1
13903200;18;15;0;0;21.1;16.7;19.6;16.7;74;0;23.3;23.4;24.7;26.6;16.5;330.5555556;0;0;3
13904100;19;16;0;0;21.4;16.7;19.3;16.2;74.7;0;23.1;23;24.6;26.5;16.5;330.5555556;0;0;3
13905000;19;16;0;0;21.6;16.7;19;16.2;75.6;0;23;22.5;24.4;26.4;16.5;330.5555556;0;0;3
13905900;19;16;0;0;21.6;17.2;18.9;16.2;75.5;0;22.8;21.6;24.5;26.2;16.5;330.5555556;0;0;3
13906800;19;18;0;0;21.6;18.6;18.9;16;75.3;0;22.5;20.3;25.3;26;15.7;327.7777778;0;0;3.7
13907700;19;18;0;0;21.9;19;18.9;16;75.8;0;20.9;18.8;26;25.9;15.7;327.7777778;0;0;3.7
13908600;19;18;0;0;22.1;19.2;18.8;16;75.7;0;18.3;17.7;24.3;25.8;15.7;327.7777778;0;0;3.7
13909500;17;19;0;0;18.7;20.6;18.6;16;76.4;0;17.6;17.4;22.1;25.7;15.7;327.7777778;0;0;3.7
13910400;17;17;0;0;18.4;20.9;18.4;16;76.8;0;17.3;17.2;20.2;25.9;15.3;327.7777778;0;0;3.7
13911300;17;13;0;0;18.6;16.4;18.4;16;76.6;0;17.2;17.1;21.6;25.6;15.3;327.7777778;0;0;3.7
13912200;17;11;0;0;17.5;13.8;18.3;16;77.2;0;17.1;16.9;21.5;25.4;15.3;327.7777778;0;0;3.7
13913100;17;11;0;0;17.2;13.7;18;16;78.1;0;17;16.7;19.5;25.3;15.3;327.7777778;0;0;3.7
13914000;17;11;0;0;16.8;13.2;17.7;15.4;78.9;0;16.9;16.5;18.8;25.2;15;330.5555556;0;0;2.4
13914900;16;13;0;0;16.5;14.2;17.5;15.4;79.7;0;16.7;16.3;18.5;25.1;15;330.5555556;0;0;2.4
13915800;16;14;0;0;16.2;15.7;17.3;15.4;80.1;0;16.4;16.1;18.3;25;15;330.5555556;0;0;2.4
13916700;16;14;0;0;16.2;15.7;17.3;15.3;80;0;16.2;15.9;18.2;25;15;330.5555556;0;0;2.4
13917600;16;14;0;0;16.2;15.7;17.3;15.1;79.6;0;16;15.6;18.2;25;14.4;327.7777778;0;0;1.7
13918500;16;14;0;0;16;15.7;17.1;15;80;0;15.9;15.4;18.3;24.9;14.4;327.7777778;0;0;1.7
13919400;16;14;0;0;15.7;15.7;16.9;15;80.5;0;15.7;15.2;18.3;24.7;14.4;327.7777778;0;0;1.7
13920300;15;14;0;0;15.7;15.7;16.9;14.9;81.3;0;15.6;15.1;18.1;24.5;14.4;327.7777778;0;0;1.7
13921200;15;14;0;0;15.2;15.7;16.8;14.8;81.4;0;15.6;15;18;24.3;14.2;327.7777778;25;30.55555556;1.2
13922100;15;14;0;0;15.2;15.7;16.7;14.8;81.4;0;15.4;15;17.8;24.2;14.2;327.7777778;25;30.55555556;1.2
13923000;15;15;0;0;15.1;15.7;16.6;14.8;82.1;0;15.3;14.9;17.7;24.1;14.2;327.7777778;25;30.55555556;1.2
13923900;15;16;0;0;14.7;17;16.8;14.8;82.3;0;15.3;14.8;17.5;23.8;14.2;327.7777778;25;30.55555556;1.2
13924800;15;16;0;0;14.7;17.2;16.9;15;81.4;6.8;15.5;14.9;17.5;23.8;14.6;322.2222222;80.55555556;141.6666667;1.6
13925700;14;15;0;0;14.7;16.7;17.1;15;80.6;8.5;15.9;15;17.5;23.7;14.6;322.2222222;80.55555556;141.6666667;1.6
13926600;14;15;0;0;14.7;16.5;17.4;14.8;79.5;8.5;16.4;15.2;17.6;23.6;14.6;322.2222222;80.55555556;141.6666667;1.6
13927500;14;15;0;0;14.7;16.2;17.5;14.5;78.5;8.5;17.2;15.5;17.8;23.5;14.6;322.2222222;80.55555556;141.6666667;1.6
13928400;14;15;0;0;14.7;16.2;17.9;15.1;77.8;59;18;16;17.9;23.3;15.5;325;122.2222222;294.4444444;1.7
13929300;14;15;0;0;14.7;16.2;18.4;15.3;75.7;71.6;19.2;16.6;18.2;23.2;15.5;325;122.2222222;294.4444444;1.7
13930200;14;15;0;0;14.7;16.2;18.9;15.1;73.8;71.6;20.7;17.4;19.1;23.1;15.5;325;122.2222222;294.4444444;1.7
13931100;14;16;0;0;15;16.4;19.1;14.8;72.6;71.6;21.8;18.4;20.5;22.6;15.5;325;122.2222222;294.4444444;1.7
13932000;15;17;0;0;16.5;17.4;19;15.8;72.7;153;21.6;18.9;21;20.4;17.7;330.5555556;147.2222222;452.7777778;2
13932900;15;15;0;0;16.1;17.7;19.3;16.1;72.2;173.3;22.5;19.6;22;20.8;17.7;330.5555556;147.2222222;452.7777778;2
13933800;16;16;0;0;16.3;18.1;19.7;16;71.1;177.4;23.7;20.6;23.3;22.7;17.7;330.5555556;147.2222222;452.7777778;2
13934700;16;14;0;0;17;18.2;20.3;15.8;70.1;182.1;25.3;21.9;25.2;24.3;17.7;330.5555556;147.2222222;452.7777778;2
13935600;17;12;0;0;17;15.5;21;17.1;67.5;311.9;27;23.7;27.4;25.1;20.3;338.8888889;166.6666667;611.1111111;2.1
13936500;17;11;0;0;17;14.1;21.5;17.4;65.8;344.4;28.6;25.5;29.5;25.4;20.3;338.8888889;166.6666667;611.1111111;2.1
13937400;16;11;0;0;17;13.5;21.8;17.2;64.9;344.4;30;27.3;31.4;25.6;20.3;338.8888889;166.6666667;611.1111111;2.1
13938300;16;11;0;0;17;13;22.4;16.9;63.4;344.4;31.5;29.1;33.3;25.9;20.3;338.8888889;166.6666667;611.1111111;2.1
13939200;16;11;0;0;17.4;12.7;23.2;18.2;61.4;457.4;33.2;30.9;35.1;26.2;22.9;347.2222222;175;744.4444444;2.4
13940100;16;11;0;0;17.5;13;23.9;18.5;58.3;485.7;34.8;32.7;36.6;26.6;22.9;347.2222222;175;744.4444444;2.4
13941000;14;13;1;2;15.3;14.5;24.4;18.7;56.1;485.7;35.6;34;35.8;29.5;22.9;347.2222222;175;744.4444444;2.4
13941900;15;14;0;0;16.1;14.3;25;19;54.7;485.7;35.2;32.7;35.1;28.5;22.9;347.2222222;175;744.4444444;2.4
13942800;15;14;0;0;16.7;15.2;25.6;20;53;567.8;37.8;34.9;37.2;29.1;24.1;350;183.3333333;850;2.5
13943700;15;12;0;0;16.7;14.6;26.1;20.4;51.7;597.6;39.9;37;38.9;29.5;24.1;350;183.3333333;850;2.5
13944600;15;12;0;0;17;14.3;26.5;20.9;48;606.7;41.6;38.8;40.2;29.9;24.1;350;183.3333333;850;2.5
13945500;14;13;1;0;15;13.8;26.7;21.6;46.7;620.4;40.4;39;39.4;33.2;24.1;350;183.3333333;850;2.5
13946400;15;12;0;0;16.1;12.7;27;22.3;41.7;689.8;40.6;37.9;38.7;31.9;24.6;358.3333333;191.6666667;927.7777778;2.8
13947300;15;11;0;0;16.5;12.7;27.4;22.6;41.3;715.1;43.2;40.8;39.9;32.9;24.6;358.3333333;191.6666667;927.7777778;2.8
13948200;14;12;1;0;15;13.3;27.7;23.1;41.5;718.2;44.3;42.9;41.7;35.4;24.6;358.3333333;191.6666667;927.7777778;2.8
13949100;14;12;0;0;15.6;12.7;28.6;23.9;39.1;722.8;42.1;40.1;40.1;34.3;24.6;358.3333333;191.6666667;927.7777778;2.8
13950000;14;12;0;0;16;12.8;28.9;24.3;39.2;751.5;45.4;42.8;41.6;35.5;25.3;358.3333333;175;902.7777778;3.2
13950900;14;13;0;0;16.3;14.2;28.7;24.5;39.3;761.9;47.2;45;42.9;35.9;25.3;358.3333333;175;902.7777778;3.2
13951800;13;12;0;0;16.3;14.2;28.1;24.7;41.2;761.9;47.2;45.5;43.2;36.4;25.3;358.3333333;175;902.7777778;3.2
13952700;13;12;0;0;16.3;13.7;28.1;24.8;40.5;761.9;47.7;46;43.2;36.7;25.3;358.3333333;175;902.7777778;3.2
13953600;13;13;1;0;14.6;13.5;28.1;25.1;39.1;768.1;46;44.9;42.6;38.4;26.2;355.5555556;150;877.7777778;2.7
13954500;14;11;0;0;15.7;12.8;28.4;25.2;37.9;769.1;44.4;42.7;40.8;37;26.2;355.5555556;150;877.7777778;2.7
13955400;14;11;0;0;16.1;12.7;28.5;25.2;35.5;769.1;46.4;44.6;41.4;37.8;26.2;355.5555556;150;877.7777778;2.7
13956300;14;11;0;0;16.4;12.3;28.7;25.1;34.2;769.1;47.6;45.8;41.9;38.1;26.2;355.5555556;150;877.7777778;2.7
13957200;13;11;1;1;15.4;12.9;29;25.3;33.8;771.7;48.1;46.6;42.7;39.4;26.8;355.5555556;133.3333333;775;2.2
13958100;14;12;0;0;15.4;12.6;29.1;25.4;31.3;772.4;44.4;43.5;40.8;38.2;26.8;355.5555556;133.3333333;775;2.2
13959000;14;13;0;0;16.2;13.4;29.2;25.5;33.5;772.4;46.5;44.4;41.4;38.9;26.8;355.5555556;133.3333333;775;2.2
13959900;13;13;0;0;16.2;14.1;29.1;25.7;33.4;772.4;46.9;44.7;41.5;39.1;26.8;355.5555556;133.3333333;775;2.2
13960800;13;12;1;1;16.2;14.1;28.9;25.8;34.1;686.6;47.1;44.8;41.6;39.2;26.8;358.3333333;125;602.7777778;2.7
13961700;13;12;0;0;15;13.1;29.4;25.8;32.8;655.4;43.6;43.2;40.2;39.1;26.8;358.3333333;125;602.7777778;2.7
13962600;14;12;0;0;16;12.7;29.5;26.2;32.5;655.4;44.1;42.8;40.2;38.8;26.8;358.3333333;125;602.7777778;2.7
13963500;14;11;0;0;16;12.7;29.3;26.4;34;655.4;44.1;42.9;40.3;39;26.8;358.3333333;125;602.7777778;2.7
13964400;14;11;0;0;16.5;12.7;29.4;26.3;33.7;549.1;44;43.1;40.8;39;26.4;363.8888889;111.1111111;486.1111111;2.7
13965300;14;11;0;0;16.5;12.7;29.7;26.3;33.7;549.1;43.8;43.2;41.4;39;26.4;363.8888889;111.1111111;486.1111111;2.7
13966200;14;11;0;0;16.8;12.7;30.4;26.7;33.5;549.1;43.8;43.3;42.3;39.2;26.4;363.8888889;111.1111111;486.1111111;2.7
13967100;14;12;0;0;17;13.2;30.3;26.9;34.3;549.1;43.6;43.4;42.9;39.3;26.4;363.8888889;111.1111111;486.1111111;2.7
13968000;14;14;0;0;17;14.7;29.6;26.9;35.7;425.8;42.7;42.8;42.7;39.4;26.6;352.7777778;63.88888889;325;1.4
13968900;14;13;0;0;17;14.7;29.7;26.9;33.7;417;41.7;42.1;42.1;39.4;26.6;352.7777778;63.88888889;325;1.4
13969800;14;13;0;0;17.3;14.7;33;27;28.6;417;40.7;41.7;41.3;39.5;26.6;352.7777778;63.88888889;325;1.4
13970700;14;13;0;0;17.5;14.7;36;27;22.1;417;39.8;41.2;40.5;39.6;26.6;352.7777778;63.88888889;325;1.4
13971600;13;13;0;0;17.5;14.7;36.9;26.7;18.6;297;38.8;40.6;39.5;39.5;26.3;352.7777778;50;155.5555556;0.9
13972500;13;13;0;0;17.5;14.7;37.1;26.7;18.9;278.5;37.8;40;38.5;39.5;26.3;352.7777778;50;155.5555556;0.9
13973400;13;14;0;0;17.8;14.8;31.4;26.5;26.5;278.5;36.8;39.4;37.7;39.4;26.3;352.7777778;50;155.5555556;0.9
13974300;14;14;0;0;18;15.2;28.4;26.3;34;278.5;35.8;38.8;36.9;39.2;26.3;352.7777778;50;155.5555556;0.9
13975200;14;14;0;2;17.7;15.4;27.4;25.6;37;169.7;34.9;38;36.1;38.9;24.6;352.7777778;19.44444444;33.33333333;2.4
13976100;15;14;0;0;17.3;15.7;26.5;25.4;41.9;142.5;33.9;36.6;34.8;37.4;24.6;352.7777778;19.44444444;33.33333333;2.4
13977000;15;13;0;0;18.1;15.6;26;25.6;44.1;140.8;33;35.8;34.2;37.1;24.6;352.7777778;19.44444444;33.33333333;2.4
13977900;15;11;0;0;18.1;14;25.2;25.8;47.8;138.2;32.2;34.8;33.4;36.8;24.6;352.7777778;19.44444444;33.33333333;2.4
13978800;15;11;0;0;18.1;13.2;24.6;24.9;50.3;75;31.5;34;32.8;36.5;22.7;352.7777778;0;0;2.8
13979700;15;11;0;0;18.1;13;24;24.5;52.2;43.4;30.9;33.2;32.3;36.1;22.7;352.7777778;0;0;2.8
13980600;15;11;0;0;18.1;12.7;23.5;24.9;54;43.4;30.3;32.4;31.7;35.7;22.7;352.7777778;0;0;2.8
13981500;16;11;0;0;18.5;12.7;23.2;25.1;55.1;43.4;29.7;31.7;31.1;35.3;22.7;352.7777778;0;0;2.8
13982400;16;11;0;0;18.6;12.7;23;23.8;57.5;4.4;29.2;31.1;30.6;34.9;21.8;352.7777778;0;0;2.9
13983300;16;11;0;0;18.7;12.7;22.7;23.7;59.2;1.6;28.8;30.6;30.2;34.5;21.8;352.7777778;0;0;2.9
13984200;16;12;0;0;19.1;13.8;22.6;23.5;59;1.6;28.4;30.1;29.8;34.1;21.8;352.7777778;0;0;2.9
13985100;16;15;0;0;19.1;15.7;22.5;23.4;60.7;1.6;28;29.4;29.3;33.6;21.8;352.7777778;0;0;2.9
13986000;16;14;0;0;19.2;15.7;22.1;22.4;62.5;0;27.5;29;29;33.2;21.7;352.7777778;0;0;3.2
13986900;16;14;0;0;19.6;15.7;21.9;22.4;63.5;0;27.2;28.6;28.6;32.8;21.7;352.7777778;0;0;3.2
13987800;17;14;0;0;19.6;15.7;21.6;22.1;64.5;0;26.8;28.2;28.3;32.5;21.7;352.7777778;0;0;3.2
13988700;17;14.5;0;0;19.85;15.8;21.45;19.8;65.05;0;26.45;27.75;28;32.15;21.7;352.7777778;0;0;3.2
13989600;17;15;0;0;20.1;15.9;21.3;17.5;65.6;0;26.1;27.3;27.7;31.8;19.8;361.1111111;0;0;2.8
13990500;17;15;0;0;20.1;16.2;21.2;17.2;66.2;0;25.8;26.9;27.4;31.4;19.8;361.1111111;0;0;2.8
13991400;17;15;0;0;20.2;16.2;21.1;17.2;66.8;0;25.6;26.6;27.1;31.1;19.8;361.1111111;0;0;2.8
13992300;18;15;0;0;20.6;16.6;21;17.2;66.5;0;25.3;26.3;26.9;30.8;19.8;361.1111111;0;0;2.8
13993200;18;17;0;0;20.6;18.1;20.9;16.8;67.1;0;25.1;25.8;26.7;30.6;19.1;352.7777778;0;0;3.1
13994100;18;18;0;0;20.6;18.6;20.9;16.7;68.4;0;24.7;25.6;26.4;30.3;19.1;352.7777778;0;0;3.1
13995000;18;17;0;0;21.1;18.7;20.7;16.7;68.6;0;24.6;25.4;26.2;30;19.1;352.7777778;0;0;3.1
13995900;18;17;0;0;21.1;18.2;20.4;16.7;69;0;24.3;25.2;26.1;29.8;19.1;352.7777778;0;0;3.1
13996800;16;17;0;0;18;19.1;20.2;16.2;69.9;0;21.7;22.3;23.1;29.4;18;336.1111111;0;0;3.3
13997700;16;13;0;0;18.4;15.8;19.8;16;71.1;0;21.2;21.8;23.7;29.3;18;336.1111111;0;0;3.3
13998600;16;11;0;0;18.9;13.7;19.6;16;71.9;0;21.1;21.7;23.8;29.1;18;336.1111111;0;0;3.3
13999500;17;11;0;0;18.9;12.9;19.4;16;72.4;0;21.1;21.6;23.8;28.9;18;336.1111111;0;0;3.3
14000400;17;11;0;0;19.3;12.7;19.2;17.6;72.9;0;21.1;21.4;23.7;28.8;17.3;338.8888889;0;0;2
14001300;17;13;0;0;19.4;14;19.1;18.2;73.6;0;21;21;23.6;28.6;17.3;338.8888889;0;0;2
14002200;17;13;0;0;19.4;15;18.9;18.5;74.6;0;21;20.1;23.8;28.3;17.3;338.8888889;0;0;2
14003100;17;13;0;0;19.8;14.8;18.8;18.8;75;0;22;18.9;26.1;28.3;17.3;338.8888889;0;0;2
14004000;17;13;0;0;20.4;15;18.8;18.2;75.1;0;23.6;17.8;23.8;28.1;16.6;333.3333333;0;0;2
14004900;17;13;0;0;20.4;15.3;18.6;18.1;75.6;0;22.4;17.5;22.6;27.8;16.6;333.3333333;0;0;2
14005800;17;14;0;0;20.7;15.3;18.4;17.8;76.6;0;23.9;17.2;20.2;27.7;16.6;333.3333333;0;0;2
14006700;18;14;0;0;21.3;15.3;18.3;17.4;77.1;0;25.7;17;19.5;27.4;16.6;333.3333333;0;0;2
14007600;18;14;0;0;21.4;15.3;18.1;17.3;77.8;0;23.5;16.9;19.4;26.8;16.1;336.1111111;16.66666667;16.66666667;2.2
14008500;18;14;0;0;21.4;15.7;17.9;17.3;78.5;0;22.1;16.9;19.4;26.5;16.1;336.1111111;16.66666667;16.66666667;2.2
14009400;18;15;0;0;20.4;15.8;17.9;17.3;78.5;0;20.5;16.8;19.3;26.6;16.1;336.1111111;16.66666667;16.66666667;2.2
14010300;18;16;0;0;18.7;17.1;18;17.2;78.1;0;19.4;16.8;19;26.4;16.1;336.1111111;16.66666667;16.66666667;2.2
14011200;18;16;0;0;18.1;17.3;18;17.2;78.1;8;18.9;16.8;18.7;26.3;16.4;338.8888889;86.11111111;119.4444444;4.9
14012100;17;15;0;0;17.9;16.8;18.2;17.2;78.1;10;18.6;16.9;18.4;26.3;16.4;338.8888889;86.11111111;119.4444444;4.9
14013000;17;15;0;0;17.4;16.8;18.6;16.9;77;10;18.6;17.1;18.3;26.1;16.4;338.8888889;86.11111111;119.4444444;4.9
14013900;17;15;0;0;17.4;16.4;19.1;16.6;75.5;10;18.8;17.6;18.4;25.9;16.4;338.8888889;86.11111111;119.4444444;4.9
14014800;16;15;0;0;17.2;16.3;19.4;17;73.3;60.5;19.2;18.2;18.8;25.8;17.6;338.8888889;161.1111111;261.1111111;4.8
14015700;16;15;0;0;16.9;16.3;19.9;17.2;71;78.8;19.5;18.8;19.4;25.7;17.6;338.8888889;161.1111111;261.1111111;4.8
14016600;16;15;0;0;16.9;16.3;20.4;17;69.2;78.8;19.8;19.6;20.1;25.7;17.6;338.8888889;161.1111111;261.1111111;4.8
14017500;16;16;0;0;16.9;16.3;20.8;16.7;68;78.8;20.6;20.3;21;25.8;17.6;338.8888889;161.1111111;261.1111111;4.8
14018400;16;17;0;0;17.7;17.4;21.2;17.7;66.6;158.1;21.6;21.4;22;24.5;20.2;344.4444444;166.6666667;458.3333333;6.8
14019300;17;16;0;0;18;17.5;21.4;18;66.2;187;22.9;22.1;23.1;25.2;20.2;344.4444444;166.6666667;458.3333333;6.8
14020200;17;15;0;0;18;16.8;21.6;17.9;65.6;189.1;24.6;23.2;24.7;25.4;20.2;344.4444444;166.6666667;458.3333333;6.8
14021100;17;14;0;0;18;16.4;22.2;17.7;64.3;191.5;26.4;24.7;26.7;25.4;20.2;344.4444444;166.6666667;458.3333333;6.8
14022000;17;12;0;0;18;15;22.9;18.9;62.4;307.6;28.1;26.4;28.9;25.5;22.8;361.1111111;261.1111111;569.4444444;6.9
14022900;17;12;0;0;18.4;14.4;23.6;19.2;60.9;336.6;29.7;28;31;25.7;22.8;361.1111111;261.1111111;569.4444444;6.9
14023800;17;12;0;0;18.5;13.9;24.4;19.1;58.5;336.6;31.4;29.7;33.1;25.8;22.8;361.1111111;261.1111111;569.4444444;6.9
14024700;17;12;0;0;18.5;13.7;25.4;18.9;56.4;336.6;32.9;31.4;34.9;26;22.8;361.1111111;261.1111111;569.4444444;6.9
14025600;18;12;0;0;18.8;13.3;26.1;20.1;54.7;424.9;34.2;33;36.1;26.3;23.3;363.8888889;266.6666667;713.8888889;6.7
14026500;18;11;0;0;19;13.3;26.5;20.4;53.9;447;35.5;34.4;37.1;26.5;23.3;363.8888889;266.6666667;713.8888889;6.7
14027400;18;11;0;0;19;13.3;27.2;20.7;51;447;37.2;36.1;38.4;26.9;23.3;363.8888889;266.6666667;713.8888889;6.7
14028300;18;13;0;0;19.5;14.9;27.3;21.4;51.7;447;38.5;37.5;39.2;27.2;23.3;363.8888889;266.6666667;713.8888889;6.7
14029200;18;14;0;0;19.5;15.5;26.9;22.2;53.5;503;39.2;38.3;39.4;27.5;24.2;363.8888889;291.6666667;791.6666667;7
14030100;18;12;0;0;19.5;14.2;27.2;22.5;52.4;523.3;40.3;39.2;39.6;28;24.2;363.8888889;291.6666667;791.6666667;7
14031000;18;11;0;0;19.7;13.1;27.5;23;49.6;525;41;40.1;39.7;28.3;24.2;363.8888889;291.6666667;791.6666667;7
14031900;18;11;0;0;20;12.8;27.8;23.9;49.1;528.3;41.8;40.8;39.9;28.7;24.2;363.8888889;291.6666667;791.6666667;7
14032800;19;10;0;0;20;12.4;27.7;24.4;47.5;577.4;42.4;41.4;40;29.1;25.6;363.8888889;219.4444444;883.3333333;7.7
14033700;19;10;0;0;20;12.3;28;24.6;45.6;595.2;43.3;42.2;40.2;29.4;25.6;363.8888889;219.4444444;883.3333333;7.7
14034600;19;10;0;0;20.5;12.3;28;24.4;45.8;598.2;43.8;42.7;40.3;29.8;25.6;363.8888889;219.4444444;883.3333333;7.7
14035500;19;10;0;0;20.5;12.3;28.2;24.1;45.1;604.1;44.6;43.5;40.6;30.2;25.6;363.8888889;219.4444444;883.3333333;7.7
14036400;19;11;0;0;20.5;12.5;28.2;24.6;45.7;630.5;45;44;40.6;30.5;25.2;369.4444444;311.1111111;797.2222222;6.9
14037300;19;13;0;0;20.8;14.7;28.4;24.6;45.7;630.5;45.4;44.5;40.7;30.9;25.2;369.4444444;311.1111111;797.2222222;6.9
14038200;19;12;0;0;21;13.9;28.6;24.7;43.1;630.5;45.3;44.4;40.3;31.1;25.2;369.4444444;311.1111111;797.2222222;6.9
14039100;19;10;0;0;21;12.6;28.4;24.7;42.4;630.5;45;44.1;40.1;31.3;25.2;369.4444444;311.1111111;797.2222222;6.9
14040000;19;10;0;0;21;12.3;28.5;25;41.5;632.3;45.2;44.2;40.1;31.6;25.7;369.4444444;327.7777778;791.6666667;6.7
14040900;20;10;0;0;21.2;12.3;29;25.1;40.5;632.9;45.4;44.3;40;31.8;25.7;369.4444444;327.7777778;791.6666667;6.7
14041800;20;10;0;0;21.5;12.2;29;25.6;41.5;632.9;45.4;44.5;40.1;32.1;25.7;369.4444444;327.7777778;791.6666667;6.7
14042700;20;10;0;0;21.5;11.8;29;26;40.9;632.9;45.6;44.5;40.1;32.3;25.7;369.4444444;327.7777778;791.6666667;6.7
14043600;20;10;0;0;21.5;11.8;29.1;25.6;39.7;625.9;45.6;44.5;40.1;32.5;26;369.4444444;280.5555556;744.4444444;5.5
14044500;20;10;0;0;21.8;11.8;29.2;25.6;38.8;625.9;45.4;44.3;40;32.7;26;369.4444444;280.5555556;744.4444444;5.5
14045400;17;13;1;2;17.3;14.8;29.1;25.3;39;625.9;42.4;41.8;38.7;32.9;26;369.4444444;280.5555556;744.4444444;5.5
14046300;17;13;0;0;19.5;14.1;28.8;25;39.1;625.9;40.9;39.8;37.4;32;26;369.4444444;280.5555556;744.4444444;5.5
14047200;17;12;0;0;19.9;13.9;29;24.8;39.3;543.9;42.1;40.4;38;32.4;26;366.6666667;247.2222222;597.2222222;3.6
14048100;18;11;0;0;20.1;13.4;29.3;24.8;38.7;543.9;42.7;40.8;38.3;32.7;26;366.6666667;247.2222222;597.2222222;3.6
14049000;18;11;0;0;20.1;13.1;29.3;25.1;38.1;543.9;42.5;40.9;38.5;32.8;26;366.6666667;247.2222222;597.2222222;3.6
14049900;18;11;0;0;20.1;13.1;29.1;25.6;37.7;543.9;42;40.7;38.7;32.8;26;366.6666667;247.2222222;597.2222222;3.6
14050800;18;11;0;0;20.3;13.1;29.1;25.1;38.5;455.5;41.4;40.4;38.8;32.9;25.6;366.6666667;152.7777778;461.1111111;2.4
14051700;18;11;0;0;20.6;13.1;28.9;25.1;38.6;449.2;40.9;40;39;32.9;25.6;366.6666667;152.7777778;461.1111111;2.4
14052600;18;11;0;0;20.6;13.1;28.8;25.3;37.7;449.2;40.2;39.6;39;32.9;25.6;366.6666667;152.7777778;461.1111111;2.4
14053500;18;12;0;0;20.8;13.7;28.8;25.6;38.6;449.2;39.5;39.2;39.1;32.9;25.6;366.6666667;152.7777778;461.1111111;2.4
14054400;17;15;0;0;21.1;15.7;28.9;25.1;38.9;365.4;38.8;38.6;38.7;32.9;24.7;383.3333333;125;255.5555556;3
14055300;17;14;0;0;21.1;15.7;29.2;25.1;38.9;359.4;38.1;38.1;38.4;32.9;24.7;383.3333333;125;255.5555556;3
14056200;17;14;0;0;21.1;15.7;31.9;25.3;34.9;359.4;37.5;37.8;38;32.9;24.7;383.3333333;125;255.5555556;3
14057100;16;14;0;0;21.1;15.7;33.2;25.7;31.4;359.4;36.8;37.4;37.2;32.9;24.7;383.3333333;125;255.5555556;3
14058000;16;14;0;0;21.4;15.7;32.1;25;33.1;252.8;35.9;36.8;36.3;32.8;21.8;402.7777778;25;25;3.1
14058900;16;15;0;0;21.6;15.7;28.3;25;40.7;245.2;34.9;36;35.2;32.5;21.8;402.7777778;25;25;3.1
14059800;16;15;0;1;20.5;16.5;25.7;25;48.2;245.2;33.7;34.7;33.7;32.4;21.8;402.7777778;25;25;3.1
14060700;17;12;0;0;19.5;13.9;24.5;25;51;245.2;31.7;32.9;31.8;31.7;21.8;402.7777778;25;25;3.1
14061600;17;11;0;0;20.1;13.4;24;24.1;52.3;152.8;30.5;31.7;30.8;31.4;20.7;372.2222222;22.22222222;30.55555556;3.3
14062500;17;14;0;0;20.1;14.9;23.6;23.9;53.7;129.7;29.6;30.9;30;31.2;20.7;372.2222222;22.22222222;30.55555556;3.3
14063400;17;13;0;0;20.1;15.1;23.4;23.7;55.2;129.2;28.8;30.2;29.4;31.1;20.7;372.2222222;22.22222222;30.55555556;3.3
14064300;17;11;0;0;20.3;13.7;23.3;23.6;55.7;128.9;28.2;29.5;28.9;30.9;20.7;372.2222222;22.22222222;30.55555556;3.3
14065200;17;11;0;0;20.6;13;22.7;22.6;56.7;57;27.7;29;28.4;30.7;19.4;369.4444444;0;0;3.6
14066100;17;11;0;0;20.6;12.7;22.3;22.4;58.2;39;27.2;28.4;27.9;30.4;19.4;369.4444444;0;0;3.6
14067000;17;10;0;0;20.6;12.7;22;21.8;59.1;39;26.7;27.9;27.6;30.2;19.4;369.4444444;0;0;3.6
14067900;17;11;0;0;21.1;12.7;21.9;20.8;59.7;39;26.4;27.5;27.2;29.9;19.4;369.4444444;0;0;3.6
14068800;18;11;0;0;21.1;12.7;22.3;19.8;58.8;8.4;26.1;27.1;27;29.7;19.8;388.8888889;0;0;2.9
14069700;18;12;0;0;21.3;13.1;22.5;19.5;58.3;0.8;25.9;26.8;26.7;29.4;19.8;388.8888889;0;0;2.9
14070600;18;13;0;0;21.6;14.2;22.6;19.5;58.9;0.8;25.8;26.5;26.4;29.2;19.8;388.8888889;0;0;2.9
14071500;19;15;0;0;21.6;15.8;22.6;19.4;59;0.8;25.5;26.1;26.2;29;19.8;388.8888889;0;0;2.9
14072400;19;15;0;0;21.8;16.2;22.5;18.7;59.4;0.2;25.1;25.9;26;28.8;19;341.6666667;0;0;2.5
14073300;19;15;0;0;22.1;16.2;22.3;18.5;59.7;0;24.9;25.7;25.8;28.7;19;341.6666667;0;0;2.5
14074200;19;15;0;0;22.1;16.2;22;18.5;60.8;0;24.7;25.5;25.6;28.5;19;341.6666667;0;0;2.5
14075100;19;15;0;0;22.35;16.2;21.65;18;61.3;0;24.45;25.15;25.35;28.35;19;341.6666667;0;0;2.5
14076000;19;15;0;0;22.6;16.2;21.3;17.5;61.8;0;24.2;24.8;25.1;28.2;18.1;330.5555556;0;0;3
14076900;20;15;0;0;22.6;16.4;20.9;17.2;62.8;0;23.9;24.5;24.9;28;18.1;330.5555556;0;0;3
14077800;20;15;0;0;22.6;16.7;20.7;17.2;63.5;0;23.7;24.2;24.7;27.9;18.1;330.5555556;0;0;3
14078700;20;16;0;0;22.7;16.7;20.4;17.2;62.6;0;23.4;23.9;24.5;27.7;18.1;330.5555556;0;0;3
14079600;20;18;0;0;23.1;18.5;20.3;16.8;62.6;0;23.2;23.4;24.2;27.5;17.4;352.7777778;0;0;2.8
14080500;19;18;0;0;23.1;18.7;19.9;16.7;64;0;22.8;23.1;24;27.4;17.4;352.7777778;0;0;2.8
14081400;20;17;0;0;23.1;18.7;19.5;16.7;64.6;0;22.5;23;23.8;27.3;17.4;352.7777778;0;0;2.8
14082300;18;18;0;0;20.1;19.9;19.4;16.7;64.5;0;21;21.4;22.1;26.6;17.4;352.7777778;0;0;2.8
14083200;17;18;0;0;18.1;21.7;19.5;16.2;63.5;0;19.2;18.9;24;26.9;17.3;347.2222222;0;0;2.8
14084100;17;17;0;0;18.6;21.3;19.6;16;63.1;0;18.7;18.6;23;26.8;17.3;347.2222222;0;0;2.8
14085000;15;18;0;0;16.2;21.8;19.6;16;62.1;0;18.7;18.6;21;26.8;17.3;347.2222222;0;0;2.8
14085900;13;14;0;0;15;18.5;19.9;16;61.5;0;18.8;18.7;20.6;26.6;17.3;347.2222222;0;0;2.8
14086800;14;11;0;0;15;14.6;19.9;16.4;61.9;0;18.8;18.7;21.1;26.3;16.3;344.4444444;0;0;2.5
14087700;14;13;0;0;15.3;15;19.4;16.4;63.8;0;18.8;18.6;21.7;26;16.3;344.4444444;0;0;2.5
14088600;14;15;0;0;15.9;16.3;19;16.6;64.6;0;18.5;18.4;21;25.7;16.3;344.4444444;0;0;2.5
14089500;14;15;0;0;16.1;16.3;18.6;16.7;65.5;0;18.2;18.1;20.2;25.8;16.3;344.4444444;0;0;2.5
14090400;14;15;0;0;16.5;16.3;18.7;16;65.5;0;17.9;17.9;19.7;25.8;16.4;372.2222222;0;0;2.5
14091300;14;15;0;0;16.8;16.3;18.9;15.9;64.4;0;18;17.9;19.6;25.6;16.4;372.2222222;0;0;2.5
14092200;15;15;0;0;17;16.3;19.3;16.2;62.6;0;18.1;18;19.8;25.5;16.4;372.2222222;0;0;2.5
14093100;15;15;0;0;17;16.3;19.3;16.6;62.1;0;18.2;18;19.9;25.5;16.4;372.2222222;0;0;2.5
14094000;15;15;0;0;17;16.7;19.4;15.9;60.5;0;18.3;18.1;20;25.3;15.7;352.7777778;27.77777778;36.11111111;2.6
14094900;15;16;0;0;17;16.8;19.4;15.6;59.6;0;18.3;18.1;20;25.2;15.7;352.7777778;27.77777778;36.11111111;2.6
14095800;16;16;0;0;17;16.8;19.2;15.6;59.5;0;18.4;18.1;20;25;15.7;352.7777778;27.77777778;36.11111111;2.6
14096700;16;18;0;0;17;18.2;19.2;15.5;59.5;0;18.5;18.2;19.9;24.7;15.7;352.7777778;27.77777778;36.11111111;2.6
14097600;16;18;0;0;17;18.8;18.9;15.1;59;7.3;18.8;18.3;19.8;24.6;15.3;305.5555556;55.55555556;161.1111111;2.6
14098500;16;17;0;0;17;18.3;18.5;14.9;60.3;9.9;19.1;18.3;19.8;24.5;15.3;305.5555556;55.55555556;161.1111111;2.6
14099400;16;17;0;0;17;18.3;18.2;15.3;61.4;9.9;19.5;18.2;19.9;24.5;15.3;305.5555556;55.55555556;161.1111111;2.6
14100300;16;17;0;0;17.2;18.3;18;16;62.4;9.9;19.9;18.4;20;24.4;15.3;305.5555556;55.55555556;161.1111111;2.6
14101200;16;17;0;0;17.5;18.3;18.1;15.9;61.9;66.8;20.7;18.6;20.1;24.4;16.2;305.5555556;69.44444444;327.7777778;3
14102100;16;17;0;0;17.5;18.3;18.3;15.8;61;87.5;22;19;20.5;24.4;16.2;305.5555556;69.44444444;327.7777778;3
14103000;17;18;0;0;17.5;18.3;18.5;15.8;59.6;87.5;23.1;19.6;21.4;24.4;16.2;305.5555556;69.44444444;327.7777778;3
14103900;17;18;0;0;17.9;18.5;18.6;15.8;58.3;87.5;24.2;20.7;22.7;24.5;16.2;305.5555556;69.44444444;327.7777778;3
14104800;16;19;0;0;17.9;19.6;18.7;16.2;58.1;175.9;23.8;21.1;23.5;22.7;17.1;308.3333333;86.11111111;491.6666667;2.9
14105700;15;18;0;0;16.9;19.8;18.6;16.4;58.2;208.1;24.4;21.9;24.5;22.2;17.1;308.3333333;86.11111111;491.6666667;2.9
14106600;13;17;0;0;16.9;19.4;18.9;16.3;58.1;207.8;24.8;22.5;24.9;22.9;17.1;308.3333333;86.11111111;491.6666667;2.9
14107500;12;14;0;0;16.8;17.7;19.2;16.1;57.4;207.4;25.9;23.2;26;24.3;17.1;308.3333333;86.11111111;491.6666667;2.9
14108400;13;11;0;0;16.5;14.7;19.4;16.8;56.7;323.3;27.4;24.4;27.8;24.8;17.4;316.6666667;155.5555556;605.5555556;2.7
14109300;13;11;0;0;16.9;13.2;19.6;17;56;365.5;28.4;25.8;29.5;25.1;17.4;316.6666667;155.5555556;605.5555556;2.7
14110200;13;10;0;0;17;12.4;19.7;17.1;55.9;365.5;28.8;26.7;30.3;25.1;17.4;316.6666667;155.5555556;605.5555556;2.7
14111100;14;10;0;0;17.5;12.3;20.2;17.3;53.8;365.5;29.9;27.8;31.5;25.3;17.4;316.6666667;155.5555556;605.5555556;2.7
14112000;14;10;0;0;18;12.3;20.4;18;53.2;477.9;31.1;29.2;32.8;25.5;18.4;313.8888889;125;744.4444444;2.7
14112900;13;12;1;3;16.2;14;20.5;18.3;52.7;518.8;32.5;31.2;33.9;26.9;18.4;313.8888889;125;744.4444444;2.7
14113800;13;11;0;0;14.7;12.9;20.8;18.3;52;518.8;31.4;30.5;32.2;27.2;18.4;313.8888889;125;744.4444444;2.7
14114700;14;13;0;0;15.9;13.5;21.1;18.3;51;518.8;32.8;31.2;33.2;26.9;18.4;313.8888889;125;744.4444444;2.7
14115600;14;13;0;0;16.4;14.2;21.4;19.2;50.2;648.9;34.5;32.7;34.3;27.1;18.9;316.6666667;91.66666667;880.5555556;2.8
14116500;15;11;0;0;16.5;13.7;21.4;19.2;49.8;648.9;36.1;34.2;35.4;27.4;18.9;316.6666667;91.66666667;880.5555556;2.8
14117400;12;12;1;2;13.8;13.2;22;18.9;48.2;648.9;36.1;35.4;35.8;30.3;18.9;316.6666667;91.66666667;880.5555556;2.8
14118300;14;11;0;0;15.6;12;22.1;18.5;46.2;648.8;35.8;34.1;34.8;28.7;18.9;316.6666667;91.66666667;880.5555556;2.8
14119200;14;10;0;0;16.1;12;22.1;19.2;45.1;700.4;37.8;35.9;35.4;29.2;20.6;319.4444444;83.33333333;930.5555556;2.7
14120100;14;10;0;0;16.2;12;22.4;19.4;45;719.1;39.1;37.4;36;29.5;20.6;319.4444444;83.33333333;930.5555556;2.7
14121000;14;10;0;0;16.6;11.8;22.6;19.4;44;720.7;40.2;38.6;36.5;29.6;20.6;319.4444444;83.33333333;930.5555556;2.7
14121900;14;10;0;0;16.7;11.5;22.7;19.3;42.3;723;40.8;39.6;36.7;29.8;20.6;319.4444444;83.33333333;930.5555556;2.7
14122800;12;13;1;2;13.6;13.2;22.9;19.9;42.9;780.3;38.4;38.3;36.9;32.1;21.5;322.2222222;80.55555556;933.3333333;2.4
14123700;14;13;0;0;15.7;14.1;23;20.1;40.1;794.6;38.8;37.6;35.9;30.7;21.5;322.2222222;80.55555556;933.3333333;2.4
14124600;14;11;0;0;16.1;13.4;23.2;19.9;39.6;794.6;40.7;39.1;36.2;31.2;21.5;322.2222222;80.55555556;933.3333333;2.4
14125500;14;11;0;0;16.5;12.8;23.5;19.7;40.6;794.6;42.2;40.5;36.7;31.4;21.5;322.2222222;80.55555556;933.3333333;2.4
14126400;12;12;1;2;13.5;12.9;23.5;20.2;39.1;840;40.2;39.9;37.6;34;22.4;325;80.55555556;883.3333333;2
14127300;13;10;0;0;15.4;11.8;23.9;20.3;38.1;847;40.1;38.9;36.5;32.5;22.4;325;80.55555556;883.3333333;2
14128200;14;10;0;0;15.8;11.8;24.3;20.8;36.6;847;41.9;40.2;36.8;32.9;22.4;325;80.55555556;883.3333333;2
14129100;12;11;1;0;13.3;12.6;24.5;21.2;37;847;41.6;40.8;38.2;35.3;22.4;325;80.55555556;883.3333333;2
14130000;13;10;0;0;15;11.9;24.9;21.6;34.9;834.7;40.4;39.2;36.7;33.5;22.6;325;72.22222222;797.2222222;1.4
14130900;13;10;0;0;15.4;11.9;25.1;21.7;36;832.8;42.3;40.2;37.3;34.2;22.6;325;72.22222222;797.2222222;1.4
14131800;13;12;0;0;15.6;12.7;25.1;22;33.9;832.8;43.1;41.2;37.6;34.3;22.6;325;72.22222222;797.2222222;1.4
14132700;14;12;0;0;15.9;13.4;25.4;22.2;33.2;832.8;43.5;41.4;37.8;34.4;22.6;325;72.22222222;797.2222222;1.4
14133600;14;12;1;0;15.5;13.7;25.5;22.4;33.7;792.2;43.7;41.4;38.6;35.2;23;325;66.66666667;672.2222222;2.5
14134500;13;11;0;0;14.3;12.1;25.4;22.5;33.3;782.1;40.1;39.9;37.3;34.9;23;325;66.66666667;672.2222222;2.5
14135400;14;10;0;0;15.7;11.8;25.5;22.7;30.9;782.1;40.6;39.4;37.4;34.7;23;325;66.66666667;672.2222222;2.5
14136300;14;10;0;0;15.9;11.8;25.8;22.9;31.7;782.1;41.1;39.9;37.9;34.9;23;325;66.66666667;672.2222222;2.5
14137200;13;10;1;0;15.2;12.2;25.8;23;30.7;637.2;41;40.1;38.2;35.4;23.2;325;63.88888889;516.6666667;1.8
14138100;12;11;0;0;14.3;12.1;25.7;23;31;626.8;38.4;38.8;36.8;34.9;23.2;325;63.88888889;516.6666667;1.8
14139000;13;11;0;0;15.5;11.8;25.6;22.9;31.3;626.8;37.4;38.1;37;34.7;23.2;325;63.88888889;516.6666667;1.8
14139900;13;11;0;0;15.5;12.2;25.6;22.8;32.4;626.8;37.3;38.2;37.5;34.8;23.2;325;63.88888889;516.6666667;1.8
14140800;13;13;0;0;15.9;13.8;25.6;23;32.9;524.4;36.7;38.1;37.6;34.6;22.9;325;52.77777778;347.2222222;1.3
14141700;13;12;0;0;16;13.8;26.2;23;32;508.7;36.1;37.6;37.5;34.6;22.9;325;52.77777778;347.2222222;1.3
14142600;13;12;0;0;16.1;13.8;29.1;23.1;27;508.7;35.6;37.5;37;34.6;22.9;325;52.77777778;347.2222222;1.3
14143500;13;12;0;0;16.5;13.8;33.1;23.2;21.7;508.7;35;37.3;36.4;34.6;22.9;325;52.77777778;347.2222222;1.3
14144400;12;12;0;0;16.5;13.8;31.9;22.8;21.9;368.9;34.2;37;35.6;34.6;22.4;325;41.66666667;183.3333333;0.9
14145300;12;12;0;0;16.5;13.8;32.1;22.7;21.6;333.9;33.2;36.6;34.7;34.5;22.4;325;41.66666667;183.3333333;0.9
14146200;12;13;0;0;17;13.8;27.9;22.7;27.2;333.9;32.2;36.1;34.1;34.5;22.4;325;41.66666667;183.3333333;0.9
14147100;13;13;0;1;15.8;14.3;25;22.8;31.5;333.9;31.7;35.6;33.2;34.3;22.4;325;41.66666667;183.3333333;0.9
14148000;15;11;0;0;16.5;12.2;24;21.8;33.7;213.3;31;34.3;32.3;33.1;21.9;322.2222222;19.44444444;47.22222222;0.8
14148900;15;13;0;0;17;13.6;23.6;21.5;35.3;169.4;30.1;33.8;31.7;33.1;21.9;322.2222222;19.44444444;47.22222222;0.8
14149800;15;12;0;0;17;14.1;23.3;21.6;36.4;169.7;29.3;33;31.2;32.7;21.9;322.2222222;19.44444444;47.22222222;0.8
14150700;15;10;0;0;17;12.8;22.7;21.7;41.4;169.8;28.7;32.1;30.6;32.5;21.9;322.2222222;19.44444444;47.22222222;0.8
14151600;15;10;0;0;17.3;12.2;22.1;20.5;42;52.3;28.2;31.3;30.1;32.4;19.4;313.8888889;0;0;1.5
14152500;15;10;0;0;17.5;12.2;21.9;20.5;40.8;52.3;27.7;30.5;29.6;32.1;19.4;313.8888889;0;0;1.5
14153400;15;10;0;0;17.5;11.9;21.5;20.8;41.7;52.3;27.2;29.8;29.1;31.8;19.4;313.8888889;0;0;1.5
14154300;15;10;0;0;17.8;11.7;21.1;21.3;43.5;52.3;26.7;29.2;28.6;31.5;19.4;313.8888889;0;0;1.5
14155200;15;10;0;0;18;11.7;20.7;20;45.4;15.2;26.3;28.5;28.2;31.2;18.4;311.1111111;0;0;1
14156100;15;11;0;0;18;12.2;19.9;19.5;46;1.7;26;28;27.9;30.9;18.4;311.1111111;0;0;1
14157000;15;12;0;0;18.4;13.4;19.4;19.9;49.7;1.7;25.6;27.4;27.4;30.6;18.4;311.1111111;0;0;1
14157900;15;14;0;0;18.5;15.3;19;20.3;50.7;1.7;25.1;26.6;27;30.2;18.4;311.1111111;0;0;1
14158800;15;14;0;0;18.5;15.3;18.6;19.1;50.7;0.5;24.7;26.2;26.7;30.1;17;308.3333333;0;0;0.9
14159700;16;14;0;0;18.9;15.3;18.1;18.7;50.9;0;24.5;25.8;26.5;29.8;17;308.3333333;0;0;0.9
14160600;16;14;0;0;19;15.3;17.8;18.4;50.4;0;24.1;25.3;26.1;29.6;17;308.3333333;0;0;0.9
14161500;16;14;0;0;19.2;15.3;17.55;17.85;51.9;0;23.8;24.8;25.9;29.4;17;308.3333333;0;0;0.9
14162400;16;14;0;0;19.4;15.3;17.3;17.3;53.4;0;23.5;24.3;25.7;29.2;16.1;305.5555556;0;0;1.1
14163300;16;14;0;0;19.5;15.8;17.1;17.2;53.2;0;23.1;23.8;25.5;29;16.1;305.5555556;0;0;1.1
14164200;17;15;0;0;19.5;15.8;16.9;17.2;54.9;0;22.8;23.3;25.4;28.7;16.1;305.5555556;0;0;1.1
14165100;17;15;0;0;19.8;16.1;16.7;17.2;56.4;0;22.4;22.6;25.4;28.5;16.1;305.5555556;0;0;1.1
14166000;17;17;0;0;20;17.7;16.5;16.8;56.7;0;21.6;21.6;26;28.2;15;302.7777778;0;0;1
14166900;17;17;0;0;19.5;18.4;16.3;16.7;58;0;19.2;19.4;26.9;27.5;15;302.7777778;0;0;1
14167800;15;18;0;0;16;19.5;16.2;16.7;59.2;0;16.1;15.9;25.1;27.5;15;302.7777778;0;0;1
14168700;15;18;0;0;16.5;21.6;16;16.7;61.3;0;15.4;15;21.9;27.1;15;302.7777778;0;0;1
14169600;14;12;0;0;15.7;16.1;15.7;16.1;62.6;0;15;14.6;18.7;25.4;13.9;302.7777778;0;0;1.7
14170500;15;10;0;0;16.1;11.9;15.5;16;63.3;0;15.1;14.4;18.4;22.2;13.9;302.7777778;0;0;1.7
14171400;15;10;0;0;15.8;11.4;15.3;16;64.9;0;15.3;14.2;18.4;20.4;13.9;302.7777778;0;0;1.7
14172300;14;10;0;0;15.4;11.4;15.2;16;65.8;0;15.2;14;17.5;20;13.9;302.7777778;0;0;1.7
14173200;14;10;0;0;15.1;11.8;15;14.8;66.3;0;15.1;13.7;16.6;17.8;13.7;300;0;0;1.7
14174100;14;12;0;0;14.7;13.1;14.9;14.3;66.7;0;15;13.5;16.1;17.1;13.7;300;0;0;1.7
14175000;14;14;0;0;14.7;14.8;14.8;14.3;68.1;0;14.8;13.3;15.9;16.9;13.7;300;0;0;1.7
14175900;14;13;0;0;14.7;14.8;14.7;14.4;68.5;0;14.6;13.2;15.8;17;13.7;300;0;0;1.7
14176800;14;13;0;0;14.7;14.8;14.6;13.8;69.2;0;14.4;12.9;15.8;17;12.5;297.2222222;0;0;1.5
14177700;14;13;0;0;14.7;14.8;14.4;13.6;69.4;0;14.1;12.7;15.5;17;12.5;297.2222222;0;0;1.5
14178600;14;13;0;0;14.7;14.8;14.4;13.5;70.2;0;13.8;12.5;15.2;16.9;12.5;297.2222222;0;0;1.5
14179500;14;13;0;0;14.7;14.8;14.2;13.3;70.9;0;13.5;12.3;15;16.9;12.5;297.2222222;0;0;1.5
14180400;14;14;0;0;15.2;14.8;14.1;12.9;72.2;0;13.4;12.1;14.7;16.7;11.7;294.4444444;19.44444444;38.88888889;2.4
14181300;14;14;0;0;15.2;14.8;13.9;12.8;73.3;0;13.2;11.9;14.6;16.6;11.7;294.4444444;19.44444444;38.88888889;2.4
14182200;14;14;0;0;15.2;14.8;13.9;13;73.7;0;13;11.6;14.4;16.4;11.7;294.4444444;19.44444444;38.88888889;2.4
14183100;14;16;0;0;15.2;16.1;13.9;13.3;73.9;0;13.1;11.5;14.3;16.3;11.7;294.4444444;19.44444444;38.88888889;2.4
14184000;14;15;0;0;15.2;16.2;14;13.1;73.8;9.5;13.5;11.5;14.1;16.1;13.4;294.4444444;41.66666667;169.4444444;3.5
14184900;14;14;0;0;14.9;15.5;14.5;13.1;72.1;11.9;14.3;11.6;14.1;16;13.4;294.4444444;41.66666667;169.4444444;3.5
14185800;14;13;0;0;14.7;14.7;14.9;12.8;70.5;11.9;15.1;11.9;14.1;15.9;13.4;294.4444444;41.66666667;169.4444444;3.5
14186700;14;13;0;0;14.7;13.9;15.3;12.5;69.7;11.9;16.1;12.3;14.4;16;13.4;294.4444444;41.66666667;169.4444444;3.5
14187600;14;12;0;0;14.2;13;15.9;12.7;68;79;17.2;12.8;15.2;16;15.3;300;55.55555556;336.1111111;2.8
14188500;14;11;0;0;14.2;12.5;16.5;12.8;66.4;95.8;18.9;14;16.4;16.1;15.3;300;55.55555556;336.1111111;2.8
14189400;14;11;0;0;14.7;12.3;16.9;12.3;63.2;95.8;20.2;16;18.4;16.3;15.3;300;55.55555556;336.1111111;2.8
14190300;15;11;0;0;15.8;12.3;17.4;12;61.6;95.8;21.3;18.1;19.6;16.5;15.3;300;55.55555556;336.1111111;2.8
14191200;15;12;0;0;15.8;12.7;17.8;13.2;59.2;236.8;23;19.4;21.4;16.7;17.8;308.3333333;63.88888889;502.7777778;2.8
14192100;15;12;0;0;15.8;13.8;18.1;13.3;58.3;246.9;24.4;20.8;23.1;17;17.8;308.3333333;63.88888889;502.7777778;2.8
14193000;15;12;0;0;15.8;13.8;18.6;14;56;250.2;25.6;22.2;24.9;17.3;17.8;308.3333333;63.88888889;502.7777778;2.8
14193900;15;11;0;0;16;13.4;19.3;14.7;52.4;253;26.8;23.5;26.8;17.7;17.8;308.3333333;63.88888889;502.7777778;2.8
14194800;15;10;0;0;16.3;12.5;19.8;16.2;51.7;394.6;28;24.9;28.7;18;20;316.6666667;66.66666667;658.3333333;2.2
14195700;15;10;0;0;16.3;11.9;20.3;16.4;48.9;416.4;29.2;26.4;30.7;18.4;20;316.6666667;66.66666667;658.3333333;2.2
14196600;15;10;0;0;16.3;11.7;20.9;16.7;46.7;416.4;30.4;27.9;32.5;18.8;20;316.6666667;66.66666667;658.3333333;2.2
14197500;16;9;0;0;16.8;11.3;21.6;17.1;44.6;416.4;31.7;29.5;34.2;19.2;20;316.6666667;66.66666667;658.3333333;2.2
14198400;16;10;0;0;16.8;11.3;21.9;18.4;43.2;546.8;32.7;30.9;35.5;19.6;21.7;322.2222222;69.44444444;788.8888889;2.3
14199300;16;10;0;0;16.8;11.7;22.4;18.7;43;579.4;33.9;32.3;36.6;20.1;21.7;322.2222222;69.44444444;788.8888889;2.3
14200200;14;12;1;0;15.2;13.1;23;19;41.3;579.4;35.9;35.6;37.6;26.1;21.7;322.2222222;69.44444444;788.8888889;2.3
14201100;12;14;0;0;12.9;15.6;23.3;19.6;41.7;579.4;37.6;38.3;38.1;33.2;21.7;322.2222222;69.44444444;788.8888889;2.3
14202000;12;15;0;0;13.4;15.9;23.8;20.8;41;662.6;39.1;38.8;38.9;33.1;23.4;327.7777778;72.22222222;877.7777778;2.1
14202900;12;14;0;0;13.4;15.7;24;21.1;39.4;683.4;40.5;39.5;39.6;33.2;23.4;327.7777778;72.22222222;877.7777778;2.1
14203800;13;14;0;0;13.9;15.4;24;21.4;38.6;687.4;41.3;40.3;40.1;33.3;23.4;327.7777778;72.22222222;877.7777778;2.1
14204700;13;14;0;0;13.9;15.4;24.5;21.7;37.7;692;41.8;41.2;40.2;33.5;23.4;327.7777778;72.22222222;877.7777778;2.1
14205600;13;14;1;1;14;15.3;25.1;22.7;37.3;767.4;41.9;42.5;41;34.9;23.5;333.3333333;72.22222222;927.7777778;2.1
14206500;13;11;0;1;13.9;12.2;25.4;23;34.9;794.8;40.4;42.7;40.1;35.4;23.5;333.3333333;72.22222222;927.7777778;2.1
14207400;14;10;0;0;15.1;11.4;25.8;23.1;35.2;797.1;36.8;39.2;37;31.6;23.5;333.3333333;72.22222222;927.7777778;2.1
14208300;14;10;0;0;15.2;11.4;26.1;23.2;33.7;801.6;39.4;40.2;37.9;32;23.5;333.3333333;72.22222222;927.7777778;2.1
14209200;14;11;0;0;15.2;11.5;26.2;24.4;32.8;856.6;41.9;41.8;38.7;32.4;24.7;338.8888889;72.22222222;927.7777778;1.8
14210100;14;12;0;0;15.7;13.3;26.7;24.4;32.9;856.6;43.6;43.3;39.7;32.7;24.7;338.8888889;72.22222222;927.7777778;1.8
14211000;14;11;0;0;15.7;13;26.6;24.6;32.3;856.6;44.9;44.5;40.4;33;24.7;338.8888889;72.22222222;927.7777778;1.8
14211900;15;10;0;0;16;12.1;27;24.7;31.9;856.6;46.1;45.4;41;33.4;24.7;338.8888889;72.22222222;927.7777778;1.8
14212800;14;10;1;1;14.7;12.2;26.9;25.4;31.1;877.3;46.3;45.7;41.9;35.5;26.1;341.6666667;72.22222222;883.3333333;1.8
14213700;13;10;0;0;14.9;11.5;26.9;25.4;30.5;878.8;43;42.5;39.8;34.3;26.1;341.6666667;72.22222222;883.3333333;1.8
14214600;14;10;0;0;15.3;11.5;27.1;24.9;30;878.8;45.2;43.8;40.4;35;26.1;341.6666667;72.22222222;883.3333333;1.8
14215500;14;9;0;0;15.7;11.5;27.4;24.4;28.6;878.8;46.7;45.2;40.8;35.4;26.1;341.6666667;72.22222222;883.3333333;1.8
14216400;14;9;0;0;15.8;11.5;27.8;25.3;28.7;861.2;47.5;46.1;41.4;35.7;26.1;344.4444444;69.44444444;794.4444444;2.1
14217300;12;11;1;1;14.1;11.9;28.1;25.4;27.6;858.5;46.1;45.3;41.6;37.5;26.1;344.4444444;69.44444444;794.4444444;2.1
14218200;13;12;0;0;15.3;12.4;28.4;25.6;28;858.5;44.7;43.3;40.6;36.3;26.1;344.4444444;69.44444444;794.4444444;2.1
14219100;13;12;0;0;15.3;13.2;28.4;25.8;28.4;858.5;46.2;44.3;41.1;36.9;26.1;344.4444444;69.44444444;794.4444444;2.1
14220000;14;10;0;0;15.8;12.3;28.5;26.4;27.7;784.3;46.6;45;41.3;37.1;26.4;347.2222222;66.66666667;666.6666667;2
14220900;14;10;0;0;15.8;11.7;28.7;26.5;27.7;765.8;46.8;45.5;41.6;37.2;26.4;347.2222222;66.66666667;666.6666667;2
14221800;13;11;0;1;14.1;12.1;29;26.7;28.6;765.8;45.5;44.9;41.5;38.4;26.4;347.2222222;66.66666667;666.6666667;2
14222700;13;10;0;0;15.3;11.4;29.3;26.9;27.8;765.8;43;42.7;40.5;37.3;26.4;347.2222222;66.66666667;666.6666667;2
14223600;13;10;0;0;15.4;11.4;29;27;28.9;680.5;43.6;43.3;41.3;37.9;26.7;347.2222222;61.11111111;513.8888889;1.8
14224500;13;9;0;0;15.4;11.4;29.1;27.1;29.4;649.5;43.7;43.6;42;38;26.7;347.2222222;61.11111111;513.8888889;1.8
14225400;13;10;1;0;15.8;11.4;29.4;26.6;29.5;649.5;43.5;43.7;42.7;38.3;26.7;347.2222222;61.11111111;513.8888889;1.8
14226300;12;12;0;0;14;12.3;29.5;26.4;29.9;649.5;41.3;42;40.2;38;26.7;347.2222222;61.11111111;513.8888889;1.8
14227200;13;13;0;0;15.3;13.5;29.4;26.7;29.7;500.5;40.4;41.1;40.2;37.6;26.7;344.4444444;52.77777778;344.4444444;0.9
14228100;13;12;0;0;15.7;13.3;29.8;26.7;29.3;500.5;40.1;41.2;40.5;37.7;26.7;344.4444444;52.77777778;344.4444444;0.9
14229000;13;11;0;0;15.8;12.6;33.7;26.7;25.1;500.5;39.9;41.3;40.5;37.8;26.7;344.4444444;52.77777778;344.4444444;0.9
14229900;13;11;0;0;15.8;12.5;37;26.7;20.1;500.5;39.3;41.1;40.2;37.9;26.7;344.4444444;52.77777778;344.4444444;0.9
14230800;12;11;0;0;15.8;12.5;37.2;26.5;19.5;343.7;38.6;40.8;39.6;38;26.2;344.4444444;38.88888889;177.7777778;0.7
14231700;12;11;0;0;16.1;12.5;37.1;26.5;19.6;332.5;37.7;40.3;38.8;38.1;26.2;344.4444444;38.88888889;177.7777778;0.7
14232600;12;11;0;0;16.3;12.8;31.3;26.5;24.9;332.5;36.5;39.8;38;38.1;26.2;344.4444444;38.88888889;177.7777778;0.7
14233500;12;12;0;0;16.3;13;28.4;26.5;29.8;332.5;35.6;39.2;37.3;38.1;26.2;344.4444444;38.88888889;177.7777778;0.7
14234400;12;12;0;0;16.6;13.5;27.4;25.5;33.1;191.7;34.6;38.7;36.5;38.1;24.6;338.8888889;16.66666667;44.44444444;1.1
14235300;12;15;0;0;16.8;15.4;26.7;25.3;36.3;170;33.7;38;35.7;37.8;24.6;338.8888889;16.66666667;44.44444444;1.1
14236200;14;12;0;1;15.8;13.8;26.2;25.4;38.8;170.2;33.3;36.3;34.4;36.4;24.6;338.8888889;16.66666667;44.44444444;1.1
14237100;14;11;0;0;16.7;12.3;25.5;25.5;42.6;170.4;32.2;35.1;33.5;35.6;24.6;338.8888889;16.66666667;44.44444444;1.1
14238000;14;10;0;0;16.7;12;24.8;24.2;45.2;79.3;31.4;34.2;32.8;35.4;22.7;336.1111111;0;0;0.8
14238900;14;10;0;0;16.8;11.8;23.8;23.9;48.5;56.5;30.7;33.4;32.3;35.1;22.7;336.1111111;0;0;0.8
14239800;14;10;0;0;17.2;11.8;23.1;24.4;51.2;56.5;30.2;32.7;31.8;34.8;22.7;336.1111111;0;0;0.8
14240700;14;10;0;0;17.2;11.3;22.5;24.6;53.1;56.5;29.8;32;31.4;34.4;22.7;336.1111111;0;0;0.8
14241600;15;10;0;0;17.2;11.3;22;22.8;54.2;2.8;29.3;31.3;30.9;34.1;21.3;333.3333333;0;0;2
14242500;15;9;0;0;17.7;11.3;21.7;22.8;54.7;2.8;28.9;30.7;30.4;33.8;21.3;333.3333333;0;0;2
14243400;15;11;0;0;17.7;12.3;21.4;22.9;55;2.8;28.5;30.2;30.1;33.4;21.3;333.3333333;0;0;2
14244300;15;13;0;0;17.7;14.4;21.1;22.9;56;2.8;28.1;29.4;29.5;33.1;21.3;333.3333333;0;0;2
14245200;15;13;0;0;18.2;14.4;20.9;21.6;57.1;0.2;27.7;29;29.2;32.7;20.6;327.7777778;0;0;2.3
14246100;15;13;0;0;18.2;14.4;20.7;21.5;57.7;0;27.3;28.6;28.9;32.4;20.6;327.7777778;0;0;2.3
14247000;15;13;0;0;18.6;14.4;20.6;21.5;59;0;27;28.1;28.5;32.1;20.6;327.7777778;0;0;2.3
14247900;15.5;13;0;0;18.65;14.4;20.25;19.65;60.35;0;26.65;27.65;28.2;31.75;20.6;327.7777778;0;0;2.3
14248800;16;13;0;0;18.7;14.4;19.9;17.8;61.7;0;26.3;27.2;27.9;31.4;19.3;322.2222222;0;0;2.6
14249700;16;13;0;0;19.1;14.9;19.6;17.2;63;0;25.9;26.8;27.6;31.1;19.3;322.2222222;0;0;2.6
14250600;16;14;0;0;19.2;14.9;19.3;17.2;64.8;0;25.6;26.4;27.4;30.8;19.3;322.2222222;0;0;2.6
14251500;16;14;0;0;19.2;15.3;19.1;17.2;65.3;0;25.2;25.9;27.1;30.6;19.3;322.2222222;0;0;2.6
14252400;17;16;0;0;19.7;17;18.9;16.8;66.2;0;24.8;25.3;26.7;30.3;17.3;316.6666667;0;0;2.4
14253300;16;16;0;0;19.7;17.4;18.7;16.7;67.2;0;24.4;25;26.4;30.1;17.3;316.6666667;0;0;2.4
14254200;17;16;0;0;19.7;17.4;18.5;16.7;68.2;0;24.1;24.7;26.1;29.9;17.3;316.6666667;0;0;2.4
14255100;17;16;0;0;20.1;17.4;18.2;16.7;69.4;0;23.8;24.3;25.9;29.7;17.3;316.6666667;0;0;2.4
14256000;17;16;0;0;20.2;17.4;18;16.2;70;0;23.5;23.8;25.8;29.5;15.8;313.8888889;0;0;2.3
14256900;17;16;0;0;20.2;17.4;17.8;16;70.2;0;23.2;23.3;25.7;29.2;15.8;313.8888889;0;0;2.3
14257800;16;17;0;1;18.7;18.3;17.7;16;71.3;0;21.2;21.2;23.1;28.4;15.8;313.8888889;0;0;2.3
14258700;15;18;0;0;16.2;20.1;17.5;16;71.2;0;18.2;17.4;18.3;28.5;15.8;313.8888889;0;0;2.3
14259600;15;18;0;0;16.5;20.9;17.4;17.3;71.9;0;21;16.3;17.2;28.3;14.9;311.1111111;0;0;1.9
14260500;13;18;0;0;14.6;20.5;17.3;17.4;71.8;0;25.2;15.9;16.5;28;14.9;311.1111111;0;0;1.9
14261400;12;15;0;0;14.1;17.3;17.1;17.1;72.4;0;22.7;15.5;16.3;27.8;14.9;311.1111111;0;0;1.9
14262300;12;13;0;0;13.1;14.9;16.9;16.9;72.5;0;21.2;15.2;16.1;27.9;14.9;311.1111111;0;0;1.9
14263200;12;12;0;0;13;14.2;16.8;16.2;73.8;0;18.6;15.1;16.1;27.4;14.6;308.3333333;0;0;1.5
14264100;12;10;0;0;13.8;12.8;16.6;16.2;74.6;0;17.5;15;15.9;26.8;14.6;308.3333333;0;0;1.5
14265000;12;11;0;0;14.2;12.5;16.5;15.6;74.6;0;17;14.8;15.7;26.7;14.6;308.3333333;0;0;1.5
14265900;13;11;0;0;14.4;12.6;16.4;15.2;75.4;0;16.9;14.6;15.5;26.5;14.6;308.3333333;0;0;1.5
14266800;13;12;0;0;14.4;13;16.2;15;76.1;0;16.9;14.5;15.3;26.3;14.4;308.3333333;22.22222222;36.11111111;1.4
14267700;13;12;0;0;14.4;13.3;16.1;15;76.9;0;17;14.3;15.1;26.2;14.4;308.3333333;22.22222222;36.11111111;1.4
14268600;13;12;0;0;14.4;13.6;16.1;14.8;76.7;0;17;14.1;15;26.4;14.4;308.3333333;22.22222222;36.11111111;1.4
14269500;13;15;0;0;14.4;15.5;16.3;14.6;76;0;16.9;14;15;26.3;14.4;308.3333333;22.22222222;36.11111111;1.4
14270400;14;15;0;0;14.4;15.5;16.4;14.8;76.3;12.1;16.8;14;15.4;26.4;15.7;308.3333333;44.44444444;166.6666667;1.9
14271300;13;14;0;0;14.4;15.2;16.6;14.8;76.4;13;16.9;14.1;16.2;26.4;15.7;308.3333333;44.44444444;166.6666667;1.9
14272200;13;14;0;0;14.5;15;16.9;14.7;73.8;13;17.2;14.3;17.3;25.7;15.7;308.3333333;44.44444444;166.6666667;1.9
14273100;14;14;0;0;16.4;15;17.3;14.7;71.6;13;17.4;14.7;18.7;23.1;15.7;308.3333333;44.44444444;166.6666667;1.9
14274000;14;14;0;0;17.3;15;17.9;15.4;70.1;94.5;17.8;15.7;19.8;20.6;17.8;316.6666667;55.55555556;333.3333333;1.8
14274900;14;14;0;0;18.1;15;18.4;15.5;68.3;100.3;18.7;17.5;20.7;20.1;17.8;316.6666667;55.55555556;333.3333333;1.8
14275800;14;14;0;0;19.2;15;18.7;15.3;66.8;100.3;18.7;19.4;20.6;20.5;17.8;316.6666667;55.55555556;333.3333333;1.8
14276700;15;14;0;0;19.2;15;19.3;15.1;65.3;100.3;19.2;21.2;21.1;20.4;17.8;316.6666667;55.55555556;333.3333333;1.8
14277600;14;15;0;0;16.3;15.8;19.8;16.6;63.9;219.1;21.8;23.5;23.8;21;20.2;325;72.22222222;502.7777778;1.8
14278500;15;15;0;0;16;16.4;20.3;16.7;62;227.6;23.8;24.9;25;21.5;20.2;325;72.22222222;502.7777778;1.8
14279400;15;14;0;0;16.2;16;20.7;17.1;59.7;231.6;25.6;26;26.8;21.8;20.2;325;72.22222222;502.7777778;1.8
14280300;15;13;0;0;16.7;15.4;21.4;17.3;56.9;234.2;27.2;27.2;28.8;22.1;20.2;325;72.22222222;502.7777778;1.8
14281200;15;11;0;0;16.7;14;22.1;19.2;54.8;400.7;28.8;28.4;30.8;22.4;23.3;336.1111111;94.44444444;636.1111111;2.1
14282100;16;11;0;0;17.2;13.1;22.7;19.3;54;412.6;30.3;29.9;32.9;22.8;23.3;336.1111111;94.44444444;636.1111111;2.1
14283000;16;10;0;0;17.2;12.4;23.3;19.5;53.1;412.6;31.8;31.4;34.9;23.2;23.3;336.1111111;94.44444444;636.1111111;2.1
14283900;16;10;0;0;17.7;12;24;19.7;51.4;412.6;33.4;33;36.7;23.7;23.3;336.1111111;94.44444444;636.1111111;2.1
14284800;16;10;0;0;17.8;12;24.6;21.5;49.6;560;35.1;34.6;38.3;24.2;24.6;344.4444444;136.1111111;738.8888889;2.2
14285700;16;10;0;0;18.2;12;25.4;21.6;46.8;570.5;37;36.2;39.7;24.9;24.6;344.4444444;136.1111111;738.8888889;2.2
14286600;17;10;0;0;18.4;11.6;26.1;21.9;43.5;570.5;38.8;37.9;41.1;25.7;24.6;344.4444444;136.1111111;738.8888889;2.2
14287500;17;12;0;0;18.7;13.5;26.6;22.1;42.3;570.5;40.4;39.5;42.1;26.6;24.6;344.4444444;136.1111111;738.8888889;2.2
14288400;17;13;0;0;18.8;14.2;27;23.6;39.4;722.4;41.5;40.8;42.6;27.4;25.6;350;208.3333333;836.1111111;1.9
14289300;17;10;0;0;19.2;12.8;27.1;23.7;39;733.2;42.4;41.9;42.9;28;25.6;350;208.3333333;836.1111111;1.9
14290200;17;10;0;0;19.2;11.8;27.6;23.7;37.8;733.2;43.4;42.8;43.1;28.6;25.6;350;208.3333333;836.1111111;1.9
14291100;18;9;0;0;19.5;11.6;28;23.7;36.5;733.2;44.4;43.8;43.2;29.1;25.6;350;208.3333333;836.1111111;1.9
14292000;18;9;0;0;19.7;11.1;28.4;24.8;35.6;813.6;45.1;44.5;43.3;29.6;26.7;355.5555556;241.6666667;836.1111111;1.8
14292900;18;9;0;0;19.7;11.1;28.8;24.9;34.6;819.3;46.1;45.5;43.6;30.1;26.7;355.5555556;241.6666667;836.1111111;1.8
14293800;18;9;0;0;20.2;11.1;29.1;25.5;32.9;817.3;46.9;46.3;43.8;30.7;26.7;355.5555556;241.6666667;836.1111111;1.8
14294700;17;10;1;1;19.1;12.1;29.2;25.9;32.1;815.9;47.7;47.2;44.6;32.8;26.7;355.5555556;241.6666667;836.1111111;1.8
14295600;14;11;0;0;15.9;11.8;29.1;26.8;30.6;842.4;43.6;43.9;42.1;33.3;27.8;355.5555556;152.7777778;952.7777778;2.1
14296500;15;12;0;0;17.7;13.3;28.9;27;32.3;849;45.4;44.4;42.3;33.2;27.8;355.5555556;152.7777778;952.7777778;2.1
14297400;15;11;0;0;18;12.9;28.7;26.9;31.9;849;46.3;45.3;42.5;33.7;27.8;355.5555556;152.7777778;952.7777778;2.1
14298300;16;10;0;0;18.3;12;28.9;26.8;31.5;849;47.9;46.5;43.1;34.3;27.8;355.5555556;152.7777778;952.7777778;2.1
14299200;14;11;1;2;15.6;12.3;29.2;27.4;30.1;848.7;47.7;47.1;44.1;37.3;28.2;361.1111111;208.3333333;872.2222222;1.9
14300100;14;10;0;0;16.5;10.9;29.9;27.5;29.3;848.6;45.5;44.7;42.7;36.4;28.2;361.1111111;208.3333333;872.2222222;1.9
14301000;15;10;0;0;17.2;10.9;30.5;27.5;29.7;848.6;48.3;46.8;43.7;37.5;28.2;361.1111111;208.3333333;872.2222222;1.9
14301900;14;9;0;0;17.4;10.9;30.4;27.5;29.1;848.6;49.7;48.3;44.5;38.1;28.2;361.1111111;208.3333333;872.2222222;1.9
14302800;12;10;0;2;15.3;11.7;30.1;27.9;29.4;823.6;49.4;48.6;45;40.1;28.9;355.5555556;102.7777778;786.1111111;1.8
14303700;13;10;0;0;15.4;10.9;30.2;28;28.6;819.7;45.6;45.7;42.9;38.6;28.9;355.5555556;102.7777778;786.1111111;1.8
14304600;14;12;0;0;16.2;12;30.4;28.2;29;819.7;47.7;46.5;43.5;39.4;28.9;355.5555556;102.7777778;786.1111111;1.8
14305500;14;12;0;0;16.4;12.8;30.6;28.4;26.8;819.7;48.8;47.5;43.8;39.8;28.9;355.5555556;102.7777778;786.1111111;1.8
14306400;14;10;0;0;16.8;12.2;30.6;28.8;25.9;754.4;49.2;48.1;44.1;40;28.3;355.5555556;105.5555556;647.2222222;2.1
14307300;14;10;0;0;16.9;11.8;30.8;28.9;25;744.3;49.3;48.3;44.5;40.2;28.3;355.5555556;105.5555556;647.2222222;2.1
14308200;13;11;1;1;14.9;12.2;30.8;28.8;25.8;744.3;47.8;47.5;44.2;41.5;28.3;355.5555556;105.5555556;647.2222222;2.1
14309100;14;10;0;0;15.9;11.2;30.7;28.8;26.3;744.3;43.9;44.4;42.1;39.3;28.3;355.5555556;105.5555556;647.2222222;2.1
14310000;14;10;0;0;16.2;11.2;30.8;28.7;25.3;618.7;44.5;44.9;42.8;40.1;28.6;355.5555556;88.88888889;497.2222222;1.2
14310900;14;9;0;0;16.5;11.2;31.1;28.7;25.9;587.3;44.6;45.2;43.4;40.2;28.6;355.5555556;88.88888889;497.2222222;1.2
14311800;13;10;0;0;15.1;11.7;31.1;28.9;25.3;587.3;44.4;45.2;43.6;40.8;28.6;355.5555556;88.88888889;497.2222222;1.2
14312700;13;11;0;0;15.8;11.5;31;29;24.8;587.3;41.4;42.8;41.5;39;28.6;355.5555556;88.88888889;497.2222222;1.2
14313600;14;12;0;0;16.1;13.5;31.3;28.9;25.3;469;41.5;43.1;42;39.6;28.3;355.5555556;102.7777778;347.2222222;1
14314500;13;12;0;0;16.1;13.3;31.4;28.9;25.1;450.8;41.4;42.9;42.3;39.8;28.3;355.5555556;102.7777778;347.2222222;1
14315400;12;11;0;0;16.1;13;33.8;28.7;22.3;450.8;40.9;42.7;42;39.9;28.3;355.5555556;102.7777778;347.2222222;1
14316300;12;11;0;0;16.5;13;37.2;28.4;19.1;450.8;40.3;42.5;41.5;40.2;28.3;355.5555556;102.7777778;347.2222222;1
14317200;12;12;0;0;16.6;13;36.8;28.1;18.9;308;39.6;42.1;41;40.4;27.3;358.3333333;86.11111111;163.8888889;0.7
14318100;12;12;0;0;16.6;13;35.8;28.1;20.2;286;38.8;41.7;40.3;40.5;27.3;358.3333333;86.11111111;163.8888889;0.7
14319000;12;12;0;0;16.8;13.5;32.2;28.2;24.2;286;38;41.2;39.5;40.5;27.3;358.3333333;86.11111111;163.8888889;0.7
14319900;12;12;0;0;17.1;13.5;30;28.3;27.1;286;37.1;40.6;38.6;40.4;27.3;358.3333333;86.11111111;163.8888889;0.7
14320800;12;13;0;0;17.1;14;29.1;27.4;28.8;177.4;36.2;40;37.8;40.3;26.3;352.7777778;25;33.33333333;0.7
14321700;14;13;0;0;15.8;14.1;28.4;27.2;31.8;150.2;35.5;38.5;36.4;38.5;26.3;352.7777778;25;33.33333333;0.7
14322600;15;12;0;0;17;13.4;27.4;27.2;36.5;149.5;34.1;37.4;35.3;37.8;26.3;352.7777778;25;33.33333333;0.7
14323500;15;10;0;0;17.3;12.7;26.4;27.2;40.1;149.1;33.4;36.5;34.6;37.7;26.3;352.7777778;25;33.33333333;0.7
14324400;14;10;0;0;17.3;11.9;25.6;25.5;42.3;55.5;32.7;35.7;34.1;37.4;24.5;352.7777778;0;0;0.7
14325300;14;10;0;0;17.3;11.7;24.9;25.4;43.3;48.8;32.1;35;33.6;37.1;24.5;352.7777778;0;0;0.7
14326200;14;10;0;0;17.3;11.4;24.3;25.5;43.9;48.8;31.6;34.2;33.1;36.8;24.5;352.7777778;0;0;0.7
14327100;15;10;0;0;17.7;11.4;23.8;25.5;44.9;48.8;31.1;33.5;32.6;36.5;24.5;352.7777778;0;0;0.7
14328000;15;9;0;0;17.8;11.4;23.7;24.2;44.6;7.5;30.6;33;32.2;36.1;22.9;350;0;0;0.9
14328900;15;9;0;0;18;11.4;23.2;24;47.7;1.1;30.2;32.4;31.7;35.7;22.9;350;0;0;0.9
14329800;15;11;0;0;18.3;12.5;22.7;24.5;49.4;1.1;29.8;31.8;31.3;35.3;22.9;350;0;0;0.9
14330700;15;13;0;0;18.3;14.5;22.4;24.8;50.1;1.1;29.2;31.1;30.8;34.8;22.9;350;0;0;0.9
14331600;15;13;0;0;18.5;14.5;22.2;23.7;51.9;0.1;28.8;30.6;30.4;34.5;21;347.2222222;0;0;1
14332500;15;13;0;0;18.8;14.5;21.9;23.5;52.8;0;28.5;30.2;30.1;34.1;21;347.2222222;0;0;1
14333400;16;13;0;0;18.9;14.5;21.6;23.4;53.4;0;28.1;29.7;29.7;33.7;21;347.2222222;0;0;1
14334300;16;13.5;0;0;19.1;14.75;21.45;20.5;54;0;27.75;29.25;29.4;33.35;21;347.2222222;0;0;1
14335200;16;14;0;0;19.3;15;21.3;17.6;54.6;0;27.4;28.8;29.1;33;19.9;341.6666667;0;0;1.6
14336100;16;14;0;0;19.5;15;21.1;17.2;55;0;27;28.4;28.8;32.7;19.9;341.6666667;0;0;1.6
14337000;16;14;0;0;19.8;15.5;20.9;17.2;55.6;0;26.7;28;28.5;32.3;19.9;341.6666667;0;0;1.6
14337900;17;14;0;0;19.8;15.5;20.7;17.2;56.9;0;26.4;27.6;28.2;32;19.9;341.6666667;0;0;1.6
14338800;17;17;0;0;19.9;17.4;20.4;16.7;58.3;0;26;27;27.8;31.7;19.3;341.6666667;0;0;1.8
14339700;17;17;0;0;20.3;17.6;20.2;16.7;58.5;0;25.6;26.6;27.5;31.4;19.3;341.6666667;0;0;1.8
14340600;17;16;0;0;20.3;17.6;20;16.7;58.9;0;25.4;26.4;27.3;31.1;19.3;341.6666667;0;0;1.8
14341500;17;16;0;0;20.6;17.6;19.9;16.7;60.2;0;25.1;26.1;27.1;30.9;19.3;341.6666667;0;0;1.8
14342400;17;16;0;0;20.8;17.6;19.7;16.1;61;0;24.9;25.7;26.8;30.7;18.8;341.6666667;0;0;1.6
14343300;18;16;0;0;20.8;17.6;19.6;16;61;0;24.6;25.4;26.6;30.4;18.8;341.6666667;0;0;1.6
14344200;16;17;0;0;18.4;19.1;19.6;16;61.9;0;22.2;22.7;23.4;29.6;18.8;341.6666667;0;0;1.6
14345100;15;13;0;0;16.6;17.6;19.5;16;62.6;0;21.2;20.1;24;29.6;18.8;341.6666667;0;0;1.6
14346000;16;11;0;0;16.7;16;19.4;17.8;63.8;0;22.8;18.9;26.5;29.4;17.4;341.6666667;0;0;2.8
14346900;16;12;0;0;17.5;14.5;19.3;18.1;64.6;0;22.3;18.5;23.5;29.2;17.4;341.6666667;0;0;2.8
14347800;16;13;0;0;17.6;15.4;19.2;18.3;65.2;0;23.2;18.2;21.4;29;17.4;341.6666667;0;0;2.8
14348700;16;11;0;0;17.7;13.5;19.1;18.6;66.2;0;23.5;18;20.5;28.8;17.4;341.6666667;0;0;2.8
14349600;16;10;0;0;18.1;11.9;19;18.2;66.9;0;23.9;17.9;19.9;28.7;16.5;336.1111111;0;0;1.9
14350500;16;10;0;0;18.6;11.9;18.9;18.1;67.7;0;24.3;17.8;19.5;28.5;16.5;336.1111111;0;0;1.9
14351400;17;11;0;0;18.9;12.4;18.8;18.2;68.5;0;24.1;17.7;19.5;28.3;16.5;336.1111111;0;0;1.9
14352300;17;11;0;0;19.1;12.9;18.7;18.4;69.6;0;23.3;17.6;19.4;28.1;16.5;336.1111111;0;0;1.9
14353200;17;12;0;0;19.4;13.3;18.6;18;70.1;0;22.7;17.4;19.3;28;16.6;333.3333333;30.55555556;33.33333333;1.8
14354100;17;12;0;0;19.6;13.7;18.5;17.9;70.7;0;21.8;17.3;19.2;27.9;16.6;333.3333333;30.55555556;33.33333333;1.8
14355000;17;13;0;0;19.6;14.3;18.4;17.5;71.6;0;19.9;17.1;19.1;27.7;16.6;333.3333333;30.55555556;33.33333333;1.8
14355900;17;16;0;0;19.6;17.4;18.5;17;71.9;0;18.3;17.1;19;27.7;16.6;333.3333333;30.55555556;33.33333333;1.8
14356800;17;17;0;0;18.9;18.5;18.7;17;71.8;9.2;17.9;17.2;18.9;28.1;17.6;333.3333333;80.55555556;136.1111111;3.2
14357700;17;17;0;0;17.9;19.2;18.9;17;71.3;12.5;18.1;17.6;19.3;27.8;17.6;333.3333333;80.55555556;136.1111111;3.2
14358600;17;16;0;0;17.6;18.1;19.4;16.7;70.1;12.5;18.6;17.8;21.8;26.8;17.6;333.3333333;80.55555556;136.1111111;3.2
14359500;16;16;0;0;17.2;17.7;19.9;16.4;68.5;12.5;19.5;18;23.2;25.8;17.6;333.3333333;80.55555556;136.1111111;3.2
14360400;16;16;0;0;17.1;17.5;20.4;17;65.1;71.2;20.5;18.5;22.2;25.1;19.4;336.1111111;113.8888889;286.1111111;2.6
14361300;16;16;0;0;17.1;17.5;20.7;17.2;63.2;92.6;21.6;19.1;22;25.1;19.4;336.1111111;113.8888889;286.1111111;2.6
14362200;16;17;0;0;17.1;17.5;21.1;17.2;61.4;92.6;22.6;19.9;22.5;25.3;19.4;336.1111111;113.8888889;286.1111111;2.6
14363100;16;17;0;0;17.1;17.5;21.4;17.3;59.9;92.6;23.9;21.1;23.8;25.4;19.4;336.1111111;113.8888889;286.1111111;2.6
14364000;15;18;0;0;16.8;18.9;21.8;18.3;59.1;187.8;24.4;22.5;25.1;23.5;21.7;347.2222222;163.8888889;441.6666667;2.5
14364900;16;16;0;0;17.5;17.2;22.3;18.6;58.1;222.4;25.2;23;25.6;23.9;21.7;347.2222222;163.8888889;441.6666667;2.5
14365800;16;14;0;0;18;16.3;22.9;18.7;55.4;224.6;26.9;24.1;27.2;24.4;21.7;347.2222222;163.8888889;441.6666667;2.5
14366700;17;13;0;0;18;15.6;23.6;18.9;54.1;227.9;28.6;25.6;29.1;24.7;21.7;347.2222222;163.8888889;441.6666667;2.5
14367600;17;11;0;0;18;13.8;23.9;20.5;53.1;354.2;30;27.3;31;24.9;23.4;355.5555556;194.4444444;563.8888889;2.5
14368500;17;10;0;0;18.5;12.8;24.5;20.9;52.3;385.8;31.3;28.8;32.9;25;23.4;355.5555556;194.4444444;563.8888889;2.5
14369400;17;10;0;0;18.5;12.1;25.2;21.1;50.7;385.8;32.8;30.5;34.8;25.2;23.4;355.5555556;194.4444444;563.8888889;2.5
14370300;17;10;0;0;18.7;12;25.7;21.4;49.1;385.8;34.1;32.2;36.4;25.5;23.4;355.5555556;194.4444444;563.8888889;2.5
14371200;18;10;0;0;19;11.5;26.3;22.9;47.4;493.3;35.6;33.8;37.8;25.9;26.5;363.8888889;197.2222222;719.4444444;2.3
14372100;18;10;0;0;19;11.5;26.9;23.5;45.7;532.4;37;35.3;39.2;26.3;26.5;363.8888889;197.2222222;719.4444444;2.3
14373000;18;10;0;0;19.4;11.5;27.5;23.6;43.8;532.4;38.7;36.9;40.4;26.7;26.5;363.8888889;197.2222222;719.4444444;2.3
14373900;18;13;0;0;19.5;13.7;27.9;23.8;41.9;532.4;40.3;38.6;41.5;27.5;26.5;363.8888889;197.2222222;719.4444444;2.3
14374800;18;13;0;0;19.6;14.2;28.5;25.1;40.5;656.3;41.6;40.1;42.3;28.5;27.8;372.2222222;194.4444444;827.7777778;3.1
14375700;18;10;0;0;20;12.8;29;25.4;39.2;687.3;42.7;41.4;42.8;29.3;27.8;372.2222222;194.4444444;827.7777778;3.1
14376600;19;10;0;0;20;11.8;29.5;25.3;37.8;687.3;43.9;42.6;43.4;29.9;27.8;372.2222222;194.4444444;827.7777778;3.1
14377500;19;9;0;0;20.1;11.5;29.8;25.1;37.6;687.3;44.8;43.8;44;30.5;27.8;372.2222222;194.4444444;827.7777778;3.1
14378400;19;9;0;0;20.5;11.3;30.3;26.3;34.7;782.1;45.8;44.9;44.5;31.1;28.7;380.5555556;222.2222222;883.3333333;3.4
14379300;19;9;0;0;20.5;11;30.8;26.6;32.8;805.8;46.9;46;44.9;31.6;28.7;380.5555556;222.2222222;883.3333333;3.4
14380200;19;9;0;0;20.5;11;31;27.3;31.5;805.8;47.9;47;45.4;32.2;28.7;380.5555556;222.2222222;883.3333333;3.4
14381100;19;9;0;0;21;11;31.4;28;31.7;805.8;48.9;48.1;45.9;32.8;28.7;380.5555556;222.2222222;883.3333333;3.4
14382000;19;10;0;0;21;11.5;31.7;28.9;31.9;828.1;49.9;48.9;46.3;33.4;29.7;380.5555556;222.2222222;866.6666667;3.2
14382900;19;13;1;3;19.9;14.8;31.9;29.2;32.1;836.2;50.3;49.3;47;34.8;29.7;380.5555556;222.2222222;866.6666667;3.2
14383800;15;10;0;0;16.5;11.9;32;29.2;32;836.2;46.5;45.8;44.8;36;29.7;380.5555556;222.2222222;866.6666667;3.2
14384700;16;10;0;0;18.1;11.2;31.9;29.2;31.9;836.2;47.9;46.1;45;35.3;29.7;380.5555556;222.2222222;866.6666667;3.2
14385600;16;9;0;0;18.5;11.2;32.2;29.8;31;827.1;49.2;47.5;45.5;36;30;391.6666667;338.8888889;722.2222222;3.9
14386500;16;9;0;0;19;10.7;32.6;29.9;30.9;824.8;50.1;48.7;46.2;36.7;30;391.6666667;338.8888889;722.2222222;3.9
14387400;17;9;0;0;19;10.7;33.1;29.7;29.8;824.8;50.9;49.5;46.7;37.2;30;391.6666667;338.8888889;722.2222222;3.9
14388300;14;11;0;1;16.4;12;33.2;29.5;30.1;824.8;49.9;48.8;46.5;39.9;30;391.6666667;338.8888889;722.2222222;3.9
14389200;15;10;0;0;17.3;11.3;33.6;30;29.6;770.7;47.5;45.8;45;38.2;30.1;391.6666667;316.6666667;586.1111111;3.5
14390100;15;10;0;0;17.8;11.3;33.6;30.2;29.2;751;49;47;45.7;39.2;30.1;391.6666667;316.6666667;586.1111111;3.5
14391000;15;12;0;0;17.9;12.4;33.6;30.3;29.4;749.8;49;47.2;46;39.2;30.1;391.6666667;316.6666667;586.1111111;3.5
14391900;14;12;0;0;17.9;13.3;33.7;30.4;29.7;748;48.9;47.1;46.2;39.3;30.1;391.6666667;316.6666667;586.1111111;3.5
14392800;13;11;0;0;15.4;12.5;33.4;30.7;29.7;712.5;46.5;45.8;44.8;40.2;31;386.1111111;172.2222222;672.2222222;3.6
14393700;15;10;0;0;17.2;11.4;33.2;30.8;30.1;699.6;45.3;44.1;43.9;39.3;31;386.1111111;172.2222222;672.2222222;3.6
14394600;15;10;0;0;17.6;11.4;33.5;30.8;29.1;699.6;46.5;45.1;44.8;39.9;31;386.1111111;172.2222222;672.2222222;3.6
14395500;15;10;0;0;17.6;11.4;33.6;30.8;28.5;699.6;47.1;45.8;45.6;40.1;31;386.1111111;172.2222222;672.2222222;3.6
14396400;15;10;0;0;18.1;11.4;33.3;30.6;28.3;584;47.2;46.3;46.3;40.3;30.4;383.3333333;130.5555556;508.3333333;2.6
14397300;15;10;0;0;18.1;11.4;33.3;30.5;29.1;542;47.1;46.5;46.8;40.5;30.4;383.3333333;130.5555556;508.3333333;2.6
14398200;15;10;0;0;18.3;11.4;33.5;30.2;28.8;537.6;46.8;46.5;47.2;40.6;30.4;383.3333333;130.5555556;508.3333333;2.6
14399100;15;11;0;0;18.6;12;33.4;29.9;28.9;532.6;46.3;46.1;47.5;40.6;30.4;383.3333333;130.5555556;508.3333333;2.6
14400000;14;13;0;0;18.6;14.1;33.5;29.8;28.8;445.2;45.6;45.5;47.3;40.5;30.2;383.3333333;130.5555556;316.6666667;2.5
14400900;14;13;0;0;18.6;14.4;34.1;29.8;28.5;413.4;45;45.1;46.9;40.6;30.2;383.3333333;130.5555556;316.6666667;2.5
14401800;13;13;0;0;18.8;14.4;37.4;30.2;24.3;413.4;44.5;45;46.6;40.6;30.2;383.3333333;130.5555556;316.6666667;2.5
14402700;14;13;0;0;19.1;14.4;41;30.9;19.8;413.4;44;44.8;46.2;40.6;30.2;383.3333333;130.5555556;316.6666667;2.5
14403600;13;13;0;0;19.1;14.4;39.1;30.4;21.1;295.2;43.3;44.5;45.5;40.6;28.9;380.5555556;102.7777778;130.5555556;3
14404500;13;13;0;0;19.1;14.4;38.2;30.3;21.4;265.7;42.5;44;44.7;40.5;28.9;380.5555556;102.7777778;130.5555556;3
14405400;13;13;0;0;19.1;14.5;34.3;30.1;25.6;265.7;41.4;43.2;43.5;40.3;28.9;380.5555556;102.7777778;130.5555556;3
14406300;13;14;0;0;19.1;14.9;32.3;29.9;28.4;265.7;40.3;42.3;42.3;40;28.9;380.5555556;102.7777778;130.5555556;3
14407200;15;12;0;1;17.7;13.1;31.6;29.1;30;171;38.7;40.6;39.9;39.1;27.3;375;30.55555556;33.33333333;1.9
14408100;15;13;0;0;18.7;14;30.9;28.8;31.2;136.6;37.4;39.6;38.8;38.7;27.3;375;30.55555556;33.33333333;1.9
14409000;15;12;0;0;18.7;14.3;30.4;29;33;137.2;36.6;38.7;37.9;38.5;27.3;375;30.55555556;33.33333333;1.9
14409900;15;10;0;0;18.7;12.8;29.9;29.2;34.9;138;35.8;37.8;37.1;38.2;27.3;375;30.55555556;33.33333333;1.9
14410800;15;10;0;0;18.7;12;29.3;27.7;36.1;71.6;34.9;36.9;36.3;37.9;26.2;369.4444444;0;0;2.3
14411700;15;10;0;0;18.7;12;28.8;27.2;36.9;47.4;34.2;36;35.6;37.6;26.2;369.4444444;0;0;2.3
14412600;15;10;0;0;19.1;11.6;28.3;27.1;39.7;47.4;33.5;35.3;35;37.3;26.2;369.4444444;0;0;2.3
14413500;16;10;0;0;19.2;11.5;27.6;27;41.7;47.4;32.9;34.6;34.4;36.9;26.2;369.4444444;0;0;2.3
14414400;16;10;0;0;19.3;11.5;27.4;26;40.5;14;32.4;34;33.9;36.6;24.4;363.8888889;0;0;1.9
14415300;16;10;0;0;19.7;11.5;27;25.6;42.2;1.9;31.9;33.4;33.3;36.2;24.4;363.8888889;0;0;1.9
14416200;16;12;0;0;19.7;12.9;26.6;25.7;42.3;1.9;31.4;32.8;32.9;35.8;24.4;363.8888889;0;0;1.9
14417100;16;14;0;0;19.7;15.1;26.1;25.9;45.5;1.9;30.9;32.2;32.3;35.4;24.4;363.8888889;0;0;1.9
14418000;16;14;0;0;20.2;15.1;25.5;25;47.6;0.5;30.5;31.7;31.9;34.9;23.6;358.3333333;0;0;1.8
14418900;16;14;0;0;20.2;15.1;25;24.7;48.8;0;30.1;31.3;31.5;34.7;23.6;358.3333333;0;0;1.8
14419800;16;14;0;0;20.6;15.1;24.5;24.9;50.6;0;29.7;30.8;31.1;34.5;23.6;358.3333333;0;0;1.8
14420700;16.5;14;0;0;20.65;15.25;24.15;22.15;51.45;0;29.35;30.4;30.75;34.25;23.6;358.3333333;0;0;1.8
14421600;17;14;0;0;20.7;15.4;23.8;19.4;52.3;0;29;30;30.4;34;21.9;352.7777778;0;0;1.1
14422500;17;14;0;0;21;15.6;23.5;17.2;53.3;0;28.7;29.5;30;33.8;21.9;352.7777778;0;0;1.1
14423400;17;15;0;0;21.2;15.9;23.3;17.2;54.6;0;28.3;29.1;29.7;33.5;21.9;352.7777778;0;0;1.1
14424300;17;15;0;0;21.2;16.1;23.1;17.2;55.5;0;28;28.8;29.4;33.3;21.9;352.7777778;0;0;1.1
14425200;18;17;0;0;21.3;17.9;22.9;16.8;57.2;0;27.6;28.2;29;32.9;20.5;347.2222222;0;0;2.1
14426100;17;17;0;0;21.7;18.1;22.6;16.7;58.3;0;27.2;27.8;28.6;32.5;20.5;347.2222222;0;0;2.1
14427000;18;17;0;0;21.7;18.1;22.2;16.7;59.7;0;26.9;27.5;28.4;32.1;20.5;347.2222222;0;0;2.1
14427900;18;17;0;0;21.8;18.1;22;16.7;59.8;0;26.7;27.2;28.2;31.8;20.5;347.2222222;0;0;2.1
14428800;18;17;0;0;22.2;18.1;21.8;21.2;61.2;0;26.4;26.8;27.8;31.5;19.6;341.6666667;0;0;3.5
14429700;18;17;0;0;22.2;18.1;21.5;21.2;62.5;0;26.1;26.4;27.5;31.2;19.6;341.6666667;0;0;3.5
14430600;18;17;0;0;22.2;18.1;21.4;21.2;63.4;0;25.8;26.1;27.3;30.9;19.6;341.6666667;0;0;3.5
14431500;16;17;0;1;17.9;19.5;21.1;21.2;64.4;0;23.3;23.1;24.6;30.4;19.6;341.6666667;0;0;3.5
14432400;16;12;0;0;17.8;17.2;20.9;20.3;65.6;0;23.8;21.5;26.6;30.3;19.1;338.8888889;0;0;3
14433300;17;15;0;0;17.7;19.6;20.7;20.2;66.1;0;25.4;20.4;27.5;30.1;19.1;338.8888889;0;0;3
14434200;17;16;0;0;18.4;19;20.5;20;66.1;0;24.1;20;24.9;29.9;19.1;338.8888889;0;0;3
14435100;17;11;0;0;18.4;14.7;20.4;19.9;66.2;0;23;19.7;23.5;29.7;19.1;338.8888889;0;0;3
14436000;17;10;0;0;18.4;13.2;20.2;19.4;66.9;0;23.7;19.5;21.9;29.5;18.3;336.1111111;0;0;2.4
14436900;17;10;0;0;18.9;12.2;20;19.3;66.7;0;24;19.3;21.4;29.4;18.3;336.1111111;0;0;2.4
14437800;17;11;0;0;18.9;12.7;20;19.1;66.4;0;24.1;19.2;20.9;29.2;18.3;336.1111111;0;0;2.4
14438700;18;12;0;0;19.4;13.3;19.9;19;66.9;0;24;19.1;20.7;29;18.3;336.1111111;0;0;2.4
14439600;18;12;0;0;19.4;13.8;19.8;18.3;67.3;0;23.3;18.9;20.6;28.9;18.7;333.3333333;27.77777778;41.66666667;2.3
14440500;18;13;0;0;19.8;14.2;19.6;18.2;68.5;0;22.7;18.7;20.7;28.7;18.7;333.3333333;27.77777778;41.66666667;2.3
14441400;18;13;0;0;19.9;14.8;19.5;18.2;69.2;0;21.9;18.6;20.6;28.5;18.7;333.3333333;27.77777778;41.66666667;2.3
14442300;18;16;0;0;19.9;17.1;19.7;18.3;68.1;0;20.9;18.5;20.5;28.4;18.7;333.3333333;27.77777778;41.66666667;2.3
14443200;18;17;0;0;20.4;17.6;20;18.2;67.7;10.8;20;18.5;20.4;28.4;19.8;336.1111111;50;166.6666667;2.1
14444100;19;16;0;0;20.4;18.2;20.1;18.2;68.8;13.5;20.8;18.6;20.3;28.5;19.8;336.1111111;50;166.6666667;2.1
14445000;19;17;0;0;19.8;19.5;20.3;18.2;67.7;13.5;22;18.8;20.3;28.5;19.8;336.1111111;50;166.6666667;2.1
14445900;18;18;0;0;19;20.5;20.9;18.1;65.1;13.5;22.6;19.2;20.3;28.2;19.8;336.1111111;50;166.6666667;2.1
14446800;18;18;0;0;18.9;20.8;21.5;18.6;62;84.1;23.6;21.1;21.3;28.3;21.7;341.6666667;69.44444444;322.2222222;3.4
14447700;18;18;0;0;18.9;20.2;22.1;18.7;60.5;101.8;24.8;23.6;23.7;27.9;21.7;341.6666667;69.44444444;322.2222222;3.4
14448600;18;19;0;0;18.9;20.2;22.6;18.9;58.4;101.8;26.3;24.1;26.2;27.6;21.7;341.6666667;69.44444444;322.2222222;3.4
14449500;17;19;0;1;18;20.1;23.1;19.2;55.7;101.8;27.8;25;27.6;26.3;21.7;341.6666667;69.44444444;322.2222222;3.4
14450400;17;15;0;0;18.7;16.2;23.6;20.5;54.5;216.8;27.8;25.5;27.7;26.1;23.4;347.2222222;80.55555556;475;2.4
14451300;18;14;0;0;19.3;15.8;24;20.8;54.1;245.6;29.3;26.3;29.2;26.5;23.4;347.2222222;80.55555556;475;2.4
14452200;18;13;0;0;19.5;15.1;24.5;21.1;53.5;250;30.6;27.6;30.8;26.7;23.4;347.2222222;80.55555556;475;2.4
14453100;18;12;0;0;19.5;14.5;24.9;21.4;51.8;255;32;29.1;32.7;26.9;23.4;347.2222222;80.55555556;475;2.4
14454000;18;10;0;0;20;12.8;25.4;22.9;50.7;394.6;33.4;30.6;34.8;27.2;26.1;361.1111111;100;636.1111111;2
14454900;19;10;0;0;20;12.1;26.1;23.3;49.3;429.5;34.8;32.3;36.8;27.4;26.1;361.1111111;100;636.1111111;2
14455800;19;10;0;0;20.2;11.9;26.8;23.5;48.9;429.5;36.1;34;38.7;27.7;26.1;361.1111111;100;636.1111111;2
14456700;19;9;0;0;20.5;11.5;27.6;23.7;46.8;429.5;37.6;35.7;40.5;28.1;26.1;361.1111111;100;636.1111111;2
14457600;19;9;0;0;20.5;11.4;28.1;25.6;45.8;570.9;38.8;37.5;42.1;28.5;28.3;369.4444444;111.1111111;761.1111111;2.2
14458500;19;10;0;0;20.8;11.5;28.7;25.9;44.3;592.7;40.1;39.2;43.2;28.9;28.3;369.4444444;111.1111111;761.1111111;2.2
14459400;20;10;0;0;21;11.9;29;25.8;42.9;592.7;41.3;40.8;44.1;29.4;28.3;369.4444444;111.1111111;761.1111111;2.2
14460300;20;13;0;0;21;14.3;29.7;25.6;42.3;592.7;42.5;42.3;44.8;30;28.3;369.4444444;111.1111111;761.1111111;2.2
14461200;20;14;0;0;21.4;15.5;30.5;27;40.5;694.2;44;43.5;45.5;30.7;29.2;386.1111111;197.2222222;786.1111111;2.2
14462100;20;14;0;0;21.5;15.5;31;27.3;38.7;719.6;45.3;44.7;46.1;31.6;29.2;386.1111111;197.2222222;786.1111111;2.2
14463000;20;14;0;0;21.5;15.5;31.9;27.3;35.6;719.6;46.5;45.9;46.5;32.6;29.2;386.1111111;197.2222222;786.1111111;2.2
14463900;20;14;0;0;21.5;15.5;31.8;27.3;35.3;719.6;47.5;47;47;33.5;29.2;386.1111111;197.2222222;786.1111111;2.2
14464800;19;15;0;0;21.8;15.9;31.8;28.7;34.2;819.4;48.2;47.7;46.9;34.6;30;386.1111111;141.6666667;869.4444444;2.2
14465700;19;15;0;0;22;16;32.1;29;33.9;844.3;49;48.6;46.9;35.7;30;386.1111111;141.6666667;869.4444444;2.2
14466600;19;15;0;0;22;16.3;32.2;29.5;34.8;837.2;49.9;49.4;47;36.3;30;386.1111111;141.6666667;869.4444444;2.2
14467500;20;15;0;0;22.1;16.5;32.3;30.1;34.3;829.1;50.9;50.2;47.3;36.8;30;386.1111111;141.6666667;869.4444444;2.2
14468400;20;16;0;0;22.5;16.9;32.2;31;33.9;873.4;51.3;50.7;47.4;37.3;31.2;391.6666667;141.6666667;894.4444444;2.8
14469300;20;18;0;0;22.5;19;32.6;31.3;33.5;889.5;52.1;51.3;47.7;37.8;31.2;391.6666667;141.6666667;894.4444444;2.8
14470200;21;18;0;0;22.5;19;32.7;31;33.3;889.5;53;51.8;48.1;38.4;31.2;391.6666667;141.6666667;894.4444444;2.8
14471100;20;17;0;0;22.7;19;32.7;30.6;33.9;889.5;53.5;52.4;48.2;39;31.2;391.6666667;141.6666667;894.4444444;2.8
14472000;20;17;0;0;23;19;32.9;31.2;33.6;893.8;53.8;52.9;48.3;39.6;31.7;391.6666667;141.6666667;844.4444444;1.9
14472900;20;17;0;0;23;19;33.3;31.4;32.7;895.3;54.1;53.3;48.4;40.2;31.7;391.6666667;141.6666667;844.4444444;1.9
14473800;19;17;0;0;23;19;33.2;31.2;31.8;895.3;53.9;53.6;48.4;40.7;31.7;391.6666667;141.6666667;844.4444444;1.9
14474700;20;18;0;0;23;19;33.7;30.9;30.9;895.3;54.2;53.9;48.5;41.2;31.7;391.6666667;141.6666667;844.4444444;1.9
14475600;20;18;0;0;23.5;19;33.8;31.4;29.9;846.7;54.5;54.1;48.6;41.6;32.1;391.6666667;150;727.7777778;1.5
14476500;20;15;0;0;22.9;18;34.4;31.6;30.1;829;52.9;53.2;47.8;40.6;32.1;391.6666667;150;727.7777778;1.5
14477400;21;15;0;0;23.3;17.4;34.5;31.7;29;829;53.8;53.2;48.2;41.5;32.1;391.6666667;150;727.7777778;1.5
14478300;21;14;0;0;23.4;16.5;34.4;31.9;28.2;829;54;53.3;48.4;41.9;32.1;391.6666667;150;727.7777778;1.5
14479200;18;14;1;4;20.2;15.5;34.6;32.3;27.4;775.6;52.9;52.4;48.1;42.6;32.5;394.4444444;155.5555556;611.1111111;2.1
14480100;17;11;0;0;20;11.7;34.5;32.4;28.5;756.2;48.4;48.1;45.6;40.1;32.5;394.4444444;155.5555556;611.1111111;2.1
14481000;18;11;0;0;20.5;11.6;34.6;32.3;27.7;756.2;49.8;48.9;46.6;41;32.5;394.4444444;155.5555556;611.1111111;2.1
14481900;18;10;0;0;20.7;11.6;34.9;32.2;27.6;756.2;50.3;49.4;47.3;41.4;32.5;394.4444444;155.5555556;611.1111111;2.1
14482800;18;10;0;0;21;11.6;35.2;32.3;27.9;651;50.4;49.7;48.1;41.7;32.2;394.4444444;130.5555556;405.5555556;2.4
14483700;18;10;0;0;21;11.6;35.4;32.4;27.5;612.8;50.1;49.7;48.8;41.9;32.2;394.4444444;130.5555556;405.5555556;2.4
14484600;15;12;1;0;17;13;35;32.4;26.7;612.8;47.1;47.6;46.2;41.9;32.2;394.4444444;130.5555556;405.5555556;2.4
14485500;16;12;0;0;19.3;12.3;34.4;32.3;27.4;612.8;45.2;45.6;44.8;41.1;32.2;394.4444444;130.5555556;405.5555556;2.4
14486400;15;13;0;0;19.3;14.4;34.3;32.4;28.5;506.2;44.5;45.2;44.4;41.3;30.9;391.6666667;100;150;1.1
14487300;15;12;0;0;19.3;14.2;34.4;32.5;29.2;467.4;43.9;44.6;44.1;41.3;30.9;391.6666667;100;150;1.1
14488200;14;12;0;0;19.3;13.9;34.8;32.5;28.5;467.4;43.3;44.2;43.6;41.2;30.9;391.6666667;100;150;1.1
14489100;13;12;0;0;19.3;13.9;34.9;32.6;27.6;467.4;42.5;43.6;42.9;41;30.9;391.6666667;100;150;1.1
14490000;13;12;0;0;19.3;13.9;33.5;32.2;29.1;352.4;41.5;42.8;41.9;40.8;29.7;388.8888889;63.88888889;75;0.7
14490900;13;13;0;0;19.8;13.9;32.7;32.1;32.2;310.6;40.5;41.9;41;40.8;29.7;388.8888889;63.88888889;75;0.7
14491800;13;13;0;0;19.8;14.4;31.9;31.9;37;310.6;39.6;41.2;40.1;40.8;29.7;388.8888889;63.88888889;75;0.7
14492700;13;13;0;0;20;14.5;31.2;31.5;40.3;310.6;38.9;40.5;39.5;40.8;29.7;388.8888889;63.88888889;75;0.7
14493600;13;14;0;0;20.3;14.9;30.5;30.6;42;203.2;38.2;39.9;38.8;40.8;28.7;383.3333333;30.55555556;38.88888889;0.8
14494500;14;16;0;0;20.3;16.9;29.9;30.3;43.8;164.1;37.6;39.3;38.2;40.7;28.7;383.3333333;30.55555556;38.88888889;0.8
14495400;14;16;0;0;20.3;17.4;29.5;30.1;43.9;164.1;37;38.7;37.7;40.3;28.7;383.3333333;30.55555556;38.88888889;0.8
14496300;15;14;0;1;18.6;15.2;29;29.7;44.8;164.2;36.4;37.7;36.7;39.7;28.7;383.3333333;30.55555556;38.88888889;0.8
14497200;16;11;0;0;20.1;13.5;28.5;28.2;46.1;84.3;35.5;36.8;35.9;39;26.4;377.7777778;0;0;0.9
14498100;16;11;0;0;20.1;12.9;27.8;27.6;46.8;55.3;34.9;36.2;35.4;38.9;26.4;377.7777778;0;0;0.9
14499000;16;10;0;0;20.1;12.5;27.3;27.6;48.1;55.3;34.2;35.6;34.9;38.7;26.4;377.7777778;0;0;0.9
14499900;16;10;0;0;20.1;12.5;27.1;27.6;48.2;55.3;33.7;35;34.4;38.4;26.4;377.7777778;0;0;0.9
14500800;16;10;0;0;20.1;12.1;26.7;26.5;49.8;16.6;33.2;34.5;34;38.1;25.9;369.4444444;0;0;1.4
14501700;16;10;0;0;20.1;12;26.4;26.1;50.6;2.5;32.7;33.9;33.6;37.8;25.9;369.4444444;0;0;1.4
14502600;16;11;0;0;20.4;12.9;26;26.4;51.8;2.5;32.3;33.4;33.2;37.4;25.9;369.4444444;0;0;1.4
14503500;16;14;0;0;20.6;15.1;25.6;27.1;51.8;2.5;31.8;32.8;32.7;37;25.9;369.4444444;0;0;1.4
14504400;17;13;0;0;20.6;15.1;25.5;26.4;52.2;0.7;31.4;32.3;32.3;36.6;24.8;363.8888889;0;0;2.8
14505300;17;13;0;0;20.9;15.1;25.2;26.1;52.9;0;31.1;31.9;31.9;36.2;24.8;363.8888889;0;0;2.8
14506200;17;13;0;0;21.1;15.1;25;26.1;54.5;0;30.8;31.5;31.6;35.9;24.8;363.8888889;0;0;2.8
14507100;17;13.5;0;0;21.35;15.15;24.65;25.5;55.35;0;30.4;31.05;31.25;35.5;24.8;363.8888889;0;0;2.8
14508000;17;14;0;0;21.6;15.2;24.3;24.9;56.2;0;30;30.6;30.9;35.1;23.2;358.3333333;0;0;2.2
14508900;18;14;0;0;21.6;15.6;24;24.9;57.4;0;29.6;30.2;30.6;34.8;23.2;358.3333333;0;0;2.2
14509800;18;15;0;0;21.6;15.7;23.8;24.9;59.4;0;29.3;29.8;30.3;34.5;23.2;358.3333333;0;0;2.2
14510700;18;15;0;0;22;16.1;23.4;24.9;60.9;0;28.9;29.4;30;34.1;23.2;358.3333333;0;0;2.2
14511600;18;17;0;0;22.1;17.9;23.2;23.6;61.8;0;28.5;28.9;29.6;33.7;22.3;352.7777778;0;0;1.5
14512500;18;17;0;0;22.1;18.1;23;23.5;61.8;0;28;28.6;29.3;33.3;22.3;352.7777778;0;0;1.5
14513400;18;17;0;0;22.4;18.1;22.9;23.5;62;0;27.7;28.3;29;33;22.3;352.7777778;0;0;1.5
14514300;19;17;0;0;22.6;18.1;22.6;23.5;63.2;0;27.5;27.9;28.8;32.7;22.3;352.7777778;0;0;1.5
14515200;19;17;0;0;22.6;18.1;22.4;22.4;63.7;0;27.2;27.6;28.5;32.4;20.6;347.2222222;0;0;1.1
14516100;19;17;0;0;22.8;18.1;22.3;22.2;64;0;26.9;27.2;28.2;32.1;20.6;347.2222222;0;0;1.1
14517000;17;18;0;0;20.1;19.3;22;22.2;65.7;0;25.3;25.3;26.5;31.8;20.6;347.2222222;0;0;1.1
14517900;16;14;0;0;18.6;17.9;21.7;22.2;66.4;0;24.6;23;27;31.6;20.6;347.2222222;0;0;1.1
14518800;16;14;0;0;17.8;19;21.5;21.3;67;0;26.2;21.5;28.2;31.2;20.3;347.2222222;0;0;2
14519700;17;16;0;0;18.3;20.9;21.5;21.1;67;0;26.3;21;27.4;31.1;20.3;347.2222222;0;0;2
14520600;16;17;0;0;18;20.7;21.4;21.3;67.1;0;25.5;20.8;26.6;30.9;20.3;347.2222222;0;0;2
14521500;16;12;0;0;17.8;15.8;21.3;21.7;67.3;0;23.8;20.5;24.9;30.6;20.3;347.2222222;0;0;2
14522400;16;10;0;0;18.1;12.5;21.1;21;69.1;0;23.2;20.2;23.9;30.5;18.3;347.2222222;0;0;2.4
14523300;16;11;0;0;18.7;12.8;20.9;20.8;69.7;0;24.8;19.9;22.2;30.3;18.3;347.2222222;0;0;2.4
14524200;17;12;0;0;19;13.6;20.9;20.1;70;0;25.2;19.8;21.7;30.1;18.3;347.2222222;0;0;2.4
14525100;17;13;0;0;19.3;14.1;20.8;19.7;70.5;0;25.2;19.7;21.3;29.9;18.3;347.2222222;0;0;2.4
14526000;17;13;0;0;19.8;14.6;20.6;19.2;69.8;0;24.9;19.5;21.1;29.7;19.9;352.7777778;22.22222222;30.55555556;1.5
14526900;17;14;0;0;20.1;15;21.2;19.2;64.4;0;24.3;19.6;21.1;29.5;19.9;352.7777778;22.22222222;30.55555556;1.5
14527800;18;14;0;0;20.3;15.4;21.3;19.5;64.7;0;23.9;19.8;21.1;29.4;19.9;352.7777778;22.22222222;30.55555556;1.5
14528700;18;17;0;0;20.4;17.6;21.1;19.7;66.4;0;23.5;19.8;21;29.2;19.9;352.7777778;22.22222222;30.55555556;1.5
14529600;18;17;0;0;20.8;18.1;21.1;19.5;66.2;11.1;22.7;19.9;21.1;29.1;20.3;350;63.88888889;152.7777778;1.7
14530500;18;17;0;0;20.8;18.1;21.4;19.5;67;12.8;21.7;19.9;21.1;29.1;20.3;350;63.88888889;152.7777778;1.7
14531400;19;17;0;0;20.8;18.5;21.5;18.8;67.6;12.8;21.8;20.1;21.1;29.1;20.3;350;63.88888889;152.7777778;1.7
14532300;19;18;0;0;20.6;19.8;22;18.1;67.6;12.8;23.4;20.4;21.2;29.2;20.3;350;63.88888889;152.7777778;1.7
14533200;19;18;0;0;20.1;20.6;22.6;18.7;64.7;77.3;24.2;20.7;21.6;29.1;22.5;352.7777778;88.88888889;308.3333333;1.7
14534100;19;19;0;0;19.8;20.9;23.1;18.9;61.4;93.4;25.5;21.4;22.8;29;22.5;352.7777778;88.88888889;308.3333333;1.7
14535000;19;19;0;0;19.8;21.1;23.7;19.6;60;93.4;26.7;22.8;24.6;29.1;22.5;352.7777778;88.88888889;308.3333333;1.7
14535900;19;19;0;0;19.8;21.1;24;20.5;59.7;93.4;28.3;24;26.6;29.1;22.5;352.7777778;88.88888889;308.3333333;1.7
14536800;17;20;0;1;18.7;22.1;24.6;21.8;57.8;212.8;29.2;25.3;28;28.5;24.7;361.1111111;111.1111111;469.4444444;1.9
14537700;17;17;0;0;19.3;20.2;25.1;22;56.5;231.2;30.5;26.6;29.4;28.5;24.7;361.1111111;111.1111111;469.4444444;1.9
14538600;18;16;0;0;19.8;18.7;25.6;22;54.2;233.2;31.9;28;31.2;28.6;24.7;361.1111111;111.1111111;469.4444444;1.9
14539500;18;14;0;0;19.8;17.1;26.1;22;52.7;235.5;33.3;29.4;33.1;28.7;24.7;361.1111111;111.1111111;469.4444444;1.9
14540400;18;12;0;0;20.1;14.6;26.6;23.8;51.9;374.5;34.5;31;35.2;28.9;26.4;369.4444444;144.4444444;588.8888889;2.8
14541300;18;11;0;0;20.3;13.8;27.1;24.2;50.4;409.2;35.7;32.6;37.1;29.1;26.4;369.4444444;144.4444444;588.8888889;2.8
14542200;19;11;0;0;20.3;13.2;27.5;24.4;49.1;409.2;36.8;34.2;38.8;29.4;26.4;369.4444444;144.4444444;588.8888889;2.8
14543100;19;11;0;0;20.8;13.1;27.8;24.7;48.7;409.2;37.7;35.7;40.2;29.6;26.4;369.4444444;144.4444444;588.8888889;2.8
14544000;19;11;0;0;20.8;13.1;28.4;26.3;47.7;524;39;37.2;41.5;29.9;27.7;377.7777778;169.4444444;744.4444444;2.4
14544900;19;11;0;0;21.1;12.6;28.9;26.7;45.6;552.7;40.4;38.8;42.7;30.2;27.7;377.7777778;169.4444444;744.4444444;2.4
14545800;20;10;0;0;21.3;12.6;29.3;26.7;43.9;552.7;41.7;40.3;43.8;30.6;27.7;377.7777778;169.4444444;744.4444444;2.4
14546700;20;13;0;0;21.4;14.8;29.9;26.8;43.5;552.7;43.3;41.9;44.9;31.2;27.7;377.7777778;169.4444444;744.4444444;2.4
14547600;20;13;0;0;21.8;15.1;30;28.1;43.3;689.5;44.6;43.3;45.7;31.8;28.9;383.3333333;166.6666667;816.6666667;1.9
14548500;20;11;0;0;21.8;13.3;30.5;28.4;42.5;723.7;45.8;44.6;46.4;32.4;28.9;383.3333333;166.6666667;816.6666667;1.9
14549400;20;10;0;0;22.1;12;31;28.3;41.1;716.5;47;45.8;46.9;33;28.9;383.3333333;166.6666667;816.6666667;1.9
14550300;21;10;0;0;22.3;11.7;31.2;28.1;40.2;708.2;48.3;46.9;47.4;33.6;28.9;383.3333333;166.6666667;816.6666667;1.9
14551200;21;10;0;0;22.3;11.7;31.4;29.1;38.7;777;49.4;48.1;47.7;34.3;30.7;391.6666667;188.8888889;852.7777778;1.6
14552100;21;10;0;0;22.7;11.7;31.8;29.4;37.5;794.2;50.5;49.2;48.1;34.9;30.7;391.6666667;188.8888889;852.7777778;1.6
14553000;21;9;0;0;22.8;11.2;32.2;29.3;34.9;783.2;51.4;50.3;48.4;35.5;30.7;391.6666667;188.8888889;852.7777778;1.6
14553900;21;10;0;0;22.8;11.2;32.5;29.1;32.5;770.6;52.3;51.3;48.7;36.2;30.7;391.6666667;188.8888889;852.7777778;1.6
14554800;15;13;1;0;17.1;13.8;32.7;29.9;31.7;803;49.3;48.3;47.4;38.8;31.5;397.2222222;244.4444444;841.6666667;1.6
14555700;17;13;0;0;19.8;14.3;33.1;30.2;29.1;814.8;49.7;48.1;47;37.6;31.5;397.2222222;244.4444444;841.6666667;1.6
14556600;17;12;0;0;19.9;13.7;33.3;30.1;31.1;814.8;51.4;49.7;47.5;38.6;31.5;397.2222222;244.4444444;841.6666667;1.6
14557500;17;11;0;0;20.3;13.4;33.7;30;29.9;814.8;52.6;51;48.4;39.5;31.5;397.2222222;244.4444444;841.6666667;1.6
14558400;15;11;1;2;17;13.5;34.2;30.6;30;835.5;51.4;50.9;48.5;42;32.5;400;263.8888889;791.6666667;1.2
14559300;16;11;0;0;18.8;11.7;34.7;30.8;28.8;843;49.9;48.4;47.3;40.6;32.5;400;263.8888889;791.6666667;1.2
14560200;16;10;0;0;19.1;11.7;34.6;31.1;27.7;843;51.7;49.9;48;41.5;32.5;400;263.8888889;791.6666667;1.2
14561100;16;10;0;0;19.4;11.7;34.6;31.5;28.1;843;52.6;50.8;48.5;42.1;32.5;400;263.8888889;791.6666667;1.2
14562000;14;11;1;1;16.9;12.5;34.8;31.9;27.8;815.7;51.8;50.9;48.7;43.9;32.4;400;247.2222222;683.3333333;1.5
14562900;15;11;0;0;17.6;12.1;34.9;32;26.8;805.8;48.1;47.5;46.6;41.8;32.4;400;247.2222222;683.3333333;1.5
14563800;15;13;0;0;18.3;13.2;35.1;32;27.2;805.8;50;48.6;47.4;42.8;32.4;400;247.2222222;683.3333333;1.5
14564700;16;13;0;0;18.3;14;34.9;32;25.9;805.8;50.7;49.4;47.9;43;32.4;400;247.2222222;683.3333333;1.5
14565600;16;11;0;0;18.7;13.3;35.2;32.1;24.9;743.9;51.2;49.9;48.3;43.2;32.8;397.2222222;227.7777778;583.3333333;1.4
14566500;15;12;1;1;17.6;13.4;35.2;32.2;24.4;721.4;51.2;50.1;48.6;44;32.8;397.2222222;227.7777778;583.3333333;1.4
14567400;14;11;0;0;17.2;12.4;35.5;32.4;22.3;721.4;48.1;47.9;46.7;42.6;32.8;397.2222222;227.7777778;583.3333333;1.4
14568300;16;11;0;0;18.2;12.3;35.6;32.7;22.7;721.4;49.2;48.4;47.6;43.4;32.8;397.2222222;227.7777778;583.3333333;1.4
14569200;16;11;0;0;18.4;12.3;35.8;32.6;23;624.6;49.9;49.2;48.5;43.7;33;394.4444444;194.4444444;455.5555556;3.8
14570100;16;11;0;0;18.7;12.3;35.5;32.6;22.9;589.4;49.9;49.4;49.1;43.9;33;394.4444444;194.4444444;455.5555556;3.8
14571000;15;11;0;0;18.7;12.3;35.5;32.5;24;589.4;49.4;49.3;49.3;43.9;33;394.4444444;194.4444444;455.5555556;3.8
14571900;15;12;0;0;18.7;12.7;35.9;32.4;25.7;589.4;49;49.1;49.5;44;33;394.4444444;194.4444444;455.5555556;3.8
14572800;15;13;0;0;19.1;14.3;36.2;32.3;24;471.7;48.7;48.8;49.6;44;32.4;394.4444444;105.5555556;191.6666667;4.6
14573700;14;13;0;0;19.2;14.3;36.3;32.3;24.3;428.9;48;48.3;49.1;44;32.4;394.4444444;105.5555556;191.6666667;4.6
14574600;14;13;0;0;19.2;14.3;38;32.5;21.8;428.9;47.3;48.1;48.7;44;32.4;394.4444444;105.5555556;191.6666667;4.6
14575500;13;13;0;0;19.2;14.3;38.2;32.7;22.2;428.9;46.5;47.6;47.9;43.8;32.4;394.4444444;105.5555556;191.6666667;4.6
14576400;13;13;0;0;19;14.3;34.6;32.2;27.6;316.7;45.2;46.5;46.5;43.5;30.3;391.6666667;41.66666667;41.66666667;4.6
14577300;13;13;0;0;18.7;14.5;33;32;30;275.9;43.6;44.9;44.9;43.3;30.3;391.6666667;41.66666667;41.66666667;4.6
14578200;13;13;0;0;18.7;14.8;31.8;32.2;34.2;275.9;42.3;43.6;43.5;43;30.3;391.6666667;41.66666667;41.66666667;4.6
14579100;13;14;0;0;18.7;15;31;32.4;37.4;275.9;41.1;42.4;42.2;42.6;30.3;391.6666667;41.66666667;41.66666667;4.6
14580000;13;14;0;0;18.7;15.3;30.4;31.5;39.4;174.9;40.1;41.4;41.1;42.3;29.4;388.8888889;33.33333333;36.11111111;5
14580900;13;16;0;0;18.7;17.1;30.1;31.2;38;138.2;39.2;40.4;40;41.7;29.4;388.8888889;33.33333333;36.11111111;5
14581800;14;16;0;0;17.8;17.2;29.8;31.2;41.5;138.8;38.4;39.4;38.9;41;29.4;388.8888889;33.33333333;36.11111111;5
14582700;16;12;0;0;19;14.7;29.2;31.3;43.4;139.8;37.5;38.6;37.8;40.2;29.4;388.8888889;33.33333333;36.11111111;5
14583600;16;11;0;0;19;13.8;28.6;30;44.7;69.8;36.8;37.9;37.2;40.2;27.3;383.3333333;0;0;5.3
14584500;16;11;0;0;19;13;28;29.5;46.5;44.4;36;37.2;36.6;39.8;27.3;383.3333333;0;0;5.3
14585400;16;11;0;0;19.2;12.8;27.5;29.2;48.6;44.4;35.2;36.4;35.9;39.5;27.3;383.3333333;0;0;5.3
14586300;16;11;0;0;19.5;12.7;27.2;28.6;48.7;44.4;34.5;35.7;35.4;39.1;27.3;383.3333333;0;0;5.3
14587200;16;10;0;0;19.5;12.3;27.1;27.3;48.7;2.4;33.9;35.1;34.8;38.7;26;397.2222222;0;0;5.9
14588100;16;10;0;0;19.8;12.3;27.2;27.3;49.9;2.4;33.4;34.5;34.3;38.3;26;397.2222222;0;0;5.9
14589000;16;12;0;0;20;13.3;27.5;27.8;52.3;2.4;33;34;33.8;37.8;26;397.2222222;0;0;5.9
14589900;17;14;0;0;20;15.4;27.6;28.1;54.6;2.4;32.4;33.4;33.2;37.3;26;397.2222222;0;0;5.9
14590800;17;14;0;0;20.4;15.4;27.6;27.2;55.2;0.2;32.1;32.9;32.9;36.9;25.9;397.2222222;0;0;2.1
14591700;17;14;0;0;20.6;15.4;27.9;27.1;54.9;0;31.8;32.6;32.6;36.6;25.9;397.2222222;0;0;2.1
14592600;17;14;0;0;21;15.4;28;26.8;54.2;0;31.5;32.3;32.2;36.4;25.9;397.2222222;0;0;2.1
14593500;17.5;14.5;0;0;21.15;15.65;27.65;25.95;54.9;0;31.15;31.9;31.85;36.05;25.9;397.2222222;0;0;2.1
14594400;18;15;0;0;21.3;15.9;27.3;25.1;55.6;0;30.8;31.5;31.5;35.7;24.7;388.8888889;0;0;1.5
14595300;18;15;0;0;21.5;16.2;27;24.9;55.5;0;30.5;31.2;31.3;35.4;24.7;388.8888889;0;0;1.5
14596200;18;15;0;0;21.5;16.4;26.8;24.9;55.8;0;30.3;30.9;31.1;35.1;24.7;388.8888889;0;0;1.5
14597100;18;15;0;0;21.8;16.7;26.6;24.9;54;0;30;30.6;30.9;34.7;24.7;388.8888889;0;0;1.5
14598000;19;18;0;0;22;18.5;26.2;23.8;51.7;0;29.7;30.2;30.5;34.5;24.2;405.5555556;0;0;1
14598900;19;18;0;0;22;18.9;26;23.5;52.1;0;29.3;29.9;30.2;34.1;24.2;405.5555556;0;0;1
14599800;19;17;0;0;22.5;18.9;25.9;23.5;50.2;0;29.1;29.6;30;33.8;24.2;405.5555556;0;0;1
14600700;19;17;0;0;22.5;18.9;25.9;23.5;47.3;0;28.8;29.4;29.7;33.5;24.2;405.5555556;0;0;1
14601600;20;17;0;0;22.8;18.9;26;23.4;46.1;0;28.7;29.2;29.6;33.3;23.7;405.5555556;0;0;0.7
14602500;20;17;0;0;23;18.9;26.1;23.4;47.7;0;28.5;29;29.4;33;23.7;405.5555556;0;0;0.7
14603400;20;18;0;0;23;18.9;25.5;23.4;52.7;0;28.3;28.8;29.2;32.8;23.7;405.5555556;0;0;0.7
14604300;19;18;0;0;22.2;19.3;25.4;23.4;52.1;0;27.7;28.1;28.5;32.6;23.7;405.5555556;0;0;0.7
14605200;18;15;0;0;20.9;18.8;25.3;22.7;53.7;0;26.6;27;27.7;32.4;22.4;405.5555556;0;0;1.2
14606100;18;14;0;0;21.4;16.7;24.8;22.6;56.8;0;26.3;26.8;27.6;32.3;22.4;405.5555556;0;0;1.2
14607000;18;14;0;0;21.4;16.8;24.8;22.7;59.4;0;26.1;26.6;27.5;32.1;22.4;405.5555556;0;0;1.2
14607900;18;12;0;0;21.8;14.4;24.6;22.9;60.1;0;26;26.4;27.3;31.9;22.4;405.5555556;0;0;1.2
14608800;18;11;0;0;21.9;13.1;24.6;22.1;60.3;0;26;26.3;27.3;31.7;21.1;386.1111111;0;0;1.2
14609700;18;10;0;0;21.9;12.6;24.3;21.9;62.3;0;25.7;26.1;27;31.5;21.1;386.1111111;0;0;1.2
14610600;18;10;0;0;22.1;12.5;24.1;22.3;64.8;0;25.5;25.9;26.9;31.4;21.1;386.1111111;0;0;1.2
14611500;18;11;0;0;22.4;12.6;23.7;22.8;66.3;0;25.6;25.8;26.9;31.2;21.1;386.1111111;0;0;1.2
14612400;19;12;0;0;22.4;13;23.5;22.3;67.1;0;25.6;25.6;26.8;31;20.8;383.3333333;16.66666667;16.66666667;1.4
14613300;19;12;0;0;22.8;13.5;23.5;22.3;67.2;0;25.6;25.5;26.7;30.8;20.8;383.3333333;16.66666667;16.66666667;1.4
14614200;19;13;0;0;22.9;13.9;23.4;22.1;68;0;25.6;25.3;26.5;30.6;20.8;383.3333333;16.66666667;16.66666667;1.4
14615100;20;15;0;0;22.9;16.4;23.2;22;69.2;0;25.6;25;26.3;30.4;20.8;383.3333333;16.66666667;16.66666667;1.4
14616000;20;16;0;0;23.1;16.6;23.5;21.5;68.7;6.7;25.5;25;26.2;30.3;21;366.6666667;66.66666667;102.7777778;1.7
14616900;20;15;0;0;23.4;16.6;23.6;21.4;68.1;7.7;25.6;25.1;26.2;30.2;21;366.6666667;66.66666667;102.7777778;1.7
14617800;20;15;0;0;23.4;16.6;23.6;21;68.6;7.7;25.6;25;26.2;30.1;21;366.6666667;66.66666667;102.7777778;1.7
14618700;21;16;0;0;23.9;16.6;24;20.6;67.8;7.7;26;25.2;26.4;29.9;21;366.6666667;66.66666667;102.7777778;1.7
14619600;21;16;0;0;23.9;17;24.3;20.8;67;62.4;26.6;25.4;26.9;29.8;22.9;363.8888889;113.8888889;288.8888889;2.4
14620500;22;16;0;0;24.1;17.1;24.5;20.8;66.4;70.8;27.3;25.8;27.4;29.7;22.9;363.8888889;113.8888889;288.8888889;2.4
14621400;22;16;0;0;24.4;17.1;24.9;21;65.3;70.8;28.2;26.4;28.2;29.7;22.9;363.8888889;113.8888889;288.8888889;2.4
14622300;23;16;0;0;24.6;17.6;25.4;21.1;63.6;70.8;29.2;27.1;29.1;29.7;22.9;363.8888889;113.8888889;288.8888889;2.4
14623200;23;18;0;0;24.9;18.3;25.6;22;62.4;160.9;30;27.9;30;29.7;24.8;369.4444444;138.8888889;455.5555556;3.1
14624100;23;19;0;0;25.1;19.5;26;22.1;61.2;174.8;31;29;31.1;29.6;24.8;369.4444444;138.8888889;455.5555556;3.1
14625000;23;19;0;0;25.4;19.9;26.5;22;59.5;173;32.2;30;32.4;29.7;24.8;369.4444444;138.8888889;455.5555556;3.1
14625900;24;19;0;0;25.5;20.1;27;22;57;171.5;33.5;30.9;34;29.8;24.8;369.4444444;138.8888889;455.5555556;3.1
14626800;21;18;0;0;24.1;20.5;27.2;23.2;55.7;295.2;33.9;31.8;35;29.6;25.8;375;152.7777778;611.1111111;2.7
14627700;22;14;0;0;24.9;16.9;27.5;23.4;53.9;314.2;35.5;32.9;36.4;29.8;25.8;375;152.7777778;611.1111111;2.7
14628600;22;12;0;0;25.3;14.9;27.8;23.9;53.1;314.2;37.2;34.5;38.4;30.2;25.8;375;152.7777778;611.1111111;2.7
14629500;22;12;0;0;25.3;14.1;28.2;24.3;52.8;314.2;38.6;36.2;40.3;30.6;25.8;375;152.7777778;611.1111111;2.7
14630400;23;12;0;0;25.4;13.6;28.6;25.5;51.8;436;40;38;42.2;30.9;27.2;383.3333333;205.5555556;708.3333333;3
14631300;23;11;0;0;25.8;13.2;28.9;25.7;51.1;454.7;41.5;39.6;43.7;31.3;27.2;383.3333333;205.5555556;708.3333333;3
14632200;23;11;0;0;25.8;13;29.5;26;49.5;454.7;42.9;41.1;44.8;31.8;27.2;383.3333333;205.5555556;708.3333333;3
14633100;23;14;0;0;25.8;15.1;29.8;26.3;47.9;454.7;44;42.5;45.4;32.3;27.2;383.3333333;205.5555556;708.3333333;3
14634000;23;14;0;0;25.9;15.6;30.1;27.3;47.3;570.1;45;43.6;46;32.9;28.6;391.6666667;211.1111111;800;3.2
14634900;24;11;0;0;26.3;14;30.4;27.5;46.3;598.9;46;44.7;46.5;33.4;28.6;391.6666667;211.1111111;800;3.2
14635800;24;11;0;0;26.3;12.9;30.8;27.3;46.3;600.6;47;45.8;46.9;33.9;28.6;391.6666667;211.1111111;800;3.2
14636700;24;10;0;0;26.3;12.5;31.2;27.1;45;602.5;48;46.8;47.4;34.5;28.6;391.6666667;211.1111111;800;3.2
14637600;24;10;0;0;26.3;12.2;31.1;28.1;44.7;696.1;48.7;47.7;47.6;34.9;29.8;394.4444444;288.8888889;800;3.1
14638500;24;10;0;0;26.5;12;31.5;28.3;45.2;719.5;49.6;48.5;47.8;35.3;29.8;394.4444444;288.8888889;800;3.1
14639400;24;10;0;0;26.8;12;31.9;28.3;45.1;719.6;50.2;49.2;47.9;35.7;29.8;394.4444444;288.8888889;800;3.1
14640300;24;10;0;0;26.8;12;32.1;28.4;44.7;719.8;50.6;49.7;48.1;36.1;29.8;394.4444444;288.8888889;800;3.1
14641200;17;14;1;3;20.1;14.7;32;29.1;42.7;775.6;48.1;48.1;46.7;37.5;30.5;400;322.2222222;827.7777778;4.4
14642100;20;14;0;0;22.8;15;32.2;29.3;40.1;795.9;46.9;46.3;45.4;36.4;30.5;400;322.2222222;827.7777778;4.4
14643000;20;12;0;0;22.9;14.4;32.3;29.4;39.5;795.9;48.4;48;46;37.1;30.5;400;322.2222222;827.7777778;4.4
14643900;20;11;0;0;22.9;13;32.2;29.5;41;795.9;49;49.2;46.2;37.5;30.5;400;322.2222222;827.7777778;4.4
14644800;20;11;0;0;23.1;12.5;32.7;30.1;40.4;780.9;49.4;49.9;46.5;37.9;30.9;405.5555556;316.6666667;805.5555556;4.6
14645700;16;12;1;0;18.4;13.7;33.6;30.3;39.2;775.5;47.3;48.3;45.8;40;30.9;405.5555556;316.6666667;805.5555556;4.6
14646600;18;11;0;0;21.3;12.4;34.4;30.4;36.3;775.5;48.4;48;46;39.2;30.9;405.5555556;316.6666667;805.5555556;4.6
14647500;18;11;0;0;21.8;12.4;34.7;30.6;32.9;775.5;50.4;50;47;39.9;30.9;405.5555556;316.6666667;805.5555556;4.6
14648400;18;11;0;0;21.8;12.4;34.7;31;31.2;732.5;51.6;51.1;47.9;40.3;31.9;402.7777778;266.6666667;697.2222222;4.3
14649300;16;12;1;0;17.9;13.2;34.7;31.1;30.8;716.9;50.3;50.4;47.8;42;31.9;402.7777778;266.6666667;697.2222222;4.3
14650200;17;13;0;0;19.8;13.6;34.8;31.1;31.3;716.9;48.1;47.9;46.5;40.5;31.9;402.7777778;266.6666667;697.2222222;4.3
14651100;17;13;0;0;20;14.7;34.6;31.1;31.9;716.9;49.9;49;47.2;41.3;31.9;402.7777778;266.6666667;697.2222222;4.3
14652000;17;11;0;0;20.4;13.6;34.7;31.2;32.4;645.3;50.7;49.9;47.7;41.7;32;413.8888889;266.6666667;583.3333333;3.5
14652900;17;11;0;0;20.4;12.8;35;31.3;34.6;619.3;50.9;50.2;48.2;42;32;413.8888889;266.6666667;583.3333333;3.5
14653800;15;12;1;0;17.1;13.2;35.5;31.3;33.8;619.3;48.1;48.4;46.8;42.4;32;413.8888889;266.6666667;583.3333333;3.5
14654700;16;11;0;0;19.4;12.4;34.8;31.2;34.7;619.3;47.8;47.9;46.7;41.9;32;413.8888889;266.6666667;583.3333333;3.5
14655600;16;11;0;0;19.4;12.4;34.6;31.2;34.7;540.8;47.6;48.1;46.8;42;31.8;408.3333333;211.1111111;433.3333333;2.3
14656500;15;11;0;0;19.4;12.4;34.9;31.2;34.3;512.3;47.1;47.8;46.7;41.9;31.8;408.3333333;211.1111111;433.3333333;2.3
14657400;16;11;0;0;19.6;12.4;35.3;31.5;33.6;512.3;46.7;47.4;46.9;41.9;31.8;408.3333333;211.1111111;433.3333333;2.3
14658300;16;12;0;0;19.9;13.3;35;32;34.2;512.3;46.3;47.1;47.1;41.8;31.8;408.3333333;211.1111111;433.3333333;2.3
14659200;15;14;0;0;19.9;15.4;34.9;31.9;34.6;420.6;45.5;46.5;46.7;41.7;31.4;405.5555556;144.4444444;300;2.3
14660100;15;14;0;0;19.9;15.4;35.1;31.9;34.2;387.2;44.9;46;46.2;41.6;31.4;405.5555556;144.4444444;300;2.3
14661000;14;14;0;0;20.3;15.4;36.2;32;32.2;387.2;44.2;45.7;45.7;41.6;31.4;405.5555556;144.4444444;300;2.3
14661900;14;14;0;0;20.4;15.4;38.4;32.1;28.8;387.2;43.4;45.3;44.9;41.5;31.4;405.5555556;144.4444444;300;2.3
14662800;14;14;0;0;20.4;15.4;37.6;31.8;30.3;293.1;42.5;44.7;44.1;41.3;30.4;402.7777778;97.22222222;144.4444444;2.9
14663700;14;14;0;0;20.4;15.4;37.3;31.7;31.7;258.9;41.7;44.1;43.3;41.1;30.4;402.7777778;97.22222222;144.4444444;2.9
14664600;15;14;1;1;18.9;15.1;35.4;31.6;33.6;258.9;40.8;43.4;42.1;40.9;30.4;402.7777778;97.22222222;144.4444444;2.9
14665500;17;12;0;0;19.7;13.3;33.6;31.5;37.1;258.9;39.4;42.2;40.9;40.1;30.4;402.7777778;97.22222222;144.4444444;2.9
14666400;16;11;0;0;19.7;13.3;32.9;30.8;38.5;164.2;38.8;41.6;40.3;40.1;29.3;400;27.77777778;30.55555556;4.4
14667300;16;14;0;0;19.7;15.1;32.5;30.5;39.5;129.7;38.1;40.9;39.7;39.9;29.3;400;27.77777778;30.55555556;4.4
14668200;16;13;0;0;20;15.3;32.1;30.5;40.5;131.1;37.4;40;39;39.7;29.3;400;27.77777778;30.55555556;4.4
14669100;16;12;0;0;20.2;14;31.6;30.4;41.9;133.1;36.8;39.2;38.4;39.5;29.3;400;27.77777778;30.55555556;4.4
14670000;16;11;0;0;20.2;13.4;31.1;29.3;44.3;67.2;36.1;38.5;37.8;39.3;28;402.7777778;0;0;3.1
14670900;16;11;0;0;20.4;13.3;30.4;28.9;47.6;43.3;35.6;37.9;37.2;39.1;28;402.7777778;0;0;3.1
14671800;17;11;0;0;20.7;12.9;30;28.9;48.2;43.3;35.1;37.4;36.7;38.8;28;402.7777778;0;0;3.1
14672700;17;11;0;0;20.7;13;29.6;28.9;50;43.3;34.7;36.8;36.2;38.5;28;402.7777778;0;0;3.1
14673600;17;12;0;0;21.2;13.4;29.1;27.6;52.2;1.2;34.3;36.3;35.8;38.2;27.1;411.1111111;0;0;3.1
14674500;17;12;0;0;21.2;13.9;28.7;27.6;53;1.2;33.9;35.8;35.4;37.9;27.1;411.1111111;0;0;3.1
14675400;17;14;0;0;21.5;15.1;28.6;27.8;53.4;1.2;33.6;35.4;35;37.6;27.1;411.1111111;0;0;3.1
14676300;18;16;0;0;21.7;16.9;28.4;28;54.7;1.2;33.2;34.8;34.5;37.3;27.1;411.1111111;0;0;3.1
14677200;18;16;0;0;21.7;16.9;28.4;26.8;55.4;0.1;32.9;34.4;34.3;36.9;27.2;416.6666667;0;0;3.9
14678100;18;15;0;0;21.9;16.9;28.4;26.7;55.2;0;32.6;34.1;34;36.7;27.2;416.6666667;0;0;3.9
14679000;18;16;0;0;22.2;16.9;28.2;26.9;55.8;0;32.4;33.8;33.7;36.4;27.2;416.6666667;0;0;3.9
14679900;18.5;16;0;0;22.35;17.05;28.1;26.45;56.45;0;32.1;33.45;33.4;36.15;27.2;416.6666667;0;0;3.9
14680800;19;16;0;0;22.5;17.2;28;26;57.1;0;31.8;33.1;33.1;35.9;25.4;405.5555556;0;0;2.9
14681700;19;16;0;0;22.7;17.4;27.9;25.9;57.2;0;31.6;32.8;32.9;35.6;25.4;405.5555556;0;0;2.9
14682600;19;16;0;0;22.7;17.5;27.8;25.9;57.5;0;31.3;32.5;32.6;35.3;25.4;405.5555556;0;0;2.9
14683500;19;17;0;0;22.9;17.9;27.6;25.9;58.9;0;31.1;32.2;32.3;35.1;25.4;405.5555556;0;0;2.9
14684400;20;19;0;0;23.2;19.5;27.4;24.9;58.9;0;30.8;31.8;32;34.9;26.1;405.5555556;0;0;1.3
14685300;18;18;0;0;20.6;19.7;27.1;24.7;59.9;0;29.6;30.5;30.8;34.5;26.1;405.5555556;0;0;1.3
14686200;18;13;0;0;21.6;16.1;26.7;24.7;60.8;0;29.4;30.3;30.8;34.2;26.1;405.5555556;0;0;1.3
14687100;18;12;0;0;22;14;26.8;24.7;60.3;0;29.2;30.1;30.7;34.2;26.1;405.5555556;0;0;1.3
14688000;18;11;0;0;22;13.1;26.9;23.7;60.3;0;29.2;29.9;30.5;34.1;26;411.1111111;0;0;1.1
14688900;18;11;0;0;22;12.9;26.7;23.4;59.8;0;29;29.7;30.4;34;26;411.1111111;0;0;1.1
14689800;18;11;0;0;22.5;12.9;26.8;23.4;57.7;0;28.9;29.5;30.2;33.8;26;411.1111111;0;0;1.1
14690700;19;11;0;0;22.5;12.5;27;23.4;56.4;0;28.9;29.5;30.1;33.7;26;411.1111111;0;0;1.1
14691600;19;11;0;0;22.8;12.4;27.1;23.4;55.4;0;28.9;29.4;30.1;33.5;26.4;394.4444444;0;0;2.2
14692500;19;13;0;0;23;14;27.5;23.4;52.3;0;28.9;29.3;30;33.4;26.4;394.4444444;0;0;2.2
14693400;20;15;0;0;23;15.9;27.6;24.3;51.4;0;28.9;29.2;29.9;33.2;26.4;394.4444444;0;0;2.2
14694300;20;15;0;0;23.5;15.9;27.4;25.4;52.1;0;28.7;29.2;29.8;33.1;26.4;394.4444444;0;0;2.2
14695200;20;15;0;0;23.5;15.9;27.1;24.4;52.6;0;28.7;29.1;29.7;33;24.5;400;0;0;2.4
14696100;20;15;0;0;23.6;15.9;26.9;24.2;53;0;28.6;29;29.6;32.8;24.5;400;0;0;2.4
14697000;20;15;0;0;24;16.4;26.9;24.7;53;0;28.5;28.9;29.5;32.7;24.5;400;0;0;2.4
14697900;21;15;0;0;24;16.4;26.7;25.3;54;0;28.4;28.8;29.4;32.5;24.5;400;0;0;2.4
14698800;21;16;0;0;24;16.8;26.5;24.5;57.4;0;28.3;28.6;29.3;32.4;22.9;405.5555556;16.66666667;16.66666667;2
14699700;21;16;0;0;24.2;16.9;26.1;24.3;60.2;0;28.2;28.4;29.2;32.2;22.9;405.5555556;16.66666667;16.66666667;2
14700600;21;16;0;0;24.5;17.3;26;25;61.5;0;28.1;28.3;29;32;22.9;405.5555556;16.66666667;16.66666667;2
14701500;21;18;0;0;24.5;19;26;26;61.5;0;28;28.1;28.9;31.8;22.9;405.5555556;16.66666667;16.66666667;2
14702400;21;18;0;0;24.5;19.4;26.2;25.1;61.4;4.5;27.8;28;28.7;31.7;23;397.2222222;77.77777778;77.77777778;1.5
14703300;21;18;0;0;24.7;19.4;26.4;24.8;61.6;6.1;27.9;28;28.7;31.6;23;397.2222222;77.77777778;77.77777778;1.5
14704200;21;18;0;0;25;19.4;26.3;24.4;62;6.1;27.9;28;28.7;31.5;23;397.2222222;77.77777778;77.77777778;1.5
14705100;22;18;0;0;25;19.4;26.4;23.9;62.2;6.1;27.8;28;28.7;31.4;23;397.2222222;77.77777778;77.77777778;1.5
14706000;22;18;0;0;25;19.4;26.8;23.8;61.9;40.6;28;28.1;28.9;31.2;23.4;400;136.1111111;150;1.7
14706900;22;18;0;0;25.5;19.4;26.9;23.8;59.9;53.2;28.2;28.2;29;31.1;23.4;400;136.1111111;150;1.7
14707800;23;18;0;0;25.5;19.4;26.6;23.5;56.1;53.2;28.2;28.2;28.9;31.1;23.4;400;136.1111111;150;1.7
14708700;23;19;0;0;25.5;19.7;26.6;23.2;55.5;53.2;28.2;28.2;28.9;31;23.4;400;136.1111111;150;1.7
14709600;20;19;0;0;23.2;21.4;26.9;23.4;54.7;124.3;27.7;27.8;28.5;30.5;23.8;386.1111111;222.2222222;230.5555556;3.1
14710500;20;17;0;0;24.3;20.1;27.5;23.5;54;150.2;28.7;28.4;29.3;30.6;23.8;386.1111111;222.2222222;230.5555556;3.1
14711400;21;16;0;0;24.3;18.6;27.5;23.6;58.8;155.6;29.7;29;30;30.5;23.8;386.1111111;222.2222222;230.5555556;3.1
14712300;21;14;0;0;24.3;16.7;27.5;23.7;57.2;159.2;30.2;29.5;30.4;30.5;23.8;386.1111111;222.2222222;230.5555556;3.1
14713200;21;12;0;0;24.8;14;27.2;24.4;56.2;240.4;30.4;29.8;30.6;30.4;23.3;400;216.6666667;216.6666667;3.9
14714100;21;11;0;0;24.8;12.9;27.1;24.4;57.3;246.2;30.4;29.9;30.7;30.4;23.3;400;216.6666667;216.6666667;3.9
14715000;20;13;1;1;23;14.9;27.5;24.4;56.2;246.2;30.6;30.3;31;30;23.3;400;216.6666667;216.6666667;3.9
14715900;14;14;0;0;16.1;15.7;27.3;24.4;57.5;246.2;30.6;30.9;31.1;29.5;23.3;400;216.6666667;216.6666667;3.9
14716800;16;12;0;0;19.8;13.6;26.7;24.8;58.1;314.1;30.3;30.6;30.8;29.7;23.6;400;255.5555556;255.5555556;3.6
14717700;17;12;0;0;20.3;13.4;27;24.9;57.4;324.6;30.3;30.6;30.8;29.7;23.6;400;255.5555556;255.5555556;3.6
14718600;17;11;0;0;20.7;13.1;27.1;24.8;57.1;324.6;30.5;30.7;31;29.7;23.6;400;255.5555556;255.5555556;3.6
14719500;17;13;0;0;20.8;14.7;27.9;24.6;54.6;324.6;30.9;31;31.3;29.7;23.6;400;255.5555556;255.5555556;3.6
14720400;17;14;0;0;21.2;15.8;27.6;25;54.9;395;31.5;31.5;31.7;29.7;24.5;402.7777778;297.2222222;300;3.1
14721300;18;12;0;0;21.3;14.6;27.4;25.1;55.8;420.6;31.8;31.9;32;29.7;24.5;402.7777778;297.2222222;300;3.1
14722200;18;12;0;0;21.7;13.9;28.2;24.7;54.2;436.2;32.2;32.3;32.4;29.7;24.5;402.7777778;297.2222222;300;3.1
14723100;18;12;0;0;21.9;13.6;29.2;24;51.5;459.6;33;32.9;33;29.8;24.5;402.7777778;297.2222222;300;3.1
14724000;18;12;0;0;22.3;13.4;29.5;24.4;50.7;479.8;33.8;33.5;33.8;29.9;24.7;402.7777778;386.1111111;405.5555556;2.5
14724900;19;11;0;0;22.3;12.9;29.2;24.6;49.4;487.2;34.1;33.9;34.1;30;24.7;402.7777778;386.1111111;405.5555556;2.5
14725800;19;11;0;0;22.4;12.9;28.9;24.4;49;521.2;34.1;34;34.2;30.1;24.7;402.7777778;386.1111111;405.5555556;2.5
14726700;19;11;0;0;22.8;12.5;29.3;24.2;45.9;572.3;34.3;34.2;34.5;30.1;24.7;402.7777778;386.1111111;405.5555556;2.5
14727600;16;14;1;3;18.6;15.9;30.3;24.7;43;580.6;34.9;34.7;34.9;30.7;26.6;391.6666667;444.4444444;847.2222222;2.2
14728500;16;14;0;0;18.6;15;30.7;24.7;40.9;580.6;34.7;34.9;34.8;30.5;26.6;391.6666667;444.4444444;847.2222222;2.2
14729400;18;13;0;0;20.8;14.8;30.6;24.8;42.8;580.6;36.7;36;36.3;30.6;26.6;391.6666667;444.4444444;847.2222222;2.2
14730300;18;11;0;0;21.2;13.8;30.7;24.9;41.7;580.6;39.3;38.1;38;31;26.6;391.6666667;444.4444444;847.2222222;2.2
14731200;19;11;0;0;21.6;13.1;31.2;25.3;41;596.3;41.4;40.1;39.5;31.3;28;391.6666667;341.6666667;725;2.3
14732100;15;13;1;2;17.4;14.3;31.5;25.3;39.9;597.4;41.5;41.2;40.1;33.5;28;391.6666667;341.6666667;725;2.3
14733000;17;12;0;0;20;12.8;31.3;25.1;38.2;597.4;41.6;40.7;40;32.7;28;391.6666667;341.6666667;725;2.3
14733900;17;12;0;0;20.4;12.8;30.5;25;39.1;597.4;42.8;41.8;40.6;33.3;28;391.6666667;341.6666667;725;2.3
14734800;17;12;0;0;20.4;12.8;31.2;25.6;40;556.4;43.5;42.8;41.1;33.6;28.1;402.7777778;358.3333333;519.4444444;3.1
14735700;17;12;0;0;20.4;12.8;32;25.7;38.1;550.1;44.4;43.6;41.9;33.9;28.1;402.7777778;358.3333333;519.4444444;3.1
14736600;17;14;0;0;20.4;14.5;32.3;26.4;37.2;550.1;44.8;44;42.5;34.2;28.1;402.7777778;358.3333333;519.4444444;3.1
14737500;18;14;0;0;20.8;15.3;32.5;27.1;36.1;550.1;44.8;44.1;42.8;34.5;28.1;402.7777778;358.3333333;519.4444444;3.1
14738400;18;13;0;0;20.9;14.7;32.5;27.3;36.9;504;44.9;44.4;43.3;34.7;28.1;405.5555556;227.7777778;233.3333333;4.3
14739300;17;12;0;0;20.9;13.9;31.9;27.4;37.8;492.5;44.5;44.2;43;34.8;28.1;405.5555556;227.7777778;233.3333333;4.3
14740200;17;12;0;0;20.9;13.4;31.8;27.8;38.4;492.5;43.4;43.4;42.2;34.7;28.1;405.5555556;227.7777778;233.3333333;4.3
14741100;17;12;0;0;20.9;13.3;31.5;28.3;38;492.5;42.2;42.3;41.3;34.5;28.1;405.5555556;227.7777778;233.3333333;4.3
14742000;17;12;0;0;21.4;13.3;31.6;28.2;38.1;438.7;41.1;41.5;40.6;34.5;27.7;408.3333333;147.2222222;147.2222222;4
14742900;17;12;0;0;21.4;13.3;31.1;28.1;39.7;419.1;40.1;40.8;39.8;34.4;27.7;408.3333333;147.2222222;147.2222222;4
14743800;17;12;0;0;21.4;13.3;30.7;28;41.4;419.1;39.2;40;38.9;34.3;27.7;408.3333333;147.2222222;147.2222222;4
14744700;17;13;0;0;21.6;14.4;30.5;28;42;419.1;38.3;39.2;38.1;34.1;27.7;408.3333333;147.2222222;147.2222222;4
14745600;17;15;0;0;21.9;16.3;30.3;27.8;42.5;317.8;37.4;38.2;37.3;33.8;27;419.4444444;61.11111111;61.11111111;3
14746500;16;15;0;0;21.9;16.3;30.2;27.8;42.6;317.8;36.6;37.6;36.7;33.8;27;419.4444444;61.11111111;61.11111111;3
14747400;16;15;0;0;21.9;16.3;29.9;27.9;43.4;317.8;35.9;37;36.1;33.7;27;419.4444444;61.11111111;61.11111111;3
14748300;17;15;0;0;22.1;16.3;29.8;28;43.6;317.8;35.2;36.5;35.5;33.6;27;419.4444444;61.11111111;61.11111111;3
14749200;17;15;0;0;22.4;16.5;29.7;27.5;45.1;214;34.6;35.9;35;33.4;26.2;422.2222222;8.333333333;8.333333333;4.3
14750100;17;16;0;0;21.6;17;29.3;27.5;46.6;206.6;34;35.3;34.5;33.4;26.2;422.2222222;8.333333333;8.333333333;4.3
14751000;17;14;0;0;20.3;16;29;27.4;48.8;206.6;33.5;34.6;33.7;33.2;26.2;422.2222222;8.333333333;8.333333333;4.3
14751900;18;12;0;0;21.7;14.4;28.5;27.3;53;206.6;32.8;33.9;33.2;32.9;26.2;422.2222222;8.333333333;8.333333333;4.3
14752800;18;11;0;0;21.7;13.5;27.2;26.5;64.1;110.2;31.7;32.8;32.2;32.6;21.4;411.1111111;0;0;2.8
14753700;17;15;0;0;21.7;15.7;26.2;26.4;71.3;103.3;30.6;31.5;31.3;32.4;21.4;411.1111111;0;0;2.8
14754600;17;14;0;0;21.7;15.9;25.7;26.2;72.8;98.6;29.4;30.3;30.3;32.1;21.4;411.1111111;0;0;2.8
14755500;17;12;0;0;21.7;14.4;23.6;26;78.2;95.5;28;28.7;29;31.8;21.4;411.1111111;0;0;2.8
14756400;17;12;0;0;21.7;13.8;21.3;24.9;88.7;32.4;26.7;27.4;27.9;31.4;19.4;400;0;0;2.9
14757300;18;12;0;0;21.7;13.8;21.5;24.8;90.9;27.9;26.3;26.7;27.5;31;19.4;400;0;0;2.9
14758200;18;12;0;0;22;13.8;21.5;25;89.2;27.9;26;26;27.1;30.7;19.4;400;0;0;2.9
14759100;18;12;0;0;22.2;13.8;20.9;25.2;83.4;27.9;25.5;25;26.5;30.5;19.4;400;0;0;2.9
14760000;18;13;0;0;22.2;14.3;19.4;24;85.6;5.3;24.5;23.6;25.7;30.1;16.6;386.1111111;0;0;3.1
14760900;18;13;0;0;22.4;14.6;19;23.8;88.9;1.8;24.1;21.3;27.5;29.8;16.6;386.1111111;0;0;3.1
14761800;19;15;0;0;22.7;15.8;18.8;22.2;90.3;1.8;25.2;19.3;27;29.3;16.6;386.1111111;0;0;3.1
14762700;19;17;0;0;22.7;18;18.7;20.3;91.6;1.8;20.4;18.9;25;29.2;16.6;386.1111111;0;0;3.1
14763600;19;17;0;0;22.2;20;18.9;19.8;91.4;0.6;18.9;18.8;21.4;29;16.8;350;0;0;2.4
14764500;19;17;0;0;19.9;20.4;19;19.6;91.6;0;18.8;18.9;21.4;28.1;16.8;350;0;0;2.4
14765400;19;17;0;0;18.9;18.6;18.9;19.2;91.2;0;18.7;18.7;24.4;25.8;16.8;350;0;0;2.4
14766300;18.5;17;0;0;18.8;18.45;18.7;22.3;91.2;0;18.65;18.5;23;24.65;16.8;350;0;0;2.4
14767200;18;17;0;0;18.7;18.3;18.5;25.4;91.2;0;18.6;18.3;21.6;23.5;16.4;363.8888889;0;0;3.2
14768100;18;17;0;0;18.7;18.3;18.5;25.9;91.2;0;18.5;18.1;20.9;22.8;16.4;363.8888889;0;0;3.2
14769000;18;17;0;0;18.7;18.3;18.5;25.9;90.9;0;18.5;17.9;20.2;20.9;16.4;363.8888889;0;0;3.2
14769900;18;17;0;0;18.6;18.3;18.5;25.9;90.7;0;18.4;17.9;20.1;20.3;16.4;363.8888889;0;0;3.2
14770800;18;19;0;0;18.2;19.4;18.8;24.8;90.7;0;18.5;17.9;20.4;20.2;16.6;377.7777778;0;0;2.5
14771700;18;19;0;0;18.2;19.8;18.8;24.7;90.7;0;18.5;17.9;20.2;20.2;16.6;377.7777778;0;0;2.5
14772600;17;17;0;0;18.6;18.8;19;24.7;90.7;0;18.7;17.9;20;20.2;16.6;377.7777778;0;0;2.5
14773500;18;14;0;0;18.8;16.1;19;24.7;90.7;0;18.7;18;19.9;20.2;16.6;377.7777778;0;0;2.5
14774400;18;12;0;0;18.8;14.2;19.3;23.6;90.7;0;18.8;18;19.8;20.1;16.9;383.3333333;0;0;2.5
14775300;18;12;0;0;18.8;13.4;19.3;23.4;90.7;0;18.8;18.1;19.7;20.2;16.9;383.3333333;0;0;2.5
14776200;18;11;0;0;18.8;13.2;19.3;23.4;89.8;0;18.8;18.2;19.6;20.2;16.9;383.3333333;0;0;2.5
14777100;18;11;0;0;18.8;12.8;19.1;23.4;89.7;0;18.8;18.2;19.7;20.2;16.9;383.3333333;0;0;2.5
14778000;18;11;0;0;18.8;12.8;19.1;18.5;90.1;0;18.7;18.3;19.7;20.1;17.1;366.6666667;0;0;3
14778900;18;13;0;0;18.8;14;19.3;16.1;90.1;0;18.7;18.2;19.8;20.1;17.1;366.6666667;0;0;3
14779800;18;15;0;0;18.8;15.4;19.2;16.2;89.8;0;18.6;18.2;19.9;20.1;17.1;366.6666667;0;0;3
14780700;18;14;0;0;18.8;15.9;19.2;16.3;90;0;18.6;18.1;19.8;20.1;17.1;366.6666667;0;0;3
14781600;18;14;0;0;18.8;15.9;19.2;16.2;89.6;0;18.5;18.1;19.8;20.2;17.3;369.4444444;0;0;2.7
14782500;18;14;0;0;18.8;15.9;19.2;16.2;89.6;0;18.5;18;19.8;20.2;17.3;369.4444444;0;0;2.7
14783400;18;15;0;0;18.8;15.9;19.2;16.4;89.7;0;18.5;18;19.8;20.2;17.3;369.4444444;0;0;2.7
14784300;18;15;0;0;19.1;15.9;19.2;16.5;89.3;0;18.6;17.9;19.7;20.2;17.3;369.4444444;0;0;2.7
14785200;18;15;0;0;19.3;16.4;19.2;16.5;88.8;0;18.6;18;19.6;20.2;17.4;372.2222222;27.77777778;33.33333333;2.8
14786100;18;15;0;0;19.3;16.4;19.3;16.5;88.4;0;18.7;18.1;19.6;20.1;17.4;372.2222222;27.77777778;33.33333333;2.8
14787000;18;16;0;0;19.3;16.7;19.5;16.7;88.7;0;18.9;18.3;19.6;20.1;17.4;372.2222222;27.77777778;33.33333333;2.8
14787900;18;18;0;0;19.3;18.3;19.5;16.9;87.7;0;19;18.4;19.6;20;17.4;372.2222222;27.77777778;33.33333333;2.8
14788800;18;18;0;0;19.3;18.7;19.8;16.9;88;6.2;19.4;18.6;19.7;20.1;17.3;341.6666667;50;91.66666667;2.8
14789700;18;17;0;0;19.3;18.4;20;16.9;84.2;7.7;19.9;18.9;19.8;20.1;17.3;341.6666667;50;91.66666667;2.8
14790600;18;17;0;0;19.3;18.4;20.4;17;77.3;7.7;20.1;19.1;19.8;20.1;17.3;341.6666667;50;91.66666667;2.8
14791500;19;17;0;0;19.3;18.4;20.5;17.1;75;7.7;19.9;19.2;19.9;20.1;17.3;341.6666667;50;91.66666667;2.8
14792400;18;17;0;0;19.3;18.4;20.6;17.4;75;46.1;19.9;19.3;20.2;20.1;19.2;336.1111111;88.88888889;311.1111111;2.9
14793300;18;17;0;0;19.3;18.4;20.8;17.5;73.3;60.1;20.8;19.7;20.8;20.2;19.2;336.1111111;88.88888889;311.1111111;2.9
14794200;18;17;0;0;19.3;18.4;21.3;17.6;72;60.1;22.2;20.4;21.9;20.3;19.2;336.1111111;88.88888889;311.1111111;2.9
14795100;17;16;0;0;20.2;18.2;21.7;17.7;71;60.1;24;22;22.9;20.5;19.2;336.1111111;88.88888889;311.1111111;2.9
14796000;18;15;0;0;20.2;17.5;22.3;18.6;68.5;157.8;25.6;23.3;24.6;20.6;20.8;341.6666667;88.88888889;494.4444444;1.9
14796900;18;15;0;0;19.8;17.2;22.3;18.6;67.1;157.8;26.8;24.4;26.1;20.8;20.8;341.6666667;88.88888889;494.4444444;1.9
14797800;18;15;0;0;19.8;16.7;22.3;18.4;66.2;167.8;27.8;25.6;27.5;21;20.8;341.6666667;88.88888889;494.4444444;1.9
14798700;19;14;0;0;19.8;16;22.8;18.2;65.3;174.4;28.8;26.7;29.1;21.3;20.8;341.6666667;88.88888889;494.4444444;1.9
14799600;19;12;0;0;20.1;14.5;23.1;19.3;63.4;304.3;29.8;27.8;30.8;21.6;22;350;155.5555556;630.5555556;2.5
14800500;19;12;0;0;20.3;13.7;23.8;19.4;62.6;313.6;31;29.1;32.6;21.9;22;350;155.5555556;630.5555556;2.5
14801400;19;11;0;0;20.3;13.4;24.4;19.9;59.4;313.6;32.3;30.6;34.3;22.2;22;350;155.5555556;630.5555556;2.5
14802300;19;12;0;0;20.5;13.4;24.9;20.4;57.9;313.6;33.7;32.1;36;22.6;22;350;155.5555556;630.5555556;2.5
14803200;19;12;0;0;20.8;13.7;25.5;21.5;55.4;443.1;35;33.5;37.4;23.1;22.7;352.7777778;147.2222222;761.1111111;2.7
14804100;16;14;0;1;17.5;14.9;26;21.6;53.5;452.4;35.9;35;36.8;26.8;22.7;352.7777778;147.2222222;761.1111111;2.7
14805000;17;12;0;0;18.3;13.7;26.6;21.9;52.6;452.4;34.9;33.8;35.6;26.2;22.7;352.7777778;147.2222222;761.1111111;2.7
14805900;17;14;0;0;18.5;14.3;25.9;22.1;51.9;452.4;36.3;34.9;36.9;26.8;22.7;352.7777778;147.2222222;761.1111111;2.7
14806800;17;14;0;0;19;15.2;26;23.1;52.1;557;37.5;35.9;37.9;27.3;24;361.1111111;141.6666667;886.1111111;2.7
14807700;16;14;0;0;17.2;15.6;26.4;23.2;51;573.1;39.3;37.8;39;29.6;24;361.1111111;141.6666667;886.1111111;2.7
14808600;15;12;0;0;17;13.3;26.5;23.2;49.6;575.5;37.2;36.3;36.9;30.1;24;361.1111111;141.6666667;886.1111111;2.7
14809500;16;12;0;0;18.2;13.2;27.1;23.3;49.7;578.2;39.4;37.4;38;30.4;24;361.1111111;141.6666667;886.1111111;2.7
14810400;16;11;0;0;18.3;13.2;27.4;24.1;47.6;647.2;40.9;39;38.9;30.9;25.3;380.5555556;283.3333333;902.7777778;3.1
14811300;15;11;1;1;18;13.5;27.5;24.3;46.2;664.5;42.2;40.4;39.9;32;25.3;380.5555556;283.3333333;902.7777778;3.1
14812200;14;12;0;0;15.9;13.6;27.9;24;45.9;666;39.6;38.9;38.5;33.3;25.3;380.5555556;283.3333333;902.7777778;3.1
14813100;15;12;0;0;17.7;13.3;28.6;23.8;44.4;667.3;41.2;39.2;38.8;32.7;25.3;380.5555556;283.3333333;902.7777778;3.1
14814000;15;12;0;0;18;13.3;28.6;24.5;42.7;685.1;42.7;40.7;39.4;33.3;25.5;380.5555556;266.6666667;591.6666667;2.9
14814900;16;14;0;0;18.2;14.8;29.1;24.7;42;689.6;43.4;41.4;40.1;33.6;25.5;380.5555556;266.6666667;591.6666667;2.9
14815800;14;13;1;2;15.6;14.4;28.8;24.8;43.6;689.6;42.4;41.6;40.1;35.6;25.5;380.5555556;266.6666667;591.6666667;2.9
14816700;15;12;0;0;17.3;13;28.5;24.9;43;689.6;40.9;39.8;38.9;34.3;25.5;380.5555556;266.6666667;591.6666667;2.9
14817600;16;11;0;0;17.9;13;29;25.2;41.8;755.2;42.9;41.4;39.9;35.2;26.1;375;211.1111111;911.1111111;3.1
14818500;15;11;0;0;18.3;13;29.5;25.3;40.7;771.6;44.4;43;40.4;35.5;26.1;375;211.1111111;911.1111111;3.1
14819400;13;12;0;0;15.6;13.7;28.5;25.5;44;771.6;42.6;42.5;39.7;36.8;26.1;375;211.1111111;911.1111111;3.1
14820300;15;12;0;0;17.2;13.2;29;25.8;44.1;771.6;40.4;40.1;38.7;35.3;26.1;375;211.1111111;911.1111111;3.1
14821200;15;12;0;0;17.7;13.2;29.2;25.9;42.7;709;42.8;41.7;39.5;36.1;26.4;375;147.2222222;783.3333333;2.8
14822100;15;11;0;0;18.2;13.2;29.6;25.9;41.9;693.3;44.3;43.2;40.1;36.4;26.4;375;147.2222222;783.3333333;2.8
14823000;14;13;0;0;17.9;14.3;28.6;25.8;43.3;693.3;43.7;43.1;39.8;36.5;26.4;375;147.2222222;783.3333333;2.8
14823900;13;13;1;2;15.8;14.6;28.7;25.7;43.5;693.3;41.7;41.9;39;37.1;26.4;375;147.2222222;783.3333333;2.8
14824800;15;12;0;0;17.5;13.2;29.4;25.8;41.6;640.3;40.7;40.5;38.5;36.1;25.8;377.7777778;175;400;3
14825700;16;12;0;0;18;13.2;29.5;25.8;40.5;627.1;42.5;41.6;39.4;36.7;25.8;377.7777778;175;400;3
14826600;15;12;0;0;18;13.2;29.2;26;41.4;627.1;42.7;42.2;39.7;36.8;25.8;377.7777778;175;400;3
14827500;13;13;0;1;15.7;14;29.2;26.3;41.5;627.1;40.5;41.2;38.4;37;25.8;377.7777778;175;400;3
14828400;15;12;0;0;17.5;13.3;28.9;26.3;42.1;534;38;39.1;36.7;35.8;26;372.2222222;152.7777778;358.3333333;2.3
14829300;14;12;0;0;17.3;13.3;28.8;26.3;42.5;527.3;37.5;38.6;36.6;36;26;372.2222222;152.7777778;358.3333333;2.3
14830200;16;12;0;0;18;13.6;29.5;26.3;41.8;527.3;37.8;38.5;37.4;35.9;26;372.2222222;152.7777778;358.3333333;2.3
14831100;15;13;0;0;18;14.3;29.1;26.4;42.1;527.3;37.8;38.7;37.9;35.9;26;372.2222222;152.7777778;358.3333333;2.3
14832000;14;15;0;0;18;16.3;28.9;26;43.7;353.6;37;38.2;37.4;35.7;24.8;383.3333333;116.6666667;116.6666667;2.6
14832900;13;15;0;0;18;16.3;28.7;26;43.5;353.6;36.1;37.5;36.7;35.5;24.8;383.3333333;116.6666667;116.6666667;2.6
14833800;13;14;0;0;18;16.3;28.1;25.7;44.7;353.6;35.2;36.6;35.6;35.4;24.8;383.3333333;116.6666667;116.6666667;2.6
14834700;13;15;0;0;18.1;16.3;27.7;25.5;45.5;353.6;34.2;35.7;34.7;35.2;24.8;383.3333333;116.6666667;116.6666667;2.6
14835600;14;15;0;0;18.5;16.3;27.6;25.1;45.4;269;33.5;35;34.1;35;24.2;400;16.66666667;16.66666667;2.8
14836500;14;15;0;0;18.4;16.3;27.2;25;46.2;238.3;32.8;34.3;33.4;34.7;24.2;400;16.66666667;16.66666667;2.8
14837400;15;14;0;0;17.6;16.2;26.8;25.2;45.8;238.3;32.2;33.7;32.8;34.1;24.2;400;16.66666667;16.66666667;2.8
14838300;16;13;0;0;18.6;15.2;26.5;25.6;46.5;238.3;31.6;33;32.3;33.7;24.2;400;16.66666667;16.66666667;2.8
14839200;16;12;0;0;18.8;14.5;26.2;24.9;47.4;155.1;31;32.3;31.8;33.5;23.4;405.5555556;0;0;1.9
14840100;16;15;0;0;18.8;16.2;26;24.6;48.4;124.8;30.5;31.8;31.4;33.3;23.4;405.5555556;0;0;1.9
14841000;16;14;0;0;18.8;16.2;25.9;24.3;49.9;126.6;30.1;31.3;31;33.1;23.4;405.5555556;0;0;1.9
14841900;16;12;0;0;18.9;14.7;25.6;23.9;55.9;129.2;29.4;30.6;30.3;32.9;23.4;405.5555556;0;0;1.9
14842800;16;12;0;0;19.3;14.1;23.9;23;71.8;64;28.3;29.4;29.4;32.6;20.2;400;0;0;1.6
14843700;16;12;0;0;19.3;13.8;23.5;22.7;67.7;40.3;27.3;28.4;28.5;32.2;20.2;400;0;0;1.6
14844600;16;12;0;0;19.3;14;23.2;22.8;72.8;40.3;26.4;27.3;27.7;31.8;20.2;400;0;0;1.6
14845500;16;13;0;0;19.8;14.3;22.7;23;78.4;40.3;25.7;26.4;26.9;31.5;20.2;400;0;0;1.6
14846400;17;13;0;0;19.8;14.8;21.5;21.8;88.6;12.1;25.3;25.8;26.5;31.1;19;388.8888889;0;0;2.4
14847300;17;14;0;0;20.3;15.1;21.1;21.3;88.9;1.9;25.1;25.4;26.3;30.9;19;388.8888889;0;0;2.4
14848200;17;15;0;0;20.3;16.1;21.3;21.5;88.4;1.9;25.2;25.1;26.2;30.6;19;388.8888889;0;0;2.4
14849100;17;17;0;0;20.5;17.8;21.4;21.7;87.6;1.9;25.1;24.6;26.1;30.3;19;388.8888889;0;0;2.4
14850000;18;17;0;0;20.8;17.8;21.2;21;86.6;0.5;24.9;24.7;25.9;30.1;18.4;361.1111111;0;0;2.1
14850900;18;16;0;0;20.9;17.8;21.2;20.7;85.1;0;24.7;24.5;25.8;29.9;18.4;361.1111111;0;0;2.1
14851800;18;16;0;0;21.3;17.8;21.3;20.1;84.4;0;24.5;24.2;25.9;29.7;18.4;361.1111111;0;0;2.1
14852700;18.5;16.5;0;0;21.4;17.85;21;22.8;84.25;0;24.2;23.75;26.05;29.55;18.4;361.1111111;0;0;2.1
14853600;19;17;0;0;21.5;17.9;20.7;25.5;84.1;0;23.9;23.3;26.2;29.4;18.1;363.8888889;0;0;1.1
14854500;19;17;0;0;21.8;18.3;20.6;25.9;84.2;0;23.3;22;27.2;29.2;18.1;363.8888889;0;0;1.1
14855400;19;17;0;0;21.8;18.6;20.5;25.9;84;0;21.2;20.4;28.3;29;18.1;363.8888889;0;0;1.1
14856300;19;18;0;0;21.8;19.3;20.5;25.9;83.4;0;19.7;19.5;24.6;29;18.1;363.8888889;0;0;1.1
14857200;19;20;0;0;22.3;21.1;20.4;24.9;84.3;0;19.4;19.2;23.9;29;17.8;369.4444444;0;0;1.2
14858100;18;21;0;0;19.6;22.3;20.5;24.7;84.7;0;19.4;19.1;22.1;28.4;17.8;369.4444444;0;0;1.2
14859000;18;15;0;0;19.2;18.4;20.5;24.7;84;0;19.3;19.1;23.3;28;17.8;369.4444444;0;0;1.2
14859900;18;12;0;0;19.1;14.9;20.4;24.7;83;0;19.3;19.1;23.2;27.6;17.8;369.4444444;0;0;1.2
14860800;18;12;0;0;18.8;14.3;20.5;23.7;82.7;0;19.4;19.1;21.6;27.5;16.8;366.6666667;0;0;0.8
14861700;18;12;0;0;18.8;14.6;20.6;23.4;82.2;0;19.4;19;21;27.4;16.8;366.6666667;0;0;0.8
14862600;18;12;0;0;18.8;14.8;20.4;23.4;81.4;0;19.3;19;20.7;27.3;16.8;366.6666667;0;0;0.8
14863500;18;12;0;0;18.8;14.5;20.5;23.4;80.4;0;19.3;19;20.5;27.3;16.8;366.6666667;0;0;0.8
14864400;18;12;0;0;18.8;15;20.2;17.5;79.2;0;19.2;18.9;20.3;27.4;16.4;352.7777778;0;0;1.4
14865300;18;15;0;0;18.8;16.7;19.9;17.1;80.5;0;19;18.8;20.3;27.3;16.4;352.7777778;0;0;1.4
14866200;18;17;0;0;18.8;18;19.9;17.3;79.7;0;18.9;18.9;20.2;27.2;16.4;352.7777778;0;0;1.4
14867100;18;17;0;0;18.8;18;19.7;17.6;79.5;0;18.7;19.5;20;27.1;16.4;352.7777778;0;0;1.4
14868000;18;17;0;0;18.8;18;19.4;17.2;80;0;18.4;19.9;19.8;26.9;16.3;369.4444444;0;0;1.2
14868900;16;17;19;58;17.1;17.8;19.3;17;80.3;0;18.3;19.1;19.2;23.3;16.3;369.4444444;0;0;1.2
14869800;14;15;3;4;15;16;19.4;16.7;79.9;0;17.6;17.1;17.4;18.4;16.3;369.4444444;0;0;1.2
14870700;14;15;19;40;14.9;16;19.5;16.2;80;0;17.5;17.1;17.5;18.1;16.3;369.4444444;0;0;1.2
14871600;14;14;3;4;14.5;15.5;19.6;16;80.7;0;16.9;16.8;17;16.8;16.3;369.4444444;13.88888889;16.66666667;-999
14872500;14;14;19;33;14.4;15.5;19.6;16;80.6;0;17;16.8;17.2;16.8;16.3;369.4444444;13.88888889;16.66666667;-999
14873400;13;14;3;5;14.1;15;19.8;16.1;80.7;0;16.8;16.6;16.9;16.3;16.3;369.4444444;13.88888889;16.66666667;-999
14874300;13;15;19;37;14.3;16.2;19.9;16.1;80.9;0;17.1;16.8;17.3;16.6;16.3;369.4444444;13.88888889;16.66666667;-999
14875200;13;14;3;3;14.2;15;20;15.8;81.3;5.4;16.9;16.7;17.1;16.4;16.7;377.7777778;55.55555556;55.55555556;3.8
14876100;13;14;19;36;14.3;15.3;20.1;15.8;80.1;5.8;17.3;17.1;17.5;16.7;16.7;377.7777778;55.55555556;55.55555556;3.8
14877000;13;14;3;5;14.4;15.5;20.2;15.8;78;5.8;17.2;17.1;17.4;16.5;16.7;377.7777778;55.55555556;55.55555556;3.8
14877900;13;14;19;44;14.3;15.6;20.3;15.9;77.8;5.8;17.7;17.5;17.9;16.9;16.7;377.7777778;55.55555556;55.55555556;3.8
14878800;14;15;6;9;14.5;15.5;20.9;16;77.6;45.6;17.6;17.4;17.7;16.8;17.5;391.6666667;94.44444444;94.44444444;4.7
14879700;14;15;17;45;14.3;15.8;21.3;16;77;55.5;18.1;17.9;18.2;17.2;17.5;391.6666667;94.44444444;94.44444444;4.7
14880600;13;15;30;68;14.3;16;21.8;16.1;76.3;55.5;17.7;17.6;17.8;17;17.5;391.6666667;94.44444444;94.44444444;4.7
14881500;14;15;13;30;14.9;15.6;22.1;16.3;75.5;55.5;17.8;17.8;17.9;17;17.5;391.6666667;94.44444444;94.44444444;4.7
14882400;14;16;12;23;14.6;16.3;22.6;16.5;74.3;118.7;17.8;17.9;18.1;17;18.3;386.1111111;158.3333333;158.3333333;3.5
14883300;14;17;10;34;14.7;17.2;22.6;16.6;72.8;134.5;18.8;18.7;19.1;17.6;18.3;386.1111111;158.3333333;158.3333333;3.5
14884200;14;16;43;98;14.7;16.8;22.3;16.9;73.6;140.4;18.6;18.5;18.7;17.8;18.3;386.1111111;158.3333333;158.3333333;3.5
14885100;14;16;43;89;14.8;16.5;22.8;17.2;71.9;147.2;18.7;18.7;18.9;17.9;18.3;386.1111111;158.3333333;158.3333333;3.5
14886000;13;16;35;100;14.5;16.8;23.2;17.7;70.4;190.7;18.9;18.8;19.1;18.1;19.3;380.5555556;302.7777778;344.4444444;2.2
14886900;13;16;38;119;14.5;16.8;23.6;17.8;70.2;201.6;18.8;18.7;18.9;17.9;19.3;380.5555556;302.7777778;344.4444444;2.2
14887800;14;17;43;119;15;17.3;24.2;17.9;66.3;201.6;19.7;19.6;19.8;18.6;19.3;380.5555556;302.7777778;344.4444444;2.2
14888700;14;17;43;130;15.1;17.8;24.5;18.1;65.4;201.6;20.3;20.2;20.4;19.2;19.3;380.5555556;302.7777778;344.4444444;2.2
14889600;16;19;30;78;17.3;19.2;24.3;18.6;65.4;289.6;21.7;21.6;21.8;20.3;18.7;394.4444444;188.8888889;188.8888889;1.8
14890500;17;19;33;56;18.1;19.5;24;18.7;66.4;311.6;21.6;21.5;21.7;20.4;18.7;394.4444444;188.8888889;188.8888889;1.8
14891400;17;18;33;54;17.9;19.3;23.4;18.8;69.5;311.6;21;20.9;21.2;20.1;18.7;394.4444444;188.8888889;188.8888889;1.8
14892300;16;18;33;53;17.3;18.6;21.8;19;82.8;311.6;20.5;20.4;20.7;19.7;18.7;394.4444444;188.8888889;188.8888889;1.8
14893200;16;18;33;56;17.1;18.5;21.6;19.4;85.7;354.7;20.8;20.7;21;20;18.6;388.8888889;263.8888889;266.6666667;1.9
14894100;16;18;33;55;17.1;18.5;22.4;19.5;80.8;365.5;20.7;20.7;21;19.9;18.6;388.8888889;263.8888889;266.6666667;1.9
14895000;16;18;33;55;17.1;18.5;22.5;19.7;77.4;381.4;20.7;20.7;21;20;18.6;388.8888889;263.8888889;266.6666667;1.9
14895900;17;18;33;57;17.6;19;23.1;19.9;73.6;399.6;21.2;21.2;21.5;20.4;18.6;388.8888889;263.8888889;266.6666667;1.9
14896800;17;19;33;62;18.1;19.5;23.6;20.4;69.4;436.4;21.5;21.6;21.8;20.8;19.1;391.6666667;177.7777778;177.7777778;1.8
14897700;17;19;33;65;18.5;20;23.6;20.4;67.8;439;22.4;22.4;22.6;21.6;19.1;391.6666667;177.7777778;177.7777778;1.8
14898600;18;20;33;60;19.4;20.9;24.1;19.8;65.1;437;22.8;22.9;23;21.9;19.1;391.6666667;177.7777778;177.7777778;1.8
14899500;18;19;33;56;18.8;20.2;23.2;19.3;66.3;435.3;21.8;21.9;22.1;21;19.1;391.6666667;177.7777778;177.7777778;1.8
14900400;17;18;33;53;18;19.3;22.6;19.9;68.9;452.7;21;21;21.2;20.2;18.1;391.6666667;80.55555556;80.55555556;1.9
14901300;16;17;33;51;17.1;18.4;21.3;20;78;455.4;19.9;19.9;20.2;19.3;18.1;391.6666667;80.55555556;80.55555556;1.9
14902200;15;17;33;52;16.3;17.6;21;19.6;77.4;455.4;19.3;19.3;19.5;18.7;18.1;391.6666667;80.55555556;80.55555556;1.9
14903100;15;16;33;52;16.1;17.3;21;19.1;76.1;455.4;19;19;19.2;18.3;18.1;391.6666667;80.55555556;80.55555556;1.9
14904000;14;16;34;53;15.6;17;21;19.5;75.1;464;18.7;18.7;18.9;18;17.3;388.8888889;141.6666667;225;1.6
14904900;15;15;33;57;14.7;16.5;21;19.6;74.4;466.1;18.2;18.1;18.3;17.4;17.3;388.8888889;141.6666667;225;1.6
14905800;14;15;27;40;14.9;16;20.9;19.5;74.6;466.1;18.1;18.1;18.4;17.3;17.3;388.8888889;141.6666667;225;1.6
14906700;14;15;33;51;14.9;16;20;19.4;81.5;466.1;17.8;17.7;18;17.1;17.3;388.8888889;141.6666667;225;1.6
14907600;14;15;31;51;15.1;16.3;19.3;19.6;91.4;453.4;18.6;18.5;18.7;17.9;17.8;358.3333333;286.1111111;633.3333333;1
14908500;14;18;40;176;15.3;18.7;19.9;19.6;91.8;450.2;21.3;21.3;21.4;20.6;17.8;358.3333333;286.1111111;633.3333333;1
14909400;15;19;43;171;16.1;19.5;19.6;18.9;91;450.2;21.6;21.8;21.8;20.5;17.8;358.3333333;286.1111111;633.3333333;1
14910300;17;20;31;89;18.1;20.3;20.3;18.2;91.1;450.2;23.1;23.1;23.2;21.7;17.8;358.3333333;286.1111111;633.3333333;1
14911200;21;23;33;73;21.7;23.4;20.6;18.2;89.6;423.7;26.3;26.4;26.5;24.5;19.5;355.5555556;211.1111111;488.8888889;1
14912100;20;25;28;197;21.1;25.5;21.3;18.2;88.9;417.1;28.3;28.4;28.2;26.4;19.5;355.5555556;211.1111111;488.8888889;1
14913000;17;24;44;316;17.9;24.5;21.5;17.6;88.1;417.1;26.2;26.2;26;24.5;19.5;355.5555556;211.1111111;488.8888889;1
14913900;17;22;44;258;17.9;23;21.9;17;87.5;417.1;25.1;25.1;25;23.3;19.5;355.5555556;211.1111111;488.8888889;1
14914800;16;21;44;223;17.4;22;22.3;17.3;85.7;362.3;23.8;23.8;23.7;22.3;21.4;363.8888889;266.6666667;600;1.1
14915700;16;19;43;172;16.9;20.3;22;17.4;85;348.6;22.2;22.4;22.2;21.4;21.4;363.8888889;266.6666667;600;1.1
14916600;16;20;43;186;16.9;20.5;23.2;17.6;80.9;348.6;22.4;22.6;22.6;21.5;21.4;363.8888889;266.6666667;600;1.1
14917500;16;20;44;188;16.9;20.5;24.8;17.8;62.1;348.6;22.6;22.8;22.7;21.5;21.4;363.8888889;266.6666667;600;1.1
14918400;16;19;44;173;16.9;20.2;24.5;17.9;60.2;300.6;22.2;22.4;22.4;21.3;20.3;350;119.4444444;294.4444444;1
14919300;16;19;43;166;16.9;20;24.1;17.9;61.2;276.6;22;22.1;22.1;20.9;20.3;350;119.4444444;294.4444444;1
14920200;16;19;44;164;16.9;20;26;18.6;54.9;276.6;21.9;22;22;20.8;20.3;350;119.4444444;294.4444444;1
14921100;15;18;43;129;16.6;19.1;26.6;19.3;52.4;276.6;20.9;20.9;21.1;19.9;20.3;350;119.4444444;294.4444444;1
14922000;15;18;43;125;16.4;19;29.5;19.1;45.8;208;20.8;20.8;20.9;19.9;20.4;350;77.77777778;188.8888889;1.2
14922900;15;18;32;96;16.4;19;29;19;45.4;183.1;21;21;21;20;20.4;350;77.77777778;188.8888889;1.2
14923800;15;17;38;108;16;18.4;25;19.9;56.1;183.1;20.1;20.1;20.2;19.3;20.4;350;77.77777778;188.8888889;1.2
14924700;15;17;44;106;16.1;18;23.7;20.9;60.2;183.1;20.1;20.1;20.3;19.3;20.4;350;77.77777778;188.8888889;1.2
14925600;15;17;43;98;16.1;18;23.1;20.5;62.3;132.6;19.9;19.9;20.1;19.1;20.1;369.4444444;33.33333333;52.77777778;1.2
14926500;15;17;43;90;16.1;18;22.7;20.3;62.8;107.3;19.7;19.6;19.9;18.9;20.1;369.4444444;33.33333333;52.77777778;1.2
14927400;15;17;43;81;16.1;17.6;22.5;20.1;63.7;108.7;19.4;19.1;19.6;18.6;20.1;369.4444444;33.33333333;52.77777778;1.2
14928300;14;16;32;81;15.4;17.1;22.4;19.8;64.7;110.3;19.1;18.8;19.2;18.3;20.1;369.4444444;33.33333333;52.77777778;1.2
14929200;14;15;41;87;14.5;16.3;22.3;19;65.3;37.8;18.1;17.9;18.1;17.3;19.1;372.2222222;0;0;1
14930100;14;15;3;2;15.3;16;22;19;66.2;37.8;18.1;18;18.3;17;19.1;372.2222222;0;0;1
14931000;14;15;20;44;15.1;16.4;21.9;19.2;67.9;37.8;18.6;18.5;18.9;17.6;19.1;372.2222222;0;0;1
14931900;15;15;3;7;15.3;16.5;21.6;19.5;70.3;37.8;18.3;18.1;18.5;17.5;19.1;372.2222222;0;0;1
14932800;15;16;19;38;15.5;16.5;21.4;19.1;71.3;11.3;18.5;18.3;18.6;17.8;18.7;372.2222222;0;0;1.1
14933700;15;15;3;4;15.3;16.5;21.2;18.9;72.5;1.7;18.1;17.9;18.2;17.4;18.7;372.2222222;0;0;1.1
14934600;15;15;20;36;15.4;16.5;21.1;19.2;73.7;1.7;18.2;18;18.4;17.6;18.7;372.2222222;0;0;1.1
14935500;14;15;16;33;14.8;16;21;19.5;74.7;1.7;17.8;17.7;18;17.2;18.7;372.2222222;0;0;1.1
14936400;12;14;24;70;13.4;15.2;21;19.1;74.9;0.5;16.7;16.6;16.9;16.3;18.5;369.4444444;0;0;1.5
14937300;14;14;0;0;14.6;15;21;18.9;74.8;0;16.6;16.6;16.9;16.1;18.5;369.4444444;0;0;1.5
14938200;14;14;0;0;14.6;15;21;18.9;74.5;0;16.9;17.4;17.2;16.3;18.5;369.4444444;0;0;1.5
14939100;14;14;0;0;14.6;15.1;20.95;21.45;75.45;0;17.2;17.8;17.45;16.55;18.5;369.4444444;0;0;1.5
14940000;14;14;0;0;14.6;15.2;20.9;24;76.4;0;17.5;18.2;17.7;16.8;18;375;0;0;1.1
14940900;14;15;0;0;14.7;15.5;20.7;25.9;76.6;0;17.6;18.3;17.8;17;18;375;0;0;1.1
14941800;14;15;0;0;15.1;15.5;20.9;25.9;76.3;0;17.8;18.3;18;17.2;18;375;0;0;1.1
14942700;14;15;0;0;15.1;15.9;20.7;25.9;76.3;0;17.9;18.4;18.2;17.4;18;375;0;0;1.1
14943600;14;17;0;0;15.6;17.4;20.7;25;77;0;18;18.3;18.3;17.6;17.5;377.7777778;0;0;2.3
14944500;15;17;0;0;15.6;17.8;20.8;24.7;76.6;0;18.1;18.4;18.4;17.7;17.5;377.7777778;0;0;2.3
14945400;15;15;0;0;16.3;16.2;20.9;24.7;76.4;0;18.5;18.7;18.7;17.9;17.5;377.7777778;0;0;2.3
14946300;16;13;0;0;16.6;14.8;20.8;24.7;77.2;0;18.8;19;18.9;18.1;17.5;377.7777778;0;0;2.3
14947200;16;13;0;0;17.4;14.1;20.7;17.8;77.9;0;18.9;19.1;18.9;18.5;17.3;388.8888889;0;0;2
14948100;17;13;0;0;18.1;14;20.9;17.8;77.8;0;19;19.3;19;18.9;17.3;388.8888889;0;0;2
14949000;17;12;0;0;18.1;14;20.6;17.8;78.4;0;18.8;19.3;19;19.3;17.3;388.8888889;0;0;2
14949900;17;12;0;0;18.1;13.6;20.4;17.8;82.4;0;18.7;19.1;19.1;19.7;17.3;388.8888889;0;0;2
14950800;17;12;0;0;18.1;13.7;20.1;17.1;84.6;0;18.8;18.9;19.1;19.9;16.8;366.6666667;0;0;1.7
14951700;17;14;0;0;18.1;14.9;20.1;17.1;85;0;18.8;18.8;19.3;19.9;16.8;366.6666667;0;0;1.7
14952600;17;16;0;0;18.1;16.5;20;17;85;0;19.1;18.8;19.5;20;16.8;366.6666667;0;0;1.7
14953500;17;15;0;0;18.1;16.5;19.8;16.8;85.3;0;19.5;18.7;19.9;20.1;16.8;366.6666667;0;0;1.7
14954400;17;15;0;0;18.1;16.5;19.5;16.4;86.6;0;19.8;18.6;20;20.2;16.6;352.7777778;0;0;1.8
14955300;17;15;0;0;18.4;16.5;19.3;16.3;86.5;0;20.1;18.4;20.1;20.1;16.6;352.7777778;0;0;1.8
14956200;17;15;0;0;18.6;16.5;19.2;16.5;86.2;0;20.4;18.1;20.2;19.8;16.6;352.7777778;0;0;1.8
14957100;17;16;0;0;18.6;16.7;19.1;16.8;86.2;0;20.6;18;20.2;19.7;16.6;352.7777778;0;0;1.8
14958000;18;16;0;0;18.6;17;19;16.6;86.2;0;20.8;17.8;19.8;19.8;16.5;369.4444444;13.88888889;13.88888889;2.9
14958900;18;16;0;0;18.6;17;19.1;16.5;86.1;0;20.9;17.7;19.2;20;16.5;369.4444444;13.88888889;13.88888889;2.9
14959800;18;16;0;0;18.6;17;19.3;16.5;85.2;0;20.5;17.8;18.5;20.1;16.5;369.4444444;13.88888889;13.88888889;2.9
14960700;17;17;0;0;18.1;17.4;19.3;16.6;84.6;0;20.3;18;18.4;20.1;16.5;369.4444444;13.88888889;13.88888889;2.9
14961600;17;15;0;0;18;16.9;19.4;16.5;84.5;4.5;20.5;18.1;18.5;20;16.5;344.4444444;80.55555556;144.4444444;2.4
14962500;17;13;0;0;18.2;14.7;19.6;16.5;83.7;5.6;20.6;18.2;18.6;19.9;16.5;344.4444444;80.55555556;144.4444444;2.4
14963400;17;13;0;0;18.5;15.3;19.9;16.5;82.5;5.6;20.2;18.4;18.8;19.7;16.5;344.4444444;80.55555556;144.4444444;2.4
14964300;17;12;0;0;18.5;14.6;20.3;16.6;81.5;5.6;19.8;18.5;19.5;19.6;16.5;344.4444444;80.55555556;144.4444444;2.4
14965200;17;12;0;0;18.5;14;20.8;16.8;77.6;46.2;20;18.9;20.8;19.6;18.3;344.4444444;122.2222222;330.5555556;2.7
14966100;17;13;0;0;18.5;14.1;21.3;16.8;75.9;56.4;20.5;19.5;22.5;19.7;18.3;344.4444444;122.2222222;330.5555556;2.7
14967000;17;13;0;0;18.5;14.5;21.1;16.8;74.4;56.4;21.8;20.3;24;19.8;18.3;344.4444444;122.2222222;330.5555556;2.7
14967900;17;14;0;0;18.5;14.9;21.6;16.8;73.4;56.4;23;21;24.7;20;18.3;344.4444444;122.2222222;330.5555556;2.7
14968800;17;15;0;0;18.5;16.1;21.7;17.3;72.3;124.2;24.5;22.3;25.7;20.1;19.4;341.6666667;141.6666667;311.1111111;4.6
14969700;18;17;0;0;18.5;17.3;21.6;17.4;72.1;141.2;25.6;23.6;26.7;20.4;19.4;341.6666667;141.6666667;311.1111111;4.6
14970600;18;17;0;0;18.7;17.7;21.9;17.3;71;144.9;26.7;24.6;27.9;20.6;19.4;341.6666667;141.6666667;311.1111111;4.6
14971500;18;17;0;0;19;18;22.2;17.2;69.7;149.2;27.6;25.4;29.1;20.8;19.4;341.6666667;141.6666667;311.1111111;4.6
14972400;18;17;0;0;19;18;22.2;17.9;69.5;227.7;28.4;26.1;30.1;21.1;21.3;350;161.1111111;644.4444444;4.4
14973300;18;17;0;0;19.2;18;22.5;18.1;68;247.3;29.4;27.3;31.2;21.3;21.3;350;161.1111111;644.4444444;4.4
14974200;18;17;0;0;19.5;18;23.3;18.7;65.2;247.3;30.6;28.8;32.8;21.6;21.3;350;161.1111111;644.4444444;4.4
14975100;18;17;0;0;19.5;18;23.8;19.3;63.4;247.3;32;30.6;34.6;21.9;21.3;350;161.1111111;644.4444444;4.4
14976000;18;17;0;0;19.5;18.7;24.1;20;60.8;345.3;32.4;32.2;34.8;23.9;21.9;386.1111111;319.4444444;713.8888889;3.9
14976900;18;15;0;0;19.8;17.7;24.7;20.2;58.5;369.8;34.2;33.5;36.2;25.5;21.9;386.1111111;319.4444444;713.8888889;3.9
14977800;19;14;0;0;20;16.8;25.9;20.4;55.5;369.8;36.4;35.4;38.1;26.2;21.9;386.1111111;319.4444444;713.8888889;3.9
14978700;19;16;0;0;20;17.9;27.1;20.6;51;369.8;38.6;37.7;40;26.5;21.9;386.1111111;319.4444444;713.8888889;3.9
14979600;19;16;0;0;20.5;18.2;26.9;21.3;49.7;462.9;40.6;39.7;41.5;27;22.8;380.5555556;277.7777778;808.3333333;4.7
14980500;19;14;0;0;20.5;16.9;27.6;21.5;47.4;496.7;42.2;41.6;42.7;27.5;22.8;380.5555556;277.7777778;808.3333333;4.7
14981400;19;13;0;0;20.6;15.8;28.4;21.9;46.6;496.6;43.8;43.1;43.7;28.2;22.8;380.5555556;277.7777778;808.3333333;4.7
14982300;19;13;0;0;21;14.8;28.2;22.4;50.4;496.4;44.7;44.1;44;28.7;22.8;380.5555556;277.7777778;808.3333333;4.7
14983200;20;12;0;0;21;14.6;28.5;22.9;46.6;568;45.6;44.8;44.2;29.3;23.8;375;238.8888889;752.7777778;3.5
14984100;20;12;0;0;21.1;14.4;29.2;23.1;41.3;594;47.2;46;44.9;29.9;23.8;375;238.8888889;752.7777778;3.5
14985000;19;12;0;0;21.5;13.5;27.8;23;43.3;572.5;45.8;45;43.7;29.7;23.8;375;238.8888889;752.7777778;3.5
14985900;19;12;0;0;21.5;13.1;26.5;22.8;47.6;540.3;43.7;43.5;42.1;29.8;23.8;375;238.8888889;752.7777778;3.5
14986800;19;13;0;0;21.5;13.5;26.6;23.4;47.5;622.8;42.1;42.5;40.8;29.8;25;375;236.1111111;805.5555556;2.4
14987700;20;15;0;0;21.9;16;27.1;23.4;46.3;622.8;42.3;42.5;40.8;29.6;25;375;236.1111111;805.5555556;2.4
14988600;17;15;1;0;18.6;16.4;27.1;23.5;44.6;622.8;41.5;42;39.7;32.2;25;375;236.1111111;805.5555556;2.4
14989500;18;13;0;0;19.7;14.9;26.8;23.6;45.7;622.8;39.5;39.7;37.8;31.1;25;375;236.1111111;805.5555556;2.4
14990400;18;12;0;0;20.3;14.5;27.6;23.8;42.6;638;40.9;40.6;38.1;31.8;25.1;383.3333333;347.2222222;702.7777778;1.8
14991300;18;12;0;0;20.5;14;28.5;23.8;38.7;639.1;42;41.5;38.7;32;25.1;383.3333333;347.2222222;702.7777778;1.8
14992200;17;13;1;1;18.2;15;29.2;24;37.9;639.1;42.9;42.6;39.6;34.2;25.1;383.3333333;347.2222222;702.7777778;1.8
14993100;17;13;0;0;19;14.4;29.8;24.2;37.3;639.1;41.7;41;39;33.8;25.1;383.3333333;347.2222222;702.7777778;1.8
14994000;17;12;0;0;19.4;14.3;29.3;24.3;38.7;613.4;43.2;42;39.3;34.3;22.1;377.7777778;372.2222222;566.6666667;1.6
14994900;16;12;0;0;19.4;13.9;28.1;24.3;43.8;609.4;41.7;41.2;38.2;34;22.1;377.7777778;372.2222222;566.6666667;1.6
14995800;16;15;0;0;19.4;15.1;27.4;25;46.1;609.4;40;39.8;37.4;33.8;22.1;377.7777778;372.2222222;566.6666667;1.6
14996700;16;15;0;0;19.4;15.9;27.4;25.4;46.9;609.4;39.8;39.4;37.4;33.6;22.1;377.7777778;372.2222222;566.6666667;1.6
14997600;16;15;1;0;19.6;15.9;26.4;24.9;51.3;544.3;39.4;39;37.1;34;21.4;363.8888889;194.4444444;208.3333333;3
14998500;16;14;0;0;17.6;15.1;26.5;24.9;51.5;539.6;36.7;37.6;35.4;33.9;21.4;363.8888889;194.4444444;208.3333333;3
14999400;17;13;0;0;19.2;14.5;26.3;24.9;49.2;539.6;35.7;36.4;34.5;33.2;21.4;363.8888889;194.4444444;208.3333333;3
15000300;17;13;0;0;19.2;14.5;25.8;24.9;54.7;539.6;35.2;35.9;34.1;33.2;21.4;363.8888889;194.4444444;208.3333333;3
15001200;16;13;0;0;19.2;14.5;24.7;24.6;61;409.2;34.2;35;33.2;32.9;21.1;383.3333333;30.55555556;30.55555556;3.4
15002100;16;13;0;0;19.2;14.5;24.2;24.6;63.9;399.9;33;34;32.4;32.7;21.1;383.3333333;30.55555556;30.55555556;3.4
15003000;15;13;0;0;19.2;14.8;23.7;23.1;66.4;399.9;31.8;32.9;31.7;32.5;21.1;383.3333333;30.55555556;30.55555556;3.4
15003900;15;15;0;0;19.4;15.6;23.5;22.1;66.9;399.9;30.9;32;31;32.1;21.1;383.3333333;30.55555556;30.55555556;3.4
15004800;15;17;0;0;19.7;17.6;23.4;22;66.6;306.8;29.9;31;30.2;31.8;20.7;402.7777778;5.555555556;8.333333333;2.8
15005700;15;16;0;0;19.7;17.6;23.3;22;67;283.5;29.1;30.2;29.7;31.4;20.7;402.7777778;5.555555556;8.333333333;2.8
15006600;15;16;0;0;20;17.6;23.1;21.6;67.7;283.5;28.4;29.5;29.1;31.2;20.7;402.7777778;5.555555556;8.333333333;2.8
15007500;15;16;0;0;20.2;17.6;22.8;21.3;73;283.5;27.7;28.7;28.4;30.9;20.7;402.7777778;5.555555556;8.333333333;2.8
15008400;16;16;0;0;20.2;17.6;21.4;21.3;86;194;26.8;27.7;27.6;30.5;18.6;391.6666667;16.66666667;16.66666667;2.5
15009300;16;16;0;0;20.6;17.6;20.6;21.3;90.2;187.6;26.1;26.8;26.9;30.1;18.6;391.6666667;16.66666667;16.66666667;2.5
15010200;16;16;0;0;20.7;17.6;20.5;21.1;91.3;187.6;25.4;26.1;26.3;29.8;18.6;391.6666667;16.66666667;16.66666667;2.5
15011100;16;17;0;0;20.8;17.9;19.9;21;93;187.6;24.8;25.4;25.8;29.5;18.6;391.6666667;16.66666667;16.66666667;2.5
15012000;16;17;0;0;19.2;18.7;20.1;20.6;93.1;105.3;22.9;23.5;24.3;29.1;18.5;366.6666667;19.44444444;19.44444444;0.9
15012900;16;17;0;0;20.3;18.7;20.1;20.6;92.3;99.4;23.2;23.4;24.9;29;18.5;366.6666667;19.44444444;19.44444444;0.9
15013800;17;16;0;0;20.3;18.3;19.7;20.2;92.1;99.9;23.3;23.4;24.9;28.8;18.5;366.6666667;19.44444444;19.44444444;0.9
15014700;17;14;0;0;20.6;16.5;19.7;20;92.3;100.2;23.1;23.1;24.7;28.6;18.5;366.6666667;19.44444444;19.44444444;0.9
15015600;17;13;0;0;20.8;15.5;19.7;19.4;92.1;37;23;22.8;24.4;28.4;18.1;386.1111111;0;0;1.3
15016500;17;13;0;0;20.8;15.1;19.8;19.4;92.6;32.5;22.9;22.5;24.4;28.2;18.1;386.1111111;0;0;1.3
15017400;17;13;0;0;21.1;14.7;20;18.5;92.4;32.5;22.9;22.3;24.5;28.1;18.1;386.1111111;0;0;1.3
15018300;17;13;0;0;21.3;14.6;20;17.8;92.1;32.5;22.9;21.8;24.8;27.9;18.1;386.1111111;0;0;1.3
15019200;17;13;0;0;21.4;14.9;20.1;17.4;92.1;9.8;23.2;20.9;25.6;27.8;18.1;388.8888889;0;0;1.3
15020100;18;14;0;0;21.8;15.1;20.1;17.2;91.7;1.5;24.6;20.3;27.2;27.7;18.1;388.8888889;0;0;1.3
15021000;18;15;0;0;22.6;16.5;19.9;17.4;91.5;1.5;26.3;19.8;24.2;27.4;18.1;388.8888889;0;0;1.3
15021900;18;17;0;0;22.8;18.6;19.7;17.5;91.2;1.5;25;19.6;23.9;27.1;18.1;388.8888889;0;0;1.3
15022800;18;17;0;0;22.8;18.6;19.6;17;91.4;0.3;25.7;19.4;22.1;27.1;16.8;386.1111111;0;0;1
15023700;18;17;0;0;22.8;18.6;19.5;16.9;91.4;0;24.7;19.2;21.5;26.7;16.8;386.1111111;0;0;1
15024600;19;17;0;0;22.8;18.6;19.4;17.2;91.5;0;23.7;19;21.5;26.2;16.8;386.1111111;0;0;1
15025500;19;17;0;0;21.8;18.6;19.1;17.8;91.5;0;22.7;18.85;21.35;26.2;16.8;386.1111111;0;0;1
15026400;19;17;0;0;20.8;18.6;18.8;18.4;91.5;0;21.7;18.7;21.2;26.2;16.4;386.1111111;0;0;2.4
15027300;19;17;0;0;20;18.1;18.4;18.5;92.2;0;21;18.5;21;26.1;16.4;386.1111111;0;0;2.4
15028200;19;17;0;0;19.5;18.1;18.4;18.5;92.9;0;20.7;18.4;20.7;25.9;16.4;386.1111111;0;0;2.4
15029100;18;17;0;0;19.3;18.1;18;18.5;93.1;0;20.5;18.3;20.5;25.8;16.4;386.1111111;0;0;2.4
15030000;18;19;0;0;19.2;19.2;18;18.2;93.1;0;20.5;18.2;20.2;25.6;16.2;383.3333333;0;0;2.6
15030900;18;18;0;0;18.8;19.5;18.1;18.1;93;0;20.6;18.1;20.2;25.5;16.2;383.3333333;0;0;2.6
15031800;18;17;0;0;18.8;18.6;18;18.1;92.9;0;20.5;18;20.2;25.3;16.2;383.3333333;0;0;2.6
15032700;18;17;0;0;18.8;18.1;18;18.1;92.8;0;20.6;18;20.2;25.1;16.2;383.3333333;0;0;2.6
15033600;18;17;0;0;18.9;17.5;18;17.9;92.6;0;20.8;17.9;20.2;24.4;16.2;375;0;0;2.4
15034500;17;15;0;0;17.9;16.3;18;17.8;92.6;0;20.6;17.8;20.3;25.1;16.2;375;0;0;2.4
15035400;17;13;0;0;17.8;14.6;18.1;17.8;92.6;0;20.3;17.7;20;25;16.2;375;0;0;2.4
15036300;16;13;0;0;17.8;14.1;18.2;17.8;92.6;0;20.1;17.7;19.8;24.8;16.2;375;0;0;2.4
15037200;16;12;0;0;17.8;13.6;18.3;15.7;92.6;0;20;17.7;19.7;24.8;16.1;380.5555556;0;0;1.2
15038100;16;13;0;0;17.8;14.4;18.3;15.7;92.1;0;19.7;17.7;19.4;24.7;16.1;380.5555556;0;0;1.2
15039000;17;15;0;0;17.8;16.1;18.3;15.7;92.1;0;19.5;17.7;19.3;24.6;16.1;380.5555556;0;0;1.2
15039900;17;15;0;0;17.8;16.1;18.4;15.7;92.1;0;19.4;17.8;19.3;24.8;16.1;380.5555556;0;0;1.2
15040800;17;15;0;0;17.8;16.1;18.4;15.3;91.9;0;19.2;17.8;19.3;24.7;15.9;366.6666667;0;0;1.1
15041700;17;15;0;0;17.8;16.1;18.4;15.3;92;0;19.2;17.8;19.3;24.7;15.9;366.6666667;0;0;1.1
15042600;17;15;0;0;17.8;16.1;18.3;15.5;92.1;0;19.2;17.8;19.3;24.6;15.9;366.6666667;0;0;1.1
15043500;17;15;0;0;17.8;16.1;18.2;15.7;92.1;0;19.3;17.7;19.3;24.5;15.9;366.6666667;0;0;1.1
15044400;17;15;0;0;17.8;16.4;18.1;15.7;92.1;0;19.6;17.6;19.3;24.3;15.6;366.6666667;16.66666667;19.44444444;2.1
15045300;17;15;0;0;17.8;16.6;17.9;15.7;92.1;0;19.7;17.5;19.4;23.9;15.6;366.6666667;16.66666667;19.44444444;2.1
15046200;17;16;0;0;17.8;16.6;18;15.8;92.1;0;19.7;17.4;19.4;23.4;15.6;366.6666667;16.66666667;19.44444444;2.1
15047100;17;17;0;0;17.8;17.9;18.1;16;92.1;0;19.7;17.4;19.5;22.3;15.6;366.6666667;16.66666667;19.44444444;2.1
15048000;17;17;0;0;17.8;18;18.2;15.9;92.1;3.2;19.7;17.4;19.5;19.2;16.2;358.3333333;130.5555556;183.3333333;3.6
15048900;17;16;0;0;17.8;17.6;18.4;15.9;92.1;3.2;19.7;17.5;19.3;17;16.2;358.3333333;130.5555556;183.3333333;3.6
15049800;17;17;0;0;17.8;18;18.7;15.8;92.1;3.2;20.5;17.8;19;17.3;16.2;358.3333333;130.5555556;183.3333333;3.6
15050700;17;17;0;0;17.8;18.1;18.8;15.8;91.9;3.2;23.9;18.1;19;17.7;16.2;358.3333333;130.5555556;183.3333333;3.6
15051600;17;17;0;0;17.8;18.1;19.2;15.8;92.1;34.5;23.6;18.7;19.6;18.5;17;380.5555556;213.8888889;291.6666667;2.7
15052500;17;17;0;0;17.8;18.1;20;15.8;91.9;36.7;23.9;19.8;21;19.7;17;380.5555556;213.8888889;291.6666667;2.7
15053400;17;17;0;0;17.8;17.6;19.8;15.7;91.1;36.7;23.6;20.9;22.6;21;17;380.5555556;213.8888889;291.6666667;2.7
15054300;17;17;0;0;18;17.6;19.7;15.6;91.4;36.7;23.3;21.2;22.9;21.6;17;380.5555556;213.8888889;291.6666667;2.7
15055200;18;17;0;0;18.5;17.8;20.1;16;91.6;108.8;23.3;21.5;22.7;21.6;18.4;380.5555556;261.1111111;347.2222222;3.9
15056100;17;16;0;0;18.4;17.8;20.3;16;90.6;108.8;23.4;21.6;22.6;21.6;18.4;380.5555556;261.1111111;347.2222222;3.9
15057000;18;15;0;0;18.4;17.2;20.2;16.2;90.6;107.9;23.4;21.6;22.7;21.6;18.4;380.5555556;261.1111111;347.2222222;3.9
15057900;18;15;0;0;18.4;16.8;20.4;16.6;90.6;106.5;24.1;22.3;23.3;21.7;18.4;380.5555556;261.1111111;347.2222222;3.9
15058800;18;13;0;0;18.5;15.4;20.1;17.1;90.5;157.9;25;23.1;24.2;21.8;18.6;377.7777778;327.7777778;425;2.6
15059700;18;13;0;0;18.9;15;21.1;17.2;91.3;170.7;26.3;24.2;25.7;21.9;18.6;377.7777778;327.7777778;425;2.6
15060600;18;12;0;0;18.9;14.6;21.7;17.4;90;170.7;27.2;25.4;27;22;18.6;377.7777778;327.7777778;425;2.6
15061500;18;13;0;0;19.1;14.6;21.5;17.6;88.2;170.7;28.6;26.8;28.9;22.1;18.6;377.7777778;327.7777778;425;2.6
15062400;18;13;0;0;19.4;14.6;22;18.3;87.1;259.1;29.8;28.3;30.6;22.3;19.8;377.7777778;325;527.7777778;3
15063300;18;14;0;0;19.4;15;23.7;18.3;68.4;259.1;30.9;29.5;31.7;22.5;19.8;377.7777778;325;527.7777778;3
15064200;18;14;0;0;19.4;15.1;23.9;18.6;63.8;259.1;32.4;30.8;32.9;22.8;19.8;377.7777778;325;527.7777778;3
15065100;19;16;0;0;19.9;16.8;23.5;19.1;63;259.1;33.5;32.2;34;23.1;19.8;377.7777778;325;527.7777778;3
15066000;18;16;0;0;18.8;17.9;24.5;19.5;60.2;306.1;33.4;32.6;33.2;25.3;19.5;386.1111111;266.6666667;394.4444444;3.3
15066900;18;14;0;0;19.6;15.9;24.3;19.6;60.5;323.2;32.7;31.6;32.2;25.2;19.5;386.1111111;266.6666667;394.4444444;3.3
15067800;18;13;0;0;19.7;15.2;23.9;19.5;62.1;343;32.3;31.4;31.8;25.3;19.5;386.1111111;266.6666667;394.4444444;3.3
15068700;18;13;0;0;19.7;14.7;23.9;19.4;62;365.6;31.9;31.1;31.6;25.5;19.5;386.1111111;266.6666667;394.4444444;3.3
15069600;18;13;0;0;20;14.7;24.8;19.8;59.9;429.8;33.1;31.9;32.5;25.8;21.5;380.5555556;394.4444444;544.4444444;3.8
15070500;19;13;0;0;20.2;15.1;26.1;19.9;55.3;439.7;35;33.1;33.6;26.1;21.5;380.5555556;394.4444444;544.4444444;3.8
15071400;19;13;0;0;20.2;14.7;25.8;20.2;55.6;456.4;35.1;33.5;33.8;26.2;21.5;380.5555556;394.4444444;544.4444444;3.8
15072300;19;13;0;0;20.4;14.7;26.3;20.6;53;475.5;35;33.6;34;26.4;21.5;380.5555556;394.4444444;544.4444444;3.8
15073200;19;14;0;0;20.7;15.1;26.2;20.9;52.8;522.8;35.5;34.1;34.7;26.6;22.8;380.5555556;275;577.7777778;4
15074100;19;15;0;0;20.9;17;26.7;21;50.7;534.6;37.1;35.7;35.8;27;22.8;380.5555556;275;577.7777778;4
15075000;20;15;0;0;21.2;16.7;26.5;20.6;49.8;534.6;38.9;36.8;36.6;27.3;22.8;380.5555556;275;577.7777778;4
15075900;20;15;1;0;21.2;16.7;26.7;20;50.2;534.6;40.4;38.2;37.3;27.8;22.8;380.5555556;275;577.7777778;4
15076800;16;15;0;0;17.5;16.1;27.3;20.2;47;572.1;37.6;37;35.5;30.7;22.8;372.2222222;411.1111111;705.5555556;4.4
15077700;17;13;0;0;19.4;14.6;26.5;20.3;49.2;585.8;35.8;35.2;34.1;29.1;22.8;372.2222222;411.1111111;705.5555556;4.4
15078600;17;13;0;0;19.4;14.6;27.1;20.9;48.3;585.8;35.8;35.2;34.5;29.6;22.8;372.2222222;411.1111111;705.5555556;4.4
15079500;18;13;0;0;19.9;14.6;28.3;21.7;43.9;585.8;36.8;35.8;35.5;29.9;22.8;372.2222222;411.1111111;705.5555556;4.4
15080400;18;13;0;0;20.4;14.6;28.2;21.6;41.4;536.2;39;37.2;36.9;30.2;20.3;383.3333333;130.5555556;202.7777778;3.2
15081300;18;13;0;0;20.4;14.6;27.5;21.5;45.1;518.1;40.3;38.4;37.5;30.5;20.3;383.3333333;130.5555556;202.7777778;3.2
15082200;17;15;0;0;20.4;15.9;26.5;22.1;50.4;518.1;39.6;38.2;36.9;30.7;20.3;383.3333333;130.5555556;202.7777778;3.2
15083100;15;15;0;0;17.4;16.3;24;22.7;56.1;518.1;36;35.8;33.9;31.1;20.3;383.3333333;130.5555556;202.7777778;3.2
15084000;17;14;0;0;18.8;14.9;22.4;22.3;65.4;477.3;32;32.4;30.7;29.3;18.9;363.8888889;219.4444444;297.2222222;2.5
15084900;16;13;0;0;18.9;14.9;21.7;22.2;67.9;462.4;30.1;30.4;29.3;29.2;18.9;363.8888889;219.4444444;297.2222222;2.5
15085800;17;13;0;0;19.4;14.9;21.7;22.4;68.3;462.4;29.3;29.6;28.8;28.9;18.9;363.8888889;219.4444444;297.2222222;2.5
15086700;17;14;0;0;19.7;14.9;22.9;22.5;67.1;462.4;29;29.3;28.6;28.7;18.9;363.8888889;219.4444444;297.2222222;2.5
15087600;18;14;0;0;20.2;15.3;23.9;22.1;62.7;400;29.1;29.2;28.7;28.6;20.2;341.6666667;127.7777778;452.7777778;1.9
15088500;18;14;0;0;20.6;15.4;24.2;22;60.1;384.4;29.4;29.3;29.1;28.6;20.2;341.6666667;127.7777778;452.7777778;1.9
15089400;19;14;0;0;20.9;15.8;23.8;20.8;60.3;384.4;29.5;29.2;29.3;28.6;20.2;341.6666667;127.7777778;452.7777778;1.9
15090300;19;16;0;0;21.2;16.5;23.8;20;61.4;384.4;29.4;29.3;29.6;28.6;20.2;341.6666667;127.7777778;452.7777778;1.9
15091200;19;17;0;0;21.4;18.4;23.8;19.6;62.3;299.6;29.5;29.5;30.1;28.6;20.9;347.2222222;102.7777778;311.1111111;1.7
15092100;19;17;0;0;21.5;18.4;23.6;19.6;62.9;293.5;29.3;29.4;30.1;28.5;20.9;347.2222222;102.7777778;311.1111111;1.7
15093000;20;17;0;0;21.9;18.4;26.6;19.2;54.6;293.5;29.3;29.4;30.2;28.5;20.9;347.2222222;102.7777778;311.1111111;1.7
15093900;18;17;0;0;20.6;18.6;27.4;18.5;49.7;293.5;29.1;30;30;28.7;20.9;347.2222222;102.7777778;311.1111111;1.7
15094800;18;15;0;0;21.1;17.3;29.4;18;46.5;201.3;28.8;29.9;29.6;28.6;20.1;380.5555556;111.1111111;144.4444444;2
15095700;18;13;0;0;21.3;15.6;26;18;53.7;194.7;28.5;29.5;29.3;28.6;20.1;380.5555556;111.1111111;144.4444444;2
15096600;18;13;0;0;21.3;14.8;24;18.6;60.2;194.7;27.9;29.1;28.9;28.4;20.1;380.5555556;111.1111111;144.4444444;2
15097500;18;13;0;0;21.3;14.4;23.7;19.6;62.1;194.7;27.4;28.6;28.4;28.3;20.1;380.5555556;111.1111111;144.4444444;2
15098400;18;12;0;0;21.3;14.4;23.5;18.9;64.3;124.6;26.8;27.9;27.7;28.3;19;363.8888889;22.22222222;22.22222222;1.9
15099300;18;15;0;0;21.8;16.2;23;18.7;67.5;99.1;26.1;27.2;27.2;28.1;19;363.8888889;22.22222222;22.22222222;1.9
15100200;18;16;0;0;21.8;16.9;22.7;19.3;67.9;99.4;25.8;26.7;26.9;27.9;19;363.8888889;22.22222222;22.22222222;1.9
15101100;18;15;0;0;21.8;16.9;22.1;20.1;68.6;99.9;25.6;26.4;26.6;27.8;19;363.8888889;22.22222222;22.22222222;1.9
15102000;18;15;0;0;21.9;16.9;21.5;19.5;70.8;49.5;25.2;26;26.2;27.7;17.8;352.7777778;0;0;2.4
15102900;18;16;0;0;22.3;16.9;21.3;19.3;71.8;31.2;25;25.5;25.9;27.5;17.8;352.7777778;0;0;2.4
15103800;18;16;0;0;22.3;16.9;21;19.4;72.1;31.2;24.7;25.1;25.6;27.4;17.8;352.7777778;0;0;2.4
15104700;18;16;0;0;22.3;17.3;20.6;19.4;72.4;31.2;24.4;24.7;25.3;27.2;17.8;352.7777778;0;0;2.4
15105600;19;16;0;0;22.7;17.4;20.5;18.8;72.1;9.8;24.2;24.3;25.1;27.1;16.9;366.6666667;0;0;2.6
15106500;19;16;0;0;22.8;17.6;20.3;18.6;70.5;2;24;23.9;24.8;27;16.9;366.6666667;0;0;2.6
15107400;19;18;0;0;22.8;18.5;20.1;18.5;70.5;2;24;23.5;24.6;26.8;16.9;366.6666667;0;0;2.6
15108300;19;19;0;0;23;19.6;20;18.4;70.8;2;24;22.8;24.3;26.6;16.9;366.6666667;0;0;2.6
15109200;19;18;0;0;23.3;19.9;20;17.6;71.1;0.1;24.1;22;24.3;26.5;16.9;380.5555556;0;0;1.5
15110100;20;18;0;0;23.3;19.9;20.2;17.5;70.8;0;24.6;20.8;24.8;26.4;16.9;380.5555556;0;0;1.5
15111000;20;18;0;0;23.8;19.9;20.1;17.2;71.3;0;26.1;19.6;26.1;26.4;16.9;380.5555556;0;0;1.5
15111900;20;18;0;0;23.55;19.75;20.05;17.8;71.55;0;25.15;19.25;25.05;23.35;16.9;380.5555556;0;0;1.5
15112800;20;18;0;0;23.3;19.6;20;18.4;71.8;0;24.2;18.9;24;20.3;16.9;380.5555556;0;0;1.8
15113700;20;18;0;0;21.6;18.9;20.1;18.5;71.9;0;24.6;18.9;22.8;18.5;16.9;380.5555556;0;0;1.8
15114600;19;16;0;0;20.3;17.8;20.1;18.5;71.9;0;23.9;19.1;20.9;18.3;16.9;380.5555556;0;0;1.8
15115500;19;14;0;0;20.2;17.4;19.9;18.5;71.8;0;22.8;19.1;20.1;18.3;16.9;380.5555556;0;0;1.8
15116400;19;16;0;0;20.2;17.9;19.8;18.1;71.9;0;22.5;19.1;20;18.4;16.7;386.1111111;0;0;2.4
15117300;19;15;0;0;19.2;16.9;19.8;18.1;72.1;0;23.6;19.1;20;18.5;16.7;386.1111111;0;0;2.4
15118200;18;13;0;0;18.4;14.7;19.6;18.1;72.2;0;23.4;19;20;18.4;16.7;386.1111111;0;0;2.4
15119100;18;13;0;0;18.2;14.4;19.4;18.1;73.1;0;21.7;18.9;20;18.4;16.7;386.1111111;0;0;2.4
15120000;18;13;0;0;18.2;14.4;19.3;17.8;73.8;0;21;18.8;20.1;18.3;16.2;386.1111111;0;0;2.8
15120900;18;13;0;0;18.2;14.6;18.9;17.8;75.2;0;20.9;18.7;20.1;18.2;16.2;386.1111111;0;0;2.8
15121800;18;13;0;0;18.2;14.9;18.9;17.8;75.8;0;21.1;18.5;20.1;17.9;16.2;386.1111111;0;0;2.8
15122700;18;14;0;0;18.2;15.2;18.8;17.8;75.9;0;21.3;18.3;20.1;17.7;16.2;386.1111111;0;0;2.8
15123600;18;14;0;0;18.2;15.4;18.9;16.6;75.9;0;21.3;18.2;20;17.7;15.9;380.5555556;0;0;3.3
15124500;18;15;0;0;18.2;16.6;18.9;16.1;76.5;0;21.2;18.1;19.9;17.6;15.9;380.5555556;0;0;3.3
15125400;18;17;0;0;18.2;17.9;18.6;16.2;76.8;0;21.1;17.9;19.9;17.3;15.9;380.5555556;0;0;3.3
15126300;18;17;0;0;18.2;17.9;18.6;16.3;77.2;0;21.1;17.8;19.7;17.2;15.9;380.5555556;0;0;3.3
15127200;18;17;0;0;18.2;17.9;18.7;15.9;77;0;21;17.8;19.5;17.2;15.7;366.6666667;0;0;4.6
15128100;18;17;0;0;18.2;17.9;18.8;15.8;77.1;0;21;17.7;19.4;17.2;15.7;366.6666667;0;0;4.6
15129000;18;17;0;0;18.2;17.9;18.8;15.8;77.1;0;20.9;17.7;19.4;17.1;15.7;366.6666667;0;0;4.6
15129900;17;17;0;0;18.2;17.9;18.8;15.9;77;0;20.7;17.7;19.2;17.1;15.7;366.6666667;0;0;4.6
15130800;17;17;0;0;18.2;17.9;18.6;15.7;77.2;0;20.7;17.6;19.1;17.1;15.5;380.5555556;5.555555556;5.555555556;4
15131700;17;17;0;0;17.9;17.9;18.4;15.6;77.6;0;20.6;17.6;19.1;17.2;15.5;380.5555556;5.555555556;5.555555556;4
15132600;17;17;0;0;17.7;17.9;18.4;15.7;77.8;0;20.5;17.6;19;17.2;15.5;380.5555556;5.555555556;5.555555556;4
15133500;17;19;0;0;17.7;19.2;18.5;15.7;78.2;0;20.5;17.7;19;17.2;15.5;380.5555556;5.555555556;5.555555556;4
15134400;17;19;0;0;17.7;19.4;18.4;15.3;78.8;2.8;20.4;17.5;19.1;17;15;386.1111111;27.77777778;27.77777778;3.7
15135300;17;18;0;0;17.7;18.9;18.5;15.3;78.9;2.8;20.5;17.4;19;16.8;15;386.1111111;27.77777778;27.77777778;3.7
15136200;17;17;0;0;18;18.3;18.8;15.3;78.9;2.8;20.6;17.2;19;16.6;15;386.1111111;27.77777778;27.77777778;3.7
15137100;19;16;0;0;18.5;17.3;19.2;15.4;77.8;2.8;20.6;17.2;19;16.5;15;386.1111111;27.77777778;27.77777778;3.7
15138000;18;13;0;0;17.8;15.4;19.4;15.5;77.7;29.4;20.5;17.3;18.9;16.6;14.6;386.1111111;80.55555556;80.55555556;3.9
15138900;17;13;0;0;17.3;14.4;19.9;15.5;75.4;36;20.3;17.5;18.9;16.8;14.6;386.1111111;80.55555556;80.55555556;3.9
15139800;17;12;0;0;17.2;13.9;20.1;15.5;75;36;20.2;17.8;18.8;17.1;14.6;386.1111111;80.55555556;80.55555556;3.9
15140700;17;12;0;0;17.2;13.9;19.7;15.5;77.5;36;20.1;17.9;18.8;17.3;14.6;386.1111111;80.55555556;80.55555556;3.9
15141600;17;14;0;0;17.2;14.9;18.6;15.8;84.6;95.5;20.1;18.1;18.8;17.4;15.6;386.1111111;147.2222222;147.2222222;4.2
15142500;17;15;0;0;17.2;15.9;18.5;15.8;84.3;95.5;20.1;18.2;18.9;17.4;15.6;386.1111111;147.2222222;147.2222222;4.2
15143400;17;16;0;0;17.2;16.5;19.1;15.8;83.4;95.5;20.1;18.6;19.1;17.7;15.6;386.1111111;147.2222222;147.2222222;4.2
15144300;17;16;0;0;17.2;16.9;19.2;15.8;82.1;95.5;20;18.8;19.2;18.1;15.6;386.1111111;147.2222222;147.2222222;4.2
15145200;17;16;0;0;17.2;16.9;19.4;16.2;81.5;155.3;20.1;19;19.2;18.2;15.9;388.8888889;138.8888889;138.8888889;4
15146100;17;16;0;0;17.3;16.9;19.5;16.3;79.7;170.2;20.2;19.2;19.4;18.3;15.9;388.8888889;138.8888889;138.8888889;4
15147000;17;16;0;0;17.7;16.9;19.4;15.6;79.4;168;20.2;19.3;19.6;18.4;15.9;388.8888889;138.8888889;138.8888889;4
15147900;17;16;0;0;17.7;16.9;19.8;15.1;77.5;166.5;20.3;19.4;19.7;18.5;15.9;388.8888889;138.8888889;138.8888889;4
15148800;17;16;0;0;17.7;17.3;20.7;15.9;75.9;234;20.5;19.7;20.1;18.6;16.4;388.8888889;152.7777778;155.5555556;3.7
15149700;17;16;0;0;17.8;17.4;21;15.9;72.8;234;20.7;20.2;20.6;19.1;16.4;388.8888889;152.7777778;155.5555556;3.7
15150600;17;17;0;0;18.2;17.4;20.8;16.1;73.7;234;20.7;20.5;20.9;19.6;16.4;388.8888889;152.7777778;155.5555556;3.7
15151500;17;18;0;0;18.2;18.2;21.2;16.3;72.9;234;20.8;20.8;20.8;19.9;16.4;388.8888889;152.7777778;155.5555556;3.7
15152400;17;19;0;0;18.2;19.3;20.6;16.7;72.2;279.3;20.9;21;21.1;20.1;15.4;386.1111111;166.6666667;169.4444444;3.2
15153300;18;18;0;0;18.5;19.4;20.4;16.9;74.2;295.8;21;21;21.2;20.1;15.4;386.1111111;166.6666667;169.4444444;3.2
15154200;18;18;0;0;18.7;19.4;19.9;16.6;76.4;286.6;21;20.6;20.9;20.1;15.4;386.1111111;166.6666667;169.4444444;3.2
15155100;18;18;0;0;19.2;19.4;19.9;16.4;79.1;278.6;21.1;20.3;20.6;19.9;15.4;386.1111111;166.6666667;169.4444444;3.2
15156000;17;16;0;0;20;18.4;18.9;17;87.6;330.1;21.3;20.1;20.5;19.7;16.1;386.1111111;238.8888889;241.6666667;3.5
15156900;18;13;0;0;19.7;15.4;18.5;17;90.7;333.8;21.3;19.7;20.5;19.5;16.1;386.1111111;238.8888889;241.6666667;3.5
15157800;18;12;0;0;19.7;14.4;18.7;17;90.4;312;21.6;19.8;20.6;19.2;16.1;386.1111111;238.8888889;241.6666667;3.5
15158700;18;12;0;0;19.7;13.9;18.6;17;89.7;293;22;20.2;20.9;19.1;16.1;386.1111111;238.8888889;241.6666667;3.5
15159600;18;13;0;0;19.7;14.5;19.1;17.3;90.1;332.4;21.9;20.4;21.1;19.3;17.1;375;369.4444444;408.3333333;2.9
15160500;18;15;0;0;19.4;16.9;19.4;17.4;88.2;346.7;21.6;20.6;21.5;19.6;17.1;375;369.4444444;408.3333333;2.9
15161400;18;15;0;0;19.2;16.6;20.1;16.6;86;346.7;21.7;21;21.8;19.8;17.1;375;369.4444444;408.3333333;2.9
15162300;18;15;0;0;19.2;16.6;20.4;15.7;84.2;346.7;22;21.4;22.2;20.1;17.1;375;369.4444444;408.3333333;2.9
15163200;18;15;0;0;19.1;16.6;21.2;16.3;82.2;413.9;22.1;22.1;22.9;20.6;17.7;386.1111111;316.6666667;344.4444444;2.4
15164100;14;17;1;1;15.4;18.6;21.4;16.3;80;413.9;23.2;23.2;23.5;22.1;17.7;386.1111111;316.6666667;344.4444444;2.4
15165000;15;14;0;0;15.8;16.8;22.5;16.3;76;413.9;23.4;23.6;23.9;22.5;17.7;386.1111111;316.6666667;344.4444444;2.4
15165900;15;13;0;0;16.3;15.5;21.9;16.3;68.9;413.9;23.7;23.6;24;22.6;17.7;386.1111111;316.6666667;344.4444444;2.4
15166800;15;13;0;0;17;15.1;23.1;16.7;63.8;448.9;25;24.5;25.1;22.5;18.6;361.1111111;444.4444444;577.7777778;2.1
15167700;16;13;0;0;17.6;15.1;23.9;16.7;60.1;451.4;27.3;26;26.7;22.6;18.6;361.1111111;444.4444444;577.7777778;2.1
15168600;14;17;1;0;15.3;18.3;23.4;17;61;451.4;27.9;27.4;27;24.2;18.6;361.1111111;444.4444444;577.7777778;2.1
15169500;15;15;0;0;16.5;17.1;23.3;17.2;60.6;451.4;27.6;27.2;26.9;23.8;18.6;361.1111111;444.4444444;577.7777778;2.1
15170400;16;14;0;0;17.1;15.7;23.4;17.7;58.8;430.4;28.5;27.7;27.6;23.6;19.9;355.5555556;325;616.6666667;1.9
15171300;16;13;0;0;17.4;15.2;23.9;17.8;57;427.2;29.9;28.7;28.7;23.8;19.9;355.5555556;325;616.6666667;1.9
15172200;16;13;0;0;17.6;15;24.3;18;55.2;427.2;31.3;29.9;30;24.1;19.9;355.5555556;325;616.6666667;1.9
15173100;16;13;0;0;18;14.7;24;18.2;56;427.2;32.2;30.8;30.7;24.4;19.9;355.5555556;325;616.6666667;1.9
15174000;15;13;0;0;18.1;14.7;23.5;18.4;55.7;360;32.2;31.2;30.9;24.6;19.3;372.2222222;225;233.3333333;1.1
15174900;15;14;0;0;18.1;14.8;23.4;18.4;55.5;360;31.8;31.1;30.6;24.8;19.3;372.2222222;225;233.3333333;1.1
15175800;15;14;0;0;18.1;15.2;23.3;18.5;54.9;360;31.1;30.7;30.1;24.9;19.3;372.2222222;225;233.3333333;1.1
15176700;15;15;0;0;18.1;15.7;23.1;18.7;54;360;30.5;30.1;29.5;24.9;19.3;372.2222222;225;233.3333333;1.1
15177600;15;17;0;0;18.1;17.7;23.2;18.9;54.5;314.3;29.8;29.3;28.9;24.9;20;372.2222222;205.5555556;286.1111111;1.6
15178500;15;16;0;0;18.6;17.7;24;19;53.8;302.9;29.5;29;28.6;25;20;372.2222222;205.5555556;286.1111111;1.6
15179400;15;16;0;0;18.6;17.7;23.8;19.5;52.6;302.9;29.4;28.9;28.5;25;20;372.2222222;205.5555556;286.1111111;1.6
15180300;15;16;0;0;18;18;23.4;20.1;53.9;302.9;28.8;28.7;28;25.1;20;372.2222222;205.5555556;286.1111111;1.6
15181200;17;14;0;0;18.8;16.4;24.7;19.9;50.4;240.1;28.3;28.3;27.7;25;19.6;336.1111111;63.88888889;166.6666667;0.6
15182100;17;13;0;0;19;14.9;24.7;19.9;53.3;224.4;28;28;27.5;25;19.6;336.1111111;63.88888889;166.6666667;0.6
15183000;17;12;0;0;19.2;14.3;24.4;19.6;51;224.4;27.5;27.8;27.3;25;19.6;336.1111111;63.88888889;166.6666667;0.6
15183900;17;12;0;0;19.5;13.8;22.4;19.2;57.7;224.4;27;27.7;27.1;25.1;19.6;336.1111111;63.88888889;166.6666667;0.6
15184800;17;12;0;0;19.5;13.8;21.8;18.9;58.3;154.7;26.4;27.5;26.9;25.1;18.7;333.3333333;27.77777778;44.44444444;0.6
15185700;17;15;0;0;19.5;15.4;21.4;18.8;61;129.3;25.8;27.2;26.5;25.1;18.7;333.3333333;27.77777778;44.44444444;0.6
15186600;17;15;0;0;19.6;16;21;19.1;63.3;128.2;25.1;26.6;26.1;25.1;18.7;333.3333333;27.77777778;44.44444444;0.6
15187500;17;15;0;0;20;16;20.8;19.5;65.3;126.9;24.6;26;25.8;25;18.7;333.3333333;27.77777778;44.44444444;0.6
15188400;17;15;0;0;20;16;20.5;19.1;64.9;58.5;24.2;25.4;25.5;24.9;17.5;338.8888889;0;0;0.9
15189300;17;15;0;0;20.1;16;20.2;19;66.3;41.4;23.9;24.8;25.1;24.9;17.5;338.8888889;0;0;0.9
15190200;17;15;0;0;20.5;16.4;19.8;19.1;68.5;41.4;23.6;24.4;24.8;24.8;17.5;338.8888889;0;0;0.9
15191100;17;15;0;0;20.5;16.5;19.3;19.2;70.2;41.4;23.3;24;24.5;24.7;17.5;338.8888889;0;0;0.9
15192000;18;16;0;0;20.5;16.8;19.2;18.5;70.8;16;23.1;23.6;24.3;24.7;17.1;350;0;0;0.6
15192900;18;16;0;0;20.9;17;18.8;18.2;72;3.3;22.9;23.2;24;24.6;17.1;350;0;0;0.6
15193800;18;17;0;0;21;17.7;18.8;18.1;72.6;3.3;22.7;22.7;23.8;24.6;17.1;350;0;0;0.6
15194700;18;18;0;0;21;19;18.8;17.9;71.8;3.3;22.6;22.2;23.6;24.4;17.1;350;0;0;0.6
15195600;18;18;0;0;21.3;19;18.8;17.3;71.6;0.9;22.4;21.8;23.5;24.4;16.7;361.1111111;0;0;0.8
15196500;18;18;0;0;21.5;19;18.9;17.1;70.2;0;22.4;21.1;23.8;24.4;16.7;361.1111111;0;0;0.8
15197400;18;18;0;0;21.6;19;19.2;17.1;70.8;0;23;19.7;24.9;24.4;16.7;361.1111111;0;0;0.8
15198300;19;18;0;0;22;19;19.3;17;71.6;0;24.8;18.4;23.8;23.9;16.7;361.1111111;0;0;0.8
15199200;19;18;0;0;22;19.4;19;18.1;72.1;0;25;17.9;23.6;23;16.8;352.7777778;0;0;1.2
15200100;19;18;0;0;21.9;19.4;18.6;18.5;73.6;0;23.8;17.6;21.6;20.3;16.8;352.7777778;0;0;1.2
15201000;19;16;0;0;21.6;17.9;18;18.5;75.7;0;24.3;17.2;20.6;17.4;16.8;352.7777778;0;0;1.2
15201900;19;14;0;0;20.4;16.1;18.2;18.5;76.4;0;23.6;17.3;19.8;16.8;16.8;352.7777778;0;0;1.2
15202800;18;15;0;0;19.8;16.4;18.6;18.2;74.4;0;22.1;17.5;19.2;16.9;16;372.2222222;0;0;1.4
15203700;18;14;0;0;19.6;16.4;18.8;18.1;72;0;22.2;17.6;18.7;17.3;16;372.2222222;0;0;1.4
15204600;18;12;0;0;18;14.3;18.9;18.1;72.5;0;23.2;17.6;18.5;17.5;16;372.2222222;0;0;1.4
15205500;17;12;0;0;17.3;13.5;18.9;18.1;72.7;0;22;17.6;18.5;17.5;16;372.2222222;0;0;1.4
15206400;17;12;0;0;17.3;13.5;18.8;15.4;72.7;0;20.3;17.6;18.5;17.6;15.5;369.4444444;0;0;1.5
15207300;17;12;0;0;17.3;13.9;18.8;15.4;73.3;0;19.8;17.5;18.6;17.6;15.5;369.4444444;0;0;1.5
15208200;17;13;0;0;17.3;14.2;18.7;15.4;74.1;0;19.8;17.5;18.7;17.6;15.5;369.4444444;0;0;1.5
15209100;17;13;0;0;17.3;14.5;18.7;15.4;74.2;0;19.9;17.4;18.8;17.5;15.5;369.4444444;0;0;1.5
15210000;17;13;0;0;17.3;14.7;18.5;15.7;75;0;20.2;17.3;18.8;17.4;15.2;372.2222222;0;0;1.5
15210900;17;15;0;0;17.3;15.8;18.5;15.7;76;0;20.4;17.3;18.8;17.2;15.2;372.2222222;0;0;1.5
15211800;17;16;0;0;17.3;17;18.6;15.7;76.6;0;20.3;17.2;18.9;17.1;15.2;372.2222222;0;0;1.5
15212700;17;16;0;0;17.3;17.5;18.7;15.7;76.2;0;20.4;17.1;18.8;17;15.2;372.2222222;0;0;1.5
15213600;17;16;0;0;17.3;17.5;18.7;15.3;76.6;0;20.4;17.1;18.8;17;15.3;375;0;0;1.5
15214500;17;16;0;0;17.3;17.5;18.7;15.2;76.9;0;20.5;17.1;18.7;16.9;15.3;375;0;0;1.5
15215400;17;16;0;0;17.3;17.5;18.7;15.2;77.7;0;20.5;17.1;18.7;16.9;15.3;375;0;0;1.5
15216300;17;16;0;0;17.3;17.5;18.7;15.1;77.9;0;20.4;17.1;18.6;16.9;15.3;375;0;0;1.5
15217200;17;16;0;0;17.3;17.5;18.8;14.8;78.1;0;20.3;17.1;18.6;16.9;15.3;336.1111111;19.44444444;25;1.9
15218100;17;16;0;0;17.3;17.5;18.6;14.7;78.4;0;20.3;17.1;18.5;16.9;15.3;336.1111111;19.44444444;25;1.9
15219000;17;16;0;0;17.3;17.5;18.3;14.8;79.7;0;20.2;16.9;18.5;16.7;15.3;336.1111111;19.44444444;25;1.9
15219900;17;18;0;0;17.3;18.7;17.9;14.9;80.2;0;20.2;16.7;18.5;16.5;15.3;336.1111111;19.44444444;25;1.9
15220800;17;18;0;0;17.3;18.9;17.8;14.9;80.9;6.6;20.1;16.5;18.4;16.4;15.9;322.2222222;75;147.2222222;1.9
15221700;17;17;0;0;17.3;18.1;18;14.9;81.7;8.2;20.2;16.5;18.4;16.5;15.9;322.2222222;75;147.2222222;1.9
15222600;17;17;0;0;17.3;17.8;18.3;15.1;81.1;8.2;20.4;16.6;18.5;17;15.9;322.2222222;75;147.2222222;1.9
15223500;18;16;0;0;18.4;17.1;18.6;15.4;80.2;8.2;20.3;16.9;18.6;17.6;15.9;322.2222222;75;147.2222222;1.9
15224400;18;14;0;0;18.1;16;18.8;15.8;79.3;59.9;20.3;17.3;18.8;18.3;16.7;336.1111111;169.4444444;280.5555556;1.9
15225300;18;13;0;0;18;14.9;19.1;15.9;77.4;72.8;20.3;17.8;19.6;19.1;16.7;336.1111111;169.4444444;280.5555556;1.9
15226200;18;12;0;0;18;14.4;19.4;15.9;76.3;72.8;20.4;18.8;20.7;19.7;16.7;336.1111111;169.4444444;280.5555556;1.9
15227100;18;12;0;0;18;14;19.6;15.9;75.6;72.8;20.6;19.6;21.4;20.1;16.7;336.1111111;169.4444444;280.5555556;1.9
15228000;18;14;0;0;18;14.9;20.2;16.6;73.5;163.7;21.4;20.7;22.3;20.3;17.7;352.7777778;266.6666667;397.2222222;2.2
15228900;17;15;0;0;18;16;21.2;16.8;70.4;186.4;23;22;23.6;20.5;17.7;352.7777778;266.6666667;397.2222222;2.2
15229800;17;16;0;0;18;16.3;21.7;16.9;68.4;185.4;24.5;23.2;24.9;20.7;17.7;352.7777778;266.6666667;397.2222222;2.2
15230700;17;16;0;0;18;16.9;21.9;17;66.3;184.2;25.5;23.9;26.1;20.9;17.7;352.7777778;266.6666667;397.2222222;2.2
15231600;15;15;1;0;16.9;16.7;22;18;64.9;282.4;26.9;25.6;27.6;23.1;19.4;347.2222222;280.5555556;577.7777778;1.8
15232500;16;14;0;0;17.2;15.4;21.7;18.2;64.5;306.9;27.1;25.9;27.9;23;19.4;347.2222222;280.5555556;577.7777778;1.8
15233400;16;13;0;0;17.4;15;22.1;18.1;65.1;306.9;28.9;27.3;30.1;23;19.4;347.2222222;280.5555556;577.7777778;1.8
15234300;16;13;0;0;17.8;14.7;22.7;18;62.8;306.9;30.7;29;32.5;23.4;19.4;347.2222222;280.5555556;577.7777778;1.8
15235200;17;13;0;0;17.9;14.5;23.7;18.9;59.1;407.8;32.6;31.1;34.8;23.8;20.3;352.7777778;344.4444444;672.2222222;2
15236100;17;13;0;0;18.1;14.5;24;19.1;58.2;433;34;32.6;36.2;24.2;20.3;352.7777778;344.4444444;672.2222222;2
15237000;17;13;0;0;18.4;14.5;24.5;19;55.8;433;35.5;34.2;37.3;24.6;20.3;352.7777778;344.4444444;672.2222222;2
15237900;17;15;0;0;18.5;15.8;24.6;18.9;54.5;433;36.8;35.6;38.2;25;20.3;352.7777778;344.4444444;672.2222222;2
15238800;17;15;0;0;18.9;16.5;24.4;19.6;54;517;37.3;36.6;38.5;25.3;21.1;363.8888889;369.4444444;613.8888889;2.5
15239700;17;13;0;0;18.9;15.3;24.8;19.9;52.6;547.5;37.7;37.2;38.5;25.7;21.1;363.8888889;369.4444444;613.8888889;2.5
15240600;17;12;0;0;18.9;14.2;24.6;20.1;51.8;542.7;37.9;37.5;38.1;26.1;21.1;363.8888889;369.4444444;613.8888889;2.5
15241500;17;12;0;0;19.3;14;25.1;20.5;51.6;535.4;37.9;37.6;37.9;26.5;21.1;363.8888889;369.4444444;613.8888889;2.5
15242400;17;13;1;0;18.4;14.8;25.9;21.1;50.4;600.1;38.4;38;38.1;28;22.1;375;366.6666667;641.6666667;2.2
15243300;15;13;0;0;16.6;14.5;25.9;21.3;50.4;623.6;35.4;35.4;35.2;28.9;22.1;375;366.6666667;641.6666667;2.2
15244200;16;12;0;0;18.1;14.1;26.3;21.3;47;632;36.4;35.6;35.7;28.5;22.1;375;366.6666667;641.6666667;2.2
15245100;16;12;0;0;18.5;14.1;25.9;21.2;47.7;644.5;37.8;36.9;36.5;28.9;22.1;375;366.6666667;641.6666667;2.2
15246000;15;13;1;2;17.7;14.3;26.3;21.9;47.8;694.6;38.5;38.2;37.1;30.2;22.9;375;386.1111111;630.5555556;1.9
15246900;15;14;0;0;16.3;15.1;26.5;21.9;47;694.6;36.2;36.2;35.8;31;22.9;375;386.1111111;630.5555556;1.9
15247800;16;13;0;0;17.7;14.9;26.4;21.9;46.3;694.6;36.9;36.2;35.7;30.4;22.9;375;386.1111111;630.5555556;1.9
15248700;16;12;0;0;17.9;14.1;26.7;21.9;45.9;694.6;37.6;37.1;36.1;30.8;22.9;375;386.1111111;630.5555556;1.9
15249600;16;12;0;0;18.2;13.5;26.7;22.4;45.5;677.6;37.9;37.7;36.2;30.8;23.2;377.7777778;402.7777778;627.7777778;1.7
15250500;13;13;1;0;15.2;14.6;26.9;22.4;45.5;676.4;36.2;36.7;35.5;32.7;23.2;377.7777778;402.7777778;627.7777778;1.7
15251400;15;13;0;0;17.4;13.7;27.1;22.5;43;676.4;36.7;36.4;35.7;31.5;23.2;377.7777778;402.7777778;627.7777778;1.7
15252300;15;12;0;0;17.5;13.7;27.3;22.6;43.5;676.4;38;37.8;36.3;32;23.2;377.7777778;402.7777778;627.7777778;1.7
15253200;15;12;0;0;17.9;13.7;27.9;23.1;41.8;638.2;38.3;38.4;36.7;32.1;23.6;380.5555556;377.7777778;669.4444444;1.6
15254100;16;12;0;0;18.4;13.7;28.6;23.2;40.2;632.3;39.6;39.4;37.8;32.2;23.6;380.5555556;377.7777778;669.4444444;1.6
15255000;14;15;0;1;15.7;15.5;27.5;23.3;43.1;632.3;37.8;38.3;36.3;33.4;23.6;380.5555556;377.7777778;669.4444444;1.6
15255900;15;14;0;0;17.2;15.2;27.3;23.5;43.4;632.3;36.4;36.9;35.1;32.4;23.6;380.5555556;377.7777778;669.4444444;1.6
15256800;15;13;0;0;17.2;14.9;27.5;23.7;42.9;573.3;36;36.7;34.9;32.5;24;380.5555556;263.8888889;313.8888889;0.7
15257700;15;13;0;0;17.7;14.3;27.9;23.7;42.1;558.6;36;36.6;35.1;32.6;24;380.5555556;263.8888889;313.8888889;0.7
15258600;15;12;0;0;17.7;14.2;27.4;23.6;42.7;558.6;36.2;36.7;35.2;32.6;24;380.5555556;263.8888889;313.8888889;0.7
15259500;15;12;0;0;18.1;14.2;27.2;23.5;43.6;558.6;35.8;36.5;34.9;32.5;24;380.5555556;263.8888889;313.8888889;0.7
15260400;15;13;0;0;18.2;14.2;28;23.5;41.9;474.7;35.7;36.4;35;32.5;24.2;380.5555556;272.2222222;386.1111111;1.1
15261300;16;12;0;0;18.7;14.2;28;23.5;42.8;461.8;35.5;36.3;34.9;32.4;24.2;380.5555556;272.2222222;386.1111111;1.1
15262200;16;13;0;0;18.7;14.2;27.8;23.6;42.9;461.8;35.2;36;34.7;32.4;24.2;380.5555556;272.2222222;386.1111111;1.1
15263100;16;14;0;0;18.9;14.7;28;23.7;42.9;461.8;34.8;35.6;34.4;32.3;24.2;380.5555556;272.2222222;386.1111111;1.1
15264000;17;16;0;0;19.2;16.7;28.5;23.5;42.2;350.5;34.6;35.5;34.5;32.1;24.2;358.3333333;102.7777778;325;2
15264900;17;16;0;0;19.5;17.1;28.3;23.5;41.5;342.6;34.8;35.6;35;32.2;24.2;358.3333333;102.7777778;325;2
15265800;17;15;0;0;19.7;17.2;28.4;23.7;43;342.6;34.5;35.5;34.9;32.3;24.2;358.3333333;102.7777778;325;2
15266700;15;15;0;0;19.7;17.2;29.2;23.8;40.3;342.6;33.8;35.1;34.4;32.2;24.2;358.3333333;102.7777778;325;2
15267600;16;16;0;0;19.7;17.2;31.3;23.4;36.2;246.3;33.1;34.8;33.9;32.1;23;355.5555556;72.22222222;94.44444444;1
15268500;15;16;0;0;20;17.2;27.9;23.4;43;239.4;32.4;34.3;33.3;32.1;23;355.5555556;72.22222222;94.44444444;1
15269400;15;16;0;0;20.2;17.2;26.3;23.6;47.4;239.4;31.6;33.5;32.5;32.1;23;355.5555556;72.22222222;94.44444444;1
15270300;15;16;0;0;19.2;17.7;25.6;23.8;49.9;239.4;30.8;32.8;31.7;32.2;23;355.5555556;72.22222222;94.44444444;1
15271200;17;15;0;0;19.6;17;25.3;23.1;51.1;138.6;30;32.2;31.2;31.8;22;358.3333333;22.22222222;25;0.9
15272100;17;16;0;0;19.8;17.6;25.1;23;52.6;131.4;29.4;31.7;30.7;31.6;22;358.3333333;22.22222222;25;0.9
15273000;17;15;0;0;19.8;17.1;24.8;23.3;53.6;131.2;28.9;31;30.2;31.5;22;358.3333333;22.22222222;25;0.9
15273900;17;13;0;0;19.8;15.2;24.4;23.5;55.3;131;28.4;30.4;29.8;31.3;22;358.3333333;22.22222222;25;0.9
15274800;17;12;0;0;20.3;14.5;24.1;22.6;56.4;46.5;28;29.9;29.4;31.2;20.7;352.7777778;0;0;1
15275700;17;12;0;0;20.3;14.3;23.8;22.5;59;40.5;27.6;29.5;29;31;20.7;352.7777778;0;0;1
15276600;17;12;0;0;20.3;14.3;23.3;22.3;61.3;40.5;27.3;29;28.7;30.8;20.7;352.7777778;0;0;1
15277500;17;12;0;0;20.8;14.3;22.8;22.2;63;40.5;27;28.5;28.4;30.6;20.7;352.7777778;0;0;1
15278400;17;13;0;0;20.8;14.3;22.4;21.3;64.4;7.3;26.7;28;28.1;30.4;19.9;344.4444444;0;0;0.7
15279300;17;13;0;0;20.8;14.8;22;21.2;66.5;2.2;26.4;27.6;27.7;30.2;19.9;344.4444444;0;0;0.7
15280200;18;15;0;0;21.2;15.8;21.8;21.2;67.8;2.2;26.1;27.1;27.4;30;19.9;344.4444444;0;0;0.7
15281100;18;17;0;0;21.3;17.5;21.5;21.2;68.4;2.2;25.8;26.6;27;29.7;19.9;344.4444444;0;0;0.7
15282000;18;16;0;0;21.3;17.8;21.3;20.4;69.8;0.3;25.4;26.3;26.7;29.3;19.8;344.4444444;0;0;0.8
15282900;18;16;0;0;21.6;17.8;21;20.3;70.4;0;25.2;26;26.5;29;19.8;344.4444444;0;0;0.8
15283800;18;16;0;0;21.8;17.8;20.8;20.2;71.4;0;25;25.6;26.3;28.8;19.8;344.4444444;0;0;0.8
15284700;18;17;0;0;21.8;17.8;20.5;20.2;72;0;24.7;25.3;26.1;28.5;19.8;344.4444444;0;0;0.8
15285600;18;17;0;0;21.9;17.8;20.4;17.2;72.8;0;24.4;24.9;25.9;28.3;18.3;341.6666667;0;0;0.8
15286500;19;17;0;0;22.3;18.2;20.2;16.7;73.6;0;24.2;24.6;25.7;28.2;18.3;341.6666667;0;0;0.8
15287400;19;17;0;0;22.3;18.3;20;16.7;74.2;0;23.9;24.3;25.5;28;18.3;341.6666667;0;0;0.8
15288300;19;17;0;0;22.3;18.3;19.8;16.7;75.1;0;23.7;23.9;25.3;27.9;18.3;341.6666667;0;0;0.8
15289200;19;19;0;0;22.5;20;19.7;16.3;75.5;0;23.5;23.3;25.2;27.7;17.5;333.3333333;0;0;1
15290100;19;20;0;0;22.8;20.3;19.6;16.2;75.7;0;23.1;22.7;25;27.6;17.5;333.3333333;0;0;1
15291000;18;19;0;0;21.3;20.8;19.3;16.2;77.7;0;21.1;21;23.5;27.3;17.5;333.3333333;0;0;1
15291900;18;18;0;0;19.1;21.6;19.1;16.2;78.5;0;19.4;18.3;25.8;27.3;17.5;333.3333333;0;0;1
15292800;18;15;0;0;19.3;19.9;18.9;15.5;79;0;18.3;17.6;23.7;27.2;16.8;330.5555556;0;0;1.2
15293700;16;20;0;0;17.5;22.1;18.7;15.4;79.8;0;17.7;17.3;20.5;27.1;16.8;330.5555556;0;0;1.2
15294600;15;17;0;0;16.2;20.6;18.6;15.4;79.7;0;17.5;17.1;19.9;26.7;16.8;330.5555556;0;0;1.2
15295500;15;13;0;0;16.1;16.1;18.5;15.4;79.5;0;17.3;16.9;21.2;26.5;16.8;330.5555556;0;0;1.2
15296400;15;12;0;0;16.1;14.3;18.4;16.8;79.3;0;17.2;16.8;21.1;26.3;16.4;333.3333333;0;0;1.4
15297300;15;14;0;0;16.1;15.4;18.2;17;80;0;17.2;16.6;19.6;26.2;16.4;333.3333333;0;0;1.4
15298200;15;16;0;0;16.1;16.9;18;17;80.6;0;17.1;16.4;19.1;25.9;16.4;333.3333333;0;0;1.4
15299100;15;16;0;0;16.1;16.9;18;16.9;80.7;0;17;16.3;18.8;25.8;16.4;333.3333333;0;0;1.4
15300000;15;16;0;0;16.1;16.9;18;16.4;80.3;0;16.9;16.1;18.8;25.7;15.5;333.3333333;0;0;2.6
15300900;15;16;0;0;16.1;16.9;18;16.3;81;0;16.8;16.1;18.8;25.6;15.5;333.3333333;0;0;2.6
15301800;15;16;0;0;16.1;16.9;18;16.3;80.8;0;16.7;16;18.8;25.4;15.5;333.3333333;0;0;2.6
15302700;15;16;0;0;16.1;16.9;17.9;16.2;80.6;0;16.5;15.9;18.7;25.3;15.5;333.3333333;0;0;2.6
15303600;15;16;0;0;16.1;16.9;17.8;16;81.2;0;16.4;15.8;18.7;25.2;15.6;344.4444444;27.77777778;27.77777778;3.8
15304500;15;16;0;0;16.1;16.9;17.8;15.9;81.7;0;16.4;15.8;18.7;25;15.6;344.4444444;27.77777778;27.77777778;3.8
15305400;15;16;0;0;15.7;16.9;18;16;81.7;0;16.5;15.8;18.6;24.8;15.6;344.4444444;27.77777778;27.77777778;3.8
15306300;15;18;0;0;15.6;18.5;18.1;16.1;81.6;0;16.6;15.9;18.6;24.4;15.6;344.4444444;27.77777778;27.77777778;3.8
15307200;15;18;0;0;15.6;18.8;18.3;16;81.6;5.8;16.8;16.1;18.6;24;16.1;344.4444444;86.11111111;94.44444444;3.3
15308100;15;17;0;0;15.6;18.1;18.7;16;80.6;7.9;16.9;16.3;18.6;23.8;16.1;344.4444444;86.11111111;94.44444444;3.3
15309000;15;17;0;0;15.6;17.9;19.2;15.8;79;7.9;17.2;16.6;18.8;23.5;16.1;344.4444444;86.11111111;94.44444444;3.3
15309900;15;17;0;0;15.6;17.9;19.4;15.4;78.5;7.9;17.6;16.9;18.8;23;16.1;344.4444444;86.11111111;94.44444444;3.3
15310800;15;17;0;0;15.6;17.9;19.8;15.9;77.4;65.2;18;17.2;19;21.6;17.7;338.8888889;155.5555556;250;3.3
15311700;15;17;0;0;15.6;19;20;15.9;76.1;69.3;18.4;17.5;19.1;17.9;17.7;338.8888889;155.5555556;250;3.3
15312600;15;18;0;0;15.6;19.7;20.6;16;74;69.3;18.7;17.7;19.2;19;17.7;338.8888889;155.5555556;250;3.3
15313500;15;18;0;0;16.1;19.5;21.1;16.1;71.9;69.3;19.9;20.3;19.8;20.6;17.7;338.8888889;155.5555556;250;3.3
15314400;16;19;0;0;16.6;20.8;21.2;17;69.7;172.1;21.1;22.7;20.9;21.8;19.1;341.6666667;172.2222222;377.7777778;3.9
15315300;16;18;0;0;17.4;20;21.2;17.1;69;179.4;22.1;23.1;21.7;22.5;19.1;341.6666667;172.2222222;377.7777778;3.9
15316200;17;16;0;0;18;17.9;21.5;17.2;68.1;183;23.6;23.5;23.4;22.8;19.1;341.6666667;172.2222222;377.7777778;3.9
15317100;17;15;0;0;18.4;16.7;22.1;17.2;64.8;185.4;25.3;24;25.2;23.1;19.1;341.6666667;172.2222222;377.7777778;3.9
15318000;17;12;0;0;18.8;14.7;22.5;18.8;64.1;329.9;26.3;24.4;26.3;23.2;21.3;344.4444444;122.2222222;588.8888889;3
15318900;18;12;0;0;18.8;14;22.7;18.9;63.5;340.2;27.3;25.4;27.6;23.4;21.3;344.4444444;122.2222222;588.8888889;3
15319800;18;12;0;0;19.1;13.9;23.5;19.1;61.3;340.2;29.1;27;29.7;23.7;21.3;344.4444444;122.2222222;588.8888889;3
15320700;18;13;0;0;19.3;14;23.6;19.3;60.8;340.2;30.3;28.5;31.5;24.1;21.3;344.4444444;122.2222222;588.8888889;3
15321600;16;14;1;0;17.2;15.9;24.1;20.9;59.8;465.5;32.4;31.3;33.2;26.3;23.2;352.7777778;111.1111111;758.3333333;2.8
15322500;16;13;0;0;17.7;14.8;24.7;21;58.5;474.5;31.7;31.1;32.6;26.1;23.2;352.7777778;111.1111111;758.3333333;2.8
15323400;17;12;0;0;18.5;14.3;25.3;20.9;56.6;474.5;34.3;32.7;35.2;26.3;23.2;352.7777778;111.1111111;758.3333333;2.8
15324300;17;14;0;0;18.9;15.4;25.8;20.8;54;474.5;36.3;35;37.5;27;23.2;352.7777778;111.1111111;758.3333333;2.8
15325200;16;15;1;2;17.7;16.6;26.1;22.2;53.4;581.4;38.3;37.5;39;29.5;25.5;363.8888889;169.4444444;858.3333333;2
15326100;15;13;0;0;16.9;14.3;26.7;22.4;52.3;597.9;36;36.2;36.4;29.9;25.5;363.8888889;169.4444444;858.3333333;2
15327000;16;12;0;0;17.8;14.2;27.3;22.7;49.5;605.5;38.5;37.4;37.8;30.1;25.5;363.8888889;169.4444444;858.3333333;2
15327900;16;12;0;0;18.2;13.8;27.8;22.9;45.5;612.1;40.6;39.5;38.9;30.6;25.5;363.8888889;169.4444444;858.3333333;2
15328800;16;12;0;0;18.2;13.7;28.1;24.1;42.8;710.7;42.1;41.2;40;31;26;380.5555556;411.1111111;744.4444444;1.5
15329700;16;11;0;0;18.7;13.4;28.7;24.3;41.3;725.9;43.2;42.6;40.8;31.4;26;380.5555556;411.1111111;744.4444444;1.5
15330600;15;13;1;1;17.2;14.1;29.4;24.5;38.5;724.8;43.3;43.6;41.4;33.7;26;380.5555556;411.1111111;744.4444444;1.5
15331500;15;13;0;0;16.4;13.8;30.2;24.6;37.3;723.9;39.7;40.6;39.2;33.3;26;380.5555556;411.1111111;744.4444444;1.5
15332400;15;12;0;0;17.5;13.8;30.3;25.4;38.6;759.2;41.7;41.6;40.4;33.8;27.7;372.2222222;244.4444444;825;1.7
15333300;16;14;0;0;18;14.7;30;25.6;37.6;768;43.7;43.3;41.7;34.2;27.7;372.2222222;244.4444444;825;1.7
15334200;16;14;0;0;18;14.7;30;26.2;38.8;768;45.4;44.5;42.3;34.7;27.7;372.2222222;244.4444444;825;1.7
15335100;15;13;1;0;16.4;15;30;26.6;38.4;768;45.6;45.6;43.1;37.2;27.7;372.2222222;244.4444444;825;1.7
15336000;15;13;0;0;16.9;13.6;30;27.2;37.5;748.6;43.1;43.1;41.2;35.7;27.6;372.2222222;286.1111111;733.3333333;1.2
15336900;15;12;0;0;17.5;13.6;29.7;27.2;36.6;747.2;45.2;44.7;42;36.7;27.6;372.2222222;286.1111111;733.3333333;1.2
15337800;15;12;0;0;17.5;13.6;29.9;27;37.2;747.2;46.1;46;42.3;37.1;27.6;372.2222222;286.1111111;733.3333333;1.2
15338700;14;13;0;1;16.1;14.1;30.1;26.8;34.6;747.2;46.2;46.5;42.6;38.7;27.6;372.2222222;286.1111111;733.3333333;1.2
15339600;15;13;0;0;16.8;13.9;30.3;27.3;35.9;658.8;42.9;43.6;40.9;37.3;27.5;383.3333333;358.3333333;669.4444444;0.8
15340500;15;12;0;0;17.3;13.9;30.8;27.3;36.1;652.5;44.7;44.6;41.6;38.1;27.5;383.3333333;358.3333333;669.4444444;0.8
15341400;15;14;0;0;17.8;14.6;30.9;28;34.8;652.5;45.2;45.2;42;38.1;27.5;383.3333333;358.3333333;669.4444444;0.8
15342300;15;14;0;0;17.8;15.4;30.7;28.4;35.1;652.5;45.1;45.2;42;38.3;27.5;383.3333333;358.3333333;669.4444444;0.8
15343200;14;14;1;1;16.1;15;31.6;28.2;33.9;545.1;42.9;44.2;40.9;38.8;27.7;391.6666667;313.8888889;455.5555556;1.7
15344100;15;13;0;0;17.6;13.8;31.9;28.2;31.9;537.4;42.6;43.3;40.7;37.9;27.7;391.6666667;313.8888889;455.5555556;1.7
15345000;16;13;0;0;17.7;13.8;32.1;27.8;33.2;537.4;43.7;44.3;41.6;38.3;27.7;391.6666667;313.8888889;455.5555556;1.7
15345900;15;12;0;0;18.1;13.8;32.2;27.6;33.3;537.4;43.7;44.4;41.9;38.3;27.7;391.6666667;313.8888889;455.5555556;1.7
15346800;15;12;0;0;18.1;13.8;31.9;27.4;32.7;434.7;43.5;44.2;42.1;38.4;26.6;413.8888889;100;100;2.6
15347700;14;13;0;0;18.1;13.8;31.1;27.4;33.9;427.4;42.5;43.4;41.5;38.2;26.6;413.8888889;100;100;2.6
15348600;14;13;0;0;18.1;14;30.6;27.4;35.7;427.4;41.1;42.2;40.4;38;26.6;413.8888889;100;100;2.6
15349500;14;14;0;0;18.1;14.9;30.2;27.4;36.8;427.4;40;41.1;39.4;37.9;26.6;413.8888889;100;100;2.6
15350400;14;16;0;0;18.1;16.8;29.8;27;37.3;365.8;38.7;40;38.4;37.7;25.4;408.3333333;75;77.77777778;3.9
15351300;14;15;0;0;18.1;16.8;29.2;27;39.1;361.4;37.4;39;37.4;37.3;25.4;408.3333333;75;77.77777778;3.9
15352200;14;15;0;0;18;16.8;28.7;27.3;46.7;361.4;36.2;37.9;36.3;37.1;25.4;408.3333333;75;77.77777778;3.9
15353100;14;15;0;0;17.6;16.8;26;27.5;65.9;361.4;34.3;36.4;34.9;36.8;25.4;408.3333333;75;77.77777778;3.9
15354000;14;15;0;0;17.6;16.9;26.3;27;65.9;227.6;33.4;35.5;34.1;36.4;24.6;397.2222222;61.11111111;61.11111111;4.6
15354900;16;15;0;0;18.1;16.5;26.6;27;60;218;32.9;35;33.6;35.2;24.6;397.2222222;61.11111111;61.11111111;4.6
15355800;16;13;0;0;18.8;15.6;26.9;26.6;53.6;218;32.4;34.2;33.1;35;24.6;397.2222222;61.11111111;61.11111111;4.6
15356700;16;12;0;0;19;14.9;27;26.3;54.4;218;32;33.7;32.7;34.8;24.6;397.2222222;61.11111111;61.11111111;4.6
15357600;16;12;0;0;19;14.5;26.9;25.7;55;127.5;31.6;33.3;32.4;34.5;24.1;391.6666667;16.66666667;16.66666667;2.1
15358500;16;15;0;0;19.5;16.3;26.7;25.7;55.9;121;31.3;32.9;32.1;34.4;24.1;391.6666667;16.66666667;16.66666667;2.1
15359400;16;15;0;0;19.5;16.6;26.4;25.3;56.4;120.3;30.9;32.5;31.8;34.1;24.1;391.6666667;16.66666667;16.66666667;2.1
15360300;17;13;0;0;19.6;15.2;26;25;57.7;119.8;30.6;32.1;31.5;33.9;24.1;391.6666667;16.66666667;16.66666667;2.1
15361200;17;12;0;0;20;14.8;25.7;23.9;58.5;43.4;30.2;31.7;31.2;33.7;24;405.5555556;0;0;1
15362100;17;13;0;0;20;14.8;25.4;23.8;59.6;37.9;29.9;31.3;30.9;33.4;24;405.5555556;0;0;1
15363000;17;13;0;0;20.3;14.8;25.4;23.5;59.4;37.9;29.7;31;30.7;33.2;24;405.5555556;0;0;1
15363900;17;14;0;0;20.5;15.2;25.4;23.3;59.1;37.9;29.4;30.7;30.4;33;24;405.5555556;0;0;1
15364800;17;14;0;0;20.5;15.4;25.1;22.5;59.6;6.1;29.1;30.3;30.2;32.7;22.8;386.1111111;0;0;1.9
15365700;18;14;0;0;21;15.8;25;22.4;60.4;1.2;28.9;30;30;32.5;22.8;386.1111111;0;0;1.9
15366600;18;16;0;0;21;16.6;24.7;22.8;61.2;1.2;28.6;29.6;29.7;32.3;22.8;386.1111111;0;0;1.9
15367500;18;17;0;0;21;18.3;24.4;23.1;62.2;1.2;28.2;29.2;29.4;32;22.8;386.1111111;0;0;1.9
15368400;18;17;0;0;21.4;18.3;24.2;22.7;63.4;0.2;28;29;29.1;31.6;22.2;377.7777778;0;0;1.6
15369300;18;17;0;0;21.5;18.3;23.9;22.6;64.6;0;27.8;28.7;28.9;31.4;22.2;377.7777778;0;0;1.6
15370200;18;17;0;0;21.6;18.3;23.7;23.1;65.3;0;27.5;28.4;28.8;31.2;22.2;377.7777778;0;0;1.6
15371100;18;17;0;0;22;18.3;23.5;23.6;66.3;0;27.2;28.1;28.5;30.9;22.2;377.7777778;0;0;1.6
15372000;19;17;0;0;22;18.3;23.1;17.6;67.8;0;26.9;27.8;28.3;30.7;21.4;394.4444444;0;0;1.3
15372900;19;17;0;0;22;18.6;23.2;16.7;68.3;0;26.8;27.6;28.1;30.6;21.4;394.4444444;0;0;1.3
15373800;19;18;0;0;22.4;18.8;23.2;16.7;68.7;0;26.6;27.3;27.9;30.3;21.4;394.4444444;0;0;1.3
15374700;19;18;0;0;22.5;18.8;23.4;16.7;68.3;0;26.4;27.1;27.7;30.1;21.4;394.4444444;0;0;1.3
15375600;20;20;0;0;22.4;20.4;23.7;16.3;64.3;0;26.1;26.6;27.4;29.8;21.5;391.6666667;0;0;1.3
15376500;18;18;0;0;20.6;20.7;23.8;16.2;59.3;0;24.4;25;25.6;29.5;21.5;391.6666667;0;0;1.3
15377400;18;14;0;0;21.2;16.8;23.4;16.2;60.8;0;24.4;24.8;25.5;29.5;21.5;391.6666667;0;0;1.3
15378300;18;13;0;0;21.3;14.7;22.6;16.2;65.6;0;23.9;24.4;25.3;29.3;21.5;391.6666667;0;0;1.3
15379200;18;12;0;0;21.5;14;22.1;15.5;69.4;0;23.5;23.9;24.9;29.2;19.2;386.1111111;0;0;1.9
15380100;18;12;0;0;21.8;13.8;21.9;15.4;70.3;0;23.1;23.3;24.6;29;19.2;386.1111111;0;0;1.9
15381000;19;12;0;0;21.8;13.8;21.7;15.4;70.7;0;23;22.6;24.8;28.8;19.2;386.1111111;0;0;1.9
15381900;19;12;0;0;22.3;13.8;21.5;15.4;72.2;0;23.1;21.5;25.8;28.6;19.2;386.1111111;0;0;1.9
15382800;19;12;0;0;22.3;13.8;21.5;19.4;72.6;0;23.6;20.5;27.8;28.5;18.7;380.5555556;0;0;1.5
15383700;19;15;0;0;22.8;15.5;21.4;19.7;73.6;0;23.1;19.7;25.1;28.1;18.7;380.5555556;0;0;1.5
15384600;20;16;0;0;22.8;17.5;21.5;20.5;73.8;0;21;19.6;24.3;28;18.7;380.5555556;0;0;1.5
15385500;20;16;0;0;22.8;17.5;21.4;21.1;74.2;0;20.3;19.6;22;28.1;18.7;380.5555556;0;0;1.5
15386400;20;16;0;0;22.8;18;21.4;20.3;74.1;0;19.9;19.5;21.3;28.2;18.4;386.1111111;0;0;1.3
15387300;20;17;0;0;21.2;19.4;21.5;20.2;73.1;0;19.8;19.7;21;28.5;18.4;386.1111111;0;0;1.3
15388200;20;18;0;0;20.2;20.4;21.6;19.2;72.6;0;19.8;19.9;21.4;28.2;18.4;386.1111111;0;0;1.3
15389100;19;18;0;0;19.8;19.5;21.5;18.6;72.7;0;19.7;19.9;23.3;27.6;18.4;386.1111111;0;0;1.3
15390000;19;18;0;0;19.6;19.2;21.6;18.3;71.9;0;19.8;19.6;24;27;18.1;386.1111111;11.11111111;11.11111111;1.8
15390900;19;18;0;0;19.3;19;21.5;18.3;72.5;0;19.8;19.6;22.7;26.5;18.1;386.1111111;11.11111111;11.11111111;1.8
15391800;19;18;0;0;19.3;19;21.5;18.4;72.1;0;19.8;19.6;21.9;26.4;18.1;386.1111111;11.11111111;11.11111111;1.8
15392700;19;20;0;0;18.8;20.3;21.6;18.5;73.2;0;19.9;19.6;21.5;26.3;18.1;386.1111111;11.11111111;11.11111111;1.8
15393600;19;20;0;0;18.8;20.5;21.6;18.2;74.1;8.4;20;19.7;21.3;26.4;18.4;355.5555556;55.55555556;80.55555556;1.5
15394500;19;19;0;0;18.8;20.4;21.7;18.2;73.8;9;20.1;19.7;21.3;26.4;18.4;355.5555556;55.55555556;80.55555556;1.5
15395400;18;19;0;0;18.8;20;21.9;18.1;73.5;9;20.3;19.9;21.4;26.4;18.4;355.5555556;55.55555556;80.55555556;1.5
15396300;19;19;0;0;18.8;20;21.7;18.1;74.9;9;20.4;19.9;21.5;26.3;18.4;355.5555556;55.55555556;80.55555556;1.5
15397200;18;19;0;0;18.8;20;21.5;18.4;75.5;65.8;20.6;20;21.6;26.2;20.6;350;133.3333333;308.3333333;2.2
15398100;19;18;0;0;20;19.8;22;18.5;74;74.5;21.2;20.4;21.8;25.5;20.6;350;133.3333333;308.3333333;2.2
15399000;19;14;0;0;19.5;17.1;22.7;18.5;70.2;74.5;22.8;21.4;22.2;25.8;20.6;350;133.3333333;308.3333333;2.2
15399900;19;13;0;0;19.3;15.4;23.1;18.5;68.2;74.5;24.8;22.6;23.2;25.9;20.6;350;133.3333333;308.3333333;2.2
15400800;19;15;0;0;19.3;16.4;23.7;19.4;65.5;167.1;26.5;23.8;25;25.9;21.9;352.7777778;147.2222222;458.3333333;3.1
15401700;19;15;0;0;19.3;17;23.8;19.6;63.5;190.2;27.9;25;26.5;26;21.9;352.7777778;147.2222222;458.3333333;3.1
15402600;19;15;0;0;19.8;16.7;23.9;19.5;62.8;191.4;29;26.2;28.1;26.1;21.9;352.7777778;147.2222222;458.3333333;3.1
15403500;19;14;0;0;19.8;16.4;24.3;19.5;62.5;192.5;30.2;27.4;29.8;26.2;21.9;352.7777778;147.2222222;458.3333333;3.1
15404400;19;13;0;0;19.8;15.3;24.6;20.9;61;309.2;31.4;28.7;31.6;26.4;24.1;358.3333333;191.6666667;583.3333333;3.7
15405300;19;13;0;0;20.3;15.2;24.9;21.3;59.9;338.4;32.6;30.1;33.4;26.5;24.1;358.3333333;191.6666667;583.3333333;3.7
15406200;18;14;1;0;19.6;15.7;25.2;21.8;59.6;338.4;34;31.7;35.1;26.7;24.1;358.3333333;191.6666667;583.3333333;3.7
15407100;16;14;0;0;17.8;15.8;25.7;22.3;57.3;338.4;33.2;31.8;33.9;27.7;24.1;358.3333333;191.6666667;583.3333333;3.7
15408000;15;18;1;12;15.6;19.7;26.4;23.8;54.6;448.2;36.7;37.1;37.2;34.9;24.8;369.4444444;269.4444444;708.3333333;4
15408900;16;15;0;0;17.2;16.7;26.9;24;52.3;465.1;36.3;35;36.4;33;24.8;369.4444444;269.4444444;708.3333333;4
15409800;16;13;0;0;17.3;15.2;27.7;23.9;50.9;465.1;37.7;36.2;37.5;33;24.8;369.4444444;269.4444444;708.3333333;4
15410700;17;14;0;0;17.8;16;28.3;23.7;48.6;465.1;39.2;37.9;38.9;33.4;24.8;369.4444444;269.4444444;708.3333333;4
15411600;17;16;0;0;17.8;16.9;28.6;24.9;47.2;590.6;40.6;39;40.2;33.6;26.6;375;266.6666667;788.8888889;4.8
15412500;15;15;1;2;16.7;16.5;29.3;25.3;45.7;636.3;41.7;40.6;41.3;35.4;26.6;375;266.6666667;788.8888889;4.8
15413400;16;13;0;0;17.3;14.1;29.4;25.5;44.9;631.3;40.9;39.1;40.2;34.4;26.6;375;266.6666667;788.8888889;4.8
15414300;16;12;0;0;17.9;14.1;29.6;25.7;42.9;623.9;42.9;40.8;41.3;35.2;26.6;375;266.6666667;788.8888889;4.8
15415200;15;13;1;1;16;14.7;29.5;26.7;41.9;668.9;44.2;42.9;42.9;37.3;27.4;377.7777778;241.6666667;900;5.6
15416100;15;13;0;0;17;13.9;29.5;26.9;41.8;680.1;42.5;40.9;41.9;36.1;27.4;377.7777778;241.6666667;900;5.6
15417000;15;12;0;0;17.6;13.9;29.8;26.6;41.1;682;44.8;43.2;42.7;36.9;27.4;377.7777778;241.6666667;900;5.6
15417900;16;12;0;0;17.8;13.9;30.1;26.2;40.5;684.8;46.7;45.1;43.5;37.2;27.4;377.7777778;241.6666667;900;5.6
15418800;16;13;0;0;18.1;14.1;30.2;26.9;41.6;722.3;47.8;46.9;44.3;37.6;28.3;386.1111111;336.1111111;775;10.6
15419700;15;15;0;0;18.1;15.8;30.7;27.3;41.4;741;48.8;47.8;45.1;38;28.3;386.1111111;336.1111111;775;10.6
15420600;15;14;1;0;16.5;15.4;31.1;27.5;40.6;741;47.2;46.7;44.9;39.4;28.3;386.1111111;336.1111111;775;10.6
15421500;16;13;0;0;17.8;13.9;30.9;27.7;40.4;741;46.1;45.2;43.7;38.4;28.3;386.1111111;336.1111111;775;10.6
15422400;16;12;0;0;17.9;13.9;31.1;28.2;40.2;748;47.3;46.5;43.9;39.1;28.3;391.6666667;344.4444444;722.2222222;7.8
15423300;16;12;0;0;17.9;13.9;31.4;28.2;40.4;748.5;48;47.3;44.3;39.4;28.3;391.6666667;344.4444444;722.2222222;7.8
15424200;14;13;1;0;16.7;14.6;31.3;28;40.5;748.5;47.5;47.3;44.3;40.8;28.3;391.6666667;344.4444444;722.2222222;7.8
15425100;16;13;0;0;17.6;14;31.7;27.9;40.1;748.5;44.7;44.5;42.9;39;28.3;391.6666667;344.4444444;722.2222222;7.8
15426000;16;12;0;0;17.9;14;32;28.3;40.2;670;46.1;45.6;43.2;39.7;27.9;394.4444444;341.6666667;616.6666667;3.3
15426900;16;12;0;0;18.2;14;32.3;28.3;39.9;664.4;46.8;46.3;43.4;39.9;27.9;394.4444444;341.6666667;616.6666667;3.3
15427800;15;14;1;1;17.2;15.3;32.2;28.5;39.9;664.4;46.5;46.4;43.3;40.6;27.9;394.4444444;341.6666667;616.6666667;3.3
15428700;15;14;0;0;17.3;15;32.1;28.7;40.1;664.4;43.1;43.4;41.7;39.3;27.9;394.4444444;341.6666667;616.6666667;3.3
15429600;16;13;0;0;18;14.8;32.1;28;40.3;606.3;44.1;43.7;42;39.7;28.6;394.4444444;225;500;1.9
15430500;16;12;0;0;18.3;14.5;32.2;27.9;40.9;597.4;44.7;44.3;42.1;39.7;28.6;394.4444444;225;500;1.9
15431400;16;12;0;0;18.5;14.5;32;27.7;41;597.4;45.1;44.7;42.4;39.7;28.6;394.4444444;225;500;1.9
15432300;14;13;0;0;16.7;15;31.8;27.5;41.5;597.4;43.5;43.8;41.7;39.7;28.6;394.4444444;225;500;1.9
15433200;16;13;0;0;17.9;14.2;31.3;26.9;42.8;470.4;41.7;42.1;40.5;38.9;26.9;405.5555556;86.11111111;86.11111111;2.8
15434100;15;13;0;0;17.9;14.2;31.3;26.8;43.4;438.7;41.6;41.9;40.4;39.1;26.9;405.5555556;86.11111111;86.11111111;2.8
15435000;13;13;0;0;17.9;14.5;30.4;27;45.1;438.7;40.8;41.3;39.6;38.9;26.9;405.5555556;86.11111111;86.11111111;2.8
15435900;13;14;0;0;17.9;15.3;29.8;27.2;46.3;438.7;39.4;40.2;38.5;38.7;26.9;405.5555556;86.11111111;86.11111111;2.8
15436800;13;16;0;0;17.9;17.2;29.1;26.5;47.7;279.6;37.9;38.9;37.4;38.3;25.3;411.1111111;5.555555556;8.333333333;3.1
15437700;14;16;0;0;17.9;17.2;28.5;26.5;48.6;279.6;36.7;37.8;36.5;38;25.3;411.1111111;5.555555556;8.333333333;3.1
15438600;14;15;0;0;17.9;17.2;28;27.1;49.4;279.6;35.6;36.9;35.8;37.8;25.3;411.1111111;5.555555556;8.333333333;3.1
15439500;14;15;0;0;17.9;17.2;27.5;28;51.3;279.6;34.8;36;35;37.6;25.3;411.1111111;5.555555556;8.333333333;3.1
15440400;14;16;0;0;18.3;17.2;27.2;27.9;53;170.6;34;35.2;34.4;37.2;24.4;413.8888889;0;0;4.1
15441300;14;16;0;0;18.4;17.2;27.1;27.9;52.8;162.8;33.3;34.5;33.8;36.8;24.4;413.8888889;0;0;4.1
15442200;15;16;0;0;18.4;17.3;27;27.5;53.1;162.8;32.8;33.9;33.3;36.2;24.4;413.8888889;0;0;4.1
15443100;16;14;0;0;19.1;16.2;26.7;26.8;56.2;162.8;32.2;33.2;32.9;35.7;24.4;413.8888889;0;0;4.1
15444000;16;13;0;0;19.1;15.1;25.1;25.6;61.8;96.6;31.2;32.2;32;35.2;17.3;400;0;0;4.4
15444900;15;15;0;0;19.1;16.5;20.2;25.5;81.2;91.9;29.2;29.8;30;34.1;17.3;400;0;0;4.4
15445800;16;15;0;0;19.1;16.7;18;24.9;92.4;91.9;26.4;26.7;27.2;33.5;17.3;400;0;0;4.4
15446700;16;13;0;0;19.1;15.8;18.4;23.9;93.4;91.9;24.6;25;25.7;32.8;17.3;400;0;0;4.4
15447600;16;13;0;0;19.5;15;18.3;22.2;93.6;32.4;23.8;24;25.4;32.6;17.7;394.4444444;0;0;2.8
15448500;16;13;0;0;19.6;14.8;18.3;22.1;93.6;28.1;22.8;21.9;27.3;32.2;17.7;394.4444444;0;0;2.8
15449400;16;13;0;0;20.1;15.5;18.3;22.3;93.6;28.1;20.4;20.2;30.1;31.8;17.7;394.4444444;0;0;2.8
15450300;17;15;0;0;20.1;17.1;18.3;22.6;93.6;28.1;19.3;19.2;24.9;31.5;17.7;394.4444444;0;0;2.8
15451200;17;16;0;0;20.4;19.6;18.3;21.6;93.6;3.8;19.1;19.1;22.9;30.8;16.9;388.8888889;0;0;1.2
15452100;17;17;0;0;20;20.4;18.2;21.5;94;2.1;19;19;21.2;30.5;16.9;388.8888889;0;0;1.2
15453000;17;18;0;0;19.1;19.1;18.5;19.4;94.4;2.1;19.1;19;23.8;29.9;16.9;388.8888889;0;0;1.2
15453900;17;19;0;0;18.6;19.8;18.5;16.3;94.1;2.1;19;19;23;29.4;16.9;388.8888889;0;0;1.2
15454800;17;18;0;0;18.6;19.7;18.5;15.5;94.1;0;18.9;18.9;21.4;29.3;16.9;388.8888889;0;0;2.4
15455700;17;18;0;0;18.6;19.3;18.4;15.5;94.1;0;18.8;18.8;21.1;29.1;16.9;388.8888889;0;0;2.4
15456600;17;18;0;0;18.6;19.3;18.5;16;94.1;0;18.8;18.8;20.9;28.9;16.9;388.8888889;0;0;2.4
15457500;17;18;0;0;18.6;19.3;18.6;16.35;94.1;0;18.85;18.8;20.85;28.75;16.9;388.8888889;0;0;2.4
15458400;17;18;0;0;18.6;19.3;18.7;16.7;94.1;0;18.9;18.8;20.8;28.6;17;375;0;0;2
15459300;17;18;0;0;18.6;19.3;18.8;16.7;93.9;0;18.9;18.8;20.8;28.5;17;375;0;0;2
15460200;17;18;0;0;18.6;19.3;18.9;16.7;93.1;0;18.9;18.8;20.8;28.3;17;375;0;0;2
15461100;17;18;0;0;18.6;19.3;19;16.7;92.6;0;18.9;18.7;20.8;28.1;17;375;0;0;2
15462000;17;20;0;0;18.2;20.3;18.9;16.2;92.6;0;18.8;18.7;20.8;27.9;16.7;366.6666667;0;0;1
15462900;17;20;0;0;18.1;20.8;18.8;16.2;92.6;0;18.7;18.6;20.7;27.7;16.7;366.6666667;0;0;1
15463800;18;19;0;0;18.1;20.1;18.5;16.2;92.6;0;18.5;18.5;20.7;27.7;16.7;366.6666667;0;0;1
15464700;18;18;0;0;18.9;19;18.5;16.2;92.6;0;18.3;18.3;20.8;26.9;16.7;366.6666667;0;0;1
15465600;18;15;0;0;19.1;17.4;18.7;15.6;92.6;0;18.4;18.2;20.9;27;16.9;375;0;0;1.2
15466500;19;13;0;0;18.6;15.7;18.8;15.4;92.4;0;18.5;18.3;20.7;27.1;16.9;375;0;0;1.2
15467400;18;13;0;0;18.6;15.3;18.6;15.4;92.6;0;18.6;18.4;20.6;27.1;16.9;375;0;0;1.2
15468300;19;13;0;0;18.6;15.3;18.7;15.4;92.3;0;18.6;18.4;20.3;27.1;16.9;375;0;0;1.2
15469200;18;12;0;0;18.3;14.9;18.7;16.2;92.1;0;18.6;18.4;20.1;27.1;16.9;380.5555556;0;0;1.4
15470100;18;14;0;0;18.1;15.7;18.7;16.5;92.1;0;18.6;18.4;20;27.1;16.9;380.5555556;0;0;1.4
15471000;18;16;0;0;18.1;17;18.7;16.6;92.1;0;18.6;18.4;19.9;27;16.9;380.5555556;0;0;1.4
15471900;18;16;0;0;18.1;17.4;18.4;16.7;91.7;0;18.7;18.4;19.8;27;16.9;380.5555556;0;0;1.4
15472800;18;16;0;0;18.1;17.4;18.5;16.4;92.2;0;18.7;18.5;19.8;26.9;16.8;383.3333333;0;0;1.2
15473700;18;16;0;0;18.1;17.4;18.5;16.4;92.1;0;18.6;18.8;19.7;26.8;16.8;383.3333333;0;0;1.2
15474600;18;16;0;0;18.1;17.4;18.6;16.5;92.1;0;18.5;19;19.8;26.6;16.8;383.3333333;0;0;1.2
15475500;18;16;0;0;18.1;17.4;18.7;16.5;92.2;0;18.4;18.8;20;26.4;16.8;383.3333333;0;0;1.2
15476400;18;16;0;0;18.1;17.4;18.4;16.5;93.1;0;18.3;18.4;20.2;26.2;16.3;380.5555556;8.333333333;11.11111111;1.4
15477300;18;16;0;0;18.1;17.4;18.6;16.5;92.4;0;18.2;18.2;20.3;26.2;16.3;380.5555556;8.333333333;11.11111111;1.4
15478200;18;17;0;0;18.1;17.5;18.3;16.7;92.8;0;18.3;18.2;20.4;26.2;16.3;380.5555556;8.333333333;11.11111111;1.4
15479100;17;19;0;0;18.1;19.1;18.3;16.8;93.6;0;18.4;18.2;20.4;26.1;16.3;380.5555556;8.333333333;11.11111111;1.4
15480000;17;18;0;0;18.1;19.4;18.7;16.6;93;3.4;18.4;18.2;20.4;26;16.3;372.2222222;30.55555556;30.55555556;1.7
15480900;17;18;0;0;18.1;18.9;18.6;16.6;92.5;3.6;18.4;18.3;20.3;26;16.3;372.2222222;30.55555556;30.55555556;1.7
15481800;17;17;0;0;18.1;18.9;18.3;16.5;92.4;3.6;18.5;18.3;20.3;25.8;16.3;372.2222222;30.55555556;30.55555556;1.7
15482700;17;17;0;0;18.1;18.6;18.4;16.5;92.6;3.6;18.5;18.4;20.4;25.6;16.3;372.2222222;30.55555556;30.55555556;1.7
15483600;17;17;0;0;18.1;18.4;18.6;16.7;92.6;33.4;18.6;18.4;20.4;25.4;16.6;369.4444444;72.22222222;72.22222222;1.4
15484500;17;17;0;0;18.1;18.4;18.7;16.8;92.2;40.9;18.7;18.5;20.4;25.2;16.6;369.4444444;72.22222222;72.22222222;1.4
15485400;17;17;0;0;18.1;18.4;18.9;16.7;92.5;40.9;18.8;18.6;20.3;24.9;16.6;369.4444444;72.22222222;72.22222222;1.4
15486300;19;16;0;0;19.5;18.2;19.3;16.5;92.6;40.9;18.9;18.7;20.3;22.6;16.6;369.4444444;72.22222222;72.22222222;1.4
15487200;19;16;0;0;18.8;17.5;19.5;16.9;92.6;96.9;19.2;18.9;20.4;22.1;18.4;344.4444444;158.3333333;397.2222222;6.1
15488100;19;16;0;0;18.8;18.4;20.1;17;92.6;110.9;19.5;19.2;20.4;19.3;18.4;344.4444444;158.3333333;397.2222222;6.1
15489000;20;18;0;0;19.6;21.2;20.9;16.9;92.7;110.9;20.2;19.5;20.5;19.5;18.4;344.4444444;158.3333333;397.2222222;6.1
15489900;19;18;0;0;20.2;20.9;21;16.7;92;110.9;21.2;20;21.2;21;18.4;344.4444444;158.3333333;397.2222222;6.1
15490800;19;14;0;0;19.4;18.7;20.7;17.5;91.4;208.6;23.8;22.2;23.6;22.7;20.5;341.6666667;94.44444444;630.5555556;2.1
15491700;18;13;0;0;18.9;16;20.6;17.5;91.2;208.6;26;23.8;25.5;24.2;20.5;341.6666667;94.44444444;630.5555556;2.1
15492600;18;13;0;0;18.8;15.4;20.7;17.4;90.5;208.6;27.7;24.9;27.7;24.9;20.5;341.6666667;94.44444444;630.5555556;2.1
15493500;18;14;0;0;18.8;15.5;20.8;17.3;89.8;208.6;29.4;26.6;30.1;25.1;20.5;341.6666667;94.44444444;630.5555556;2.1
15494400;18;14;0;0;18.8;16;21.2;17.9;90.1;272.8;31.1;28.5;32.5;25.2;22.1;366.6666667;241.6666667;655.5555556;1.8
15495300;18;15;0;1;19;16.9;22;18.1;89.7;288.9;33;30.5;34.2;25.7;22.1;366.6666667;241.6666667;655.5555556;1.8
15496200;17;16;0;0;18;17.6;22.3;18.5;88.6;288.9;32.5;31.4;32.4;27.6;22.1;366.6666667;241.6666667;655.5555556;1.8
15497100;17;16;0;0;18.7;17.5;22.9;19.2;88.7;288.9;34.7;32.4;34.3;27.3;22.1;366.6666667;241.6666667;655.5555556;1.8
15498000;18;16;0;0;19.1;18;23.5;19.7;87.6;365.2;37.3;34.7;36.7;27.8;22;377.7777778;358.3333333;436.1111111;1.9
15498900;18;14;0;0;19.1;16.7;24.6;20;85.6;403.3;38.9;36.4;38.2;28.1;22;377.7777778;358.3333333;436.1111111;1.9
15499800;18;13;0;0;19.5;15.8;26.9;21;58.7;421.8;40.4;37.9;39.4;28.5;22;377.7777778;358.3333333;436.1111111;1.9
15500700;18;13;0;0;19.6;15.3;27.2;21.5;52.6;431.1;41.9;39.6;40.4;29;22;377.7777778;358.3333333;436.1111111;1.9
15501600;18;13;0;0;19.6;14.8;27.2;22.2;51.2;515.8;42.8;40.7;40.9;29.4;23.6;363.8888889;280.5555556;816.6666667;2
15502500;17;14;1;2;18.9;15.8;27.7;22.3;49.9;521.9;43.5;41.7;41.3;31;23.6;363.8888889;280.5555556;816.6666667;2
15503400;17;14;0;0;18;15;27.4;22.8;49.4;566.5;39.7;38.9;37.7;31.5;23.6;363.8888889;280.5555556;816.6666667;2
15504300;17;12;0;0;18.8;14.4;27.1;23.1;49.6;596.2;39.8;38.5;37.8;31.2;23.6;363.8888889;280.5555556;816.6666667;2
15505200;17;13;0;0;18.9;14;26.5;23.5;51.5;639.3;39.4;38.3;37.4;31.4;23.5;380.5555556;450;536.1111111;1
15506100;17;15;0;0;19;15.8;26.5;23.6;50.8;645.9;39.6;38.4;37.4;31.4;23.5;380.5555556;450;536.1111111;1
15507000;15;15;1;2;16.9;16.1;26.6;23.1;50.2;645.9;38.7;38.4;36.9;33.2;23.5;380.5555556;450;536.1111111;1
15507900;16;13;0;0;18.1;14.6;27.9;22.7;47.6;645.9;36.3;36.1;35.1;32.1;23.5;380.5555556;450;536.1111111;1
15508800;16;13;0;0;18.7;14.6;28.3;23;45.7;648.1;37.6;37;36.2;32.8;23.5;400;163.8888889;188.8888889;0.6
15509700;17;12;0;0;19.1;14.1;28.5;23.1;45.6;648.7;38.6;38.1;37;32.9;23.5;400;163.8888889;188.8888889;0.6
15510600;16;13;0;1;17.9;15;29.3;23.5;43.6;648.7;39.4;39;37.5;34;23.5;400;163.8888889;188.8888889;0.6
15511500;15;13;0;0;17.4;14.4;28;24;46.8;648.7;36.5;36.8;35.2;33;23.5;400;163.8888889;188.8888889;0.6
15512400;16;13;0;0;18;14;23.9;23.4;64.1;553.3;34.6;35;33.4;32.1;14.9;377.7777778;11.11111111;11.11111111;2.1
15513300;14;13;0;0;17.1;13.7;15.3;23.3;90.2;529.5;29.3;29.6;28.8;30.6;14.9;377.7777778;11.11111111;11.11111111;2.1
15514200;15;15;0;0;16.8;15.7;15.1;23.1;93.5;529.5;25.3;25.6;25.6;30.6;14.9;377.7777778;11.11111111;11.11111111;2.1
15515100;15;16;0;0;17.4;17.3;15.8;22.9;93.6;529.5;23.8;24.2;24.4;30.3;14.9;377.7777778;11.11111111;11.11111111;2.1
15516000;15;15;0;0;17.8;17;16.3;22.4;93.6;476.3;23.1;23.5;24;29.9;14.6;375;25;25;1.7
15516900;15;15;0;0;18.2;16.7;16.7;22.2;93.6;457;22.6;22.9;23.7;29.5;14.6;375;25;25;1.7
15517800;16;15;0;0;18.5;16.7;16.4;22.5;93.3;457;22.2;22.2;23.4;29.1;14.6;375;25;25;1.7
15518700;16;15;0;0;18.7;16.7;16.2;22.9;93.6;457;21.9;21.3;23.2;28.9;14.6;375;25;25;1.7
15519600;17;15;0;0;19.1;16.7;16.2;22.1;93.6;356.4;21.7;19.4;24.1;28.6;15.6;352.7777778;238.8888889;366.6666667;0.8
15520500;17;16;0;0;19.3;16.7;16.2;22;94.1;349.2;22.3;17.4;25.6;28.2;15.6;352.7777778;238.8888889;366.6666667;0.8
15521400;17;16;0;0;19.7;17.4;16.9;18.9;93.9;349.2;19.1;17.6;23.6;28;15.6;352.7777778;238.8888889;366.6666667;0.8
15522300;18;16;0;0;20;17.9;17.6;14.2;94.1;349.2;18.7;18.7;21.4;28.1;15.6;352.7777778;238.8888889;366.6666667;0.8
15523200;19;19;0;0;19.5;19.9;18;14.2;93.7;242.5;20.8;19;19.6;27.6;16.9;327.7777778;119.4444444;333.3333333;0.8
15524100;18;19;0;0;18.3;20.2;18.4;14.2;93.3;234.9;22.7;19.1;19.6;26.7;16.9;327.7777778;119.4444444;333.3333333;0.8
15525000;17;18;0;0;18.2;20.1;19.3;14;93;234.9;23.7;19.7;20.6;26.1;16.9;327.7777778;119.4444444;333.3333333;0.8
15525900;17;19;0;0;17.7;20.1;21.1;13.8;94.9;234.9;24;21.3;22;26.1;16.9;327.7777778;119.4444444;333.3333333;0.8
15526800;16;18;0;0;17.2;21.1;24.5;13.6;93.8;169.2;24.4;22.7;23.5;26.3;17.7;336.1111111;61.11111111;150;1.6
15527700;16;14;0;0;17.2;18.8;25.7;13.6;91.8;169.2;24.6;23.3;24.3;26.1;17.7;336.1111111;61.11111111;150;1.6
15528600;16;13;0;0;17.2;16.2;22.8;14;86.2;169.2;24.6;23.9;24.7;25.8;17.7;336.1111111;61.11111111;150;1.6
15529500;16;12;0;0;17.2;14.7;19.9;14.7;88.3;169.2;24.3;24.3;25;25.6;17.7;336.1111111;61.11111111;150;1.6
15530400;16;12;0;0;17.6;13.9;19.3;14.4;90.1;93.9;24.1;24.4;24.7;25.5;17.9;350;30.55555556;44.44444444;2.2
15531300;16;14;0;0;17.7;15;19.4;14.4;90.6;88.5;23.7;24;24.3;25.5;17.9;350;30.55555556;44.44444444;2.2
15532200;16;15;0;0;17.8;16.4;19.3;15.1;90.8;88.5;23.3;23.6;23.9;25.5;17.9;350;30.55555556;44.44444444;2.2
15533100;16;15;0;0;18.2;16.3;19.2;16.1;90.5;88.5;23;23.2;23.5;25.5;17.9;350;30.55555556;44.44444444;2.2
15534000;17;15;0;0;18.2;16.3;19;15.7;90.8;38.9;23;22.9;23.3;25.5;16.3;330.5555556;0;0;3.2
15534900;17;15;0;0;18.3;16.3;18.6;15.7;90.6;35.4;22.9;22.5;23;25.5;16.3;330.5555556;0;0;3.2
15535800;17;15;0;0;18.7;16.4;18.2;16.2;90.9;35.4;22.5;22.2;22.7;25.5;16.3;330.5555556;0;0;3.2
15536700;17;15;0;0;18.7;16.8;17.9;17;90.9;35.4;22.3;21.8;22.6;25.4;16.3;330.5555556;0;0;3.2
15537600;17;16;0;0;18.7;16.8;17.8;16.3;90.9;3.9;22.2;21.5;22.3;25.3;16.4;336.1111111;0;0;3.2
15538500;17;16;0;0;19.2;17.2;17.6;16.3;90.9;1.7;22;21.2;22.1;25.2;16.4;336.1111111;0;0;3.2
15539400;17;16;0;0;19.2;17.4;17.5;16.6;91.4;1.7;21.9;20.9;21.9;25.2;16.4;336.1111111;0;0;3.2
15540300;17;18;0;0;19.2;19;17.3;17.1;91.4;1.7;22.1;20.3;21.6;25;16.4;336.1111111;0;0;3.2
15541200;18;18;0;0;19.7;19.3;17.3;16.8;91;0.5;22.9;19.5;21.1;24.8;15.8;363.8888889;0;0;2.7
15542100;18;18;0;0;19.7;19.3;17.4;16.7;91.5;0;24.6;18.5;20.1;24.4;15.8;363.8888889;0;0;2.7
15543000;18;18;0;0;20.2;19.3;17.6;16.4;91.5;0;23.4;17.4;18.9;23.9;15.8;363.8888889;0;0;2.7
15543900;18;18;0;0;20;19.25;17.6;16.45;91.25;0;23;17.15;18.2;24.75;15.8;363.8888889;0;0;2.7
15544800;18;18;0;0;19.8;19.2;17.6;16.5;91;0;22.6;16.9;17.5;25.6;15.9;363.8888889;0;0;1.9
15545700;18;18;0;0;19.2;18.8;17.8;16.7;91.5;0;20.5;16.8;17.4;25.5;15.9;363.8888889;0;0;1.9
15546600;17;17;0;0;19.2;18;17.9;16.7;91.3;0;19.5;16.9;17.3;23.2;15.9;363.8888889;0;0;1.9
15547500;17;14;0;0;19.1;16.3;17.9;16.7;90.9;0;19.2;17;17.4;22.7;15.9;363.8888889;0;0;1.9
15548400;18;14;0;0;18.7;15.7;17.9;16.3;90.9;0;19.7;17.2;17.6;21.6;15.4;363.8888889;0;0;2.1
15549300;17;15;0;0;18.7;15.6;17.8;16.2;90.9;0;19.6;17.2;17.6;20.2;15.4;363.8888889;0;0;2.1
15550200;17;14;0;0;18.4;15.6;17.8;16.2;90.7;0;18.8;17.1;17.6;19.3;15.4;363.8888889;0;0;2.1
15551100;16;13;0;0;18.1;15.6;17.6;16.2;90.9;0;18.4;17;17.6;19.1;15.4;363.8888889;0;0;2.1
15552000;16;12;0;0;17.7;14.5;17.8;15.2;90.4;0;18.2;16.9;17.6;19.1;15.6;375;0;0;3
15552900;16;12;0;0;17.7;13.6;18;15.2;84.7;0;18.3;16.9;17.7;19.1;15.6;375;0;0;3
15553800;17;12;0;0;17.7;13.6;18.2;15.2;78.6;0;18.4;17.1;17.9;19.2;15.6;375;0;0;3
15554700;17;12;0;0;17.7;13.9;18.3;15.2;78.3;0;18.5;17.3;17.9;19.2;15.6;375;0;0;3
15555600;17;13;0;0;17.7;14.2;18.3;15.1;77.8;0;18.6;17.2;17.7;19.2;15.5;369.4444444;0;0;4
15556500;17;13;0;0;17.7;14.8;18.3;15.1;77.5;0;18.6;17.2;17.7;19.1;15.5;369.4444444;0;0;4
15557400;17;16;0;0;17.7;16.5;18.1;15;76;0;18.6;17.2;17.7;19.1;15.5;369.4444444;0;0;4
15558300;17;16;0;0;17.7;16.6;17.8;14.9;76.7;0;18.6;17.2;17.7;19.1;15.5;369.4444444;0;0;4
15559200;17;15;0;0;17.7;16.6;17.7;14.6;78.6;0;18.5;17;17.4;19.1;14.3;363.8888889;0;0;4.2
15560100;17;15;0;0;17.7;16.6;17.3;14.6;80.1;0;18.5;16.6;16.9;19.1;14.3;363.8888889;0;0;4.2
15561000;17;16;0;0;17.7;16.6;16.9;15;79.5;0;18.7;16.2;16.5;19.2;14.3;363.8888889;0;0;4.2
15561900;17;16;0;0;17.7;16.6;16.8;15.3;78.9;0;18.7;15.9;16.3;19.2;14.3;363.8888889;0;0;4.2
15562800;17;16;0;0;17.7;16.6;16.7;15.2;78.9;0;18.6;15.8;16.1;19.2;13.7;363.8888889;5.555555556;5.555555556;4.1
15563700;17;16;0;0;17.7;16.6;16.5;15.2;77.5;0;18.4;15.7;16;19;13.7;363.8888889;5.555555556;5.555555556;4.1
15564600;17;16;0;0;17.5;16.6;16.3;15.3;77.1;0;18.1;15.6;16;18.8;13.7;363.8888889;5.555555556;5.555555556;4.1
15565500;17;16;0;0;17.2;17.2;16.3;15.4;77.7;0;17.8;15.5;15.9;18.6;13.7;363.8888889;5.555555556;5.555555556;4.1
15566400;17;17;0;0;17.2;17.6;16.8;15.2;76.7;3.3;17.6;15.5;15.9;18.4;13.9;363.8888889;63.88888889;66.66666667;3.6
15567300;17;15;0;0;17.2;17;17;15.1;75.3;4.1;17.4;15.5;15.9;18.2;13.9;363.8888889;63.88888889;66.66666667;3.6
15568200;17;15;0;0;17;16.4;17.1;14.6;74.8;4.1;17.4;15.6;16;18.1;13.9;363.8888889;63.88888889;66.66666667;3.6
15569100;16;15;0;0;16.7;16.1;17;14.1;75.2;4.1;17.5;15.7;16.1;18.1;13.9;363.8888889;63.88888889;66.66666667;3.6
15570000;17;14;0;0;18;15.4;17.2;14.2;74.5;36.4;17.7;16;16.4;18.2;14.9;352.7777778;172.2222222;191.6666667;4
15570900;17;13;0;0;17.5;14.6;17.4;14.2;74.1;48.2;17.8;16.3;16.7;18.2;14.9;352.7777778;172.2222222;191.6666667;4
15571800;17;12;0;0;17;14.2;17.9;14;72.2;48.2;17.7;16.8;17.4;18.1;14.9;352.7777778;172.2222222;191.6666667;4
15572700;17;12;0;0;16.8;13.6;18.3;13.8;70.5;48.2;17.8;17.4;18;18.1;14.9;352.7777778;172.2222222;191.6666667;4
15573600;17;12;0;0;16.8;13.4;18.8;14.2;69.4;116;18;18;18.6;18.2;15.8;347.2222222;255.5555556;377.7777778;3.5
15574500;16;14;0;0;16.8;15.5;18.9;14.3;68;133;18.4;18.6;19.2;18.2;15.8;347.2222222;255.5555556;377.7777778;3.5
15575400;16;14;0;0;16.8;15.3;18.9;14.3;67.3;133;19.2;19.1;19.7;18.3;15.8;347.2222222;255.5555556;377.7777778;3.5
15576300;16;14;0;0;16.9;15.1;19.1;14.3;67.2;133;20.4;19.9;20.8;18.4;15.8;347.2222222;255.5555556;377.7777778;3.5
15577200;16;14;0;0;17.3;15.1;19.7;14.9;62.5;209.5;21.7;20.6;22;18.6;16.4;361.1111111;402.7777778;511.1111111;3
15578100;16;14;0;0;17.3;15.1;20.4;15;60.5;228.6;23.4;22;23.4;18.7;16.4;361.1111111;402.7777778;511.1111111;3
15579000;17;14;0;0;17.6;15.1;20.7;15.2;59.1;228.6;24.6;23.1;24.5;18.9;16.4;361.1111111;402.7777778;511.1111111;3
15579900;17;14;0;0;17.8;15.2;21.4;15.5;56;228.6;26.1;24.5;26.1;19.1;16.4;361.1111111;402.7777778;511.1111111;3
15580800;15;15;1;0;16.4;16.1;21.7;16;54.1;301.8;26.2;25.5;26.4;21.3;15.7;369.4444444;300;308.3333333;4.6
15581700;16;13;0;0;17.5;15.3;21.9;16.2;53.2;328.4;26.5;25.7;26.6;21;15.7;369.4444444;300;308.3333333;4.6
15582600;16;13;0;0;17.5;14.2;21.2;16.3;56.5;328.4;26.8;25.8;26.9;20.8;15.7;369.4444444;300;308.3333333;4.6
15583500;17;14;0;0;17.9;15.2;20.9;16.4;57.1;328.4;27.3;26.2;27.3;20.8;15.7;369.4444444;300;308.3333333;4.6
15584400;17;15;0;0;18;16.1;20.6;16.9;59;397.4;27.7;26.6;27.4;20.9;17.5;366.6666667;380.5555556;533.3333333;3.6
15585300;17;13;0;0;18;15.1;20.5;17.1;58.6;422.5;27.1;26;26.7;20.8;17.5;366.6666667;380.5555556;533.3333333;3.6
15586200;17;13;0;0;18.4;14.6;21.2;17.1;55.6;422.5;27.2;26.2;26.8;21;17.5;366.6666667;380.5555556;533.3333333;3.6
15587100;17;13;0;0;18.5;14.5;21.7;17.1;53.7;422.5;28.5;27.3;27.9;21.3;17.5;366.6666667;380.5555556;533.3333333;3.6
15588000;17;12;0;0;18.5;14.1;20.8;17.6;54;464.5;28.1;27.1;27.3;21.3;17.8;366.6666667;386.1111111;513.8888889;2.7
15588900;17;12;0;0;19;14.1;21;17.7;54.5;475;28.5;27.5;27.6;21.5;17.8;366.6666667;386.1111111;513.8888889;2.7
15589800;18;12;0;0;19;14.1;21.7;17.1;53.5;478.5;30;28.6;28.6;21.7;17.8;366.6666667;386.1111111;513.8888889;2.7
15590700;18;12;0;0;19.3;14.1;21.8;16.3;52.1;483.7;30.9;29.5;29.1;21.9;17.8;366.6666667;386.1111111;513.8888889;2.7
15591600;17;13;0;0;19.5;14.3;21.5;17;56.2;520.7;30.3;29.4;28.5;22.1;17.9;372.2222222;383.3333333;450;2.6
15592500;16;15;0;0;19.4;16.1;21.6;17;57.3;520.7;28.9;28.2;27.4;22.1;17.9;372.2222222;383.3333333;450;2.6
15593400;14;15;1;1;15.8;16.1;22.1;17.3;54.4;520.7;27.8;27.7;27;23.9;17.9;372.2222222;383.3333333;450;2.6
15594300;16;13;0;0;17.8;14.7;22.6;18;51.2;520.7;27.4;27.1;26.7;23.3;17.9;372.2222222;383.3333333;450;2.6
15595200;16;12;0;0;18.3;13.9;21.5;18.3;58;524.2;26.8;26.4;26.1;22.9;17.3;372.2222222;377.7777778;411.1111111;3.6
15596100;17;12;0;0;18.5;13.7;22.3;18.4;61.6;525.1;26.8;26.3;26.1;22.9;17.3;372.2222222;377.7777778;411.1111111;3.6
15597000;17;12;0;0;18.8;13.7;22.5;18.2;60.1;525.1;26.9;26.2;26;22.9;17.3;372.2222222;377.7777778;411.1111111;3.6
15597900;17;12;0;0;18.8;13.7;22.9;18.1;54.1;525.1;27.1;26.3;26.2;23;17.3;372.2222222;377.7777778;411.1111111;3.6
15598800;17;12;0;0;19.3;13.7;22.8;18.1;51.9;445.2;27.8;26.9;26.9;23;16.6;369.4444444;261.1111111;352.7777778;2.3
15599700;18;12;0;0;19.3;13.7;22.4;18.1;52.8;445.2;28.1;27.2;27.2;23.1;16.6;369.4444444;261.1111111;352.7777778;2.3
15600600;15;15;1;0;16.9;16.1;21.8;18;56.4;445.2;27.6;27.1;26.9;23.7;16.6;369.4444444;261.1111111;352.7777778;2.3
15601500;15;14;0;0;17.2;15.9;21.4;17.8;60.6;445.2;26.6;26.6;26.2;23.7;16.6;369.4444444;261.1111111;352.7777778;2.3
15602400;16;13;0;0;18.6;14.8;22.1;17.5;60.9;416.5;26.5;26.3;26.3;23.5;18.7;366.6666667;286.1111111;405.5555556;3.1
15603300;17;12;0;0;19.2;14.5;23;17.4;57.2;409.3;28.1;27.2;27.5;23.5;18.7;366.6666667;286.1111111;405.5555556;3.1
15604200;17;13;0;0;19.5;14.5;22.8;17.2;54.2;409.3;29.6;28.2;28.6;23.7;18.7;366.6666667;286.1111111;405.5555556;3.1
15605100;17;13;0;0;19.5;14.5;22.8;16.9;53.1;409.3;30.1;29;29.2;23.9;18.7;366.6666667;286.1111111;405.5555556;3.1
15606000;16;13;0;0;19.5;14.5;22.2;16.7;54.2;347.5;29.9;29.1;29.1;24;16.8;366.6666667;169.4444444;172.2222222;2.5
15606900;15;13;0;0;19.5;14.6;21.7;16.7;55.7;343.1;29.4;28.7;28.7;24.1;16.8;366.6666667;169.4444444;172.2222222;2.5
15607800;15;14;0;0;19.5;15;20.8;16.5;60.6;343.1;28.3;28;27.8;24;16.8;366.6666667;169.4444444;172.2222222;2.5
15608700;15;15;0;0;19.5;15.5;20.3;16.3;63.3;343.1;27.1;26.9;26.8;24;16.8;366.6666667;169.4444444;172.2222222;2.5
15609600;16;17;0;0;19.5;17.3;20.4;16;64;259.1;26.2;26.2;26.2;23.9;16.8;366.6666667;108.3333333;108.3333333;2.1
15610500;16;16;0;0;19.7;17.5;20.3;16;63.2;259.1;25.6;25.8;25.8;23.8;16.8;366.6666667;108.3333333;108.3333333;2.1
15611400;16;16;0;0;20;17.5;19.9;17.4;64.7;259.1;25;25.2;25.4;23.8;16.8;366.6666667;108.3333333;108.3333333;2.1
15612300;16;16;0;0;20;17.5;19.6;18.3;65.7;259.1;24.5;24.8;25.1;23.8;16.8;366.6666667;108.3333333;108.3333333;2.1
15613200;16;17;0;0;18.7;18.1;19.4;17.5;67.6;183.7;23.8;24.1;24.4;23.6;16.2;375;58.33333333;58.33333333;2.5
15614100;17;14;0;0;19.4;16.1;19.7;17.3;67.8;164.8;23.5;23.9;24.4;23.6;16.2;375;58.33333333;58.33333333;2.5
15615000;17;12;0;0;19.9;14.3;19.8;16.5;67.7;164.8;23.4;23.8;24.2;23.6;16.2;375;58.33333333;58.33333333;2.5
15615900;17;11;0;0;20.2;13.5;19.5;16;68.7;164.8;23.1;23.4;23.9;23.7;16.2;375;58.33333333;58.33333333;2.5
15616800;17;11;0;0;20.2;13.1;19.2;15.4;69.1;103.9;22.8;23;23.6;23.7;15.3;375;13.88888889;16.66666667;1.4
15617700;18;14;0;0;20.2;15.1;18.6;15.3;73;88.7;22.2;22.3;23.1;23.6;15.3;375;13.88888889;16.66666667;1.4
15618600;18;14;0;0;20.2;15.4;18.8;15.8;74.3;88.7;21.8;21.4;22.8;23.5;15.3;375;13.88888889;16.66666667;1.4
15619500;18;12;0;0;20.7;14.7;18.5;16.1;74.6;88.7;21.5;19.8;23.4;23.5;15.3;375;13.88888889;16.66666667;1.4
15620400;18;13;0;0;20.9;14.6;17.7;15.4;74.5;30.8;22.9;18;24.5;23.6;13.9;369.4444444;0;0;1.4
15621300;18;13;0;0;21.2;15.1;16.6;15.4;75.8;30.8;22.3;16.5;22.7;23.1;13.9;369.4444444;0;0;1.4
15622200;18;14;0;0;21.2;15.6;16.2;15.5;78;30.8;18.8;15.8;20.6;23.1;13.9;369.4444444;0;0;1.4
15623100;18;14;0;0;21.1;16.3;16;15.6;78.4;30.8;16;15.4;18.7;23.7;13.9;369.4444444;0;0;1.4
15624000;18;15;0;0;18.3;17.8;15.9;15.3;78.4;5.8;15.1;15.2;18.2;23.5;13.6;372.2222222;0;0;1.8
15624900;17;15;0;0;16.6;17.4;16.1;15.2;78.3;1.9;15;15.1;19.1;22.2;13.6;372.2222222;0;0;1.8
15625800;16;16;0;0;15.9;16.6;16;15.1;78.6;1.9;15.1;14.9;19.5;22.2;13.6;372.2222222;0;0;1.8
15626700;16;17;0;0;15.7;17.6;15.8;15;78.1;1.9;15.2;14.8;19.2;22.2;13.6;372.2222222;0;0;1.8
15627600;16;16;0;0;15.7;17.3;15.8;14.5;78.3;0.3;15.2;14.8;17.9;19.2;13.1;369.4444444;0;0;2
15628500;16;15;0;0;15.7;16.6;15.6;14.4;78.5;0;15.2;14.7;17.5;17.8;13.1;369.4444444;0;0;2
15629400;16;15;0;0;15.2;16.3;15.4;14.4;79.9;0;15;14.6;17.6;17.5;13.1;369.4444444;0;0;2
15630300;15.5;15;0;0;15.2;16.2;15.4;14.9;80.3;0;14.9;14.55;17.35;17.6;13.1;369.4444444;0;0;2
15631200;15;15;0;0;15.2;16.1;15.4;15.4;80.7;0;14.8;14.5;17.1;17.7;12.8;369.4444444;0;0;2.2
15632100;15;15;0;0;15.2;16.1;15.4;15.8;80.2;0;14.8;14.5;16.8;17.7;12.8;369.4444444;0;0;2.2
15633000;11;13;25;50;12.3;13.8;15.6;15.8;80.4;0;14.8;14.3;15.1;14.9;12.8;369.4444444;0;0;2.2
15633900;11;12;0;0;11.6;13.2;15.6;15.8;79.8;0;14.5;14;14.3;14;12.8;369.4444444;0;0;2.2
15634800;11;14;0;0;12;14.2;15.4;15.5;80.9;0;14.8;14.1;14.4;14.2;12.6;372.2222222;0;0;1.9
15635700;11;14;0;0;12.3;14.5;14.9;15.5;83.3;0;15;14.3;14.5;14.5;12.6;372.2222222;0;0;1.9
15636600;11;13;0;0;12.3;14;14.6;15.5;85.7;0;15.2;14.3;14.9;14.8;12.6;372.2222222;0;0;1.9
15637500;12;13;0;0;12.8;14;14.7;15.5;85.8;0;15.5;14.3;15.2;15.1;12.6;372.2222222;0;0;1.9
15638400;12;13;0;0;13.2;14;14.7;15.3;85.6;0;15.6;14.3;15.2;15.4;12.8;372.2222222;0;0;2.5
15639300;12;13;0;0;14.1;14;14.7;15.2;85.1;0;15.7;14.3;15;16.2;12.8;372.2222222;0;0;2.5
15640200;12;13;0;0;14.8;14;14.8;15.2;84.5;0;15.9;14.3;14.8;17.7;12.8;372.2222222;0;0;2.5
15641100;12;13;0;0;14.8;14;15;15.2;84.2;0;16.3;14.3;14.8;18.2;12.8;372.2222222;0;0;2.5
15642000;12;13;0;0;14.8;14;15.2;12.9;83.4;0;16.5;14.4;14.7;18.1;12.8;372.2222222;0;0;3.1
15642900;13;14;0;0;14.8;14.5;15.3;12.6;83.2;0;16.8;14.4;14.8;17.6;12.8;372.2222222;0;0;3.1
15643800;13;15;0;0;14.8;15.5;15.4;12.6;82.3;0;17;14.5;14.8;17.3;12.8;372.2222222;0;0;3.1
15644700;13;14;0;0;14.8;15.3;15.5;12.5;80.8;0;17.1;14.5;14.8;17.1;12.8;372.2222222;0;0;3.1
15645600;10;12;24;58;11.6;13.3;15.4;12.5;80.2;0;14.8;14.5;14.7;14.4;12.9;366.6666667;0;0;3
15646500;10;12;0;0;11.3;13;15.4;12.5;80.2;0;14.4;14.1;14.3;14;12.9;366.6666667;0;0;3
15647400;11;12;0;0;11.7;13;15.4;12.5;79.8;0;14.6;14.2;14.5;14.3;12.9;366.6666667;0;0;3
15648300;11;12;0;0;11.9;13;15.4;12.5;80;0;14.8;14.4;14.6;14.5;12.9;366.6666667;0;0;3
15649200;11;12;0;0;12.2;13;15.5;12.6;79.8;0;15;14.5;14.9;14.8;12.7;366.6666667;8.333333333;8.333333333;4.5
15650100;11;13;0;0;12.5;13.5;15.4;12.6;80;0;15.3;14.5;15.3;15.1;12.7;366.6666667;8.333333333;8.333333333;4.5
15651000;11;13;0;0;13.1;13.5;15.4;12.6;80;0;15.5;14.5;15.4;15.4;12.7;366.6666667;8.333333333;8.333333333;4.5
15651900;12;15;0;0;13.9;15.1;15.3;12.7;80.4;0;15.6;14.5;15.4;16.1;12.7;366.6666667;8.333333333;8.333333333;4.5
15652800;12;14;0;0;14.6;15.3;15.2;12.8;80.6;2.4;15.7;14.5;15.3;17.2;13;369.4444444;27.77777778;27.77777778;4.3
15653700;12;13;0;0;14.7;14.6;15.5;12.8;80.1;3.3;16.1;14.6;15.7;17.8;13;369.4444444;27.77777778;27.77777778;4.3
15654600;12;13;13;26;13.7;14.2;15.6;12.8;79.1;3.3;15.9;14.8;15.8;16.8;13;369.4444444;27.77777778;27.77777778;4.3
15655500;10;12;12;31;11.3;13.1;15.8;12.9;78.6;3.3;14.4;14.4;14.6;14.1;13;369.4444444;27.77777778;27.77777778;4.3
15656400;11;12;0;0;11.6;13;15.8;13.1;78.3;29.2;14.6;14.5;14.7;14.3;13.1;372.2222222;55.55555556;55.55555556;3.9
15657300;11;12;0;0;12;13;16.1;13.2;78.5;38.6;14.8;14.8;15;14.5;13.1;372.2222222;55.55555556;55.55555556;3.9
15658200;11;12;0;0;12;13;16.5;13.1;77.6;38.6;15.1;15.2;15.3;14.7;13.1;372.2222222;55.55555556;55.55555556;3.9
15659100;11;13;0;0;12.5;13.5;16.6;12.9;76.9;38.6;15.4;15.5;15.6;15;13.1;372.2222222;55.55555556;55.55555556;3.9
15660000;13;14;1;0;13.9;14.3;16.6;13.2;76.6;86;15.7;15.9;15.9;15.1;13.6;366.6666667;58.33333333;58.33333333;3.4
15660900;13;14;0;0;14.2;14.9;16.7;13.3;76.1;103.3;15.9;16;16;15.5;13.6;366.6666667;58.33333333;58.33333333;3.4
15661800;13;14;0;0;14.2;14.6;16.7;13.3;75.9;103.3;16.1;16.2;16.2;15.7;13.6;366.6666667;58.33333333;58.33333333;3.4
15662700;13;14;0;0;14.2;14.6;16.6;13.3;75.7;103.3;16.3;16.3;16.4;15.9;13.6;366.6666667;58.33333333;58.33333333;3.4
15663600;13;13;0;0;14.8;14.6;16.7;13.7;75.4;140.6;16.5;16.5;16.7;16.1;14.4;372.2222222;161.1111111;161.1111111;5
15664500;13;14;22;35;14.4;14.7;16.9;13.8;74.9;154.2;16.6;16.6;16.8;16.1;14.4;372.2222222;161.1111111;161.1111111;5
15665400;13;14;0;0;13.9;14.6;17.6;13.7;72.6;154.2;16.5;16.6;16.8;15.9;14.4;372.2222222;161.1111111;161.1111111;5
15666300;13;14;25;61;13.9;15.2;18.4;13.6;70;154.2;17.5;17.6;17.8;16.5;14.4;372.2222222;161.1111111;161.1111111;5
15667200;13;15;43;66;14.1;15.6;18.8;13.9;68.5;201.3;17.6;17.5;17.8;16.8;15.3;375;161.1111111;161.1111111;4.4
15668100;13;15;37;83;13.7;15.6;18.9;14;67.3;218.4;17.6;17.5;17.8;16.7;15.3;375;161.1111111;161.1111111;4.4
15669000;11;14;39;123;12.6;15.3;19.1;14;64.9;218.4;17.2;17.1;17.3;16.4;15.3;375;161.1111111;161.1111111;4.4
15669900;13;14;40;70;13.9;15.1;19.5;14;63.1;218.4;17.4;17.4;17.6;16.4;15.3;375;161.1111111;161.1111111;4.4
15670800;13;15;43;87;14.2;15.9;20.1;14.6;60.3;281.7;18.3;18.3;18.5;17.4;16.1;377.7777778;255.5555556;266.6666667;3.8
15671700;14;16;43;101;14.6;16.6;20;14.6;60.2;281.7;18.7;18.8;19;17.8;16.1;377.7777778;255.5555556;266.6666667;3.8
15672600;14;16;43;98;14.7;16.6;20.7;14.8;58.7;284.8;18.8;18.8;18.9;17.9;16.1;377.7777778;255.5555556;266.6666667;3.8
15673500;14;16;43;112;14.7;17;21.4;14.9;56;286.8;19.2;19.2;19.4;18.3;16.1;377.7777778;255.5555556;266.6666667;3.8
15674400;14;16;43;98;14.7;17;20.7;15.4;58;312.3;18.7;18.8;18.9;17.9;13.4;375;158.3333333;158.3333333;3
15675300;14;15;43;72;14.7;16.3;19.5;15.4;60.3;314.1;18;18;18.2;17.2;13.4;375;158.3333333;158.3333333;3
15676200;13;15;40;56;14.7;15.7;18.9;15.4;62.2;314.1;17.5;17.4;17.7;16.7;13.4;375;158.3333333;158.3333333;3
15677100;13;15;0;0;14.7;15.6;17.9;15.4;73.4;314.1;17.3;17.3;17.5;16.6;13.4;375;158.3333333;158.3333333;3
15678000;13;14;27;35;14.2;15.3;17.5;15.7;77.5;325.8;16.9;16.9;17.2;16.3;15.3;372.2222222;261.1111111;261.1111111;3.1
15678900;12;14;33;45;13.7;14.7;18.3;15.8;74.4;327.6;16.5;16.4;16.7;15.9;15.3;372.2222222;261.1111111;261.1111111;3.1
15679800;12;14;33;46;13.3;14.6;18.6;15.8;69.6;327.6;16.4;16.4;16.6;15.8;15.3;372.2222222;261.1111111;261.1111111;3.1
15680700;12;14;33;48;13.3;14.6;19.1;15.8;65.2;327.6;16.7;16.7;16.9;16;15.3;372.2222222;261.1111111;261.1111111;3.1
15681600;13;14;33;49;13.8;14.9;19.5;16;63.1;371.6;17.3;17.2;17.4;16.5;15.7;375;272.2222222;275;1.5
15682500;13;15;33;51;14.5;15.6;20.6;16.1;59.6;382.6;18.1;18;18.2;17.3;15.7;375;272.2222222;275;1.5
15683400;14;16;33;52;15.4;16.6;20.7;16.1;56.8;382.6;19;19;19.2;18.2;15.7;375;272.2222222;275;1.5
15684300;15;17;33;54;16.2;17.5;20.9;16.1;57.6;382.6;19.8;19.8;20;18.9;15.7;375;272.2222222;275;1.5
15685200;14;17;39;117;15.3;17.6;21;16.3;57;372.4;19.7;19.6;19.8;19;15.8;375;77.77777778;77.77777778;1.4
15686100;14;17;43;109;15.3;17.4;21.5;16.4;55.5;368.7;19.2;19.3;19.5;18.4;15.8;375;77.77777778;77.77777778;1.4
15687000;14;16;38;71;15.2;16.7;20.7;16.4;56.5;368.7;18.4;18.4;18.6;17.5;15.8;375;77.77777778;77.77777778;1.4
15687900;13;15;39;111;13.8;16.4;20.1;16.4;57.5;368.7;18.2;18.1;18.3;17.4;15.8;375;77.77777778;77.77777778;1.4
15688800;13;14;22;44;14.2;15.3;19;16.9;63.3;317;17.1;17.1;17.3;16.3;15.5;375;119.4444444;119.4444444;1.5
15689700;13;14;0;0;14.3;15.1;18.9;16.9;64.2;317;17.5;17.5;17.7;16.3;15.5;375;119.4444444;119.4444444;1.5
15690600;13;15;24;60;14.3;15.7;18.8;16.9;64.2;317;17.8;17.8;18.1;16.9;15.5;375;119.4444444;119.4444444;1.5
15691500;14;15;0;0;14.8;15.6;18.9;16.9;64.4;317;17.9;17.9;18.1;16.8;15.5;375;119.4444444;119.4444444;1.5
15692400;14;15;37;81;14.6;16.2;19.1;17.1;64.4;279.9;18.2;18.2;18.4;17.4;15.8;375;91.66666667;94.44444444;1.4
15693300;14;15;40;54;14.8;15.8;19;17.1;63.2;277.3;17.6;17.6;17.8;16.9;15.8;375;91.66666667;94.44444444;1.4
15694200;13;15;0;0;14.8;15.6;18.7;17.1;63.5;277.3;17.8;17.8;18;16.8;15.8;375;91.66666667;94.44444444;1.4
15695100;14;15;25;56;14.6;15.8;18.7;17.1;62.8;277.3;17.9;18;18.2;17.1;15.8;375;91.66666667;94.44444444;1.4
15696000;14;15;0;0;14.8;15.8;18.9;17.1;62.4;263.8;17.7;17.7;17.9;16.9;16.1;375;94.44444444;97.22222222;1.8
15696900;14;16;24;60;14.6;16.3;19.1;17.1;62.1;261.7;18;17.9;18.2;17.2;16.1;375;94.44444444;97.22222222;1.8
15697800;14;15;0;0;14.8;15.6;19;17.1;60.7;261.7;17.6;17.6;17.8;16.9;16.1;375;94.44444444;97.22222222;1.8
15698700;13;15;31;91;13.8;15.9;19.3;17.1;60.1;261.7;17.8;17.7;18;17.2;16.1;375;94.44444444;97.22222222;1.8
15699600;13;14;23;74;14.3;15.4;19.4;17.2;58.8;207.9;17.1;17.1;17.3;16.5;16.5;363.8888889;69.44444444;83.33333333;1.8
15700500;13;14;0;0;14.2;15.1;19.4;17.2;59.5;194.4;17.2;17.2;17.5;16.3;16.5;363.8888889;69.44444444;83.33333333;1.8
15701400;13;15;26;55;14.2;15.6;19.5;17.2;59.3;194.4;17.8;17.7;18;16.9;16.5;363.8888889;69.44444444;83.33333333;1.8
15702300;14;15;0;0;14.7;15.6;19.7;17.2;58.8;194.4;17.8;17.8;18;16.9;16.5;363.8888889;69.44444444;83.33333333;1.8
15703200;14;15;25;57;14.4;15.8;19.3;16.9;60.8;126.1;17.9;17.9;18.1;17.2;15.9;366.6666667;16.66666667;19.44444444;2
15704100;14;16;13;33;14.3;16.1;19.3;16.8;60.5;101.3;17.5;17.5;17.7;16.9;15.9;366.6666667;16.66666667;19.44444444;2
15705000;12;14;29;84;12.9;14.8;19.2;16.8;61.7;101.3;16.4;16.3;16.5;15.9;15.9;366.6666667;16.66666667;19.44444444;2
15705900;13;13;0;0;13.8;14.1;18.9;16.8;62.3;101.3;16.1;16.1;16.4;15.6;15.9;366.6666667;16.66666667;19.44444444;2
15706800;13;14;0;0;14.3;14.3;18.8;16.3;63.6;34.2;16.3;16.7;16.7;15.8;15.6;369.4444444;0;0;1.9
15707700;13;14;0;0;14.3;14.6;18.6;16.3;64;34.2;16.5;17.5;16.9;16;15.6;369.4444444;0;0;1.9
15708600;13;14;0;0;14.3;14.6;18.7;16.3;65.5;34.2;16.7;17.6;17;16.2;15.6;369.4444444;0;0;1.9
15709500;13;14;0;0;14.3;14.9;18.4;16.3;66.5;34.2;16.9;17.5;17.1;16.4;15.6;369.4444444;0;0;1.9
15710400;13;14;0;0;14.3;15.1;18.1;15.9;68.6;4.4;16.9;17.3;17.2;16.6;15.6;361.1111111;0;0;2.4
15711300;13;14;7;10;14.4;15.1;18;15.9;69.3;2.3;17;17.1;17.3;16.7;15.6;361.1111111;0;0;2.4
15712200;11;13;39;99;12;14.3;17.8;15.9;68.9;2.3;15.7;15.5;15.8;15.4;15.6;361.1111111;0;0;2.4
15713100;12;12;17;0;13.5;13.1;17.8;15.9;67.7;2.3;15.1;15;15.4;14.4;15.6;361.1111111;0;0;2.4
15714000;12;13;0;0;13.5;13.3;17.8;15.7;69;0;15.5;15.4;15.8;14.5;15.3;358.3333333;0;0;1.2
15714900;12;13;1;0;13.3;13.6;17.7;15.7;67.4;0;15.8;15.6;16.1;15;15.3;358.3333333;0;0;1.2
15715800;12;13;0;0;13;13.6;17.7;15.7;67.4;0;16.1;15.8;16.3;15.5;15.3;358.3333333;0;0;1.2
15716700;12;13;0;0;13.25;13.85;17.65;15.75;67.15;0;16.2;15.9;16.45;15.6;15.3;358.3333333;0;0;1.2
15717600;12;13;0;0;13.5;14.1;17.6;15.8;66.9;0;16.3;16;16.6;15.7;14.9;338.8888889;0;0;1
15718500;12;13;0;0;13.6;14.1;17.5;15.8;67;0;16.3;16.1;16.7;15.8;14.9;338.8888889;0;0;1
15719400;12;14;1;2;13.4;14.8;17.3;15.8;67.8;0;16.4;16.2;16.7;15.9;14.9;338.8888889;0;0;1
15720300;12;13;0;0;13;15.1;17.1;15.8;68.8;0;16.4;16.1;16.6;16;14.9;338.8888889;0;0;1
15721200;13;14;0;0;13.3;15.1;16.9;15.5;69.8;0;16.5;16.1;16.8;16;14.1;344.4444444;0;0;2.7
15722100;13;14;0;0;13.7;15.3;16.9;15.5;70;0;16.8;16;17;16;14.1;344.4444444;0;0;2.7
15723000;13;12;0;0;14;14.4;16.8;15.5;70.6;0;17.1;15.9;17.4;15.9;14.1;344.4444444;0;0;2.7
15723900;13;12;0;0;14;14.1;16.7;15.5;70.8;0;17.6;15.9;17.7;15.7;14.1;344.4444444;0;0;2.7
15724800;13;13;0;0;14.3;14.6;16.7;15.3;71;0;17.9;15.8;17.6;15.5;14.1;338.8888889;0;0;4.4
15725700;13;13;0;0;14.5;14.9;16.7;15.2;71.3;0;17.7;15.7;17.6;15.4;14.1;338.8888889;0;0;4.4
15726600;13;14;0;0;14.6;15.1;16.7;15.2;71.4;0;17.8;15.7;17.8;15.3;14.1;338.8888889;0;0;4.4
15727500;14;14;0;0;15;15.1;16.6;15.2;71.8;0;19.4;15.6;17.9;15.3;14.1;338.8888889;0;0;4.4
15728400;13;14;1;1;14.6;15.3;16.4;14.5;72;0;19.5;15.5;17.7;15.2;13.7;333.3333333;0;0;4.3
15729300;12;15;0;0;14.3;15.6;16.3;14.2;72.5;0;19.3;15.4;17.9;15;13.7;333.3333333;0;0;4.3
15730200;13;15;0;0;14.5;15.6;16.3;14.2;72.6;0;19.1;15.4;17.9;15;13.7;333.3333333;0;0;4.3
15731100;13;14;0;0;14.5;15.6;16.3;14.2;72.2;0;18.8;15.4;17.6;15;13.7;333.3333333;0;0;4.3
15732000;13;14;0;0;14.9;15.6;16.3;13.9;72.3;0;18.5;15.3;17.2;15;13.4;308.3333333;0;0;4.5
15732900;13;14;0;0;15;15.6;15.9;13.9;72.7;0;18.4;15.2;16.9;14.9;13.4;308.3333333;0;0;4.5
15733800;13;14;0;0;15;15.6;15.6;13.9;73.8;0;18.4;14.9;16.8;14.6;13.4;308.3333333;0;0;4.5
15734700;13;14;0;0;15;15.6;15.4;13.9;74.7;0;18.3;14.6;16.8;14.4;13.4;308.3333333;0;0;4.5
15735600;14;14;0;0;15;15.6;15.3;13.7;75.2;0;18.3;14.4;16.7;14.1;13.4;341.6666667;16.66666667;16.66666667;4.5
15736500;14;15;0;0;15;15.6;15.2;13.7;76.1;0;18.3;14.2;16.6;13.9;13.4;341.6666667;16.66666667;16.66666667;4.5
15737400;14;15;0;0;15;15.4;15.2;13.7;76.2;0;18.2;14.1;16.4;13.8;13.4;341.6666667;16.66666667;16.66666667;4.5
15738300;13;15;0;0;14.7;15.4;15.3;13.7;76.1;0;18.3;14.1;16.5;13.8;13.4;341.6666667;16.66666667;16.66666667;4.5
15739200;14;13;0;0;14.5;14.5;15.7;13.7;75.1;3;18.2;14.2;16.3;13.8;13.5;358.3333333;83.33333333;86.11111111;4.8
15740100;14;12;0;0;14.5;13.6;16.2;13.7;73.2;3.7;18;14.5;16.2;14.1;13.5;358.3333333;83.33333333;86.11111111;4.8
15741000;14;11;0;0;14.5;13.1;16.6;13.7;72.2;3.7;17.9;14.9;16;14.5;13.5;358.3333333;83.33333333;86.11111111;4.8
15741900;13;11;0;0;14.5;13.1;17;13.7;70.8;3.7;17.8;15.3;16;14.9;13.5;358.3333333;83.33333333;86.11111111;4.8
15742800;13;12;0;0;14.5;13.1;17.4;14.1;69.1;40.5;17.6;15.7;16;15.4;15;322.2222222;111.1111111;244.4444444;4.9
15743700;13;12;0;0;14.5;13.1;17.8;14.2;68.3;53.9;17.6;16.2;16.3;15.9;15;322.2222222;111.1111111;244.4444444;4.9
15744600;14;12;0;0;14.5;13.1;17.8;14.2;66.9;53.9;17.7;16.6;16.7;16.3;15;322.2222222;111.1111111;244.4444444;4.9
15745500;14;12;0;0;14.5;13.3;17.6;14.2;67.1;53.9;17.9;17.2;17.5;16.8;15;322.2222222;111.1111111;244.4444444;4.9
15746400;14;14;0;0;14.5;14.3;17.7;14.9;67.5;145.6;18.2;18.2;18.7;17.3;17.3;322.2222222;133.3333333;461.1111111;3.9
15747300;14;15;0;0;14.9;15.6;18.3;14.9;66.3;145.6;19.1;19.6;20.2;17.9;17.3;322.2222222;133.3333333;461.1111111;3.9
15748200;14;16;0;0;15;16.2;18.7;14.9;64.5;145.6;20.7;20.8;21.7;18.5;17.3;322.2222222;133.3333333;461.1111111;3.9
15749100;14;16;0;0;15;16.6;19.1;14.9;62.6;145.6;22.7;21.9;23.5;19;17.3;322.2222222;133.3333333;461.1111111;3.9
15750000;14;15;0;0;15.5;16.4;19.5;15.9;59.6;283.2;24;23.4;24.8;20.6;17.4;336.1111111;197.2222222;544.4444444;3.7
15750900;15;13;0;0;15.5;15.3;20.2;16;58.3;293;24.7;23.7;25.5;20.6;17.4;336.1111111;197.2222222;544.4444444;3.7
15751800;15;13;0;0;15.8;14.6;20.8;16;55.6;293;25.6;24.4;26.5;20.7;17.4;336.1111111;197.2222222;544.4444444;3.7
15752700;15;12;0;0;16;14.1;20.3;16;54.8;293;25.8;24.6;26.7;20.7;17.4;336.1111111;197.2222222;544.4444444;3.7
15753600;15;12;0;0;16;14.1;20.4;17;54.1;404.8;27.1;25.6;27.8;21;18.5;344.4444444;222.2222222;561.1111111;3.4
15754500;15;12;0;0;16.5;14.1;21.1;17.2;51.9;422;28.9;27.2;29.5;21.3;18.5;344.4444444;222.2222222;561.1111111;3.4
15755400;15;12;0;0;16.5;14.1;21.2;17.2;49.3;422;30.6;28.9;31.1;21.6;18.5;344.4444444;222.2222222;561.1111111;3.4
15756300;16;14;0;0;16.9;15.4;21.7;17.2;49.7;422;32.1;30.4;32.3;21.9;18.5;344.4444444;222.2222222;561.1111111;3.4
15757200;16;15;0;0;17;16.1;22;17.9;48.1;477.4;33.1;31.5;33;22.3;19.3;325;180.5555556;808.3333333;4
15758100;16;12;0;0;17;14.8;21.5;18.1;49.6;491.3;32.6;31.3;32.4;22.5;19.3;325;180.5555556;808.3333333;4
15759000;16;12;0;0;17.4;14.1;21.7;18.1;47.3;491.3;34;32.3;33.1;22.9;19.3;325;180.5555556;808.3333333;4
15759900;16;12;0;0;17.5;14;22.7;18.1;46.3;491.3;35.8;33.7;33.9;23.3;19.3;325;180.5555556;808.3333333;4
15760800;16;11;0;0;17.6;13.2;22.5;18.8;45.9;590;36;34.1;33.6;23.5;19.7;327.7777778;250;827.7777778;3.6
15761700;17;11;0;0;18;13.1;21.9;19;47.3;625.9;36.4;34.8;33.8;23.9;19.7;327.7777778;250;827.7777778;3.6
15762600;17;11;0;0;18;13.1;22.1;19;46.5;625.9;36.9;35.4;33.7;24.2;19.7;327.7777778;250;827.7777778;3.6
15763500;17;11;0;0;18.4;13.1;22.4;19;44.3;625.9;37.7;36.1;33.8;24.6;19.7;327.7777778;250;827.7777778;3.6
15764400;17;12;0;0;18.5;13.4;23.2;19.6;43;648.8;39.1;37.2;34.4;25;19.9;330.5555556;283.3333333;877.7777778;2.4
15765300;17;14;0;0;18.7;15.6;23.6;19.7;40.5;652.3;39.8;38;34.8;25.5;19.9;330.5555556;283.3333333;877.7777778;2.4
15766200;15;14;1;2;16.1;15.7;23.4;19.7;41.4;652.3;37.8;37;34.9;28.8;19.9;330.5555556;283.3333333;877.7777778;2.4
15767100;16;12;0;0;17.3;14.1;23.8;19.7;41.5;652.3;37.3;35.7;33.9;27.3;19.9;330.5555556;283.3333333;877.7777778;2.4
15768000;16;12;0;0;17.7;13.8;23.7;20.2;41.5;660.7;39.3;37.3;34.6;28;20.2;330.5555556;205.5555556;769.4444444;1
15768900;16;11;0;0;18;13.3;23.8;20.2;41.3;661.3;40.6;38.7;35.1;28.3;20.2;330.5555556;205.5555556;769.4444444;1
15769800;16;11;0;0;18.2;13.1;24;20.3;41.7;704.4;41.7;39.7;35.8;28.5;20.2;330.5555556;205.5555556;769.4444444;1
15770700;15;13;1;1;15.7;14.4;24.1;20.4;40.6;742.2;40.2;38.8;36;31.4;20.2;330.5555556;205.5555556;769.4444444;1
15771600;15;12;0;0;16.8;13.7;24.4;20.8;40;691.8;39;37.1;34.9;30.1;21.3;347.2222222;238.8888889;744.4444444;1.1
15772500;15;12;0;0;17.4;13.6;24.3;20.9;40.9;684;41;38.4;35.5;30.8;21.3;347.2222222;238.8888889;744.4444444;1.1
15773400;15;13;0;0;17.8;14.5;24.7;20.6;39.2;684;41.6;39.2;35.8;30.9;21.3;347.2222222;238.8888889;744.4444444;1.1
15774300;15;14;0;0;17.3;15.5;25.4;20.4;38.3;684;42.1;39.5;36.5;31.7;21.3;347.2222222;238.8888889;744.4444444;1.1
15775200;14;12;0;0;15.7;14;25.4;20.9;40;646.9;38.8;37.8;35.2;32.3;20.9;355.5555556;258.3333333;497.2222222;1.5
15776100;15;12;0;0;16.7;13.7;25.1;21;40.5;641.2;38.9;37.1;35;31.9;20.9;355.5555556;258.3333333;497.2222222;1.5
15777000;14;12;0;0;16.7;13.4;24.6;20.8;41.6;641.2;38.3;36.8;34.5;31.9;20.9;355.5555556;258.3333333;497.2222222;1.5
15777900;14;12;0;0;16.8;13.2;24.9;20.7;41;641.2;37.2;36.3;33.8;31.7;20.9;355.5555556;258.3333333;497.2222222;1.5
15778800;15;12;0;0;17.2;13.2;25.4;21;39.3;533.9;36.5;35.8;33.6;31.6;21.7;338.8888889;147.2222222;480.5555556;2.5
15779700;15;12;0;0;17.5;13.2;25.3;21.1;40.2;517.4;36.2;35.6;33.8;31.6;21.7;338.8888889;147.2222222;480.5555556;2.5
15780600;15;12;0;0;17.7;13.2;25.3;21.4;40.8;517.4;36;35.5;34.1;31.5;21.7;338.8888889;147.2222222;480.5555556;2.5
15781500;14;14;1;1;15.5;15;25.2;21.6;40.8;517.4;34.8;34.6;33;32;21.7;338.8888889;147.2222222;480.5555556;2.5
15782400;15;15;0;0;17.4;15.8;24.6;21.7;41.7;440.4;33.2;33.3;32.1;31.1;21.6;330.5555556;80.55555556;333.3333333;3.6
15783300;14;14;0;0;17.5;15.8;24.4;21.7;42.1;434.9;32.8;32.9;31.9;31.3;21.6;330.5555556;80.55555556;333.3333333;3.6
15784200;15;13;0;0;17.5;15.3;25.8;21.3;39.9;434.9;32.3;32.5;31.7;31.2;21.6;330.5555556;80.55555556;333.3333333;3.6
15785100;15;13;0;0;17.8;15.3;30.6;21;31.9;434.9;31.9;32.3;31.5;31.2;21.6;330.5555556;80.55555556;333.3333333;3.6
15786000;16;14;0;0;18;15.3;32.1;20.6;27.3;289.6;31.6;32.3;31.5;31.2;21.2;327.7777778;52.77777778;163.8888889;2.9
15786900;16;14;0;0;18.2;15.3;32.3;20.6;26.6;289.6;31.1;32.3;31.3;31.1;21.2;327.7777778;52.77777778;163.8888889;2.9
15787800;16;14;0;0;18.5;15.3;28.1;20.9;32.4;289.6;30.4;32.1;31;31.1;21.2;327.7777778;52.77777778;163.8888889;2.9
15788700;16;14;0;0;18.5;15.8;24.2;21.2;40.3;289.6;29.6;31.8;30.5;31;21.2;327.7777778;52.77777778;163.8888889;2.9
15789600;15;15;0;0;17.9;16.2;23.2;20.3;43.8;168.8;29.1;31.3;30;31;20.3;327.7777778;16.66666667;30.55555556;2.1
15790500;16;15;0;0;17.9;16.6;22.6;20.2;46.3;150.2;28.7;30.9;29.6;30.3;20.3;327.7777778;16.66666667;30.55555556;2.1
15791400;16;14;0;0;18.4;16.2;22.1;20.5;48.3;150.2;28;30.3;29.2;30.1;20.3;327.7777778;16.66666667;30.55555556;2.1
15792300;16;12;0;0;18.4;14.4;21.4;20.7;53.2;150.2;27.4;29.5;28.7;29.8;20.3;327.7777778;16.66666667;30.55555556;2.1
15793200;16;11;0;0;18.7;13.6;20.7;19.9;55.7;58.2;26.9;28.9;28.2;29.7;19;327.7777778;0;0;2.3
15794100;16;11;0;0;18.9;13.4;20.2;19.8;58.2;44.1;26.4;28.3;27.8;29.6;19;327.7777778;0;0;2.3
15795000;16;11;0;0;18.9;13.4;19.7;20.1;60.1;44.1;25.9;27.7;27.4;29.3;19;327.7777778;0;0;2.3
15795900;16;11;0;0;18.9;12.9;19.2;20.4;62.1;44.1;25.6;27.2;27.1;29.2;19;327.7777778;0;0;2.3
15796800;16;11;0;0;19.4;12.9;18.9;19.4;64.2;8;25.2;26.7;26.7;28.9;18.1;325;0;0;2.8
15797700;17;12;0;0;19.4;13.2;18.6;19.3;66;2.5;24.8;26.1;26.3;28.7;18.1;325;0;0;2.8
15798600;17;13;0;0;19.7;14.3;18.4;19.3;67.2;2.5;24.6;25.5;25.9;28.4;18.1;325;0;0;2.8
15799500;17;15;0;0;19.9;16.1;18.3;19.3;67.5;2.5;24.1;24.9;25.5;28.1;18.1;325;0;0;2.8
15800400;17;15;0;0;19.9;16.5;18.1;18.3;68.9;0.3;23.8;24.6;25.2;27.9;16.6;319.4444444;0;0;2.4
15801300;17;15;0;0;20;16.5;17.8;18.2;69.3;0;23.5;24.3;25;27.7;16.6;319.4444444;0;0;2.4
15802200;17;15;0;0;20.4;16.5;17.6;18.1;69.8;0;23.2;23.8;24.8;27.5;16.6;319.4444444;0;0;2.4
15803100;17.5;15;0;0;20.4;16.5;17.45;17.1;70.65;0;22.9;23.35;24.6;27.3;16.6;319.4444444;0;0;2.4
15804000;18;15;0;0;20.4;16.5;17.3;16.1;71.5;0;22.6;22.9;24.4;27.1;15.4;322.2222222;0;0;3
15804900;18;16;0;0;20.9;16.8;17.1;15.8;72.6;0;22.3;22.4;24.2;27;15.4;322.2222222;0;0;3
15805800;18;16;0;0;20.9;17;16.9;15.8;73.1;0;22;21.6;24.2;26.8;15.4;322.2222222;0;0;3
15806700;18;16;0;0;20.9;17;16.8;15.8;73.5;0;21.7;20;24.8;26.6;15.4;322.2222222;0;0;3
15807600;18;18;0;0;21.1;18.8;16.7;15.5;74;0;21.2;17.9;26.3;26.3;15.1;322.2222222;0;0;2.1
15808500;18;18;0;0;21.4;19.2;16.6;15.5;74.7;0;18.7;15.7;23.4;26.1;15.1;322.2222222;0;0;2.1
15809400;18;18;0;0;21.4;19.5;16.4;15.5;75.3;0;15.8;15.1;21.5;26.2;15.1;322.2222222;0;0;2.1
15810300;17;19;0;1;18.1;20.5;16.3;15.5;75.5;0;15.2;14.9;18.9;25.5;15.1;322.2222222;0;0;2.1
15811200;17;15;0;0;17.5;16.9;16.2;15.2;76.2;0;15;14.7;20.8;25.3;14.1;316.6666667;0;0;1.9
15812100;16;12;0;0;15.1;13.8;16.1;15.2;76.2;0;14.9;14.5;20.1;25.1;14.1;316.6666667;0;0;1.9
15813000;15;11;0;0;14.9;13;16;15.2;76.5;0;15.1;14.3;17.7;25;14.1;316.6666667;0;0;1.9
15813900;15;11;0;0;14.5;12.8;15.9;15.2;77;0;15.1;14.1;17;24.8;14.1;316.6666667;0;0;1.9
15814800;14;11;0;0;14.4;12.5;15.9;14.6;77;0;15;14;16.8;24.6;13.5;313.8888889;0;0;2
15815700;14;12;0;0;14.4;13.4;15.7;14.4;78;0;14.9;13.8;16.6;24.3;13.5;313.8888889;0;0;2
15816600;14;14;0;0;14.4;15.1;15.5;14.4;78.3;0;14.7;13.7;16.5;24;13.5;313.8888889;0;0;2
15817500;14;14;0;0;14.4;15.1;15.5;14.5;79;0;14.5;13.6;16.5;24;13.5;313.8888889;0;0;2
15818400;14;14;0;0;14.3;15.1;15.3;14.3;79.7;0;14.3;13.5;16.5;23.9;12.8;311.1111111;0;0;2.2
15819300;14;14;0;0;13.9;15.1;15.2;14.3;80;0;14.1;13.4;16.6;23.7;12.8;311.1111111;0;0;2.2
15820200;14;14;0;0;13.9;15.1;15;14.1;80.5;0;13.8;13.2;16.6;23.5;12.8;311.1111111;0;0;2.2
15821100;13;14;0;0;13.8;15.1;15;13.8;80.8;0;13.7;13.1;16.5;23.2;12.8;311.1111111;0;0;2.2
15822000;13;14;0;0;13.4;15.1;14.9;13.7;81.4;0;13.7;13.1;16.5;22.8;12.5;308.3333333;22.22222222;27.77777778;2.2
15822900;13;14;0;0;13.4;15.1;14.8;13.7;81.5;0;13.6;13;16.4;22.3;12.5;308.3333333;22.22222222;27.77777778;2.2
15823800;13;14;0;0;13.3;15.1;14.8;13.5;82;0;13.5;13;16.3;21.3;12.5;308.3333333;22.22222222;27.77777778;2.2
15824700;13;16;0;0;12.9;16.8;14.8;13.3;82.1;0;13.5;13;16.2;16.3;12.5;308.3333333;22.22222222;27.77777778;2.2
15825600;13;17;0;0;12.9;18.2;14.8;13.4;82;5.4;13.5;13.5;16.4;12.8;13.8;311.1111111;69.44444444;158.3333333;1.8
15826500;13;16;0;0;12.9;18.1;15.1;13.4;82;7.4;13.7;18.4;19.4;12.9;13.8;311.1111111;69.44444444;158.3333333;1.8
15827400;13;16;0;0;12.9;17.9;15.5;13.1;81;7.4;14.5;20.5;21.1;13.9;13.8;311.1111111;69.44444444;158.3333333;1.8
15828300;13;16;0;0;12.9;17.2;16;12.7;78.7;7.4;15.4;20.2;20.8;15.1;13.8;311.1111111;69.44444444;158.3333333;1.8
15829200;12;15;0;0;12.9;16.6;16.3;13.5;76.4;80.4;16.4;19.2;20;16.1;15.6;313.8888889;91.66666667;313.8888889;1.8
15830100;12;15;0;0;12.9;16.1;16.7;13.5;75.4;80.4;17.7;18.6;19.1;17.1;15.6;313.8888889;91.66666667;313.8888889;1.8
15831000;12;15;0;0;13.1;16.1;17;13.2;73.8;80.4;19;18.6;19.2;18.1;15.6;313.8888889;91.66666667;313.8888889;1.8
15831900;14;15;0;0;14.8;16.1;17.3;13;73.8;80.4;19.4;19;19.8;18.7;15.6;313.8888889;91.66666667;313.8888889;1.8
15832800;13;15;0;0;14.5;16.2;17.8;14.3;72.5;200.2;19.1;18.7;19.9;18.5;17.7;325;147.2222222;472.2222222;2
15833700;13;15;0;0;14.5;16.3;18.4;14.4;71.2;208.8;20.3;19.3;21.2;18.4;17.7;325;147.2222222;472.2222222;2
15834600;14;14;0;0;14.5;15.6;18.9;14.7;69.2;208.8;22.2;20.4;22.8;18.5;17.7;325;147.2222222;472.2222222;2
15835500;14;13;0;0;14.5;15.4;19.6;15;66.9;208.8;24;22;24.9;18.7;17.7;325;147.2222222;472.2222222;2
15836400;14;12;0;0;14.9;14.2;20.3;16.3;63.8;370.3;25.7;23.6;27.1;19;19.9;330.5555556;194.4444444;594.4444444;1.8
15837300;14;11;0;0;15;13.5;21;16.5;62.3;395.2;27.3;25.2;29.1;19.4;19.9;330.5555556;194.4444444;594.4444444;1.8
15838200;14;11;0;0;15;13.1;21.6;16.7;60.8;395.2;28.7;26.8;30.9;19.8;19.9;330.5555556;194.4444444;594.4444444;1.8
15839100;14;11;1;1;15.4;13.2;22.1;17;59.5;395.2;30;28.5;32.3;20.6;19.9;330.5555556;194.4444444;594.4444444;1.8
15840000;13;13;0;0;14.1;14.5;22.5;18.3;58;512.7;30.1;29.3;31.2;24.7;21.6;333.3333333;133.3333333;744.4444444;1.7
15840900;14;12;0;0;14.9;13.4;22.9;18.8;55.8;555.4;30.4;28.5;31.7;22.8;21.6;333.3333333;133.3333333;744.4444444;1.7
15841800;14;11;0;0;15.2;13.4;23.3;19;54.4;555.4;32.6;30.7;33.8;23.5;21.6;333.3333333;133.3333333;744.4444444;1.7
15842700;14;13;0;0;15.6;14.1;23.7;19.3;50.6;555.4;34.2;32.6;35.5;24;21.6;333.3333333;133.3333333;744.4444444;1.7
15843600;14;14;0;0;15.7;14.9;24.1;20.4;47.4;644.9;35.7;34.2;36.8;24.5;23;338.8888889;113.8888889;833.3333333;1.6
15844500;13;13;0;2;14.1;14.2;24.4;20.9;46;689.6;35.8;35.8;36.4;29.2;23;338.8888889;113.8888889;833.3333333;1.6
15845400;14;12;0;0;15;13.3;24.7;21.2;44.5;686.4;35.7;34.2;35.6;27.5;23;338.8888889;113.8888889;833.3333333;1.6
15846300;14;11;0;0;15.3;12.9;24.9;21.7;43;681.5;38.1;36.5;36.8;28.5;23;338.8888889;113.8888889;833.3333333;1.6
15847200;14;12;0;1;15.1;13.2;25.1;22.7;43.7;758.4;40;39;38.5;30.3;23.3;341.6666667;108.3333333;905.5555556;2
15848100;13;12;0;0;14;13.2;25.5;23;42.3;786.4;37.3;37.2;37;31.3;23.3;341.6666667;108.3333333;905.5555556;2
15849000;13;11;0;0;15.1;12.9;25.7;22.9;41.7;786.4;39.1;37.9;37.6;31.2;23.3;341.6666667;108.3333333;905.5555556;2
15849900;14;11;0;0;15.3;12.9;26;22.9;41.2;786.4;41.1;40.1;38.3;31.6;23.3;341.6666667;108.3333333;905.5555556;2
15850800;14;12;1;2;15.5;13.2;26.2;23.5;39.6;831.1;42.7;42;39.5;32.5;24.4;347.2222222;122.2222222;922.2222222;2.2
15851700;13;13;0;0;14.5;14.3;26.5;23.7;39.2;842.3;40.3;40.8;39.1;34.3;24.4;347.2222222;122.2222222;922.2222222;2.2
15852600;14;12;0;0;15.1;13.9;26.8;23.7;38.4;842.3;41.9;41;39.1;33.8;24.4;347.2222222;122.2222222;922.2222222;2.2
15853500;14;11;1;1;15.5;13.3;26.8;23.8;37.3;842.3;44.3;43;40;34.8;24.4;347.2222222;122.2222222;922.2222222;2.2
15854400;13;12;0;0;13.7;13.4;26.9;24.3;37;847.1;42.1;42.3;40.3;36.5;25.3;352.7777778;169.4444444;897.2222222;3.9
15855300;13;11;0;0;14.9;12.9;26.8;24.5;36.6;848.9;43;41.8;39.6;35.6;25.3;352.7777778;169.4444444;897.2222222;3.9
15856200;13;11;0;0;15.1;12.6;26.9;24.3;36.7;848.9;43.5;42.5;39.4;35.8;25.3;352.7777778;169.4444444;897.2222222;3.9
15857100;13;10;0;0;15.4;12.1;27.1;24;35.8;848.9;43.1;42.5;39;35.9;25.3;352.7777778;169.4444444;897.2222222;3.9
15858000;13;10;0;0;15.6;12.1;27.2;24.6;35.5;783.6;42.9;42.5;39;36;25.1;361.1111111;258.3333333;680.5555556;3.2
15858900;14;10;0;0;16.2;12.1;27.8;24.6;34.4;783.6;44.2;43.4;39.7;36.1;25.1;361.1111111;258.3333333;680.5555556;3.2
15859800;14;13;0;1;15.9;13.8;28.3;24.8;34;783.6;44.7;44.2;40.4;37.5;25.1;361.1111111;258.3333333;680.5555556;3.2
15860700;14;13;0;0;15.5;14.1;28.4;24.9;32.9;783.6;41.3;41.5;38.7;36.4;25.1;361.1111111;258.3333333;680.5555556;3.2
15861600;14;12;0;0;15.9;13.9;29;25.2;33.3;693.5;43.1;42.3;39.6;37.2;25.4;375;238.8888889;472.2222222;2.7
15862500;13;11;0;0;15.9;13.1;29.1;25.2;32.2;687.1;43.5;42.8;39.7;37.5;25.4;375;238.8888889;472.2222222;2.7
15863400;13;11;0;0;16.2;13.1;29.1;25.4;32.4;687.1;43.3;42.8;40;37.6;25.4;375;238.8888889;472.2222222;2.7
15864300;13;12;1;0;15.5;13.8;29.1;25.6;32.3;687.1;41.8;42.2;39.4;38.1;25.4;375;238.8888889;472.2222222;2.7
15865200;14;12;0;0;15.9;13.3;28.7;25.3;33.4;527;39.4;39.9;37.7;36.7;24.6;405.5555556;113.8888889;113.8888889;1.2
15866100;12;12;0;0;15.9;13.3;28.2;25.2;34.3;502.4;39;39.6;37.3;36.9;24.6;405.5555556;113.8888889;113.8888889;1.2
15867000;12;12;0;0;15.9;13.3;27.9;25;35;502.4;37.9;38.8;36.6;36.7;24.6;405.5555556;113.8888889;113.8888889;1.2
15867900;12;13;0;0;15.9;13.9;27.6;24.8;35.1;502.4;36.9;38;35.9;36.5;24.6;405.5555556;113.8888889;113.8888889;1.2
15868800;12;15;0;0;15.9;15.8;27.2;24.3;39.1;363.4;36;37.1;35.2;36.3;23.9;400;52.77777778;52.77777778;2
15869700;12;14;0;0;16.1;15.8;26.7;24.2;37.8;328.7;35;36.3;34.5;35.9;23.9;400;52.77777778;52.77777778;2
15870600;12;14;0;0;16.4;15.8;26.3;24.5;40.2;328.7;34;35.4;33.9;35.7;23.9;400;52.77777778;52.77777778;2
15871500;13;14;0;0;16.6;15.8;26.1;24.9;41.5;328.7;33.3;34.8;33.5;35.4;23.9;400;52.77777778;52.77777778;2
15872400;13;14;0;0;16.9;15.8;26.4;24.3;41.5;244.3;32.9;34.3;33.2;35.2;23.2;397.2222222;27.77777778;27.77777778;2
15873300;13;14;0;0;16.3;15.9;26.2;24.1;42.1;213.6;32.4;33.6;32.5;34.9;23.2;397.2222222;27.77777778;27.77777778;2
15874200;15;13;0;0;17.3;14.3;25.7;24;44;213.6;31.9;33.1;32.1;33.9;23.2;397.2222222;27.77777778;27.77777778;2
15875100;15;12;0;0;17.6;14.1;25.5;23.9;45.4;213.6;31.3;32.5;31.7;33.7;23.2;397.2222222;27.77777778;27.77777778;2
15876000;15;11;0;0;17.6;13.5;25.3;23.3;47.2;114.4;30.8;32;31.4;33.5;20.5;397.2222222;2.777777778;2.777777778;1.4
15876900;15;14;0;0;17.6;15.2;25;23.3;48.8;114.4;30.4;31.6;31.1;33.3;20.5;397.2222222;2.777777778;2.777777778;1.4
15877800;15;14;0;0;17.8;15.4;24.2;23.3;52.8;114.4;29.7;30.9;30.5;33.1;20.5;397.2222222;2.777777778;2.777777778;1.4
15878700;15;12;0;0;18.1;14.1;23.1;23.3;60.8;114.4;28.8;30;29.8;32.8;20.5;397.2222222;2.777777778;2.777777778;1.4
15879600;16;11;0;0;18.1;13.4;22.4;22.3;66.2;38.2;27.8;29;29;32.3;18.3;386.1111111;0;0;1.8
15880500;16;11;0;0;18.1;13.3;22;22.2;68.8;32.8;26.9;28;28.2;31.9;18.3;386.1111111;0;0;1.8
15881400;16;12;0;0;18.1;13.4;22;22.1;70.2;32.8;26;27;27.5;31.5;18.3;386.1111111;0;0;1.8
15882300;16;12;0;0;18.6;13.8;21.9;22.1;70.7;32.8;25.3;26.2;26.9;31.1;18.3;386.1111111;0;0;1.8
15883200;16;13;0;0;18.6;14.1;21.7;21.1;71.2;5.1;24.7;25.5;26.3;30.7;17.8;383.3333333;0;0;1.8
15884100;16;13;0;0;19;14.3;21.4;21;71.9;0.8;24.3;25;26;30.4;17.8;383.3333333;0;0;1.8
15885000;16;14;0;0;19.1;15.5;21.3;20.3;72.4;0.8;24;24.5;25.9;30.1;17.8;383.3333333;0;0;1.8
15885900;17;16;0;0;19.1;16.9;21.3;19.4;72.7;0.8;23.7;24;25.6;29.8;17.8;383.3333333;0;0;1.8
15886800;17;16;0;0;19.6;17.3;21.1;19.1;72.7;0.2;23.4;23.9;25.4;29.6;17.6;383.3333333;0;0;2.8
15887700;17;16;0;0;19.6;17.3;20.8;19;73.3;0;23.3;23.7;25.2;29.3;17.6;383.3333333;0;0;2.8
15888600;17;16;0;0;20;17.3;20.8;18.4;73.4;0;23.2;23.4;25.3;29.1;17.6;383.3333333;0;0;2.8
15889500;17.5;16;0;0;20.1;17.3;20.75;17.3;72.85;0;22.95;22.9;25.6;28.9;17.6;383.3333333;0;0;2.8
15890400;18;16;0;0;20.2;17.3;20.7;16.2;72.3;0;22.7;22.4;25.9;28.7;17.9;383.3333333;0;0;2.6
15891300;18;16;0;0;20.6;17.3;20.6;15.8;71.8;0;22.4;21.5;26.5;28.4;17.9;383.3333333;0;0;2.6
15892200;18;16;0;0;20.6;17.7;20.5;15.8;70.9;0;21.9;20.3;27.7;28.2;17.9;383.3333333;0;0;2.6
15893100;18;17;0;0;20.7;18.1;20.5;15.8;71.8;0;20;19.5;25.7;28;17.9;383.3333333;0;0;2.6
15894000;19;19;0;0;21.1;20;20.5;15.5;71.9;0;19.3;19.1;23.6;27.7;17.4;377.7777778;0;0;2
15894900;17;19;0;0;19;20.3;20.5;15.5;71.4;0;19.1;18.9;23.2;27.2;17.4;377.7777778;0;0;2
15895800;17;18;0;0;18;21.1;20.4;15.5;70.8;0;18.9;18.8;21.1;27.6;17.4;377.7777778;0;0;2
15896700;16;16;0;0;18;20.3;20.4;15.5;70.9;0;18.8;18.8;20.6;27.5;17.4;377.7777778;0;0;2
15897600;15;13;0;0;17.2;16.6;20.4;15.2;70.5;0;18.8;18.7;21.2;27.2;17.2;355.5555556;0;0;1.9
15898500;16;11;0;0;17.2;13.9;20.3;15.2;71.3;0;18.7;18.7;22.2;26.9;17.2;355.5555556;0;0;1.9
15899400;16;12;0;0;17.7;14;20;15.2;72.4;0;18.7;18.6;21.2;26.7;17.2;355.5555556;0;0;1.9
15900300;16;11;0;0;17.7;14;19.8;15.2;73.6;0;18.8;18.7;20.4;26.7;17.2;355.5555556;0;0;1.9
15901200;16;12;0;0;17.7;14.1;19.8;16.4;73.6;0;18.7;18.6;20.1;26.6;16.6;338.8888889;0;0;1.8
15902100;15;14;18;68;16.1;15.8;19.4;17;75;0;18.5;18.2;19.2;23.1;16.6;338.8888889;0;0;1.8
15903000;13;15;11;15;14.7;15.5;19.2;17;76.1;0;17;16.7;17.1;17.2;16.6;338.8888889;0;0;1.8
15903900;14;14;12;27;14.3;15.7;19.1;16.9;76.4;0;17;16.8;17.2;17.1;16.6;338.8888889;0;0;1.8
15904800;13;14;11;16;13.8;15;19;16.6;77;0;16.5;16.2;16.6;16.2;16.4;338.8888889;0;0;2.9
15905700;13;14;13;22;13.9;14.9;18.9;16.5;77.5;0;16.7;16.4;16.7;16.4;16.4;338.8888889;0;0;2.9
15906600;13;14;11;14;13.5;14.5;18.7;16.7;77.8;0;16.4;16.1;16.4;15.9;16.4;338.8888889;0;0;2.9
15907500;13;14;13;18;13.8;14.4;18.5;16.9;77.8;0;16.5;16.1;16.5;16;16.4;338.8888889;0;0;2.9
15908400;13;13;11;13;13.5;14.4;18.5;16.7;78.2;0;16.1;15.8;16.1;15.6;15.9;363.8888889;30.55555556;33.33333333;2.3
15909300;13;13;0;0;13.8;14.4;18.7;16.6;78.8;0;16.2;15.9;16.3;15.8;15.9;363.8888889;30.55555556;33.33333333;2.3
15910200;13;14;23;36;13.4;14.4;18.9;16.5;78.3;0;16.3;16.1;16.5;15.9;15.9;363.8888889;30.55555556;33.33333333;2.3
15911100;13;15;0;0;13.6;15.9;19.1;16.4;77.7;0;16.4;16.1;16.5;15.9;15.9;363.8888889;30.55555556;33.33333333;2.3
15912000;13;14;23;40;13.5;15.1;19.4;16.2;76.7;2.9;16.5;16.3;16.7;16;17;369.4444444;72.22222222;72.22222222;1.9
15912900;13;14;0;0;13.8;14.4;19.9;16.2;75.3;2.9;16.8;16.5;17;16;17;369.4444444;72.22222222;72.22222222;1.9
15913800;13;14;23;56;13.8;15.1;20.4;16.2;74;2.9;17.2;16.9;17.3;16.5;17;369.4444444;72.22222222;72.22222222;1.9
15914700;13;14;0;0;14;14.9;20.6;16.2;72.9;2.9;17.3;17.1;17.4;16.5;17;369.4444444;72.22222222;72.22222222;1.9
15915600;13;14;27;61;13.8;15.5;20.7;16.5;72.2;36.4;17.5;17.3;17.6;16.8;17.9;347.2222222;147.2222222;213.8888889;2.5
15916500;13;14;0;0;14.1;15.4;20.8;16.5;71.6;41.6;17.4;17.2;17.6;16.5;17.9;347.2222222;147.2222222;213.8888889;2.5
15917400;13;15;32;73;13.9;15.7;20.9;16.3;71.7;41.6;17.8;17.6;17.9;17.1;17.9;347.2222222;147.2222222;213.8888889;2.5
15918300;13;15;43;87;14;15.7;21.6;16.2;70.3;41.6;18.1;18;18.3;17.4;17.9;347.2222222;147.2222222;213.8888889;2.5
15919200;13;16;34;85;14.5;16.7;21.8;16.7;68.1;113.2;18.7;18.6;18.9;17.9;19.4;344.4444444;169.4444444;452.7777778;3.4
15920100;13;15;43;102;14.1;16.5;21.8;16.8;68.4;124.2;18.3;18.2;18.4;17.5;19.4;344.4444444;169.4444444;452.7777778;3.4
15921000;14;16;43;117;14.4;16.8;21.7;17.2;68.4;124.2;19.2;19.1;19.3;18.3;19.4;344.4444444;169.4444444;452.7777778;3.4
15921900;14;17;43;144;14.9;17.7;22;17.6;67.7;124.2;20.2;20.1;20.3;19;19.4;344.4444444;169.4444444;452.7777778;3.4
15922800;14;17;43;147;15.2;18.2;22.7;18.3;66;208.8;20.4;20.3;20.5;19.2;20.5;358.3333333;233.3333333;619.4444444;4.6
15923700;14;17;43;154;15.2;18.5;23;18.4;64.1;221.8;20.7;20.7;20.8;19.5;20.5;358.3333333;233.3333333;619.4444444;4.6
15924600;15;18;43;161;15.6;18.9;23.9;18.6;61.7;221.8;20.9;20.9;21;19.7;20.5;358.3333333;233.3333333;619.4444444;4.6
15925500;15;18;30;127;16;19;24.2;18.8;59.6;221.8;21.2;21.1;21.4;20.2;20.5;358.3333333;233.3333333;619.4444444;4.6
15926400;18;20;29;106;18.3;21;24;19.5;60.1;323;23.8;24.1;23.9;22.5;21.5;372.2222222;313.8888889;711.1111111;4.6
15927300;21;24;31;74;22.5;24.4;24.6;19.6;59;338.6;27.4;27.5;27.5;25.5;21.5;372.2222222;313.8888889;711.1111111;4.6
15928200;17;26;37;383;18.4;26.5;24.9;20;57.9;338.6;28.6;28.8;28.6;27.1;21.5;372.2222222;313.8888889;711.1111111;4.6
15929100;17;24;34;254;18.7;25;25.4;20.3;56.2;338.6;27;27.1;26.8;24.9;21.5;372.2222222;313.8888889;711.1111111;4.6
15930000;20;22;33;69;21.7;23.6;25.6;20.9;54.4;431;25.6;25.6;25.4;23.7;21.1;394.4444444;369.4444444;402.7777778;7.2
15930900;20;22;33;66;21.5;23.4;25.8;21.1;55.2;454.1;25.2;25.2;25.3;24.1;21.1;394.4444444;369.4444444;402.7777778;7.2
15931800;20;22;33;65;21.5;23.4;25.5;21.3;53.5;469;25.1;25.1;25.3;24.3;21.1;394.4444444;369.4444444;402.7777778;7.2
15932700;21;23;33;67;21.7;23.4;25.9;21.5;51.5;486;25.7;25.7;25.9;24.9;21.1;394.4444444;369.4444444;402.7777778;7.2
15933600;20;24;35;135;21.6;24.8;27.1;22;49;542.7;27.5;27.5;27.5;26.5;22.2;397.2222222;341.6666667;350;5.3
15934500;20;26;29;214;20.7;26.5;27.8;22.1;45.9;556.9;29;29;28.9;27.9;22.2;397.2222222;341.6666667;350;5.3
15935400;16;23;43;324;17.5;24.2;27.6;22.2;46.5;561.3;25.4;25.4;25.2;24.4;22.2;397.2222222;341.6666667;350;5.3
15936300;16;20;38;203;17.1;21.5;27;22.4;48.3;566.4;23.2;23.2;23.1;22.1;22.2;397.2222222;341.6666667;350;5.3
15937200;16;19;37;127;17.7;20.6;26.7;22.7;50.1;583.7;22.5;22.5;22.4;21.5;22.7;386.1111111;344.4444444;352.7777778;1.7
15938100;16;19;40;127;17.3;20.1;26.6;22.8;50.2;590;22.5;22.4;22.5;21.5;22.7;386.1111111;344.4444444;352.7777778;1.7
15939000;15;19;43;224;16.1;20.6;27.3;22.3;48;590;22.5;22.6;22.5;21.6;22.7;386.1111111;344.4444444;352.7777778;1.7
15939900;15;19;43;187;16.4;20.4;27.9;21.6;47.7;590;22.2;22.3;22.2;21.1;22.7;386.1111111;344.4444444;352.7777778;1.7
15940800;17;20;27;92;18.1;20.2;27;21.9;48;592.7;22.7;22.8;22.7;21.5;22.2;388.8888889;416.6666667;438.8888889;2.2
15941700;19;20;33;62;19.6;21.1;26.5;22;50.1;593.4;23.6;23.6;23.7;22.5;22.2;388.8888889;416.6666667;438.8888889;2.2
15942600;20;22;33;68;21.2;22.8;27.3;22.2;50.2;593.4;25.5;25.5;25.6;24.5;22.2;388.8888889;416.6666667;438.8888889;2.2
15943500;22;25;27;72;23.1;25.4;27.6;22.6;49.5;593.4;28.2;28.3;28.4;27.1;22.2;388.8888889;416.6666667;438.8888889;2.2
15944400;18;25;33;319;19;26.3;27.4;22.5;50.5;457.4;28.1;27.9;27.9;27;21.1;386.1111111;300;347.2222222;2.8
15945300;16;21;20;109;17.6;22.6;27.4;22.5;51.8;407.9;24.4;24.7;24.5;23.1;21.1;386.1111111;300;347.2222222;2.8
15946200;16;22;0;0;17.3;22.6;27.8;22.5;52.7;407.9;24.8;26.4;26;23.2;21.1;386.1111111;300;347.2222222;2.8
15947100;17;22;0;0;17.7;23.1;26;22.6;58.5;407.9;25.6;27.6;27.3;23.3;21.1;386.1111111;300;347.2222222;2.8
15948000;17;22;0;0;17.8;23.4;25.4;22;57.6;358.8;26.3;27.9;27.7;23.5;21;372.2222222;294.4444444;311.1111111;2.7
15948900;17;22;0;0;18.1;23.4;26;21.8;49.8;341;28.2;28.8;28.8;23.7;21;372.2222222;294.4444444;311.1111111;2.7
15949800;17;22;0;0;18.3;23.4;25.5;21.6;47.8;341;29.3;29.5;29.3;23.9;21;372.2222222;294.4444444;311.1111111;2.7
15950700;17;22;0;0;18.3;23.4;25.3;21.4;51.1;341;29.7;29.8;29.5;24.1;21;372.2222222;294.4444444;311.1111111;2.7
15951600;17;22;0;0;18.4;23.4;25.2;20.7;55.3;241;29.8;30;29.6;24.3;21.1;391.6666667;141.6666667;144.4444444;2.4
15952500;17;22;0;0;18.8;23.4;25.9;20.6;54.8;233.9;30;30;29.6;24.3;21.1;391.6666667;141.6666667;144.4444444;2.4
15953400;18;19;0;0;19.3;20.8;25.2;20.4;55.1;233.9;25;25.9;25.7;23.5;21.1;391.6666667;141.6666667;144.4444444;2.4
15954300;18;15;0;0;19.3;16.7;24.3;20.3;56.7;233.9;25.1;25.3;25.3;23.6;21.1;391.6666667;141.6666667;144.4444444;2.4
15955200;18;16;0;0;19.3;17.6;23.4;19.8;58.5;176.4;24.5;24.7;24.6;23.7;18.1;372.2222222;97.22222222;97.22222222;2.2
15956100;19;14;0;0;19.7;16.2;22.7;19.7;58.1;167.6;24.3;24.5;24.6;23.8;18.1;372.2222222;97.22222222;97.22222222;2.2
15957000;19;13;0;0;19.8;14.7;22.3;20;60.1;167.6;24.4;24.5;24.6;23.8;18.1;372.2222222;97.22222222;97.22222222;2.2
15957900;19;12;0;0;19.8;14.4;22.1;20.4;60.2;167.6;24.4;24.5;24.6;23.9;18.1;372.2222222;97.22222222;97.22222222;2.2
15958800;19;12;0;0;19.8;14;21.7;19.7;59.6;134.6;24.3;24.3;24.5;23.9;17.7;377.7777778;36.11111111;36.11111111;2.6
15959700;19;12;0;0;20;14;21.3;19.5;60;126.4;24.2;24.2;24.4;23.9;17.7;377.7777778;36.11111111;36.11111111;2.6
15960600;19;12;0;0;20.3;14;21.2;19.8;60.3;126.4;24;24.1;24.3;23.9;17.7;377.7777778;36.11111111;36.11111111;2.6
15961500;19;13;0;0;20.3;14.2;21;20.3;61.9;126.4;23.8;23.9;24.2;23.9;17.7;377.7777778;36.11111111;36.11111111;2.6
15962400;19;13;0;0;20.3;14.5;21;19.7;63.2;90.8;23.5;23.6;24;23.9;16.8;372.2222222;19.44444444;19.44444444;2.8
15963300;19;15;0;0;20.5;16.4;20.8;19.5;65.8;77.8;23.2;23.2;23.6;23.8;16.8;372.2222222;19.44444444;19.44444444;2.8
15964200;19;16;0;0;20.8;17.2;20.5;18.8;67.7;77.8;22.5;22.6;23;23.8;16.8;372.2222222;19.44444444;19.44444444;2.8
15965100;20;16;0;0;20.8;17.5;20;17.5;70.3;77.8;22.2;22.3;22.8;23.8;16.8;372.2222222;19.44444444;19.44444444;2.8
15966000;20;16;0;0;20.8;17.5;19.7;17.5;70.9;33.3;21.9;21.7;22.6;23.7;16.2;344.4444444;0;0;2.9
15966900;20;16;0;0;20.9;17.5;19.5;17.5;72.8;26.5;21.8;21.2;22.7;23.6;16.2;344.4444444;0;0;2.9
15967800;20;16;0;0;21.3;17.5;19.1;17.6;74;26.5;21.8;20.2;23;23.5;16.2;344.4444444;0;0;2.9
15968700;20;17;0;0;21.3;17.7;18.9;17.7;74.6;26.5;21.7;19.1;24.4;23.4;16.2;344.4444444;0;0;2.9
15969600;20;17;0;0;21.3;18.3;18.8;16.9;74.8;2.8;19.9;18.1;24.7;23.1;16.1;361.1111111;0;0;3
15970500;20;18;0;0;21.3;19.8;18.8;16.8;74.9;1.1;17.9;17.5;24.4;22.9;16.1;361.1111111;0;0;3
15971400;20;19;0;0;20.6;20.6;18.9;16.2;74.5;1.1;17.5;17.4;20.9;24.1;16.1;361.1111111;0;0;3
15972300;19;20;0;0;18.4;21.5;18.9;15.8;74;1.1;17.5;17.4;21.7;24.3;16.1;361.1111111;0;0;3
15973200;19;19;0;0;18.8;20;18.9;15.6;74.1;0.1;17.6;17.5;23.4;23.9;16.2;366.6666667;0;0;1.9
15974100;18;15;0;0;16.9;17.3;18.9;15.6;72.9;0;17.7;17.5;21.7;23.6;16.2;366.6666667;0;0;1.9
15975000;16;13;0;0;16.6;14.8;18.8;15.8;73.2;0;17.7;17.5;19.9;24;16.2;366.6666667;0;0;1.9
15975900;16;12.5;0;0;16.6;14.3;18.95;15.8;72.25;0;17.75;17.5;19.7;24.15;16.2;366.6666667;0;0;1.9
15976800;16;12;0;0;16.6;13.8;19.1;15.8;71.3;0;17.8;17.5;19.5;24.3;16.4;336.1111111;0;0;2
15977700;16;12;0;0;18.3;13.4;19.2;15.8;70.7;0;17.9;17.6;19.4;23;16.4;336.1111111;0;0;2
15978600;17;12;0;0;19.1;13.4;18.8;15.8;71.9;0;17.9;17.7;19.4;21.7;16.4;336.1111111;0;0;2
15979500;17;12;0;0;19.1;13.4;18.4;15.8;73;0;17.8;17.6;19.3;22;16.4;336.1111111;0;0;2
15980400;17;15;0;0;18.6;16;18.3;15.5;73.9;0;17.6;17.5;19.1;20.1;16.5;355.5555556;0;0;2.3
15981300;17;15;0;0;18.2;16.4;18.5;15.5;73.7;0;17.5;17.5;19.1;19.4;16.5;355.5555556;0;0;2.3
15982200;17;15;0;0;17.9;16.4;18.6;15.5;73.8;0;17.5;17.4;18.9;19.2;16.5;355.5555556;0;0;2.3
15983100;17;15;0;0;17.6;16.4;18.8;15.5;73.7;0;17.6;17.4;19.1;19.3;16.5;355.5555556;0;0;2.3
15984000;17;15;0;0;17.6;16.4;18.7;15.2;73.5;0;17.7;17.3;19;19.3;16.1;369.4444444;0;0;2
15984900;17;15;0;0;17.6;16.4;18.9;15.2;74;0;17.7;17.3;18.9;19.3;16.1;369.4444444;0;0;2
15985800;17;15;0;0;17.6;16.4;19.1;15.2;73.4;0;17.8;17.4;19;19.3;16.1;369.4444444;0;0;2
15986700;17;15;0;0;18;16.4;19.1;15.2;72.9;0;17.9;17.4;19.1;19.2;16.1;369.4444444;0;0;2
15987600;17;16;0;0;18.1;16.4;19.3;15.8;73;0;18;17.5;19;19.1;16.2;369.4444444;0;0;2.1
15988500;17;17;0;0;18.1;17.1;19.3;15.9;72.1;0;18.1;17.6;19;19.2;16.2;369.4444444;0;0;2.1
15989400;17;18;0;0;18.1;18.4;19.3;16;72;0;18.1;17.7;19;19.2;16.2;369.4444444;0;0;2.1
15990300;17;17;0;0;18.1;18.4;19.4;16.1;71.5;0;18.2;17.8;19;19.2;16.2;369.4444444;0;0;2.1
15991200;17;17;0;0;18.1;17.9;19.3;15.9;71.1;0;18.3;17.8;19;19.2;16.6;377.7777778;0;0;2.1
15992100;18;17;0;0;18.1;17.9;19.3;15.8;71.2;0;18.3;17.9;19;19.3;16.6;377.7777778;0;0;2.1
15993000;18;17;0;0;18.1;17.9;19.3;15.8;70.6;0;18.3;17.9;19.1;19.4;16.6;377.7777778;0;0;2.1
15993900;18;17;0;0;18.3;17.9;19.4;15.8;70.2;0;18.4;18;19.2;19.4;16.6;377.7777778;0;0;2.1
15994800;18;17;0;0;18.6;17.9;19.4;15.6;69.9;0;18.4;18.1;19.2;19.5;16.5;352.7777778;19.44444444;22.22222222;2.4
15995700;18;17;0;0;18.6;17.9;19.4;15.5;69.7;0;18.5;18.1;19.2;19.6;16.5;352.7777778;19.44444444;22.22222222;2.4
15996600;18;17;0;0;18.6;17.9;19.4;15.7;69.9;0;18.5;18.2;19.2;19.6;16.5;352.7777778;19.44444444;22.22222222;2.4
15997500;19;18;0;0;19.2;18.8;19.2;16;70.1;0;18.4;18.1;19.3;19.6;16.5;352.7777778;19.44444444;22.22222222;2.4
15998400;20;16;0;0;20.5;17.8;19.1;15.9;71.1;3.3;18.4;18.1;19.4;19.6;16.5;352.7777778;80.55555556;83.33333333;2.6
15999300;20;13;0;0;20.2;16.4;19.1;15.9;71.8;4.5;18.6;18.1;19.4;19.7;16.5;352.7777778;80.55555556;83.33333333;2.6
16000200;19;13;0;0;19.7;15;19.3;16.2;71.1;4.5;18.7;18.2;19.4;19.7;16.5;352.7777778;80.55555556;83.33333333;2.6
16001100;19;12;0;0;19.7;14.5;19.9;16.6;69.4;4.5;18.9;18.5;19.4;19.7;16.5;352.7777778;80.55555556;83.33333333;2.6
16002000;19;12;0;0;19.6;14.1;20.4;16.8;67.1;43.7;19.4;18.9;19.6;19.8;17.5;369.4444444;91.66666667;94.44444444;3.8
16002900;19;12;0;0;19.2;13.9;20.6;16.8;66.9;43.7;19.8;19.4;19.7;19.8;17.5;369.4444444;91.66666667;94.44444444;3.8
16003800;19;12;0;0;19.2;13.9;21;16.8;65.6;43.7;20.3;19.9;19.9;19.8;17.5;369.4444444;91.66666667;94.44444444;3.8
16004700;19;13;0;0;19.2;14.2;21;16.8;65.9;43.7;20.7;20.4;20.3;19.9;17.5;369.4444444;91.66666667;94.44444444;3.8
16005600;18;15;0;0;19.2;15.5;20.8;17.3;66.3;111.9;20.9;20.5;20.5;20;17;380.5555556;133.3333333;133.3333333;3.4
16006500;18;16;0;0;19.2;16.9;20.8;17.3;67.5;116.8;20.9;20.5;20.5;20;17;380.5555556;133.3333333;133.3333333;3.4
16007400;19;17;0;0;19.2;17.2;20.7;17.2;69;116.8;20.9;20.6;20.5;20.1;17;380.5555556;133.3333333;133.3333333;3.4
16008300;19;17;0;0;19.2;17.8;20.8;17.1;69.3;116.8;20.8;20.5;20.4;20.2;17;380.5555556;133.3333333;133.3333333;3.4
16009200;19;16;0;0;19.3;17.9;21.3;17.4;69.1;154.7;20.8;20.4;20.5;20.3;17.4;383.3333333;222.2222222;222.2222222;3.2
16010100;19;17;0;0;19.7;17.9;21.1;17.5;68.9;160.5;21;20.3;20.6;20.4;17.4;383.3333333;222.2222222;222.2222222;3.2
16011000;19;17;0;0;19.7;17.9;21.3;17.7;68.4;160.5;21.2;20.4;20.7;20.5;17.4;383.3333333;222.2222222;222.2222222;3.2
16011900;19;17;0;0;19.7;17.9;21.9;18;67;160.5;21.5;20.7;21;20.5;17.4;383.3333333;222.2222222;222.2222222;3.2
16012800;19;17;0;0;20.1;17.9;22;18.2;67.3;229.8;21.6;21;21.2;20.6;17.6;388.8888889;241.6666667;241.6666667;2.6
16013700;17;17;19;80;18.3;18.4;22.2;18.3;66.6;247.1;21.4;21;21.1;20.5;17.6;388.8888889;241.6666667;241.6666667;2.6
16014600;15;16;40;77;15.8;17.4;22;18;65.4;247.1;19;18.9;19.1;18.4;17.6;388.8888889;241.6666667;241.6666667;2.6
16015500;13;16;36;111;14.2;16.7;21.6;17.5;66.8;247.1;18.4;18.4;18.6;17.8;17.6;388.8888889;241.6666667;241.6666667;2.6
16016400;13;15;32;64;14.5;16;22.2;18;67.4;314.2;17.8;17.8;18;17.1;17.4;391.6666667;155.5555556;155.5555556;2.9
16017300;14;15;0;0;14.7;15.9;22.6;18;66.7;314.2;18.4;18.6;18.7;17.2;17.4;391.6666667;155.5555556;155.5555556;2.9
16018200;14;16;16;33;15.3;16.7;22.5;18.1;66.6;365.9;19.5;19.7;19.8;18.4;17.4;391.6666667;155.5555556;155.5555556;2.9
16019100;14;16;33;48;15.8;17;21.4;18.2;68;400.4;18.7;18.7;18.9;17.9;17.4;391.6666667;155.5555556;155.5555556;2.9
16020000;14;16;33;49;15.4;16.6;21.3;19;69.5;414.2;18.3;18.4;18.6;17.6;17.2;388.8888889;213.8888889;216.6666667;2.4
16020900;14;15;33;49;15.2;16.4;21.1;19.1;70.7;415.2;18.1;18.1;18.3;17.4;17.2;388.8888889;213.8888889;216.6666667;2.4
16021800;13;15;37;80;14.6;16.4;21.5;18.9;69.8;498.1;18.3;18.3;18.5;17.6;17.2;388.8888889;213.8888889;216.6666667;2.4
16022700;13;15;39;111;13.7;16.4;22.2;18.8;66.8;570.6;18.3;18.2;18.4;17.6;17.2;388.8888889;213.8888889;216.6666667;2.4
16023600;13;16;39;116;13.9;16.4;23;19.7;64.2;590.8;18.7;18.7;18.8;17.9;17.6;391.6666667;216.6666667;216.6666667;1.5
16024500;13;16;39;113;14.2;16.8;23.3;19.9;63.3;595.8;18.9;18.9;19;18;17.6;391.6666667;216.6666667;216.6666667;1.5
16025400;13;16;39;110;14.2;16.8;22.8;19.2;63.2;595.8;18.6;18.5;18.7;17.7;17.6;391.6666667;216.6666667;216.6666667;1.5
16026300;13;15;39;85;14.6;16.4;22.6;18.6;65.9;595.8;18.3;18.3;18.5;17.5;17.6;391.6666667;216.6666667;216.6666667;1.5
16027200;14;17;43;105;15.1;17.2;24;19.5;62.8;573.4;19.7;19.6;19.8;18.9;19.5;391.6666667;375;377.7777778;2
16028100;15;17;36;90;15.9;17.9;23.8;19.6;62.3;569.9;20.2;20.2;20.4;19.3;19.5;391.6666667;375;377.7777778;2
16029000;16;18;33;58;17;18.5;23.4;18.9;62.7;569.9;20.8;20.8;20.9;19.9;19.5;391.6666667;375;377.7777778;2
16029900;17;19;33;61;18.4;19.9;24.6;18.1;61.7;569.9;22.5;22.4;22.6;21.5;19.5;391.6666667;375;377.7777778;2
16030800;18;21;27;96;19.2;21.7;25.5;18.7;58.1;484.6;24.4;24.4;24.5;23.3;20.1;394.4444444;300;319.4444444;2.8
16031700;16;21;44;228;17;21.6;25.6;18.9;55.6;463.3;23.2;23.1;23.1;22.2;20.1;394.4444444;300;319.4444444;2.8
16032600;16;19;33;101;17.3;19.9;24.5;18.5;59.3;463.3;21.5;21.5;21.6;20.5;20.1;394.4444444;300;319.4444444;2.8
16033500;16;18;33;51;17.6;18.9;23.1;18;64.9;463.3;20.7;20.8;20.9;19.8;20.1;394.4444444;300;319.4444444;2.8
16034400;17;18;33;57;17.7;19.1;23.6;18.4;61.8;442.8;21.3;21.4;21.6;20.6;20.7;391.6666667;327.7777778;341.6666667;2.7
16035300;17;19;33;58;18.4;19.9;24;18.6;61.1;435.4;22.1;22.3;22.4;21.4;20.7;391.6666667;327.7777778;341.6666667;2.7
16036200;19;20;33;62;19.4;21;25;19.3;56.7;435.4;23.3;23.4;23.5;22.5;20.7;391.6666667;327.7777778;341.6666667;2.7
16037100;19;21;33;61;20;21.4;25;19.7;55.7;435.4;23.6;23.6;23.8;22.7;20.7;391.6666667;327.7777778;341.6666667;2.7
16038000;17;20;39;184;17.6;21.1;24.5;20.1;56.8;380;22.9;22.7;23;22.1;21.4;377.7777778;219.4444444;350;3.1
16038900;16;19;43;153;17;19.9;25.2;20.1;55.7;380;21.8;21.8;22;20.8;21.4;377.7777778;219.4444444;350;3.1
16039800;15;18;43;143;16.8;19.6;25.3;20.2;54.8;380;21.4;21.4;21.6;20.4;21.4;377.7777778;219.4444444;350;3.1
16040700;15;18;43;143;16.5;19.4;25.4;20.2;54.3;380;21.5;21.4;21.6;20.5;21.4;377.7777778;219.4444444;350;3.1
16041600;16;20;43;185;16.7;20.5;26;20.4;52.6;254.8;22.8;22.7;22.8;21.5;22.2;350;119.4444444;275;3.3
16042500;16;20;43;175;17;20.4;26.1;20.4;51;254.8;22.7;22.7;22.8;21.5;22.2;350;119.4444444;275;3.3
16043400;16;19;43;170;17;20.4;27.5;20.5;47.5;254.8;22.5;22.6;22.6;21.3;22.2;350;119.4444444;275;3.3
16044300;16;19;43;152;17;20.1;29.2;20.6;43.1;254.8;22;21.9;22;20.9;22.2;350;119.4444444;275;3.3
16045200;16;19;43;149;17;19.9;29.8;20.6;41.5;217.9;21.8;21.7;21.8;20.8;21.8;358.3333333;94.44444444;108.3333333;4
16046100;16;19;43;144;17;19.7;28.9;20.6;41.6;215.3;21.5;21.4;21.6;20.5;21.8;358.3333333;94.44444444;108.3333333;4
16047000;15;18;43;122;16.5;19;25.6;20.9;49.6;215.3;20.8;20.7;20.9;19.9;21.8;358.3333333;94.44444444;108.3333333;4
16047900;15;18;32;108;16.3;18.9;24.9;21.2;52.1;215.3;20.9;20.7;20.9;19.9;21.8;358.3333333;94.44444444;108.3333333;4
16048800;15;17;37;106;16.1;18.4;24.6;20.6;53.9;129.9;20.1;20;20.2;19.2;21;350;25;27.77777778;4.3
16049700;15;17;20;32;16;17.9;24.1;20.5;54.4;116.8;19.8;19.7;19.9;18.8;21;350;25;27.77777778;4.3
16050600;15;17;0;0;16;17.7;23.6;20.9;58.6;116.8;20;19.8;20.1;19;21;350;25;27.77777778;4.3
16051500;15;15;0;0;16.3;16.4;23;21.4;61.4;116.8;20.1;19.9;20.2;19.1;21;350;25;27.77777778;4.3
16052400;16;14;0;0;16.5;15.2;22.7;20.9;62.6;48.3;20.3;20;20.4;19.3;19.7;341.6666667;0;0;3.7
16053300;16;13;0;0;16.9;14.5;22.1;20.8;64.5;37.8;20.4;20.1;20.5;19.4;19.7;341.6666667;0;0;3.7
16054200;16;13;0;0;17;14;21.4;20.9;66.8;37.8;20.4;20.1;20.5;19.5;19.7;341.6666667;0;0;3.7
16055100;16;13;0;0;17.5;13.9;20.9;21.1;69;37.8;20.4;20;20.4;19.7;19.7;341.6666667;0;0;3.7
16056000;16;12;0;0;17.5;13.9;20.5;20.4;70.9;8.7;20.3;19.8;20.3;19.8;18.6;341.6666667;0;0;2.6
16056900;16;13;0;0;17.5;13.9;20.3;20.2;71;1.4;20.3;19.8;20.3;19.9;18.6;341.6666667;0;0;2.6
16057800;17;14;0;0;17.7;14.6;20.2;20.2;71.1;1.4;20.2;19.8;20.4;20;18.6;341.6666667;0;0;2.6
16058700;17;16;0;0;18;16.4;20;20.1;72.1;1.4;20.2;19.8;20.4;20.1;18.6;341.6666667;0;0;2.6
16059600;17;15;0;0;18;16.4;19.8;19.7;73.2;0.4;20.1;19.7;20.4;20.2;17.9;338.8888889;0;0;2.4
16060500;17;15;0;0;18;16.4;19.7;19.5;73.4;0;20.1;19.9;20.5;20.3;17.9;338.8888889;0;0;2.4
16061400;17;15;0;0;18.5;16.4;19.5;19.4;74;0;20.1;20;20.5;20.4;17.9;338.8888889;0;0;2.4
16062300;17;15.5;0;0;18.5;16.65;19.5;19.3;74.6;0;20.1;20.1;20.5;20.45;17.9;338.8888889;0;0;2.4
16063200;17;16;0;0;18.5;16.9;19.5;19.2;75.2;0;20.1;20.2;20.5;20.5;17.2;333.3333333;0;0;3.3
16064100;17;16;17;41;17.5;17.1;19.6;19.2;74.4;0;19.7;19.6;20;19.7;17.2;333.3333333;0;0;3.3
16065000;15;16;6;8;15.8;17;19.4;19.2;74.9;0;18.3;17.7;18.2;18.3;17.2;333.3333333;0;0;3.3
16065900;15;16;17;23;15.8;16.7;19.1;19.2;76.2;0;18.1;17.5;18;18;17.2;333.3333333;0;0;3.3
16066800;14;15;6;2;15.2;15.7;18.7;18.9;77.2;0;17.4;17;17.4;17;16.8;333.3333333;0;0;2.8
16067700;15;16;0;0;15.6;16.5;18.5;18.9;77.8;0;17.4;16.8;17.3;17.2;16.8;333.3333333;0;0;2.8
16068600;15;15;0;0;15.7;16.5;18.4;18.9;78.3;0;17.3;16.8;17.3;17.4;16.8;333.3333333;0;0;2.8
16069500;15;15;0;0;16.1;16.5;18.2;18.9;79.2;0;17.2;16.7;17.1;17.6;16.8;333.3333333;0;0;2.8
16070400;15;15;0;0;16.6;16.5;18.3;18.6;79.3;0;17.3;16.6;17.1;17.8;16.5;333.3333333;0;0;1.9
16071300;15;16;0;0;17;16.5;18.3;18.5;79.4;0;17.6;16.6;17.1;18.3;16.5;333.3333333;0;0;1.9
16072200;12;14;28;69;13.1;15.2;18.1;18.5;79.8;0;16.7;16.1;16.5;16.3;16.5;333.3333333;0;0;1.9
16073100;12;14;0;0;12.7;14.5;17.9;18.5;80.2;0;16;15.6;16;15.7;16.5;333.3333333;0;0;1.9
16074000;12;14;0;0;13.1;14.5;17.8;17;80.8;0;16.2;15.7;16;16;16.7;341.6666667;0;0;2.8
16074900;12;15;0;0;13.4;15.2;17.7;16.6;81.4;0;16.4;15.9;16.2;16.2;16.7;341.6666667;0;0;2.8
16075800;12;16;0;0;13.6;16.5;17.6;16.6;81.8;0;16.6;15.8;16.4;16.4;16.7;341.6666667;0;0;2.8
16076700;13;15;0;0;13.9;16.1;17.8;16.5;81.5;0;16.8;15.9;16.8;16.7;16.7;341.6666667;0;0;2.8
16077600;13;14;0;0;14.3;15.5;17.7;16.4;81.3;0;17;15.9;16.9;17;15.9;333.3333333;0;0;6.8
16078500;13;14;0;0;15;15.5;17.5;16.3;81.3;0;17.1;15.8;17;17.6;15.9;333.3333333;0;0;6.8
16079400;13;14;0;0;15.4;15.5;17.5;16.3;81.4;0;17.2;15.7;17.1;18.4;15.9;333.3333333;0;0;6.8
16080300;13;15;0;0;15.7;15.5;17.4;16.2;81.8;0;17.5;15.6;17.4;18.8;15.9;333.3333333;0;0;6.8
16081200;13;15;0;0;15.9;15.5;17.3;16.1;81.8;0;17.7;15.4;17.6;18.8;15.2;333.3333333;25;38.88888889;5.1
16082100;14;15;0;0;15.9;15.5;17.3;16.1;81.8;0;17.8;15.3;17.8;18.8;15.2;333.3333333;25;38.88888889;5.1
16083000;14;14;0;0;15.9;15.5;17.3;16.2;81.8;0;17.9;15.3;18;18.6;15.2;333.3333333;25;38.88888889;5.1
16083900;12;13;25;59;13.3;14.3;17.3;16.4;81.8;0;15.9;15.4;15.8;15.9;15.2;333.3333333;25;38.88888889;5.1
16084800;13;13;0;0;14.5;13.8;17.6;16.4;81.8;5;15.5;15.1;15.5;15.3;16.8;344.4444444;66.66666667;111.1111111;2.7
16085700;13;13;0;0;14.5;14;17.9;16.4;81.6;6.8;15.8;15.5;16.1;15.5;16.8;344.4444444;66.66666667;111.1111111;2.7
16086600;13;13;0;0;14.2;14;18.3;16.2;80.8;6.8;16.1;15.9;16.4;15.8;16.8;344.4444444;66.66666667;111.1111111;2.7
16087500;13;13;0;0;14;14;18.8;15.9;80.4;6.8;16.7;16.3;16.8;16;16.8;344.4444444;66.66666667;111.1111111;2.7
16088400;13;13;0;0;14.2;14.4;19.7;16.4;78.2;81.2;17.9;16.9;17.7;16.3;19.1;341.6666667;66.66666667;316.6666667;3.2
16089300;13;14;0;0;14.5;14.5;19.7;16.4;77.2;81.2;18.8;17.2;18.3;16.5;19.1;341.6666667;66.66666667;316.6666667;3.2
16090200;14;15;26;53;14.7;15.8;19.8;16;77.2;81.2;19.3;18;19;17.9;19.1;341.6666667;66.66666667;316.6666667;3.2
16091100;15;16;16;50;15.5;17.3;20.4;15.6;75.8;81.2;19.9;18.9;19.8;19.2;19.1;341.6666667;66.66666667;316.6666667;3.2
16092000;15;17;34;67;16.7;18.2;21.1;16.9;71.9;212.1;20.6;19.8;20.7;19.9;21.5;355.5555556;116.6666667;466.6666667;2.7
16092900;17;19;33;61;18.1;19.5;21.7;17;67.2;221.4;22.3;21.7;22.3;21.2;21.5;355.5555556;116.6666667;466.6666667;2.7
16093800;19;21;33;64;19.8;21.2;22.6;17.5;65.3;221.4;23.9;23.7;24;22.7;21.5;355.5555556;116.6666667;466.6666667;2.7
16094700;20;22;33;67;21.3;22.9;23.1;18;63.6;221.4;25.5;25.4;25.6;24.2;21.5;355.5555556;116.6666667;466.6666667;2.7
16095600;22;24;31;70;22.7;24.5;23.7;19;61.1;332.9;27.2;27.2;27.4;25.8;23.8;377.7777778;238.8888889;547.2222222;1.2
16096500;22;26;20;68;23.3;26.4;24.9;19.1;57.6;350;29.4;29.3;29.4;27.8;23.8;377.7777778;238.8888889;547.2222222;1.2
16097400;19;27;28;310;19.8;27.5;25.5;19.5;56.6;350;29.7;29.7;29.6;28.3;23.8;377.7777778;238.8888889;547.2222222;1.2
16098300;21;26;19;119;22.3;26.4;26.5;20.1;53.5;350;29;29.3;29.2;27.6;23.8;377.7777778;238.8888889;547.2222222;1.2
16099200;22;27;14;70;23.2;27.4;27.4;21.1;51;438.9;29.7;29.9;29.7;27.9;25.4;397.2222222;263.8888889;486.1111111;1.7
16100100;20;27;25;242;20.7;27.7;27.6;21.3;50.6;461.1;30.4;30.5;30.4;28.8;25.4;397.2222222;263.8888889;486.1111111;1.7
16101000;18;25;43;355;19.6;26.8;28.5;22.3;48.2;461.1;28.6;28.7;28.4;27.2;25.4;397.2222222;263.8888889;486.1111111;1.7
16101900;18;25;34;242;20.3;26.1;28.6;22.8;46.5;461.1;28.5;28.6;28.2;26.7;25.4;397.2222222;263.8888889;486.1111111;1.7
16102800;20;27;31;275;20.7;27.2;28.9;23.5;46.4;503.8;30;30.1;29.8;28.2;20.1;394.4444444;294.4444444;297.2222222;1.3
16103700;21;25;23;106;22.2;25.6;27.7;23.6;49.2;506.9;27.1;27.5;27.1;25.8;20.1;394.4444444;294.4444444;297.2222222;1.3
16104600;21;22;32;65;22;23.7;25.1;24.1;57.5;485.6;25.3;25.4;25.4;24.3;20.1;394.4444444;294.4444444;297.2222222;1.3
16105500;20;22;33;63;21.2;22.8;23.8;24.4;59.4;471.4;24.4;24.4;24.6;23.7;20.1;394.4444444;294.4444444;297.2222222;1.3
16106400;19;21;33;66;20.7;22.2;23.8;24.4;60.9;438.6;24.3;24.4;24.6;23.7;20.7;391.6666667;383.3333333;408.3333333;1.3
16107300;20;22;33;72;21.2;23;24.6;24.4;58.7;436.3;25.2;25.3;25.5;24.4;20.7;391.6666667;383.3333333;408.3333333;1.3
16108200;21;22;33;68;21.6;23.2;24.7;25.2;58.9;436.3;25.6;25.7;25.8;24.7;20.7;391.6666667;383.3333333;408.3333333;1.3
16109100;21;23;33;69;22.2;24;25.4;25.7;58.3;436.3;26.3;26.3;26.5;25.4;20.7;391.6666667;383.3333333;408.3333333;1.3
16110000;22;24;30;69;23;24.8;25.9;25.3;56.2;398.9;27.2;27.2;27.4;26.3;21.6;391.6666667;319.4444444;330.5555556;2.2
16110900;22;25;24;68;23.2;25.3;26.4;25.2;55.3;393.1;27.9;27.9;28;26.9;21.6;391.6666667;319.4444444;330.5555556;2.2
16111800;22;26;16;68;23.2;26.7;27;22.5;53;393.1;29.3;29.4;29.4;28.3;21.6;391.6666667;319.4444444;330.5555556;2.2
16112700;22;26;16;109;22.7;27;26.3;20.1;53.7;393.1;28.7;28.7;28.9;27.8;21.6;391.6666667;319.4444444;330.5555556;2.2
16113600;17;22;43;260;17.9;23.4;26;20.3;56.6;385;24.4;24.4;24.4;23.8;21.4;394.4444444;261.1111111;261.1111111;2.6
16114500;17;20;43;177;17.8;21.5;26.7;20.4;53.8;382.1;23.3;23.3;23.3;22.4;21.4;394.4444444;261.1111111;261.1111111;2.6
16115400;17;20;43;158;17.6;20.9;26.9;20.6;53.7;382.1;22.7;22.7;22.7;21.7;21.4;394.4444444;261.1111111;261.1111111;2.6
16116300;16;19;43;140;17.6;20.3;26.7;20.8;53.3;382.1;22.1;22.1;22.2;21.1;21.4;394.4444444;261.1111111;261.1111111;2.6
16117200;16;19;43;137;17.3;20;25.9;20.4;55;312.5;21.9;21.9;22;21;21.2;391.6666667;258.3333333;261.1111111;2.4
16118100;16;18;20;56;17.1;19.6;25.4;20.3;57.7;301.8;21.5;21.6;21.8;20.5;21.2;391.6666667;258.3333333;261.1111111;2.4
16119000;16;20;0;0;17.1;20.7;25.9;20.6;57.4;301.8;22.1;23;23;20.6;21.2;391.6666667;258.3333333;261.1111111;2.4
16119900;16;21;0;0;17.1;21.5;26.1;20.9;57.4;301.8;22.9;24.1;24.2;20.8;21.2;391.6666667;258.3333333;261.1111111;2.4
16120800;16;20;0;0;17.5;21.5;26.6;20.4;55.8;338;24.4;25;25.3;21;21.3;400;138.8888889;138.8888889;1.4
16121700;17;20;0;0;17.6;21.5;26.1;20.3;57.1;343.6;25.8;25.9;26.2;21.3;21.3;400;138.8888889;138.8888889;1.4
16122600;17;20;0;0;17.7;21.5;25.4;20.4;60.5;343.6;26.2;26.4;26.5;21.6;21.3;400;138.8888889;138.8888889;1.4
16123500;17;20;0;0;18.1;21.5;25;20.7;62.2;343.6;26.3;26.4;26.4;21.8;21.3;400;138.8888889;138.8888889;1.4
16124400;17;20;0;0;18.2;21.5;24.8;20.4;65.1;220.4;25.5;25.9;25.7;21.7;19.6;400;58.33333333;58.33333333;1
16125300;18;18;0;0;18.6;19.8;24.4;20.3;67.2;201.4;22.4;22.8;22.9;21.3;19.6;400;58.33333333;58.33333333;1
16126200;18;15;0;0;19.1;16.5;24;20.5;70.9;201.4;22.4;22.4;22.7;21.4;19.6;400;58.33333333;58.33333333;1
16127100;18;15;0;0;19.1;16.1;22.8;20.8;79.2;201.4;22.4;22.3;22.6;21.5;19.6;400;58.33333333;58.33333333;1
16128000;18;16;0;0;19.1;18;21.4;20.3;84.1;172.9;22.3;22.2;22.5;21.6;19.1;388.8888889;50;52.77777778;1.1
16128900;18;15;0;0;19.1;17.1;20.9;20.3;85.8;170.9;22.1;22.2;22.3;21.6;19.1;388.8888889;50;52.77777778;1.1
16129800;18;14;0;0;19.6;16.1;21.4;20.5;87.1;170.9;22.1;22.1;22.4;21.7;19.1;388.8888889;50;52.77777778;1.1
16130700;18;14;0;0;19.6;16.1;21.6;20.8;86.7;170.9;22.2;22.2;22.5;21.8;19.1;388.8888889;50;52.77777778;1.1
16131600;19;15;0;0;19.6;16.1;21.5;20;86.2;113.5;22.3;22.2;22.6;21.9;18.9;394.4444444;13.88888889;16.66666667;0.9
16132500;19;15;0;0;19.8;16.2;21.6;19.9;85.8;109.4;22.3;22.2;22.6;21.9;18.9;394.4444444;13.88888889;16.66666667;0.9
16133400;19;15;0;0;20.1;16.6;21.8;19.5;85.1;109.4;22.3;22.2;22.6;22;18.9;394.4444444;13.88888889;16.66666667;0.9
16134300;19;16;0;0;20.1;16.8;21.7;18.8;83.2;109.4;22.2;22.1;22.5;22;18.9;394.4444444;13.88888889;16.66666667;0.9
16135200;19;16;0;0;20.1;17.1;21.6;18.4;83.2;68.7;22;21.9;22.4;22.1;17.9;388.8888889;0;2.777777778;1.1
16136100;19;18;0;0;20.4;18.6;21.3;18.4;78.7;65.8;21.8;21.8;22.3;22.1;17.9;388.8888889;0;2.777777778;1.1
16137000;19;18;0;0;20.6;19.1;20.6;18.5;75.4;65.8;21.3;21.4;21.8;22;17.9;388.8888889;0;2.777777778;1.1
16137900;19;18;0;0;20.6;19.1;19.6;18.7;83.5;65.8;20.9;21.1;21.5;22.1;17.9;388.8888889;0;2.777777778;1.1
16138800;19;18;0;0;20.6;19.1;18.3;17.6;87.3;18.5;20.5;21;21.2;22.1;15.6;386.1111111;0;0;1.1
16139700;19;18;0;0;20.8;19.1;18;17.6;89.5;18.5;20;21.5;20.6;22;15.6;386.1111111;0;0;1.1
16140600;20;18;0;0;21.1;19.7;17.9;17.7;89.2;18.5;18.9;23;19.2;21.7;15.6;386.1111111;0;0;1.1
16141500;20;19;0;0;21.1;20.5;17.7;17.8;89.8;18.5;17.9;23.6;18.2;21.4;15.6;386.1111111;0;0;1.1
16142400;20;19;0;0;21.1;20.6;17.6;17.4;89.5;5.1;17.4;22.8;17.7;22.5;15.5;380.5555556;0;0;1.5
16143300;21;19;0;0;20.8;20.8;17.2;17.3;90.5;0.2;17.2;22;17.6;22.6;15.5;380.5555556;0;0;1.5
16144200;21;17;0;0;18.9;18.8;17.2;17.3;90.5;0.2;17.1;20.9;17.5;22.3;15.5;380.5555556;0;0;1.5
16145100;17;17;0;0;17.2;18.3;17.3;17.3;91;0.2;17.1;20.7;17.4;21.8;15.5;380.5555556;0;0;1.5
16146000;16;15;0;0;17.1;16.6;17.3;16.9;91.4;0.1;17.1;19.9;17.4;22.6;15.2;380.5555556;0;0;1.1
16146900;16;14;0;0;17.1;15.6;17.4;16.7;91.8;0;17.2;19.2;17.3;20.5;15.2;380.5555556;0;0;1.1
16147800;16;13;0;0;17.1;15.1;17.4;15.8;91.9;0;17.4;19.1;17.3;19.3;15.2;380.5555556;0;0;1.1
16148700;16;13.5;0;0;17.1;15.1;17.45;17.1;92.1;0;17.4;18.85;17.35;19.15;15.2;380.5555556;0;0;1.1
16149600;16;14;0;0;17.1;15.1;17.5;18.4;92.3;0;17.4;18.6;17.4;19;15.2;380.5555556;0;0;0.9
16150500;16;14;0;0;17.1;15.1;17.5;19.2;91.8;0;17.4;18.4;17.4;19;15.2;380.5555556;0;0;0.9
16151400;16;14;0;0;17.1;15.3;17.4;19.2;92;0;17.4;18.3;17.5;18.9;15.2;380.5555556;0;0;0.9
16152300;16;14;0;0;17.1;15.6;17.4;19.2;92.6;0;17.4;18.3;17.5;18.9;15.2;380.5555556;0;0;0.9
16153200;16;17;0;0;17.1;17.3;17.5;19;92.6;0;17.4;18.3;17.6;19;15.2;383.3333333;0;0;1.1
16154100;17;17;0;0;17.5;17.6;17.5;18.9;92.2;0;17.4;18.4;17.5;19;15.2;383.3333333;0;0;1.1
16155000;17;16;0;0;17.6;17.6;17.3;18.9;92.5;0;17.4;18.5;17.6;19.1;15.2;383.3333333;0;0;1.1
16155900;17;16;0;0;17.6;17.6;17.5;18.9;92.8;0;17.4;18.5;17.6;19.1;15.2;383.3333333;0;0;1.1
16156800;17;16;0;0;17.6;17.6;17.5;18.6;92.7;0;17.4;18.5;17.6;19.1;15.3;386.1111111;0;0;1.1
16157700;17;16;0;0;18.1;17.6;17.5;18.5;92.3;0;17.4;18.6;17.6;19.1;15.3;386.1111111;0;0;1.1
16158600;17;16;0;0;18.1;17.6;17.5;18.5;92.3;0;17.3;18.6;17.6;19.2;15.3;386.1111111;0;0;1.1
16159500;17;16;0;0;18.1;17.6;17.7;18.5;92.3;0;17.3;18.5;17.6;19.1;15.3;386.1111111;0;0;1.1
16160400;17;16;0;0;18.1;17.6;17.7;15.2;92.3;0;17.4;18.5;17.6;19.1;15.3;386.1111111;0;0;1.6
16161300;17;17;0;0;18.1;17.9;17.5;15;92;0;17.4;18.5;17.6;19.1;15.3;386.1111111;0;0;1.6
16162200;17;18;0;0;18.1;19;17.6;14.9;92.3;0;17.4;18.6;17.6;19.1;15.3;386.1111111;0;0;1.6
16163100;18;17;0;0;18.1;18.8;17.7;14.8;91.8;0;17.4;18.6;17.6;19.1;15.3;386.1111111;0;0;1.6
16164000;18;17;0;0;18.1;18.2;17.7;14.6;92.1;0;17.5;18.6;17.6;19.1;15.2;388.8888889;0;0;1.7
16164900;18;17;0;0;18.1;18.1;17.5;14.6;92.5;0;17.5;18.5;17.7;19;15.2;388.8888889;0;0;1.7
16165800;18;17;0;0;18.1;18.1;17.5;14.8;92.8;0;17.5;18.5;17.7;19;15.2;388.8888889;0;0;1.7
16166700;18;17;0;0;18.1;18.1;17.5;15;92.8;0;17.6;18.6;17.8;19.1;15.2;388.8888889;0;0;1.7
16167600;18;17;0;0;18.1;18.1;17.7;14.9;92.5;0;17.6;18.6;17.8;19.2;15;386.1111111;2.777777778;2.777777778;1.2
16168500;16;16;18;41;16.1;17.2;17.6;14.9;92.3;0;17.7;18.1;17.8;18.2;15;386.1111111;2.777777778;2.777777778;1.2
16169400;14;14;8;23;14.9;15.2;17.4;15;92.7;0;17;16.7;17;16.5;15;386.1111111;2.777777778;2.777777778;1.2
16170300;15;17;0;0;15.6;16.8;17.6;15.2;92.7;0;17.1;16.9;17.2;16.6;15;386.1111111;2.777777778;2.777777778;1.2
16171200;15;16;0;0;15.8;17.1;17.1;14.9;93;1.5;17.3;17.3;17.4;16.8;14.8;380.5555556;27.77777778;27.77777778;0.8
16172100;15;15;0;0;15.8;16.7;17.2;14.9;93.5;1.6;17.5;17.4;17.5;17;14.8;380.5555556;27.77777778;27.77777778;0.8
16173000;15;15;0;0;15.8;16.6;17.3;14.9;93.3;1.6;17.6;17.4;17.7;17.2;14.8;380.5555556;27.77777778;27.77777778;0.8
16173900;15;15;0;0;15.8;16.6;17.3;14.9;92.8;1.6;17.8;17.4;17.8;17.4;14.8;380.5555556;27.77777778;27.77777778;0.8
16174800;15;15;0;0;15.8;16.6;17.2;14.9;92.5;21.3;17.9;17.4;17.8;17.6;15.3;372.2222222;77.77777778;77.77777778;1.4
16175700;15;16;0;0;16.1;16.6;17;14.9;92.8;22.7;17.9;17.4;17.8;17.9;15.3;372.2222222;77.77777778;77.77777778;1.4
16176600;14;15;0;0;15.3;16.6;17.5;15;92.8;22.7;17.8;17.6;17.9;17.9;15.3;372.2222222;77.77777778;77.77777778;1.4
16177500;14;15;0;0;15.2;16.6;17.5;15.1;92.3;22.7;18;17.8;18.1;18.5;15.3;372.2222222;77.77777778;77.77777778;1.4
16178400;14;16;0;0;16.2;16.7;17.7;15.3;92.6;70.1;18.1;18;18.2;19;15.6;372.2222222;77.77777778;77.77777778;1.3
16179300;14;17;0;0;16.6;17.5;17.9;15.3;92.4;82;18.3;18.3;18.5;19.3;15.6;372.2222222;77.77777778;77.77777778;1.3
16180200;15;17;3;4;17;17.6;17.7;15.1;92.3;82;18.5;18.6;18.7;19.4;15.6;372.2222222;77.77777778;77.77777778;1.3
16181100;14;16;35;98;14.6;17;17.8;15;92.2;82;18.5;18.4;18.6;17.8;15.6;372.2222222;77.77777778;77.77777778;1.3
16182000;13;14;36;40;14.3;15.1;17.6;15.4;91.9;121.7;16.8;16.8;17.1;16.2;16.2;377.7777778;194.4444444;194.4444444;2.8
16182900;14;14;0;0;15.3;14.6;17.9;15.5;92.3;131.6;17.3;17.3;17.6;16.1;16.2;377.7777778;194.4444444;194.4444444;2.8
16183800;14;14;0;0;15.3;15;18.6;15.7;92.6;131.6;17.8;17.5;17.9;16.3;16.2;377.7777778;194.4444444;194.4444444;2.8
16184700;14;14;0;0;15.3;15.1;18.9;15.8;92.2;131.6;18.4;17.7;18.2;16.8;16.2;377.7777778;194.4444444;194.4444444;2.8
16185600;15;15;0;0;15.8;15.4;19.4;16.3;91.8;178.8;18.9;17.9;18.5;17.3;16.3;375;188.8888889;188.8888889;3.2
16186500;15;15;0;0;15.8;15.6;19.2;16.4;91.2;186.1;19.4;18.1;19;17.7;16.3;375;188.8888889;188.8888889;3.2
16187400;15;15;0;0;15.8;15.8;18.9;16.4;90.9;202.6;19.7;18.3;19.3;18;16.3;375;188.8888889;188.8888889;3.2
16188300;15;16;0;0;16.3;16.7;19.1;16.4;91.4;221.5;20.1;18.7;19.7;18.2;16.3;375;188.8888889;188.8888889;3.2
16189200;15;17;0;0;15.9;17.2;19.5;17.2;91.5;298.5;20.5;19.7;20.3;18.6;17;366.6666667;233.3333333;233.3333333;3.3
16190100;15;16;0;0;15.8;17.1;19.9;17.4;90.2;317.7;21.4;20.4;21.1;18.9;17;366.6666667;233.3333333;233.3333333;3.3
16191000;15;15;0;0;16.1;16.7;19.8;17.2;90.3;318.6;22.2;21;21.7;19.1;17;366.6666667;233.3333333;233.3333333;3.3
16191900;15;15;0;0;16.3;16.4;20.4;17;90.4;319.7;22.7;21.5;22.2;19.3;17;366.6666667;233.3333333;233.3333333;3.3
16192800;16;14;0;0;16.4;16.1;20.6;17.6;90.1;419;23;21.9;22.6;19.4;18;372.2222222;361.1111111;366.6666667;3.1
16193700;16;14;0;0;16.8;16.1;20.7;17.8;89.1;443.8;23.5;22.3;23.1;19.6;18;372.2222222;361.1111111;366.6666667;3.1
16194600;16;14;0;0;16.8;16.1;21.1;17.5;88.6;437.9;24.3;23.1;23.9;19.9;18;372.2222222;361.1111111;366.6666667;3.1
16195500;16;14;0;0;17.1;16.1;21.7;17;89.6;429;25.2;24;24.8;20.2;18;372.2222222;361.1111111;366.6666667;3.1
16196400;16;15;0;0;17.3;16.3;22.4;17.4;89.2;461.6;26;24.7;25.6;20.5;19;372.2222222;441.6666667;505.5555556;2.2
16197300;16;17;0;0;17.3;17.6;23.3;17.5;86;473.5;26.9;25.6;26.4;20.8;19;372.2222222;441.6666667;505.5555556;2.2
16198200;17;16;0;0;17.7;17.5;24.4;17.4;67;473.5;27.7;26.4;27.2;21.2;19;372.2222222;441.6666667;505.5555556;2.2
16199100;17;15;0;0;17.8;16.7;24.3;17.4;62.4;473.5;28.4;27.1;27.9;21.6;19;372.2222222;441.6666667;505.5555556;2.2
16200000;17;14;0;0;17.9;16.6;24.2;18.1;62.5;536.6;29.1;27.9;28.7;22;19.8;375;391.6666667;511.1111111;1.7
16200900;17;14;0;0;18.3;16.3;24.7;18.1;62.5;536.6;30.2;29;29.7;22.4;19.8;375;391.6666667;511.1111111;1.7
16201800;17;14;0;0;18.3;16.1;24;18.4;62.4;536.6;30.3;29.5;29.8;22.7;19.8;375;391.6666667;511.1111111;1.7
16202700;17;14;0;0;18.5;16.1;24.5;18.6;61.3;536.6;30.6;30;30.3;23;19.8;375;391.6666667;511.1111111;1.7
16203600;17;14;0;0;18.8;16.1;25.1;19.3;59.9;494.7;31.9;31;31.2;23.4;20.8;377.7777778;325;427.7777778;3.3
16204500;18;14;0;0;18.8;16.1;25.3;19.4;57.9;491.7;32.9;31.9;31.8;23.8;20.8;377.7777778;325;427.7777778;3.3
16205400;18;16;0;0;19.2;17.2;25.6;19.6;57.9;491.7;33.5;32.4;32.3;24.2;20.8;377.7777778;325;427.7777778;3.3
16206300;18;16;0;0;19.3;17.6;25.5;19.7;57.7;491.7;33.6;32.7;32.5;24.4;20.8;377.7777778;325;427.7777778;3.3
16207200;18;15;0;0;19.3;16.8;25.5;20;58;457;33.4;32.6;32.5;24.7;21.1;380.5555556;322.2222222;391.6666667;2.7
16208100;18;14;0;0;19.5;16.1;25.8;20;57.3;451.7;33.5;32.7;32.6;24.9;21.1;380.5555556;322.2222222;391.6666667;2.7
16209000;18;14;0;0;19.8;16;26.3;20;55.5;451.7;33.8;33;32.9;25.1;21.1;380.5555556;322.2222222;391.6666667;2.7
16209900;18;14;0;0;19.8;15.6;25.9;20;53.8;451.7;33.2;32.8;32.6;25.3;21.1;380.5555556;322.2222222;391.6666667;2.7
16210800;19;14;0;0;19.9;15.6;26.1;20.2;55.5;442.4;32.8;32.5;32.4;25.4;21.3;369.4444444;213.8888889;302.7777778;1.1
16211700;19;14;0;0;20.3;15.6;26.5;20.2;53.9;440.1;32.8;32.4;32.5;25.5;21.3;369.4444444;213.8888889;302.7777778;1.1
16212600;19;14;0;0;20.3;15.6;26.6;20.5;55;440.1;32.8;32.4;32.7;25.6;21.3;369.4444444;213.8888889;302.7777778;1.1
16213500;19;15;0;0;20.5;16.1;26.3;21;54.5;440.1;32.5;32;32.5;25.6;21.3;369.4444444;213.8888889;302.7777778;1.1
16214400;19;17;0;0;20.8;17.7;25.1;20.9;57.2;341.5;31.8;31;32;25.6;20.4;350;75;163.8888889;1
16215300;19;17;0;0;20.8;18.1;25.7;20.8;55.7;305.6;31.4;30.8;31.8;25.7;20.4;350;75;163.8888889;1
16216200;19;17;0;0;20.5;18.4;24.9;20.9;56.5;305.6;30.9;30.7;31.4;25.9;20.4;350;75;163.8888889;1
16217100;19;16;0;0;20.6;18.2;26.2;21;53.9;305.6;29.7;30;30.1;25.9;20.4;350;75;163.8888889;1
16218000;19;14;0;0;20.8;16.6;29.8;20.6;44.8;227.5;29.3;29.7;29.9;26;21.1;347.2222222;52.77777778;175;1.1
16218900;19;13;0;0;20.8;15.6;30;20.6;44.9;227.5;29;29.6;29.8;26.2;21.1;347.2222222;52.77777778;175;1.1
16219800;19;13;0;0;21.3;15.1;28.5;20.9;46.8;227.5;28.7;29.7;29.8;26.3;21.1;347.2222222;52.77777778;175;1.1
16220700;19;13;0;0;21.3;14.7;24.4;21.1;57.4;227.5;28.2;29.7;29.7;26.4;21.1;347.2222222;52.77777778;175;1.1
16221600;19;13;0;0;21.3;14.6;23.6;20.4;60.8;130.5;27.6;29.6;29.5;26.5;20.6;344.4444444;16.66666667;36.11111111;1.7
16222500;19;15;0;0;21.3;16.1;23.1;20.3;61.7;123.6;27;29.4;29.2;26.5;20.6;344.4444444;16.66666667;36.11111111;1.7
16223400;19;16;0;0;21.4;16.8;22.8;20;63.2;123.4;26.5;28.8;28.7;26.4;20.6;344.4444444;16.66666667;36.11111111;1.7
16224300;18;16;0;0;21.8;17.1;22.2;19.6;67.2;123.1;26;28.1;28.2;26.3;20.6;344.4444444;16.66666667;36.11111111;1.7
16225200;18;16;0;0;21.8;17.1;21.6;19.6;69.4;53.2;25.5;27.4;27.7;26.2;18.8;363.8888889;0;0;1.8
16226100;19;16;0;0;21.8;17.1;21.2;19.6;69.8;42.5;25.2;26.8;27.2;26;18.8;363.8888889;0;0;1.8
16227000;19;16;0;0;22;17.1;21;20.2;70.4;42.5;24.8;26.3;26.7;25.9;18.8;363.8888889;0;0;1.8
16227900;19;16;0;0;22.3;17.4;20.9;21;71.8;42.5;24.5;25.8;26.3;25.8;18.8;363.8888889;0;0;1.8
16228800;19;16;0;0;22.3;17.6;20.7;20;72.2;12.6;24.2;25.3;25.9;25.6;18.8;366.6666667;0;0;1.1
16229700;19;17;0;0;22.3;17.6;20.7;19.6;72.6;1.7;23.9;24.9;25.6;25.5;18.8;366.6666667;0;0;1.1
16230600;19;18;0;0;22.3;18.5;20.9;19.5;70.3;1.7;23.6;24.5;25.2;25.3;18.8;366.6666667;0;0;1.1
16231500;20;19;0;0;22.7;19.6;20.9;19.4;70.6;1.7;23.3;24;24.8;25.2;18.8;366.6666667;0;0;1.1
16232400;20;19;0;0;22.8;19.6;20.9;18.8;71.4;0.5;23;23.7;24.5;25.1;17.6;350;0;0;2.2
16233300;20;18;0;0;22.8;19.6;20.9;18.6;71.6;0;22.8;23.5;24.3;25;17.6;350;0;0;2.2
16234200;20;18;0;0;22.8;19.6;20.7;18.5;72.4;0;22.6;23.2;24.1;24.9;17.6;350;0;0;2.2
16235100;20;18.5;0;0;23.05;19.6;20.4;18.2;74.05;0;22.3;23.05;23.75;24.8;17.6;350;0;0;2.2
16236000;20;19;0;0;23.3;19.6;20.1;17.9;75.7;0;22;22.9;23.4;24.7;17.5;366.6666667;0;0;1.9
16236900;20;19;0;0;22.7;19.9;19.9;17.9;76.7;0;21.5;22.7;22.6;24.6;17.5;366.6666667;0;0;1.9
16237800;19;17;0;0;21.1;20.3;19.9;17.9;77.2;0;20.3;21;22.2;24.4;17.5;366.6666667;0;0;1.9
16238700;20;16;0;0;20.7;19.9;19.9;17.9;77.2;0;20.2;19.7;24.1;24.4;17.5;366.6666667;0;0;1.9
16239600;20;18;0;0;20.8;21;19.9;17.1;77.5;0;20;19.1;23;24.2;17.7;375;0;0;1.5
16240500;19;17;0;0;21.1;20.4;19.8;17;77.6;0;19.4;18.9;22.3;24.2;17.7;375;0;0;1.5
16241400;18;18;0;0;19.5;20.8;20;17;77.2;0;19.1;18.8;20.8;24.1;17.7;375;0;0;1.5
16242300;17;16;0;0;18.2;19.3;20;17;77.1;0;19;18.8;20.5;23.8;17.7;375;0;0;1.5
16243200;17;14;0;0;18.3;16.1;19.9;16.3;77.6;0;19;18.7;21.1;23.5;16.7;375;0;0;1.7
16244100;17;15;0;0;18.7;16.1;20;16.2;77.6;0;19;18.7;22.6;23.5;16.7;375;0;0;1.7
16245000;17;15;0;0;18.6;16.6;20;16.2;77.9;0;19.1;18.6;21.4;22.8;16.7;375;0;0;1.7
16245900;17;15;0;0;18.2;16.8;19.9;16.2;78.4;0;19.2;18.6;20.8;21.9;16.7;375;0;0;1.7
16246800;17;16;0;0;18.2;17.1;19.8;16.3;78.9;0;19.2;18.6;20.4;21.1;16.8;375;0;0;1.1
16247700;17;17;0;0;18.2;17.8;19.8;16.3;78.6;0;19.2;18.6;20.3;22.3;16.8;375;0;0;1.1
16248600;17;18;0;0;18.2;19.1;19.8;16.7;79;0;19.1;18.5;20.2;21.3;16.8;375;0;0;1.1
16249500;18;18;0;0;18.4;19.1;19.7;17.2;79.8;0;19;18.5;20.1;20.5;16.8;375;0;0;1.1
16250400;18;18;0;0;18.7;19.1;19.6;16.8;80.5;0;18.8;18.4;19.9;20.2;16.6;372.2222222;0;0;1.3
16251300;18;18;0;0;18.7;19.1;19.6;16.7;80.1;0;18.6;18.3;20;20.1;16.6;372.2222222;0;0;1.3
16252200;18;18;0;0;18.7;19.1;19.5;16.5;80.5;0;18.5;18.2;20.3;20.1;16.6;372.2222222;0;0;1.3
16253100;18;18;0;0;18.7;19.1;19.5;16.3;80.6;0;18.4;18;20.2;20.2;16.6;372.2222222;0;0;1.3
16254000;18;18;0;0;18.7;19.1;19.5;16;81.1;0;18.3;18;20.1;20.2;16.3;366.6666667;11.11111111;11.11111111;0.9
16254900;18;18;0;0;18.7;19.1;19.5;15.9;81.1;0;18.3;17.9;20;20.2;16.3;366.6666667;11.11111111;11.11111111;0.9
16255800;18;18;0;0;18.7;19.1;19.5;16.1;81.1;0;18.3;17.9;19.9;20.1;16.3;366.6666667;11.11111111;11.11111111;0.9
16256700;18;19;0;0;18.7;19.8;19.5;16.5;81.2;0;18.3;17.9;19.8;20.1;16.3;366.6666667;11.11111111;11.11111111;0.9
16257600;18;19;0;0;18.7;20.1;19.4;16.4;81.7;2.1;18.3;17.9;19.8;20;16.1;366.6666667;38.88888889;38.88888889;1.3
16258500;18;18;0;0;18.7;19.5;19.5;16.4;81.6;2.3;18.4;18;19.7;19.9;16.1;366.6666667;38.88888889;38.88888889;1.3
16259400;19;18;0;0;19.2;18.6;19.6;16.5;81;2.3;18.5;18.1;19.8;19.8;16.1;366.6666667;38.88888889;38.88888889;1.3
16260300;19;15;0;0;19.2;17.4;19.7;16.6;80.6;2.3;18.7;18.2;19.8;19.8;16.1;366.6666667;38.88888889;38.88888889;1.3
16261200;18;14;0;0;18.9;15.4;19.9;16.8;80.1;35.4;18.8;18.3;19.8;19.7;16.8;375;52.77777778;52.77777778;3.6
16262100;18;13;0;0;18.7;14.8;20.1;16.8;79;40.5;19;18.5;19.7;19.8;16.8;375;52.77777778;52.77777778;3.6
16263000;18;13;0;0;18.7;14.6;20.2;16.7;78.6;40.5;19.2;18.6;19.8;19.8;16.8;375;52.77777778;52.77777778;3.6
16263900;18;13;0;0;18.7;14.6;20.4;16.6;78.6;40.5;19.3;18.8;19.8;19.9;16.8;375;52.77777778;52.77777778;3.6
16264800;18;14;0;0;18.7;15.6;20.5;17.1;77.2;102.8;19.4;18.9;20;19.9;17.4;377.7777778;88.88888889;88.88888889;4
16265700;18;16;0;0;18.7;16.7;20.8;17.2;75.9;118.4;19.6;19.1;20.1;19.9;17.4;377.7777778;88.88888889;88.88888889;4
16266600;18;16;0;0;18.7;17;20.6;17;75.9;124.7;19.7;19.3;20.3;19.9;17.4;377.7777778;88.88888889;88.88888889;4
16267500;18;17;0;0;18.7;17.6;20.6;16.8;76.3;131.9;19.9;19.5;20.4;19.9;17.4;377.7777778;88.88888889;88.88888889;4
16268400;18;16;0;0;18.7;17.7;20.8;17.4;76.1;170.1;20.1;19.7;20.5;20;17.7;377.7777778;175;175;4
16269300;18;16;0;0;18.7;17.7;21.5;17.6;75.4;179.6;20.5;20;20.8;20.1;17.7;377.7777778;175;175;4
16270200;18;16;0;0;19.1;17.7;21.8;17.6;72.9;179.6;21;20.4;21;20.1;17.7;377.7777778;175;175;4
16271100;18;17;0;0;19.2;17.7;21.9;17.6;73.2;179.6;21.3;20.7;21.3;20.2;17.7;377.7777778;175;175;4
16272000;18;17;0;0;19.2;17.7;22.5;18.2;71.5;233.2;21.8;21.1;21.8;20.3;19.4;377.7777778;336.1111111;347.2222222;5
16272900;18;17;0;0;19.2;17.7;22.5;18.4;71.1;246.6;22.5;21.6;22.3;20.4;19.4;377.7777778;336.1111111;347.2222222;5
16273800;18;17;0;0;19.4;17.7;23.4;18.3;68.7;246.6;23.4;22.3;23.1;20.5;19.4;377.7777778;336.1111111;347.2222222;5
16274700;19;18;0;0;19.7;18.6;24.2;18.2;65.7;246.6;24.7;23.4;24;20.6;19.4;377.7777778;336.1111111;347.2222222;5
16275600;19;18;0;0;20.1;19.3;24.7;18.9;63.6;327.7;25.5;24.7;24.8;21;19.4;388.8888889;222.2222222;222.2222222;5.5
16276500;19;15;0;0;20.2;18;24;19.1;64.5;348;26.2;25.1;25.4;21.4;19.4;388.8888889;222.2222222;222.2222222;5.5
16277400;19;14;0;0;20.2;16.6;24.1;18.9;65.5;374.3;26.5;25.4;25.9;21.6;19.4;388.8888889;222.2222222;222.2222222;5.5
16278300;19;14;0;0;20.2;16.1;24;18.6;65.6;404.4;26.8;25.8;26.3;21.8;19.4;388.8888889;222.2222222;222.2222222;5.5
16279200;19;14;0;0;20.2;15.7;24.3;19.3;65;457.8;27.1;26.2;26.5;22;20.8;391.6666667;255.5555556;261.1111111;5.3
16280100;19;14;0;0;20.6;15.7;24.8;19.5;62.5;471.2;27.6;26.6;27;22.2;20.8;391.6666667;255.5555556;261.1111111;5.3
16281000;19;14;0;0;20.7;15.7;25.4;19.8;59.5;457.4;28.4;27.3;27.9;22.5;20.8;391.6666667;255.5555556;261.1111111;5.3
16281900;20;14;0;0;20.7;15.7;25.7;20;57.3;448.2;29.2;28.1;28.6;22.8;20.8;391.6666667;255.5555556;261.1111111;5.3
16282800;20;15;0;0;20.7;15.7;25.2;20.3;58.6;482.8;29.3;28.4;28.8;23;19;397.2222222;122.2222222;122.2222222;4.9
16283700;20;16;0;0;21.1;17.7;24.4;20.4;60.1;488.1;29;28.4;28.7;23.2;19;397.2222222;122.2222222;122.2222222;4.9
16284600;20;15;0;0;21.2;17.1;24.3;20;59.8;488.1;28.8;28.2;28.6;23.3;19;397.2222222;122.2222222;122.2222222;4.9
16285500;20;14;0;0;21.2;16;24.6;19.7;58.8;488.1;28.7;28.3;28.7;23.4;19;397.2222222;122.2222222;122.2222222;4.9
16286400;20;14;0;0;21.2;15.6;23.9;20;64.3;530.9;28.6;28.2;28.5;23.5;19.1;377.7777778;325;327.7777778;4.4
16287300;20;14;0;0;21.6;15.3;23.9;20;65;537.5;28.4;28;28.2;23.6;19.1;377.7777778;325;327.7777778;4.4
16288200;20;14;0;0;21.7;15.3;23.9;20.5;64.5;537.5;28.5;28.1;28.2;23.7;19.1;377.7777778;325;327.7777778;4.4
16289100;20;14;0;0;21.7;15.3;23.8;21;63.9;537.5;28.8;28.3;28.4;23.8;19.1;377.7777778;325;327.7777778;4.4
16290000;20;14;0;0;21.7;15.3;23.9;20.9;64.6;467;29.1;28.5;28.5;23.9;19.3;375;325;427.7777778;4.4
16290900;20;13;0;0;22.2;15.3;23.8;20.9;64.6;456.1;29.3;28.8;28.6;24;19.3;375;325;427.7777778;4.4
16291800;20;15;0;0;22.2;16.6;23.5;19.9;65.7;456.1;29.2;28.7;28.5;24.1;19.3;375;325;427.7777778;4.4
16292700;21;16;0;0;22.2;17.2;23.8;19;64.6;456.1;29;28.7;28.4;24.2;19.3;375;325;427.7777778;4.4
16293600;21;14;0;0;22.3;16.3;24;19;63.4;394.5;29;28.7;28.5;24.2;20.1;363.8888889;291.6666667;413.8888889;4.6
16294500;19;18;17;186;20.4;19.6;24.5;19;61.9;385;29.8;29.9;29.7;26.4;20.1;363.8888889;291.6666667;413.8888889;4.6
16295400;18;24;43;297;19;25.2;24.8;18.9;61.2;385;26.2;26.8;26.5;25.4;20.1;363.8888889;291.6666667;413.8888889;4.6
16296300;17;22;43;218;18.4;22.8;24.8;18.9;61.2;385;24.5;24.7;24.5;23.5;20.1;363.8888889;291.6666667;413.8888889;4.6
16297200;17;22;43;228;17.8;22.5;24.7;18.6;61;343.7;24.6;24.8;24.6;23.5;20.7;369.4444444;205.5555556;347.2222222;4.3
16298100;17;21;43;203;17.7;22;24.3;18.6;61.7;337.3;23.8;24;24;22.8;20.7;369.4444444;205.5555556;347.2222222;4.3
16299000;17;21;39;185;17.7;21.7;24.5;18.7;61.1;337.3;23.9;24.1;24;22.9;20.7;369.4444444;205.5555556;347.2222222;4.3
16299900;18;21;34;163;18.3;21.9;23.9;18.8;63.2;337.3;23.5;23.7;23.6;22.5;20.7;369.4444444;205.5555556;347.2222222;4.3
16300800;16;19;43;126;17.1;19.8;23.5;18.6;65.5;216.5;21.4;21.5;21.6;20.7;19.1;386.1111111;113.8888889;113.8888889;5.3
16301700;16;18;17;47;17.1;19.2;23.5;18.6;66.4;197.9;21.1;21.2;21.2;20.3;19.1;386.1111111;113.8888889;113.8888889;5.3
16302600;16;18;0;0;17.1;19;23.3;19.2;66.6;197.9;21.3;21.4;21.5;20.3;19.1;386.1111111;113.8888889;113.8888889;5.3
16303500;16;16;0;0;17.1;17.1;22.9;19.7;67.7;197.9;21.4;21.4;21.6;20.5;19.1;386.1111111;113.8888889;113.8888889;5.3
16304400;16;14;0;0;17.3;15.5;22.4;19.3;68;151.5;21.5;21.6;21.7;20.6;18.2;388.8888889;22.22222222;22.22222222;4.5
16305300;17;13;0;0;17.6;14.7;21.9;19.3;68.6;148.2;21.6;21.6;21.8;20.7;18.2;388.8888889;22.22222222;22.22222222;4.5
16306200;17;13;0;0;17.9;14.7;21.4;19.9;70;148.2;21.7;21.6;21.9;20.8;18.2;388.8888889;22.22222222;22.22222222;4.5
16307100;17;13;0;0;18.1;14.7;21.2;20.3;71.4;148.2;21.7;21.6;21.9;20.9;18.2;388.8888889;22.22222222;22.22222222;4.5
16308000;17;13;0;0;18.1;14.7;21;19.5;71.9;86.9;21.6;21.6;21.8;21;17.8;377.7777778;5.555555556;5.555555556;4.4
16308900;17;16;0;0;18.1;16.2;20.8;19.4;72.3;82.5;21.5;21.5;21.8;21.1;17.8;377.7777778;5.555555556;5.555555556;4.4
16309800;17;16;0;0;18.6;17.1;20.5;18.9;73.2;83.9;21.3;21.3;21.7;21.2;17.8;377.7777778;5.555555556;5.555555556;4.4
16310700;17;16;0;0;18.6;17.2;20.3;18.5;74;84.9;21.2;21.3;21.6;21.2;17.8;377.7777778;5.555555556;5.555555556;4.4
16311600;18;16;0;0;18.6;17.2;20.3;17.9;74.5;24.4;21.1;21.2;21.7;21.3;17.1;383.3333333;0;0;4.8
16312500;18;16;0;0;18.9;17.2;20.1;17.9;75;24.4;21;21.2;21.7;21.4;17.1;383.3333333;0;0;4.8
16313400;18;16;0;0;19.1;17.2;19.9;17.8;75.7;24.4;21;21.1;21.6;21.4;17.1;383.3333333;0;0;4.8
16314300;18;16;0;0;19.1;17.3;19.9;17.6;75.7;24.4;20.9;21.1;21.6;21.4;17.1;383.3333333;0;0;4.8
16315200;18;16;0;0;19.2;17.7;19.9;17;75.5;5.7;20.9;21.1;21.6;21.4;16.9;386.1111111;0;0;4.5
16316100;17;17;20;53;18;17.9;19.9;16.9;75.5;1;20.3;20.3;20.7;20.4;16.9;386.1111111;0;0;4.5
16317000;16;17;3;3;16.5;17.6;19.9;16.9;75.5;1;18.9;18.7;19;18.9;16.9;386.1111111;0;0;4.5
16317900;15;17;20;33;16.2;18.1;19.6;17;75.9;1;18.8;18.6;19;18.6;16.9;386.1111111;0;0;4.5
16318800;15;16;3;3;15.9;16.7;19.4;16.5;76.9;0.1;18.4;18.3;18.5;17.9;16.1;383.3333333;0;0;5.7
16319700;15;16;10;24;15.8;16.7;19.3;16.4;78.8;0;18.5;18.3;18.6;18;16.1;383.3333333;0;0;5.7
16320600;12;15;31;96;13;15.6;18.8;16.5;83.7;0;17.1;16.9;17.2;16.6;16.1;383.3333333;0;0;5.7
16321500;12;14.5;15.5;48;13.25;15.4;18.5;17.05;84.25;0;17;16.95;17.2;16.45;16.1;383.3333333;0;0;5.7
16322400;12;14;0;0;13.5;15.2;18.2;17.6;84.8;0;16.9;17;17.2;16.3;15.8;386.1111111;0;0;5.5
16323300;13;14;0;0;13.7;15.2;18.3;17.9;84.3;0;17.1;17.4;17.4;16.5;15.8;386.1111111;0;0;5.5
16324200;13;15;0;0;14;15.2;18.2;17.9;83.8;0;17.2;17.4;17.5;16.7;15.8;386.1111111;0;0;5.5
16325100;13;15;0;0;14.1;15.7;18.3;17.9;83.7;0;17.4;17.4;17.6;16.9;15.8;386.1111111;0;0;5.5
16326000;13;17;0;0;14.5;17.1;18.2;17.2;84.3;0;17.5;17.4;17.7;17.1;15.2;377.7777778;0;0;5.4
16326900;13;17;0;0;14.6;17.7;17.6;17;89.7;0;17.6;17.4;17.8;17.3;15.2;377.7777778;0;0;5.4
16327800;13;16;0;0;15;17.2;17.1;17;91.1;0;17.7;17.3;18;17.4;15.2;377.7777778;0;0;5.4
16328700;14;16;0;0;15.5;16.7;16.8;17;91;0;17.8;17.2;18;17.6;15.2;377.7777778;0;0;5.4
16329600;14;16;0;0;15.9;16.7;17;16.4;90.4;0;17.9;17.1;18.1;17.8;15.3;383.3333333;0;0;4
16330500;14;16;0;0;16.6;16.7;17.3;16.2;90.1;0;18.1;17;18.2;18.1;15.3;383.3333333;0;0;4
16331400;14;16;0;0;17;16.7;17.5;16.2;89;0;18.2;17;18.2;19;15.3;383.3333333;0;0;4
16332300;14;16;0;0;17;16.7;17.5;16.2;88.4;0;18.5;17;18.3;19.5;15.3;383.3333333;0;0;4
16333200;13;14;35;77;13.7;15.4;17.7;15.5;88.3;0;16.7;16.6;16.9;16.4;15;380.5555556;0;0;4
16334100;13;14;12;0;14.3;14.2;17.3;15.5;88.5;0;16.5;16.4;16.8;15.5;15;380.5555556;0;0;4
16335000;13;15;0;0;13.8;15;16.9;15.3;89.4;0;16.8;16.7;17;15.7;15;380.5555556;0;0;4
16335900;13;14;0;0;14.3;15.2;16.7;14.9;91.1;0;16.8;16.8;17.1;15.9;15;380.5555556;0;0;4
16336800;14;14;0;0;14.7;15.2;16.7;14.8;91.2;0;16.8;16.9;17.1;16;14.8;380.5555556;0;0;4.3
16337700;14;13;0;0;14.7;15.2;16.8;14.8;90.3;0;16.9;17.1;17.4;16;14.8;380.5555556;0;0;4.3
16338600;14;13;0;0;14.9;15.2;16.9;15;89.5;0;16.9;17.2;17.7;16;14.8;380.5555556;0;0;4.3
16339500;14;13;0;0;15.2;15.3;16.9;15.2;89.2;0;16.9;17.4;17.9;16;14.8;380.5555556;0;0;4.3
16340400;14;14;0;0;15.2;15.7;17;15.1;88.9;0;16.8;17.9;18.1;15.9;14.9;383.3333333;2.777777778;2.777777778;4.8
16341300;14;14;0;0;15.6;16.2;16.9;15.1;88;0;16.7;18.4;18.2;15.9;14.9;383.3333333;2.777777778;2.777777778;4.8
16342200;14;14;0;0;15.7;16.2;17;15.1;88.1;0;16.6;18.8;18.3;15.8;14.9;383.3333333;2.777777778;2.777777778;4.8
16343100;15;17;0;0;15.7;17.3;16.9;15;88.9;0;16.6;19;18.2;15.8;14.9;383.3333333;2.777777778;2.777777778;4.8
16344000;15;16;0;0;15.7;17.7;16.9;14.9;88.3;0.6;16.6;18.9;18.7;15.8;14.4;380.5555556;22.22222222;22.22222222;4.8
16344900;15;16;0;0;15.9;17.3;16.9;14.8;87.8;0.9;16.6;18.9;19.3;15.8;14.4;380.5555556;22.22222222;22.22222222;4.8
16345800;15;16;0;0;16.2;17.2;16.8;14.7;87.8;0.9;16.6;18.9;19.3;15.8;14.4;380.5555556;22.22222222;22.22222222;4.8
16346700;15;16;0;0;16.2;17.2;16.8;14.6;88.7;0.9;16.6;18.9;19.3;15.8;14.4;380.5555556;22.22222222;22.22222222;4.8
16347600;15;16;0;0;16.2;17.2;16.9;14.8;89.7;21.5;16.6;18.8;19.3;15.8;14.6;377.7777778;50;50;4.1
16348500;15;16;0;0;16.2;17.2;17.2;14.8;88.6;21.5;16.7;18.5;19.3;15.9;14.6;377.7777778;50;50;4.1
16349400;15;16;0;0;16.2;17.2;17.2;14.9;87.2;21.5;16.7;18.4;19.1;15.9;14.6;377.7777778;50;50;4.1
16350300;15;16;0;0;16.2;17;17.3;15.1;86.9;21.5;16.8;18.4;19;15.9;14.6;377.7777778;50;50;4.1
16351200;15;17;0;0;16.2;16.9;17.6;15.5;86.1;67.9;17;18.5;19;16.1;14.7;377.7777778;100;100;4.4
16352100;15;16;0;0;16.2;17.2;17.6;15.5;85.5;71.2;17.2;18.5;19;16.3;14.7;377.7777778;100;100;4.4
16353000;15;15;0;0;16.2;16.9;17.3;15.2;86.6;69;17.3;18.5;19;16.5;14.7;377.7777778;100;100;4.4
16353900;15;14;0;0;16.2;16.3;17.2;14.7;87.1;65.6;17.4;18.7;19;16.6;14.7;377.7777778;100;100;4.4
16354800;15;13;0;0;16.2;14.8;17.5;15.4;86.9;152.7;17.5;18.7;19.1;16.6;15.7;377.7777778;163.8888889;166.6666667;5.2
16355700;15;13;1;0;16.2;14.7;17.9;15.4;84.8;158.9;17.9;18.8;19.2;16.9;15.7;377.7777778;163.8888889;166.6666667;5.2
16356600;15;15;20;27;15.4;16.1;18.4;15.4;84.9;158.9;18.2;18.3;18.4;17.7;15.7;377.7777778;163.8888889;166.6666667;5.2
16357500;15;15;1;0;15.6;16.2;18.8;15.3;83.3;158.9;18.5;18.5;18.7;17.7;15.7;377.7777778;163.8888889;166.6666667;5.2
16358400;15;16;21;39;15.4;16.7;19.4;16.1;82.9;239.5;18.8;18.8;19;18.1;16.9;375;355.5555556;355.5555556;3.5
16359300;15;16;0;0;15.7;16.7;20.2;16.2;76.9;245.3;19.4;19.4;19.6;18.2;16.9;375;355.5555556;355.5555556;3.5
16360200;15;15;0;0;16.1;16.7;20.8;15.9;72.5;245.3;20.5;20.1;20.6;18.3;16.9;375;355.5555556;355.5555556;3.5
16361100;15;16;0;0;16.1;17.2;21.7;15.5;69.1;245.3;21.8;21.3;21.8;18.5;16.9;375;355.5555556;355.5555556;3.5
16362000;15;17;0;1;16.5;17.5;22.3;16.4;64.4;297.5;22.3;22.2;22.3;18.7;18.4;380.5555556;400;458.3333333;3.8
16362900;16;15;0;0;16.9;16.5;22.2;16.5;64.2;301.2;21.7;21.7;22.1;18.8;18.4;380.5555556;400;458.3333333;3.8
16363800;16;14;0;0;17.2;15.7;22.8;16.5;62.6;303.8;22.5;22;22.9;18.9;18.4;380.5555556;400;458.3333333;3.8
16364700;16;14;0;0;17.2;15.3;23.2;16.5;62;307.6;23.8;22.9;24.1;19.1;18.4;380.5555556;400;458.3333333;3.8
16365600;16;14;0;0;17.6;15.2;23.2;17.4;59;386.4;25.1;23.9;25.1;19.3;20;372.2222222;513.8888889;808.3333333;2.9
16366500;17;14;0;0;17.7;15.2;23.2;17.4;58.7;386.4;26.1;25;25.9;19.5;20;372.2222222;513.8888889;808.3333333;2.9
16367400;17;14;0;0;17.7;15.2;23.6;17.4;57.5;387.5;27.7;26.5;27.1;19.8;20;372.2222222;513.8888889;808.3333333;2.9
16368300;17;14;0;0;17.9;15.2;23.2;17.5;58.1;389.1;28.5;27.4;27.6;20.1;20;372.2222222;513.8888889;808.3333333;2.9
16369200;17;15;0;0;18.2;15.5;23.7;18.1;58.2;477.4;29;28;28;20.4;20.8;372.2222222;313.8888889;447.2222222;1.8
16370100;17;16;0;0;18.2;17.1;23.7;18.1;56.5;477.4;29.7;28.8;28.6;20.7;20.8;372.2222222;313.8888889;447.2222222;1.8
16371000;17;15;0;0;18.2;16.8;23.5;18.6;58.1;477.4;30;28.9;28.7;21;20.8;372.2222222;313.8888889;447.2222222;1.8
16371900;16;14;1;1;18;16.6;23.3;18.9;61.4;477.4;30.1;29.2;29;21.8;20.8;372.2222222;313.8888889;447.2222222;1.8
16372800;15;14;0;0;16.1;15.8;21.7;19.3;74.9;568.5;28.3;28.1;27.5;22.9;20.9;375;263.8888889;588.8888889;1.9
16373700;16;13;0;0;17.6;15.1;22.6;19.3;69.1;575;28.2;27.6;27.1;22.1;20.9;375;263.8888889;588.8888889;1.9
16374600;16;13;0;0;17.8;14.8;23;19.9;65;575;28.6;27.9;27.3;22.2;20.9;375;263.8888889;588.8888889;1.9
16375500;17;13;0;0;18.3;14.8;23.8;20.4;59.2;575;30.4;29;28.6;22.4;20.9;375;263.8888889;588.8888889;1.9
16376400;17;13;1;0;17.9;15.3;24.7;20.6;52.6;573;32.8;30.9;30;23.2;21.4;375;302.7777778;541.6666667;1.6
16377300;15;14;0;0;16.6;15.5;24.9;20.6;52.1;572.7;30.7;30.3;28.7;24.7;21.4;375;302.7777778;541.6666667;1.6
16378200;16;16;0;0;17.8;16.2;24.9;20.8;55.8;572.7;30.6;29.9;28.8;24;21.4;375;302.7777778;541.6666667;1.6
16379100;16;16;0;0;17.9;17;24.7;21.1;54.1;572.7;31.3;30.4;29.5;24.5;21.4;375;302.7777778;541.6666667;1.6
16380000;16;14;0;0;17.9;16;24.1;21.2;54.8;543.7;31.2;30.4;29.4;24.5;19.2;375;269.4444444;291.6666667;1
16380900;16;14;0;0;18.4;15.5;24.4;21.2;50.5;536.4;31.7;30.9;30.1;24.8;19.2;375;269.4444444;291.6666667;1
16381800;16;14;0;0;18.4;15.4;24.6;21.1;50.8;536.4;32.1;31.1;30.1;24.8;19.2;375;269.4444444;291.6666667;1
16382700;16;13;0;0;18.5;15;24.3;21;51.3;536.4;31.7;31.1;29.9;24.9;19.2;375;269.4444444;291.6666667;1
16383600;16;13;0;0;18.9;15;24;21;53;472.8;31.2;30.8;29.5;25;19.6;380.5555556;175;177.7777778;0.8
16384500;15;15;1;1;16.7;16.2;23.7;21;52.9;456.9;29.9;29.9;28.9;26.1;19.6;380.5555556;175;177.7777778;0.8
16385400;16;14;0;0;18.2;15.2;23.6;21.2;53.8;456.9;28.6;28.7;27.9;25;19.6;380.5555556;175;177.7777778;0.8
16386300;16;15;0;0;18.7;15.4;23.3;21.4;53.8;456.9;28.5;28.4;27.6;25;19.6;380.5555556;175;177.7777778;0.8
16387200;17;16;0;0;18.7;16.7;23.6;21.2;54.4;390;28.2;28.1;27.5;25.1;19.3;358.3333333;147.2222222;200;1.8
16388100;17;15;0;0;18.9;16.7;24;21.2;53.7;385.2;28.2;28.1;27.5;25.1;19.3;358.3333333;147.2222222;200;1.8
16389000;17;15;0;0;19.2;16.7;23.8;20;57.2;385.2;28.3;28;27.6;25.1;19.3;358.3333333;147.2222222;200;1.8
16389900;17;15;0;0;19.4;16.7;25.7;19.2;50.8;385.2;28.2;28;27.6;25.2;19.3;358.3333333;147.2222222;200;1.8
16390800;17;15;0;0;19.7;16.7;24.1;18.9;48.9;272.9;27.9;27.9;27.4;25.2;17.9;350;50;52.77777778;2.4
16391700;16;15;0;0;19.7;16.7;22.6;18.9;53.1;264.9;27.2;27.4;26.9;25.1;17.9;350;50;52.77777778;2.4
16392600;16;16;0;0;19.7;16.7;21.6;19.1;57.4;264.9;26.5;26.8;26.4;25;17.9;350;50;52.77777778;2.4
16393500;16;16;0;0;19.7;17;21.4;19.3;61.3;264.9;25.8;26.3;26;24.9;17.9;350;50;52.77777778;2.4
16394400;16;16;0;0;20.1;17.2;21.3;18.8;62.7;141.4;25.3;26;25.7;24.8;17.7;366.6666667;13.88888889;13.88888889;2.5
16395300;16;18;0;0;20.2;18.7;21.3;18.8;64;132.6;25;25.6;25.5;24.7;17.7;366.6666667;13.88888889;13.88888889;2.5
16396200;16;18;0;0;19.2;19.2;21.1;18.7;65.7;132.7;24.4;25;24.9;24.6;17.7;366.6666667;13.88888889;13.88888889;2.5
16397100;17;15;0;0;19.9;17.9;20.9;18.7;66.4;132.8;24.2;24.8;24.9;24.5;17.7;366.6666667;13.88888889;13.88888889;2.5
16398000;17;13;0;0;20;16;20.6;18.2;65.3;47.5;23.9;24.5;24.7;24.4;16.9;333.3333333;0;0;2.2
16398900;17;13;0;0;20.3;15;20.1;18.2;65.8;41.4;23.6;24.2;24.5;24.4;16.9;333.3333333;0;0;2.2
16399800;17;13;0;0;20.5;14.6;19.5;17.7;67.7;41.4;23.3;23.9;24.3;24.3;16.9;333.3333333;0;0;2.2
16400700;17;12;0;0;20.5;14.2;19;17.3;68.9;41.4;23;23.5;24.1;24.3;16.9;333.3333333;0;0;2.2
16401600;17;12;0;0;20.5;14.2;18.6;16.6;70.8;7.6;22.7;23.1;23.9;24.2;17.2;336.1111111;0;0;1.7
16402500;17;12;0;0;20.8;14.2;18.3;16.5;72.8;2.4;22.5;22.9;23.7;24.1;17.2;336.1111111;0;0;1.7
16403400;18;13;0;0;21;15;18.2;16.6;73.9;2.4;22.4;22.6;23.5;24.1;17.2;336.1111111;0;0;1.7
16404300;18;16;0;0;21;16.8;18;16.7;74.6;2.4;22.2;22;23.3;24;17.2;336.1111111;0;0;1.7
16405200;18;15;0;0;21.1;16.8;18;16;75.2;0.2;21.9;21.5;23.3;23.9;15.4;336.1111111;0;0;2.2
16406100;18;15;0;0;21.5;16.8;17.8;16;75.8;0;21.9;20.4;23.5;23.9;15.4;336.1111111;0;0;2.2
16407000;18;15;0;0;21.5;16.8;17.6;16.1;77;0;22.3;18.7;24.7;23.9;15.4;336.1111111;0;0;2.2
16407900;18.5;15.5;0;0;21.75;17.25;17.6;16.95;77;0;20.55;17.6;23.45;23.7;15.4;336.1111111;0;0;2.2
16408800;19;16;0;0;22;17.7;17.6;17.8;77;0;18.8;16.5;22.2;23.5;15;344.4444444;0;0;3.5
16409700;19;16;0;0;21.9;18.2;17.5;17.9;77.6;0;17.3;16.4;19.6;23.8;15;344.4444444;0;0;3.5
16410600;19;17;0;0;18.8;18.8;17.4;17.9;78.1;0;16.6;16.2;19.1;23.6;15;344.4444444;0;0;3.5
16411500;18;17;0;0;17.3;18.9;17.5;17.9;78;0;16.4;16.1;20.6;23;15;344.4444444;0;0;3.5
16412400;17;18;0;0;16.5;19;17.6;17.1;78.5;0;16.4;16;21.5;21.9;14.6;322.2222222;0;0;2.9
16413300;17;18;0;0;16.5;19.2;17.4;17;79.4;0;16.5;15.8;20.4;21.1;14.6;322.2222222;0;0;2.9
16414200;17;17;0;0;16.5;18.3;17.2;17;79.5;0;16.6;15.7;19.2;22.1;14.6;322.2222222;0;0;2.9
16415100;17;17;0;0;16.5;17.8;16.9;17;80;0;16.5;15.5;18.3;19.8;14.6;322.2222222;0;0;2.9
16416000;16;16;0;0;16.5;17.7;16.7;16.3;80.9;0;16.4;15.3;17.7;18.6;14.1;313.8888889;0;0;2.4
16416900;16;16;0;0;16.5;17.3;16.4;16.2;81.5;0;16.1;15;18;18.3;14.1;313.8888889;0;0;2.4
16417800;16;16;0;0;16.5;17.3;16.1;16.2;82.3;0;15.9;14.8;18.1;18.3;14.1;313.8888889;0;0;2.4
16418700;16;16;0;0;16.5;17.3;15.9;16.2;82.7;0;15.7;14.5;17.6;18.3;14.1;313.8888889;0;0;2.4
16419600;16;16;0;0;16.5;17.3;15.8;14.2;83.1;0;15.5;14.3;17.3;18.3;13.5;311.1111111;0;0;2.6
16420500;17;16;0;0;16.9;16.9;15.7;13.9;83.6;0;15.3;14.2;17.1;18.2;13.5;311.1111111;0;0;2.6
16421400;16;16;0;0;16.5;17.5;15.4;14;84;0;15;14.1;16.9;18.1;13.5;311.1111111;0;0;2.6
16422300;15;13;0;0;16.1;15.3;15.4;14.1;84.3;0;14.7;14;16.5;18;13.5;311.1111111;0;0;2.6
16423200;15;13;0;0;15.7;14;15.3;13.8;84.5;0;14.5;13.9;16.6;17.8;13.1;308.3333333;0;0;2.2
16424100;14;12;0;0;15.2;13.8;15.1;13.8;84.5;0;14.4;13.7;16.8;17.8;13.1;308.3333333;0;0;2.2
16425000;14;12;0;0;15;13.8;15;13.7;84.5;0;14.3;13.6;16.8;17.8;13.1;308.3333333;0;0;2.2
16425900;14;12;0;0;15;13.8;15;13.7;84.5;0;14.2;13.4;16.6;17.6;13.1;308.3333333;0;0;2.2
16426800;14;12;0;0;15;13.8;14.9;13.6;84.5;0;14.1;13.3;16.2;17.4;12.5;319.4444444;25;25;2.4
16427700;14;13;0;0;15;13.8;14.8;13.6;84.5;0;14;13.2;15.9;17.1;12.5;319.4444444;25;25;2.4
16428600;14;13;0;0;15;13.8;14.8;13.5;85;0;13.9;13.1;15.7;16.9;12.5;319.4444444;25;25;2.4
16429500;14;15;0;0;15;15.5;14.7;13.3;85.1;0;13.8;13;15.5;16.7;12.5;319.4444444;25;25;2.4
16430400;14;15;0;0;15;15.8;14.8;13.4;85.5;3;13.9;13;15.5;16.6;13;313.8888889;66.66666667;144.4444444;2.2
16431300;14;14;0;0;15;15.4;15;13.4;85.5;3.7;14.3;13.1;15.4;16.6;13;313.8888889;66.66666667;144.4444444;2.2
16432200;14;14;0;0;15;15.3;15.3;13.3;85.5;3.7;14.9;13.2;15.5;16.5;13;313.8888889;66.66666667;144.4444444;2.2
16433100;14;14;0;0;15;15.3;15.6;13.2;85.1;3.7;15.6;13.4;15.5;16.5;13;313.8888889;66.66666667;144.4444444;2.2
16434000;14;14;0;0;15;15.3;16.1;13.6;83.5;48.9;16.5;13.8;15.7;16.5;14.8;313.8888889;83.33333333;305.5555556;2.8
16434900;14;14;0;0;15;14.9;16.5;13.7;82;65.3;17.5;14.3;16.2;16.5;14.8;313.8888889;83.33333333;305.5555556;2.8
16435800;14;13;0;0;15;14.7;16.9;13.5;80.4;65.3;18.7;15.1;17.1;16.6;14.8;313.8888889;83.33333333;305.5555556;2.8
16436700;14;13;0;0;15;14.3;17.3;13;79.4;65.3;20.3;16.5;18.2;16.7;14.8;313.8888889;83.33333333;305.5555556;2.8
16437600;15;14;0;0;15.5;15.1;17.8;14.1;77.9;166;21.6;17.9;19.8;16.9;17.3;319.4444444;91.66666667;472.2222222;3.1
16438500;15;16;0;0;15.5;16.3;18.1;14.1;76.9;166;22.8;19;21.4;17;17.3;319.4444444;91.66666667;472.2222222;3.1
16439400;15;16;0;0;15.5;16.8;18.4;14;76.3;166.7;23.9;20.3;23.1;17.3;17.3;319.4444444;91.66666667;472.2222222;3.1
16440300;16;16;0;0;16.4;17;19;14;75.1;167.1;24.7;21.5;24.8;17.8;17.3;319.4444444;91.66666667;472.2222222;3.1
16441200;16;15;0;0;17.5;16.1;19.6;15.3;73.6;302.2;25.5;22.4;26;19.1;18.8;330.5555556;152.7777778;597.2222222;3.3
16442100;16;13;0;0;17.4;15.2;20.2;15.4;71.8;311.8;27.4;23.9;28.4;19.6;18.8;330.5555556;152.7777778;597.2222222;3.3
16443000;16;13;0;0;17.4;14.6;20.7;15.8;69.2;311.8;28.9;25.7;30.6;20.2;18.8;330.5555556;152.7777778;597.2222222;3.3
16443900;16;12;0;0;17.4;14.3;21.2;16.1;67.7;311.8;30.2;27.4;32.5;20.6;18.8;330.5555556;152.7777778;597.2222222;3.3
16444800;16;12;0;0;17.4;14.3;21.9;17.3;64.7;440.9;31.5;29.2;34;20.9;20.4;338.8888889;186.1111111;736.1111111;3.2
16445700;17;12;0;0;17.4;14.3;22.6;17.5;61.4;460.8;32.7;30.7;35;21.3;20.4;338.8888889;186.1111111;736.1111111;3.2
16446600;17;12;0;0;17.6;14;22.9;18;57.7;460.8;33.8;32;35.7;21.6;20.4;338.8888889;186.1111111;736.1111111;3.2
16447500;17;14;0;0;17.9;15.2;23;18.7;55.5;460.8;34.8;33.2;36.3;22;20.4;338.8888889;186.1111111;736.1111111;3.2
16448400;17;15;0;0;17.9;16.3;23.5;19.7;51.9;551.4;36.2;34.2;36.9;22.5;21.5;352.7777778;258.3333333;758.3333333;3.5
16449300;15;15;1;0;16.8;15.8;23.8;20.1;49.7;584.4;35.4;34.5;35.3;25.9;21.5;352.7777778;258.3333333;758.3333333;3.5
16450200;16;13;0;0;17.2;15.1;24.3;20.1;49.3;588.8;34.9;33.2;34.3;24.7;21.5;352.7777778;258.3333333;758.3333333;3.5
16451100;16;13;0;0;17.6;14.7;24.7;20.2;46.7;595.3;37;35;35.5;25.5;21.5;352.7777778;258.3333333;758.3333333;3.5
16452000;16;12;1;1;17.4;14.5;25;21.2;46.1;677.5;38.8;37;37.1;26.7;22.5;355.5555556;250;747.2222222;4.2
16452900;14;13;0;0;15.5;14.8;25.3;21.5;46.6;707.4;37.1;36.3;36.1;29.8;22.5;355.5555556;250;747.2222222;4.2
16453800;15;13;0;0;16.8;14.5;25.6;21.5;45.2;703.2;38.8;36.7;36.6;29.1;22.5;355.5555556;250;747.2222222;4.2
16454700;15;12;0;0;17;14.4;25.5;21.6;44.8;696.8;41.3;39.1;37.7;29.7;22.5;355.5555556;250;747.2222222;4.2
16455600;15;13;0;0;17.3;14.2;25.5;22.5;44.2;730.7;42.5;40.8;38.7;30.2;23.4;355.5555556;202.7777778;850;3.8
16456500;14;14;0;0;15.9;15.8;25.6;22.5;44.7;730.7;41.8;41.3;39.3;33;23.4;355.5555556;202.7777778;850;3.8
16457400;15;14;0;0;16.5;15;26.4;22.4;43.1;730.7;40.1;39.1;37.8;31.5;23.4;355.5555556;202.7777778;850;3.8
16458300;15;13;0;0;17.1;14.7;26.2;22.4;41.9;730.7;42.7;41.1;38.7;32.5;23.4;355.5555556;202.7777778;850;3.8
16459200;15;12;0;0;17.1;14.5;26.6;23.1;44.4;744.2;44.3;42.7;39.5;32.9;23.7;366.6666667;258.3333333;680.5555556;2.9
16460100;14;12;0;0;17.6;14;26.4;23.1;43.5;745.2;44.6;43.6;39.6;33.4;23.7;366.6666667;258.3333333;680.5555556;2.9
16461000;14;12;0;0;17.6;14;26.7;23.1;43.9;745.2;43.8;43.5;39.7;33.6;23.7;366.6666667;258.3333333;680.5555556;2.9
16461900;14;14;1;1;16;14.7;26.7;23.1;44.1;745.2;42.2;42.5;38.9;35;23.7;366.6666667;258.3333333;680.5555556;2.9
16462800;15;13;0;0;17.1;14.7;27.3;23.9;42.9;702.2;39.6;39.7;37;33.2;24.4;380.5555556;308.3333333;483.3333333;4.1
16463700;15;13;0;0;17.3;14.6;27.8;24;42.5;695.6;41.1;40.7;37.9;33.9;24.4;380.5555556;308.3333333;483.3333333;4.1
16464600;16;14;0;0;17.8;15.1;28.2;24.1;41.3;695.6;42;41.7;38.6;34;24.4;380.5555556;308.3333333;483.3333333;4.1
16465500;14;15;1;1;16.3;15.7;28;24.2;41.3;695.6;40.9;41.2;38;35.1;24.4;380.5555556;308.3333333;483.3333333;4.1
16466400;15;13;0;0;16.8;14.7;28.2;24.5;40.3;644.8;37.5;38.1;35.8;33.2;24.8;363.8888889;230.5555556;605.5555556;6.3
16467300;15;13;0;0;17.4;14.7;28.6;24.6;39.8;632.1;38.6;38.4;36.7;34;24.8;363.8888889;230.5555556;605.5555556;6.3
16468200;15;13;0;0;17.5;14.7;28.4;24.4;40.2;632.1;39.5;39;37.3;34.1;24.8;363.8888889;230.5555556;605.5555556;6.3
16469100;16;13;0;0;17.9;14.7;28.3;24.1;39.5;632.1;39.8;39.4;38;34.1;24.8;363.8888889;230.5555556;605.5555556;6.3
16470000;16;13;0;0;18;14.7;28.5;24.2;40.3;531.1;40.2;39.8;38.6;34.2;25.1;369.4444444;180.5555556;352.7777778;2.2
16470900;15;13;0;0;18;14.7;28.6;24.2;38.6;494.4;39.7;39.8;38.7;34.3;25.1;369.4444444;180.5555556;352.7777778;2.2
16471800;15;13;0;0;18.5;14.7;28.3;24.3;39.3;494.4;39.3;39.5;39;34.3;25.1;369.4444444;180.5555556;352.7777778;2.2
16472700;15;15;0;0;18.5;15.4;28.2;24.5;39.2;494.4;38.5;39;38.8;34.4;25.1;369.4444444;180.5555556;352.7777778;2.2
16473600;15;16;0;0;18.5;17.2;28.8;24.4;38.7;402.8;37.8;38.2;38.4;34.2;24.2;369.4444444;133.3333333;208.3333333;1.7
16474500;15;16;0;0;18.8;17.2;29.2;24.4;37.9;379.9;37.3;37.7;38.4;34.2;24.2;369.4444444;133.3333333;208.3333333;1.7
16475400;15;16;0;0;19;17.2;30.5;24.5;35.3;379.9;36.9;37.6;38.1;34.2;24.2;369.4444444;133.3333333;208.3333333;1.7
16476300;15;16;0;0;19;17.2;33.3;24.7;30.6;379.9;36.4;37.4;37.8;34.2;24.2;369.4444444;133.3333333;208.3333333;1.7
16477200;15;16;0;0;19.4;17.2;34.5;24.2;27.7;270.2;35.7;37.1;37.3;34.2;23.2;355.5555556;61.11111111;88.88888889;2.4
16478100;15;16;0;0;18.6;17.5;34.2;24.1;29;253.3;34.8;36.6;36.4;34.1;23.2;355.5555556;61.11111111;88.88888889;2.4
16479000;16;14;0;0;18.9;16.7;29.7;24.3;35.1;253.3;33.5;35.7;35.2;33.7;23.2;355.5555556;61.11111111;88.88888889;2.4
16479900;16;13;0;0;18.9;15.3;27;24.5;41.3;253.3;32.6;35;34.4;33.6;23.2;355.5555556;61.11111111;88.88888889;2.4
16480800;16;12;0;0;19.3;14.5;26.3;23.8;43.5;141.5;31.7;34.1;33.5;33.3;22.1;372.2222222;11.11111111;11.11111111;2.2
16481700;16;15;0;0;19.4;16.3;25.8;23.7;45.5;133.5;30.9;33.2;32.6;33.1;22.1;372.2222222;11.11111111;11.11111111;2.2
16482600;16;15;0;0;19.4;16.6;25.3;23.6;47.4;134.2;30.2;32.4;31.8;32.8;22.1;372.2222222;11.11111111;11.11111111;2.2
16483500;16;13;0;0;19.6;15.3;25;23.5;49.6;134.7;29.6;31.7;31.1;32.5;22.1;372.2222222;11.11111111;11.11111111;2.2
16484400;16;13;0;0;19.9;14.8;24.9;22.2;50.8;43.5;29.1;31;30.5;32.3;21.7;400;0;0;1.9
16485300;17;13;0;0;19.9;14.8;24.6;22.1;52.3;37;28.7;30.4;30;31.9;21.7;400;0;0;1.9
16486200;17;14;0;0;20.2;15.1;24.5;22;53.4;37;28.3;29.9;29.6;31.6;21.7;400;0;0;1.9
16487100;17;14;0;0;20.4;15.3;24.5;21.9;54;37;27.9;29.4;29.2;31.3;21.7;400;0;0;1.9
16488000;17;14;0;0;20.4;15.7;24.5;20.9;55.2;6.1;27.6;28.9;28.8;31;20.3;391.6666667;0;0;1.5
16488900;17;15;0;0;20.4;15.9;24;20.8;63.3;1.3;26.8;27.9;28;30.6;20.3;391.6666667;0;0;1.5
16489800;17;16;0;0;20.7;17;23.3;20.9;66.1;1.3;26.2;27.2;27.5;30.2;20.3;391.6666667;0;0;1.5
16490700;17;18;0;0;20.9;18.3;22.7;21;65.8;1.3;25.7;26.6;26.9;29.8;20.3;391.6666667;0;0;1.5
16491600;17;17;0;0;20.9;18.7;21.7;20.1;69;0.2;25.3;26.1;26.4;29.3;17.5;377.7777778;0;0;1.3
16492500;17;17;0;0;21.1;18.8;21.1;20;71.3;0;24.9;25.7;26.1;29;17.5;377.7777778;0;0;1.3
16493400;18;17;0;0;21.4;18.8;20.8;20.5;70;0;24.5;25.2;25.8;28.7;17.5;377.7777778;0;0;1.3
16494300;18;17;0;0;21.4;18.8;20.5;20.9;70.4;0;24.2;24.8;25.4;28.4;17.5;377.7777778;0;0;1.3
16495200;18;17;0;0;21.4;18.8;20.4;18.3;70.8;0;23.9;24.5;25.2;28.1;16.9;386.1111111;0;0;0.8
16496100;18;18;0;0;21.9;18.8;20.3;17.9;71.4;0;23.6;24.1;24.9;27.8;16.9;386.1111111;0;0;0.8
16497000;18;18;0;0;21.9;18.8;20.2;17.9;72.8;0;23.1;23.6;24.4;27.6;16.9;386.1111111;0;0;0.8
16497900;18;18;0;0;21.4;19.1;20;17.9;73.9;0;22.1;22.6;23.4;27.4;16.9;386.1111111;0;0;0.8
16498800;18;19;0;0;19.5;21;20.2;17.1;75.1;0;20;19.7;22.7;27.3;16.7;388.8888889;0;0;2.2
16499700;18;19;0;0;19.2;21.7;20.1;17;74.8;0;21;18.6;25.7;27.1;16.7;388.8888889;0;0;2.2
16500600;18;14;0;0;19.2;18.1;20;17;76.2;0;19.6;18.3;23.1;26.9;16.7;388.8888889;0;0;2.2
16501500;17;15;0;0;18.9;18.7;19.9;17;74.8;0;18.6;18.2;20.8;26.8;16.7;388.8888889;0;0;2.2
16502400;16;18;0;0;17.5;20.4;19.5;16.4;75.5;0;18;18;19.8;26.8;15.7;380.5555556;0;0;3.1
16503300;16;15;0;0;16.7;19.2;19.3;16.2;76.6;0;17.7;17.9;19.4;26.5;15.7;380.5555556;0;0;3.1
16504200;16;14;0;0;16.9;15.8;18.9;16.2;77.6;0;17.6;17.7;20.6;26;15.7;380.5555556;0;0;3.1
16505100;16;14;0;0;17.2;15.9;18.7;16.2;78;0;17.4;17.5;22.2;25.8;15.7;380.5555556;0;0;3.1
16506000;16;15;0;0;17.2;16.3;18.5;16.1;77.8;0;17.3;17.3;20.4;25.6;15.7;375;0;0;3.7
16506900;16;16;0;0;17;17.1;18.5;16.1;77.1;0;17.3;17.3;19.7;25.4;15.7;375;0;0;3.7
16507800;16;18;0;0;16.7;18.3;18.5;16.1;77.5;0;17.4;17.3;19.4;25.1;15.7;375;0;0;3.7
16508700;16;17;0;0;16.7;18.3;18.5;16.2;76.3;0;17.4;17.2;19.3;25.1;15.7;375;0;0;3.7
16509600;16;17;0;0;16.7;18.3;18.4;15.9;76.8;0;17.4;17.2;19.2;25;15.6;363.8888889;0;0;4.2
16510500;16;17;0;0;16.7;17.8;18.5;15.9;77.7;0;17.4;17.2;19.4;24.9;15.6;363.8888889;0;0;4.2
16511400;16;17;0;0;16.7;17.8;18.5;15.5;77;0;17.4;17.2;19.5;24.7;15.6;363.8888889;0;0;4.2
16512300;16;17;0;0;16.7;17.8;18.5;15.3;77.2;0;17.3;17.1;19.5;24.6;15.6;363.8888889;0;0;4.2
16513200;16;17;0;0;16.7;17.8;18.5;15.4;77.1;0;17.3;17.1;19.4;24.6;15.5;361.1111111;13.88888889;13.88888889;3.7
16514100;16;17;0;0;16.7;17.8;18.5;15.4;77.5;0;17.2;17;19.3;24.5;15.5;361.1111111;13.88888889;13.88888889;3.7
16515000;16;17;0;0;16.7;17.8;18.5;15.5;77.9;0;17.2;17;19.3;24.4;15.5;361.1111111;13.88888889;13.88888889;3.7
16515900;16;19;0;0;16.7;19.1;18.5;15.7;78.4;0;17.1;16.9;19.2;24.2;15.5;361.1111111;13.88888889;13.88888889;3.7
16516800;16;18;0;0;16.7;19.3;18.5;15.6;78.1;0.8;17.1;16.9;19.2;24.2;15.9;369.4444444;44.44444444;44.44444444;2.8
16517700;16;17;0;0;16.7;18.7;18.6;15.5;77.1;1.2;17.1;16.9;19.2;24.2;15.9;369.4444444;44.44444444;44.44444444;2.8
16518600;16;17;0;0;16.7;18.3;18.9;15.5;76.5;1.2;17.3;17.1;19.4;24;15.9;369.4444444;44.44444444;44.44444444;2.8
16519500;16;17;0;0;16.7;18.1;19.2;15.4;75.7;1.2;17.5;17.2;19.5;23.9;15.9;369.4444444;44.44444444;44.44444444;2.8
16520400;17;17;0;0;17.5;17.8;19.4;15.4;74.4;32.5;17.7;17.4;19.5;22.9;16;344.4444444;125;169.4444444;2
16521300;18;15;0;0;17.3;16.8;19.4;15.4;73.9;32.5;17.8;17.5;19.4;22.5;16;344.4444444;125;169.4444444;2
16522200;17;13;0;0;16.9;15.1;19.3;15.4;74.1;32.5;17.9;17.6;19.4;22.7;16;344.4444444;125;169.4444444;2
16523100;17;13;0;0;16.9;14.4;19.8;15.4;72.9;32.5;18.3;18;19.3;22.8;16;344.4444444;125;169.4444444;2
16524000;17;14;0;0;16.9;15.5;20.3;15.7;70.9;103.7;19;18.5;19.4;22.8;17.4;336.1111111;152.7777778;519.4444444;2
16524900;16;15;0;0;16.9;16.8;20.3;15.8;69;114.7;20.3;19.7;19.9;22.7;17.4;336.1111111;152.7777778;519.4444444;2
16525800;16;16;0;0;16.9;16.8;20.2;16;66.9;117;22.4;21;21.1;22.8;17.4;336.1111111;152.7777778;519.4444444;2
16526700;16;16;0;0;16.9;16.8;20.5;16.2;65.4;118.5;24.4;22.2;23.2;22.8;17.4;336.1111111;152.7777778;519.4444444;2
16527600;16;15;0;0;17.1;16.8;20.9;16.9;63.6;220;25.5;23.2;24.9;22.9;17.8;363.8888889;266.6666667;341.6666667;1.3
16528500;17;15;0;0;17.4;16.8;20.9;16.9;62.3;227.2;26.1;24;25.8;23;17.8;363.8888889;266.6666667;341.6666667;1.3
16529400;17;15;0;0;17.4;16.8;21.2;16.8;61.7;227.2;27.5;25.4;27.5;23.1;17.8;363.8888889;266.6666667;341.6666667;1.3
16530300;17;16;0;0;17.8;16.8;22.2;16.7;59.8;227.2;29;26.9;29.5;23.2;17.8;363.8888889;266.6666667;341.6666667;1.3
16531200;16;16;0;0;17.5;18.2;23.1;17.6;57.2;314.5;28.9;27.7;29.3;23.8;18.7;363.8888889;319.4444444;455.5555556;1.6
16532100;16;15;0;0;17.8;17.4;22.4;17.7;57.4;327.9;29;27.6;29.3;26.3;18.7;363.8888889;319.4444444;455.5555556;1.6
16533000;16;14;0;0;17.8;15.7;22.6;18;57.2;327.9;30.1;28.3;29.9;26.7;18.7;363.8888889;319.4444444;455.5555556;1.6
16533900;16;15;0;0;17.8;17.2;23.2;18.4;55.1;327.9;31;29.3;30.7;26.7;18.7;363.8888889;319.4444444;455.5555556;1.6
16534800;16;16;0;0;18;17.5;22.9;19.2;54;422.4;30.7;29.1;30.3;26.6;18.6;377.7777778;383.3333333;388.8888889;0.6
16535700;16;14;0;0;18.3;16.1;22.8;19.2;53.9;422.4;30.2;28.8;29.9;26.5;18.6;377.7777778;383.3333333;388.8888889;0.6
16536600;17;13;0;0;18.3;15.1;22.5;19.1;54.4;425.3;29.6;28.4;29.3;26.4;18.6;377.7777778;383.3333333;388.8888889;0.6
16537500;17;13;0;0;18.5;15.1;23.1;18.8;53;431.2;29.6;28.5;29.2;26.4;18.6;377.7777778;383.3333333;388.8888889;0.6
16538400;17;13;0;0;18.8;15.1;24.2;19.5;50.7;491.8;30.3;29;29.7;26.5;19.3;380.5555556;475;486.1111111;0.8
16539300;17;13;0;0;18.8;15.1;24.3;19.6;50.7;496.1;31.2;29.8;30.3;26.6;19.3;380.5555556;475;486.1111111;0.8
16540200;17;13;0;0;19.3;15.1;24.6;19.5;50.1;489.4;31.9;30.5;30.8;26.8;19.3;380.5555556;475;486.1111111;0.8
16541100;17;13;0;0;19.3;14.9;25.2;19.5;48.8;485;32.7;31.3;31.5;26.9;19.3;380.5555556;475;486.1111111;0.8
16542000;18;14;0;0;19.3;14.9;24.9;20.1;48.7;540.6;32.8;31.6;31.6;27;19.8;383.3333333;463.8888889;477.7777778;1.1
16542900;18;15;0;0;19.7;16.8;24.5;20.2;49.6;549.2;32.4;31.4;31.4;27.1;19.8;383.3333333;463.8888889;477.7777778;1.1
16543800;18;14;0;0;19.8;16.1;24.9;19.7;48.5;549.2;32.2;31.3;31.3;27.1;19.8;383.3333333;463.8888889;477.7777778;1.1
16544700;18;13;0;0;19.8;14.9;25.5;19.3;47.1;549.2;32.4;31.4;31.6;27.2;19.8;383.3333333;463.8888889;477.7777778;1.1
16545600;18;12;0;0;20.3;14.4;25.8;19.7;46.6;581.7;33;31.9;32.3;27.4;21;383.3333333;394.4444444;450;1.4
16546500;18;12;0;0;20.3;14.1;26;19.8;45.9;589.8;33.6;32.4;32.8;27.5;21;383.3333333;394.4444444;450;1.4
16547400;19;12;0;0;20.6;14;26.1;19.8;43.9;589.8;35;33.5;34;27.7;21;383.3333333;394.4444444;450;1.4
16548300;19;12;0;0;20.8;13.6;25.7;19.7;45.7;589.8;36.2;34.7;34.6;28;21;383.3333333;394.4444444;450;1.4
16549200;18;13;1;0;20.3;14.4;26;20.2;44.8;619.1;36.4;35;34.7;28.6;20.7;386.1111111;397.2222222;438.8888889;1.2
16550100;15;14;0;0;16.9;15.9;25.2;20.4;46.7;629.7;34;33.1;32.7;29.8;20.7;386.1111111;397.2222222;438.8888889;1.2
16551000;17;15;0;0;19;15.5;25.4;20.4;49.1;629.7;32.8;32;31.9;28.8;20.7;386.1111111;397.2222222;438.8888889;1.2
16551900;17;15;0;0;19.1;16.1;25.8;20.5;49.8;629.7;32.8;32;32;28.9;20.7;386.1111111;397.2222222;438.8888889;1.2
16552800;17;13;0;0;19.5;15.4;26.7;20.8;47.5;602.9;33.4;32.4;32.7;28.9;21.2;369.4444444;238.8888889;388.8888889;1.1
16553700;18;13;0;0;20;15.1;26.6;20.9;46.5;589.5;34.8;33.3;33.8;29;21.2;369.4444444;238.8888889;388.8888889;1.1
16554600;15;15;0;0;16.5;15.6;26.4;21.2;45.2;589.5;34.4;33.8;33.3;30.5;21.2;369.4444444;238.8888889;388.8888889;1.1
16555500;17;13;0;0;18.9;14.5;26.2;21.4;45.3;589.5;35;33.6;33.9;30;21.2;369.4444444;238.8888889;388.8888889;1.1
16556400;17;13;0;0;19;14.5;25.7;21.5;46.4;482;35.4;33.9;33.9;30.2;21.2;363.8888889;163.8888889;222.2222222;0.6
16557300;16;13;0;0;19;14.1;25.3;21.5;47.4;482;34.8;33.7;33.5;30.3;21.2;363.8888889;163.8888889;222.2222222;0.6
16558200;17;13;0;0;19.2;14;25.5;21.1;48.2;482;34.2;33.4;33.3;30.2;21.2;363.8888889;163.8888889;222.2222222;0.6
16559100;17;14;0;0;19.7;14.4;26.3;20.8;46.3;482;34.3;33.5;34;30.2;21.2;363.8888889;163.8888889;222.2222222;0.6
16560000;18;15;0;0;20;16.4;26.5;20.8;44.6;397.5;34.8;33.9;35.1;30.1;21.1;355.5555556;97.22222222;155.5555556;0.7
16560900;18;15;0;0;20.1;16.5;26.4;20.8;44.2;384.5;35;34.2;36.1;30.3;21.1;355.5555556;97.22222222;155.5555556;0.7
16561800;18;15;0;0;20.5;16.5;28.3;21;40.6;384.5;35;34.9;36.6;30.5;21.1;355.5555556;97.22222222;155.5555556;0.7
16562700;17;15;0;0;20.5;16.5;28.8;21.2;39;384.5;34.6;35.2;36.4;30.7;21.1;355.5555556;97.22222222;155.5555556;0.7
16563600;16;15;0;0;20.5;16.5;32.6;21;32.3;272.4;34;35.1;35.8;30.7;21.2;338.8888889;47.22222222;147.2222222;1.6
16564500;16;15;0;0;19.5;16.9;30.3;21;35.2;264.4;33.4;34.9;35;31;21.2;338.8888889;47.22222222;147.2222222;1.6
16565400;17;14;0;0;19.5;15.6;26.5;21;43.9;264.4;31.7;33.7;33.3;30.6;21.2;338.8888889;47.22222222;147.2222222;1.6
16566300;17;13;0;0;20.1;14.9;24.5;21;48.2;264.4;30.9;33.1;32.7;30.6;21.2;338.8888889;47.22222222;147.2222222;1.6
16567200;17;12;0;0;20.1;14.1;23.4;20;51.6;152.3;29.9;32.3;31.8;30.5;20.5;336.1111111;16.66666667;33.33333333;1.3
16568100;17;15;0;0;20.1;15.9;22.9;19.8;55.7;135;29.1;31.4;31;30.3;20.5;336.1111111;16.66666667;33.33333333;1.3
16569000;17;14;0;0;20.1;16.3;22.4;19.8;58.6;135;28.3;30.6;30.4;30.1;20.5;336.1111111;16.66666667;33.33333333;1.3
16569900;17;13;0;0;20.1;14.9;22.1;19.9;60;135.1;27.7;29.8;29.6;29.9;20.5;336.1111111;16.66666667;33.33333333;1.3
16570800;17;12;0;0;20.2;14.5;21.5;19.3;62.2;62.3;27.2;29.1;29;29.7;19;330.5555556;0;0;1
16571700;17;12;0;0;20.6;14.4;20.9;19.1;64.7;44.1;26.7;28.4;28.5;29.6;19;330.5555556;0;0;1
16572600;17;12;0;0;20.6;14;20.4;20;66.4;44.1;26.3;27.8;28;29.4;19;330.5555556;0;0;1
16573500;17;12;0;0;20.6;14;20;20.5;68.4;44.1;25.9;27.3;27.6;29.2;19;330.5555556;0;0;1
16574400;18;13;0;0;21;14.1;19.7;19.3;69.1;1.9;25.6;26.7;27.2;28.9;18.5;330.5555556;0;0;1.4
16575300;18;13;0;0;21.1;14.5;19.4;19.3;70.4;1.9;25.2;26.2;26.8;28.6;18.5;330.5555556;0;0;1.4
16576200;18;14;0;0;21.1;15.5;19;19.4;71.5;1.9;24.9;25.7;26.4;28.3;18.5;330.5555556;0;0;1.4
16577100;18;16;0;0;21.1;17.1;18.9;19.5;72.6;1.9;24.5;25.1;26;28;18.5;330.5555556;0;0;1.4
16578000;18;16;0;0;21.5;17.5;18.7;18.7;73.5;0.3;24.1;24.7;25.6;27.7;16.6;322.2222222;0;0;1.8
16578900;18;16;0;0;21.6;17.5;18.6;18.6;73.9;0;23.8;24.4;25.3;27.5;16.6;322.2222222;0;0;1.8
16579800;18;16;0;0;21.6;17.5;18.4;18.4;74.4;0;23.5;23.9;25.1;27.3;16.6;322.2222222;0;0;1.8
16580700;18;16;0;0;22.1;17.5;18.2;18.2;75.3;0;23.2;23.4;24.8;27.2;16.6;322.2222222;0;0;1.8
16581600;19;16;0;0;22.1;17.5;17.9;17.9;76;0;22.9;22.9;24.6;27;15.5;322.2222222;0;0;1.6
16582500;19;17;0;0;22.1;17.6;17.7;17.9;76.4;0;22.7;22.1;24.5;26.9;15.5;322.2222222;0;0;1.6
16583400;19;17;0;0;22.3;18;17.5;17.9;76.7;0;22.6;20.4;24.9;26.7;15.5;322.2222222;0;0;1.6
16584300;19;17;0;0;22.6;18;17.4;17.9;77.2;0;23.4;17.8;25.1;26.6;15.5;322.2222222;0;0;1.6
16585200;19;19;0;0;22.6;19.7;17.3;17.1;77.7;0;20.4;16.1;23.7;26;14.6;319.4444444;0;0;2.8
16586100;19;19;0;0;22.6;20.5;17.1;17;78.2;0;17;15.8;20.5;26.2;14.6;319.4444444;0;0;2.8
16587000;19;19;0;0;18.9;20.5;17;17;78.6;0;16;15.6;19.3;25.7;14.6;319.4444444;0;0;2.8
16587900;18;18;0;0;16.9;19.6;16.9;17;78.8;0;15.8;15.3;21.4;24.1;14.6;319.4444444;0;0;2.8
16588800;17;17;0;0;16.1;18.6;16.8;16.5;79.8;0;16;15.2;21.1;21.6;14.1;313.8888889;0;0;1.9
16589700;16;16;0;0;16.4;16.9;16.6;16.2;80.3;0;16.3;15.1;19.5;22.8;14.1;313.8888889;0;0;1.9
16590600;15;13;0;0;15.7;15.3;16.5;16.2;80.6;0;16.4;14.9;18;20.2;14.1;313.8888889;0;0;1.9
16591500;15;12;0;0;15;13.9;16.4;16.2;81.3;0;16.3;14.9;18;18.3;14.1;313.8888889;0;0;1.9
16592400;14;12;0;0;14.7;13.5;16.2;14.9;81.9;0;16.1;14.7;18.1;17.9;13.7;311.1111111;0;0;3.8
16593300;14;14;0;0;14.7;14.3;16;14.2;82.1;0;15.8;14.5;17.6;18;13.7;311.1111111;0;0;3.8
16594200;14;14;0;0;14.7;15.8;15.9;14.1;82.5;0;15.6;14.4;17.3;18.1;13.7;311.1111111;0;0;3.8
16595100;14;14;0;0;14.7;15.4;15.9;14.1;82.6;0;15.4;14.2;17;18.1;13.7;311.1111111;0;0;3.8
16596000;14;13;0;0;14.8;15;15.9;13.8;82.5;0;15.3;14.1;16.8;18.1;13.5;313.8888889;0;0;4.8
16596900;14;14;0;0;15.2;15;15.7;13.8;82.5;0;15;13.9;16.5;18.1;13.5;313.8888889;0;0;4.8
16597800;14;14;0;0;15.2;15;15.6;13.7;82.6;0;14.8;13.7;16.2;18.1;13.5;313.8888889;0;0;4.8
16598700;14;14;0;0;15.2;15;15.5;13.7;82.6;0;14.5;13.6;16.1;17.9;13.5;313.8888889;0;0;4.8
16599600;14;14;0;0;15.6;15;15.5;13.7;83;0;14.5;13.5;15.9;17.6;12.7;311.1111111;16.66666667;27.77777778;4.3
16600500;15;14;0;0;15.7;15;15.5;13.7;83.1;0;14.3;13.4;15.8;17.5;12.7;311.1111111;16.66666667;27.77777778;4.3
16601400;15;14;0;0;15.7;15;15.5;13.7;83.1;0;14.3;13.3;15.7;17.4;12.7;311.1111111;16.66666667;27.77777778;4.3
16602300;15;16;0;0;15.7;16.8;15.4;13.6;83.3;0;14.5;13.4;15.6;17.2;12.7;311.1111111;16.66666667;27.77777778;4.3
16603200;15;16;0;0;15.7;16.9;15.4;13.7;83.6;3.2;14.7;13.4;15.5;17.1;14.1;311.1111111;52.77777778;152.7777778;3.6
16604100;15;15;0;0;15.7;16.2;15.7;13.7;83.6;3.4;15;13.4;15.5;17;14.1;311.1111111;52.77777778;152.7777778;3.6
16605000;15;15;0;0;15.7;16;15.9;13.5;83.5;3.4;15.7;13.6;15.5;17;14.1;311.1111111;52.77777778;152.7777778;3.6
16605900;15;15;0;0;15.7;15.8;16.3;13.4;82.5;3.4;16.4;14;15.6;16.9;14.1;311.1111111;52.77777778;152.7777778;3.6
16606800;15;14;0;0;15.7;15.3;16.9;14;81.3;57.5;17.5;14.4;16;17;16;316.6666667;86.11111111;313.8888889;3.3
16607700;15;13;0;0;15.7;14.7;17.5;14.1;79.5;65.8;18.7;14.9;16.8;17.1;16;316.6666667;86.11111111;313.8888889;3.3
16608600;15;13;0;0;15.7;14.5;17.8;13.7;77.6;65.8;20.3;15.8;17.8;17.2;16;316.6666667;86.11111111;313.8888889;3.3
16609500;17;13;0;0;17.7;14;18;13.3;76.6;65.8;20.8;17.3;19.3;17.3;16;316.6666667;86.11111111;313.8888889;3.3
16610400;17;14;0;0;17.6;14.3;18.6;14.3;75.9;151.8;22.6;18.7;21;17.5;18;336.1111111;225;427.7777778;3.5
16611300;17;14;0;0;17.6;15;19.5;14.5;73.3;173.3;24.2;19.9;22.9;17.7;18;336.1111111;225;427.7777778;3.5
16612200;17;14;0;0;17.6;15;20.4;14.8;68.2;172.3;25.6;21.4;24.7;18;18;336.1111111;225;427.7777778;3.5
16613100;17;13;0;0;17.6;15;21.1;15.2;66.3;170.7;26.7;22.8;26.5;18.3;18;336.1111111;225;427.7777778;3.5
16614000;17;12;0;0;17.6;14.3;21.8;16.4;64.1;269.2;27.6;24.2;27.9;18.6;20.6;336.1111111;133.3333333;602.7777778;2.6
16614900;17;12;0;0;17.6;13.9;22.1;16.8;63;305;28.1;25.2;28.8;18.9;20.6;336.1111111;133.3333333;602.7777778;2.6
16615800;17;12;0;0;17.6;13.5;22.2;17;62.3;305;28.7;26.2;29.5;19.2;20.6;336.1111111;133.3333333;602.7777778;2.6
16616700;17;12;0;0;17.8;13.5;22.6;17.5;62.2;305;30;27.5;30.8;19.6;20.6;336.1111111;133.3333333;602.7777778;2.6
16617600;15;15;3;0;16.2;16.2;22.8;19.2;62.7;459.1;31.7;32.6;32.5;29.8;22.2;341.6666667;100;755.5555556;1.8
16618500;15;14;0;0;15.9;15.1;23.4;19.2;61.8;459.1;30.9;31.3;31.3;27.1;22.2;341.6666667;100;755.5555556;1.8
16619400;15;12;0;0;15.9;14.5;24.2;19.4;57.9;459.1;33;32.5;32.9;27.3;22.2;341.6666667;100;755.5555556;1.8
16620300;15;14;0;0;15.9;15;24.5;19.6;55.2;459.1;34.6;34.1;34.5;27.7;22.2;341.6666667;100;755.5555556;1.8
16621200;14;15;1;1;15.3;15.8;24.9;21;54.2;566.3;36.1;35.8;36;29.1;23.7;358.3333333;222.2222222;808.3333333;1.7
16622100;14;13;0;0;15.4;14.3;25.2;21.1;52.3;574;34.7;34.3;34.7;28.7;23.7;358.3333333;222.2222222;808.3333333;1.7
16623000;15;12;0;0;15.9;14.2;25.5;21.7;51.2;582.1;36.4;35.2;35.6;28.9;23.7;358.3333333;222.2222222;808.3333333;1.7
16623900;15;12;0;0;16.1;13.9;25.8;22.2;50.3;589.2;38.1;36.9;36.4;29.3;23.7;358.3333333;222.2222222;808.3333333;1.7
16624800;15;12;0;0;16.4;13.7;26.4;23.3;49;661.3;39.5;38.3;37.2;29.5;23.8;386.1111111;444.4444444;513.8888889;1.9
16625700;14;13;0;1;14.8;14.5;27.2;23.5;47;672.4;38;38.3;37.3;31.7;23.8;386.1111111;444.4444444;513.8888889;1.9
16626600;14;12;0;0;16;14;28.1;23.5;44.6;684.8;37.7;36.9;36.7;30.2;23.8;386.1111111;444.4444444;513.8888889;1.9
16627500;14;12;0;0;16;13.8;28.4;23.6;43.5;699;38.6;37.9;37.3;30.8;23.8;386.1111111;444.4444444;513.8888889;1.9
16628400;13;13;0;1;15.7;13.9;28.3;24.4;42.9;727.6;38.6;38.6;37.7;31.7;25.2;383.3333333;488.8888889;713.8888889;1.5
16629300;13;14;0;0;15.3;14.9;28.9;24.6;42.3;734.8;36.5;36.5;36.4;31.4;25.2;383.3333333;488.8888889;713.8888889;1.5
16630200;15;13;0;0;16.3;14.8;28.7;24.7;42.8;734.8;37.7;37.2;37.1;31.5;25.2;383.3333333;488.8888889;713.8888889;1.5
16631100;15;12;0;0;16.5;14.4;29;24.8;42.2;734.8;39.5;38.9;38.1;31.9;25.2;383.3333333;488.8888889;713.8888889;1.5
16632000;15;12;0;0;16.8;13.8;29.3;25.6;40.7;700;40.5;40.1;38.8;32.2;26.2;380.5555556;344.4444444;702.7777778;1
16632900;15;13;1;0;16.5;14.5;29.7;25.7;39.4;694.7;41.2;41.3;39.6;33.7;26.2;380.5555556;344.4444444;702.7777778;1
16633800;15;13;0;0;16.1;14.2;29.5;25.4;39.6;694.7;39.3;39.4;38.5;32.9;26.2;380.5555556;344.4444444;702.7777778;1
16634700;15;12;0;0;16.7;14.2;29.3;24.7;40.1;694.7;41.8;41.2;39.8;33.8;26.2;380.5555556;344.4444444;702.7777778;1
16635600;15;12;0;0;17.1;13.9;29.1;25.6;40.2;647.9;43.6;42.9;40.5;34.2;25.9;402.7777778;400;447.2222222;1.4
16636500;14;13;1;2;15.8;14.3;29.4;25.6;39.9;647.9;43.1;43.1;40.5;35.6;25.9;402.7777778;400;447.2222222;1.4
16637400;15;15;0;0;16.3;15.1;30.5;25.9;39.4;647.9;39.3;39.6;38.6;33.9;25.9;402.7777778;400;447.2222222;1.4
16638300;15;14;0;0;16.7;15.7;31;26.1;38.6;647.9;40.3;40.2;39.2;34.6;25.9;402.7777778;400;447.2222222;1.4
16639200;14;13;0;0;16.7;15;30.4;26.4;40.7;599.7;40.5;40.3;39.4;34.8;25.8;391.6666667;288.8888889;377.7777778;5.7
16640100;14;13;1;0;16.7;15;30.6;26.4;40.6;596.3;40.6;40.6;39.6;35.5;25.8;391.6666667;288.8888889;377.7777778;5.7
16641000;14;13;0;0;16.1;14.4;30.9;26.5;40;596.3;38.7;39.2;38.1;34.6;25.8;391.6666667;288.8888889;377.7777778;5.7
16641900;15;13;0;0;17.1;14.4;30.4;26.5;40.7;596.3;39.3;39.1;38.4;34.9;25.8;391.6666667;288.8888889;377.7777778;5.7
16642800;15;13;0;0;17.1;14.4;29.8;26.3;42.6;463.3;39.2;39.3;38.3;35;26;394.4444444;222.2222222;241.6666667;3.7
16643700;15;13;0;0;17.1;14.4;29.8;26.3;42.4;442.8;38.8;39.2;38.1;35;26;394.4444444;222.2222222;241.6666667;3.7
16644600;14;13;0;0;17.1;14.4;29.4;26;43.6;442.8;38.2;38.9;37.8;35;26;394.4444444;222.2222222;241.6666667;3.7
16645500;14;14;0;0;17.6;14.8;29.6;25.7;43.4;442.8;37.7;38.6;37.5;34.8;26;394.4444444;222.2222222;241.6666667;3.7
16646400;14;16;0;0;17.6;16.4;29.5;25.5;43.4;369;37.2;38.1;37.1;34.7;25.3;394.4444444;169.4444444;197.2222222;4.8
16647300;14;15;0;0;17.8;16.9;29.3;25.5;43.2;350.5;36.7;37.7;36.7;34.6;25.3;394.4444444;169.4444444;197.2222222;4.8
16648200;14;15;0;0;18.1;16.5;29.9;25.5;42.1;350.5;36.3;37.4;36.4;34.6;25.3;394.4444444;169.4444444;197.2222222;4.8
16649100;14;15;0;0;18.1;16.4;29.1;25.5;43.3;350.5;35.9;37.1;36.1;34.5;25.3;394.4444444;169.4444444;197.2222222;4.8
16650000;14;15;0;0;18.4;16.4;28.8;25.1;44.6;255;35.2;36.6;35.5;34.4;25;391.6666667;113.8888889;138.8888889;4.3
16650900;14;15;0;0;18.6;16.4;30.6;25;40.9;220.3;34.6;36.2;35;34.2;25;391.6666667;113.8888889;138.8888889;4.3
16651800;15;15;0;0;17.8;17;30.2;25.3;41.2;220.3;34.2;36;34.6;34.1;25;391.6666667;113.8888889;138.8888889;4.3
16652700;16;14;0;0;18.4;16.2;28.8;25.4;44.4;220.3;33.6;35.6;34.2;33.8;25;391.6666667;113.8888889;138.8888889;4.3
16653600;16;13;0;0;18.8;15;28;24.7;46.7;117.7;33.1;35.2;33.9;33.8;24.3;391.6666667;27.77777778;27.77777778;3.4
16654500;16;15;0;0;18.9;16.5;27.8;24.7;48;117.7;32.6;34.8;33.5;33.8;24.3;391.6666667;27.77777778;27.77777778;3.4
16655400;16;14;0;0;18.9;16.5;27.4;24.7;50.5;115.7;32.2;34.3;33.2;33.7;24.3;391.6666667;27.77777778;27.77777778;3.4
16656300;16;13;0;0;19.1;14.9;26.9;24.7;53.8;114.4;31.7;33.8;32.7;33.5;24.3;391.6666667;27.77777778;27.77777778;3.4
16657200;16;12;0;0;19.4;14.4;26.2;23.3;56.4;34.4;31.2;33.2;32.4;33.3;23.5;408.3333333;0;0;3.1
16658100;16;12;0;0;19.4;13.9;25.9;23.2;58.1;28.7;30.7;32.7;32;33.1;23.5;408.3333333;0;0;3.1
16659000;16;12;0;0;19.6;13.9;25.8;23.4;58.4;28.7;30.4;32.2;31.7;32.9;23.5;408.3333333;0;0;3.1
16659900;17;13;0;0;19.9;14.3;25.7;23.6;59.3;28.7;30.1;31.7;31.3;32.7;23.5;408.3333333;0;0;3.1
16660800;17;13;0;0;19.9;14.5;25.5;22.4;60.5;6.3;29.7;31.2;30.9;32.5;22.3;405.5555556;0;0;2.6
16661700;17;14;0;0;20.1;14.9;25.3;22.1;61.1;0.7;29.3;30.8;30.6;32.2;22.3;405.5555556;0;0;2.6
16662600;17;15;0;0;20.4;15.9;25.1;22.5;61.7;0.7;29.1;30.3;30.3;32;22.3;405.5555556;0;0;2.6
16663500;17;17;0;0;20.4;17.5;25;22.8;62;0.7;28.7;29.8;29.8;31.7;22.3;405.5555556;0;0;2.6
16664400;17;16;0;0;20.4;17.5;24.2;21.6;64.3;0;28.2;29.3;29.3;31.3;19.9;397.2222222;0;0;1
16665300;17;16;0;0;20.9;17.5;23.4;21.5;67.1;0;27.8;28.8;28.9;31;19.9;397.2222222;0;0;1
16666200;17;16;0;0;20.9;17.5;23;22.1;69.3;0;27.3;28.3;28.5;30.7;19.9;397.2222222;0;0;1
16667100;18;16;0;0;20.9;17.5;23;22.5;70;0;27;28;28.2;30.4;19.9;397.2222222;0;0;1
16668000;18;17;0;0;21.3;18;22.9;18.2;70.2;0;26.7;27.6;27.9;30.1;19.3;397.2222222;0;0;0.7
16668900;18;17;0;0;21.4;18;22.9;17.9;70.8;0;26.4;27.2;27.6;29.8;19.3;397.2222222;0;0;0.7
16669800;18;17;0;0;21.4;18.1;22.9;17.9;71.7;0;26;26.8;27.2;29.5;19.3;397.2222222;0;0;0.7
16670700;18;17;0;0;21.5;18.5;22.6;17.9;72.1;0;25.7;26.5;27.1;29.3;19.3;397.2222222;0;0;0.7
16671600;18;19;0;0;20.5;20.1;22.5;17.1;72;0;24.3;25.2;25.5;29.2;18.2;394.4444444;0;0;0.9
16672500;18;16;0;0;20.7;19.2;22.2;17;72;0;23.9;24.8;25.4;28.9;18.2;394.4444444;0;0;0.9
16673400;18;13;0;0;20.9;16;21.8;17;71.9;0;23.8;24.6;25.4;28.8;18.2;394.4444444;0;0;0.9
16674300;18;12;0;0;21.3;14.6;21.4;17;72.4;0;23.7;24.4;25.3;28.6;18.2;394.4444444;0;0;0.9
16675200;18;12;0;0;21.3;14;21.2;16.3;72.2;0;23.6;24.1;25.1;28.5;17.8;397.2222222;0;0;2.2
16676100;19;12;0;0;21.3;13.9;21.1;16.2;72.3;0;23.5;23.9;25;28.3;17.8;397.2222222;0;0;2.2
16677000;19;12;0;0;21.7;13.5;20.9;16.2;73.5;0;23.3;23.6;24.8;28.2;17.8;397.2222222;0;0;2.2
16677900;19;12;0;0;21.8;13.5;20.8;16.2;74.3;0;23.3;23.2;24.9;28;17.8;397.2222222;0;0;2.2
16678800;19;12;0;0;21.8;13.6;20.7;17.7;76.3;0;23.2;22.4;25.2;27.9;17.2;397.2222222;0;0;2.7
16679700;19;14;0;0;22.1;15;20.4;18.3;78.1;0;23.1;21.3;26.5;27.6;17.2;397.2222222;0;0;2.7
16680600;19;16;0;0;22.3;16.5;20.3;17.9;78.6;0;23.3;20.6;27.3;27.4;17.2;397.2222222;0;0;2.7
16681500;19;16;0;0;22.3;17;20.1;17.7;79.4;0;21.7;19.8;24.8;27.3;17.2;397.2222222;0;0;2.7
16682400;19;16;0;0;22.3;17;19.9;17.2;81.2;0;20.2;19.4;23.9;27.2;16.8;394.4444444;0;0;4.8
16683300;19;16;0;0;22.6;17.5;19.5;17.1;83.7;0;19.5;19.2;21.7;27.3;16.8;394.4444444;0;0;4.8
16684200;20;16;0;0;21.8;18.7;19.5;17.1;87;0;19.1;19.1;21.2;27.5;16.8;394.4444444;0;0;4.8
16685100;20;17;0;0;20.2;20.1;19.3;17.1;89.2;0;19;19.3;21.3;27.2;16.8;394.4444444;0;0;4.8
16686000;19;17;0;0;19.7;19.1;18.9;16.9;91.9;0;19;19.2;22.9;26.7;16.9;391.6666667;5.555555556;5.555555556;4.4
16686900;19;17;0;0;19.1;18.9;19;16.9;92.2;0;19;19;23.6;26.4;16.9;391.6666667;5.555555556;5.555555556;4.4
16687800;18;17;0;0;18.8;18.5;19;16.9;91.3;0;19.1;19;21.8;26;16.9;391.6666667;5.555555556;5.555555556;4.4
16688700;18;19;0;0;18.3;19.8;19.1;16.9;91.3;0;19.1;19;21.1;25.8;16.9;391.6666667;5.555555556;5.555555556;4.4
16689600;18;19;0;0;18.3;20;19.2;16.5;90.6;1;19.2;19.1;20.9;25.7;17.1;383.3333333;58.33333333;58.33333333;2.1
16690500;18;18;0;0;18.3;19.6;19.3;16.5;90.4;1.1;19.3;19.2;20.8;25.6;17.1;383.3333333;58.33333333;58.33333333;2.1
16691400;18;18;0;0;18.3;19.5;19.2;16.4;90;1.1;19.4;19.3;20.8;25.6;17.1;383.3333333;58.33333333;58.33333333;2.1
16692300;18;18;0;0;18.3;19.5;19.4;16.4;89.8;1.1;19.6;19.4;20.8;25.5;17.1;383.3333333;58.33333333;58.33333333;2.1
16693200;18;18;0;0;18.3;19.5;19.6;16.3;89.2;27.3;19.9;19.6;21;25.4;17.4;391.6666667;66.66666667;66.66666667;1.9
16694100;18;18;0;0;19;19.5;20;16.3;90.1;33.8;20;19.8;21.1;24.8;17.4;391.6666667;66.66666667;66.66666667;1.9
16695000;19;15;0;0;19.5;18;20.3;16.5;88.8;33.8;20.3;20.1;21.2;24.8;17.4;391.6666667;66.66666667;66.66666667;1.9
16695900;19;13;0;0;19.3;15.7;20.4;16.7;89.2;33.8;20.7;20.3;21.3;24.9;17.4;391.6666667;66.66666667;66.66666667;1.9
16696800;19;15;0;0;19.3;16.5;20.5;16.9;88.9;83.5;20.9;20.4;21.3;24.9;17.8;402.7777778;52.77777778;52.77777778;1
16697700;19;15;0;0;19.3;17.1;20.4;16.9;88.8;95.9;20.9;20.4;21.3;24.9;17.8;402.7777778;52.77777778;52.77777778;1
16698600;19;15;0;0;19.3;16.6;20.5;17.1;89;91.8;20.9;20.4;21.4;24.9;17.8;402.7777778;52.77777778;52.77777778;1
16699500;19;14;0;0;19.3;16.3;20.7;17.3;88.9;88.2;21;20.6;21.5;24.9;17.8;402.7777778;52.77777778;52.77777778;1
16700400;19;12;0;0;19.3;14.5;20.4;17.6;88.9;114.5;21.1;20.7;21.5;24.8;17.3;400;61.11111111;61.11111111;1.7
16701300;19;12;0;0;19.3;14.1;20.3;17.7;89.1;124;21.2;20.6;21.6;24.8;17.3;400;61.11111111;61.11111111;1.7
16702200;19;13;0;0;19.4;14.2;20.1;17.8;90.3;124;21.1;20.6;21.5;24.8;17.3;400;61.11111111;61.11111111;1.7
16703100;19;13;0;0;19.8;14.6;19.8;17.8;90.8;124;20.9;20.5;21.4;24.8;17.3;400;61.11111111;61.11111111;1.7
16704000;19;14;0;0;19.8;15;19.7;18.1;91.8;172;20.8;20.5;21.3;24.7;17.8;400;80.55555556;80.55555556;2.4
16704900;19;14;0;0;19.8;15.1;20;18.1;92.3;179.4;20.8;20.6;21.4;24.7;17.8;400;80.55555556;80.55555556;2.4
16705800;19;14;0;0;19.9;15.6;20.4;18.1;92.3;179.4;21;20.9;21.4;24.6;17.8;400;80.55555556;80.55555556;2.4
16706700;19;16;0;0;20.3;16.7;20.4;18.1;91.8;179.4;21.1;21;21.4;24.5;17.8;400;80.55555556;80.55555556;2.4
16707600;19;17;0;0;20.3;17.7;20;18.1;91.4;226.8;21.1;21;21.3;24.5;16;391.6666667;69.44444444;72.22222222;2.4
16708500;19;17;0;0;20.3;18.1;19.5;18.1;91.6;234.1;21;21.3;21;24.5;16;391.6666667;69.44444444;72.22222222;2.4
16709400;19;17;0;0;20.3;18.1;18.8;17.7;92.1;228;20.5;21.4;20.5;24.4;16;391.6666667;69.44444444;72.22222222;2.4
16710300;19;17;0;0;20.8;18.1;18.4;17.4;91.8;223.9;20;21.7;19.7;24.4;16;391.6666667;69.44444444;72.22222222;2.4
16711200;19;17;0;0;20.8;18.1;18.1;17.5;92.4;267.3;19.6;21.7;19.1;24.5;15.7;386.1111111;133.3333333;133.3333333;2.2
16712100;20;17;0;0;20.8;18.2;18.1;17.5;92;283.1;19.4;21.7;18.9;24.7;15.7;386.1111111;133.3333333;133.3333333;2.2
16713000;20;17;0;0;20.8;18.6;18.2;17.7;92.7;265.6;19.3;20.8;19;24.6;15.7;386.1111111;133.3333333;133.3333333;2.2
16713900;20;18;0;0;21.1;19.1;18.3;17.9;92.3;250.2;18.9;20.2;19.1;25.2;15.7;386.1111111;133.3333333;133.3333333;2.2
16714800;19;19;0;0;20.1;19.6;18.4;18;92.2;288.1;18.5;20.4;18.9;25.7;15.9;383.3333333;122.2222222;122.2222222;1.4
16715700;20;18;0;0;19.5;19.8;18.8;18;92.3;288.1;19;20.9;19;25.8;15.9;383.3333333;122.2222222;122.2222222;1.4
16716600;18;15;0;0;18.3;17.1;18.5;17.5;91.9;288.1;19;21.4;19.2;23.9;15.9;383.3333333;122.2222222;122.2222222;1.4
16717500;18;13;0;0;18.3;15.4;18.5;16.2;92.1;288.1;19;21.1;19.3;21.6;15.9;383.3333333;122.2222222;122.2222222;1.4
16718400;17;13;0;0;17.9;14.6;18.8;16.7;91.9;328.4;19.4;20.8;19.4;22.6;16.7;383.3333333;194.4444444;194.4444444;1.8
16719300;17;13;0;0;18.3;14.4;18.9;16.8;91.3;334.6;20.1;20.6;19.9;22.1;16.7;383.3333333;194.4444444;194.4444444;1.8
16720200;18;13;0;0;18.3;15.6;18.7;16.6;90.9;334.6;20.9;20.3;20.4;20.9;16.7;383.3333333;194.4444444;194.4444444;1.8
16721100;18;13;0;0;18.8;15.9;19.3;16.4;91.7;334.6;21.5;20.1;20.5;20.5;16.7;383.3333333;194.4444444;194.4444444;1.8
16722000;18;13;0;0;18.8;15;20.1;16.2;91.9;340.9;22;20.5;21.2;20.3;17.6;383.3333333;250;252.7777778;1.3
16722900;17;14;17;87;17.4;16.1;20.2;16.2;90.5;340.9;22.7;21.4;22.2;20.8;17.6;383.3333333;250;252.7777778;1.3
16723800;15;17;43;120;16;18.6;20;16;90.1;340.9;20;19.9;20.2;19.2;17.6;383.3333333;250;252.7777778;1.3
16724700;14;16;43;102;15.7;17.7;20.1;15.6;90.3;340.9;19.4;19.4;19.6;18.4;17.6;383.3333333;250;252.7777778;1.3
16725600;14;16;43;100;15.7;17.2;21;16.1;90.8;323.9;19.4;19.4;19.5;18.5;17.3;383.3333333;122.2222222;125;0.5
16726500;14;17;19;56;15.9;17.7;21.1;16.1;88.1;323.9;19.9;19.9;20;18.8;17.3;383.3333333;122.2222222;125;0.5
16727400;15;16;0;0;16.4;17.6;20.2;16.6;88.3;323.9;20.1;20.2;20.2;18.8;17.3;383.3333333;122.2222222;125;0.5
16728300;15;15;0;0;16.4;15.9;19.8;16.9;88.1;323.9;20.1;20.1;20.2;19;17.3;383.3333333;122.2222222;125;0.5
16729200;15;13;0;0;16.4;14.2;19.6;17.4;88.7;284.2;20.2;20.2;20.3;19.1;17.1;383.3333333;133.3333333;133.3333333;0.8
16730100;16;12;0;0;16.6;13.3;19.7;17.4;88.5;281.4;20.4;20.3;20.6;19.3;17.1;383.3333333;133.3333333;133.3333333;0.8
16731000;16;12;0;0;16.9;13.2;20.2;17.7;89.1;281.4;20.7;20.6;20.9;19.4;17.1;383.3333333;133.3333333;133.3333333;0.8
16731900;16;13;0;0;16.9;13.4;20.4;17.9;85.4;281.4;21.1;20.9;21.2;19.6;17.1;383.3333333;133.3333333;133.3333333;0.8
16732800;16;14;0;0;17;14.7;20.2;17.8;72.7;258.1;21.2;21;21.4;19.7;17.7;344.4444444;172.2222222;208.3333333;1.7
16733700;16;14;0;0;17.4;15.2;20.7;17.8;71;254.5;21.3;21.1;21.5;19.8;17.7;344.4444444;172.2222222;208.3333333;1.7
16734600;16;14;0;0;17.4;15.2;21.2;17.4;68.3;254.5;21.7;21.4;21.8;19.9;17.7;344.4444444;172.2222222;208.3333333;1.7
16735500;16;14;0;0;17.4;15.2;22.1;17.1;63.9;254.5;22.1;21.7;22.3;20;17.7;344.4444444;172.2222222;208.3333333;1.7
16736400;17;14;0;0;17.9;15.2;23.9;16.8;58.4;182.3;22.6;22.1;22.6;20.2;17.5;338.8888889;86.11111111;102.7777778;2.4
16737300;17;14;0;0;17.9;15.2;23.7;16.8;56.5;182.3;22.8;22.4;23;20.3;17.5;338.8888889;86.11111111;102.7777778;2.4
16738200;17;14;0;0;17.9;15.5;21.8;16.8;62.9;182.3;22.7;22.5;23;20.4;17.5;338.8888889;86.11111111;102.7777778;2.4
16739100;17;15;0;0;18.3;15.7;21.3;16.7;64.9;182.3;22.6;22.6;23;20.5;17.5;338.8888889;86.11111111;102.7777778;2.4
16740000;17;15;0;0;18.4;15.7;20.7;16.5;66.9;112.9;22.4;22.5;22.9;20.6;17.2;355.5555556;16.66666667;19.44444444;2.6
16740900;17;17;0;0;18.4;17.1;20.4;16.5;68.8;95.5;22;22.3;22.7;20.7;17.2;355.5555556;16.66666667;19.44444444;2.6
16741800;17;17;0;0;18.5;17.7;20.2;16.9;69.2;99;21.6;22;22.4;20.8;17.2;355.5555556;16.66666667;19.44444444;2.6
16742700;17;16;0;0;18.9;17.7;20.3;17.3;69.7;102;21.4;21.7;22.1;20.8;17.2;355.5555556;16.66666667;19.44444444;2.6
16743600;17;16;0;0;18.9;17.7;20.2;17;71.2;44.6;21.1;21.5;21.9;20.9;16.5;358.3333333;0;0;2.1
16744500;17;16;0;0;18.9;17.7;19.6;16.9;72.8;30.2;20.9;21.2;21.8;20.9;16.5;358.3333333;0;0;2.1
16745400;17;17;0;0;19.3;17.7;19.3;16.9;73.3;30.2;20.6;20.9;21.6;21;16.5;358.3333333;0;0;2.1
16746300;16;16;0;0;18.6;18.3;19.3;17;72.5;30.2;20;20.4;21.1;20.6;16.5;358.3333333;0;0;2.1
16747200;18;13;0;0;19.2;15.6;19;16.6;73;8.8;19.9;20.6;21.5;20.8;16;330.5555556;0;0;2.1
16748100;18;12;0;0;19.4;14.1;18.7;16.4;73.5;1;20;20.6;21.5;20.9;16;330.5555556;0;0;2.1
16749000;18;13;0;0;19.7;14.5;18.4;16.4;74;1;20.1;20.6;21.4;21;16;330.5555556;0;0;2.1
16749900;18;14;0;0;19.9;16.1;18;16.4;75.6;1;20.2;20.8;21;21;16;330.5555556;0;0;2.1
16750800;18;13;0;0;19.9;14.8;17.5;15.9;76.7;0.2;20.3;21.4;19.8;21;15.5;322.2222222;0;0;1.7
16751700;19;12;0;0;20.3;13.7;17.2;15.8;77.9;0;20.3;21.9;18.3;20.9;15.5;322.2222222;0;0;1.7
16752600;19;11;0;0;20.4;13.4;16.9;15.9;79.3;0;20.4;21.6;16.9;20.8;15.5;322.2222222;0;0;1.7
16753500;19;12;0;0;20.4;13.4;16.6;15.9;80.4;0;22.4;21.5;16.3;20.8;15.5;322.2222222;0;0;1.7
16754400;19;12;0;0;20.3;13.4;16.4;15.8;80.8;0;22.5;19.8;16;19.3;14.5;338.8888889;0;0;1.5
16755300;17;13;16;20;17.7;14.3;16.3;15.8;81.3;0;19.4;17.6;16.1;16.7;14.5;338.8888889;0;0;1.5
16756200;13;13;3;0;14.6;14.5;16;15.8;82.5;0;15.8;15.4;16.1;16.6;14.5;338.8888889;0;0;1.5
16757100;14;14;0;0;14.9;14.5;16.2;15.8;82.8;0;15.6;15.3;16;16.9;14.5;338.8888889;0;0;1.5
16758000;14;15;0;0;15.3;15.6;16.6;15.5;82.6;0;15.6;15.3;15.9;17.2;14.2;333.3333333;0;0;1.1
16758900;14;15;0;0;16;16;17.2;15.5;80.9;0;15.7;15.3;15.9;17.8;14.2;333.3333333;0;0;1.1
16759800;14;14;0;0;16.6;15.5;17.1;15.5;79.6;0;15.7;15.4;15.8;18.5;14.2;333.3333333;0;0;1.1
16760700;15;14;0;0;16.6;15.5;16.9;15.5;79.4;0;15.6;15.3;15.8;18.6;14.2;333.3333333;0;0;1.1
16761600;15;14;0;0;16.6;15.5;16.9;15.3;79;0;15.6;15.2;15.7;18.3;13.6;325;0;0;1.4
16762500;15;14;0;0;16.6;15.5;16.9;15.3;78.8;0;15.5;15.2;16.1;18.1;13.6;325;0;0;1.4
16763400;15;14;0;0;16.6;15.5;16.8;15.3;78.7;0;15.5;15.2;16.9;18;13.6;325;0;0;1.4
16764300;15;14;0;0;16.6;15.5;16.7;15.3;78.5;0;15.4;15.1;17.4;17.9;13.6;325;0;0;1.4
16765200;15;14;0;0;16.6;15.5;16.4;14.2;79.5;0;15.2;14.9;17.4;17.8;13.7;350;0;0;0.8
16766100;16;15;0;0;16.6;16;16.2;14;80.3;0;15.1;14.8;16.6;17.8;13.7;350;0;0;0.8
16767000;16;17;0;0;16.6;17.2;16.3;13.9;80;0;15;14.7;16.4;17.9;13.7;350;0;0;0.8
16767900;16;15;0;0;16.6;17;16.5;13.9;79.8;0;15.1;14.8;16.3;17.9;13.7;350;0;0;0.8
16768800;15;14;16;29;15.1;15.7;16.9;13.8;78.4;0;15.5;15.1;16.1;16.9;13.5;336.1111111;0;0;1
16769700;12;12;12;31;12.6;13.5;16.9;13.8;77.8;0;15.1;14.6;14.8;14.5;13.5;336.1111111;0;0;1
16770600;13;12;0;0;14;13.4;16.8;13.6;77.9;0;15.1;14.6;14.9;14.6;13.5;336.1111111;0;0;1
16771500;13;13;0;0;14;13.4;16.7;13.4;78.3;0;15.3;14.9;15.1;14.8;13.5;336.1111111;0;0;1
16772400;13;13;0;0;14;13.4;16.6;13.4;78.4;0;15.6;14.9;15.4;15;13.4;350;11.11111111;11.11111111;1.2
16773300;13;13;0;0;14;13.9;16.4;13.4;78.3;0;15.7;14.9;15.5;15.4;13.4;350;11.11111111;11.11111111;1.2
16774200;13;13;0;0;14;13.9;16.7;13.5;78.6;0;16;14.9;15.7;15.6;13.4;350;11.11111111;11.11111111;1.2
16775100;13;15;0;0;14.1;15.6;16.8;13.6;77.9;0;16.2;15;15.7;16.1;13.4;350;11.11111111;11.11111111;1.2
16776000;13;15;0;0;14.5;15.8;17;13.6;77.2;0.7;16.4;15.1;15.6;17;13.7;347.2222222;47.22222222;47.22222222;2.4
16776900;13;14;0;0;15;15;16.9;13.6;76.5;0.7;16.6;15.3;15.6;17.8;13.7;347.2222222;47.22222222;47.22222222;2.4
16777800;14;14;0;0;15;14.9;17.1;13.5;76.8;0.7;16.8;15.4;15.8;18;13.7;347.2222222;47.22222222;47.22222222;2.4
16778700;14;14;0;0;15;14.9;17.2;13.4;76.4;0.7;17;15.6;16.2;18;13.7;347.2222222;47.22222222;47.22222222;2.4
16779600;14;14;0;0;15;14.9;17.5;13.7;75;20.1;17.2;15.8;16.5;17.8;14.2;355.5555556;66.66666667;69.44444444;2.9
16780500;12;14;29;70;13.1;14.7;17.7;13.7;74.2;23.1;16.4;16;16.2;16.4;14.2;355.5555556;66.66666667;69.44444444;2.9
16781400;12;12;26;1;13.7;13.5;17.8;13.6;74.1;23.1;15.4;15.4;15.6;14.8;14.2;355.5555556;66.66666667;69.44444444;2.9
16782300;13;13;0;0;13.7;13.4;18;13.6;73.1;23.1;15.7;15.8;16;14.9;14.2;355.5555556;66.66666667;69.44444444;2.9
16783200;13;14;0;0;13.7;14.3;18.2;14;71.7;73.6;16;16;16.3;15;14.6;363.8888889;83.33333333;83.33333333;2.9
16784100;13;15;0;0;13.8;15.9;18.3;14.1;71.9;81.4;16.3;16.2;16.6;15.1;14.6;363.8888889;83.33333333;83.33333333;2.9
16785000;13;16;0;0;14.2;16.3;18.4;14.2;71.6;83.1;16.7;16.4;16.8;15.2;14.6;363.8888889;83.33333333;83.33333333;2.9
16785900;13;15;16;42;13.8;16;18.6;14.2;71.7;84.5;17.1;17;17.4;16.1;14.6;363.8888889;83.33333333;83.33333333;2.9
16786800;13;14;16;46;13.7;15;18.7;14.6;70.8;110.2;16.6;16.5;16.8;16.1;15;366.6666667;77.77777778;77.77777778;3.1
16787700;14;14;0;0;14.7;14.9;19;14.7;70.9;114.1;16.7;16.8;17;16.1;15;366.6666667;77.77777778;77.77777778;3.1
16788600;13;14;23;43;14.4;15.1;19.1;14.6;69.7;114.1;17.1;17.4;17.4;16.5;15;366.6666667;77.77777778;77.77777778;3.1
16789500;13;14;0;0;14.2;15.4;19.1;14.6;69.5;114.1;17.1;17.1;17.3;16.4;15;366.6666667;77.77777778;77.77777778;3.1
16790400;13;14;23;45;14.4;15.5;19.3;15.1;69.6;209.6;17.5;17.4;17.6;16.7;15.2;366.6666667;147.2222222;150;2.9
16791300;14;14;0;0;14.4;15.4;18.8;15.1;71.8;209.6;17.1;17.1;17.3;16.5;15.2;366.6666667;147.2222222;150;2.9
16792200;13;14;15;38;14.2;15.4;19.1;15;73.1;209.6;17.4;17.4;17.7;16.8;15.2;366.6666667;147.2222222;150;2.9
16793100;11;14;40;107;12.6;14.8;19.3;15;71.2;209.6;16.4;16.3;16.5;15.9;15.2;366.6666667;147.2222222;150;2.9
16794000;13;13;20;13;13.6;14.4;19.4;15.8;71.3;238.7;16.3;16.4;16.6;15.4;16.1;363.8888889;297.2222222;300;3
16794900;13;13;3;2;13.7;14.4;20.2;15.9;69.2;243.2;17.1;17.3;17.5;15.6;16.1;363.8888889;297.2222222;300;3
16795800;13;15;33;76;14.3;16.3;20.8;15.8;67.3;259.4;18.4;18.4;18.6;17.7;16.1;363.8888889;297.2222222;300;3
16796700;14;16;33;52;15.2;16.5;21.2;15.8;65.8;273.6;18.8;18.8;19;18;16.1;363.8888889;297.2222222;300;3
16797600;15;17;33;54;16;17.3;21.7;16.4;63.9;342.5;19.8;19.8;19.9;18.9;18.8;375;469.4444444;513.8888889;2.8
16798500;15;18;33;124;16.1;18.7;22.5;16.5;58.9;353.1;21.1;21.1;21.3;20.2;18.8;375;469.4444444;513.8888889;2.8
16799400;15;19;35;140;16.1;19.4;23.3;16.2;55.2;387.4;21.6;21.9;22;21;18.8;375;469.4444444;513.8888889;2.8
16800300;19;21;33;73;19.8;21.5;23.7;16;53.6;417.4;24;24.3;24.2;23;18.8;375;469.4444444;513.8888889;2.8
16801200;21;23;33;68;21.5;23.1;23.9;16.6;52.8;412.7;25.5;25.8;25.7;24.6;19.7;366.6666667;466.6666667;594.4444444;1.7
16802100;21;23;33;68;22.3;23.9;24.1;16.7;51.1;411.5;26.3;26.4;26.5;25.4;19.7;366.6666667;466.6666667;594.4444444;1.7
16803000;22;25;27;71;23.2;25.4;24.4;16.7;50.3;411.5;28.1;28.4;28.3;27.4;19.7;366.6666667;466.6666667;594.4444444;1.7
16803900;17;25;29;290;19.2;26.4;25.1;16.6;49;411.5;28.2;28.3;28.1;27.7;19.7;366.6666667;466.6666667;594.4444444;1.7
16804800;19;24;34;250;19.5;24.6;25.6;17.1;47.5;427.3;26.5;26.6;26.2;25.5;20;375;402.7777778;461.1111111;0.9
16805700;16;21;43;225;17.5;22.2;25.3;17.2;46.2;431.2;23.9;24;23.8;23;20;375;402.7777778;461.1111111;0.9
16806600;16;20;43;202;17.2;21.2;25.4;18.1;46.6;431.2;23;23;22.9;22;20;375;402.7777778;461.1111111;0.9
16807500;16;20;43;185;16.8;20.7;25;19.2;47.8;431.2;22.4;22.5;22.5;21.6;20;375;402.7777778;461.1111111;0.9
16808400;16;19;43;186;16.7;20.4;25.4;19.8;46.2;382.2;22.5;22.5;22.5;21.6;20.2;363.8888889;316.6666667;563.8888889;2
16809300;16;19;43;177;16.7;20.4;25.5;19.9;46.2;370;22.3;22.3;22.3;21.3;20.2;363.8888889;316.6666667;563.8888889;2
16810200;16;19;43;174;16.7;20.4;25;20.1;46.5;370;22.2;22.2;22.2;21.2;20.2;363.8888889;316.6666667;563.8888889;2
16811100;15;19;34;129;16.9;19.9;24.3;20.4;48;370;22.1;22.1;22.1;21;20.2;363.8888889;316.6666667;563.8888889;2
16812000;16;19;35;156;17.1;20.5;24.3;20.7;48.6;375.1;22.6;22.5;22.6;21.6;20.5;363.8888889;233.3333333;472.2222222;2.7
16812900;16;21;43;237;16.7;21.4;24.6;20.8;47.5;376.4;24;24.1;24;22.8;20.5;363.8888889;233.3333333;472.2222222;2.7
16813800;17;22;43;250;17.4;22.7;24.7;20.6;47.3;376.4;24.7;25;24.8;23.3;20.5;363.8888889;233.3333333;472.2222222;2.7
16814700;16;20;43;173;17.3;21;24.3;20.4;48.6;376.4;22.6;22.7;22.6;21.4;20.5;363.8888889;233.3333333;472.2222222;2.7
16815600;16;19;43;167;16.9;20.1;24.8;20.4;48.2;332.7;22.2;22.3;22.3;21.3;19.7;369.4444444;158.3333333;238.8888889;2.2
16816500;16;19;43;152;16.9;20;24.5;20.4;49.7;321.8;21.8;21.8;21.9;20.8;19.7;369.4444444;158.3333333;238.8888889;2.2
16817400;15;18;43;131;16.8;19.3;24.3;20.3;51.5;321.8;21.1;21.1;21.1;20.2;19.7;369.4444444;158.3333333;238.8888889;2.2
16818300;15;17;43;105;16.4;18.5;23.8;20.2;54.1;321.8;20.3;20.3;20.4;19.5;19.7;369.4444444;158.3333333;238.8888889;2.2
16819200;15;18;37;144;16.4;19.1;24.2;20;53.9;266.8;21.4;21.3;21.4;20.5;19;361.1111111;91.66666667;94.44444444;2.4
16820100;15;18;43;121;16.4;19;23.9;19.9;55.2;253;20.8;20.9;21;19.9;19;361.1111111;91.66666667;94.44444444;2.4
16821000;15;18;44;113;16.4;18.8;24.1;20;54.6;253;20.6;20.6;20.7;19.6;19;361.1111111;91.66666667;94.44444444;2.4
16821900;15;17;43;85;16.4;18;23.3;20.2;56.6;253;19.7;19.7;19.8;18.9;19;361.1111111;91.66666667;94.44444444;2.4
16822800;15;16;43;71;16;17.4;22.9;19.7;58.2;182.6;19.2;19.1;19.3;18.4;18.2;347.2222222;72.22222222;77.77777778;2.6
16823700;14;16;35;79;15.5;17.4;23.1;19.6;57.4;165;19.2;19.2;19.4;18.5;18.2;347.2222222;72.22222222;77.77777778;2.6
16824600;14;16;36;94;14.8;17;22.5;19.4;59.1;165;18.6;18.5;18.7;17.9;18.2;347.2222222;72.22222222;77.77777778;2.6
16825500;14;15;9;16;15.2;16.4;22.4;19.1;60.2;165;18.6;18.7;18.9;17.6;18.2;347.2222222;72.22222222;77.77777778;2.6
16826400;15;16;4;33;15.4;16.6;21.6;18.5;63.1;103.9;19.3;19.5;19.7;18.1;17.4;375;8.333333333;8.333333333;2.6
16827300;15;16;13;30;15.6;17;21;18.3;66.7;88.6;18.6;18.6;18.8;17.9;17.4;375;8.333333333;8.333333333;2.6
16828200;15;17;10;22;15.6;17.3;20.9;18.2;67.8;88.1;18.8;18.7;19;18;17.4;375;8.333333333;8.333333333;2.6
16829100;15;15;14;24;15.3;16.5;20.9;18.1;68.3;87.6;18.2;18.1;18.3;17.6;17.4;375;8.333333333;8.333333333;2.6
16830000;15;15;10;16;15.6;16.4;21;17.3;68.6;26.6;18.4;18.3;18.5;17.7;17.2;366.6666667;0;0;2.5
16830900;14;15;14;20;15.2;16.4;20.9;17.3;68.4;26.6;18;17.9;18.1;17.4;17.2;366.6666667;0;0;2.5
16831800;15;15;0;0;15.6;16.4;20.6;17.3;69.4;26.6;18.2;18;18.3;17.5;17.2;366.6666667;0;0;2.5
16832700;15;15;0;0;15.7;16.4;20.4;17.4;69.4;26.6;18.3;18.2;18.5;17.7;17.2;366.6666667;0;0;2.5
16833600;15;16;0;0;16.1;16.4;20.4;16.8;67.4;3;18.4;18.4;18.6;17.9;16.6;358.3333333;0;0;1.8
16834500;16;14;0;0;16.8;15.7;20.3;16.8;68.1;1.3;18.6;18.5;18.7;18;16.6;358.3333333;0;0;1.8
16835400;16;14;0;0;17.2;14.9;19.9;16.8;70.1;1.3;18.5;18.3;18.7;18.2;16.6;358.3333333;0;0;1.8
16836300;16;15;0;0;17.4;16.4;19.5;16.8;72;1.3;18.5;18.2;18.6;18.3;16.6;358.3333333;0;0;1.8
16837200;17;13;0;0;17.7;15.1;19.2;16.3;73.8;0.3;18.3;18;18.5;18.6;15.8;341.6666667;0;0;2
16838100;15;14;24;21;16.2;15;18.9;16.1;75.5;0;17.9;17.6;17.9;17.8;15.8;341.6666667;0;0;2
16839000;14;14;3;1;15;15.5;18.7;16.3;76.6;0;17.1;17;17.3;16.5;15.8;341.6666667;0;0;2
16839900;14;14;1.5;0.5;15.25;15.5;18.5;16.15;77.4;0;17.1;17.05;17.3;16.65;15.8;341.6666667;0;0;2
16840800;14;14;0;0;15.5;15.5;18.3;16;78.2;0;17.1;17.1;17.3;16.8;15.7;372.2222222;0;0;2.5
16841700;15;14;0;0;15.5;15.5;18.2;15.8;77;0;17;17.3;17.3;16.9;15.7;372.2222222;0;0;2.5
16842600;15;14;0;0;15.9;15.5;18.2;15.8;76.6;0;17;17.5;17.3;16.9;15.7;372.2222222;0;0;2.5
16843500;15;14;0;0;16;15.5;18.3;15.8;76;0;16.9;17.6;17.2;16.9;15.7;372.2222222;0;0;2.5
16844400;15;17;0;0;16;17.2;18.6;15.6;75.4;0;16.9;17.8;17.2;16.8;15.8;383.3333333;0;0;1.1
16845300;15;17;0;0;16.4;17.5;18.7;15.5;74.4;0;17;18.1;17.2;16.6;15.8;383.3333333;0;0;1.1
16846200;15;16;0;0;16.5;17.5;18.8;15.5;73.5;0;17.1;18.5;17.2;16.6;15.8;383.3333333;0;0;1.1
16847100;15;16;0;0;16.5;17.5;18.8;15.5;73.4;0;17.1;18.8;17.2;16.5;15.8;383.3333333;0;0;1.1
16848000;16;16;0;0;16.5;17.5;18.8;15.6;74.3;0;17.1;19.1;17.3;16.4;14.7;372.2222222;0;0;1.2
16848900;16;16;0;0;16.5;17.5;18.7;15.6;75.4;0;17.1;19.3;17.2;16.4;14.7;372.2222222;0;0;1.2
16849800;16;16;0;0;16.5;17.5;18.4;15.6;76.8;0;16.9;19.8;17.4;16.2;14.7;372.2222222;0;0;1.2
16850700;16;16;0;0;16.5;17.5;18.2;15.6;77.2;0;16.7;20;18.3;16;14.7;372.2222222;0;0;1.2
16851600;15;15;22;17;15.6;16.4;18.1;15.4;77.4;0;16.8;18.3;18;16.2;14.8;375;0;0;1
16852500;14;15;0;0;14.8;15.5;18.2;15.4;77.4;0;16.9;16.7;16.9;16.6;14.8;375;0;0;1
16853400;13;14;26;56;13.5;15.3;18.1;15.5;76.8;0;16.5;16.2;16.5;16.2;14.8;375;0;0;1
16854300;13;13;0;0;14.3;14.4;17.8;15.6;77.3;0;15.9;15.7;16;15.7;14.8;375;0;0;1
16855200;13;14;0;0;14.3;14.4;17.8;15.4;77.6;0;16.1;15.9;16.1;15.9;14.8;377.7777778;0;0;1.6
16856100;13;14;0;0;14.3;14.4;17.7;15.3;77.4;0;16.4;16.2;16.4;16.2;14.8;377.7777778;0;0;1.6
16857000;13;14;0;0;14.3;14.8;17.8;14.9;77.2;0;16.6;16.3;16.6;16.4;14.8;377.7777778;0;0;1.6
16857900;13;14;0;0;14.3;14.9;18;14.4;76.4;0;16.8;16.3;16.7;16.6;14.8;377.7777778;0;0;1.6
16858800;14;14;0;0;14.8;14.9;18;14.2;76.1;0;16.9;16.3;16.8;16.9;14.6;377.7777778;11.11111111;13.88888889;1.8
16859700;14;14;0;0;15.1;15.2;18;14.1;75.7;0;17;16.4;16.9;17.5;14.6;377.7777778;11.11111111;13.88888889;1.8
16860600;14;15;0;0;15.5;15.4;17.9;14.2;75.7;0;17.2;16.4;17;18.1;14.6;377.7777778;11.11111111;13.88888889;1.8
16861500;14;16;0;0;15.8;16.6;18;14.4;75.9;0;17.4;16.5;17.2;18.4;14.6;377.7777778;11.11111111;13.88888889;1.8
16862400;14;16;0;0;15.8;16.9;18.2;14.2;75.6;1.4;17.6;16.5;17.4;18.6;15;380.5555556;47.22222222;47.22222222;2.9
16863300;14;15;0;0;15.8;16.4;18.2;14.2;75.1;1.4;17.8;16.7;17.7;18.6;15;380.5555556;47.22222222;47.22222222;2.9
16864200;15;15;5;6;15.7;16.3;18.4;14.4;74.8;1.4;17.9;16.9;17.9;18.3;15;380.5555556;47.22222222;47.22222222;2.9
16865100;12;14;38;60;13.6;14.9;18.6;14.5;74.4;1.4;16.4;16.4;16.5;16;15;380.5555556;47.22222222;47.22222222;2.9
16866000;13;13;7;0;14.7;14.4;19;14.6;73.5;36.3;16.5;16.5;16.7;15.6;15.1;383.3333333;88.88888889;88.88888889;3
16866900;13;14;0;0;14.7;14.4;19;14.6;73;38.8;16.9;16.8;17;15.7;15.1;383.3333333;88.88888889;88.88888889;3
16867800;14;14;0;0;14.7;14.4;19.2;14.7;72.5;38.8;17.2;16.9;17.3;15.9;15.1;383.3333333;88.88888889;88.88888889;3
16868700;14;14;0;0;14.7;14.9;19.5;14.7;70.5;38.8;17.7;17.1;17.5;16.1;15.1;383.3333333;88.88888889;88.88888889;3
16869600;13;15;14;35;14.6;15.3;19.9;15;68.6;106.9;18.1;17.7;18;16.6;16.2;386.1111111;127.7777778;127.7777778;2.9
16870500;14;15;13;35;14.7;15.9;20.3;15.1;67.8;117.4;17.6;17.5;17.8;17.1;16.2;386.1111111;127.7777778;127.7777778;2.9
16871400;14;16;11;23;15.2;16.2;20.2;15.2;68.3;110.6;18.1;18.3;18.5;17.5;16.2;386.1111111;127.7777778;127.7777778;2.9
16872300;15;16;12;26;15.2;16.6;20.4;15.3;67.6;102.9;18.5;18.6;18.8;17.8;16.2;386.1111111;127.7777778;127.7777778;2.9
16873200;15;16;9;20;15.4;16.6;20;15.9;68.7;142.9;19.2;19.2;19.3;18.1;16.3;386.1111111;183.3333333;186.1111111;2.6
16874100;15;16;19;44;15.7;17.1;20.9;16;67.4;152.9;19;19.1;19.3;18.3;16.3;386.1111111;183.3333333;186.1111111;2.6
16875000;15;16;4;9;15.8;16.9;21.4;16;64.6;152.9;20.1;20;20.3;18.5;16.3;386.1111111;183.3333333;186.1111111;2.6
16875900;15;17;43;112;15.9;18.2;21.4;15.9;64.7;152.9;20;19.9;20.1;19.2;16.3;386.1111111;183.3333333;186.1111111;2.6
16876800;15;16;43;74;16.2;17.5;21.2;16.6;64.7;235;19.3;19.2;19.5;18.5;16.9;386.1111111;219.4444444;222.2222222;2.8
16877700;15;17;43;85;15.8;17.5;22.1;16.8;62.9;264.9;19.7;19.6;19.9;18.9;16.9;386.1111111;219.4444444;222.2222222;2.8
16878600;14;17;35;118;15.5;18.2;22.2;17;61.3;264.9;20.3;20.2;20.4;19.5;16.9;386.1111111;219.4444444;222.2222222;2.8
16879500;14;17;37;113;15.1;17.9;22.1;17.1;62.2;264.9;19.7;19.6;19.8;18.8;16.9;386.1111111;219.4444444;222.2222222;2.8
16880400;15;17;33;60;16.2;17.9;22.5;17.9;61.1;336.6;20;20.1;20.2;19;17.4;386.1111111;338.8888889;347.2222222;3.1
16881300;16;17;33;54;16.6;17.9;21.6;18;63;341.7;20;20;20.2;19.1;17.4;386.1111111;338.8888889;347.2222222;3.1
16882200;16;17;33;54;16.6;17.9;21.9;17.5;63.7;355.8;20.2;20.1;20.3;19.3;17.4;386.1111111;338.8888889;347.2222222;3.1
16883100;16;18;33;56;17;18.3;22.4;17.2;61.4;362.9;20.6;20.6;20.8;19.8;17.4;386.1111111;338.8888889;347.2222222;3.1
16884000;16;18;33;55;17.1;18.4;22.4;18.1;63.9;485.1;20.5;20.5;20.7;19.7;17.7;388.8888889;316.6666667;319.4444444;3.2
16884900;16;18;33;56;17.1;18.4;22.3;18.1;64.2;485.1;20.6;20.6;20.9;19.9;17.7;388.8888889;316.6666667;319.4444444;3.2
16885800;16;18;33;56;17.1;18.4;22.7;17.9;65.1;476;20.5;20.5;20.7;19.7;17.7;388.8888889;316.6666667;319.4444444;3.2
16886700;16;18;33;59;17.3;18.7;23;17.7;64.7;470;21.1;21.1;21.3;20.4;17.7;388.8888889;316.6666667;319.4444444;3.2
16887600;17;19;33;66;18.4;20;24;18.4;60.1;515.1;22.5;22.5;22.7;21.6;17.7;386.1111111;269.4444444;272.2222222;1.5
16888500;19;20;33;66;19.6;21.2;24.4;18.5;57.5;522;23.6;23.6;23.8;22.6;17.7;386.1111111;269.4444444;272.2222222;1.5
16889400;19;21;33;63;20.3;21.8;24.1;18.3;57.3;522;24.1;24.2;24.4;23.3;17.7;386.1111111;269.4444444;272.2222222;1.5
16890300;20;22;33;65;20.9;22.4;24.1;18.1;58.1;522;24.7;24.8;24.9;23.9;17.7;386.1111111;269.4444444;272.2222222;1.5
16891200;20;22;33;62;21.1;22.4;23.3;18.5;59.7;512.6;24.5;24.5;24.7;23.6;19.3;388.8888889;319.4444444;322.2222222;2.2
16892100;20;21;33;63;21.1;22.4;23.6;18.6;58.8;511.2;24.3;24.4;24.5;23.6;19.3;388.8888889;319.4444444;322.2222222;2.2
16893000;20;22;33;64;21.1;22.4;24;18.3;56.3;511.2;24.6;24.7;24.9;23.9;19.3;388.8888889;319.4444444;322.2222222;2.2
16893900;20;22;33;66;21.4;23;24.9;18.1;54.7;511.2;25.3;25.4;25.6;24.5;19.3;388.8888889;319.4444444;322.2222222;2.2
16894800;21;23;33;73;22.1;23.7;25.3;18.5;52.4;497.8;25.9;26;26.2;25.1;19.7;388.8888889;347.2222222;361.1111111;2
16895700;21;23;36;56;22.4;23.8;24.4;18.6;54.6;495.7;25.4;25.5;25.7;24.7;19.7;388.8888889;347.2222222;361.1111111;2
16896600;20;22;30;57;21.7;23.3;23.5;18.3;58.7;495.7;25;25.2;25.3;24.3;19.7;388.8888889;347.2222222;361.1111111;2
16897500;20;22;33;63;21.1;22.9;24.1;18.1;55.9;495.7;24.5;24.6;24.8;23.9;19.7;388.8888889;347.2222222;361.1111111;2
16898400;17;22;39;210;18.3;22.7;25;18.4;52.4;426;24.5;24.5;24.6;24;20;361.1111111;252.7777778;488.8888889;2.3
16899300;16;20;20;80;17.6;21.4;25.6;18.4;52.5;415.3;23.3;23.5;23.5;22.3;20;361.1111111;252.7777778;488.8888889;2.3
16900200;17;20;0;0;17.5;21.4;26.1;18.9;51.9;415.3;23.7;25.1;25.1;22.4;20;361.1111111;252.7777778;488.8888889;2.3
16901100;17;20;0;0;17.8;21.4;25.4;19.4;53.1;415.3;24.8;26.4;26.5;22.5;20;361.1111111;252.7777778;488.8888889;2.3
16902000;17;20;0;0;18;21.4;24.4;19.3;53.8;340.2;26.2;27.3;27.4;22.7;20.6;369.4444444;252.7777778;402.7777778;1.6
16902900;17;20;0;0;18.1;21.4;24;19.3;55.5;328.6;27.4;28;28.2;23;20.6;369.4444444;252.7777778;402.7777778;1.6
16903800;17;21;0;0;18.5;21.4;24.4;19.4;54.8;328.6;28.9;29;29.5;23.3;20.6;369.4444444;252.7777778;402.7777778;1.6
16904700;17;21;0;0;18.5;21.7;25.1;19.5;53.4;328.6;30.3;30.1;30.8;23.7;20.6;369.4444444;252.7777778;402.7777778;1.6
16905600;17;22;0;0;18.7;22.8;25.6;19.4;51.5;275.9;31.1;30.9;31.7;24.1;20.1;388.8888889;50;50;1.8
16906500;18;22;0;0;19;23.3;25.4;19.4;49.6;267.8;31.2;30.9;31.9;24.4;20.1;388.8888889;50;50;1.8
16907400;18;22;0;0;19;22.9;24.9;19.7;51.8;267.8;31;30.9;31.6;24.6;20.1;388.8888889;50;50;1.8
16908300;18;22;0;0;19.1;22.9;23.9;19.8;55.3;267.8;29.4;29.9;30;24.3;20.1;388.8888889;50;50;1.8
16909200;19;18;0;0;20;20.2;23.1;19.6;57.9;191.5;24.1;25;24.8;23;16.2;380.5555556;19.44444444;19.44444444;1.5
16910100;19;14;0;0;20;16.1;22.5;19.6;61;191.5;24;24.5;24.5;23.1;16.2;380.5555556;19.44444444;19.44444444;1.5
16911000;19;13;0;0;20;14.8;19.6;20.1;80.7;191.5;23.4;23.8;23.7;23.1;16.2;380.5555556;19.44444444;19.44444444;1.5
16911900;19;13;0;0;20;14.4;18.4;20.4;90.4;191.5;22.6;23;23.1;23.2;16.2;380.5555556;19.44444444;19.44444444;1.5
16912800;19;13;0;0;20;14.4;18.4;19.5;91.6;107.8;22.2;22.4;22.7;23.2;16.1;358.3333333;11.11111111;11.11111111;2
16913700;19;15;0;0;20.2;16.3;18.3;19.4;91.6;101.8;21.9;22;22.5;23.1;16.1;358.3333333;11.11111111;11.11111111;2
16914600;19;16;0;0;20.5;16.9;18.2;19.3;91.6;100.3;21.7;21.8;22.3;23.1;16.1;358.3333333;11.11111111;11.11111111;2
16915500;19;15;0;0;20.5;16.9;18;19.3;91.6;98.9;21.6;21.8;22.3;23.1;16.1;358.3333333;11.11111111;11.11111111;2
16916400;20;15;0;0;20.5;16.9;18.1;18.6;91.6;38.4;21.6;21.6;22.3;23;15.8;372.2222222;0;0;1.2
16917300;20;16;0;0;20.6;16.9;18.1;18.5;92.1;29.1;21.7;21.4;22.2;22.9;15.8;372.2222222;0;0;1.2
16918200;20;16;0;0;21;17;18;17.3;91.6;29.1;21.6;21.1;22.2;22.8;15.8;372.2222222;0;0;1.2
16919100;20;16;0;0;21;17.4;18;15.5;91.6;29.1;21.7;20.7;22.2;22.8;15.8;372.2222222;0;0;1.2
16920000;20;16;0;0;21;17.4;17.9;15.1;91.6;0.8;21.8;19.8;22.6;22.7;15.6;366.6666667;0;0;2.2
16920900;20;17;0;0;21;17.8;17.8;15.1;91.7;0.8;21.8;19;23.7;22.6;15.6;366.6666667;0;0;2.2
16921800;20;18;0;0;21.5;18.5;17.8;15.3;91.6;0.8;20.8;18.2;24;22.3;15.6;366.6666667;0;0;2.2
16922700;20;19;0;0;21.5;20.5;17.9;15.5;91.6;0.8;18.3;17.7;24.4;21.7;15.6;366.6666667;0;0;2.2
16923600;20;19;0;0;21.3;21.2;17.9;15.1;91.6;0.1;17.7;17.6;21.5;22.9;15.5;347.2222222;0;0;1.4
16924500;20;19;0;0;19.2;20.9;17.9;15.1;91.6;0;17.6;17.6;20.9;23.5;15.5;347.2222222;0;0;1.4
16925400;19;19;0;0;18.5;20;17.7;15.2;91.6;0;17.5;17.5;22.9;23.7;15.5;347.2222222;0;0;1.4
16926300;18.5;18;0;0;18;19.4;17.55;15.45;91.6;0;17.35;17.3;21.75;23.55;15.5;347.2222222;0;0;1.4
16927200;18;17;0;0;17.5;18.8;17.4;15.7;91.6;0;17.2;17.1;20.6;23.4;15.5;355.5555556;0;0;0.9
16928100;18;17;0;0;18.1;18.1;17.4;15.8;91.6;0;17.2;16.9;19.9;22;15.5;355.5555556;0;0;0.9
16929000;18;15;0;0;18.9;16.9;17.7;15.8;91.6;0;17.4;16.9;19.5;21.9;15.5;355.5555556;0;0;0.9
16929900;17;13;0;0;18.2;15.2;17.8;15.8;91.6;0;17.5;16.9;19;21.3;15.5;355.5555556;0;0;0.9
16930800;18;15;0;0;17.8;16.2;17.8;15.6;91.6;0;17.5;16.9;18.6;19.7;15.2;325;0;0;0.8
16931700;18;14;0;0;17.5;16.2;17.6;15.6;91.6;0;17.3;16.9;18.7;19.2;15.2;325;0;0;0.8
16932600;16;13;0;0;16.9;14.6;17.3;15.6;91.1;0;17.2;16.8;18.9;19;15.2;325;0;0;0.8
16933500;16;13;0;0;16.8;14.4;16.9;15.6;91.1;0;17;16.5;19;19;15.2;325;0;0;0.8
16934400;16;13;0;0;16.8;14.4;16.7;15.6;91.1;0;16.7;16.2;18.8;18.9;14.9;350;0;0;1.3
16935300;16;13;0;0;16.8;14.4;16.6;15.6;91.1;0;16.5;15.9;18.6;18.9;14.9;350;0;0;1.3
16936200;16;13;0;0;16.8;14.4;16.5;15.6;91.1;0;16.3;15.7;18.4;18.9;14.9;350;0;0;1.3
16937100;16;13;0;0;17;14.8;16.5;15.6;91.5;0;16.2;15.5;18.1;18.9;14.9;350;0;0;1.3
16938000;16;14;0;0;17.3;14.9;16.6;15.1;91.6;0;16.1;15.5;17.9;18.8;14.6;344.4444444;0;0;2.3
16938900;16;15;0;0;17.3;15.6;16.7;15.1;91.6;0;16.2;15.4;17.6;18.6;14.6;344.4444444;0;0;2.3
16939800;16;16;0;0;17.3;16.9;16.8;15;91.6;0;16.2;15.5;17.5;18.5;14.6;344.4444444;0;0;2.3
16940700;17;16;0;0;17.3;16.9;16.7;15;91.6;0;16.1;15.5;17.4;18.3;14.6;344.4444444;0;0;2.3
16941600;17;15;0;0;17.3;16.7;16.6;14.9;91.6;0;16.1;15.5;17.4;18.2;14.5;355.5555556;0;0;2.4
16942500;17;15;0;0;17.3;16.4;16.5;14.9;91.6;0;16;15.5;17.3;18.2;14.5;355.5555556;0;0;2.4
16943400;17;15;0;0;17.3;16.4;16.5;14.8;91.6;0;16;15.4;17.3;18.1;14.5;355.5555556;0;0;2.4
16944300;17;15;0;0;17.3;16.4;16.8;14.7;91.6;0;16;15.4;17.3;18.1;14.5;355.5555556;0;0;2.4
16945200;17;16;0;0;17.3;16.4;16.8;14.7;91.6;0;16.1;15.5;17.2;18.1;14.4;361.1111111;16.66666667;16.66666667;2.1
16946100;17;16;0;0;17.3;16.4;16.7;14.7;91.6;0;16;15.5;17.3;18.1;14.4;361.1111111;16.66666667;16.66666667;2.1
16947000;17;16;0;0;17.3;16.4;16.8;14.6;91.6;0;16;15.5;17.3;18.1;14.4;361.1111111;16.66666667;16.66666667;2.1
16947900;17;17;0;0;17.3;17.9;16.9;14.5;91.5;0;16.1;15.6;17.3;18;14.4;361.1111111;16.66666667;16.66666667;2.1
16948800;17;17;0;0;17.3;18.3;17;14.5;91.6;0.4;16.3;15.8;17.2;18;14.5;347.2222222;52.77777778;58.33333333;3.1
16949700;17;16;0;0;17.3;17.5;17.2;14.5;91.6;0.6;16.5;16;17.2;18;14.5;347.2222222;52.77777778;58.33333333;3.1
16950600;17;16;0;0;17.3;17.4;17.1;14.5;91.6;0.6;16.6;16.1;17.3;18;14.5;347.2222222;52.77777778;58.33333333;3.1
16951500;20;15;0;0;19.3;16.4;17.3;14.5;91.6;0.6;16.7;16.2;17.4;18;14.5;347.2222222;52.77777778;58.33333333;3.1
16952400;19;14;0;0;18.9;15.7;17.5;14.7;91.8;31.5;16.8;16.4;17.5;18.1;15.3;386.1111111;158.3333333;161.1111111;2.8
16953300;19;13;0;0;18.4;14.9;17.8;14.7;91.4;31.5;17.1;16.7;17.6;18.2;15.3;386.1111111;158.3333333;161.1111111;2.8
16954200;19;13;0;0;18.4;14.4;18.4;14.6;91.6;31.5;17.5;17.1;17.7;18.2;15.3;386.1111111;158.3333333;161.1111111;2.8
16955100;19;12;0;0;18.4;14.4;19.1;14.6;91.4;31.5;18;17.6;17.9;18.3;15.3;386.1111111;158.3333333;161.1111111;2.8
16956000;18;14;0;0;18.1;14.9;19.2;15.3;90.8;111.1;18.6;18.1;18.1;18.3;16.1;383.3333333;219.4444444;250;1.9
16956900;18;15;0;0;17.9;15.9;19.5;15.3;90.7;111.1;18.9;18.4;18.5;18.4;16.1;383.3333333;219.4444444;250;1.9
16957800;18;16;0;0;17.9;16.1;19.6;15.2;90.6;112.2;19.4;18.8;19;18.5;16.1;383.3333333;219.4444444;250;1.9
16958700;18;16;0;0;17.9;16.4;19.8;15.2;91;113.2;20.2;19.4;19.9;18.5;16.1;383.3333333;219.4444444;250;1.9
16959600;17;15;0;0;17.9;16.4;20.1;16.2;90.5;196.1;22.1;20.4;21.4;18.7;16.8;383.3333333;241.6666667;275;1.8
16960500;18;15;0;0;17.9;16.4;20.3;16.3;90.3;202;22.9;21.2;22.2;18.8;16.8;383.3333333;241.6666667;275;1.8
16961400;18;15;0;0;18.1;16.4;20.4;16.3;89.9;202;23.1;21.9;22.5;18.9;16.8;383.3333333;241.6666667;275;1.8
16962300;18;16;0;0;18.4;16.4;20.6;16.3;90;202;23.5;22.3;22.9;19.1;16.8;383.3333333;241.6666667;275;1.8
16963200;16;16;0;0;18;16.9;21.3;17.3;90.2;298.2;23.6;23.1;23.2;20.1;17.7;372.2222222;394.4444444;547.2222222;1.1
16964100;16;15;0;0;18.6;16.7;21.2;17.5;89;322.3;24.3;23.5;23.6;20.6;17.7;372.2222222;394.4444444;547.2222222;1.1
16965000;17;14;0;0;18.8;16;21.6;17.4;87.6;322.3;25.2;24.1;24.3;20.6;17.7;372.2222222;394.4444444;547.2222222;1.1
16965900;17;16;0;0;18.8;16.5;22.6;17.2;71.2;322.3;25.9;24.6;25.1;20.8;17.7;372.2222222;394.4444444;547.2222222;1.1
16966800;17;16;0;0;19.1;17.4;22.4;18.2;67.4;404.3;27.8;26.1;26.6;21.2;19.6;358.3333333;316.6666667;686.1111111;1.8
16967700;17;14;0;0;19.3;16.4;22;18.5;67.7;434.1;28.4;26.7;26.9;21.4;19.6;358.3333333;316.6666667;686.1111111;1.8
16968600;18;14;0;0;19.3;15.5;22.7;18.3;66.3;421.5;29.2;27.5;27.7;21.7;19.6;358.3333333;316.6666667;686.1111111;1.8
16969500;18;14;0;0;19.4;15.4;23.3;17.9;63;402.5;30.5;28.7;28.8;22;19.6;358.3333333;316.6666667;686.1111111;1.8
16970400;18;14;0;0;19.8;15.4;24;18.6;60.4;475.2;32.3;30.3;30.3;22.5;21;383.3333333;361.1111111;569.4444444;2.7
16971300;18;13;0;0;19.8;15;24.4;18.9;58.5;501.6;33.9;31.9;31.6;23;21;383.3333333;361.1111111;569.4444444;2.7
16972200;19;13;0;0;20.1;14.9;24.9;18.9;56.2;487.4;35.8;33.8;32.9;23.7;21;383.3333333;361.1111111;569.4444444;2.7
16973100;19;13;0;0;20.3;14.9;25.6;18.8;53.6;466;37.5;35.5;33.9;24.4;21;383.3333333;361.1111111;569.4444444;2.7
16974000;19;14;0;0;20.3;14.9;25.4;19.5;54.1;557;37.9;36.1;34.4;25;21.6;369.4444444;305.5555556;730.5555556;4
16974900;19;16;0;0;20.4;16.9;25.6;19.5;52.7;557;38.3;37;35.2;25.4;21.6;369.4444444;305.5555556;730.5555556;4
16975800;19;15;0;0;20.8;16.7;25.2;19.9;54.1;557;39.2;37.6;36;25.9;21.6;369.4444444;305.5555556;730.5555556;4
16976700;19;14;0;0;20.8;16.4;24.7;20.2;56.1;557;40.3;38.9;36.4;26.2;21.6;369.4444444;305.5555556;730.5555556;4
16977600;16;15;0;0;18.2;16.5;25.3;20.8;52.7;554.8;38.4;38.1;35;28;21.6;377.7777778;283.3333333;344.4444444;3.3
16978500;17;14;0;0;19.2;15.4;25.6;20.8;52.3;554.6;36.5;36.4;33.5;26.4;21.6;377.7777778;283.3333333;344.4444444;3.3
16979400;18;13;0;0;19.7;14.9;25.4;21.2;52.6;554.6;36.1;36.2;33.6;26.8;21.6;377.7777778;283.3333333;344.4444444;3.3
16980300;17;13;0;0;19.7;14.6;24.6;21.6;54.9;554.6;34.9;35.4;32.9;26.8;21.6;377.7777778;283.3333333;344.4444444;3.3
16981200;17;13;0;0;19.7;14.6;24.8;21.9;55.3;569.9;34;34.7;32.5;26.9;22.6;388.8888889;302.7777778;500;2.4
16982100;18;13;0;0;19.9;14.6;26;21.9;52.3;572.2;33.9;34.6;32.6;27.1;22.6;388.8888889;302.7777778;500;2.4
16983000;19;15;0;0;20.6;15.8;26.1;21.9;51.9;572.2;35.3;35.5;33.5;27.2;22.6;388.8888889;302.7777778;500;2.4
16983900;18;16;0;1;19;16.9;26.4;22;50.6;572.2;36.8;36.7;34.4;28.9;22.6;388.8888889;302.7777778;500;2.4
16984800;17;14;0;0;18.9;15;26.5;22;48.8;513.2;34.9;35.4;32.9;28.8;22.3;386.1111111;183.3333333;230.5555556;3.2
16985700;17;13;0;0;19.3;14.9;25.8;22;49;498.4;34.5;34.8;32.5;28.9;22.3;386.1111111;183.3333333;230.5555556;3.2
16986600;17;13;0;0;19.3;14.8;25.7;21.9;50.4;498.4;33.9;34.4;32.2;29;22.3;386.1111111;183.3333333;230.5555556;3.2
16987500;17;13;0;0;19.4;14.4;25.5;21.7;52.3;498.4;33.3;33.9;31.7;28.9;22.3;386.1111111;183.3333333;230.5555556;3.2
16988400;17;13;0;0;19.8;14.4;26;21.8;51;449.9;32.8;33.5;31.5;28.9;24.1;375;177.7777778;394.4444444;4.5
16989300;17;13;0;0;20.1;14.4;26.4;21.8;50.6;432.3;32.7;33.4;31.6;28.9;24.1;375;177.7777778;394.4444444;4.5
16990200;18;13;0;0;20.4;14.4;26.6;22.3;50.6;432.3;32.9;33.3;32;28.9;24.1;375;177.7777778;394.4444444;4.5
16991100;19;14;0;0;20.8;15.1;27.1;22.7;49.9;432.3;33.5;33.6;32.9;29;24.1;375;177.7777778;394.4444444;4.5
16992000;19;16;0;0;20.9;16.9;27;22.6;48.6;339.1;33.9;34;33.7;29.2;23.5;361.1111111;94.44444444;230.5555556;4.6
16992900;18;16;0;0;21.3;17.4;27;22.6;45.9;324.8;33.9;34;34.3;29.4;23.5;361.1111111;94.44444444;230.5555556;4.6
16993800;17;16;0;0;21.3;17.4;26.3;22.5;48.8;324.8;33.3;33.9;33.8;29.5;23.5;361.1111111;94.44444444;230.5555556;4.6
16994700;17;16;0;0;21.3;17.4;29.1;22.4;46.4;324.8;32.6;33.5;33.1;29.6;23.5;361.1111111;94.44444444;230.5555556;4.6
16995600;17;16;0;0;21.5;17.4;34.2;22.1;33.6;233.5;32.4;33.4;33;29.6;23.3;366.6666667;69.44444444;138.8888889;4.6
16996500;18;16;0;0;21.8;17.4;33.4;22;33.9;219.4;32.1;33.4;33;29.8;23.3;366.6666667;69.44444444;138.8888889;4.6
16997400;17;16;0;0;20.8;17.8;31.3;23;38;219.4;31.9;33.6;32.8;30.2;23.3;366.6666667;69.44444444;138.8888889;4.6
16998300;18;15;0;0;20.7;17.4;27.4;23.9;51.2;219.4;31.3;33.4;32.3;30.1;23.3;366.6666667;69.44444444;138.8888889;4.6
16999200;18;13;0;0;21.2;15.6;25.6;23.3;57.8;125;30.7;33;31.9;30.2;21.1;363.8888889;13.88888889;13.88888889;4.4
17000100;18;15;0;0;21.3;17.1;24.9;23.2;60;110.5;30;32.3;31.2;30.2;21.1;363.8888889;13.88888889;13.88888889;4.4
17001000;17;15;0;0;21.3;16.8;24.2;23.1;63;109.8;29.1;31.4;30.4;30;21.1;363.8888889;13.88888889;13.88888889;4.4
17001900;17;13;0;0;21.3;15.1;23.7;23.1;65.8;109.1;28.3;30.5;29.7;29.8;21.1;363.8888889;13.88888889;13.88888889;4.4
17002800;17;13;0;0;21.3;14.6;23.4;22.3;67.8;43.8;27.6;29.7;29;29.6;20;405.5555556;0;0;4
17003700;18;12;0;0;21.3;14.6;23;22.2;69.4;33.8;27.1;29.1;28.5;29.5;20;405.5555556;0;0;4
17004600;18;12;0;0;21.8;14.6;22.9;22.4;70.5;33.8;26.7;28.5;28;29.4;20;405.5555556;0;0;4
17005500;18;13;0;0;21.8;14.6;21.5;22.6;86.1;33.8;26.1;27.6;27.3;29.1;20;405.5555556;0;0;4
17006400;18;13;0;0;21.8;14.6;20.5;21.6;92.5;5.1;25.3;26.6;26.4;28.9;19.6;400;0;0;4
17007300;18;14;0;0;22;15;20.4;21.5;93;0.7;24.8;25.9;25.9;28.6;19.6;400;0;0;4
17008200;18;15;0;0;22.3;15.9;20.6;20.9;93.2;0.7;24.4;25.3;25.5;28.2;19.6;400;0;0;4
17009100;18;17;0;0;22.3;17.6;20.7;20.3;93.2;0.7;24.2;24.8;25.2;27.9;19.6;400;0;0;4
17010000;19;17;0;0;22.3;17.6;20.8;19.5;92.7;0.1;24;24.7;25.1;27.5;18.9;347.2222222;0;0;3.8
17010900;19;16;0;0;22.8;17.6;20.7;19.4;92.2;0;23.9;24.6;24.9;27.3;18.9;347.2222222;0;0;3.8
17011800;19;16;0;0;22.8;17.6;20.4;19.3;92.2;0;23.7;24.3;24.7;27.1;18.9;347.2222222;0;0;3.8
17012700;19;16.5;0;0;22.9;17.85;19.85;17.8;92.1;0;23.45;23.9;24.4;26.8;18.9;347.2222222;0;0;3.8
17013600;19;17;0;0;23;18.1;19.3;16.3;92;0;23.2;23.5;24.1;26.5;17.5;358.3333333;0;0;3.2
17014500;20;17;0;0;23.3;18.1;18.9;15.8;92.2;0;22.9;23;23.9;26.3;17.5;358.3333333;0;0;3.2
17015400;20;17;0;0;23.3;18.3;18.9;15.8;92.2;0;22.8;22.2;23.9;26;17.5;358.3333333;0;0;3.2
17016300;20;17;0;0;23.3;18.6;18.7;15.8;92.2;0;23.1;20.8;24.4;25.9;17.5;358.3333333;0;0;3.2
17017200;20;19;0;0;23.8;19.9;18.6;15.6;92.2;0;24.3;19.5;24.8;25.7;16.9;383.3333333;0;0;3.2
17018100;20;19;0;0;23.7;20.4;18.4;15.6;92.2;0;24.6;18.8;23.3;25.4;16.9;383.3333333;0;0;3.2
17019000;20;19;0;0;22.9;20.5;18.5;15.6;92.2;0;23.5;18.7;23.9;24.4;16.9;383.3333333;0;0;3.2
17019900;21;17;0;0;22.3;18.3;18.5;15.6;92.2;0;23.7;18.8;22.5;23.7;16.9;383.3333333;0;0;3.2
17020800;19;14;0;0;20;15.2;18.4;15.6;92.2;0;24;18.9;21.1;24.7;16.3;355.5555556;0;0;3.2
17021700;18;12;0;0;19.2;14;18.5;15.6;92;0;22;19;20.5;25;16.3;355.5555556;0;0;3.2
17022600;18;12;0;0;19.2;13.6;18.3;15.6;91.7;0;20.8;18.9;20.2;25.1;16.3;355.5555556;0;0;3.2
17023500;18;12;0;0;19.2;13.6;18;15.6;92.1;0;20.2;18.7;20;25.1;16.3;355.5555556;0;0;3.2
17024400;18;12;0;0;19.2;13.6;18.1;16.3;92.2;0;19.9;18.5;19.9;25.1;16.2;386.1111111;0;0;2.3
17025300;18;13;0;0;19.2;14.6;18.3;16.5;92.2;0;19.8;18.4;19.9;25;16.2;386.1111111;0;0;2.3
17026200;18;15;0;0;19.2;16.1;18.3;16.5;91.8;0;19.7;18.4;19.9;24.8;16.2;386.1111111;0;0;2.3
17027100;18;15;0;0;19.2;16.1;18.4;16.4;92.2;0;19.7;18.4;19.9;24.6;16.2;386.1111111;0;0;2.3
17028000;18;15;0;0;19.2;16.1;18.5;16.2;91.8;0;19.7;18.4;20;24.4;15.9;391.6666667;0;0;2.8
17028900;18;15;0;0;19.2;16.1;18.4;16.2;91.7;0;19.8;18.4;20;24.1;15.9;391.6666667;0;0;2.8
17029800;18;15;0;0;19.2;16.5;18.4;16.2;91.7;0;19.9;18.5;19.9;24;15.9;391.6666667;0;0;2.8
17030700;18;15;0;0;19.2;16.6;18.4;16.1;91.7;0;20.1;18.4;19.9;23.8;15.9;391.6666667;0;0;2.8
17031600;18;16;0;0;18.7;16.6;18.4;16.1;91.7;0;20.3;18.4;19.9;23.6;16.1;391.6666667;5.555555556;5.555555556;3.4
17032500;18;16;0;0;18.7;16.8;18.4;16.1;91.7;0;20.3;18.4;19.9;23.4;16.1;391.6666667;5.555555556;5.555555556;3.4
17033400;18;16;0;0;18.7;17.1;18.5;16.1;91.6;0;20.2;18.4;19.9;23.3;16.1;391.6666667;5.555555556;5.555555556;3.4
17034300;18;18;0;0;18.2;18.4;18.5;16.2;91.2;0;20.1;18.4;19.9;23;16.1;391.6666667;5.555555556;5.555555556;3.4
17035200;18;17;0;0;18.2;18.6;18.6;16.1;91.2;0.3;20.1;18.4;20;22.8;16;391.6666667;33.33333333;33.33333333;4
17036100;18;17;0;0;18.2;18.1;18.5;16.1;91.2;0.4;20;18.4;20.1;22.3;16;391.6666667;33.33333333;33.33333333;4
17037000;18;17;0;0;18.2;18.1;18.6;16;91.3;0.4;20.1;18.5;20.1;20.1;16;391.6666667;33.33333333;33.33333333;4
17037900;18;17;0;0;18.2;18.1;18.9;15.8;91.3;0.4;20.3;18.6;20;17.9;16;391.6666667;33.33333333;33.33333333;4
17038800;18;17;0;0;18.2;18.1;19;15.9;91;20.1;20.6;18.7;19.8;17.8;16.7;394.4444444;72.22222222;72.22222222;4.1
17039700;18;17;0;0;18.2;18.1;19;16;91;27.3;22.6;18.9;19.8;18;16.7;394.4444444;72.22222222;72.22222222;4.1
17040600;18;17;0;0;18.2;18.1;19.3;16.1;90.9;27.3;22.8;19.1;19.9;18.3;16.7;394.4444444;72.22222222;72.22222222;4.1
17041500;18;17;0;0;18.2;18.1;19.6;16.2;90.8;27.3;22.7;19.4;20;18.7;16.7;394.4444444;72.22222222;72.22222222;4.1
17042400;19;18;0;0;18.9;18.3;19.8;16.6;90.7;88;23.2;19.7;20.1;18.9;16.7;394.4444444;113.8888889;113.8888889;5.4
17043300;18;17;0;0;18.4;18.3;20.1;16.8;90.1;110.1;22.7;20;20.3;19.1;16.7;394.4444444;113.8888889;113.8888889;5.4
17044200;18;15;0;0;18.3;17.3;20;16.7;88.2;110.1;21.9;20.3;20.4;19.3;16.7;394.4444444;113.8888889;113.8888889;5.4
17045100;18;14;0;0;18.3;16.4;20.4;16.6;80.1;110.1;21.5;20.5;20.6;19.6;16.7;394.4444444;113.8888889;113.8888889;5.4
17046000;18;13;0;0;18.3;14.9;20.6;17.3;78.1;162.1;21.4;20.8;20.8;19.7;17.1;397.2222222;91.66666667;91.66666667;5.5
17046900;18;12;0;0;18.5;14.3;20.8;17.5;77.1;181;21.5;21.1;21.2;19.9;17.1;397.2222222;91.66666667;91.66666667;5.5
17047800;18;12;0;0;18.8;14.1;20.9;17.5;76.5;181;21.5;21.4;21.5;20.1;17.1;397.2222222;91.66666667;91.66666667;5.5
17048700;18;13;0;0;18.8;14.1;21;17.6;76.4;181;21.6;21.5;21.6;20.3;17.1;397.2222222;91.66666667;91.66666667;5.5
17049600;18;13;0;0;18.8;14.4;20.7;18.3;76.9;241.9;21.6;21.5;21.6;20.4;18;400;166.6666667;169.4444444;4.7
17050500;18;13;0;0;19;14.6;20.5;18.6;78;264.1;21.6;21.4;21.5;20.5;18;400;166.6666667;169.4444444;4.7
17051400;18;14;0;0;19.3;15.1;21.3;18.2;76.9;264.1;21.8;21.6;21.8;20.5;18;400;166.6666667;169.4444444;4.7
17052300;18;15;0;0;19.3;16.2;22.2;17.7;73.4;264.1;22.3;22;22.2;20.6;18;400;166.6666667;169.4444444;4.7
17053200;18;16;0;0;19.3;17.2;22.8;18.6;70.5;323.1;23;22.6;22.8;20.6;18.2;400;233.3333333;233.3333333;4.5
17054100;18;16;0;0;19.7;17.6;22.6;18.9;70.1;344.6;23.7;22.9;23.3;20.8;18.2;400;233.3333333;233.3333333;4.5
17055000;19;16;0;0;19.8;17.6;22.2;18.6;71.8;336.9;23.9;23.1;23.6;20.9;18.2;400;233.3333333;233.3333333;4.5
17055900;19;16;0;0;19.8;17.6;21.8;18.1;73;325.3;23.9;23.2;23.6;21;18.2;400;233.3333333;233.3333333;4.5
17056800;17;17;0;0;19.2;18.7;22.8;18.8;71.6;334.9;24;23.7;23.6;21.5;19.6;405.5555556;263.8888889;263.8888889;4.4
17057700;17;15;0;0;19.9;17.6;23.8;19.1;66.7;338.4;24.9;24.2;24.4;22;19.6;405.5555556;263.8888889;263.8888889;4.4
17058600;17;14;0;0;20.2;16.3;24.1;19.1;66.2;332.9;25.8;24.9;25.2;22.1;19.6;405.5555556;263.8888889;263.8888889;4.4
17059500;17;13;0;0;20.2;15.6;24.4;19;64.7;324.7;26.7;25.7;26.1;22.3;19.6;405.5555556;263.8888889;263.8888889;4.4
17060400;18;14;0;0;20.2;15.5;24.8;19.7;63.1;385.2;27.6;26.5;26.9;22.5;19.6;405.5555556;166.6666667;166.6666667;4.6
17061300;18;16;0;0;20.4;17.6;24.3;19.7;65.2;385.2;27.8;26.9;27.1;22.7;19.6;405.5555556;166.6666667;166.6666667;4.6
17062200;18;15;0;0;20.7;16.6;23.6;19.2;66.8;385.2;27.5;26.6;26.9;22.8;19.6;405.5555556;166.6666667;166.6666667;4.6
17063100;18;13;0;0;20.7;15.4;23.8;18.8;67.5;385.2;27.3;26.6;26.8;22.9;19.6;405.5555556;166.6666667;166.6666667;4.6
17064000;18;13;0;0;20.7;14.9;23.4;19.8;68.2;415.4;27;26.4;26.6;23;20.3;405.5555556;338.8888889;347.2222222;5.1
17064900;18;13;0;0;21;14.7;24;19.9;67;417.6;27;26.4;26.6;23.1;20.3;405.5555556;338.8888889;347.2222222;5.1
17065800;18;13;0;0;21.2;14.7;24.5;20.2;64.8;417.6;27.4;26.9;27.1;23.2;20.3;405.5555556;338.8888889;347.2222222;5.1
17066700;19;13;0;0;21.2;14.7;24.5;20.4;65.2;417.6;27.7;27.1;27.3;23.3;20.3;405.5555556;338.8888889;347.2222222;5.1
17067600;19;13;1;1;21;15.1;25.3;20.9;62.3;418.5;28.6;27.9;28.1;23.6;21.3;402.7777778;350;400;5
17068500;14;16;0;0;16.1;17.3;25.3;20.9;61.6;418.5;28.5;28.3;28.1;24.8;21.3;402.7777778;350;400;5
17069400;16;16;0;0;17.8;16.9;25.7;20.4;61.5;418.5;29.4;29;28.7;24.7;21.3;402.7777778;350;400;5
17070300;16;16;0;0;18.2;17.4;26.5;20;59;418.5;31;30;29.9;25;21.3;402.7777778;350;400;5
17071200;16;16;0;0;18.2;17.4;25.7;20.5;60.1;366.3;31.5;30.3;30.3;25.2;21.1;402.7777778;280.5555556;313.8888889;3.6
17072100;15;15;0;0;16.6;16.2;25.2;20.5;61.9;366.3;30.3;30.2;29.5;26.5;21.1;402.7777778;280.5555556;313.8888889;3.6
17073000;17;12;0;0;18.6;14.4;25;20.6;63.2;366.3;29;29.1;28.4;25.1;21.1;402.7777778;280.5555556;313.8888889;3.6
17073900;17;12;0;0;19;13.7;25.2;20.6;63.1;366.3;29.2;29.1;28.7;25;21.1;402.7777778;280.5555556;313.8888889;3.6
17074800;17;12;0;0;19.3;13.6;25;20.8;64;348.1;29.2;29;28.7;25.2;22.4;397.2222222;297.2222222;350;3
17075700;17;12;0;0;19.3;13.2;25.5;20.8;64;346.8;29.5;29.2;29.2;25.4;22.4;397.2222222;297.2222222;350;3
17076600;18;12;0;0;19.7;13.2;26.4;21.1;61;346.8;30.5;29.8;30.2;25.5;22.4;397.2222222;297.2222222;350;3
17077500;18;13;0;0;19.8;13.7;26;21.4;62;346.8;30.9;30.3;30.5;25.6;22.4;397.2222222;297.2222222;350;3
17078400;18;15;0;0;19.8;15.7;26.2;21.7;61.1;293.7;31;30.6;30.6;25.8;22.4;405.5555556;122.2222222;125;3.5
17079300;18;15;0;0;20.3;15.7;26.5;21.8;60.9;285.5;31;30.6;30.7;25.8;22.4;405.5555556;122.2222222;125;3.5
17080200;18;14;0;0;20.3;15.7;26.3;21.6;60.7;285.5;31;30.7;30.7;25.9;22.4;405.5555556;122.2222222;125;3.5
17081100;17;14;0;0;20.3;15.7;25.8;21.2;62.5;285.5;30.7;30.6;30.3;26;22.4;405.5555556;122.2222222;125;3.5
17082000;17;15;0;0;20.5;15.7;26.1;21.1;61.8;216.9;30.3;30.4;30;26.1;22.4;400;69.44444444;72.22222222;3.6
17082900;17;15;0;0;20.8;16.2;25.6;21.1;63.6;199.8;29.8;30;29.6;26.1;22.4;400;69.44444444;72.22222222;3.6
17083800;17;15;0;0;20.8;16.2;25.3;21.5;65.2;199.8;29.4;29.7;29.2;26.1;22.4;400;69.44444444;72.22222222;3.6
17084700;17;15;0;0;20.8;16.4;25.4;22.2;65.8;199.8;29;29.3;28.8;26.1;22.4;400;69.44444444;72.22222222;3.6
17085600;17;15;0;0;21.1;16.7;25.1;22;66.4;129.3;28.6;28.9;28.5;26.1;22;408.3333333;11.11111111;11.11111111;3.5
17086500;17;18;0;0;21.3;18.1;25;21.9;67.3;103.6;28.1;28.4;28;26;22;408.3333333;11.11111111;11.11111111;3.5
17087400;17;18;0;0;21.3;18.7;24.8;22;67.7;103.8;27.6;28;27.7;25.9;22;408.3333333;11.11111111;11.11111111;3.5
17088300;17;17;0;0;21.3;18.7;24.5;22.1;68.9;103.9;27.2;27.6;27.3;25.8;22;408.3333333;11.11111111;11.11111111;3.5
17089200;17;17;0;0;21.6;18.7;24.2;21.6;69.8;29.4;26.8;27.2;27.1;25.8;21.3;386.1111111;0;0;3.2
17090100;17;17;0;0;21.8;18.7;24;21.6;70.6;29.4;26.3;26.8;26.8;25.7;21.3;386.1111111;0;0;3.2
17091000;17;17;0;0;20.9;18.9;23.9;21.7;71.5;29.4;25.9;26.4;26.4;25.7;21.3;386.1111111;0;0;3.2
17091900;18;16;0;0;20.9;18.1;23.5;21.8;72.3;29.4;25.6;26.1;26.2;25.6;21.3;386.1111111;0;0;3.2
17092800;18;13;0;0;21.5;15.7;23.2;20.9;73.7;4.4;25.3;25.8;26;25.5;20.4;377.7777778;0;0;3.5
17093700;18;12;0;0;21.6;14.6;23;20.8;74.7;0.6;25;25.5;25.8;25.4;20.4;377.7777778;0;0;3.5
17094600;18;13;0;0;21.6;15.1;23;20.9;75.1;0.6;24.8;25.2;25.7;25.4;20.4;377.7777778;0;0;3.5
17095500;18;15;0;0;21.6;16.7;22.9;21;75.6;0.6;24.5;25;25.5;25.4;20.4;377.7777778;0;0;3.5
17096400;18;13;0;0;21.8;15.7;22.6;20.3;76.1;0.1;24.3;24.7;25.3;25.4;20.5;377.7777778;0;0;3.5
17097300;18;12;0;0;22.1;14.4;22.5;20.2;75.3;0;24.2;24.6;25.1;25.3;20.5;377.7777778;0;0;3.5
17098200;19;12;0;0;22.1;14.4;22.5;20.4;74.1;0;24;24.5;25;25.3;20.5;377.7777778;0;0;3.5
17099100;19;12.5;0;0;22.35;14.5;22.25;18.6;74.5;0;23.9;24.3;24.85;25.25;20.5;377.7777778;0;0;3.5
17100000;19;13;0;0;22.6;14.6;22;16.8;74.9;0;23.8;24.1;24.7;25.2;19;344.4444444;0;0;3.2
17100900;19;14;0;0;22.6;14.9;21.8;15.8;76.1;0;23.7;23.9;24.7;25.1;19;344.4444444;0;0;3.2
17101800;19;14;0;0;22.6;15.2;21.5;15.8;77.5;0;23.6;23.6;24.6;25.1;19;344.4444444;0;0;3.2
17102700;19;14;0;0;22.7;15.4;21.2;15.8;78.7;0;23.5;23.1;24.5;25;19;344.4444444;0;0;3.2
17103600;19;17;0;0;23.1;17.3;21;15.6;79.4;0;23.6;22.3;24.6;25;18.4;336.1111111;0;0;2.9
17104500;19;17;0;0;23.1;17.9;20.8;15.6;80.3;0;23.7;21.2;25.3;24.9;18.4;336.1111111;0;0;2.9
17105400;20;16;0;0;23.4;17.9;20.5;15.6;80.8;0;25.2;20.2;24.6;25;18.4;336.1111111;0;0;2.9
17106300;20;17;0;0;23.6;18.2;20.5;15.6;79.7;0;25.3;19.7;24.2;24.3;18.4;336.1111111;0;0;2.9
17107200;20;17;0;0;23.3;18.4;20.4;15.6;79.2;0;24.7;19.5;23.4;23.8;18;327.7777778;0;0;2.2
17108100;20;17;0;0;23.1;18.4;20.2;15.6;79.5;0;24.1;19.4;22.3;23.3;18;327.7777778;0;0;2.2
17109000;20;17;0;0;22.8;18.4;20;15.6;79.7;0;24.1;19.3;21.9;22.7;18;327.7777778;0;0;2.2
17109900;20;17;0;0;21.1;18.4;19.9;15.6;79.3;0;23;19.2;21.6;21.9;18;327.7777778;0;0;2.2
17110800;20;17;0;0;20.2;18.4;19.8;16.8;78.6;0;22;19.1;21.3;20.3;17;322.2222222;0;0;2.1
17111700;19;18;0;0;19.8;18.8;19.5;17.3;78.3;0;21.4;18.9;20.8;19;17;322.2222222;0;0;2.1
17112600;19;19;0;0;19.6;19.9;19.2;17.4;78.9;0;21.3;18.7;20.4;18.3;17;322.2222222;0;0;2.1
17113500;19;18;0;0;19.6;19.8;19;17.6;78.3;0;22.4;18.4;20.2;18;17;322.2222222;0;0;2.1
17114400;19;18;0;0;19.9;19.2;18.7;16.9;78.5;0;22.7;18.1;20;17.8;16.1;322.2222222;0;0;2.8
17115300;19;14;0;0;19.3;16.6;18.4;16.7;78.8;0;23;17.8;20;17.7;16.1;322.2222222;0;0;2.8
17116200;17;13;0;0;18.2;14.2;18.1;16.9;79.4;0;23.3;17.5;19.8;17.6;16.1;322.2222222;0;0;2.8
17117100;17;12;0;0;17.7;13.5;17.9;17.3;79.6;0;22.1;17.2;19.6;17.4;16.1;322.2222222;0;0;2.8
17118000;17;12;0;0;17.6;13.4;17.7;16.7;80.1;0;20.9;16.9;19.2;17.2;15.6;319.4444444;16.66666667;22.22222222;3.2
17118900;17;12;0;0;17.6;13.4;17.5;16.5;80.5;0;20.5;16.7;18.9;17;15.6;319.4444444;16.66666667;22.22222222;3.2
17119800;17;12;0;0;17.6;13.4;17.6;16.5;80.2;0;20.5;16.5;18.7;16.8;15.6;319.4444444;16.66666667;22.22222222;3.2
17120700;17;15;0;0;17.2;15.6;17.8;16.4;78.5;0;20.4;16.5;18.5;16.7;15.6;319.4444444;16.66666667;22.22222222;3.2
17121600;17;15;0;0;17.1;15.9;17.8;15.9;77.3;0.8;20.3;16.5;18.4;16.7;16;322.2222222;58.33333333;125;3.9
17122500;17;15;0;0;17.1;15.9;18;15.9;74.5;0.8;20.2;16.5;18.2;16.9;16;322.2222222;58.33333333;125;3.9
17123400;16;15;0;0;17.1;15.9;18.2;15.8;73.5;0.8;20.2;16.7;18.2;17.3;16;322.2222222;58.33333333;125;3.9
17124300;16;15;0;0;17.1;15.9;18.4;15.8;72.6;0.8;20.1;16.9;18.2;17.8;16;322.2222222;58.33333333;125;3.9
17125200;16;15;0;0;16.9;15.9;18.6;15.8;70.8;48;20;17.3;18.4;18.4;17;322.2222222;86.11111111;283.3333333;3.5
17126100;16;15;0;0;16.6;15.9;18.8;15.8;69.3;51.4;20;17.7;19;18.9;17;322.2222222;86.11111111;283.3333333;3.5
17127000;16;15;0;0;16.6;15.9;18.9;15.8;67.4;51.4;20.1;18.3;19.9;19.4;17;322.2222222;86.11111111;283.3333333;3.5
17127900;16;15;0;0;16.6;15.9;19.2;15.7;65.8;51.4;20.3;19;21;19.8;17;322.2222222;86.11111111;283.3333333;3.5
17128800;16;16;0;0;16.7;16.7;19.3;16.3;64.8;154.9;21;20;22;20;18.2;327.7777778;108.3333333;450;3.9
17129700;16;17;0;0;17.1;18.1;19.4;16.4;63.8;170.8;22.3;21.2;22.9;20.2;18.2;327.7777778;108.3333333;450;3.9
17130600;16;18;0;0;17.1;18.6;19.7;16.6;63.4;171.2;23.6;22.3;23.9;20.4;18.2;327.7777778;108.3333333;450;3.9
17131500;16;18;0;0;17.3;18.9;19.9;16.8;62.8;171.7;24.9;23.1;25.3;20.6;18.2;327.7777778;108.3333333;450;3.9
17132400;17;17;0;0;18.8;18.8;20.2;17.8;62.2;293.5;25.2;23.9;26.4;21.9;19;330.5555556;113.8888889;608.3333333;3.3
17133300;17;15;0;0;18.6;17.2;20.5;18;61.7;323.9;26.7;24.9;27.8;22.6;19;330.5555556;113.8888889;608.3333333;3.3
17134200;17;14;0;0;18.6;16;20.9;18.1;61.7;323.9;28.2;26.2;29.7;22.8;19;330.5555556;113.8888889;608.3333333;3.3
17135100;17;13;0;0;18.6;15.5;21.3;18.3;61.1;323.9;29.8;27.8;31.6;23.1;19;330.5555556;113.8888889;608.3333333;3.3
17136000;17;13;0;0;18.6;15.2;21.8;19.5;60.1;467.3;31.3;29.4;33.3;23.4;20.5;336.1111111;111.1111111;741.6666667;3.2
17136900;18;13;0;0;18.7;14.8;22.1;19.5;59.6;467.3;32.8;30.9;34.5;23.7;20.5;336.1111111;111.1111111;741.6666667;3.2
17137800;18;12;0;0;19.1;14.4;22.5;19.5;58.9;467.3;34.3;32.4;35.5;24;20.5;336.1111111;111.1111111;741.6666667;3.2
17138700;18;15;0;0;19.1;15.7;22.8;19.5;58.5;467.3;35.6;33.7;36.2;24.3;20.5;336.1111111;111.1111111;741.6666667;3.2
17139600;18;15;0;0;19.2;16.6;23.2;20.6;58;558.8;36.8;35;36.7;24.7;21.6;341.6666667;122.2222222;844.4444444;3.5
17140500;18;13;0;0;19.6;15.2;23.5;20.8;57.3;572.9;37.9;36.1;37;25.1;21.6;341.6666667;122.2222222;844.4444444;3.5
17141400;18;12;0;0;19.6;14.2;23.9;20.6;56.4;572.2;39.1;37.3;37.3;25.6;21.6;341.6666667;122.2222222;844.4444444;3.5
17142300;19;12;0;0;19.7;14;24.3;20.4;55.6;571.6;40.1;38.3;37.7;26;21.6;341.6666667;122.2222222;844.4444444;3.5
17143200;19;12;0;0;20.1;13.5;24.4;21.6;54.7;634.5;40.6;39;37.7;26.4;22.5;347.2222222;133.3333333;891.6666667;3.2
17144100;19;12;0;0;20.1;13.5;24.6;21.8;54.2;644.2;41.1;39.6;37.7;26.9;22.5;347.2222222;133.3333333;891.6666667;3.2
17145000;18;13;0;1;19;14.5;25.2;21.9;52.9;661.5;41;40;38.1;28.1;22.5;347.2222222;133.3333333;891.6666667;3.2
17145900;15;13;0;0;17;14.8;25.4;22;51.7;676.7;37.8;37.5;36.5;29.5;22.5;347.2222222;133.3333333;891.6666667;3.2
17146800;16;14;0;0;17.9;14.6;25.3;23;51.6;742.1;39;38.3;36.8;29.5;23.7;350;133.3333333;891.6666667;2.8
17147700;16;15;0;0;18;16.3;25.4;23.2;50.6;758.5;40.1;39.3;36.9;29.8;23.7;350;133.3333333;891.6666667;2.8
17148600;16;15;0;0;18.5;16.4;25.6;23;50.6;758.5;40.8;39.7;37.2;30;23.7;350;133.3333333;891.6666667;2.8
17149500;17;15;0;0;18.8;16.4;26;22.8;49.2;758.5;41.8;40.8;37.8;30.4;23.7;350;133.3333333;891.6666667;2.8
17150400;17;15;0;0;19;16.4;26.1;23.5;48.9;778.7;42.5;42;38.1;30.8;24.6;355.5555556;152.7777778;833.3333333;2.7
17151300;17;15;0;0;19;16.4;26.3;23.7;47.8;783.7;43.1;42.8;38.3;31.1;24.6;355.5555556;152.7777778;833.3333333;2.7
17152200;17;15;0;0;19.5;16.4;26.8;23.6;47.4;783.7;43.5;43.4;38.5;31.4;24.6;355.5555556;152.7777778;833.3333333;2.7
17153100;17;15;0;0;19.5;16.4;26.8;23.4;45.7;783.7;43.6;43.7;38.6;31.6;24.6;355.5555556;152.7777778;833.3333333;2.7
17154000;17;15;0;0;19.5;16.4;27.1;24;45.8;751.5;43.5;43.7;38.6;31.9;25.5;358.3333333;163.8888889;725;3
17154900;17;15;0;0;20;16.4;27.5;24.1;45.2;743.4;43.5;43.7;38.7;32.1;25.5;358.3333333;163.8888889;725;3
17155800;17;17;0;0;20;17.8;27.6;24.2;43.6;743.4;43.4;43.6;38.7;32.3;25.5;358.3333333;163.8888889;725;3
17156700;17;18;0;0;20;18.6;27.7;24.3;44.3;743.4;43.3;43.2;38.7;32.5;25.5;358.3333333;163.8888889;725;3
17157600;17;17;0;0;20.3;18.6;28;24.5;43.5;671.2;43.2;42.9;38.7;32.7;26;361.1111111;158.3333333;569.4444444;3
17158500;17;17;0;0;20.5;18.4;28.4;24.5;42.7;660.1;43;43;38.8;32.9;26;361.1111111;158.3333333;569.4444444;3
17159400;17;17;0;0;20.5;18.4;28.5;24.6;42.2;660.1;42.7;42.9;38.9;33.2;26;361.1111111;158.3333333;569.4444444;3
17160300;17;17;0;0;20.6;18.4;28.3;24.8;42.2;660.1;42.2;42.7;38.9;33.4;26;361.1111111;158.3333333;569.4444444;3
17161200;17;17;0;0;21;18.4;28.6;25;41.9;577.8;41.6;42.3;38.9;33.5;26;361.1111111;136.1111111;438.8888889;1.6
17162100;17;17;0;0;21;18.4;28.7;25;41.9;557.2;40.9;41.9;39;33.7;26;361.1111111;136.1111111;438.8888889;1.6
17163000;17;18;0;0;21;18.5;28.8;25.3;42;557.2;40.4;41.6;39.1;33.8;26;361.1111111;136.1111111;438.8888889;1.6
17163900;17;18;0;0;21.2;19.1;28.8;25.7;42.5;557.2;39.8;41.1;39.1;33.8;26;361.1111111;136.1111111;438.8888889;1.6
17164800;17;20;0;0;21.5;20.3;28.7;25.6;43.2;476.5;38.9;40.1;38.9;33.8;25.7;366.6666667;108.3333333;250;0.9
17165700;17;19;0;0;21.5;20.4;29.1;25.6;42.2;447.1;38.2;39.5;38.6;33.9;25.7;366.6666667;108.3333333;250;0.9
17166600;18;19;0;0;21.5;20.4;29.8;25.8;41.2;447.1;37.5;39;38.2;33.9;25.7;366.6666667;108.3333333;250;0.9
17167500;18;19;0;0;21.5;20.4;32;26;37.1;447.1;36.7;38.6;37.6;33.9;25.7;366.6666667;108.3333333;250;0.9
17168400;18;19;0;0;21.5;20.4;32.8;25.5;35.5;314.8;35.9;38;36.9;33.9;25.3;363.8888889;63.88888889;119.4444444;2.3
17169300;18;19;0;0;21.5;20.4;31.7;25.4;38;294.4;34.9;37.3;36.1;33.8;25.3;363.8888889;63.88888889;119.4444444;2.3
17170200;18;19;0;0;21.5;20.4;30.5;25.5;40.7;294.4;34.1;36.7;35.4;33.7;25.3;363.8888889;63.88888889;119.4444444;2.3
17171100;18;19;0;0;21.5;20.4;28;25.6;46.3;294.4;33.3;36;34.6;33.6;25.3;363.8888889;63.88888889;119.4444444;2.3
17172000;18;19;0;0;21.5;20.4;27.3;24.9;48.1;163.7;32.4;35.1;33.8;33.4;24.4;361.1111111;16.66666667;22.22222222;2.7
17172900;18;21;0;0;21.5;21.6;26.8;24.8;49.3;143.6;31.5;34.1;33;33;24.4;361.1111111;16.66666667;22.22222222;2.7
17173800;18;21;0;0;21.5;22.2;26.4;25;50.6;143.6;30.7;33.2;32.2;32.7;24.4;361.1111111;16.66666667;22.22222222;2.7
17174700;18;21;0;0;21.5;22.4;26;25.1;51.8;143.6;30.1;32.4;31.5;32.4;24.4;361.1111111;16.66666667;22.22222222;2.7
17175600;18;21;0;0;21.9;21.9;25.5;24.2;54.1;57.6;29.5;31.7;30.8;32.2;22.5;355.5555556;0;0;2.8
17176500;18;21;0;0;22;21.9;25;24.1;55.9;44.4;28.9;31;30.2;32;22.5;355.5555556;0;0;2.8
17177400;19;21;0;0;22;21.9;24.7;24.2;58.6;44.4;28.5;30.4;29.7;31.7;22.5;355.5555556;0;0;2.8
17178300;19;21;0;0;22;21.9;24.2;24.4;61;44.4;28.1;29.8;29.3;31.3;22.5;355.5555556;0;0;2.8
17179200;19;21;0;0;22.4;21.9;23.8;23.2;62;9.9;27.7;29.3;28.9;31;21.7;352.7777778;0;0;2.3
17180100;19;21;0;0;22.5;21.9;23.5;22.9;62.3;1.3;27.3;28.8;28.5;30.7;21.7;352.7777778;0;0;2.3
17181000;19;21;0;0;22.5;22.3;23.3;23;62.9;1.3;27;28.3;28.1;30.4;21.7;352.7777778;0;0;2.3
17181900;19;23;0;0;22.5;23.4;23.1;23.2;62.9;1.3;26.5;27.7;27.7;30;21.7;352.7777778;0;0;2.3
17182800;19;22;0;0;22.5;23.4;23;22.2;63;0.3;26.1;27.3;27.4;29.6;21;347.2222222;0;0;1.9
17183700;19;22;0;0;22.9;23.4;23;22;62.5;0;25.9;27;27.1;29.4;21;347.2222222;0;0;1.9
17184600;19;22;0;0;23;23.4;23;21.8;62.9;0;25.6;26.6;26.9;29.1;21;347.2222222;0;0;1.9
17185500;19.5;22;0;0;23;23.4;22.7;19.4;63.9;0;25.4;26.35;26.7;28.95;21;347.2222222;0;0;1.9
17186400;20;22;0;0;23;23.4;22.4;17;64.9;0;25.2;26.1;26.5;28.8;20.2;347.2222222;0;0;2
17187300;20;22;0;0;23.2;23.4;22.1;15.8;66.3;0;25;25.7;26.2;28.5;20.2;347.2222222;0;0;2
17188200;20;22;0;0;23.5;23.4;21.8;15.8;68;0;24.7;25.4;26;28.3;20.2;347.2222222;0;0;2
17189100;20;22;0;0;23.5;23.4;21.6;15.8;68.8;0;24.5;25.1;25.9;28.2;20.2;347.2222222;0;0;2
17190000;20;23;0;0;23.5;24;21.1;15.6;70.3;0;24.2;24.6;25.6;28;19.4;341.6666667;0;0;0.9
17190900;20;24;0;0;23.5;24.4;20.9;15.6;71.4;0;23.8;24.2;25.2;27.6;19.4;341.6666667;0;0;0.9
17191800;20;23;0;0;23.5;24.4;20.6;15.6;72.4;0;23.6;23.9;25.1;27.4;19.4;341.6666667;0;0;0.9
17192700;20;23;0;0;23.9;24.4;20.2;15.6;73.6;0;23.4;23.4;25;27.1;19.4;341.6666667;0;0;0.9
17193600;20;23;0;0;24;24.4;20.1;15.6;74.4;0;23.3;22.6;25;26.9;18.1;338.8888889;0;0;1.4
17194500;20;23;0;0;24;24.4;19.9;15.6;74.9;0;23.6;21.1;25.6;26.8;18.1;338.8888889;0;0;1.4
17195400;20;23;0;0;24;24.4;19.8;15.6;75.4;0;25.3;19.4;24.5;26.5;18.1;338.8888889;0;0;1.4
17196300;20;23;0;0;24;24.4;19.8;15.6;75.8;0;25.4;18.7;24.5;26.6;18.1;338.8888889;0;0;1.4
17197200;21;23;0;0;23.3;23.7;19.6;17.9;75.9;0;24.3;18.4;23.3;26.2;17.7;336.1111111;0;0;1.5
17198100;21;21;0;0;22.9;21.5;19.4;18.7;76.5;0;25.8;18.3;22.4;25.4;17.7;336.1111111;0;0;1.5
17199000;21;20;0;0;21;21.1;19.3;18.7;77.1;0;24.3;18.4;22.1;25;17.7;336.1111111;0;0;1.5
17199900;20;18;0;0;19.8;19.5;19.1;18.7;77.6;0;22.1;18.3;21.5;25.3;17.7;336.1111111;0;0;1.5
17200800;20;17;0;0;19.5;18.5;19;18.3;78.1;0;21.5;18.1;21.1;25.3;17.3;336.1111111;0;0;2
17201700;19;17;0;0;19.1;18.4;19;18.1;78.5;0;21.1;18;20.8;25.1;17.3;336.1111111;0;0;2
17202600;19;17;0;0;19;18.4;18.9;17.9;78.6;0;20.9;17.9;20.6;24.9;17.3;336.1111111;0;0;2
17203500;19;17;0;0;18.9;17.9;18.8;17.6;78.7;0;20.8;17.8;20.4;24.7;17.3;336.1111111;0;0;2
17204400;19;17;0;0;18.5;17.9;18.7;17.3;79.1;0;20.7;17.6;20.2;24.4;17.1;333.3333333;16.66666667;19.44444444;2.6
17205300;18;17;0;0;18.5;17.9;18.7;17.2;79.1;0;20.5;17.4;20;24;17.1;333.3333333;16.66666667;19.44444444;2.6
17206200;18;16;0;0;18;17.9;18.5;17.2;79.4;0;20.4;17.2;19.8;23.4;17.1;333.3333333;16.66666667;19.44444444;2.6
17207100;18;18;0;0;18;19.1;18.4;17.3;79.6;0;20.2;16.9;19.7;22.5;17.1;333.3333333;16.66666667;19.44444444;2.6
17208000;18;18;0;0;18;19;18.4;17.1;79.6;0.8;20.1;16.8;19.6;20.1;16.6;347.2222222;75;86.11111111;2
17208900;18;16;0;0;17.6;17.6;18.6;17.1;79.3;0.8;20.2;16.8;19.2;17;16.6;347.2222222;75;86.11111111;2
17209800;18;17;0;0;17.5;17.8;18.9;17.1;79.5;0.8;21.2;16.8;18.8;16.9;16.6;347.2222222;75;86.11111111;2
17210700;17;16;0;0;17.5;17.6;19.2;17.1;78.5;0.8;23.3;17;18.6;17.6;16.6;347.2222222;75;86.11111111;2
17211600;17;16;0;0;17.5;17.4;20;17.1;77.2;44.2;22.8;17.3;18.6;18.1;18;338.8888889;97.22222222;280.5555556;2.4
17212500;17;16;0;0;17;17.3;20.5;17.1;74.5;50.9;23.3;17.9;19.1;18.6;18;338.8888889;97.22222222;280.5555556;2.4
17213400;17;16;0;0;17;16.9;20.8;17.2;71.8;50.9;22.6;18.6;19.7;19.2;18;338.8888889;97.22222222;280.5555556;2.4
17214300;16;16;0;0;17;16.9;20.9;17.2;71;50.9;21.8;19.5;20.6;19.8;18;338.8888889;97.22222222;280.5555556;2.4
17215200;16;17;0;0;17;17.8;21.2;17.9;70.5;151.3;21.9;20.7;21.7;20.4;20.1;341.6666667;105.5555556;438.8888889;2.9
17216100;16;18;0;0;17;19.2;21.5;18;69;166.7;23.4;22.1;23;20.8;20.1;341.6666667;105.5555556;438.8888889;2.9
17217000;17;19;0;0;17.3;19.6;21.9;17.8;68.3;168.1;25.1;23.4;24.5;21.2;20.1;341.6666667;105.5555556;438.8888889;2.9
17217900;17;19;0;0;17.5;19.9;22.2;17.6;67.1;169.3;26.7;24.4;26.4;21.6;20.1;341.6666667;105.5555556;438.8888889;2.9
17218800;17;19;0;0;17.5;19.9;22.7;18.6;66.7;296.4;28.3;25.7;28.4;22;21.3;347.2222222;111.1111111;600;3.2
17219700;17;19;0;0;17.8;19.9;23.1;18.8;65.4;316;29.7;27.2;30.6;22.4;21.3;347.2222222;111.1111111;600;3.2
17220600;17;19;0;0;18;19.9;23.4;19;63.8;316;31.1;28.7;32.6;22.9;21.3;347.2222222;111.1111111;600;3.2
17221500;17;19;0;0;18;19.9;23.8;19.2;63.8;316;32.6;30.3;34.5;23.4;21.3;347.2222222;111.1111111;600;3.2
17222400;17;19;0;0;18.1;19.9;24.2;20.2;61.8;450.5;34.1;31.9;36.1;23.8;22.9;355.5555556;138.8888889;733.3333333;3.8
17223300;17;19;0;0;18.5;19.9;24.5;20.4;60.4;471.2;35.6;33.5;37.3;24.4;22.9;355.5555556;138.8888889;733.3333333;3.8
17224200;17;19;0;0;18.5;19.9;24.9;20.9;59.6;471.2;37.1;35;38.2;24.9;22.9;355.5555556;138.8888889;733.3333333;3.8
17225100;18;20;0;0;18.5;20.5;25.4;21.4;58;471.2;38.4;36.5;39.1;25.5;22.9;355.5555556;138.8888889;733.3333333;3.8
17226000;18;21;0;0;18.9;21.4;25.7;22.2;56.9;559;39.7;37.5;39.5;26.2;24.5;375;238.8888889;688.8888889;3.5
17226900;18;20;0;0;19;21.4;25.7;22.4;56.6;580.9;39.7;37.8;39.2;27.5;24.5;375;238.8888889;688.8888889;3.5
17227800;18;20;0;0;19;21.4;25.8;22.5;55.6;580.7;39.7;38.1;38.8;29;24.5;375;238.8888889;688.8888889;3.5
17228700;19;20;0;0;19;21.4;26.1;22.5;55.7;580.5;39.6;38.2;38.3;29.7;24.5;375;238.8888889;688.8888889;3.5
17229600;18;20;0;0;19.4;21.4;27.2;23.3;52.3;643.8;40.7;39.1;38.8;30.1;24.6;369.4444444;186.1111111;811.1111111;4.6
17230500;19;20;0;0;19.5;21.4;26.8;23.5;51.8;659.6;41;39.6;38.6;30.6;24.6;369.4444444;186.1111111;811.1111111;4.6
17231400;19;20;0;0;19.5;21.4;27;23.8;49.9;661.8;41.6;40.4;38.8;30.8;24.6;369.4444444;186.1111111;811.1111111;4.6
17232300;19;21;0;0;19.6;21.4;27.4;24;48.2;663.8;42.2;41.2;39.3;31.2;24.6;369.4444444;186.1111111;811.1111111;4.6
17233200;19;21;0;0;20;21.5;27.8;24.5;45.7;710.6;43.5;42.5;39.9;31.5;25.8;369.4444444;177.7777778;747.2222222;3.7
17234100;19;22;0;0;20;22.3;27.9;24.7;45.8;727.6;44.2;43.1;39.9;32;25.8;369.4444444;177.7777778;747.2222222;3.7
17235000;19;22;0;0;20;22.9;27.7;25;45.8;727.6;43.8;42.9;39.9;32.5;25.8;369.4444444;177.7777778;747.2222222;3.7
17235900;19;21;0;0;20;22.9;28;25.3;44.1;727.6;44.1;43.1;40;33.3;25.8;369.4444444;177.7777778;747.2222222;3.7
17236800;19;21;0;0;20.4;22.9;27.6;25.7;44.5;748;44.2;43.5;40;33.8;25.6;380.5555556;216.6666667;697.2222222;3.8
17237700;19;21;0;0;20.5;22.9;27.7;25.8;40.9;753.1;44.5;43.9;40.1;34.1;25.6;380.5555556;216.6666667;697.2222222;3.8
17238600;20;22;0;0;20.5;22.9;28.5;25.6;40;753.1;45.4;44.7;40.5;34.3;25.6;380.5555556;216.6666667;697.2222222;3.8
17239500;20;22;0;0;20.5;22.9;28.8;25.2;40.5;753.1;45.9;45.2;40.8;34.6;25.6;380.5555556;216.6666667;697.2222222;3.8
17240400;20;22;0;0;21;22.9;29;25.4;41.1;731.4;46;45.5;40.7;34.9;25.3;394.4444444;208.3333333;450;3.7
17241300;20;22;0;0;21;22.9;29.4;25.4;41.4;728.1;45.4;45.2;40.6;35.1;25.3;394.4444444;208.3333333;450;3.7
17242200;20;23;0;0;21;23.1;29.3;25.8;41.5;728.1;44.8;44.6;40.2;35.4;25.3;394.4444444;208.3333333;450;3.7
17243100;20;23;0;0;21;23.7;29.5;26.1;41.2;728.1;44;43.8;40;35.6;25.3;394.4444444;208.3333333;450;3.7
17244000;20;22;0;0;21.2;23.9;30.3;25.9;41;647.9;44.3;43.7;40.4;35.8;25;408.3333333;208.3333333;280.5555556;3.5
17244900;20;22;0;0;21.5;23.9;29.4;25.8;42;627.9;44.4;43.8;40.3;36.1;25;408.3333333;208.3333333;280.5555556;3.5
17245800;21;22;0;0;21.5;23.9;29.9;25.6;42;627.9;44.2;43.8;40.4;36.2;25;408.3333333;208.3333333;280.5555556;3.5
17246700;21;22;0;0;21.5;23.9;30.9;25.5;40.7;627.9;44.7;44.1;41;36.3;25;408.3333333;208.3333333;280.5555556;3.5
17247600;21;23;0;0;21.5;23.9;30.3;25.3;42;535.9;44.8;44.4;41.6;36.5;24.6;397.2222222;180.5555556;236.1111111;3.1
17248500;21;23;0;0;21.8;23.9;30.4;25.3;42.5;521.7;44.1;44.1;41.6;36.6;24.6;397.2222222;180.5555556;236.1111111;3.1
17249400;21;23;0;0;22;23.9;30.2;25.3;43;521.7;43.6;43.8;41.8;36.7;24.6;397.2222222;180.5555556;236.1111111;3.1
17250300;21;23;0;0;22;23.9;29.1;25.2;45.8;521.7;42.2;43;40.9;36.7;24.6;397.2222222;180.5555556;236.1111111;3.1
17251200;21;24;0;0;22.1;24.6;28.9;24.9;46.6;417.2;40.6;41.6;39.8;36.6;25.5;402.7777778;175;341.6666667;2.6
17252100;22;24;0;0;22.5;24.9;29.6;24.9;44.9;409.7;39.7;40.8;39.3;36.5;25.5;402.7777778;175;341.6666667;2.6
17253000;22;23;0;0;22.5;24.9;31.2;24.8;41.2;409.7;39.3;40.4;39;36.5;25.5;402.7777778;175;341.6666667;2.6
17253900;22;23;0;0;22.5;24.9;33.7;24.7;36.3;409.7;38.7;40.1;38.7;36.4;25.5;402.7777778;175;341.6666667;2.6
17254800;22;24;0;0;22.5;24.9;34.5;24.1;34;300.9;38.1;39.7;38.4;36.4;24.4;397.2222222;97.22222222;161.1111111;2.5
17255700;22;24;0;0;22.6;24.9;33.6;23.9;35.3;273.7;37.3;39.2;37.8;36.3;24.4;397.2222222;97.22222222;161.1111111;2.5
17256600;22;24;0;0;23;24.9;30.9;23.8;39.9;273.7;36.3;38.5;36.9;36.1;24.4;397.2222222;97.22222222;161.1111111;2.5
17257500;22;24;0;0;23;24.9;27.6;23.8;47.4;273.7;35.2;37.7;35.8;35.9;24.4;397.2222222;97.22222222;161.1111111;2.5
17258400;22;24;0;0;23;24.9;26.7;22.8;49.5;162.7;34.1;36.7;34.8;35.7;23.2;377.7777778;16.66666667;19.44444444;2.8
17259300;22;25;0;0;23;25.2;26.3;22.6;50.3;135;33;35.4;33.8;35.3;23.2;377.7777778;16.66666667;19.44444444;2.8
17260200;22;25;0;0;23.3;25.8;25.9;23.5;50.3;134.3;32;34.2;32.8;34.8;23.2;377.7777778;16.66666667;19.44444444;2.8
17261100;23;24;0;0;23.5;25.9;25.2;24.3;51.8;133.7;31.1;33.2;31.9;34.5;23.2;377.7777778;16.66666667;19.44444444;2.8
17262000;23;24;0;0;23.5;25.4;24.8;23.3;53.8;52;30.3;32.2;31.1;34.2;21.7;355.5555556;0;0;2.8
17262900;23;24;0;0;23.5;25.4;24.6;23.2;53.7;39.4;29.6;31.3;30.4;33.8;21.7;355.5555556;0;0;2.8
17263800;23;24;0;0;23.5;25.4;24.3;23.3;53.7;39.4;28.9;30.4;29.6;33.3;21.7;355.5555556;0;0;2.8
17264700;23;24;0;0;23.5;25.4;23.8;23.5;54.8;39.4;28.2;29.5;28.8;32.9;21.7;355.5555556;0;0;2.8
17265600;23;24;0;0;23.8;25.4;23.4;21.9;56.5;0.7;27.5;28.7;28.1;32.4;20.6;388.8888889;0;0;2.7
17266500;23;24;0;0;24;25.4;23;21.9;57.6;0.7;26.9;27.9;27.5;32;20.6;388.8888889;0;0;2.7
17267400;23;24;0;0;24;25.5;23;21.8;58.5;0.7;26.4;27.3;27;31.6;20.6;388.8888889;0;0;2.7
17268300;23;26;0;0;24;26;23;21.8;58.1;0.7;25.9;26.6;26.5;31.2;20.6;388.8888889;0;0;2.7
17269200;23;25;0;0;24;26.4;22.9;20.8;58.8;0;25.5;26.1;26.1;30.7;19.9;361.1111111;0;0;2.2
17270100;23;25;0;0;24;26.4;22.6;20.7;59.6;0;25.2;25.6;25.7;30.4;19.9;361.1111111;0;0;2.2
17271000;23;25;0;0;24;26.1;22.4;20.8;60.5;0;24.8;25.2;25.4;30.2;19.9;361.1111111;0;0;2.2
17271900;23;25;0;0;24.25;26;22.15;18.65;61.3;0;24.45;24.9;25.15;29.95;19.9;361.1111111;0;0;2.2
17272800;23;25;0;0;24.5;25.9;21.9;16.5;62.1;0;24.1;24.6;24.9;29.7;18.6;333.3333333;0;0;2.1
17273700;23;25;0;0;24.5;25.9;21.4;15.8;63.5;0;23.7;24.3;24.5;29.5;18.6;333.3333333;0;0;2.1
17274600;23;25;0;0;24.5;25.9;21.1;15.8;64.7;0;23.1;24.1;24;29.3;18.6;333.3333333;0;0;2.1
17275500;23;25;0;0;24.5;25.9;20.8;15.8;65.6;0;22.1;24.1;22.8;29.1;18.6;333.3333333;0;0;2.1
17276400;23;26;0;0;24.5;26.2;20.5;15.6;66.7;0;21.1;25.5;21.7;28.8;17.5;327.7777778;0;0;2
17277300;23;25;0;0;23.9;26.2;20.3;15.6;67.4;0;20.3;26.4;20.9;28.4;17.5;327.7777778;0;0;2
17278200;23;24;0;0;21.4;25;20.1;15.6;68.2;0;19.9;25.2;20.5;25.5;17.5;327.7777778;0;0;2
17279100;22;23;0;0;20.4;23.8;19.9;15.6;68;0;19.6;24.7;20;24.6;17.5;327.7777778;0;0;2
17280000;21;21;0;0;19.8;22.4;19.7;15.6;68.5;0;19.4;23.6;19.7;24.5;15.9;322.2222222;0;0;1.6
17280900;21;20;0;0;19.5;21.7;19.4;15.6;69.4;0;19.2;22.5;19.4;23.6;15.9;322.2222222;0;0;1.6
17281800;20;20;0;0;19.5;21.4;19.2;15.6;71;0;19;21.8;19.1;22.1;15.9;322.2222222;0;0;1.6
17282700;20;20;0;0;19.5;20.9;19;15.6;71;0;18.8;21.3;18.9;22.3;15.9;322.2222222;0;0;1.6
17283600;20;20;0;0;19.5;20.9;18.9;17.1;71.5;0;18.6;20.7;18.6;22.4;15.5;316.6666667;0;0;2.1
17284500;19;20;0;0;19.4;21.2;18.6;17.2;72;0;18.3;20.3;18.3;21.1;15.5;316.6666667;0;0;2.1
17285400;19;21;0;0;19;21.9;18.4;17;72.5;0;18;20.6;18.1;20.7;15.5;316.6666667;0;0;2.1
17286300;19;20;0;0;19;21.4;18.2;16.9;73.2;0;17.7;20.4;17.8;20.5;15.5;316.6666667;0;0;2.1
17287200;19;19;0;0;19;20.5;18;16.3;73.8;0;17.5;19.8;17.5;20.4;14.7;313.8888889;0;0;2.3
17288100;19;19;0;0;19;19.9;17.9;16.3;74.6;0;17.2;19.4;17.1;20.1;14.7;313.8888889;0;0;2.3
17289000;19;18;0;0;19;19.9;17.7;15.8;75;0;17;19.2;16.8;20;14.7;313.8888889;0;0;2.3
17289900;19;18;0;0;19;19.4;17.5;15.5;75.4;0;16.8;18.8;16.6;19.9;14.7;313.8888889;0;0;2.3
17290800;19;18;0;0;19;19.4;17.4;15.1;76;0;16.5;18.5;16.4;19.7;14.2;311.1111111;16.66666667;19.44444444;2.4
17291700;19;18;0;0;19;19.1;17.2;15.1;76.4;0;16.3;18.2;16.1;19.5;14.2;311.1111111;16.66666667;19.44444444;2.4
17292600;18;18;0;0;18.9;18.9;17;15.1;76.8;0;16;17.9;15.9;19.3;14.2;311.1111111;16.66666667;19.44444444;2.4
17293500;18;20;0;0;18.5;20.2;16.9;15.1;77;0;15.8;17.6;15.7;19.1;14.2;311.1111111;16.66666667;19.44444444;2.4
17294400;18;19;0;0;18.5;20.3;16.9;15;77.3;0.7;15.7;17.4;15.5;18.9;14.6;311.1111111;69.44444444;108.3333333;2.5
17295300;18;18;0;0;18.1;19.1;16.9;15;77.2;0.8;15.8;17.2;15.5;18.8;14.6;311.1111111;69.44444444;108.3333333;2.5
17296200;18;17;0;0;18;18.6;17.2;14.7;77;0.8;16.1;16.9;15.7;18.6;14.6;311.1111111;69.44444444;108.3333333;2.5
17297100;18;17;0;0;17.6;18.2;17.5;14.5;76;0.8;16.5;16.7;16.3;18.6;14.6;311.1111111;69.44444444;108.3333333;2.5
17298000;17;17;0;0;17.5;17.9;17.9;14.7;74.6;46.1;17.2;16.7;17;18.6;15.5;313.8888889;122.2222222;252.7777778;2.3
17298900;17;16;0;0;17.5;17.4;18.2;14.7;72.9;53.1;18;17;18;18.5;15.5;313.8888889;122.2222222;252.7777778;2.3
17299800;17;16;0;0;17.1;17;18.4;14.6;71.8;53.1;19.1;17.7;19;18.5;15.5;313.8888889;122.2222222;252.7777778;2.3
17300700;17;15;0;0;17;16.9;18.7;14.4;70.7;53.1;20;18.1;20.1;18.5;15.5;313.8888889;122.2222222;252.7777778;2.3
17301600;16;17;0;0;17;17.6;18.8;15.1;70.3;158.8;21.2;18.7;21.2;18.7;16.9;316.6666667;158.3333333;413.8888889;2.6
17302500;16;18;0;0;17;18.9;19.1;15.2;68.9;166.4;22.5;19.5;22.2;18.8;16.9;316.6666667;158.3333333;413.8888889;2.6
17303400;16;18;0;0;17;18.9;19.5;15.3;68.3;166;23.5;20.6;23.1;19;16.9;316.6666667;158.3333333;413.8888889;2.6
17304300;17;19;0;0;17.1;19.4;19.8;15.4;66.8;165.8;24.7;21.7;24.3;19.2;16.9;316.6666667;158.3333333;413.8888889;2.6
17305200;17;18;0;0;17.5;19.4;20;16.4;65.4;288.3;26;22.8;25.6;19.4;18.6;322.2222222;188.8888889;563.8888889;2.4
17306100;17;18;0;0;17.5;19.4;20.2;16.6;65.1;307.1;27.1;24;27.1;19.7;18.6;322.2222222;188.8888889;563.8888889;2.4
17307000;17;18;0;0;17.5;19.4;20.6;16.7;64.2;307.1;28.3;25.4;28.7;20;18.6;322.2222222;188.8888889;563.8888889;2.4
17307900;17;18;0;0;17.9;19.4;21;16.7;62.7;307.1;29.6;26.8;30.3;20.4;18.6;322.2222222;188.8888889;563.8888889;2.4
17308800;17;18;0;0;18;19.4;21.5;17.8;61.1;444.6;30.9;28.3;31.7;20.7;19.8;327.7777778;222.2222222;688.8888889;3.1
17309700;17;18;0;0;18;19.4;22;18;60.5;465.8;32.1;29.7;32.7;21.1;19.8;327.7777778;222.2222222;688.8888889;3.1
17310600;17;18;0;0;18;19.4;22.5;18.1;57.5;465.8;33.3;31;33.6;21.6;19.8;327.7777778;222.2222222;688.8888889;3.1
17311500;17;19;0;0;18.4;19.9;22.7;18.2;54.8;465.8;34.2;32.2;34.3;22;19.8;327.7777778;222.2222222;688.8888889;3.1
17312400;17;20;0;0;18.5;20.8;22.9;19.2;53.4;565.1;35.3;33.2;34.9;22.5;19.8;338.8888889;291.6666667;716.6666667;3.3
17313300;17;20;0;0;18.5;20.9;23.1;19.4;52.7;589.9;36.7;34.2;35.4;23.2;19.8;338.8888889;291.6666667;716.6666667;3.3
17314200;18;19;0;0;18.6;20.9;23.4;19.6;52;597.1;38.2;35.6;36.1;24.1;19.8;338.8888889;291.6666667;716.6666667;3.3
17315100;18;19;0;0;19;20.9;24.3;19.8;50.8;605.4;39.5;37;36.8;24.8;19.8;338.8888889;291.6666667;716.6666667;3.3
17316000;18;20;0;0;19;20.9;24.3;20.7;50.1;661.5;40.6;38.4;37.6;25.5;21.5;347.2222222;313.8888889;852.7777778;2.4
17316900;18;20;0;0;19;20.9;24.1;20.9;50.2;675.5;41.2;39.5;37.9;26.2;21.5;347.2222222;313.8888889;852.7777778;2.4
17317800;18;20;0;0;19.1;20.9;24.6;20.9;49.6;682;41.8;40.3;38.4;26.8;21.5;347.2222222;313.8888889;852.7777778;2.4
17318700;18;17;0;0;19.5;19.7;24.7;20.9;48.1;689.4;41.9;40.4;38.2;26.1;21.5;347.2222222;313.8888889;852.7777778;2.4
17319600;18;15;0;0;19.5;17.4;24.8;21.6;48.8;714.8;42.1;40.7;38.1;26.7;22.7;347.2222222;291.6666667;691.6666667;2.8
17320500;19;16;0;0;19.5;18.2;24.7;21.8;47.3;724.1;41.7;40.4;37.7;26.5;22.7;347.2222222;291.6666667;691.6666667;2.8
17321400;19;15;0;0;19.9;17.5;25.2;21.4;46.5;724.1;42.2;41;38.2;27.1;22.7;347.2222222;291.6666667;691.6666667;2.8
17322300;19;13;0;0;20;15.7;25.5;20.8;45.9;724.1;43.2;42;38.5;27.4;22.7;347.2222222;291.6666667;691.6666667;2.8
17323200;19;13;0;0;20;15.2;25.6;21.3;44.5;756;44.2;42.9;39;27.9;22.8;341.6666667;211.1111111;847.2222222;3.3
17324100;19;13;0;0;20.2;14.9;26.1;21.5;42.6;767.6;45.4;43.9;39.6;28.5;22.8;341.6666667;211.1111111;847.2222222;3.3
17325000;19;13;0;0;20.5;14.4;26.1;21.8;42.5;767.6;45.9;44.4;39.8;29;22.8;341.6666667;211.1111111;847.2222222;3.3
17325900;19;12;0;0;20.5;14.4;26;22.2;42.4;767.6;46.3;44.9;40;29.5;22.8;341.6666667;211.1111111;847.2222222;3.3
17326800;20;12;0;0;20.5;14.2;25.8;22.6;42.7;779.2;46;44.9;39.9;29.9;23.2;336.1111111;155.5555556;727.7777778;3.2
17327700;20;12;0;0;20.8;13.9;26.1;22.8;40.7;783.4;45.9;44.8;39.9;30.2;23.2;336.1111111;155.5555556;727.7777778;3.2
17328600;20;14;0;0;21;15.5;26.3;23;40.6;783.4;45.4;44.5;39.6;30.5;23.2;336.1111111;155.5555556;727.7777778;3.2
17329500;20;15;0;0;21;16.4;26.4;23.3;39.8;783.4;45.5;44;39.5;30.7;23.2;336.1111111;155.5555556;727.7777778;3.2
17330400;19;16;1;0;19.9;17.1;26.6;23.5;39.1;726.2;45.1;43.5;39.4;31.7;24.1;336.1111111;138.8888889;605.5555556;2.4
17331300;18;15;0;0;20.3;15.9;26.5;23.6;37.1;705.4;41.4;40.9;36.8;31;24.1;336.1111111;138.8888889;605.5555556;2.4
17332200;19;14;0;0;20.6;15.6;26.5;23.3;38.2;705.4;42.2;40.9;37.3;31.5;24.1;336.1111111;138.8888889;605.5555556;2.4
17333100;19;13;0;0;20.6;15.4;26.8;23.1;38;705.4;42.6;41.3;37.7;31.9;24.1;336.1111111;138.8888889;605.5555556;2.4
17334000;19;13;0;0;20.6;14.9;26.7;23.4;37.6;593.8;42.3;41.2;37.9;32.1;23.9;338.8888889;122.2222222;441.6666667;2.2
17334900;19;13;0;0;21.1;14.9;26.9;23.4;37.5;576.6;41.8;41.1;38;32.2;23.9;338.8888889;122.2222222;441.6666667;2.2
17335800;19;13;0;0;21.1;14.9;26.7;23.5;37.2;576.6;41.1;40.6;38.1;32.3;23.9;338.8888889;122.2222222;441.6666667;2.2
17336700;17;15;0;1;18.4;16.5;26.7;23.5;38.5;576.6;39;39.2;36.7;33.2;23.9;338.8888889;122.2222222;441.6666667;2.2
17337600;18;16;0;0;19.8;17.2;27;23.4;37.4;491.7;37;37.3;35.5;32;23.5;336.1111111;94.44444444;275;2.2
17338500;17;15;0;0;19.8;17;27;23.4;35.8;478.6;36.8;37.1;35.9;32.6;23.5;336.1111111;94.44444444;275;2.2
17339400;16;15;0;0;19.8;16.7;28.5;23.7;34.4;478.6;36.3;36.9;35.8;32.7;23.5;336.1111111;94.44444444;275;2.2
17340300;16;15;0;0;20.3;16.7;31.5;24;29.1;478.6;35.8;36.7;35.5;32.7;23.5;336.1111111;94.44444444;275;2.2
17341200;16;15;0;0;20.3;16.7;32.4;23.5;27;335.3;35.1;36.3;35;32.7;23.1;336.1111111;58.33333333;127.7777778;1.7
17342100;16;15;0;0;20.3;16.7;31.8;23.4;27.6;313.2;34.3;35.8;34.4;32.8;23.1;336.1111111;58.33333333;127.7777778;1.7
17343000;15;15;0;0;20.3;16.7;29.6;23.4;31;313.2;33.4;35.3;33.7;32.9;23.1;336.1111111;58.33333333;127.7777778;1.7
17343900;15;16;0;0;20.6;16.7;26.1;23.4;38.4;313.2;32.4;34.7;33.1;33;23.1;336.1111111;58.33333333;127.7777778;1.7
17344800;15;16;0;0;20.8;17.2;24.9;22.4;42.1;176.6;31.6;34;32.5;32.9;21.7;333.3333333;16.66666667;25;1.7
17345700;16;18;0;0;20.8;18.6;24.3;22.3;46.2;155.6;30.8;33.3;31.8;32.6;21.7;333.3333333;16.66666667;25;1.7
17346600;16;18;0;0;20.8;19.2;23.7;22.4;46.9;154.6;30;32.3;31.2;32.3;21.7;333.3333333;16.66666667;25;1.7
17347500;16;17;0;0;20.8;19.2;23.3;22.5;47.6;153.8;29.3;31.5;30.6;32;21.7;333.3333333;16.66666667;25;1.7
17348400;16;17;0;0;21;19.2;22.8;21.5;49.3;60.1;28.7;30.8;30.1;31.8;20.4;336.1111111;0;0;1.9
17349300;16;17;0;0;21.3;19.2;22.2;21.3;51.1;45.7;28.1;30;29.5;31.4;20.4;336.1111111;0;0;1.9
17350200;16;18;0;0;21.3;19.2;21.8;21.7;52.8;45.7;27.5;29.2;29;31.1;20.4;336.1111111;0;0;1.9
17351100;16;18;0;0;21.3;19.2;21.5;22;52.4;45.7;27;28.6;28.5;30.7;20.4;336.1111111;0;0;1.9
17352000;16;18;0;0;21.4;19.2;21.4;20.5;52.5;4.2;26.4;27.9;27.9;30.4;18.5;322.2222222;0;0;2
17352900;16;18;0;0;21.8;19.2;21.2;20.4;54;1.2;25.9;27.3;27.4;30;18.5;322.2222222;0;0;2
17353800;17;19;0;0;21.8;19.8;20.9;20.3;55.4;1.2;25.5;26.7;27;29.7;18.5;322.2222222;0;0;2
17354700;17;20;0;0;21.8;20.9;20.5;20.2;57.4;1.2;25;26;26.5;29.3;18.5;322.2222222;0;0;2
17355600;17;20;0;0;21.8;21.2;20.1;19;59.1;0.1;24.5;25.6;26.2;28.9;17.5;319.4444444;0;0;1.6
17356500;17;19;0;0;22.2;21.2;19.6;18.9;61.3;0;24.2;25.2;25.9;28.6;17.5;319.4444444;0;0;1.6
17357400;17;19;0;0;22.3;21.2;19.4;19.1;62;0;23.9;24.8;25.6;28.3;17.5;319.4444444;0;0;1.6
17358300;17;19.5;0;0;22.3;21.2;19.1;17.55;63;0;23.55;24.35;25.35;28.05;17.5;319.4444444;0;0;1.6
17359200;17;20;0;0;22.3;21.2;18.8;16;64;0;23.2;23.9;25.1;27.8;17;341.6666667;0;0;0.9
17360100;18;20;0;0;22.8;21.2;18.5;15.8;64.6;0;22.9;23.5;24.8;27.5;17;341.6666667;0;0;0.9
17361000;18;20;0;0;22.8;21.2;18.4;15.8;64.6;0;22.7;23;24.6;27.3;17;341.6666667;0;0;0.9
17361900;18;20;0;0;22.8;21.2;18.5;15.8;65;0;22.5;22.5;24.5;27.2;17;341.6666667;0;0;0.9
17362800;19;22;0;0;22.8;22.1;18.9;15.6;62.9;0;22.5;21.6;24.6;27;16.5;319.4444444;0;0;1.2
17363700;18;22;0;0;23;22.4;18.6;15.6;63.7;0;22.7;19.8;25.3;26.9;16.5;319.4444444;0;0;1.2
17364600;19;21;0;0;23.3;22.4;18.3;15.6;64.4;0;24.4;17.8;24;26.6;16.5;319.4444444;0;0;1.2
17365500;19;21;0;0;23.3;22.2;18;15.6;65;0;20.5;17.1;23.1;26.6;16.5;319.4444444;0;0;1.2
17366400;19;21;0;0;22.7;22.2;17.9;15.6;65;0;17.8;16.9;20.3;26.6;16.1;313.8888889;0;0;1.2
17367300;19;21;0;0;19;22.2;17.8;15.6;66.1;0;17.2;16.7;21.2;25.6;16.1;313.8888889;0;0;1.2
17368200;18;21;0;0;17.9;21.9;17.5;15.6;67.2;0;16.9;16.6;23.6;25.6;16.1;313.8888889;0;0;1.2
17369100;18;19;0;0;17.1;20.5;17.3;15.6;68.7;0;16.8;16.3;22.2;25.3;16.1;313.8888889;0;0;1.2
17370000;17;18;0;0;16.4;19.3;17;15.3;70.2;0;16.7;16;20.1;25.2;14.6;313.8888889;0;0;1.7
17370900;17;19;0;0;16;19.4;16.9;15.3;71.3;0;16.6;15.7;19.5;25;14.6;313.8888889;0;0;1.7
17371800;17;20;0;0;15.8;20.7;16.8;15.6;71.6;0;16.4;15.4;19.1;24.7;14.6;313.8888889;0;0;1.7
17372700;16;18;0;0;15.8;19.8;16.7;15.8;71.3;0;16.2;15.2;18.9;24.8;14.6;313.8888889;0;0;1.7
17373600;16;17;0;0;15.8;18.8;16.7;15.3;71.2;0;16.1;15;18.9;24.8;13.8;311.1111111;0;0;1.8
17374500;16;17;0;0;15.7;18.3;16.5;15.2;71.9;0;15.9;14.8;18.8;24.7;13.8;311.1111111;0;0;1.8
17375400;16;17;0;0;15.3;18.1;16.3;15.4;72.8;0;15.7;14.6;18.6;24.6;13.8;311.1111111;0;0;1.8
17376300;16;16;0;0;15.3;17.7;16.2;15.6;73.6;0;15.5;14.4;18.3;24.5;13.8;311.1111111;0;0;1.8
17377200;15;16;0;0;14.9;17.7;16;15.2;74.2;0;15.3;14.2;18.2;24.3;13.3;311.1111111;16.66666667;19.44444444;1.9
17378100;15;16;0;0;14.8;17.3;15.9;15.1;74.2;0;15.1;14.1;17.9;24.2;13.3;311.1111111;16.66666667;19.44444444;1.9
17379000;15;16;0;0;14.7;17.2;15.9;14.7;74.2;0;14.9;14;17.7;24.1;13.3;311.1111111;16.66666667;19.44444444;1.9
17379900;15;18;0;0;14.3;18.9;15.8;14.3;74.4;0;14.7;13.9;17.6;23.8;13.3;311.1111111;16.66666667;19.44444444;1.9
17380800;15;18;0;0;14.3;19;15.8;14.1;74.2;0.6;14.7;13.9;17.5;23.5;14;308.3333333;61.11111111;116.6666667;1.8
17381700;14;16;0;0;14.3;17.6;15.9;14.1;74.6;0.8;14.8;13.9;17.5;23.4;14;308.3333333;61.11111111;116.6666667;1.8
17382600;14;16;0;0;14.2;17.1;16.2;13.9;74.8;0.8;15;13.9;17.5;23;14;308.3333333;61.11111111;116.6666667;1.8
17383500;14;15;0;0;13.8;16.7;16.7;13.7;72.2;0.8;15.7;14;17.5;22.2;14;308.3333333;61.11111111;116.6666667;1.8
17384400;14;16;0;0;13.8;17.1;16.9;13.9;70.7;49.4;16.5;14.4;17.4;18.6;15.3;311.1111111;105.5555556;263.8888889;2.3
17385300;13;18;0;0;13.8;19.5;17.3;13.9;69.8;61.6;17;14.9;17.3;16.8;15.3;311.1111111;105.5555556;263.8888889;2.3
17386200;13;18;0;0;13.8;19.7;17.7;13.8;68.6;61.6;17.5;15.8;17.5;17.9;15.3;311.1111111;105.5555556;263.8888889;2.3
17387100;13;18;0;0;13.8;20;17.8;13.6;68.1;61.6;19.1;21.8;18;19.1;15.3;311.1111111;105.5555556;263.8888889;2.3
17388000;13;20;0;0;14.1;20.7;18;14.3;68.2;151.7;21.6;23;19;20.2;17.6;316.6666667;111.1111111;450;2.6
17388900;13;21;0;0;14.5;21.2;18.4;14.6;67.3;184.4;23.1;23.4;21.6;20.8;17.6;316.6666667;111.1111111;450;2.6
17389800;14;21;0;0;15;21.6;18.7;14.8;66.6;186.4;24.4;23.7;24.2;21.2;17.6;316.6666667;111.1111111;450;2.6
17390700;14;21;0;0;15.4;21.7;19;15.1;65.8;188.6;25.7;24.3;25.7;21.5;17.6;316.6666667;111.1111111;450;2.6
17391600;15;20;0;0;16.5;21.3;19.5;16.3;63.5;318.7;25.1;24.1;24.4;21.3;18.8;322.2222222;116.6666667;608.3333333;2.4
17392500;16;16;0;0;17;18;19.7;16.6;62.8;351.2;25.7;24.1;25.4;21.1;18.8;322.2222222;116.6666667;608.3333333;2.4
17393400;16;15;0;0;17.3;16.9;20.2;16.7;60.9;351.2;27.3;25.2;28.1;21.3;18.8;322.2222222;116.6666667;608.3333333;2.4
17394300;16;14;0;0;17.3;16.4;20.6;16.8;60.1;351.2;28.9;26.8;30.3;21.7;18.8;322.2222222;116.6666667;608.3333333;2.4
17395200;16;14;0;0;17.3;16.2;21.2;18;58.9;476.6;30.5;28.5;32.1;22;20.6;330.5555556;127.7777778;733.3333333;2.5
17396100;16;14;0;0;17.8;15.7;21.6;18.3;58.1;507.9;32.1;30.1;33.5;22.4;20.6;330.5555556;127.7777778;733.3333333;2.5
17397000;17;13;0;0;17.8;15.3;22.1;18.6;56.7;507.9;33.6;31.7;34.6;22.8;20.6;330.5555556;127.7777778;733.3333333;2.5
17397900;17;15;0;0;18.1;16.8;22.7;19.1;55.8;507.9;35.2;33.2;35.5;23.3;20.6;330.5555556;127.7777778;733.3333333;2.5
17398800;17;16;0;0;18.3;17.4;23.2;20.1;54.3;603.8;36.7;34.7;36.2;23.8;22.1;336.1111111;144.4444444;822.2222222;2.5
17399700;17;14;0;0;18.3;16.1;23.5;20.5;53.4;638.7;38;36.1;36.9;24.4;22.1;336.1111111;144.4444444;822.2222222;2.5
17400600;17;13;0;0;18.5;15.1;23.9;20.5;51.2;639.1;39.3;37.4;37.4;25.2;22.1;336.1111111;144.4444444;822.2222222;2.5
17401500;17;13;0;0;18.8;14.8;24.2;20.4;49.7;639.8;40.5;38.5;37.9;25.9;22.1;336.1111111;144.4444444;822.2222222;2.5
17402400;17;13;0;0;18.8;14.5;24.5;21.3;48.5;707.9;41.3;39.6;38.3;26.6;23.3;347.2222222;183.3333333;888.8888889;2.2
17403300;17;13;0;0;18.9;14.3;24.8;21.6;47.8;732.7;42;40.6;38.7;27.1;23.3;347.2222222;183.3333333;888.8888889;2.2
17404200;18;12;0;0;19.3;14.3;25.2;21.7;46.2;732.5;42.9;41.5;39.1;27.6;23.3;347.2222222;183.3333333;888.8888889;2.2
17405100;18;12;0;0;19.3;13.9;25.2;21.8;45.3;732.2;43.7;42.4;39.5;28;23.3;347.2222222;183.3333333;888.8888889;2.2
17406000;18;13;0;0;19.5;14.1;25.5;22.7;44.2;787.4;44.6;43.4;40;28.5;23.6;358.3333333;250;850;1.8
17406900;18;15;0;0;19.8;16.3;26;23;43.6;807.5;45.4;43.9;40.4;29;23.6;358.3333333;250;850;1.8
17407800;17;16;0;1;18.2;16.9;26.4;23.2;42.8;807.5;44.6;43.8;40.6;31.3;23.6;358.3333333;250;850;1.8
17408700;17;14;0;0;18.6;15.1;26.6;23.4;42.8;807.5;42.3;41.3;38.7;30.3;23.6;358.3333333;250;850;1.8
17409600;17;13;0;0;18.9;14.9;27.2;23.9;42.7;813.7;45;43.1;39.8;31.5;24.4;350;177.7777778;819.4444444;1.9
17410500;16;13;0;0;19.3;14.6;27.1;24.1;42.8;815.9;46;44.3;40.3;32;24.4;350;177.7777778;819.4444444;1.9
17411400;16;14;1;1;17.7;15.3;26.9;24.1;43.3;815.9;45.8;44.7;41.1;33.8;24.4;350;177.7777778;819.4444444;1.9
17412300;16;14;0;0;17.6;14.8;26.9;24.1;43.4;815.9;41.8;41.2;39;32.9;24.4;350;177.7777778;819.4444444;1.9
17413200;16;13;0;0;18.4;14.7;27.4;24.6;42;789.2;44.3;42.4;39.7;33.7;24.1;347.2222222;141.6666667;722.2222222;1.2
17414100;16;12;0;0;18.6;14.2;27;24.8;42;779.5;45.2;43.6;39.9;34.1;24.1;347.2222222;141.6666667;722.2222222;1.2
17415000;14;15;0;0;16.2;15.9;27;24.6;42.4;779.5;42.3;42.3;39.3;35.4;24.1;347.2222222;141.6666667;722.2222222;1.2
17415900;16;15;0;0;17.6;15.6;27.3;24.4;41.2;779.5;42.2;41.1;38.7;34.6;24.1;347.2222222;141.6666667;722.2222222;1.2
17416800;16;13;0;0;18;15.3;27.1;24.6;41.5;706.6;43.3;42;39;35;24.6;347.2222222;113.8888889;613.8888889;1.1
17417700;16;13;0;0;18.1;14.6;27.5;24.7;39.6;680.1;43.7;42.5;39.2;35.2;24.6;347.2222222;113.8888889;613.8888889;1.1
17418600;16;13;0;0;18.1;14.6;27.6;24.7;38.6;680.1;43.6;42.7;39.3;35.3;24.6;347.2222222;113.8888889;613.8888889;1.1
17419500;16;13;0;0;18.1;14.6;27.4;24.8;37.7;680.1;43.2;42.6;39.3;35.4;24.6;347.2222222;113.8888889;613.8888889;1.1
17420400;15;14;1;0;17.3;15.4;27.3;24.9;36.9;612.9;41;41.6;38.2;35.6;24.5;344.4444444;100;455.5555556;1.6
17421300;16;14;0;0;18;15.1;27.5;25;36.6;588.5;39.2;40;37.3;34.8;24.5;344.4444444;100;455.5555556;1.6
17422200;16;13;0;0;18;15.1;27.5;24.8;37.6;588.5;39.5;40.2;37.8;35.2;24.5;344.4444444;100;455.5555556;1.6
17423100;16;14;0;0;18.2;15.3;27.7;24.4;35.9;588.5;39.3;40.1;38.1;35.2;24.5;344.4444444;100;455.5555556;1.6
17424000;15;16;0;0;18.5;16.5;27.4;24.4;35;494.9;38.7;39.4;38;35.1;24.5;341.6666667;80.55555556;280.5555556;1.5
17424900;14;15;0;0;18.5;16.6;27.4;24.4;35.1;460.9;37.8;38.8;37.8;35.3;24.5;341.6666667;80.55555556;280.5555556;1.5
17425800;14;15;0;0;18.5;16.6;28.9;24.5;32.5;460.9;37.1;38.6;37.4;35.6;24.5;341.6666667;80.55555556;280.5555556;1.5
17426700;14;15;0;0;18.6;16.6;31.6;24.6;28.2;460.9;36.4;38.3;36.9;35.9;24.5;341.6666667;80.55555556;280.5555556;1.5
17427600;14;15;0;0;19;16.6;32.1;24.2;26.8;346.9;35.6;37.8;36.3;36;24;341.6666667;52.77777778;125;1.4
17428500;14;15;0;0;19;16.6;32.1;24;26.9;305.5;34.7;37.3;35.6;36.1;24;341.6666667;52.77777778;125;1.4
17429400;14;16;0;0;19;16.9;30.4;24;29;305.5;33.8;36.7;34.9;36;24;341.6666667;52.77777778;125;1.4
17430300;14;16;0;0;19;17.1;26.9;23.9;35.3;305.5;32.9;36.1;34.2;35.9;24;341.6666667;52.77777778;125;1.4
17431200;15;16;0;0;19.5;17.1;25.7;23.2;39.3;193.3;32;35.4;33.5;35.8;22.6;341.6666667;11.11111111;16.66666667;1.5
17432100;15;18;0;0;19.5;18.7;25.2;22.9;41.7;152.5;31.2;34.6;32.8;35.3;22.6;341.6666667;11.11111111;16.66666667;1.5
17433000;15;18;0;0;19.5;19.1;24.7;23.1;43.4;151.9;30.5;33.6;32.1;34.9;22.6;341.6666667;11.11111111;16.66666667;1.5
17433900;15;18;0;0;19.5;19.1;24.1;23.4;45.9;151;29.9;32.8;31.6;34.6;22.6;341.6666667;11.11111111;16.66666667;1.5
17434800;15;17;0;0;19.3;18.9;23.4;22.5;48.5;71.3;29.4;32.1;31;34.1;21.3;344.4444444;0;0;1.7
17435700;15;15;0;0;19.8;17.4;22.8;22.2;51.3;42.3;29;31.4;30.5;33.7;21.3;344.4444444;0;0;1.7
17436600;16;13;0;0;19.8;15.8;22.3;22.6;53.1;42.3;28.4;30.7;30;33.4;21.3;344.4444444;0;0;1.7
17437500;16;13;0;0;19.8;15.1;22;22.8;55;42.3;28;30.1;29.5;33;21.3;344.4444444;0;0;1.7
17438400;16;13;0;0;20.2;14.7;21.9;21.4;55;0.7;27.5;29.5;29.1;32.6;20.6;350;0;0;2
17439300;16;13;0;0;20.3;14.6;21.5;21.4;55.8;0.7;27.1;28.9;28.7;32.2;20.6;350;0;0;2
17440200;16;14;0;0;20.3;15.2;21.2;21.3;56.3;0.7;26.8;28.4;28.4;31.9;20.6;350;0;0;2
17441100;17;15;0;0;20.3;17.1;21.3;21.3;55.7;0.7;26.5;28;28;31.5;20.6;350;0;0;2
17442000;17;15;0;0;20.6;17.1;21.2;20.1;56.7;0;26.2;27.6;27.6;31;19.8;350;0;0;1.4
17442900;17;15;0;0;20.8;17.1;21;20;57.8;0;26;27.3;27.4;30.7;19.8;350;0;0;1.4
17443800;17;15;0;0;21;17.1;20.9;20.2;58.3;0;25.8;26.9;27.1;30.4;19.8;350;0;0;1.4
17444700;17;15.5;0;0;21.15;17.1;20.85;18.3;58.15;0;25.55;26.6;26.9;30.1;19.8;350;0;0;1.4
17445600;17;16;0;0;21.3;17.1;20.8;16.4;58;0;25.3;26.3;26.7;29.8;18.6;341.6666667;0;0;0.7
17446500;18;16;0;0;21.4;17.2;20.6;15.8;58.1;0;25;26;26.4;29.5;18.6;341.6666667;0;0;0.7
17447400;18;16;0;0;21.8;17.6;20.3;15.8;61;0;24.8;25.6;26.2;29.2;18.6;341.6666667;0;0;0.7
17448300;18;17;0;0;21.8;17.6;19.9;15.8;62.3;0;24.5;25.3;26;28.9;18.6;341.6666667;0;0;0.7
17449200;18;19;0;0;21.8;19.3;19.8;15.6;62.7;0;24.2;24.8;25.7;28.8;17.8;344.4444444;0;0;0.6
17450100;18;19;0;0;22;19.6;19.5;15.6;63.9;0;23.8;24.4;25.4;28.5;17.8;344.4444444;0;0;0.6
17451000;18;18;0;0;22.3;19.6;19.3;15.6;64;0;23.6;24.3;25.3;28.2;17.8;344.4444444;0;0;0.6
17451900;19;18;0;0;22.3;19.6;19.3;15.6;64.8;0;23.4;23.8;25.1;28.1;17.8;344.4444444;0;0;0.6
17452800;19;18;0;0;22.5;19.6;19.1;17.6;66.1;0;23.2;23;25.1;27.9;16.3;327.7777778;0;0;1
17453700;19;19;0;0;22.8;19.6;18.9;17.6;67.3;0;22.9;21.6;25.7;27.8;16.3;327.7777778;0;0;1
17454600;19;19;0;0;22.8;19.7;18.7;17.6;68.3;0;22.8;19.6;26.4;27.6;16.3;327.7777778;0;0;1
17455500;19;19;0;0;22.8;20.4;18.4;17.6;69.9;0;19.9;17.8;24.8;27.4;16.3;327.7777778;0;0;1
17456400;18;20;0;0;21;21.2;18.2;16.9;70.2;0;17.9;17.3;22.7;27.2;16;325;0;0;1.3
17457300;19;20;0;0;19.9;21.9;17.9;16.9;71.1;0;17.4;17;20.5;27.2;16;325;0;0;1.3
17458200;17;17;0;0;18.9;18.9;17.9;17.2;71.6;0;17.1;16.8;21.9;27;16;325;0;0;1.3
17459100;17;14;0;0;17.7;16.4;17.8;17.6;72.1;0;17;16.6;21.8;26.8;16;325;0;0;1.3
17460000;17;13;0;0;17;15.1;17.6;17.1;72.9;0;16.9;16.3;19.7;26.7;15.5;327.7777778;0;0;1.8
17460900;17;13;0;0;16.6;14.6;17.4;17;73.5;0;16.8;16.1;19;26.5;15.5;327.7777778;0;0;1.8
17461800;16;13;0;0;16.5;14.6;17.2;16.6;74.5;0;16.7;15.9;18.6;26.4;15.5;327.7777778;0;0;1.8
17462700;16;13;0;0;16.5;14.6;17.2;15.9;74.9;0;16.5;15.7;18.4;26.2;15.5;327.7777778;0;0;1.8
17463600;16;13;0;0;16.1;14.6;17.1;15.6;75;0;16.3;15.5;18.3;26.1;15;333.3333333;16.66666667;16.66666667;1.8
17464500;16;13;0;0;16;14.8;17;15.5;75.8;0;16.1;15.3;18.2;25.9;15;333.3333333;16.66666667;16.66666667;1.8
17465400;16;14;0;0;15.7;15.1;16.9;15.6;76;0;15.9;15.1;18.2;25.8;15;333.3333333;16.66666667;16.66666667;1.8
17466300;15;16;0;0;15.3;16.9;17.1;15.7;75.6;0;15.6;15;18.2;25.4;15;333.3333333;16.66666667;16.66666667;1.8
17467200;15;16;0;0;15;17.2;17.3;15.5;75;0.6;15.6;15;18.1;25.2;15.2;319.4444444;69.44444444;108.3333333;1.8
17468100;15;16;0;0;15;16.9;17.4;15.5;75;0.6;15.7;15;18.1;25.1;15.2;319.4444444;69.44444444;108.3333333;1.8
17469000;15;15;0;0;15;16.7;17.5;15.4;74.7;0.6;16;15;18.1;24.9;15.2;319.4444444;69.44444444;108.3333333;1.8
17469900;14;15;0;0;15;16.7;17.7;15.4;74;0.6;16.6;15.2;18.1;24.6;15.2;319.4444444;69.44444444;108.3333333;1.8
17470800;14;15;0;0;14.6;16.7;18.1;15.5;71.2;49;17.4;15.5;18;24.3;16.9;322.2222222;113.8888889;250;1.7
17471700;14;15;0;0;14.5;16.7;18.4;15.5;69.8;56.4;18.2;16.2;18.1;24.1;16.9;322.2222222;113.8888889;250;1.7
17472600;14;16;0;0;14.5;16.7;18.7;15.3;71.3;56.4;19.3;16.9;18.4;24;16.9;322.2222222;113.8888889;250;1.7
17473500;14;16;0;0;14.6;16.7;18.9;15.2;70.3;56.4;20.5;17.7;19.1;23.9;16.9;322.2222222;113.8888889;250;1.7
17474400;14;17;0;0;15;17.5;19.5;16.1;68.7;170.4;21.6;18.9;20.1;23.8;18.4;336.1111111;183.3333333;386.1111111;2.5
17475300;15;18;0;0;15.7;18.8;19.9;16.2;66.9;178.5;22.2;19.9;21.1;23.1;18.4;336.1111111;183.3333333;386.1111111;2.5
17476200;15;17;0;0;16.2;19;20.6;16.3;64.9;180.3;23.2;20.5;21.9;22.7;18.4;336.1111111;183.3333333;386.1111111;2.5
17477100;15;16;0;0;16.2;18.3;21.4;16.4;62.2;182.3;24.9;21.6;23.7;23.4;18.4;336.1111111;183.3333333;386.1111111;2.5
17478000;15;14;0;0;16.2;16.8;21.9;17.7;59;311.5;26.6;23.3;25.9;23.7;19.8;333.3333333;163.8888889;580.5555556;2.8
17478900;16;14;0;0;16.7;16.2;22.1;18;57.9;343.8;28.2;25;28.2;23.8;19.8;333.3333333;163.8888889;580.5555556;2.8
17479800;16;14;0;0;16.7;15.8;22.1;18.2;57;343.8;29.3;26.5;29.9;24;19.8;333.3333333;163.8888889;580.5555556;2.8
17480700;16;14;0;0;16.9;15.7;22.4;18.5;58.3;343.8;30.5;27.9;31.5;24.1;19.8;333.3333333;163.8888889;580.5555556;2.8
17481600;16;14;0;0;17.2;15.7;22.8;19.6;57.3;456.8;32;29.5;33;24.3;21.9;341.6666667;166.6666667;713.8888889;3.1
17482500;16;13;0;0;17.2;15.2;23.4;19.9;54;485.1;33.5;31.2;34.3;24.5;21.9;341.6666667;166.6666667;713.8888889;3.1
17483400;16;13;0;0;17.6;15;23.8;19.9;51.4;485.1;35;32.8;35.5;24.8;21.9;341.6666667;166.6666667;713.8888889;3.1
17484300;17;15;0;0;17.7;16.3;24.3;19.9;50.6;485.1;36.5;34.4;36.5;25.3;21.9;341.6666667;166.6666667;713.8888889;3.1
17485200;17;15;0;0;17.8;17.1;24.4;21;49.9;597.4;37.8;35.9;37.3;26.2;23.3;347.2222222;180.5555556;800;3.2
17486100;17;13;0;0;18.2;16;24.9;21.4;48.9;638.2;39.2;37.3;38;27.2;23.3;347.2222222;180.5555556;800;3.2
17487000;17;13;0;0;18.2;14.9;25.2;21.4;47.8;637.3;40.4;38.6;38.5;28;23.3;347.2222222;180.5555556;800;3.2
17487900;17;13;0;0;18.5;14.8;25.8;21.4;46.6;636;41.7;39.9;39.1;28.6;23.3;347.2222222;180.5555556;800;3.2
17488800;17;12;0;0;18.7;14.4;26.1;22.4;45.8;702;42.9;41.1;39.6;29.3;24.7;352.7777778;194.4444444;847.2222222;3.2
17489700;18;13;1;0;18.2;14.9;26.6;22.7;44.3;726;43.7;42.4;40.5;30.4;24.7;352.7777778;194.4444444;847.2222222;3.2
17490600;16;14;0;0;16.9;15.6;27;22.9;42.7;730.6;39.9;39.1;38.4;31.7;24.7;352.7777778;194.4444444;847.2222222;3.2
17491500;16;13;0;0;17.7;14.6;27.1;23.3;43.1;737.6;41.9;40;39;30.9;24.7;352.7777778;194.4444444;847.2222222;3.2
17492400;16;13;0;0;18.2;14.4;27.1;24.4;43.2;795;43.8;42.1;39.9;31.8;25.2;358.3333333;208.3333333;850;3.2
17493300;17;15;0;0;18.2;16.1;27.2;24.4;42.3;795;44.9;43.1;40.8;32.3;25.2;358.3333333;208.3333333;850;3.2
17494200;15;14;1;2;16.1;15.5;27.6;24.4;41.6;795;42.3;41.7;40.7;35.8;25.2;358.3333333;208.3333333;850;3.2
17495100;16;13;0;0;17.4;14.4;27.6;24.5;41.4;795;43;41.4;40.1;34.8;25.2;358.3333333;208.3333333;850;3.2
17496000;16;12;0;0;17.8;14.4;27.9;25.1;39.9;811.9;44.9;43.6;40.7;35.4;25.2;363.8888889;230.5555556;777.7777778;3.4
17496900;16;12;0;0;17.9;14.4;28.1;25.3;41.1;818.1;46.4;45.2;41.6;35.7;25.2;363.8888889;230.5555556;777.7777778;3.4
17497800;15;14;1;1;16.1;15.2;28.5;25.4;39.9;818.1;44.2;43.8;41.1;37.6;25.2;363.8888889;230.5555556;777.7777778;3.4
17498700;16;13;0;0;17.4;14.8;29;25.6;39.9;818.1;44.6;43;40.6;36.9;25.2;363.8888889;230.5555556;777.7777778;3.4
17499600;15;12;0;0;17.9;14.5;28.9;25.8;39.2;773.1;46.3;44.6;41.1;37.4;26.1;361.1111111;200;708.3333333;3.3
17500500;15;12;0;0;17.9;14.3;28.9;25.9;39.1;756.8;46.7;45.2;41.3;37.6;26.1;361.1111111;200;708.3333333;3.3
17501400;14;15;1;1;16.1;15.9;29;25.8;39.1;756.8;43.7;43.3;40.7;38.6;26.1;361.1111111;200;708.3333333;3.3
17502300;15;15;0;0;17.4;15.9;28.8;25.7;38.5;756.8;43.4;42.5;40.1;37.6;26.1;361.1111111;200;708.3333333;3.3
17503200;15;13;0;0;17.5;15.3;28.9;25.7;38.6;691.2;44.5;43.6;40.5;38;25.9;361.1111111;186.1111111;580.5555556;3.4
17504100;15;12;0;0;17.9;14.5;28.7;25.7;38.8;667.3;44.7;44.1;40.5;38.1;25.9;361.1111111;186.1111111;580.5555556;3.4
17505000;14;13;1;0;17.6;14.7;28.6;25.5;39.1;667.3;43.7;43.8;40.2;38.3;25.9;361.1111111;186.1111111;580.5555556;3.4
17505900;15;14;0;0;16.5;15;29.1;25.3;37.8;667.3;40.7;41.6;38.5;37.6;25.9;361.1111111;186.1111111;580.5555556;3.4
17506800;15;13;0;0;17.6;14.5;29.2;25.4;37;587.7;40.7;41.2;38.5;37.5;25.8;361.1111111;172.2222222;375;3
17507700;15;13;0;0;17.9;14.5;29;25.5;36.8;558.8;40.7;41.3;38.8;37.6;25.8;361.1111111;172.2222222;375;3
17508600;16;13;0;0;17.9;14.5;29.1;25.8;37.4;558.8;40.6;41.2;38.9;37.6;25.8;361.1111111;172.2222222;375;3
17509500;15;14;0;0;17.9;14.8;29;26.3;37.7;558.8;40.2;41;38.8;37.6;25.8;361.1111111;172.2222222;375;3
17510400;15;15;0;0;18.3;16.5;28.6;26;38.7;452;39.3;40.4;38.5;37.6;25.3;363.8888889;133.3333333;241.6666667;2.1
17511300;15;15;0;0;18.4;16.5;28.5;25.9;39.4;413.1;38.3;39.5;38;37.6;25.3;363.8888889;133.3333333;241.6666667;2.1
17512200;15;14;0;0;18.4;16.2;28.8;25.8;38.9;413.1;37.2;38.9;37.3;37.6;25.3;363.8888889;133.3333333;241.6666667;2.1
17513100;15;14;0;0;18.5;16;30.8;25.7;34.9;413.1;36.4;38.3;36.7;37.7;25.3;363.8888889;133.3333333;241.6666667;2.1
17514000;15;15;0;0;18.9;16;31.1;25.2;34.8;311.5;35.7;37.7;36.1;37.7;24.5;358.3333333;72.22222222;105.5555556;2.5
17514900;15;15;0;0;18.9;16.3;30.3;25;36.3;274.5;34.9;37;35.4;37.5;24.5;358.3333333;72.22222222;105.5555556;2.5
17515800;15;15;0;0;19;16.5;29.6;25.1;37.7;274.5;34;36.3;34.7;37.3;24.5;358.3333333;72.22222222;105.5555556;2.5
17516700;15;15;0;0;19.4;16.7;27.5;25.2;42;274.5;33.3;35.6;34.2;36.9;24.5;358.3333333;72.22222222;105.5555556;2.5
17517600;15;16;0;0;19.4;17;26.7;24.3;44.1;172.2;32.5;34.8;33.6;36.6;23.3;352.7777778;16.66666667;19.44444444;2.4
17518500;15;18;0;0;19.4;18.6;26.2;24;44.6;135;31.8;34;33;36.1;23.3;352.7777778;16.66666667;19.44444444;2.4
17519400;15;18;0;0;18.7;19.1;25.8;24.1;46.4;135;31.1;33.2;32.2;35.6;23.3;352.7777778;16.66666667;19.44444444;2.4
17520300;16;15;0;0;19.5;17.6;25.2;24.3;49.3;135;30.6;32.5;31.8;35.1;23.3;352.7777778;16.66666667;19.44444444;2.4
17521200;16;13;0;0;19.5;15.8;24.7;23.3;51.4;52.8;30;31.8;31.3;34.9;22;366.6666667;0;0;2.3
17522100;16;12;0;0;19.5;14.8;24.3;23.1;52;40.2;29.5;31.1;30.7;34.6;22;366.6666667;0;0;2.3
17523000;16;12;0;0;19.9;14.5;24;23.2;52.4;40.2;28.9;30.5;30.2;34.3;22;366.6666667;0;0;2.3
17523900;16;12;0;0;20;14;23.6;23.4;53.6;40.2;28.5;29.9;29.8;33.9;22;366.6666667;0;0;2.3
17524800;16;12;0;0;20;14;23.5;22.3;53.2;11.2;28;29.3;29.3;33.6;20.9;355.5555556;0;0;1.9
17525700;17;12;0;0;20.4;14;23.6;21.9;53;0.6;27.7;29;29;33.2;20.9;355.5555556;0;0;1.9
17526600;17;13;0;0;20.5;14.8;23.4;21.9;53.7;0.6;27.5;28.6;28.7;32.9;20.9;355.5555556;0;0;1.9
17527500;17;16;0;0;20.5;17;23.1;21.9;54.4;0.6;27.1;28;28.3;32.5;20.9;355.5555556;0;0;1.9
17528400;17;15;0;0;20.9;17;22.7;21.2;54.9;0.2;26.7;27.6;27.9;32.1;20;338.8888889;0;0;1
17529300;17;15;0;0;21;17;22.5;20.9;55.5;0;26.4;27.3;27.7;31.7;20;338.8888889;0;0;1
17530200;18;16;0;0;21.2;17;22.3;21;56.1;0;26.1;27;27.4;31.4;20;338.8888889;0;0;1
17531100;18;16;0;0;21.35;17.05;22.05;20.55;57.25;0;25.85;26.65;27.15;31.1;20;338.8888889;0;0;1
17532000;18;16;0;0;21.5;17.1;21.8;20.1;58.4;0;25.6;26.3;26.9;30.8;18.7;338.8888889;0;0;0.9
17532900;18;16;0;0;21.6;17.5;21.4;19.8;59.5;0;25.3;25.9;26.7;30.5;18.7;338.8888889;0;0;0.9
17533800;18;16;0;0;22;17.5;21.1;19.8;61;0;25;25.6;26.5;30.3;18.7;338.8888889;0;0;0.9
17534700;19;17;0;0;22;18;20.9;19.8;62.1;0;24.8;25.3;26.2;30.1;18.7;338.8888889;0;0;0.9
17535600;19;19;0;0;22;19.4;20.6;19.1;63.1;0;24.5;24.9;26;29.8;18;330.5555556;0;0;1
17536500;19;19;0;0;22.3;20;20.3;18.8;64.4;0;24.1;24.6;25.7;29.6;18;330.5555556;0;0;1
17537400;19;18;0;0;22.5;20;19.9;18.8;65.9;0;23.8;24.4;25.5;29.5;18;330.5555556;0;0;1
17538300;19;18;0;0;22.5;20;19.7;18.8;66.3;0;23.6;24.1;25.4;29.3;18;330.5555556;0;0;1
17539200;19;18;0;0;22.8;20;19.5;17.9;66.8;0;23.3;23.7;25.2;29.1;17.2;333.3333333;0;0;0.8
17540100;19;19;0;0;23;20;19.4;17.6;67;0;23.1;23.2;25.2;28.9;17.2;333.3333333;0;0;0.8
17541000;20;19;0;0;23;20;19.3;17.6;67.4;0;22.8;22.4;25.3;28.8;17.2;333.3333333;0;0;0.8
17541900;20;19;0;0;23;20;19.3;17.6;67.7;0;22.6;20.7;26.2;28.6;17.2;333.3333333;0;0;0.8
17542800;20;19;0;0;22.3;20.4;19.2;17.4;68.1;0;21.4;19.1;26.5;28.2;16.8;336.1111111;0;0;1.4
17543700;19;18;0;0;20.8;21.3;19.2;17.3;68.5;0;18.8;18.1;24.2;28.1;16.8;336.1111111;0;0;1.4
17544600;18;21;0;0;19.9;22;19;17.4;69;0;18.3;17.9;21.8;28.3;16.8;336.1111111;0;0;1.4
17545500;16;19;0;0;17.6;21.4;18.9;17.5;69.1;0;18.1;17.8;21;28.1;16.8;336.1111111;0;0;1.4
17546400;15;14;0;0;16.8;17;18.9;17.1;69.6;0;18;17.7;22.1;27.8;16.4;344.4444444;0;0;1.6
17547300;16;12;0;0;17.1;14.6;19;17.1;69.8;0;18;17.5;21.8;27.5;16.4;344.4444444;0;0;1.6
17548200;16;12;0;0;17.3;14.5;18.9;16.9;70.3;0;18;17.4;20.1;27.4;16.4;344.4444444;0;0;1.6
17549100;16;13;0;0;17.3;14.6;18.8;16.8;70.6;0;17.9;17.2;19.6;27.2;16.4;344.4444444;0;0;1.6
17550000;16;13;0;0;17.3;15;18.5;16.4;72;0;17.8;17;19.4;27.1;15.9;325;11.11111111;11.11111111;1.6
17550900;16;14;0;0;17.3;15.3;18.3;16.4;72.8;0;17.6;16.8;19.2;27;15.9;325;11.11111111;11.11111111;1.6
17551800;16;14;0;0;17.3;15.5;18.1;16.4;73.7;0;17.3;16.6;19;26.9;15.9;325;11.11111111;11.11111111;1.6
17552700;16;17;0;0;16.9;17.8;17.8;16.4;74.8;0;17.1;16.3;19.1;26.7;15.9;325;11.11111111;11.11111111;1.6
17553600;16;17;0;0;16.8;18;17.7;16.2;74.9;0.5;16.9;16.1;19.1;26.5;16.3;327.7777778;69.44444444;111.1111111;1.4
17554500;16;16;0;0;16.8;17.9;17.8;16.2;75.3;0.6;16.8;15.9;19.2;26.4;16.3;327.7777778;69.44444444;111.1111111;1.4
17555400;16;16;0;0;16.3;17.5;18;16.2;75.5;0.6;16.9;15.8;19.3;26.2;16.3;327.7777778;69.44444444;111.1111111;1.4
17556300;16;16;0;0;16.2;17.5;18.4;16.2;74;0.6;17.4;15.9;19.2;26;16.3;327.7777778;69.44444444;111.1111111;1.4
17557200;16;16;0;0;15.8;17.5;18.9;16.4;72.7;42.3;18.1;16.2;19.1;25.7;17.4;327.7777778;111.1111111;255.5555556;1.7
17558100;15;16;0;0;15.8;17.5;19.6;16.5;69.1;57.5;19.2;16.8;19.1;25.5;17.4;327.7777778;111.1111111;255.5555556;1.7
17559000;15;16;0;0;15.8;17.5;20;16.4;68.2;57.5;20.3;17.5;19.3;25.4;17.4;327.7777778;111.1111111;255.5555556;1.7
17559900;15;17;0;0;15.8;17.5;20.2;16.2;66.3;57.5;21.6;18.3;20;25.3;17.4;327.7777778;111.1111111;255.5555556;1.7
17560800;17;18;0;0;17.9;18.5;20.3;17;65.5;157.7;22.1;19.2;20.9;23.6;18.6;330.5555556;130.5555556;419.4444444;1.3
17561700;16;17;0;0;17.8;18.8;20.6;17.2;64.4;182.7;23.2;20.1;21.7;23.4;18.6;330.5555556;130.5555556;419.4444444;1.3
17562600;16;16;0;0;17.3;18.2;20.9;17.3;63.8;183.5;24.8;21.5;23.2;23.6;18.6;330.5555556;130.5555556;419.4444444;1.3
17563500;14;16;0;2;15.8;18;21.2;17.4;63;184.7;25.8;23.2;26;24.7;18.6;330.5555556;130.5555556;419.4444444;1.3
17564400;15;13;0;0;15.8;16.5;21.6;18.5;62.2;303.9;25.9;22.6;26;26.5;20.7;338.8888889;141.6666667;580.5555556;1.7
17565300;15;12;0;0;16;15;22.1;18.9;61.3;347.2;28;24.3;28.3;26.9;20.7;338.8888889;141.6666667;580.5555556;1.7
17566200;15;12;0;0;16.4;14.4;22.5;18.9;60.9;347.2;29.7;26.3;30.5;27.1;20.7;338.8888889;141.6666667;580.5555556;1.7
17567100;15;12;0;0;16.8;14;22.8;18.9;58.5;347.2;31.4;28.2;32.6;27.3;20.7;338.8888889;141.6666667;580.5555556;1.7
17568000;15;12;0;0;17.2;14;23.4;20.5;57;499;33.1;30.1;34.4;27.5;22.1;344.4444444;150;711.1111111;1.6
17568900;16;12;0;0;17.3;13.8;23.9;20.5;55.6;499;34.7;32;35.7;27.8;22.1;344.4444444;150;711.1111111;1.6
17569800;16;12;0;0;17.8;13.5;24.5;20.3;53.9;499;36.2;33.7;36.9;28.2;22.1;344.4444444;150;711.1111111;1.6
17570700;16;14;0;0;17.8;15.4;24.8;20.2;53;499;37.5;35.3;37.7;28.5;22.1;344.4444444;150;711.1111111;1.6
17571600;16;16;1;2;17.8;17.2;25.1;21.4;51.4;619.2;39.1;36.9;38.8;29.7;23.8;350;161.1111111;800;2.1
17572500;15;13;0;0;16.4;15;25.6;21.7;49.6;649.2;36.7;35.1;36.5;31.1;23.8;350;161.1111111;800;2.1
17573400;16;13;0;0;17.4;14.6;25.8;22;48.9;650.6;38.8;36;37.4;30.7;23.8;350;161.1111111;800;2.1
17574300;16;12;0;0;17.5;14.2;26.4;22.2;47.6;651.8;41.2;38.2;38.6;31.3;23.8;350;161.1111111;800;2.1
17575200;15;13;1;2;16.5;14.9;26.7;23.2;46.6;761.4;42.6;40.6;40.7;33.8;24.5;355.5555556;175;850;2.4
17576100;15;13;0;0;16.4;13.9;26.9;23.4;45.7;778.3;40;37.7;39;33.5;24.5;355.5555556;175;850;2.4
17577000;15;12;0;0;17;13.8;27.1;23.3;44.9;772.6;42.9;40.2;40.1;34.1;24.5;355.5555556;175;850;2.4
17577900;15;12;0;0;17.3;13.8;27.4;23.3;43.4;767.6;44.9;42.5;41.1;34.6;24.5;355.5555556;175;850;2.4
17578800;14;13;1;1;15.7;14.7;27.4;24.1;43.6;796.3;45.3;44.3;42.7;37;25.2;363.8888889;200;852.7777778;2.4
17579700;15;14;0;0;16.4;15.2;27.8;24.4;42.8;806.7;42.7;40.9;40.7;35.8;25.2;363.8888889;200;852.7777778;2.4
17580600;15;13;0;0;17;15.1;27.9;24.7;43.3;806.7;45.1;43;41.3;36.7;25.2;363.8888889;200;852.7777778;2.4
17581500;15;12;0;0;17;14.4;28.2;24.9;42.7;806.7;46.3;44.6;42;37.1;25.2;363.8888889;200;852.7777778;2.4
17582400;14;12;0;0;16.9;14.2;28.2;25.5;42.5;816.4;46.5;45.3;42.3;37.4;26.7;363.8888889;177.7777778;780.5555556;1.8
17583300;14;13;1;2;16;14.5;28.8;25.6;40.2;817.9;43.3;42.9;41.1;38.5;26.7;363.8888889;177.7777778;780.5555556;1.8
17584200;15;12;0;0;17;13.9;29.2;25.4;40.1;817.9;44.4;42.3;41;37.7;26.7;363.8888889;177.7777778;780.5555556;1.8
17585100;15;12;0;0;17.3;13.9;29.5;25.3;38.7;817.9;46.6;44.3;41.8;38.2;26.7;363.8888889;177.7777778;780.5555556;1.8
17586000;14;12;0;0;17.3;13.9;29.2;26;39.5;805.2;47.3;45.4;41.9;38.5;27.3;363.8888889;152.7777778;713.8888889;0.7
17586900;14;13;1;0;15.6;14.3;29.6;26.1;37.9;803.2;45;44.3;41.6;39.4;27.3;363.8888889;152.7777778;713.8888889;0.7
17587800;15;14;0;0;17.2;14.7;29.8;26;36.1;803.2;45.1;43.2;41.4;38.6;27.3;363.8888889;152.7777778;713.8888889;0.7
17588700;15;14;0;0;17.5;15.5;29.9;26;36;803.2;46.6;44.5;42;39.2;27.3;363.8888889;152.7777778;713.8888889;0.7
17589600;14;14;0;0;17.5;15.3;29.8;26.4;37.3;729.9;47.1;44.9;42;39.4;27.4;366.6666667;136.1111111;594.4444444;0.9
17590500;14;13;0;1;16.2;14.8;29.9;26.5;36.5;718.6;44.6;44.2;41.1;39.6;27.4;366.6666667;136.1111111;594.4444444;0.9
17591400;15;13;0;0;17.4;14.1;30;26.9;35.8;718.6;43.7;43;40.5;38.8;27.4;366.6666667;136.1111111;594.4444444;0.9
17592300;15;13;0;0;17.4;14.1;30;27.2;36.3;718.6;44.5;43.7;41.1;39.3;27.4;366.6666667;136.1111111;594.4444444;0.9
17593200;15;13;0;0;17.8;14.1;30.4;27.3;35.5;590.6;44.7;44.2;41.5;39.4;27.3;366.6666667;133.3333333;425;0.8
17594100;15;12;0;0;17.9;14.1;30.3;27.3;34.2;570.9;44.6;44.3;41.7;39.5;27.3;366.6666667;133.3333333;425;0.8
17595000;15;12;0;0;17.9;14.1;30.5;27.4;34.1;570.9;44.3;44.1;41.9;39.5;27.3;366.6666667;133.3333333;425;0.8
17595900;15;13;1;0;16.9;14.7;30.4;27.5;34.7;570.9;43.6;44;41.6;39.9;27.3;366.6666667;133.3333333;425;0.8
17596800;16;14;0;0;17.6;14.9;30.3;27.4;34.6;458.8;40.6;41.3;39.1;38.2;27.1;363.8888889;102.7777778;261.1111111;0.8
17597700;15;14;0;0;18;15.4;30.5;27.4;34.3;441.6;40.5;40.9;39.4;38.8;27.1;363.8888889;102.7777778;261.1111111;0.8
17598600;14;13;0;0;18;15.4;31.5;27.4;33.1;441.6;40.1;40.8;39.4;38.9;27.1;363.8888889;102.7777778;261.1111111;0.8
17599500;14;14;0;0;18;15.4;33.6;27.4;29.3;441.6;39.4;40.6;39.1;39;27.1;363.8888889;102.7777778;261.1111111;0.8
17600400;14;14;0;0;18;15.4;33.7;26.9;29.6;295;38.5;40.2;38.5;39.1;26.2;361.1111111;61.11111111;116.6666667;0.6
17601300;14;14;0;0;18.2;15.4;33.7;26.8;29.5;272.4;37.5;39.6;37.8;39.2;26.2;361.1111111;61.11111111;116.6666667;0.6
17602200;14;14;0;0;18.5;15.4;32.6;26.8;31.1;272.4;36.6;39.1;37.3;39.1;26.2;361.1111111;61.11111111;116.6666667;0.6
17603100;14;14;0;0;18.5;15.8;29.4;26.8;37;272.4;35.7;38.5;36.7;39.1;26.2;361.1111111;61.11111111;116.6666667;0.6
17604000;14;15;0;0;18.1;16.3;28.4;25.9;40;155.1;35;37.9;36;38.9;24.5;358.3333333;11.11111111;13.88888889;1
17604900;16;16;0;0;18.8;17.2;27.7;25.8;43;137.1;34.2;37;35.3;38;24.5;358.3333333;11.11111111;13.88888889;1
17605800;16;15;0;0;18.9;17.1;26.9;26;44.4;135.6;33.4;35.9;34.7;37.8;24.5;358.3333333;11.11111111;13.88888889;1
17606700;16;12;0;0;18.9;15.1;26.2;26.2;46.1;134.3;32.7;35;34;37.5;24.5;358.3333333;11.11111111;13.88888889;1
17607600;16;12;0;0;18.9;14.3;25.5;25.1;49.1;48.9;32;34.2;33.5;37.1;23;355.5555556;0;0;1.3
17608500;16;12;0;0;19.1;13.9;24.9;24.9;52;35.8;31.5;33.5;32.9;36.7;23;355.5555556;0;0;1.3
17609400;16;12;0;0;19.4;13.8;24.4;24.9;54.4;35.8;31;32.8;32.4;36.3;23;355.5555556;0;0;1.3
17610300;16;11;0;0;19.4;13.4;24;25;56.9;35.8;30.5;32.2;31.9;35.9;23;355.5555556;0;0;1.3
17611200;16;12;0;0;19.8;13.4;23.6;23.8;58.9;7.4;30.1;31.5;31.5;35.5;22.4;352.7777778;0;0;1.4
17612100;17;12;0;0;19.9;13.7;23.3;23.5;59.9;0.3;29.6;31;31.1;35;22.4;352.7777778;0;0;1.4
17613000;17;14;0;0;20.2;14.8;23;23.4;60.6;0.3;29.3;30.4;30.7;34.6;22.4;352.7777778;0;0;1.4
17613900;17;16;0;0;20.4;17;22.8;23.2;61.1;0.3;28.8;29.9;30.2;34.1;22.4;352.7777778;0;0;1.4
17614800;17;16;0;0;20.4;17;22.5;22.4;62.5;0.1;28.4;29.5;29.8;33.7;21.8;347.2222222;0;0;1.1
17615700;17;16;0;0;20.6;17;22.3;22.2;62.9;0;28.1;29.1;29.5;33.5;21.8;347.2222222;0;0;1.1
17616600;17;16;0;0;20.9;17;21.9;22.2;63.8;0;27.7;28.7;29.2;33.1;21.8;347.2222222;0;0;1.1
17617500;17.5;16;0;0;21.05;17.2;21.7;21.25;64.95;0;27.35;28.25;28.9;32.8;21.8;347.2222222;0;0;1.1
17618400;18;16;0;0;21.2;17.4;21.5;20.3;66.1;0;27;27.8;28.6;32.5;19.6;344.4444444;0;0;0.9
17619300;18;16;0;0;21.4;17.5;21.3;19.8;66.4;0;26.7;27.4;28.3;32.1;19.6;344.4444444;0;0;0.9
17620200;18;17;0;0;21.4;17.8;21.1;19.8;67.7;0;26.4;27;28;31.8;19.6;344.4444444;0;0;0.9
17621100;18;17;0;0;21.6;18;20.9;19.8;68.3;0;26.1;26.7;27.7;31.5;19.6;344.4444444;0;0;0.9
17622000;19;19;0;0;21.9;19.7;20.8;19;68.5;0;25.7;26.2;27.4;31.2;19;350;0;0;1.3
17622900;19;19;0;0;21.9;20;20.6;18.8;69;0;25.3;25.8;27.1;31;19;350;0;0;1.3
17623800;19;18;0;0;22.1;20;20.6;18.8;69.6;0;25.1;25.6;26.9;30.8;19;350;0;0;1.3
17624700;19;18;0;0;22.4;20;20.4;18.8;70.9;0;24.9;25.3;26.7;30.6;19;350;0;0;1.3
17625600;19;18;0;0;22.4;20;20.4;17.9;71.3;0;24.7;24.9;26.5;30.4;18.1;347.2222222;0;0;2
17626500;19;19;0;0;22.5;20;20.3;17.6;72;0;24.4;24.6;26.4;30.2;18.1;347.2222222;0;0;2
17627400;20;19;0;0;22.9;20;20.3;17.6;72.2;0;24.2;24.2;26.2;30;18.1;347.2222222;0;0;2
17628300;20;19;0;0;22.2;20.3;20.2;17.6;72.7;0;23.3;23.2;25.3;29.7;18.1;347.2222222;0;0;2
17629200;19;17;0;0;20.2;21.3;20;17.9;73.7;0;20.9;20.6;23;29.5;17.2;352.7777778;0;0;3.3
17630100;18;18;0;0;19.9;21.9;20;18;74;0;21.2;19;26.8;29.4;17.2;352.7777778;0;0;3.3
17631000;18;17;0;0;19.7;20.6;19.9;18.3;74.7;0;19.9;18.5;24.5;29.1;17.2;352.7777778;0;0;3.3
17631900;16;18;0;0;18;21.4;19.8;18.4;74.9;0;19.1;18.3;21.3;29.2;17.2;352.7777778;0;0;3.3
17632800;16;16;0;0;16.4;20.7;19.8;17.8;75;0;18.7;18.2;20.2;28.6;18;369.4444444;0;0;3
17633700;16;14;0;0;16.9;17.3;19.9;17.8;75.4;0;18.6;18.2;20.5;27.4;18;369.4444444;0;0;3
17634600;16;15;0;0;17.2;17;20.1;17.6;74.6;0;18.7;18.2;22.8;27.1;18;369.4444444;0;0;3
17635500;16;15;0;0;17.4;17;20.2;17.5;74.5;0;18.9;18.3;21.5;26.8;18;369.4444444;0;0;3
17636400;16;16;0;0;17.7;17;20.2;17.2;74.3;0;19.1;18.3;20.8;25.2;17.3;366.6666667;16.66666667;19.44444444;4.6
17637300;16;16;0;0;18.5;17.2;20.3;17.2;73.9;0;19.4;18.4;20.7;23.3;17.3;366.6666667;16.66666667;19.44444444;4.6
17638200;17;16;0;0;19.2;17.5;20.4;17;73.8;0;19.5;18.5;20.5;23.5;17.3;366.6666667;16.66666667;19.44444444;4.6
17639100;17;18;0;0;19.2;19.1;20.4;16.9;73.6;0;19.7;18.6;20.3;22.3;17.3;366.6666667;16.66666667;19.44444444;4.6
17640000;17;19;0;0;19.2;19.5;20.4;16.8;73.6;0.5;19.7;18.7;20;20.9;17.6;366.6666667;36.11111111;36.11111111;4.3
17640900;17;18;0;0;18.8;19.5;20.5;16.8;73;0.6;19.8;18.8;19.8;20.5;17.6;366.6666667;36.11111111;36.11111111;4.3
17641800;17;18;0;0;18.7;19.5;20.8;17.2;71.5;0.6;20.1;18.9;19.8;20.5;17.6;366.6666667;36.11111111;36.11111111;4.3
17642700;17;18;0;0;18.7;19.5;21;17.8;71.9;0.6;20.3;19.2;19.8;20.6;17.6;366.6666667;36.11111111;36.11111111;4.3
17643600;17;18;0;0;18.7;19.5;21.1;18;71.4;26.4;20.4;19.3;19.9;20.7;18.7;383.3333333;108.3333333;108.3333333;4.6
17644500;17;18;0;0;18.7;19.5;21.1;18.1;71.6;35.8;20.6;19.6;20.1;20.8;18.7;383.3333333;108.3333333;108.3333333;4.6
17645400;18;18;0;0;19.2;19.5;21.8;17.9;69.2;35.8;21.1;20.1;20.5;20.8;18.7;383.3333333;108.3333333;108.3333333;4.6
17646300;18;19;0;0;19.2;19.5;22.5;17.6;65;35.8;22;20.9;21;21;18.7;383.3333333;108.3333333;108.3333333;4.6
17647200;18;20;0;0;19.3;20;22.8;18.3;64.5;101.4;22.7;21.6;21.6;21.1;20;391.6666667;150;155.5555556;3.7
17648100;18;20;0;0;19.7;21;22.9;18.5;64.8;125.3;23;21.9;22;21.2;20;391.6666667;150;155.5555556;3.7
17649000;18;21;0;0;19.7;21.4;23.1;18.5;65.9;125.4;23.1;22;22.2;21.3;20;391.6666667;150;155.5555556;3.7
17649900;19;19;0;0;20;20.8;23.8;18.5;62.2;125.6;23.6;22.6;22.7;21.3;20;391.6666667;150;155.5555556;3.7
17650800;19;14;0;0;20.2;16.8;24;19.3;61;179.1;24.2;23.2;23.2;21.5;20.7;397.2222222;116.6666667;116.6666667;2.3
17651700;19;12;0;0;20.2;14.6;24.1;19.6;60.6;198.6;24.7;23.5;23.7;21.6;20.7;397.2222222;116.6666667;116.6666667;2.3
17652600;19;12;0;0;20.2;13.8;24.4;19.7;61.1;198.6;25;23.8;24.2;21.7;20.7;397.2222222;116.6666667;116.6666667;2.3
17653500;19;12;0;0;20.6;13.5;25;19.8;60.3;198.6;25.5;24.3;24.7;21.9;20.7;397.2222222;116.6666667;116.6666667;2.3
17654400;19;11;0;0;20.7;13.5;24.8;20.7;60.2;280.3;25.7;24.6;25;22;21.2;380.5555556;313.8888889;452.7777778;3
17655300;19;11;0;0;20.7;13;24.5;21;61.6;310;25.7;24.8;25.1;22.1;21.2;380.5555556;313.8888889;452.7777778;3
17656200;15;15;0;1;16;16.4;24.6;21.1;60.9;310;25.8;25.3;25.5;22.9;21.2;380.5555556;313.8888889;452.7777778;3
17657100;14;16;0;0;16.5;16.7;25.2;21.2;58;310;26;25.6;25.8;23.1;21.2;380.5555556;313.8888889;452.7777778;3
17658000;16;16;0;0;17.9;17.3;26.2;21.9;56;369.5;27.3;26.4;27;23.1;24;377.7777778;352.7777778;658.3333333;2.7
17658900;16;14;0;0;18.5;16.1;27;22.2;53.1;391.1;29.8;28.2;29;23.3;24;377.7777778;352.7777778;658.3333333;2.7
17659800;17;13;0;0;19;14.9;27.8;22;52.2;395.9;32.3;30.4;30.8;23.8;24;377.7777778;352.7777778;658.3333333;2.7
17660700;15;14;1;0;17.4;15.7;28.3;21.6;50.8;403;34.8;33;33.3;26.1;24;377.7777778;352.7777778;658.3333333;2.7
17661600;15;13;0;0;17.1;14.2;28;22.4;50.1;452.9;33.6;32.5;32.6;26.6;26;394.4444444;408.3333333;700;1.6
17662500;16;12;0;0;18.1;14.2;29.1;22.7;49.2;471;35.4;33.6;33.9;26.6;26;394.4444444;408.3333333;700;1.6
17663400;16;12;0;0;18.3;14.2;30;22.5;43.9;475.9;37.4;35.5;35.7;27.3;26;394.4444444;408.3333333;700;1.6
17664300;16;12;0;0;18.7;14.2;30.1;22.2;43.4;483.2;39.2;37.3;37.4;27.8;26;394.4444444;408.3333333;700;1.6
17665200;17;13;0;0;19;14.3;30.6;22.9;43.5;470.7;40.8;39;38.8;28.2;25.8;397.2222222;322.2222222;497.2222222;2.3
17666100;17;15;0;0;19.2;16.1;31.2;23.2;42;466.2;41.5;40;39.5;28.7;25.8;397.2222222;322.2222222;497.2222222;2.3
17667000;16;14;0;0;19.2;15.6;30.3;23.9;40.6;466.2;40.9;39.6;39.4;28.8;25.8;397.2222222;322.2222222;497.2222222;2.3
17667900;16;12;0;0;19.2;14.3;29.8;24.9;42.3;466.2;39.7;38.6;38.7;28.8;25.8;397.2222222;322.2222222;497.2222222;2.3
17668800;17;12;0;0;19.5;14.2;30.5;25.3;41.2;489.3;39.3;38.5;38.6;29.1;27;405.5555556;308.3333333;394.4444444;3.4
17669700;17;12;0;0;19.7;14.2;30.5;25.5;41.8;497.7;40.7;39.5;39.3;29.4;27;405.5555556;308.3333333;394.4444444;3.4
17670600;17;12;0;0;20;14.2;31.1;26;41.4;497.7;41.3;40.1;39.5;29.7;27;405.5555556;308.3333333;394.4444444;3.4
17671500;18;12;0;0;20.2;14.1;31;26.7;39;497.7;42.2;40.9;40;30.1;27;405.5555556;308.3333333;394.4444444;3.4
17672400;17;12;0;0;20.2;13.7;30.1;26.8;40.3;505.3;41.5;40.5;39.3;30.2;26.9;394.4444444;294.4444444;552.7777778;1.6
17673300;17;12;0;0;20.2;13.4;29.5;26.9;42.4;508;40;39.3;38.3;30.2;26.9;394.4444444;294.4444444;552.7777778;1.6
17674200;17;15;0;0;20.4;14.9;29.7;26.7;42.7;508;38.8;38.4;37.6;30.2;26.9;394.4444444;294.4444444;552.7777778;1.6
17675100;18;15;0;0;20.7;15.8;30.5;26.3;42.5;508;38.9;38.4;37.8;30.5;26.9;394.4444444;294.4444444;552.7777778;1.6
17676000;18;13;0;0;21.1;15.2;30.8;26.1;41.5;471.3;40.1;39;38.5;30.8;27.4;388.8888889;208.3333333;402.7777778;1.5
17676900;19;12;0;0;21.2;14.3;31.1;26;40.1;458;41.2;39.8;39.2;31;27.4;388.8888889;208.3333333;402.7777778;1.5
17677800;20;13;0;0;21.7;14.3;31.1;26.5;39.5;458;41.9;40.5;39.9;31.4;27.4;388.8888889;208.3333333;402.7777778;1.5
17678700;20;13;0;0;22;14.3;30.7;26.9;40;458;42.7;41.3;40.6;31.9;27.4;388.8888889;208.3333333;402.7777778;1.5
17679600;20;13;0;0;22.2;14.7;31.2;26.4;38.9;312.4;43.3;41.9;41.3;32.3;26.2;397.2222222;188.8888889;213.8888889;3
17680500;19;14;0;0;22.2;14.8;31.4;26.4;39.1;302;43.4;42.3;41.4;32.8;26.2;397.2222222;188.8888889;213.8888889;3
17681400;18;14;0;0;22.2;15.2;30.8;26.5;42.1;302;42.9;42.2;41.2;33.1;26.2;397.2222222;188.8888889;213.8888889;3
17682300;18;15;0;0;22.2;15.7;30.4;26.7;43.1;302;41.9;41.5;40.4;33.2;26.2;397.2222222;188.8888889;213.8888889;3
17683200;18;17;0;0;21.8;17.7;29.9;26.2;43.8;252.3;40.7;40.2;39.3;33.2;25.6;400;66.66666667;66.66666667;2.5
17684100;17;17;0;0;20.3;18;29.1;26;46.7;234.2;39.1;39.1;37.9;33.3;25.6;400;66.66666667;66.66666667;2.5
17685000;18;14;0;0;21.2;15.7;28.9;26.7;48.3;234.2;37.2;37.4;36.2;32.6;25.6;400;66.66666667;66.66666667;2.5
17685900;18;12;0;0;21.2;14.3;28.4;27.1;48;234.2;36.4;36.7;35.5;32.8;25.6;400;66.66666667;66.66666667;2.5
17686800;18;11;0;0;21.2;13.5;28;26.4;48.5;144.9;35.5;35.8;34.7;32.7;24.8;405.5555556;25;25;2.7
17687700;18;11;0;0;21.3;13.4;27.8;26.3;49.2;138.5;34.6;35.1;34.1;32.6;24.8;405.5555556;25;25;2.7
17688600;18;11;0;0;21.7;13.4;27.6;26.1;51;138.5;33.8;34.4;33.5;32.5;24.8;405.5555556;25;25;2.7
17689500;18;11;0;0;21.7;13;27.5;25.8;50.4;138.5;33.2;33.9;32.9;32.4;24.8;405.5555556;25;25;2.7
17690400;19;11;0;0;21.9;12.9;27.2;24.7;51.7;84.7;32.5;33.3;32.4;32.2;22;408.3333333;0;0;2.4
17691300;19;15;0;0;22.2;15.7;26.8;24.6;54.3;80.9;31.9;32.7;31.8;32.1;22;408.3333333;0;0;2.4
17692200;18;15;0;0;22.2;16.5;26.3;24.7;60;82.5;30.9;31.6;30.8;31.8;22;408.3333333;0;0;2.4
17693100;17;15;0;0;21.8;16.5;23.6;24.9;78.8;84.9;28.9;29.3;29;31.4;22;408.3333333;0;0;2.4
17694000;17;15;0;0;21.7;16.5;21.3;23.9;86;20.8;27.1;27.7;27.6;31;17.6;386.1111111;0;0;1.3
17694900;18;15;0;0;22.1;16.5;20.8;23.9;87.2;20.8;26.3;27;27;30.6;17.6;386.1111111;0;0;1.3
17695800;18;15;0;0;22.2;16.6;20.9;23.9;88.3;20.8;25.7;26.4;26.5;30.1;17.6;386.1111111;0;0;1.3
17696700;18;16;0;0;22.6;17;20.6;24;88.6;20.8;25;25.5;25.8;29.7;17.6;386.1111111;0;0;1.3
17697600;18;16;0;0;22.7;17.1;20;22.8;90.4;0.2;24.4;24.8;25.4;29.3;17.4;358.3333333;0;0;1.1
17698500;18;16;0;0;22.7;17.5;19.7;22.8;90.7;0.2;24.2;24.2;25.2;28.8;17.4;358.3333333;0;0;1.1
17699400;19;17;0;0;23.1;18.2;19.8;21.7;90.8;0.2;24.1;23.5;25.1;28.5;17.4;358.3333333;0;0;1.1
17700300;19;19;0;0;23.2;19.5;19.9;21;90.8;0.2;24.1;22.2;25.3;28.1;17.4;358.3333333;0;0;1.1
17701200;19;18;0;0;23.4;19.5;20;20.5;90.8;0;25.3;20.8;25.8;27.6;17.8;375;0;0;1.2
17702100;19;18;0;0;23.8;19.5;20.1;20.5;90.8;0;26.1;19.7;24.8;27.6;17.8;375;0;0;1.2
17703000;20;18;0;0;24.2;19.5;20.2;18.7;90.8;0;25.6;19.5;24.6;27.4;17.8;375;0;0;1.2
17703900;20;18;0;0;23.65;19.4;20.4;18.9;90.8;0;25.2;19.65;23.7;27.05;17.8;375;0;0;1.2
17704800;20;18;0;0;23.1;19.3;20.6;19.1;90.8;0;24.8;19.8;22.8;26.7;18;380.5555556;0;0;0.8
17705700;19;15;0;0;20.5;17.6;20.8;19.8;90.5;0;23.2;20.1;22.1;27;18;380.5555556;0;0;0.8
17706600;19;12;0;0;20;14.5;20.8;19.8;90.3;0;22;20.1;21.6;27;18;380.5555556;0;0;0.8
17707500;19;11;0;0;20;13.6;20.8;19.8;90;0;21.6;20.1;21.4;26.9;18;380.5555556;0;0;0.8
17708400;19;15;0;0;20;15.8;20.6;19.1;89.4;0;21.3;20;21.3;26.8;17.9;377.7777778;0;0;1.2
17709300;19;14;0;0;20;15.9;20.6;18.8;89.8;0;21.2;20;21.3;26.7;17.9;377.7777778;0;0;1.2
17710200;19;11;0;0;20;14.1;20.8;18.8;89.8;0;21.2;20;21.2;26.6;17.9;377.7777778;0;0;1.2
17711100;19;12;0;0;20;13.6;20.8;18.8;89.8;0;21.1;20;21.2;26.5;17.9;377.7777778;0;0;1.2
17712000;19;12;0;0;20;14;20.7;17.9;90.1;0;21.1;19.9;21.1;26.4;18.3;388.8888889;0;0;1.3
17712900;19;13;0;0;20;14.4;20.9;17.6;90.2;0;21.2;19.9;21.1;26.2;18.3;388.8888889;0;0;1.3
17713800;19;13;0;0;20;14.7;21;17.6;89.8;0;21.3;19.9;21.2;26;18.3;388.8888889;0;0;1.3
17714700;19;14;0;0;20;15.1;21;17.6;89.8;0;21.4;19.9;21.3;25.7;18.3;388.8888889;0;0;1.3
17715600;19;14;0;0;20;15.5;21;17.6;89.8;0;21.4;19.9;21.4;25.5;18.2;386.1111111;0;0;1
17716500;19;15;0;0;20;16.5;21;17.6;89.7;0;21.4;19.9;21.4;25.3;18.2;386.1111111;0;0;1
17717400;19;17;0;0;20;18.1;20.6;17.6;90.4;0;21.4;19.9;21.4;25.3;18.2;386.1111111;0;0;1
17718300;19;17;0;0;20;18.1;20.6;17.6;90.8;0;21.4;19.9;21.4;25.3;18.2;386.1111111;0;0;1
17719200;19;17;0;0;20;18.1;20.5;17.5;90.6;0;21.4;19.8;21.3;25.3;17.9;388.8888889;0;0;0.8
17720100;17;17;20;88;17.5;18.2;20.2;17.5;90.3;0;20.6;19.6;20.6;23;17.9;388.8888889;0;0;0.8
17721000;14;15;43;77;14.7;16.3;20.4;17.8;90.8;0;17.7;17.5;17.8;17.6;17.9;388.8888889;0;0;0.8
17721900;13;14;43;63;14.4;15.4;20.5;18.1;90.8;0;17.1;17;17.3;16.5;17.9;388.8888889;0;0;0.8
17722800;13;14;43;59;14;15.2;20.4;18.1;90.4;0;17.1;16.9;17.2;16.4;17.8;361.1111111;8.333333333;8.333333333;1.7
17723700;13;14;43;59;13.9;15.2;20.4;18.1;90.7;0;17.1;16.9;17.2;16.3;17.8;361.1111111;8.333333333;8.333333333;1.7
17724600;13;14;2;4;13.9;15.2;20.3;18.1;90.6;0;17.2;17;17.4;16.3;17.8;361.1111111;8.333333333;8.333333333;1.7
17725500;13;16;20;55;13.7;16.5;20;18.1;90.6;0;17.5;17.3;17.7;16.7;17.8;361.1111111;8.333333333;8.333333333;1.7
17726400;13;14;3;7;14;15.2;19.8;17.9;90.8;0.2;17;16.8;17.1;16.4;17.9;394.4444444;27.77777778;27.77777778;2.3
17727300;13;15;28;62;13.8;15.5;20.1;17.8;90.8;0.3;17.5;17.2;17.7;16.8;17.9;394.4444444;27.77777778;27.77777778;2.3
17728200;13;14;22;43;13.8;14.9;20.4;17.7;90.1;0.3;16.8;16.6;17;16.2;17.9;394.4444444;27.77777778;27.77777778;2.3
17729100;13;14;0;0;14;14.7;20.5;17.6;89.7;0.3;17.2;17.1;17.4;16.2;17.9;394.4444444;27.77777778;27.77777778;2.3
17730000;13;14;29;73;13.8;15.4;20.7;17.6;89.8;29.5;17.5;17.3;17.7;16.8;18.1;397.2222222;63.88888889;63.88888889;2
17730900;13;14;0;0;14.3;15.2;21;17.6;89.6;29.5;17.6;17.5;17.8;16.6;18.1;397.2222222;63.88888889;63.88888889;2
17731800;13;15;29;77;14.3;15.8;21.1;17.7;89.8;29.5;17.7;17.7;18;17;18.1;397.2222222;63.88888889;63.88888889;2
17732700;13;15;0;0;14.5;15.7;21.4;17.8;89.6;29.5;17.6;17.6;17.9;16.6;18.1;397.2222222;63.88888889;63.88888889;2
17733600;13;15;30;85;14.2;16.2;21.5;18.3;89.2;112.2;18.2;18;18.4;17.3;19;386.1111111;294.4444444;363.8888889;1.8
17734500;13;15;43;79;14.4;16.2;21.9;18.3;88.7;118.1;17.9;17.8;18.1;17.2;19;386.1111111;294.4444444;363.8888889;1.8
17735400;13;15;43;83;14.4;16.2;22.2;18.4;87.9;119.9;18.1;17.9;18.3;17.3;19;386.1111111;294.4444444;363.8888889;1.8
17736300;13;16;43;119;14.5;16.8;22.7;18.5;86.8;121.5;19.3;19.2;19.4;18.4;19;386.1111111;294.4444444;363.8888889;1.8
17737200;14;17;43;157;15;18.2;23.9;19.2;80.8;215;20.6;20.7;20.7;19.5;20.4;372.2222222;263.8888889;294.4444444;1.4
17738100;15;18;40;157;15.5;19.1;24.4;19.3;71.2;229.4;21.2;21.3;21.3;19.8;20.4;372.2222222;263.8888889;294.4444444;1.4
17739000;15;18;36;164;15.7;19.2;24.4;19.1;70.8;229.4;21;21.1;21.1;19.8;20.4;372.2222222;263.8888889;294.4444444;1.4
17739900;14;17;43;133;15.3;18.3;24.6;18.9;70;229.4;20.1;20.1;20.2;19.1;20.4;372.2222222;263.8888889;294.4444444;1.4
17740800;15;18;29;60;16.5;18.2;24.7;19.6;68.7;324.3;20.6;20.6;20.7;19.5;20.6;400;158.3333333;158.3333333;2.6
17741700;17;19;33;59;18;19.4;24.8;19.8;68.9;348;22;22;22.1;20.8;20.6;400;158.3333333;158.3333333;2.6
17742600;18;19;33;57;18.8;20.2;25;19.8;67.2;348;22.3;22.3;22.4;21.2;20.6;400;158.3333333;158.3333333;2.6
17743500;18;19;33;56;18.8;20.2;25;19.8;66.7;348;22.4;22.3;22.5;21.4;20.6;400;158.3333333;158.3333333;2.6
17744400;18;19;33;57;18.8;20.2;25.3;20.9;66.8;451.1;22.4;22.4;22.6;21.5;20.8;400;155.5555556;155.5555556;3
17745300;18;19;33;55;18.8;20.2;24.9;20.9;66.3;451.1;22.2;22.2;22.4;21.3;20.8;400;155.5555556;155.5555556;3
17746200;18;19;33;57;18.8;20.2;25.4;21.2;66.3;454.1;22.4;22.3;22.6;21.5;20.8;400;155.5555556;155.5555556;3
17747100;18;19;33;55;18.8;20.2;25.3;21.4;68.1;456.1;22;21.9;22.2;21.1;20.8;400;155.5555556;155.5555556;3
17748000;16;18;39;112;16.7;19.3;24.6;22.2;69.5;545;20.9;20.8;21;20.2;19.4;400;138.8888889;138.8888889;1.9
17748900;14;17;39;117;15.2;17.8;23.8;22.3;72.8;551.4;19.4;19.4;19.6;18.7;19.4;400;138.8888889;138.8888889;1.9
17749800;14;16;36;90;14.8;17;22.7;21.8;78.9;525.7;18.7;18.7;19;18;19.4;400;138.8888889;138.8888889;1.9
17750700;14;16;33;57;15.3;16.7;22.5;21.4;82.9;503.3;19;18.9;19.1;18.2;19.4;400;138.8888889;138.8888889;1.9
17751600;14;16;38;102;14.8;16.7;22.4;22;88.1;531.9;19;18.9;19.2;18.3;19.9;386.1111111;213.8888889;216.6666667;1.4
17752500;13;16;39;114;14.3;16.7;22.6;22.1;89;536.3;18.8;18.7;18.9;18.1;19.9;386.1111111;213.8888889;216.6666667;1.4
17753400;13;16;39;115;14.3;16.8;23.4;21.8;86.8;536.3;19.1;19;19.2;18.3;19.9;386.1111111;213.8888889;216.6666667;1.4
17754300;14;17;34;106;15.2;17.2;23.9;21.4;84.1;536.3;19.5;19.5;19.6;18.6;19.9;386.1111111;213.8888889;216.6666667;1.4
17755200;14;16;43;137;14.7;17.5;24.1;21.8;83.2;570.9;19.4;19.4;19.6;18.5;19.8;386.1111111;286.1111111;325;1
17756100;14;16;37;88;15.1;17.2;24.1;21.9;81.7;579.6;19;19;19.2;18.2;19.8;386.1111111;286.1111111;325;1
17757000;13;16;39;113;14.6;17.2;23.7;21;79.4;579.6;18.9;18.8;19.1;18.1;19.8;386.1111111;286.1111111;325;1
17757900;13;16;40;111;14.7;16.7;24;19.7;75.8;579.6;18.8;18.8;19;18;19.8;386.1111111;286.1111111;325;1
17758800;14;16;43;121;14.8;16.9;25.1;20.4;70.7;583.6;19.3;19.3;19.4;18.5;20.6;380.5555556;350;375;2.6
17759700;14;18;35;124;15.4;18.1;26;20.4;64.4;583.9;20.6;20.6;20.8;19.7;20.6;380.5555556;350;375;2.6
17760600;17;18;33;61;17.7;19.3;25.9;20.3;64.8;583.9;21.6;21.6;21.7;20.5;20.6;380.5555556;350;375;2.6
17761500;18;19;33;61;18.7;20.1;26;20.2;65.3;583.9;22.5;22.5;22.7;21.5;20.6;380.5555556;350;375;2.6
17762400;19;20;33;63;19.5;21;26.3;20.4;64;501.2;23.4;23.4;23.6;22.5;21.8;380.5555556;294.4444444;433.3333333;2.9
17763300;20;21;33;66;20.5;22.1;26.5;20.4;63.7;495.3;24.5;24.6;24.7;23.5;21.8;380.5555556;294.4444444;433.3333333;2.9
17764200;20;22;33;65;21;22.7;26.6;20;63.7;495.3;25;25;25.2;24;21.8;380.5555556;294.4444444;433.3333333;2.9
17765100;20;22;33;67;21.5;23.1;26.6;19.7;63.3;495.3;25.4;25.4;25.6;24.4;21.8;380.5555556;294.4444444;433.3333333;2.9
17766000;17;23;39;278;17.5;23.3;26.6;20.1;60.9;410.6;25.2;25.2;25.3;24.3;22.7;352.7777778;122.2222222;447.2222222;2.6
17766900;16;21;17;99;17.2;22.2;26.4;20.1;60.8;404.5;24.2;24.6;24.6;22.8;22.7;352.7777778;122.2222222;447.2222222;2.6
17767800;16;20;0;0;17.2;22.2;26.5;20.4;57.5;404.5;24.5;26.3;26.3;22.9;22.7;352.7777778;122.2222222;447.2222222;2.6
17768700;16;21;0;0;17.2;22.2;26.2;20.6;55.6;404.5;25.9;27.8;27.9;23;22.7;352.7777778;122.2222222;447.2222222;2.6
17769600;16;22;0;0;17.2;22.7;26.5;20.5;55.7;294.3;27.3;28.9;29.1;23.3;22.2;372.2222222;127.7777778;169.4444444;1.9
17770500;16;22;0;0;17.7;22.7;26.6;20.5;55.7;286.4;28.2;29.3;30.2;23.6;22.2;372.2222222;127.7777778;169.4444444;1.9
17771400;17;22;0;0;17.7;22.7;26.5;21;55.3;286.4;28.4;29.7;30.4;23.9;22.2;372.2222222;127.7777778;169.4444444;1.9
17772300;17;22;0;0;17.7;22.7;26.2;21.4;54.7;286.4;28.4;29.8;30.3;24.1;22.2;372.2222222;127.7777778;169.4444444;1.9
17773200;17;22;0;0;18.2;22.7;27.8;21.3;53;197;28.3;29.7;30;24.2;22.2;355.5555556;50;83.33333333;2.8
17774100;17;22;0;0;18.2;22.7;27;21.3;54.1;190.6;28.1;29.4;29.8;24.3;22.2;355.5555556;50;83.33333333;2.8
17775000;18;21;0;0;18.8;22.4;27.5;22;53.1;190.6;26.2;27.7;27.4;23.8;22.2;355.5555556;50;83.33333333;2.8
17775900;18;15;0;0;19.2;17.5;25.4;22.4;59.4;190.6;24.9;25.6;25.4;23.4;22.2;355.5555556;50;83.33333333;2.8
17776800;18;13;0;0;19.2;14.7;24.5;21.7;64.7;101.3;24.9;25.4;25.5;23.6;20.6;350;8.333333333;8.333333333;3
17777700;18;15;0;0;19.2;16.5;24;21.6;67.2;94.9;24.8;25.4;25.5;23.7;20.6;350;8.333333333;8.333333333;3
17778600;18;14;0;0;19.7;16.4;23.4;21.5;68.4;95.7;24.6;25.1;25.2;23.8;20.6;350;8.333333333;8.333333333;3
17779500;19;12;0;0;19.7;14.5;23.1;21.4;67.5;96.9;24.3;24.8;25;23.8;20.6;350;8.333333333;8.333333333;3
17780400;19;12;0;0;19.7;13.8;22.8;21;68.4;44.4;24;24.6;24.7;23.8;20.3;363.8888889;0;0;2
17781300;19;12;0;0;19.7;13.8;22.3;20.8;70.9;25.3;23.8;24.3;24.6;23.9;20.3;363.8888889;0;0;2
17782200;19;12;0;0;20.2;13.8;21.9;21.3;72.6;25.3;23.6;24.1;24.5;23.9;20.3;363.8888889;0;0;2
17783100;19;13;0;0;20.2;14;21.5;21.5;74;25.3;23.5;23.9;24.4;23.9;20.3;363.8888889;0;0;2
17784000;19;13;0;0;20.2;14.3;21.6;20.4;74.4;0;23.4;23.8;24.3;23.9;19.9;380.5555556;0;0;2.6
17784900;19;13;0;0;20.4;14.8;21.8;20.4;74.2;0;23.4;23.7;24.3;24;19.9;380.5555556;0;0;2.6
17785800;19;15;0;0;20.7;15.6;21.9;19.9;74.6;0;23.4;23.6;24.2;24;19.9;380.5555556;0;0;2.6
17786700;20;17;0;0;20.7;17.3;22.1;19.5;74.3;0;23.3;23.4;24.2;23.9;19.9;380.5555556;0;0;2.6
17787600;20;16;0;0;20.7;17.8;22.3;19;73.7;0;23.2;23.4;24.1;24;19.9;344.4444444;0;0;2.8
17788500;20;16;0;0;21.2;17.8;22.1;19;71.9;0;23.2;23.4;24;24;19.9;344.4444444;0;0;2.8
17789400;20;16;0;0;21.2;17.8;21.8;19.4;72.2;0;23;23.2;23.9;24;19.9;344.4444444;0;0;2.8
17790300;20;16.5;0;0;21.25;17.8;21.6;19.6;72.85;0;22.9;23.05;23.85;24;19.9;344.4444444;0;0;2.8
17791200;20;17;0;0;21.3;17.8;21.4;19.8;73.5;0;22.8;22.9;23.8;24;18.4;347.2222222;0;0;1.8
17792100;20;17;0;0;21.7;18.1;21.2;19.8;74.3;0;22.6;22.8;23.7;24;18.4;347.2222222;0;0;1.8
17793000;20;17;0;0;21.7;18.3;21;19.8;75.1;0;22.5;22.7;23.6;23.9;18.4;347.2222222;0;0;1.8
17793900;20;17;0;0;21.7;18.3;20.9;19.8;74.9;0;22.3;22.5;23.5;23.9;18.4;347.2222222;0;0;1.8
17794800;20;19;0;0;22;20;20.8;19;75.3;0;22.1;22.1;23.4;23.8;17.9;347.2222222;0;0;1
17795700;20;18;0;0;23.1;20.4;20.7;18.8;76.1;0;20.3;20.6;22.8;23.5;17.9;347.2222222;0;0;1
17796600;20;13;0;0;22.7;16.4;20.4;18.8;76.6;0;19.9;20;25.1;23.9;17.9;347.2222222;0;0;1
17797500;21;12;0;0;22.7;14.4;20.3;18.8;77.3;0;19.5;19.3;25.2;23.7;17.9;347.2222222;0;0;1
17798400;21;13;0;0;22.6;17.1;20.2;18.5;77.9;0;19.2;19;24.1;24;17.2;355.5555556;0;0;1.3
17799300;21;14;0;0;22.2;20.2;20.1;18.5;78.3;0;19;18.8;21.6;24.5;17.2;355.5555556;0;0;1.3
17800200;20;13;0;0;20.4;16.1;20.1;18.5;78.6;0;18.8;18.6;21.4;24.7;17.2;355.5555556;0;0;1.3
17801100;20;12;0;0;19.4;14.4;20;18.5;79;0;18.7;18.6;22.6;24.6;17.2;355.5555556;0;0;1.3
17802000;19;14;0;0;18.8;15.4;19.9;17.4;79;0;18.8;18.4;21.9;23.9;16.6;355.5555556;0;0;2.1
17802900;17;16;17;61;17.1;16.3;19.8;17.2;79;0;19;18.3;20.2;21.2;16.6;355.5555556;0;0;2.1
17803800;14;15;9;17;15.1;16.1;19.8;17.3;79.2;0;17.7;17;17.5;17.3;16.6;355.5555556;0;0;2.1
17804700;14;15;12;29;15;16;19.7;17.3;79.9;0;17.7;17.1;17.6;17.3;16.6;355.5555556;0;0;2.1
17805600;13;14;9;16;14.2;15.5;19.8;17;79.8;0;17.2;16.8;17.2;16.7;16.9;358.3333333;0;0;1.6
17806500;13;14;12;27;14.5;15.5;19.9;17;78.8;0;17.5;17.2;17.6;16.9;16.9;358.3333333;0;0;1.6
17807400;13;14;9;18;14.1;15.5;19.8;16.9;78.6;0;17.2;17;17.2;16.7;16.9;358.3333333;0;0;1.6
17808300;13;15;12;30;14.4;15.5;19.8;16.9;78.5;0;17.5;17.3;17.6;16.9;16.9;358.3333333;0;0;1.6
17809200;13;14;9;17;14.1;15.5;19.9;16.6;78.2;0;17;16.8;17.2;16.6;16.8;363.8888889;8.333333333;8.333333333;2.1
17810100;13;14;12;28;14.4;15.5;19.9;16.6;78;0;17.3;17.1;17.5;16.8;16.8;363.8888889;8.333333333;8.333333333;2.1
17811000;13;14;10;18;14.1;15.2;19.7;16.5;78.3;0;17;16.8;17.2;16.5;16.8;363.8888889;8.333333333;8.333333333;2.1
17811900;13;16;13;28;14.3;16.3;19.7;16.4;78.4;0;17.2;17;17.3;16.6;16.8;363.8888889;8.333333333;8.333333333;2.1
17812800;13;14;10;15;14;15.1;19.7;16.4;78.5;0.2;16.8;16.6;16.9;16.3;16.6;341.6666667;50;50;1.6
17813700;13;14;14;22;14.3;15;19.8;16.4;77.7;0.3;17.1;16.8;17.2;16.4;16.6;341.6666667;50;50;1.6
17814600;13;14;11;16;14;15;19.9;16.6;77.3;0.3;16.8;16.6;17;16.2;16.6;341.6666667;50;50;1.6
17815500;13;14;14;22;14.1;15;20.1;16.9;77.3;0.3;17.1;16.9;17.3;16.4;16.6;341.6666667;50;50;1.6
17816400;13;14;10;15;14;15;20.1;17.1;77.3;26;16.9;16.7;17;16.3;17.4;338.8888889;100;188.8888889;3.4
17817300;12;14;26;69;13.4;14.8;19.9;17.2;77.6;32.4;16.5;16.4;16.7;16;17.4;338.8888889;100;188.8888889;3.4
17818200;13;14;0;0;14.2;14.5;20.1;17.2;77.3;32.4;16.4;16.4;16.7;15.8;17.4;338.8888889;100;188.8888889;3.4
17819100;13;14;26;46;14;15.1;20.4;17.2;76.8;32.4;17.1;17.1;17.4;16.6;17.4;338.8888889;100;188.8888889;3.4
17820000;13;15;0;0;14.1;15.9;21;17.8;74.7;87.8;18.1;17.8;18.3;16.8;20;341.6666667;116.6666667;352.7777778;2.3
17820900;13;17;26;103;14.5;17.4;21.4;18;72.2;107.9;19.7;19.3;19.7;18.5;20;341.6666667;116.6666667;352.7777778;2.3
17821800;14;16;36;98;14.8;17.3;21.8;17.8;71.4;111.8;19.4;19.3;19.6;18.5;20;341.6666667;116.6666667;352.7777778;2.3
17822700;14;17;36;133;15.2;17.7;22.3;17.5;69.4;117.7;20;19.9;20;18.9;20;341.6666667;116.6666667;352.7777778;2.3
17823600;15;17;29;65;16.4;18.1;22.8;18.3;68.1;194.3;20.6;20.6;20.7;19.4;22.2;355.5555556;183.3333333;572.2222222;4
17824500;18;19;33;63;18.5;19.9;23.2;18.6;65.3;222.1;22.7;22.6;22.8;21.3;22.2;355.5555556;183.3333333;572.2222222;4
17825400;19;21;33;67;20.3;21.9;23.5;18.6;63;222.1;24.6;24.6;24.8;23.3;22.2;355.5555556;183.3333333;572.2222222;4
17826300;21;23;32;72;22.2;24;23.9;18.5;63.1;222.1;26.6;26.8;26.9;25.3;22.2;355.5555556;183.3333333;572.2222222;4
17827200;20;25;29;203;20.5;26.1;24.1;19.2;62;316;28.6;29.1;29;27.3;22.5;366.6666667;272.2222222;616.6666667;1.7
17828100;18;24;29;197;20;25.1;24.7;19.5;60.4;350.2;26.5;26.8;26.4;25.4;22.5;366.6666667;272.2222222;616.6666667;1.7
17829000;22;24;31;73;22.8;24.7;25.5;20.1;57;350.2;27.1;27.3;27.3;25.7;22.5;366.6666667;272.2222222;616.6666667;1.7
17829900;18;26;32;305;19.7;26.6;26.4;21;54;350.2;29.1;29.1;29;27.9;22.5;366.6666667;272.2222222;616.6666667;1.7
17830800;17;24;44;335;18.5;25.5;26.5;21.6;53.7;438.2;27.2;27.4;27.2;25.7;23.6;369.4444444;233.3333333;700;1.3
17831700;17;24;44;326;18.2;25;26.8;21.8;53;470.2;27.1;27.2;26.9;25.5;23.6;369.4444444;233.3333333;700;1.3
17832600;17;24;44;334;18.2;25;27.8;22.4;48.2;469.1;27.3;27.5;27.2;25.7;23.6;369.4444444;233.3333333;700;1.3
17833500;17;24;44;337;18.2;25;28.3;23.2;46.5;467.4;27.4;27.7;27.4;26;23.6;369.4444444;233.3333333;700;1.3
17834400;17;25;36;319;18.1;25.4;27.9;23.6;48.5;514;27.3;27.5;27.3;26;23.9;388.8888889;300;386.1111111;2.3
17835300;20;23;37;154;21.1;24.7;27.6;23.8;49.2;531;26.7;27;26.8;25.4;23.9;388.8888889;300;386.1111111;2.3
17836200;20;26;29;187;21;26.3;28.5;23.6;47.2;526.2;28.7;28.9;28.8;27.4;23.9;388.8888889;300;386.1111111;2.3
17837100;16;23;43;332;17.9;24.6;28.3;23.3;47.1;519.1;26;26.1;26;25.2;23.9;388.8888889;300;386.1111111;2.3
17838000;17;22;43;263;18;23.4;28.1;23.5;46.7;545.9;25.2;25.3;25.2;24.1;24.2;405.5555556;175;186.1111111;3.2
17838900;18;23;27;137;19.4;23.5;28.4;23.5;47.3;545.9;26;26.3;26.3;25;24.2;405.5555556;175;186.1111111;3.2
17839800;20;24;33;126;21.4;24.5;28.6;23.7;46.2;545.9;26.2;26.5;26.5;25.2;24.2;405.5555556;175;186.1111111;3.2
17840700;16;22;43;279;17;22.8;28.1;23.8;48;545.9;24.2;24.3;24.3;23.4;24.2;405.5555556;175;186.1111111;3.2
17841600;16;19;43;158;17.1;20.2;26.6;23.8;52.5;592.7;21.8;21.8;21.9;20.9;21.9;400;191.6666667;191.6666667;3.5
17842500;15;18;17;60;16.4;19;25.5;23.8;56.2;596;20.8;20.8;21;19.9;21.9;400;191.6666667;191.6666667;3.5
17843400;15;18;0;0;16.4;19;25.4;24;56.8;596;21;21.2;21.3;19.9;21.9;400;191.6666667;191.6666667;3.5
17844300;16;17;0;0;16.5;17.9;25.2;24.1;56.1;596;21.2;21.2;21.5;20.1;21.9;400;191.6666667;191.6666667;3.5
17845200;16;15;0;0;17;16.2;25.9;24;54.3;560.6;21.7;21.6;22;20.3;22.4;388.8888889;200;225;3.8
17846100;16;14;0;0;17.4;15.5;25.9;24;56.4;555.2;22.8;22.3;23;20.5;22.4;388.8888889;200;225;3.8
17847000;16;16;0;0;17.4;17;26.7;24.1;53.4;555.2;24.6;24;24.4;20.8;22.4;388.8888889;200;225;3.8
17847900;16;17;0;0;17.1;17.8;26.6;24.3;53.4;555.2;26.6;25.9;26.2;21.8;22.4;388.8888889;200;225;3.8
17848800;16;14;0;0;17.9;15;24.6;24;61.8;501.5;26.1;25.8;25.7;22.4;17.6;394.4444444;22.22222222;22.22222222;3.9
17849700;16;14;0;0;18;15.2;23.7;23.9;64.1;488.1;26.2;25.8;25.9;22.7;17.6;394.4444444;22.22222222;22.22222222;3.9
17850600;16;14;0;0;18;15.4;23.2;23;66.7;488.1;26.1;25.7;25.7;22.9;17.6;394.4444444;22.22222222;22.22222222;3.9
17851500;15;14;0;0;18;15.4;21.1;21.7;82.5;488.1;25.1;24.8;24.8;22.9;17.6;394.4444444;22.22222222;22.22222222;3.9
17852400;15;14;0;0;18;15.8;19.9;21.7;87.6;406.8;24;23.8;23.9;22.8;17.8;380.5555556;119.4444444;155.5555556;1.9
17853300;16;15;0;0;18.2;15.9;19.8;21.7;86.6;377.2;23.2;23.2;23.4;22.7;17.8;380.5555556;119.4444444;155.5555556;1.9
17854200;16;15;0;0;18.5;16.2;19.5;22.1;85.8;377.2;22.6;22.7;23;22.6;17.8;380.5555556;119.4444444;155.5555556;1.9
17855100;16;16;0;0;18.7;16.9;20;22.3;86.9;377.2;22.6;22.6;22.9;22.5;17.8;380.5555556;119.4444444;155.5555556;1.9
17856000;17;18;0;0;19;18.8;20.9;22.1;86.6;282.8;22.8;22.6;23.1;22.4;18.4;352.7777778;91.66666667;136.1111111;1.7
17856900;17;17;0;0;19.1;18.9;20.8;22.1;83.9;282.8;22.8;22.6;23.1;22.4;18.4;352.7777778;91.66666667;136.1111111;1.7
17857800;17;17;0;0;19.3;18.7;22.1;19.3;82.8;282.8;23.1;23;23.5;22.4;18.4;352.7777778;91.66666667;136.1111111;1.7
17858700;18;15;0;0;19.9;17;21.8;17.5;82.9;282.8;23.3;23.2;23.6;22.5;18.4;352.7777778;91.66666667;136.1111111;1.7
17859600;19;13;0;0;20.5;15;21.5;17.7;82.6;207.3;23.4;23.3;23.6;22.5;18.1;377.7777778;30.55555556;30.55555556;2.1
17860500;19;12;0;0;20.5;14.1;21.7;17.8;81.4;188.4;23.4;23.2;23.6;22.5;18.1;377.7777778;30.55555556;30.55555556;2.1
17861400;19;12;0;0;20.8;13.9;21.8;17.5;82;188.4;23.2;23.1;23.5;22.5;18.1;377.7777778;30.55555556;30.55555556;2.1
17862300;19;12;0;0;21;13.9;21.7;17.4;80;188.4;23.1;22.9;23.4;22.5;18.1;377.7777778;30.55555556;30.55555556;2.1
17863200;20;12;0;0;21;13.9;21.7;17.1;79.6;112;22.9;22.8;23.4;22.5;17.9;380.5555556;19.44444444;22.22222222;1.7
17864100;20;15;0;0;21;15.7;21.4;17;78.1;92.9;22.7;22.6;23.2;22.5;17.9;380.5555556;19.44444444;22.22222222;1.7
17865000;19;15;0;0;21;16.4;21.5;17.3;77.8;91.6;22.5;22.4;23.1;22.6;17.9;380.5555556;19.44444444;22.22222222;1.7
17865900;19;15;0;0;21.3;16.4;21.7;17.4;78.4;91;22.2;22.2;22.7;22.6;17.9;380.5555556;19.44444444;22.22222222;1.7
17866800;20;15;0;0;21.5;16.4;21.6;17.5;78.9;21.9;21.8;22.1;22.4;22.7;17.7;350;0;0;2.2
17867700;20;15;0;0;21.5;16.4;21.3;17.5;78.5;21.9;21.5;22.2;22.2;22.7;17.7;350;0;0;2.2
17868600;20;15;0;0;21.5;16.5;20.9;17.7;79.5;21.9;21.1;22.6;21.6;22.7;17.7;350;0;0;2.2
17869500;20;16;0;0;21.6;17.1;20.5;17.8;78.4;21.9;20.3;23.1;20.6;22.6;17.7;350;0;0;2.2
17870400;20;16;0;0;22;18.1;20;17;79.1;1.5;19.6;23.5;19.9;22.4;16.1;350;0;0;2
17871300;20;17;0;0;22;18.7;20;16.9;80.3;0;19.2;22.5;19.5;22.8;16.1;350;0;0;2
17872200;20;18;0;0;21.5;19.5;19.9;16.8;80.3;0;19.1;22.4;19.3;23;16.1;350;0;0;2
17873100;20;19;0;0;20.3;20.4;19.5;16.8;78.1;0;18.8;22.6;19.1;22.9;16.1;350;0;0;2
17874000;19;18;0;0;19.7;19.9;19.1;16.5;79.6;0;18.5;21.7;18.8;22.5;15.9;341.6666667;0;0;2.1
17874900;17;17;20;52;17.4;18.5;18.9;16.4;81.2;0;18.6;19.9;18.5;20.7;15.9;341.6666667;0;0;2.1
17875800;15;15;3;3;15.6;16.4;18.6;16.7;82.3;0;18;17.2;17.5;17.5;15.9;341.6666667;0;0;2.1
17876700;13;14;19.5;46.5;13.95;15.45;18.3;18;83;0;17;16.45;16.8;16.6;15.9;341.6666667;0;0;2.1
17877600;11;13;36;90;12.3;14.5;18;19.3;83.7;0;16;15.7;16.1;15.7;16;361.1111111;0;0;2.5
17878500;13;12;18;0;14.1;13.4;17.9;19.9;83.9;0;15.3;15.3;15.6;14.5;16;361.1111111;0;0;2.5
17879400;13;13;0;0;14.1;13.4;18.1;19.9;84.3;0;15.8;15.8;16.1;14.7;16;361.1111111;0;0;2.5
17880300;13;13;0;0;14.1;13.7;18.4;19.9;83.9;0;16.1;15.9;16.4;15;16;361.1111111;0;0;2.5
17881200;13;16;0;0;14.1;15.9;18.4;19.4;83.6;0;16.2;16.1;16.5;15.2;15.5;333.3333333;0;0;2.2
17882100;13;16;0;0;14.6;16.7;18.4;19.2;83.3;0;16.5;16.3;16.8;15.6;15.5;333.3333333;0;0;2.2
17883000;13;15;0;0;14.6;16.4;18.1;19.2;83.8;0;16.5;16.4;16.9;15.8;15.5;333.3333333;0;0;2.2
17883900;14;15;0;0;14.9;16.4;17.9;19.2;84.1;0;16.6;16.6;17;15.9;15.5;333.3333333;0;0;2.2
17884800;14;15;0;0;15.1;16.4;17.7;18.6;84.7;0;16.5;16.7;17;16;15.5;327.7777778;0;0;2.1
17885700;14;15;0;0;15.1;16.7;17.7;18.5;84.8;0;16.4;17.4;16.9;15.9;15.5;327.7777778;0;0;2.1
17886600;14;16;0;0;15.6;16.9;17.5;18.5;84.8;0;16.3;18.6;16.8;15.7;15.5;327.7777778;0;0;2.1
17887500;14;16;0;0;15.6;16.9;17.6;18.5;84.8;0;16.3;19.7;17;15.6;15.5;327.7777778;0;0;2.1
17888400;13;14;23;20;14.7;15.4;17.4;15.9;84.8;0;16.4;17.1;16.7;16;15.1;327.7777778;0;0;1.6
17889300;13;15;13;26;13.9;14.5;17.3;15.5;85.3;0;16.3;16.1;16.4;16;15.1;327.7777778;0;0;1.6
17890200;11;13;15;39;12;13.9;17.2;15.2;85.5;0;15.5;15.1;15.4;15.2;15.1;327.7777778;0;0;1.6
17891100;11;13;0;0;12.4;13.9;17.4;15;85.8;0;15.6;15.2;15.6;15.2;15.1;327.7777778;0;0;1.6
17892000;12;13;0;0;12.8;13.9;17.5;14.7;85.4;0;15.8;15.6;15.8;15.4;15.7;333.3333333;0;0;1.5
17892900;12;13;0;0;12.8;14.1;17.5;14.7;85.3;0;16;15.8;15.9;15.6;15.7;333.3333333;0;0;1.5
17893800;12;13;0;0;13.2;14.4;17.5;14.9;85;0;16.3;15.9;16.2;15.9;15.7;333.3333333;0;0;1.5
17894700;12;14;0;0;13.5;14.4;17.5;15;84.8;0;16.4;16;16.4;16.2;15.7;333.3333333;0;0;1.5
17895600;12;14;0;0;14;14.4;17.5;14.9;84.8;0;16.6;16.1;16.6;16.4;15.7;350;11.11111111;13.88888889;1.9
17896500;12;14;0;0;14.8;14.6;17.7;14.9;84.3;0;16.7;16.2;16.7;16.6;15.7;350;11.11111111;13.88888889;1.9
17897400;13;14;0;0;15.7;14.9;18.1;14.9;84;0;16.7;16.3;16.7;17.2;15.7;350;11.11111111;13.88888889;1.9
17898300;13;16;0;0;16.3;16.2;18.4;14.9;83.3;0;16.9;16.4;16.8;18.1;15.7;350;11.11111111;13.88888889;1.9
17899200;13;15;19;25;15.2;15.9;18.2;14.8;83;0.3;16.7;16.4;16.8;17.4;15.7;325;50;108.3333333;2.4
17900100;11;13;37;74;12.5;14.4;18.2;14.8;82.9;0.3;15.9;15.7;16;15.5;15.7;325;50;108.3333333;2.4
17901000;13;13;17;0;13.9;13.4;18.2;15.1;83.1;0.3;15.7;15.5;16;14.8;15.7;325;50;108.3333333;2.4
17901900;13;13;0;0;13.9;13.4;18.3;15.5;83;0.3;16.2;15.9;16.4;15.1;15.7;325;50;108.3333333;2.4
17902800;13;13;0;0;13.9;13.9;18.3;15.7;83;33.3;16.9;16.1;16.8;15.4;16.6;330.5555556;113.8888889;280.5555556;1.3
17903700;13;13;1;0;14.1;14.2;18.5;15.7;81.7;41.6;18.3;16.5;17.9;16.4;16.6;330.5555556;113.8888889;280.5555556;1.3
17904600;13;13;0;0;14.7;14.4;19;15.8;80.8;41.6;18.7;17;18.4;17.2;16.6;330.5555556;113.8888889;280.5555556;1.3
17905500;13;12;0;0;14.9;14.4;19.3;15.9;79.3;41.6;19.5;17.7;19;17.4;16.6;330.5555556;113.8888889;280.5555556;1.3
17906400;14;14;0;0;14.9;14.8;20;16.6;78.1;120.8;21;18.7;20.2;17.6;18;341.6666667;183.3333333;372.2222222;2.2
17907300;14;14;0;0;15.3;15.4;21;16.8;74.5;140.6;22.6;19.8;21.5;17.8;18;341.6666667;183.3333333;372.2222222;2.2
17908200;14;15;0;0;15.4;15.4;21.6;16.7;72.1;141;23.7;20.8;22.6;18;18;341.6666667;183.3333333;372.2222222;2.2
17909100;14;14;0;0;15.5;15.4;21.7;16.6;72;141.7;24.2;21.6;23.4;18.3;18;341.6666667;183.3333333;372.2222222;2.2
17910000;15;12;0;0;15.9;14.7;21.9;17.4;71.2;234.3;25.2;22.6;24.7;18.5;20.5;347.2222222;227.7777778;522.2222222;2.4
17910900;15;13;0;0;16.1;14.4;22.3;17.6;70.7;257.5;26.6;23.9;26.6;18.8;20.5;347.2222222;227.7777778;522.2222222;2.4
17911800;15;13;0;0;16.4;14.4;22.5;17.6;69.5;257.5;27.8;25.3;28.3;19.1;20.5;347.2222222;227.7777778;522.2222222;2.4
17912700;14;13;1;0;15;15;22.5;17.6;69.8;257.5;28;26.2;28.7;21.7;20.5;347.2222222;227.7777778;522.2222222;2.4
17913600;14;13;0;0;15.6;14.4;23.4;18.5;66.9;340.8;28;26;28.7;21.6;21.6;352.7777778;258.3333333;597.2222222;2.2
17914500;15;13;0;0;16.1;14.4;23.7;18.8;63.8;371.1;29.8;27.4;30.2;21.7;21.6;352.7777778;258.3333333;597.2222222;2.2
17915400;15;13;0;0;16.2;14.4;23.9;19;63.3;371.1;30.8;28.8;31.2;22.2;21.6;352.7777778;258.3333333;597.2222222;2.2
17916300;15;14;0;0;16.3;15.2;24.1;19.2;61.8;371.1;31.8;29.9;31.7;22.6;21.6;352.7777778;258.3333333;597.2222222;2.2
17917200;15;15;0;0;16.7;16.1;24.4;20.4;59.7;490.6;32.5;30.6;32.3;22.9;22.7;366.6666667;311.1111111;805.5555556;2.2
17918100;15;15;1;0;16;16.2;24.6;20.4;58.7;490.6;33.8;32.3;33.3;25.2;22.7;366.6666667;311.1111111;805.5555556;2.2
17919000;15;13;0;0;16.2;14.4;24.9;20.8;57.9;494.4;32.6;31.3;31.9;25.3;22.7;366.6666667;311.1111111;805.5555556;2.2
17919900;15;13;0;0;16.8;14.4;25.1;21.8;57.4;504.7;34.9;33.2;33.3;25.9;22.7;366.6666667;311.1111111;805.5555556;2.2
17920800;15;12;0;0;17;14.4;25.9;22.8;54.7;567.2;36.7;35.2;34.6;26.4;23.9;377.7777778;380.5555556;855.5555556;1.9
17921700;15;12;0;0;17;14.4;26.5;22.9;51.9;571.7;37.5;36.6;35.7;26.8;23.9;377.7777778;380.5555556;855.5555556;1.9
17922600;13;13;1;1;16.2;15;26.3;22.8;51.8;584.7;36.6;36.5;35.7;29.6;23.9;377.7777778;380.5555556;855.5555556;1.9
17923500;15;13;0;0;16.4;14.3;26.7;22.8;50;596.1;35.2;34.5;34.5;28.3;23.9;377.7777778;380.5555556;855.5555556;1.9
17924400;15;13;0;0;16.8;14.3;26.9;23.4;47.1;608.1;37.5;36.4;35.7;29.3;23.5;386.1111111;400;463.8888889;1.3
17925300;15;15;1;0;17.1;15.7;28;23.5;45.2;609.9;39.8;38.4;37.2;30.1;23.5;386.1111111;400;463.8888889;1.3
17926200;14;13;0;0;15.6;14.5;28.7;23.5;42.2;609.9;38;37.8;36.6;31.9;23.5;386.1111111;400;463.8888889;1.3
17927100;15;12;0;0;16.6;14.1;28.9;23.5;41;609.9;38.1;37.1;36.5;31.3;23.5;386.1111111;400;463.8888889;1.3
17928000;15;12;0;0;16.6;13.7;29.1;23.8;41.3;606.9;38.6;37.7;37.1;31.7;24.3;383.3333333;383.3333333;497.2222222;2.5
17928900;15;12;1;0;16.6;13.9;28.8;23.9;42.9;606.2;38.8;38.2;37.6;32.2;24.3;383.3333333;383.3333333;497.2222222;2.5
17929800;14;13;0;0;15.5;14.3;29.1;24.1;42.5;606.2;37.1;36.9;36.2;32.8;24.3;383.3333333;383.3333333;497.2222222;2.5
17930700;15;13;0;0;16.9;13.9;29.2;24.4;41.2;606.2;38.4;37.2;36.7;32.7;24.3;383.3333333;383.3333333;497.2222222;2.5
17931600;15;13;0;0;16.9;13.9;29.1;24.6;40.7;533;39.9;38.6;37.6;33.1;24.5;383.3333333;347.2222222;408.3333333;3
17932500;15;12;0;0;17.2;13.9;28.9;24.7;40.7;506.4;40;38.9;37.6;33.2;24.5;383.3333333;347.2222222;408.3333333;3
17933400;15;14;0;0;17.4;15.1;28.9;24.3;41.7;506.4;39.5;38.6;37.4;33.2;24.5;383.3333333;347.2222222;408.3333333;3
17934300;15;15;0;0;17.4;15.9;28.9;24;42.3;506.4;38.9;38.1;37.3;33.1;24.5;383.3333333;347.2222222;408.3333333;3
17935200;15;14;0;0;17.7;15.7;29;24.1;42.9;478.2;38.7;38;37.3;33.1;24.6;383.3333333;297.2222222;388.8888889;3
17936100;15;14;0;0;17.9;15.4;29.1;24.1;42.6;478.2;38.7;38.1;37.5;33.1;24.6;383.3333333;297.2222222;388.8888889;3
17937000;16;14;0;0;18.4;15.4;29.2;24.3;42.6;478.2;38.6;38;37.4;33.2;24.6;383.3333333;297.2222222;388.8888889;3
17937900;16;14;0;0;18.4;15.4;29.2;24.4;43.9;478.2;38.1;37.8;37.2;33.3;24.6;383.3333333;297.2222222;388.8888889;3
17938800;16;14;0;0;18.7;15.8;29.9;24.3;43.2;385.4;37.8;37.6;37.2;33.3;24.4;394.4444444;169.4444444;177.7777778;3.9
17939700;17;15;0;0;18.9;15.9;29.7;24.3;42.8;378.8;38.1;37.7;37.7;33.3;24.4;394.4444444;169.4444444;177.7777778;3.9
17940600;16;15;0;0;18.9;16;29.1;24.4;44.2;378.8;37.9;37.6;37.6;33.5;24.4;394.4444444;169.4444444;177.7777778;3.9
17941500;15;16;0;0;18.9;16.8;28.4;24.4;46.1;378.8;37.1;37;37;33.4;24.4;394.4444444;169.4444444;177.7777778;3.9
17942400;15;18;0;0;19.2;18.3;28.3;24.2;46.9;302.7;36.3;36.1;36.2;33.2;24.6;402.7777778;88.88888889;88.88888889;3.5
17943300;15;17;0;0;19.4;18.4;28.4;24.2;46.2;283.7;35.7;35.8;35.7;33.1;24.6;402.7777778;88.88888889;88.88888889;3.5
17944200;15;17;0;0;19.4;18.4;28.1;24.3;47;283.7;35;35.2;35.1;33.1;24.6;402.7777778;88.88888889;88.88888889;3.5
17945100;15;17;0;0;19;18.4;27.9;24.4;47.9;283.7;34;34.6;34.3;32.8;24.6;402.7777778;88.88888889;88.88888889;3.5
17946000;16;14;0;0;19.2;16.8;27.7;24.1;49.3;203.8;33.1;33.8;33.6;32.6;24.3;400;47.22222222;47.22222222;1.7
17946900;16;13;0;0;19.7;15.1;27.5;24.1;49.2;191.5;32.5;33.2;33.1;32.5;24.3;400;47.22222222;47.22222222;1.7
17947800;16;12;0;0;19.7;14.2;27.4;24.1;51;191.5;31.9;32.6;32.6;32.4;24.3;400;47.22222222;47.22222222;1.7
17948700;16;12;0;0;19.7;13.9;27;24.2;53.5;191.5;31.4;32.2;32.2;32.3;24.3;400;47.22222222;47.22222222;1.7
17949600;16;12;0;0;20;13.9;26.8;23.5;55;112.3;31;31.8;31.8;32.2;23.7;400;2.777777778;2.777777778;1.9
17950500;17;15;0;0;20.2;15.6;26.3;23.3;57.2;92.5;30.6;31.4;31.5;32.2;23.7;400;2.777777778;2.777777778;1.9
17951400;17;15;0;0;20.2;16.4;25.9;23.5;58.8;89.7;30.2;30.9;31.1;31.9;23.7;400;2.777777778;2.777777778;1.9
17952300;17;15;0;0;20.5;16.4;25.5;23.8;60.2;85.5;29.7;30.5;30.7;31.6;23.7;400;2.777777778;2.777777778;1.9
17953200;17;15;0;0;20.7;16.4;25.3;23.1;61.8;37.3;29.2;30.1;30.3;31.4;21.8;388.8888889;0;0;1.6
17954100;17;15;0;0;20.7;16.4;25.1;22.8;60.6;13.2;28.8;29.7;30;31.2;21.8;388.8888889;0;0;1.6
17955000;17;15;0;0;21.2;16.4;24.9;23.2;60.4;13.2;28.4;29.2;29.6;30.9;21.8;388.8888889;0;0;1.6
17955900;17;15;0;0;21.2;16.8;24.6;23.4;61.2;13.2;28;28.8;29.3;30.7;21.8;388.8888889;0;0;1.6
17956800;17;16;0;0;21.2;16.9;24.3;22.2;62.2;0.9;27.7;28.4;28.9;30.4;21.3;391.6666667;0;0;1.5
17957700;18;16;0;0;21.5;17.2;24;22.1;63.3;0;27.3;28;28.6;30.1;21.3;391.6666667;0;0;1.5
17958600;18;17;0;0;21.7;18;23.8;22.3;64.1;0;27;27.6;28.2;29.9;21.3;391.6666667;0;0;1.5
17959500;18;19;0;0;21.7;19.4;23.6;22.6;64.9;0;26.5;27.2;27.8;29.7;21.3;391.6666667;0;0;1.5
17960400;18;18;0;0;21.7;19.4;23.6;21.8;65.3;0;26.3;26.9;27.6;29.3;20.5;397.2222222;0;0;0.7
17961300;18;18;0;0;22.2;19.4;23.6;21.5;66.3;0;26.1;26.7;27.3;29.1;20.5;397.2222222;0;0;0.7
17962200;18;18;0;0;22.2;19.4;23.4;21.4;69.2;0;25.6;26.3;26.9;28.9;20.5;397.2222222;0;0;0.7
17963100;18;18;0;0;22.25;19.4;23;20.8;70.95;0;25.2;25.85;26.5;28.65;20.5;397.2222222;0;0;0.7
17964000;18;18;0;0;22.3;19.4;22.6;20.2;72.7;0;24.8;25.4;26.1;28.4;17.9;386.1111111;0;0;0.7
17964900;19;18;0;0;22.7;19.4;21.6;20.2;78.6;0;24.3;24.9;25.7;28.1;17.9;386.1111111;0;0;0.7
17965800;19;19;0;0;22.7;19.8;21.2;20.2;80.3;0;24;24.4;25.3;27.8;17.9;386.1111111;0;0;0.7
17966700;19;19;0;0;21.7;20.3;20.9;20.2;79.6;0;22.9;23.2;24.2;27.6;17.9;386.1111111;0;0;0.7
17967600;19;19;0;0;20.5;21.3;20.8;19.5;79.9;0;21.9;21.3;24.4;27.5;17.6;400;0;0;1
17968500;19;18;0;0;20;21.7;20.7;19.4;80.4;0;23.9;20.1;26.5;27.2;17.6;400;0;0;1
17969400;18;14;0;0;20;18.4;20.8;19.4;80.2;0;23;19.7;24.1;27;17.6;400;0;0;1
17970300;18;13;0;0;20;16;21;19.4;79;0;21.4;19.6;22.8;27;17.6;400;0;0;1
17971200;17;12;0;0;19.6;16.1;21;18.9;77.8;0;21;19.6;21.3;26.9;17.5;394.4444444;0;0;1.4
17972100;17;12;0;0;19.5;14.1;21;18.8;77.8;0;21.4;19.6;21.1;26.8;17.5;394.4444444;0;0;1.4
17973000;18;12;0;0;19.9;13.9;21.1;18.8;78.4;0;21.5;19.6;20.8;26.6;17.5;394.4444444;0;0;1.4
17973900;18;13;0;0;20;14.4;21;18.8;78.5;0;21.4;19.6;20.6;26.5;17.5;394.4444444;0;0;1.4
17974800;18;13;0;0;20.5;14.9;21;17.4;78.9;0;21;19.6;20.6;26.4;17.4;394.4444444;0;0;1.9
17975700;18;15;0;0;20.5;16.6;20.9;17.3;79;0;20.4;19.5;20.8;26.2;17.4;394.4444444;0;0;1.9
17976600;18;17;0;0;20.5;18.5;20.8;17.3;80.1;0;19.7;19.5;20.9;26.1;17.4;394.4444444;0;0;1.9
17977500;18;17;0;0;20.5;19.1;20.8;17.3;79.5;0;19.4;19.5;20.8;26.4;17.4;394.4444444;0;0;1.9
17978400;18;18;0;0;20.1;20;20.5;17;78.7;0;19.2;19.8;21;26.4;17.2;363.8888889;0;0;3.1
17979300;18;18;0;0;19.9;19.6;20.4;16.9;80.3;0;19.1;20.8;22.2;24.8;17.2;363.8888889;0;0;3.1
17980200;18;18;0;0;19.5;19.4;20.3;17;81.1;0;19;23.1;23.9;20.8;17.2;363.8888889;0;0;3.1
17981100;18;18;0;0;19.5;19.6;20.2;17.1;81.3;0;19;22.4;23;18.4;17.2;363.8888889;0;0;3.1
17982000;18;18;0;0;19.3;19.9;19.9;17;80.9;0;18.9;22.4;22.7;18;16.4;363.8888889;11.11111111;11.11111111;3.4
17982900;16;18;20;70;17;19;19.7;16.9;81.3;0;18.8;20.4;21;18.3;16.4;363.8888889;11.11111111;11.11111111;3.4
17983800;14;15;9;12;15.1;16.2;19.7;17;81.2;0;17.6;17.4;17.8;17.5;16.4;363.8888889;11.11111111;11.11111111;3.4
17984700;14;16;14;37;14.8;17.3;19.7;17.2;80.3;0;17.7;17.6;17.9;17.5;16.4;363.8888889;11.11111111;11.11111111;3.4
17985600;14;15;9;14;14.6;15.7;19.6;17;80.3;0.3;17.2;17;17.3;16.9;16.8;372.2222222;47.22222222;50;2.9
17986500;14;15;14;30;14.5;15.7;19.6;17;80.8;0.3;17.4;17.2;17.6;17;16.8;372.2222222;47.22222222;50;2.9
17987400;13;14;9;12;14.5;15.3;19.9;17;80.7;0.3;17.1;16.9;17.2;16.6;16.8;372.2222222;47.22222222;50;2.9
17988300;14;14;9;17;14.4;15.3;20.2;17;80.4;0.3;17.5;17.3;17.7;16.8;16.8;372.2222222;47.22222222;50;2.9
17989200;13;14;37;70;13.6;15.4;20.5;17.1;79.3;20.8;17.1;17;17.2;16.6;17.4;375;80.55555556;80.55555556;3.3
17990100;13;14;9;7;14.2;14.7;20.7;17.1;79.2;23.9;16.8;16.7;17.1;15.9;17.4;375;80.55555556;80.55555556;3.3
17991000;13;14;13;28;14.2;14.9;20.9;16.8;79.2;23.9;17.5;17.4;17.8;16.4;17.4;375;80.55555556;80.55555556;3.3
17991900;14;15;9;22;14.3;15.7;21.2;16.6;78.1;23.9;17.5;17.5;17.7;16.8;17.4;375;80.55555556;80.55555556;3.3
17992800;14;15;11;31;14.5;16;21.4;17.2;75.4;99.4;18.1;18.1;18.3;17.2;17.5;383.3333333;77.77777778;77.77777778;3.1
17993700;13;15;35;90;13.8;15.9;21.5;17.2;75;104.8;17.6;17.5;17.8;17;17.5;383.3333333;77.77777778;77.77777778;3.1
17994600;13;15;9;11;14.4;15.2;21.5;17.3;73.9;103.8;17.3;17.2;17.5;16.4;17.5;383.3333333;77.77777778;77.77777778;3.1
17995500;13;15;14;36;14.3;15.8;21.3;17.4;75;103;17.9;17.8;18.1;16.8;17.5;383.3333333;77.77777778;77.77777778;3.1
17996400;14;15;9;17;14.5;15.8;21.1;18.2;76;206.5;17.6;17.5;17.8;16.8;17.8;372.2222222;125;125;3.3
17997300;14;15;14;38;14.6;15.9;21.3;18.3;76;222.4;18.3;18.2;18.5;17.2;17.8;372.2222222;125;125;3.3
17998200;14;15;14;30;14.9;16.3;21.4;18.2;73.5;222.4;18;17.9;18.2;17.2;17.8;372.2222222;125;125;3.3
17999100;14;15;6;16;14.9;16.3;21.5;18.2;72;222.4;18.8;18.7;19;17.5;17.8;372.2222222;125;125;3.3
18000000;15;16;28;35;16.2;17.2;21.3;19.2;72.3;326.9;19.2;19.2;19.5;18.5;17.8;363.8888889;263.8888889;275;4.4
18000900;14;16;33;51;15.8;17;21.3;19.3;72.3;343;18.7;18.7;19;18.1;17.8;363.8888889;263.8888889;275;4.4
18001800;14;16;33;52;15.3;16.7;21.8;18.9;70.9;343;18.8;18.7;19;18.1;17.8;363.8888889;263.8888889;275;4.4
18002700;15;16;33;53;15.4;16.7;22.1;18.5;69;343;19;19;19.2;18.3;17.8;363.8888889;263.8888889;275;4.4
18003600;15;17;33;55;16;17.4;22.9;19.5;66.5;428.4;19.7;19.7;19.9;18.9;19.1;361.1111111;436.1111111;513.8888889;2.5
18004500;16;18;33;59;16.9;18.3;23.7;19.6;62.6;441.5;20.8;20.8;21;19.9;19.1;361.1111111;436.1111111;513.8888889;2.5
18005400;17;19;33;62;18.3;19.7;24.3;19.3;59.5;432.4;22.2;22.3;22.4;21.2;19.1;361.1111111;436.1111111;513.8888889;2.5
18006300;18;20;33;64;19.3;20.9;24.2;18.7;59.7;414.2;23.3;23.4;23.5;22.3;19.1;361.1111111;436.1111111;513.8888889;2.5
18007200;18;22;38;133;19.4;22.4;24.7;20;59;506;24.8;24.9;25;23.8;19.6;363.8888889;338.8888889;508.3333333;4.2
18008100;19;22;39;142;19.8;22.7;25.1;20;57.5;506;24.8;24.8;24.9;23.6;19.6;363.8888889;338.8888889;508.3333333;4.2
18009000;16;21;39;230;17.1;21.9;25;19.3;57.3;478;23.4;23.6;23.5;22.5;19.6;363.8888889;338.8888889;508.3333333;4.2
18009900;15;19;43;175;16.7;20;25;18.8;56.5;459.4;22.1;22.2;22.2;21.1;19.6;363.8888889;338.8888889;508.3333333;4.2
18010800;16;19;33;148;16.8;20.5;24.6;19.7;57.1;511.1;22.3;22.5;22.4;21.3;21.1;375;358.3333333;636.1111111;2.2
18011700;19;21;33;72;19.7;21.4;24.6;19.8;58.2;519.1;24.2;24.4;24.3;23.1;21.1;375;358.3333333;636.1111111;2.2
18012600;22;24;31;71;22.5;24.3;24.3;19.9;58.2;519.1;26.8;27;26.8;25.7;21.1;375;358.3333333;636.1111111;2.2
18013500;22;25;25;71;23.3;25.6;24.9;19.9;56.7;519.1;28.1;28.4;28.3;27.2;21.1;375;358.3333333;636.1111111;2.2
18014400;19;26;28;252;19.8;26.6;25.4;20.4;53.3;548.7;28.7;28.8;28.7;27.9;21.2;380.5555556;288.8888889;533.3333333;0.9
18015300;20;24;25;111;21.5;25.1;26.1;20.5;51.3;553.2;27.1;27.3;27.1;26.3;21.2;380.5555556;288.8888889;533.3333333;0.9
18016200;21;26;25;140;21.9;26.4;26.9;20.2;50.2;553.2;29.2;29.5;29.2;27.9;21.2;380.5555556;288.8888889;533.3333333;0.9
18017100;18;25;32;264;19.2;26;27.4;20;48;553.2;27.4;28;27.5;26.9;21.2;380.5555556;288.8888889;533.3333333;0.9
18018000;19;26;32;276;19.9;26.7;27.1;20.6;47.2;529.9;29.4;29.7;29.1;28;23.8;388.8888889;283.3333333;530.5555556;1.4
18018900;18;24;20;154;19;25.5;26.6;20.7;47.7;526.3;27.2;27.7;27.2;25.9;23.8;388.8888889;283.3333333;530.5555556;1.4
18019800;18;23;0;0;18.8;24.5;27.3;21.2;47.6;526.3;27.3;29.4;28.3;25.6;23.8;388.8888889;283.3333333;530.5555556;1.4
18020700;18;23;0;0;19;24;27.3;21.6;46.5;526.3;27.3;29.1;28;25.7;23.8;388.8888889;283.3333333;530.5555556;1.4
18021600;18;17;0;0;19.3;18.6;27.5;21.9;45.7;489.7;27.8;28;28;25.8;22.8;386.1111111;219.4444444;297.2222222;2.2
18022500;18;14;0;0;19.6;16;27.6;22;45;484.1;28.6;28.5;28.7;26;22.8;386.1111111;219.4444444;297.2222222;2.2
18023400;19;14;0;0;19.8;15.5;27.5;21.8;44.9;484.1;29.8;29.5;29.9;26.2;22.8;386.1111111;219.4444444;297.2222222;2.2
18024300;19;13;0;0;19.8;15.2;27.2;21.7;46.4;484.1;30.3;30;30.2;26.3;22.8;386.1111111;219.4444444;297.2222222;2.2
18025200;19;13;0;0;19.8;14.9;27.2;22;47.6;443.9;31.1;30.7;30.9;26.5;21.9;369.4444444;180.5555556;327.7777778;2.9
18026100;19;13;0;0;20.2;14.7;26;22;51.5;437.7;31.3;31;31;26.6;21.9;369.4444444;180.5555556;327.7777778;2.9
18027000;19;13;0;0;20.3;14.8;25.5;23;53.5;437.7;31.7;31.4;31.4;26.8;21.9;369.4444444;180.5555556;327.7777778;2.9
18027900;19;15;0;0;20.3;15.7;25.5;23.9;53.5;437.7;31.6;31.5;31.2;26.9;21.9;369.4444444;180.5555556;327.7777778;2.9
18028800;19;17;0;0;20.6;18.2;25.8;23.6;52.4;335.1;31.6;31.3;31.2;27;22.3;377.7777778;47.22222222;116.6666667;2.6
18029700;19;17;0;0;20.8;18.2;25.9;23.5;53.3;319.3;31.4;31.1;31.2;27.1;22.3;377.7777778;47.22222222;116.6666667;2.6
18030600;20;17;0;0;20.8;18.2;26.8;23;50.2;319.3;31.4;31.3;31.6;27.2;22.3;377.7777778;47.22222222;116.6666667;2.6
18031500;20;17;0;0;20.8;18.2;26.1;22.5;52.4;319.3;31.3;31.6;31.7;27.4;22.3;377.7777778;47.22222222;116.6666667;2.6
18032400;20;17;0;0;21.3;18.2;25.2;22;55.4;236.2;30.7;31.4;31.3;27.5;18.5;386.1111111;27.77777778;27.77777778;2.3
18033300;20;17;0;0;21.3;18.6;24;21.9;57.1;223.4;29.8;30.6;30.2;27.5;18.5;386.1111111;27.77777778;27.77777778;2.3
18034200;21;17;0;0;21.7;18.9;23;21.6;60.7;223.4;28.4;29.5;28.9;27.3;18.5;386.1111111;27.77777778;27.77777778;2.3
18035100;21;14;0;0;21.8;16.5;22.4;21.4;63.1;223.4;27;28;27.5;26.8;18.5;386.1111111;27.77777778;27.77777778;2.3
18036000;21;13;0;0;21.8;14.9;22.1;20.6;62.2;117;26.4;27.2;27;26.6;19;372.2222222;5.555555556;8.333333333;2.2
18036900;21;15;0;0;22;16.6;22.3;20.5;62.3;100.6;26;26.7;26.6;26.5;19;372.2222222;5.555555556;8.333333333;2.2
18037800;21;15;0;0;22.3;16.6;22.1;21;63.4;100.4;25.5;26.2;26.3;26.3;19;372.2222222;5.555555556;8.333333333;2.2
18038700;21;13;0;0;22.3;15.1;22;21.5;64.6;100.3;25.3;25.9;26.1;26.3;19;372.2222222;5.555555556;8.333333333;2.2
18039600;21;12;0;0;22.3;14.4;21.9;20.7;65.7;26.4;25.1;25.6;25.9;26.2;17.4;330.5555556;0;0;2.8
18040500;21;12;0;0;22.5;14.3;21.4;20.7;66.9;26.4;24.8;25.3;25.7;26.2;17.4;330.5555556;0;0;2.8
18041400;21;13;0;0;22.8;14.3;20.9;19.1;69;26.4;24.5;24.9;25.5;26.2;17.4;330.5555556;0;0;2.8
18042300;21;13;0;0;22.8;14.8;20.6;17.7;69.7;26.4;24.3;24.6;25.2;26.1;17.4;330.5555556;0;0;2.8
18043200;21;14;0;0;22.8;15.1;20.4;17.2;69.6;3.5;24.1;24.2;25;26;18.8;338.8888889;0;0;2.5
18044100;22;14;0;0;22.9;15.4;20.4;17.1;69.9;0;24;23.8;24.8;25.9;18.8;338.8888889;0;0;2.5
18045000;22;15;0;0;23.3;16.4;20.3;17.6;70.4;0;24.1;23.4;24.7;25.8;18.8;338.8888889;0;0;2.5
18045900;21;17;0;0;23.3;17.9;20.1;18.1;70.6;0;24.2;22.6;24.5;25.7;18.8;338.8888889;0;0;2.5
18046800;21;17;0;0;23.3;18.3;19.6;17.7;71.9;0;24.4;21.3;24.8;25.6;18;350;0;0;2.6
18047700;22;17;0;0;23.4;18.4;19.5;17.6;73.4;0;24.8;20.1;26.4;25.5;18;350;0;0;2.6
18048600;22;17;0;0;23.8;18.9;19.8;17.2;73.7;0;21.4;18.7;26.4;25.1;18;350;0;0;2.6
18049500;22;18;0;0;22.45;20.2;19.6;18.45;73.95;0;20;18.5;23.85;25.65;18;350;0;0;2.6
18050400;22;19;0;0;21.1;21.5;19.4;19.7;74.2;0;18.6;18.3;21.3;26.2;17.6;341.6666667;0;0;2.3
18051300;19;18;19;64;18.1;19.9;19.2;20.2;74.2;0;18.7;18.2;21;23.2;17.6;341.6666667;0;0;2.3
18052200;15;16;5;7;15.6;16.8;19.4;20.2;73.5;0;18.3;17.4;17.9;18.5;17.6;341.6666667;0;0;2.3
18053100;14;16;17;40;15.7;16.7;19.6;20.2;72.5;0;18.3;17.5;18.1;18.3;17.6;341.6666667;0;0;2.3
18054000;14;15;5;6;14.9;16;19.3;19.6;72.8;0;17.5;17;17.4;17.2;17;316.6666667;0;0;2.7
18054900;14;16;0;0;15.3;16.8;19.1;19.4;73.2;0;17.6;17.1;17.5;17.4;17;316.6666667;0;0;2.7
18055800;18;15;0;0;18.2;16.3;18.9;19.4;73.2;0;17.5;17.2;17.6;17.7;17;316.6666667;0;0;2.7
18056700;17;13;0;0;17.5;14.8;18.7;19.4;73.9;0;17.8;17.2;17.6;17.9;17;316.6666667;0;0;2.7
18057600;17;12;0;0;17.6;13.6;18.6;18.9;74.2;0;18;17.1;17.6;18.5;17.3;319.4444444;0;0;3.3
18058500;17;12;0;0;18;13.3;18.5;18.8;74.3;0;18.1;17.1;17.6;19.5;17.3;319.4444444;0;0;3.3
18059400;17;12;0;0;18;13.3;18.6;18.8;73.8;0;18.4;17.1;17.6;20;17.3;319.4444444;0;0;3.3
18060300;17;12;0;0;18;13.3;18.4;18.8;73.9;0;18.6;17;17.5;20;17.3;319.4444444;0;0;3.3
18061200;17;12;0;0;18;13.3;18.3;17.3;74.1;0;18.9;16.8;17.4;19.6;15.8;319.4444444;0;0;3.2
18062100;17;13;0;0;18;14.2;18.2;16.7;73.9;0;19.1;16.7;17.3;19.2;15.8;319.4444444;0;0;3.2
18063000;17;15;0;0;18;15.8;18.1;16.7;74.1;0;19.1;16.6;17.3;19.1;15.8;319.4444444;0;0;3.2
18063900;17;15;0;0;18;15.8;17.9;16.6;74.9;0;19.1;16.4;17.2;19.1;15.8;319.4444444;0;0;3.2
18064800;17;15;0;0;18;15.8;18;16.4;75.4;0;19.1;16.3;17;19.1;15.6;319.4444444;0;0;4.1
18065700;17;15;0;0;18;15.8;17.9;16.3;76;0;18.8;16.2;16.9;19.1;15.6;319.4444444;0;0;4.1
18066600;17;15;0;0;18;15.8;17.9;16.6;76.2;0;18.6;16.2;16.8;19;15.6;319.4444444;0;0;4.1
18067500;17;15;0;0;18;15.8;18.1;17;75.9;0;18.6;16.3;16.9;19;15.6;319.4444444;0;0;4.1
18068400;17;15;0;0;18;15.8;18;16.8;76.1;0;18.5;16.4;16.9;19;15.7;319.4444444;8.333333333;11.11111111;4.1
18069300;17;15;0;0;18;15.8;18;16.7;76;0;18.3;16.5;16.9;18.8;15.7;319.4444444;8.333333333;11.11111111;4.1
18070200;17;15;0;0;17.5;16.3;18;16.2;75.4;0;18.2;16.5;17;18.7;15.7;319.4444444;8.333333333;11.11111111;4.1
18071100;17;17;0;0;17.5;17.6;17.9;15.5;75.4;0;18.1;16.6;17.1;18.6;15.7;319.4444444;8.333333333;11.11111111;4.1
18072000;17;17;0;0;17.5;17.7;17.9;15.6;75.2;0.2;18.2;16.7;17.1;18.5;15.8;322.2222222;44.44444444;86.11111111;4.4
18072900;17;16;0;0;17.5;17.1;18.1;15.6;75.3;0.3;18.2;16.7;17.3;18.6;15.8;322.2222222;44.44444444;86.11111111;4.4
18073800;17;16;0;0;17.5;16.8;18.7;15.6;73.5;0.3;18.2;16.8;17.4;18.6;15.8;322.2222222;44.44444444;86.11111111;4.4
18074700;17;16;0;0;17.5;16.8;18.8;15.5;71.7;0.3;18.3;17;17.8;18.7;15.8;322.2222222;44.44444444;86.11111111;4.4
18075600;17;16;0;0;17.5;16.8;18.9;15.9;71.6;32.8;18.4;17.3;18.4;18.8;18.6;341.6666667;136.1111111;200;4
18076500;17;16;0;0;17.7;16.7;19.1;15.9;70.7;32.8;18.8;17.6;19.5;18.9;18.6;341.6666667;136.1111111;200;4
18077400;19;15;0;0;19.4;16.3;19.5;16;70.2;32.8;19.3;18.2;20.7;19;18.6;341.6666667;136.1111111;200;4
18078300;18;13;0;0;18.4;15.3;20.3;16;68.6;32.8;20.1;18.9;21.6;19;18.6;341.6666667;136.1111111;200;4
18079200;18;14;0;0;18.2;15.5;21.2;16.9;66;131;21.3;20.3;22.4;19.2;19.2;333.3333333;138.8888889;377.7777778;3.2
18080100;19;15;0;0;18.5;16.3;21.8;17;63.6;138;22.5;21.4;23.2;19.3;19.2;333.3333333;138.8888889;377.7777778;3.2
18081000;18;15;0;0;18.7;16.3;21.9;16.9;61.5;133.4;23.5;22.3;24.1;19.5;19.2;333.3333333;138.8888889;377.7777778;3.2
18081900;19;14;0;0;18.7;16.1;21.9;16.8;61.5;129.4;24.5;23.3;25.1;19.7;19.2;333.3333333;138.8888889;377.7777778;3.2
18082800;18;12;0;0;18.9;14.8;22.2;17.7;60;261;25.9;24.5;26.5;20;20.4;372.2222222;183.3333333;341.6666667;4.3
18083700;18;12;0;0;19.2;14.3;22.4;17.8;58.6;281.2;27.3;25.8;28;20.2;20.4;372.2222222;183.3333333;341.6666667;4.3
18084600;18;12;0;0;19.2;14.3;22.8;18.6;57.4;281.2;28.6;27.2;29.7;20.5;20.4;372.2222222;183.3333333;341.6666667;4.3
18085500;15;14;0;0;15.9;15.5;23.8;19.5;54;281.2;29.7;29.1;30.6;23.6;20.4;372.2222222;183.3333333;341.6666667;4.3
18086400;16;13;0;0;17.6;14.7;24.2;20.2;51.7;403.9;29.3;28.5;30.3;22.8;20.4;372.2222222;261.1111111;405.5555556;3.8
18087300;16;13;0;0;18;14.2;24;20.4;50.4;434.6;30.4;29.2;31;22.8;20.4;372.2222222;261.1111111;405.5555556;3.8
18088200;17;12;0;0;18;14;23.7;20.3;51.4;434.6;30.7;29.6;31.1;23.1;20.4;372.2222222;261.1111111;405.5555556;3.8
18089100;17;14;0;0;18.3;15.1;24.2;20.2;49.1;434.6;31.3;30.4;31.5;23.4;20.4;372.2222222;261.1111111;405.5555556;3.8
18090000;16;15;0;0;18.5;16;24.3;21.1;48.7;523.5;31.5;30.6;31.4;23.7;20.9;363.8888889;288.8888889;625;4.4
18090900;16;15;1;1;17.1;16.2;24.5;21.2;48.2;529.8;32.4;31.4;31.9;25.1;20.9;363.8888889;288.8888889;625;4.4
18091800;15;13;0;0;16.7;14.4;24.1;21.3;47.8;537.3;30.6;30.5;30.6;25.8;20.9;363.8888889;288.8888889;625;4.4
18092700;16;12;0;0;18;14.1;24.5;21.3;46.7;541.1;32.2;31.2;31.4;25.4;20.9;363.8888889;288.8888889;625;4.4
18093600;17;12;0;0;18.4;13.9;25.3;22;45.6;628.1;34.6;33;32.6;25.9;22;355.5555556;233.3333333;761.1111111;3.8
18094500;17;12;0;0;18.6;13.9;25.6;22.1;43.9;634.3;36.7;34.9;33.5;26.3;22;355.5555556;233.3333333;761.1111111;3.8
18095400;14;13;0;0;15.8;14.8;25;21.4;44.1;631.8;35.9;35.5;34.2;29.1;22;355.5555556;233.3333333;761.1111111;3.8
18096300;15;12;0;0;17.3;13.9;24.7;21.1;45.8;630.5;34;33.5;32.6;27.2;22;355.5555556;233.3333333;761.1111111;3.8
18097200;15;12;0;0;17.6;13.6;24.1;21.8;45.4;667.6;34.1;33.6;32.6;27.7;22.8;363.8888889;280.5555556;613.8888889;3
18098100;16;14;0;0;18.1;15;25.4;21.9;42.5;673.3;35.6;34.7;33.2;27.9;22.8;363.8888889;280.5555556;613.8888889;3
18099000;14;14;1;0;16;15.2;26.5;21.8;40.8;673.3;37.1;36.3;34.8;30.3;22.8;363.8888889;280.5555556;613.8888889;3
18099900;15;13;0;0;16.9;13.9;26.1;21.6;41.4;673.3;35.5;35;33.5;29.3;22.8;363.8888889;280.5555556;613.8888889;3
18100800;15;12;0;0;17.5;13.8;26;22.1;41.9;672.6;37.6;36.2;34.5;29.8;23.6;361.1111111;275;750;2.4
18101700;15;12;0;0;17.8;13.4;26.5;22.3;41.3;672.4;38.9;37.4;35.1;30.1;23.6;361.1111111;275;750;2.4
18102600;16;11;0;0;18;13.4;26.8;22.5;40.2;672.4;39.9;38.5;35.6;30.3;23.6;361.1111111;275;750;2.4
18103500;15;11;0;0;18.1;13.4;26.6;22.6;41.2;672.4;40.1;39;35.9;30.5;23.6;361.1111111;275;750;2.4
18104400;14;13;0;0;16.2;14.3;26.9;23;40.2;640.4;39.8;38.9;36.4;32.1;23.8;372.2222222;294.4444444;600;2.3
18105300;15;13;0;0;17;13.7;27;23;39.6;640.4;37.7;37.1;35;31;23.8;372.2222222;294.4444444;600;2.3
18106200;15;14;0;0;17.5;14.3;27;23.1;40.4;640.4;38.3;37.2;35.1;31.4;23.8;372.2222222;294.4444444;600;2.3
18107100;16;14;0;0;18.1;14.9;27.4;23.2;39.7;640.4;39.6;37.9;35.8;31.7;23.8;372.2222222;294.4444444;600;2.3
18108000;16;14;0;0;18.2;15.2;27.8;23.5;39;597.2;40.8;38.5;36.5;31.9;24;366.6666667;211.1111111;491.6666667;1.9
18108900;14;13;1;0;16;15.1;27.4;23.5;39.3;594.1;39.1;38.5;36;33.1;24;366.6666667;211.1111111;491.6666667;1.9
18109800;16;13;0;0;17.6;13.9;27.4;23.7;40.3;594.1;37.7;37.1;35.2;32.1;24;366.6666667;211.1111111;491.6666667;1.9
18110700;16;13;0;0;18;13.9;27.5;23.9;40.5;594.1;39;37.8;35.9;32.7;24;366.6666667;211.1111111;491.6666667;1.9
18111600;16;12;0;0;18.2;13.9;28;24;40.1;536.6;39.6;38.5;36.4;32.9;23.6;347.2222222;97.22222222;438.8888889;1.1
18112500;16;12;0;0;18.3;13.9;28.1;24;38.9;532.5;39.9;38.9;37;33;23.6;347.2222222;97.22222222;438.8888889;1.1
18113400;15;12;0;0;18.7;13.9;27.3;24;40.3;532.5;39.5;38.9;37;33.1;23.6;347.2222222;97.22222222;438.8888889;1.1
18114300;14;14;0;0;16.5;15.4;27.4;24;40.9;532.5;38.1;38.1;36.1;33.5;23.6;347.2222222;97.22222222;438.8888889;1.1
18115200;16;15;0;0;18.1;16.2;27;23.8;40.9;429.2;36;36.3;34.8;32.3;23.3;341.6666667;61.11111111;261.1111111;1.1
18116100;15;14;0;0;18.2;16;27;23.7;41.7;391.6;36;36.1;35;32.8;23.3;341.6666667;61.11111111;261.1111111;1.1
18117000;15;14;0;0;18.2;15.8;28;23.7;39.6;391.6;35.5;35.9;35;32.9;23.3;341.6666667;61.11111111;261.1111111;1.1
18117900;14;14;0;0;18.2;15.8;30;23.7;35.9;391.6;34.8;35.6;34.7;32.9;23.3;341.6666667;61.11111111;261.1111111;1.1
18118800;14;14;0;0;18.2;15.8;32.2;23.2;31.5;293.6;34.1;35.3;34.2;32.8;22.1;338.8888889;38.88888889;113.8888889;1.4
18119700;14;14;0;0;18.5;15.8;32.5;23;31.3;258;33.3;34.8;33.6;32.7;22.1;338.8888889;38.88888889;113.8888889;1.4
18120600;14;14;0;0;18.7;15.8;29;22.9;36.1;258;32.4;34.4;33;32.6;22.1;338.8888889;38.88888889;113.8888889;1.4
18121500;14;15;0;0;18.7;15.8;25.3;22.9;44.5;258;31.6;33.8;32.4;32.5;22.1;338.8888889;38.88888889;113.8888889;1.4
18122400;14;15;0;0;18.7;16.3;24.3;21.8;47.6;119.4;30.8;33.3;31.9;32.4;20.7;333.3333333;8.333333333;11.11111111;2.1
18123300;14;17;0;0;18.9;18;23.7;21.8;49;119.4;30;32.3;31.2;32.2;20.7;333.3333333;8.333333333;11.11111111;2.1
18124200;15;16;0;0;18.3;18.1;23.1;22.1;50.8;119.8;29.4;31.6;30.6;31.5;20.7;333.3333333;8.333333333;11.11111111;2.1
18125100;16;13;0;0;18.9;16;22.7;22.3;53.5;120;28.8;30.8;30.1;31.2;20.7;333.3333333;8.333333333;11.11111111;2.1
18126000;16;12;0;0;19.4;14.8;22.2;21.1;55.5;29.3;28.2;30.1;29.6;31;19;330.5555556;0;0;3.3
18126900;16;12;0;0;19.4;14.3;21.7;21;57.4;22.8;27.7;29.5;29.1;30.7;19;330.5555556;0;0;3.3
18127800;16;12;0;0;19.4;13.9;21.3;20.9;58.8;22.8;27.2;28.9;28.7;30.5;19;330.5555556;0;0;3.3
18128700;16;12;0;0;19.7;13.9;20.9;20.8;60.9;22.8;26.7;28.3;28.3;30.2;19;330.5555556;0;0;3.3
18129600;16;12;0;0;19.9;13.9;20.4;19.8;62.8;3;26.3;27.8;27.9;29.9;18.1;325;0;0;1.7
18130500;16;12;0;0;19.9;13.9;20.2;19.7;63.8;0;26;27.3;27.6;29.6;18.1;325;0;0;1.7
18131400;17;14;0;0;20.4;14.8;19.9;19.6;65.1;0;25.7;26.8;27.3;29.4;18.1;325;0;0;1.7
18132300;17;16;0;0;20.4;16.9;19.5;19.5;66.7;0;25.2;26.2;26.9;29.1;18.1;325;0;0;1.7
18133200;17;16;0;0;20.4;16.9;19.3;18.9;67.6;0;24.8;25.9;26.5;28.9;17.6;322.2222222;0;0;2.8
18134100;17;16;0;0;20.9;16.9;18.9;18.8;68.4;0;24.5;25.4;26.3;28.7;17.6;322.2222222;0;0;2.8
18135000;17;16;0;0;20.9;16.9;18.8;18.5;68.8;0;24.2;24.9;26.1;28.5;17.6;322.2222222;0;0;2.8
18135900;17.5;16;0;0;21.15;17.15;18.6;19.15;69.95;0;23.85;24.35;25.95;28.3;17.6;322.2222222;0;0;2.8
18136800;18;16;0;0;21.4;17.4;18.4;19.8;71.1;0;23.5;23.8;25.8;28.1;16.8;322.2222222;0;0;3.3
18137700;18;16;0;0;21.4;17.4;18.3;20.2;71.9;0;23.2;23;25.8;27.9;16.8;322.2222222;0;0;3.3
18138600;18;17;0;0;21.4;17.9;17.9;20.2;73;0;22.6;21.3;26.6;27.7;16.8;322.2222222;0;0;3.3
18139500;18;17;0;0;21.8;18;17.8;20.2;73.9;0;21.3;18.7;27;27.5;16.8;322.2222222;0;0;3.3
18140400;18;19;0;0;21.9;20.1;17.7;19.6;73.7;0;18.3;16.7;24.5;27.1;15.8;316.6666667;0;0;2.5
18141300;18;19;0;0;21.6;20.4;17.5;19.4;74;0;17.1;16.4;21.1;27.2;15.8;316.6666667;0;0;2.5
18142200;19;19;0;0;18.5;20.6;17.5;19.4;74.2;0;16.7;16.2;20.8;26.2;15.8;316.6666667;0;0;2.5
18143100;18;18;0;0;17.7;19.2;17.3;19.4;74.8;0;16.5;16;23.5;26;15.8;316.6666667;0;0;2.5
18144000;17;16;0;0;16.7;17.5;17.1;16;75.2;0;16.4;15.7;21;25;14.4;311.1111111;0;0;2.6
18144900;16;13;0;0;16;15;16.9;16;75.4;0;16.3;15.5;19.2;25;14.4;311.1111111;0;0;2.6
18145800;15;12;0;0;16;13.9;16.8;16;76.1;0;16.2;15.2;18.8;25;14.4;311.1111111;0;0;2.6
18146700;16;12;0;0;16;13.9;16.6;16;76.7;0;16;15;18.4;25.1;14.4;311.1111111;0;0;2.6
18147600;16;12;0;0;15.9;13.4;16.4;15.6;76.9;0;15.8;14.7;18;25.1;14.4;311.1111111;0;0;1.7
18148500;15;13;0;0;15.5;14.3;16.4;15.5;77.2;0;15.5;14.4;17.8;24.9;14.4;311.1111111;0;0;1.7
18149400;15;15;0;0;15.3;15.9;16.3;15.4;77.4;0;15.2;14.2;17.6;24.6;14.4;311.1111111;0;0;1.7
18150300;15;14;0;0;15;15.9;16;15.4;78;0;15;13.9;17.4;24.7;14.4;311.1111111;0;0;1.7
18151200;15;14;0;0;15;15.9;15.9;15.1;78.2;0;14.7;13.8;17.5;24.7;13.7;308.3333333;0;0;2.6
18152100;15;14;0;0;14.6;15.4;15.8;15.1;78.7;0;14.4;13.7;17.4;24.5;13.7;308.3333333;0;0;2.6
18153000;14;14;0;0;14.5;15.4;15.6;14.5;78.7;0;14.2;13.5;17.2;24.2;13.7;308.3333333;0;0;2.6
18153900;14;14;0;0;14.1;15.4;15.5;14;79.1;0;13.9;13.2;17.1;23.8;13.7;308.3333333;0;0;2.6
18154800;14;14;0;0;14;15.4;15.5;13.9;79.3;0;13.7;13.1;16.9;23.3;12.8;305.5555556;8.333333333;13.88888889;2.4
18155700;14;14;0;0;14;15.4;15.4;13.9;80.2;0;13.6;13.1;16.7;22.7;12.8;305.5555556;8.333333333;13.88888889;2.4
18156600;14;14;0;0;13.6;15.4;15.2;14;80.7;0;13.4;12.9;16.5;22;12.8;305.5555556;8.333333333;13.88888889;2.4
18157500;13;16;0;0;13.2;17;15.2;14.1;80.9;0;13.3;12.7;16.4;20;12.8;305.5555556;8.333333333;13.88888889;2.4
18158400;13;17;0;0;13;17.6;15.2;14.2;81.2;0.3;13.2;12.9;16.4;13.8;14.2;308.3333333;41.66666667;102.7777778;2.5
18159300;13;17;0;0;13;17.9;15.3;14.2;81.4;0.4;13.3;15.8;18;12.4;14.2;308.3333333;41.66666667;102.7777778;2.5
18160200;13;17;0;0;13;17.9;15.4;14;81.7;0.4;13.9;21.1;21.9;13.3;14.2;308.3333333;41.66666667;102.7777778;2.5
18161100;13;16;0;0;13;17.6;15.7;13.7;81.6;0.4;14.6;20.8;21.5;14.4;14.2;308.3333333;41.66666667;102.7777778;2.5
18162000;13;16;0;0;13;16.9;16.2;14.3;81;35.4;15.3;19.3;20.4;15.5;15.7;316.6666667;63.88888889;261.1111111;2.3
18162900;13;15;0;0;13;16.4;16.9;14.4;78.3;44.2;16.3;18;18.9;16.5;15.7;316.6666667;63.88888889;261.1111111;2.3
18163800;12;15;0;0;13;16.4;17.5;13.9;76;44.2;17.6;17.5;18.4;17.4;15.7;316.6666667;63.88888889;261.1111111;2.3
18164700;12;15;0;0;13;16.4;17.9;13.4;74.6;44.2;19.2;17.7;18.7;18.2;15.7;316.6666667;63.88888889;261.1111111;2.3
18165600;14;17;0;0;14.2;17.1;18.2;14.6;73.9;140.9;18.8;17.9;19.1;18.6;18;325;77.77777778;430.5555556;3.1
18166500;13;15;0;0;13.9;17.1;18.7;14.9;72.3;165.1;19;18.1;19.6;18.4;18;325;77.77777778;430.5555556;3.1
18167400;13;15;0;0;13.9;16.4;19.2;15.2;71.2;166.6;20.8;18.9;21;18.5;18;325;77.77777778;430.5555556;3.1
18168300;13;14;0;0;14.3;15.8;19.7;15.5;69.7;168.3;22.6;20.2;22.7;18.6;18;325;77.77777778;430.5555556;3.1
18169200;13;12;0;0;14.4;14.7;20.3;16.9;67.6;286.8;24.3;21.9;24.8;18.8;20;333.3333333;88.88888889;586.1111111;2.2
18170100;14;12;0;0;14.5;14.4;20.9;17.2;66;316.4;26;23.6;27.1;19.2;20;333.3333333;88.88888889;586.1111111;2.2
18171000;14;12;0;0;14.9;13.7;21.5;17.2;63.5;316.4;27.7;25.3;29.3;19.5;20;333.3333333;88.88888889;586.1111111;2.2
18171900;14;12;0;0;14.9;13.5;22.4;17.3;60.4;316.4;29.5;27.2;31.3;19.9;20;333.3333333;88.88888889;586.1111111;2.2
18172800;13;13;1;0;15;14.5;23;18.7;57.5;441.4;31.7;29.9;32.8;23.2;22.1;347.2222222;108.3333333;708.3333333;3.4
18173700;14;13;0;0;14.9;14.3;23.7;19.1;55.7;472.7;30.2;28.6;31.2;23.6;22.1;347.2222222;108.3333333;708.3333333;3.4
18174600;14;12;0;0;15.2;14.1;24.5;19.4;53.2;472.7;33;30.3;33;23.6;22.1;347.2222222;108.3333333;708.3333333;3.4
18175500;14;13;0;0;15.7;14.5;25;19.8;49.3;472.7;35.3;32.5;34.6;24.4;22.1;347.2222222;108.3333333;708.3333333;3.4
18176400;14;14;0;0;15.7;15.2;25.3;21;48.7;551.9;36.9;34;35.8;24.9;24.1;369.4444444;233.3333333;713.8888889;3.5
18177300;14;14;1;1;15.2;15.4;25.8;21.5;48.5;580.7;38.5;36.3;37.2;27.9;24.1;369.4444444;233.3333333;713.8888889;3.5
18178200;14;13;0;0;15.1;13.9;26.1;21.6;47.9;584.2;35.5;33.7;35.1;27.9;24.1;369.4444444;233.3333333;713.8888889;3.5
18179100;14;12;0;0;15.5;13.8;26.2;21.8;47.9;589.4;38;35.4;36.1;28.5;24.1;369.4444444;233.3333333;713.8888889;3.5
18180000;14;12;0;0;15.9;13.8;26.8;23;47.4;657.2;39.7;37.2;36.9;29;24.3;386.1111111;286.1111111;538.8888889;3
18180900;15;12;0;0;16.3;13.8;28;23.4;46;681.8;41.5;39.1;38.4;29.4;24.3;386.1111111;286.1111111;538.8888889;3
18181800;13;13;0;1;14.8;14.3;28.5;23.5;45.1;686.4;39.6;38.4;37.8;31.9;24.3;386.1111111;286.1111111;538.8888889;3
18182700;14;12;0;0;15.6;13.8;28.6;23.7;44.6;693.4;36.9;35.6;35.7;30.3;24.3;386.1111111;286.1111111;538.8888889;3
18183600;14;12;0;0;15.9;13.8;28.6;24.9;44;767.4;37.6;36.1;36.2;31;25.9;372.2222222;205.5555556;800;2.6
18184500;14;14;0;0;16.1;15.1;27.9;24.9;44.1;767.4;37.5;36.1;36.2;31;25.9;372.2222222;205.5555556;800;2.6
18185400;15;14;0;0;16.6;15.3;27.6;25.1;45.7;767.4;38.9;37.1;36.9;31.2;25.9;372.2222222;205.5555556;800;2.6
18186300;13;13;1;1;15.7;14.8;27.7;25.3;45.8;767.4;39.2;38.3;37.4;33.3;25.9;372.2222222;205.5555556;800;2.6
18187200;15;13;0;0;16.3;13.9;27.9;26.1;46.6;780.1;40.1;38.1;37.1;32.8;26.3;377.7777778;230.5555556;780.5555556;2.1
18188100;15;12;0;0;16.4;13.9;28.7;26.2;45.5;781;42.6;40.4;38.3;33.5;26.3;377.7777778;230.5555556;780.5555556;2.1
18189000;13;12;1;0;15.9;14.3;29;25.7;44.5;781;43.1;41.5;39;34.8;26.3;377.7777778;230.5555556;780.5555556;2.1
18189900;13;13;0;0;15.2;13.9;28.9;25.2;44.6;781;39.6;38.8;37.7;34.2;26.3;377.7777778;230.5555556;780.5555556;2.1
18190800;14;12;0;0;16.4;13.7;28.5;25.7;45.3;708.1;40.5;38.8;37.7;34.1;25.7;372.2222222;150;727.7777778;2.4
18191700;14;12;0;0;16.4;13.7;28.3;25.8;45.9;696.9;40.9;39.3;37.6;34.3;25.7;372.2222222;150;727.7777778;2.4
18192600;15;14;0;0;16.6;14.7;28.8;26.1;44.9;696.9;41.1;39.8;37.8;34.5;25.7;372.2222222;150;727.7777778;2.4
18193500;15;15;0;0;17;15.7;29;26.4;45;696.9;42.1;40.6;38.4;34.8;25.7;372.2222222;150;727.7777778;2.4
18194400;15;13;0;0;17.4;14.9;29;26.5;45.8;595.8;43.2;41.5;39;35;26.9;375;141.6666667;586.1111111;2.6
18195300;16;13;0;0;17.6;14.7;29.3;26.5;44.8;588.6;44.1;42.3;39.5;35.4;26.9;375;141.6666667;586.1111111;2.6
18196200;14;13;0;1;16;14.6;29.3;26.5;45.6;588.6;41.4;40.9;38.1;35.6;26.9;375;141.6666667;586.1111111;2.6
18197100;15;13;0;0;17.3;14;29.7;26.4;44.7;588.6;41.1;40;38;35.2;26.9;375;141.6666667;586.1111111;2.6
18198000;16;13;0;0;17.7;14;29.7;26.2;43.7;491.9;41.9;40.7;38.6;35.7;25.9;388.8888889;166.6666667;252.7777778;2.6
18198900;16;13;0;0;17.8;14;29.6;26.2;44.1;467.7;42.3;41.2;39;35.9;25.9;388.8888889;166.6666667;252.7777778;2.6
18199800;14;13;0;0;17.8;14;29.4;25.9;45.8;467.7;41.6;41;38.6;36;25.9;388.8888889;166.6666667;252.7777778;2.6
18200700;14;14;0;0;17.6;14.4;29;25.5;46.5;467.7;40.3;40.1;37.8;36;25.9;388.8888889;166.6666667;252.7777778;2.6
18201600;14;16;0;0;17.3;16.5;28.7;24.9;47;334.4;39;38.9;36.8;35.7;24.8;405.5555556;41.66666667;41.66666667;2.2
18202500;14;15;0;0;17.3;16.5;28.2;24.7;48.8;285.9;37.8;37.9;35.9;35.4;24.8;405.5555556;41.66666667;41.66666667;2.2
18203400;14;15;0;0;17.3;16.5;27.6;25.2;50.5;285.9;36.6;37;35;35.2;24.8;405.5555556;41.66666667;41.66666667;2.2
18204300;14;15;0;0;17.3;16.5;27.2;26.1;51.5;285.9;35.4;36;34.2;35;24.8;405.5555556;41.66666667;41.66666667;2.2
18205200;14;15;0;0;17;16.5;26.3;24.7;62.1;172.1;33.9;34.5;33;34.8;21.5;380.5555556;47.22222222;61.11111111;4.2
18206100;14;15;0;0;16.8;16.5;24.9;24.7;69.3;172.1;31.9;32.8;31.7;34.5;21.5;380.5555556;47.22222222;61.11111111;4.2
18207000;14;15;0;0;17.1;16.8;24.1;24.6;70.4;172.1;30.8;31.9;30.9;33.7;21.5;380.5555556;47.22222222;61.11111111;4.2
18207900;16;14;0;0;18.3;16.2;23.9;24.6;70.7;172.1;30.2;31.2;30.5;32.9;21.5;380.5555556;47.22222222;61.11111111;4.2
18208800;16;13;0;0;18.3;15.2;23.5;23;70.3;79.4;29.1;30.4;29.9;32.6;20.5;366.6666667;8.333333333;11.11111111;2.8
18209700;16;15;0;0;18.8;16.6;22.9;22.9;71.8;72.8;28.4;29.6;29.4;32.3;20.5;366.6666667;8.333333333;11.11111111;2.8
18210600;16;15;0;0;18.8;16.8;22.5;23.1;73.6;75.8;27.7;28.9;28.8;31.9;20.5;366.6666667;8.333333333;11.11111111;2.8
18211500;16;13;0;0;18.9;15.3;22.3;23.2;73.7;78.5;27.1;28.2;28.3;31.6;20.5;366.6666667;8.333333333;11.11111111;2.8
18212400;16;12;0;0;19.3;14.6;22.1;22.5;74.5;28.9;26.7;27.8;27.8;31.2;19.8;375;0;0;2.2
18213300;16;12;0;0;19.3;14.5;21.9;22.3;74.6;16.5;26.3;27.3;27.5;30.9;19.8;375;0;0;2.2
18214200;17;13;0;0;19.8;14.5;21.8;21.6;75.1;16.5;25.8;26.8;27.1;30.6;19.8;375;0;0;2.2
18215100;17;13;0;0;19.8;14.7;21.9;20.8;74.9;16.5;25.5;26.4;26.8;30.2;19.8;375;0;0;2.2
18216000;17;14;0;0;20.1;15;21.8;20;75.3;3.3;25.2;26.1;26.6;29.9;20.2;380.5555556;0;0;2
18216900;17;14;0;0;20.3;15.5;22;19.8;75.6;0;25;25.8;26.3;29.6;20.2;380.5555556;0;0;2
18217800;18;15;0;0;20.5;16.2;22.4;19.6;74.4;0;24.9;25.5;26.2;29.4;20.2;380.5555556;0;0;2
18218700;18;17;0;0;20.8;18;22.4;19.3;74.5;0;24.7;25.2;25.9;29.3;20.2;380.5555556;0;0;2
18219600;18;17;0;0;20.8;18;22.4;18.9;74.4;0;24.5;25.1;25.7;29.1;20.3;361.1111111;0;0;1.1
18220500;18;17;0;0;21.3;18;22.1;18.8;74.4;0;24.3;25;25.6;28.9;20.3;361.1111111;0;0;1.1
18221400;19;17;0;0;21.3;18;21.9;18.8;75.3;0;24.1;24.8;25.4;28.7;20.3;361.1111111;0;0;1.1
18222300;19;17;0;0;21.55;18.1;21.8;18.3;75.35;0;23.95;24.6;25.3;28.55;20.3;361.1111111;0;0;1.1
18223200;19;17;0;0;21.8;18.2;21.7;17.8;75.4;0;23.8;24.4;25.2;28.4;19;344.4444444;0;0;1.1
18224100;19;17;0;0;21.8;18.5;21.3;17.6;76.2;0;23.5;24.2;25;28.2;19;344.4444444;0;0;1.1
18225000;19;17;0;0;21.8;18.5;21.1;17.6;76.7;0;23.3;23.9;24.9;28.1;19;344.4444444;0;0;1.1
18225900;19;18;0;0;22.3;18.7;20.9;17.6;77.1;0;23.1;23.7;24.7;27.9;19;344.4444444;0;0;1.1
18226800;20;19;0;0;22.3;20.2;20.8;17;77.6;0;22.8;23.3;24.6;27.7;18.6;366.6666667;0;0;1.2
18227700;19;20;0;0;22.3;20.5;20.7;16.8;77.8;0;22.5;22.8;24.5;27.6;18.6;366.6666667;0;0;1.2
18228600;19;19;0;0;21.1;20.7;20.5;16.8;78.1;0;21.4;21.3;23.3;27.2;18.6;366.6666667;0;0;1.2
18229500;18;19;0;0;19.6;21.7;20.4;16.8;77.9;0;20.3;19.8;23.7;27.3;18.6;366.6666667;0;0;1.2
18230400;17;15;0;0;19.3;20.6;20.7;16.2;76.5;0;20;19.4;25.4;27.2;18.3;380.5555556;0;0;2.8
18231300;17;15;0;0;18.6;19.1;21.1;16;72.2;0;19.7;19.5;23.1;27.1;18.3;380.5555556;0;0;2.8
18232200;15;19;0;0;16.6;21.3;21.3;16;68.6;0;20;19.7;21.2;27.3;18.3;380.5555556;0;0;2.8
18233100;15;16;0;0;15.7;20.9;21;16;69.9;0;19.9;19.6;20.8;27.2;18.3;380.5555556;0;0;2.8
18234000;15;13;0;0;15.8;15.7;20.6;17.8;69.8;0;19.4;19.4;20.7;27;18.3;361.1111111;0;0;3.1
18234900;15;16;0;0;16.4;17.5;20.5;17.8;69.1;0;19.3;19.3;21.6;26.5;18.3;361.1111111;0;0;3.1
18235800;15;18;0;0;16.9;19.2;20.6;18;68.7;0;19.3;19.2;22.5;25.7;18.3;361.1111111;0;0;3.1
18236700;15;18;0;0;17.2;19.2;20.6;18.2;68.9;0;19.3;19.2;21.5;25.9;18.3;361.1111111;0;0;3.1
18237600;16;18;0;0;17.6;19.2;20.2;17.7;68.4;0;19.3;19.1;21.1;26;16.9;316.6666667;0;0;2.8
18238500;16;18;0;0;17.6;19.2;19.8;17.6;66.4;0;19;18.8;21.2;25.9;16.9;316.6666667;0;0;2.8
18239400;16;18;0;0;17.9;19.2;19.3;17.7;66;0;18.7;18.6;21.2;25.7;16.9;316.6666667;0;0;2.8
18240300;16;18;0;0;18.1;19.2;18.8;17.8;67;0;18.4;18.3;21;25.7;16.9;316.6666667;0;0;2.8
18241200;16;18;0;0;18.1;19.2;18.5;17.4;67.8;0;18.1;17.9;20.8;25.7;16.2;311.1111111;8.333333333;11.11111111;3.3
18242100;16;18;0;0;18.1;19.2;18;17.2;69.2;0;17.7;17.5;20.7;25.7;16.2;311.1111111;8.333333333;11.11111111;3.3
18243000;16;18;0;0;18.1;19.1;17.8;17.5;69.4;0;17.5;17.1;20.5;25.7;16.2;311.1111111;8.333333333;11.11111111;3.3
18243900;17;19;0;0;17.7;19.9;17.6;17.9;71.3;0;17.2;16.8;20.4;25.5;16.2;311.1111111;8.333333333;11.11111111;3.3
18244800;17;19;0;0;17.6;20.1;17.8;17.5;70;0.1;17.1;16.6;20.1;25.4;16.3;308.3333333;38.88888889;100;4.5
18245700;17;18;0;0;17.5;19.1;17.8;17.3;70;0.2;17;16.4;19.9;25.4;16.3;308.3333333;38.88888889;100;4.5
18246600;16;17;0;0;17.1;18.7;17.7;17;69.7;0.2;17.3;16.3;19.7;25.2;16.3;308.3333333;38.88888889;100;4.5
18247500;16;17;0;0;16.9;18.2;17.7;16.5;69.6;0.2;17.8;16.3;19.6;25.1;16.3;308.3333333;38.88888889;100;4.5
18248400;16;17;0;0;16.6;18.2;17.9;16.4;69.3;34.7;18.5;16.3;19.5;24.9;17.6;311.1111111;63.88888889;261.1111111;4.2
18249300;16;17;0;0;16.6;18.2;18.4;16.4;68.6;34.7;19.4;16.5;19.3;24.9;17.6;311.1111111;63.88888889;261.1111111;4.2
18250200;16;17;0;0;16.6;18.2;19.1;16.2;65.5;34.7;20.5;16.9;19.3;24.8;17.6;311.1111111;63.88888889;261.1111111;4.2
18251100;16;17;0;0;16.6;18.2;19.5;16.1;62.5;34.7;21.8;17.5;19.6;24.9;17.6;311.1111111;63.88888889;261.1111111;4.2
18252000;18;18;0;0;19.1;18.5;19.7;16.7;61.4;144.6;21.9;18.2;20.7;23.8;18.6;316.6666667;83.33333333;433.3333333;3.8
18252900;18;16;0;0;19.2;18;19.9;16.7;61.5;152.5;23.5;19.5;22.2;24;18.6;316.6666667;83.33333333;433.3333333;3.8
18253800;18;15;0;0;19.2;17.3;20.3;16.8;60.4;152.5;24.8;20.9;23.6;24.2;18.6;316.6666667;83.33333333;433.3333333;3.8
18254700;18;14;0;0;19.2;16.6;20.5;16.9;58;152.6;26;22.4;25.1;24.2;18.6;316.6666667;83.33333333;433.3333333;3.8
18255600;18;13;0;0;19.2;15.2;20.6;17.8;56.4;298.2;27;23.6;26.7;24.2;19.2;333.3333333;166.6666667;513.8888889;3.6
18256500;18;12;0;0;19.2;14.2;20.8;17.8;54.7;298.2;28;24.9;28.2;24.2;19.2;333.3333333;166.6666667;513.8888889;3.6
18257400;18;12;0;0;19.2;14.2;21.2;18.3;54.6;298.2;29.2;26.2;29.7;24.3;19.2;333.3333333;166.6666667;513.8888889;3.6
18258300;16;14;1;0;16.9;16.1;21.6;18.6;53.9;298.2;30.1;28;30.5;25.2;19.2;333.3333333;166.6666667;513.8888889;3.6
18259200;15;14;0;0;18;16.1;22;19.5;52.9;431.5;28.4;26.6;28.8;27.3;19.6;358.3333333;250;413.8888889;4.1
18260100;15;13;0;0;18.5;15.2;22.7;19.6;50.3;441;30.1;27.8;29.9;27.2;19.6;358.3333333;250;413.8888889;4.1
18261000;16;13;0;0;18.6;14.8;22.8;19.6;49.5;441;31.6;29.2;31;27.2;19.6;358.3333333;250;413.8888889;4.1
18261900;16;14;0;0;18.6;15.9;22.6;19.7;51;441;32.5;30.1;31.5;27.3;19.6;358.3333333;250;413.8888889;4.1
18262800;16;15;0;0;18.9;16.8;23.2;20.5;50.4;529.1;33.8;31.4;32.3;27.4;20.8;344.4444444;225;780.5555556;4.6
18263700;17;13;0;0;19.1;15.9;23.7;20.7;47.5;551.1;35.2;32.7;33.2;27.6;20.8;344.4444444;225;780.5555556;4.6
18264600;17;12;0;0;19.1;14.6;23.8;20.5;47.3;545;36.8;34.3;34.2;27.8;20.8;344.4444444;225;780.5555556;4.6
18265500;18;12;0;0;19.6;14.3;24.4;20.2;46.7;538.1;38.3;35.6;35;28.1;20.8;344.4444444;225;780.5555556;4.6
18266400;18;12;0;0;19.6;13.8;25.2;20.9;44.3;606.1;40;37.2;36.2;28.4;21.7;341.6666667;191.6666667;836.1111111;3.9
18267300;18;12;0;0;19.8;13.8;25.4;21.1;41.9;623.1;41.2;38.6;37.2;28.7;21.7;341.6666667;191.6666667;836.1111111;3.9
18268200;18;11;0;0;20.1;13.3;24.7;20.8;42.7;619.8;41.6;39.3;37.6;29.1;21.7;341.6666667;191.6666667;836.1111111;3.9
18269100;17;11;0;0;20.1;13.3;24.3;20.5;42.8;616.1;41.6;39.4;37.5;29.5;21.7;341.6666667;191.6666667;836.1111111;3.9
18270000;15;14;1;1;17.6;15.3;24;20.9;42.2;625.9;40.4;38.8;37;31.4;22.1;350;241.6666667;647.2222222;3.2
18270900;16;14;0;0;17.6;16.1;24.1;21.1;41.5;629.5;36.6;35.4;34.3;30.6;22.1;350;241.6666667;647.2222222;3.2
18271800;16;13;0;0;18.5;15.4;24.7;21.2;40.9;629.5;37.6;35.9;34.6;30.5;22.1;350;241.6666667;647.2222222;3.2
18272700;16;12;0;0;18.5;14.6;24.9;21.4;41.1;629.5;38.4;36.6;34.8;30.8;22.1;350;241.6666667;647.2222222;3.2
18273600;15;13;1;1;17.2;15.2;25.1;21.8;40.1;640.8;38;36.7;34.9;31.7;23;361.1111111;300;727.7777778;2
18274500;15;13;0;0;17;14.2;25.6;21.9;40.3;643.6;36;34.9;33.8;31.3;23;361.1111111;300;727.7777778;2
18275400;16;13;0;0;18.4;14.2;26.1;22;39.3;643.6;38.2;36.1;34.9;31.3;23;361.1111111;300;727.7777778;2
18276300;16;13;0;0;18.7;14.2;25.8;22.2;39.7;643.6;40.1;37.8;35.5;31.6;23;361.1111111;300;727.7777778;2
18277200;16;12;0;0;18.9;13.7;25.7;22.3;39.5;597.4;39.5;37.7;35;31.5;22.2;372.2222222;272.2222222;375;1.5
18278100;16;12;0;0;18.9;13.7;25.6;22.3;39.9;585.9;38.7;37.3;34.7;31.5;22.2;372.2222222;272.2222222;375;1.5
18279000;16;14;0;0;18.9;15;26.3;22.3;39.8;585.9;38.5;37.4;35;31.6;22.2;372.2222222;272.2222222;375;1.5
18279900;16;15;0;0;19.1;15.7;26.6;22.2;38.6;585.9;38.4;37.2;35.1;31.6;22.2;372.2222222;272.2222222;375;1.5
18280800;17;13;0;0;19.4;15.4;26.9;22.4;36.6;530.7;39.4;37.8;35.8;31.8;22.3;358.3333333;291.6666667;380.5555556;1
18281700;17;12;0;0;19.5;14.3;26.5;22.5;37.7;516.9;39.3;37.9;35.6;31.8;22.3;358.3333333;291.6666667;380.5555556;1
18282600;17;12;0;0;19.9;14.1;26.2;22.8;38.5;516.9;38.8;37.7;35.4;31.9;22.3;358.3333333;291.6666667;380.5555556;1
18283500;17;12;0;0;19.9;13.7;26.1;23.3;39;516.9;37.9;37.1;34.8;31.9;22.3;358.3333333;291.6666667;380.5555556;1
18284400;17;12;0;0;19.9;13.7;26.1;23.3;39.2;471.7;36.9;36.3;34.1;31.7;22.6;341.6666667;136.1111111;463.8888889;1.7
18285300;17;12;0;0;20.3;13.7;26.4;23.3;38.7;455.3;36.2;35.8;33.9;31.6;22.6;341.6666667;136.1111111;463.8888889;1.7
18286200;18;12;0;0;20.5;13.7;26.1;22.8;38.8;455.3;36;35.5;34.1;31.5;22.6;341.6666667;136.1111111;463.8888889;1.7
18287100;18;13;0;0;20.9;14.4;26.1;22.3;39.5;455.3;36;35.4;34.4;31.4;22.6;341.6666667;136.1111111;463.8888889;1.7
18288000;19;16;0;0;20.9;16.7;26;22.1;39.8;367.7;35.7;35.1;34.5;31.4;22;344.4444444;83.33333333;194.4444444;2.5
18288900;18;16;0;0;21;16.7;26;22;40.3;335.9;35.3;34.8;34.7;31.5;22;344.4444444;83.33333333;194.4444444;2.5
18289800;17;15;0;0;21.4;16.7;26.6;22;38.8;335.9;34.6;34.6;34.5;31.5;22;344.4444444;83.33333333;194.4444444;2.5
18290700;17;15;0;0;21.4;16.7;27.9;22;36.4;335.9;33.9;34.4;34.1;31.5;22;344.4444444;83.33333333;194.4444444;2.5
18291600;17;16;0;0;21.4;16.7;26.9;21.6;37.3;250.5;32.9;33.8;33.2;31.4;20.9;375;41.66666667;41.66666667;3
18292500;17;16;0;0;21.4;17;24.8;21.5;42.1;219.4;31.8;32.9;32;31.2;20.9;375;41.66666667;41.66666667;3
18293400;17;16;0;0;21.4;17.2;24.1;21.8;45.1;219.4;30.7;31.8;30.9;30.9;20.9;375;41.66666667;41.66666667;3
18294300;16;17;0;0;20.3;17.9;23.6;22.1;46.5;219.4;29.8;30.9;30;30.9;20.9;375;41.66666667;41.66666667;3
18295200;17;14;0;0;20.8;16.8;23.3;21.5;48.2;124.9;29;30.1;29.4;30.6;20.1;361.1111111;2.777777778;5.555555556;1.6
18296100;17;15;0;0;21;17.4;23.1;21.3;48.7;101.3;28.3;29.4;28.9;30.3;20.1;361.1111111;2.777777778;5.555555556;1.6
18297000;17;15;0;0;21;17.1;22.8;21.3;49.7;102.1;27.7;28.8;28.5;30.2;20.1;361.1111111;2.777777778;5.555555556;1.6
18297900;17;13;0;0;21;15.3;22.4;21.3;50.8;103.2;27.2;28.3;28;30.1;20.1;361.1111111;2.777777778;5.555555556;1.6
18298800;17;12;0;0;21.2;14.4;22;20.5;52.7;37.1;26.7;27.8;27.6;29.9;19.1;336.1111111;0;0;1.7
18299700;18;12;0;0;21.5;14;21.8;20.2;53.6;13;26.4;27.4;27.3;29.7;19.1;336.1111111;0;0;1.7
18300600;18;12;0;0;21.5;13.9;21.1;20.1;56.4;13;26;26.9;27;29.5;19.1;336.1111111;0;0;1.7
18301500;18;13;0;0;21.7;14.1;20.7;19.9;57.9;13;25.7;26.5;26.7;29.3;19.1;336.1111111;0;0;1.7
18302400;18;13;0;0;22;14.4;20.4;19;59.6;3.5;25.4;26;26.4;29.1;17.8;338.8888889;0;0;1.4
18303300;18;13;0;0;22;14.9;20.1;18.7;60.4;0;25.1;25.6;26.1;28.8;17.8;338.8888889;0;0;1.4
18304200;18;15;0;0;22;15.9;19.8;18.8;62.5;0;24.8;25.1;25.9;28.5;17.8;338.8888889;0;0;1.4
18305100;18;17;0;0;22.2;17.5;19.6;19;63.1;0;24.5;24.5;25.5;28.2;17.8;338.8888889;0;0;1.4
18306000;19;17;0;0;22.5;17.9;19.4;18.5;64;0;24.1;24.3;25.2;28.1;17.5;372.2222222;0;0;2.3
18306900;19;16;0;0;22.5;17.9;19.4;18.3;64.5;0;23.9;24;25.1;27.9;17.5;372.2222222;0;0;2.3
18307800;19;16;0;0;22.9;17.9;19.4;18.3;65.7;0;23.7;23.6;25;27.7;17.5;372.2222222;0;0;2.3
18308700;19.5;16.5;0;0;22.95;17.9;19.65;18.05;65.4;0;23.65;22.7;25.15;27.6;17.5;372.2222222;0;0;2.3
18309600;20;17;0;0;23;17.9;19.9;17.8;65.1;0;23.6;21.8;25.3;27.5;17.6;375;0;0;1.7
18310500;18;17;19;77;20.2;18.3;20.2;17.6;64.2;0;21.9;19.9;23.6;23.8;17.6;375;0;0;1.7
18311400;14;15;40;56;15.4;16.6;20.3;17.6;63.8;0;18;17.7;18.1;18;17.6;375;0;0;1.7
18312300;14;15;0;0;14.9;16.3;20.3;17.6;62.4;0;18;17.7;18.1;17.5;17.6;375;0;0;1.7
18313200;14;16;23;50;14.8;16.6;20.3;17;60.9;0;18;17.7;18.1;17.5;16.7;380.5555556;0;0;0.9
18314100;14;15;0;0;14.8;16;20.3;16.8;61.7;0;17.6;17.4;17.7;17.1;16.7;380.5555556;0;0;0.9
18315000;13;15;20;43;14.5;16;20;16.8;66.4;0;17.5;17.3;17.6;16.9;16.7;380.5555556;0;0;0.9
18315900;11;13;37;82;12.7;14.3;19.7;16.8;68.7;0;15.8;15.6;15.9;15.4;16.7;380.5555556;0;0;0.9
18316800;13;13;14;0;14.1;13.3;19.2;16.2;71.3;0;15.7;15.7;16;14.8;15.7;375;0;0;0.8
18317700;13;13;0;0;14.1;13.7;18.6;16.2;74.4;0;16.1;16;16.4;15;15.7;375;0;0;0.8
18318600;13;13;0;0;14.1;14;18.4;16.2;75.9;0;16.3;16.2;16.6;15.1;15.7;375;0;0;0.8
18319500;13;13;0;0;14.1;14.3;18.4;16.2;76.8;0;16.5;16.3;16.8;15.3;15.7;375;0;0;0.8
18320400;13;14;0;0;14.4;14.7;18.4;16.4;79.1;0;16.7;16.4;16.9;15.5;15.2;375;0;0;1.5
18321300;13;15;0;0;14.6;15.7;18.3;16.4;80.5;0;16.8;16.6;17.1;15.6;15.2;375;0;0;1.5
18322200;14;16;0;0;14.7;17.3;18.4;16.4;80.7;0;17;16.7;17.3;15.7;15.2;375;0;0;1.5
18323100;14;16;0;0;15.1;17.3;18.2;16.3;82.8;0;17;16.9;17.4;15.8;15.2;375;0;0;1.5
18324000;14;16;0;0;15.1;17.3;17.6;15.9;87.5;0;17;17.1;17.6;15.8;14.8;375;0;0;2.3
18324900;13;15;22;27;14.4;15.8;17.6;15.9;87.5;0;16.7;16.7;17;16.1;14.8;375;0;0;2.3
18325800;13;14;0;0;14.2;14.8;17.6;15.6;86.4;0;16.4;16.2;16.6;16.3;14.8;375;0;0;2.3
18326700;13;14;0;0;14.6;14.8;17.5;15.4;87;0;16.4;16.2;16.7;16.5;14.8;375;0;0;2.3
18327600;14;14;1;3;14.7;14.9;17.3;15.1;88.2;0;16.4;16.3;16.7;16.6;14.5;375;2.777777778;2.777777778;1.8
18328500;11;13;29;77;12.6;14.3;17;15.1;88.8;0;15.8;15.7;16;15.5;14.5;375;2.777777778;2.777777778;1.8
18329400;13;13;0;0;13.5;13.8;17.1;15;89.3;0;15.5;15.3;15.7;15.1;14.5;375;2.777777778;2.777777778;1.8
18330300;13;15;0;0;13.8;15.5;17;14.9;90;0;15.8;15.6;15.9;15.4;14.5;375;2.777777778;2.777777778;1.8
18331200;13;15;0;0;14;15.8;17.1;14.8;90;0.1;16;16.1;16.2;15.6;14.6;377.7777778;16.66666667;16.66666667;1.9
18332100;13;14;0;0;14;15.3;17.1;14.8;89.3;0.1;16.2;16.3;16.4;15.8;14.6;377.7777778;16.66666667;16.66666667;1.9
18333000;13;14;0;0;14;15.3;17;14.7;89.3;0.1;16.5;16.4;16.6;16.1;14.6;377.7777778;16.66666667;16.66666667;1.9
18333900;13;14;0;0;14.4;15.3;17.2;14.6;89.8;0.1;16.7;16.4;16.7;16.3;14.6;377.7777778;16.66666667;16.66666667;1.9
18334800;13;14;0;0;15;15.3;17.3;14.6;89.7;12.7;16.7;16.5;16.8;16.6;14.8;377.7777778;72.22222222;72.22222222;1.4
18335700;14;14;0;0;15.8;15.3;17.4;14.6;89.3;14.6;16.8;16.6;16.8;17.4;14.8;377.7777778;72.22222222;72.22222222;1.4
18336600;13;14;23;26;14.8;15.1;17.7;14.5;89.3;14.6;16.7;16.6;16.8;16.6;14.8;377.7777778;72.22222222;72.22222222;1.4
18337500;13;14;0;0;14.3;14.8;17.8;14.4;89.6;14.6;16.6;16.6;16.8;16.1;14.8;377.7777778;72.22222222;72.22222222;1.4
18338400;13;14;28;73;13.5;14.8;18.1;14.7;89.2;58.8;16.8;16.7;16.9;16.2;15.4;375;116.6666667;116.6666667;1.6
18339300;13;14;0;0;14.4;14.8;18.3;14.8;88.3;69.9;16.4;16.3;16.5;15.8;15.4;375;116.6666667;116.6666667;1.6
18340200;13;15;0;0;14.5;15.6;18.6;14.9;88.5;68.8;16.6;16.7;16.9;16;15.4;375;116.6666667;116.6666667;1.6
18341100;14;15;3;2;14.5;16.1;19;15;87.7;68.1;17;17.6;17.3;16.3;15.4;375;116.6666667;116.6666667;1.6
18342000;14;15;20;43;14.3;15.8;19.3;15.6;86.8;125.5;17.6;17.6;17.8;17;15.7;377.7777778;113.8888889;113.8888889;3.6
18342900;14;15;3;3;14.7;15.8;19.1;15.8;85.2;139.8;17.9;17.8;18;17;15.7;377.7777778;113.8888889;113.8888889;3.6
18343800;14;15;20;45;14.8;16;18.9;15.6;85.4;139.8;17.6;17.6;17.8;17;15.7;377.7777778;113.8888889;113.8888889;3.6
18344700;14;15;3;3;15;15.8;18.9;15.5;85.4;139.8;17.6;17.4;17.7;16.9;15.7;377.7777778;113.8888889;113.8888889;3.6
18345600;14;14;20;32;14.4;15.5;18.5;16.2;88;199.9;17.1;17;17.3;16.4;15.8;369.4444444;244.4444444;244.4444444;3.7
18346500;13;14;18;45;14.1;15.4;18.5;16.3;89.6;204.2;17.3;17.2;17.6;16.6;15.8;369.4444444;244.4444444;244.4444444;3.7
18347400;13;14;16;34;14.5;15.4;18.9;16.2;88.5;204.2;17.2;17.2;17.4;16.7;15.8;369.4444444;244.4444444;244.4444444;3.7
18348300;14;15;15;33;14.5;15.8;19.5;16.2;86.7;204.2;17.7;17.7;17.9;17;15.8;369.4444444;244.4444444;244.4444444;3.7
18349200;14;16;27;46;15.1;16.2;19.6;16.9;86;291;18.5;18.5;18.8;17.7;16.1;380.5555556;186.1111111;188.8888889;3.2
18350100;14;16;33;54;15.4;16.7;20.4;17;83.5;304.3;19;19;19.2;18.1;16.1;380.5555556;186.1111111;188.8888889;3.2
18351000;15;16;35;58;15.8;16.8;20.4;16.8;82.3;293.1;19.3;19.2;19.4;18.3;16.1;380.5555556;186.1111111;188.8888889;3.2
18351900;14;15;26;67;15.5;16.7;20.2;16.6;82.2;276.2;18.5;18.4;18.6;17.5;16.1;380.5555556;186.1111111;188.8888889;3.2
18352800;14;16;27;45;15.1;16.6;20.5;17.4;83;373.1;18.8;18.8;18.9;17.8;17.3;380.5555556;291.6666667;294.4444444;3.3
18353700;15;16;33;57;15.8;17.2;21.5;17.4;78.5;373.1;19.7;19.6;19.8;18.7;17.3;380.5555556;291.6666667;294.4444444;3.3
18354600;15;18;37;123;16.2;18.8;22.4;16.9;68.7;324;21.1;21.1;21.3;20.1;17.3;380.5555556;291.6666667;294.4444444;3.3
18355500;15;18;44;129;15.8;18.8;23;16.5;64.9;291.3;20.6;20.5;20.7;19.5;17.3;380.5555556;291.6666667;294.4444444;3.3
18356400;15;18;44;130;15.8;18.8;23.1;17.2;61.7;339.7;20.6;20.6;20.7;19.5;18.6;377.7777778;394.4444444;430.5555556;2.9
18357300;15;18;36;111;15.9;18.8;23.4;17.2;60.5;343.2;20.8;20.9;21;19.7;18.6;377.7777778;394.4444444;430.5555556;2.9
18358200;15;19;35;135;16.5;19.5;24.1;16.9;58.7;343.2;22;21.9;22;20.8;18.6;377.7777778;394.4444444;430.5555556;2.9
18359100;15;19;43;191;16.1;20;24.5;16.7;56.5;343.2;21.9;21.9;21.9;20.8;18.6;377.7777778;394.4444444;430.5555556;2.9
18360000;15;18;43;129;16.5;19;23.7;17.1;59.9;378.5;20.7;20.7;20.8;19.6;19.2;375;280.5555556;388.8888889;2.1
18360900;15;17;43;95;16;17.9;23.5;17.2;61.4;383.9;19.7;19.5;19.7;18.7;19.2;375;280.5555556;388.8888889;2.1
18361800;15;17;43;101;15.6;17.8;23.7;17.4;59.1;383.9;19.8;19.7;19.9;19;19.2;375;280.5555556;388.8888889;2.1
18362700;15;19;43;165;16;19.3;23.9;17.6;58;383.9;21.7;21.7;21.8;20.8;19.2;375;280.5555556;388.8888889;2.1
18363600;16;20;43;196;16.7;20.6;24.6;17.9;55.1;351.4;22.9;23;23;22;19.6;377.7777778;236.1111111;305.5555556;2.4
18364500;17;20;32;123;18;21.4;24.7;18;54.1;343.3;23.9;24;23.8;22.5;19.6;377.7777778;236.1111111;305.5555556;2.4
18365400;16;20;44;230;16.8;21.6;24.6;18.4;55;343.3;23.1;23.2;23.1;21.9;19.6;377.7777778;236.1111111;305.5555556;2.4
18366300;15;18;44;121;16.7;19.2;23.5;18.9;57.2;343.3;20.8;20.8;20.9;19.8;19.6;377.7777778;236.1111111;305.5555556;2.4
18367200;15;17;43;114;16.3;18.4;23.5;19;57.3;319.6;20.5;20.5;20.6;19.6;19.1;350;158.3333333;255.5555556;2.9
18368100;15;18;43;138;16.3;18.9;24.2;19.1;55.3;311;21.2;21.2;21.3;20.2;19.1;350;158.3333333;255.5555556;2.9
18369000;15;19;34;117;16.6;19.7;23.5;19.3;51.4;311;22.1;22.1;22.2;21;19.1;350;158.3333333;255.5555556;2.9
18369900;15;18;39;136;16.3;19.2;22.3;19.4;50.3;311;20.6;20.7;20.8;19.7;19.1;350;158.3333333;255.5555556;2.9
18370800;15;17;43;78;16.1;17.6;22.1;19.3;50.3;286.7;19.4;19.3;19.5;18.5;18.7;361.1111111;238.8888889;252.7777778;2.3
18371700;15;16;43;71;16;17.3;21.8;19.3;51;286.7;19;18.9;19.2;18.3;18.7;361.1111111;238.8888889;252.7777778;2.3
18372600;15;16;43;73;15.6;17.3;22;19.4;51.2;286.7;19.1;19;19.3;18.4;18.7;361.1111111;238.8888889;252.7777778;2.3
18373500;15;16;43;80;15.6;17.3;22.3;19.5;52;286.7;19.3;19.3;19.4;18.6;18.7;361.1111111;238.8888889;252.7777778;2.3
18374400;15;16;43;80;15.6;17.3;21.8;19.4;54.5;216.5;19.4;19.3;19.5;18.6;17.7;344.4444444;186.1111111;286.1111111;1.6
18375300;15;17;43;86;15.6;17.3;21.6;19.3;56.8;191;19.6;19.6;19.7;18.8;17.7;344.4444444;186.1111111;286.1111111;1.6
18376200;15;17;43;90;15.6;17.6;21.8;19.2;57.3;191;19.7;19.7;19.9;18.9;17.7;344.4444444;186.1111111;286.1111111;1.6
18377100;15;16;43;78;15.6;17.6;21.7;19;58.3;191;19.4;19.4;19.6;18.6;17.7;344.4444444;186.1111111;286.1111111;1.6
18378000;15;17;35;87;15.4;17.4;24.3;18.9;51;151;19.8;19.7;19.9;19;17.9;330.5555556;91.66666667;150;1.9
18378900;14;17;37;113;15.2;17.8;27.1;18.8;43.3;136.4;19.9;19.9;20;19.2;17.9;330.5555556;91.66666667;150;1.9
18379800;15;17;43;100;15.8;17.8;23.8;18.7;50.8;136.4;19.6;19.7;19.8;18.8;17.9;330.5555556;91.66666667;150;1.9
18380700;15;17;43;79;15.8;17.7;21.9;18.6;57;136.4;19.5;19.4;19.6;18.7;17.9;330.5555556;91.66666667;150;1.9
18381600;15;16;37;55;15.8;17.2;20.9;18.2;60.5;86.3;18.9;18.8;19.1;18.2;17.1;319.4444444;11.11111111;11.11111111;1.7
18382500;15;18;0;0;15.8;17.7;20.2;18.1;63;68.1;18.9;18.8;19.3;18.1;17.1;319.4444444;11.11111111;11.11111111;1.7
18383400;15;17;22;51;15.5;17.7;19.6;17.7;65.3;67.7;18.7;18.6;19;18;17.1;319.4444444;11.11111111;11.11111111;1.7
18384300;15;15;1;5;15.8;16.3;19;17.2;67.6;67.2;18.1;17.9;18.3;17.6;17.1;319.4444444;11.11111111;11.11111111;1.7
18385200;12;14;39;116;12.9;15.5;18.9;16.9;69.6;28.4;17;16.8;17.1;16.5;16;327.7777778;0;0;2.3
18386100;12;13;1;2;13;14.3;18.7;16.8;70.9;9;16.1;16;16.4;15.6;16;327.7777778;0;0;2.3
18387000;12;14;0;0;13.3;14.3;18.5;17;71.6;9;16.3;16.5;16.6;15.8;16;327.7777778;0;0;2.3
18387900;12;14;0;0;13.5;14.7;18.3;17.4;72;9;16.5;17;16.8;16;16;327.7777778;0;0;2.3
18388800;12;14;0;0;13.7;14.8;18.4;16.6;72.5;2.4;16.8;17;17;16.2;15.9;319.4444444;0;0;2.2
18389700;13;14;0;0;14;14.8;18.3;16.3;72;0;16.9;17;17.1;16.4;15.9;319.4444444;0;0;2.2
18390600;13;15;0;0;14.2;15.6;18;16.2;70.8;0;17;17;17.3;16.7;15.9;319.4444444;0;0;2.2
18391500;12;14;26;69;12.7;15.1;17.8;16;71;0;16.4;16.2;16.5;16;15.9;319.4444444;0;0;2.2
18392400;12;14;0;0;12.6;14.3;17.6;15.6;71.8;0;16;15.8;16.1;15.7;15.5;363.8888889;0;0;1.5
18393300;12;13;0;0;12.7;14.3;17.5;15.4;72.2;0;16.3;16;16.3;15.9;15.5;363.8888889;0;0;1.5
18394200;12;13;0;0;13.2;14.3;17.7;15.4;71.5;0;16.5;16.3;16.5;16.2;15.5;363.8888889;0;0;1.5
18395100;12;13;0;0;13.35;14.3;17.9;16.2;70.35;0;16.7;16.6;16.85;16.4;15.5;363.8888889;0;0;1.5
18396000;12;13;0;0;13.5;14.3;18.1;17;69.2;0;16.9;16.9;17.2;16.6;15.2;336.1111111;0;0;2
18396900;12;14;0;0;13.8;14.5;18.1;17.5;69.3;0;17;17;17.3;16.8;15.2;336.1111111;0;0;2
18397800;13;14;0;0;14.2;14.8;17.8;17.5;70.3;0;17;16.9;17.3;17;15.2;336.1111111;0;0;2
18398700;13;14;0;0;14.7;14.8;17.5;17.5;71.4;0;17;16.8;17.4;17.2;15.2;336.1111111;0;0;2
18399600;13;16;0;0;15.2;16.4;17.2;17.1;72.3;0;17.1;16.5;17.5;17.4;14.9;358.3333333;0;0;1.5
18400500;11;13;26;66;12.4;14.7;16.9;16.9;73.9;0;15.8;15.5;16;16;14.9;358.3333333;0;0;1.5
18401400;11;14;0;0;12;14.3;17.2;16.9;73;0;15.4;15.1;15.5;15.4;14.9;358.3333333;0;0;1.5
18402300;11;13;0;0;12.5;14.3;17.3;16.9;72.6;0;15.6;15.3;15.6;15.7;14.9;358.3333333;0;0;1.5
18403200;12;13;0;0;12.5;14.3;17.5;14.9;71.8;0;15.8;15.6;15.7;15.9;14.9;355.5555556;0;0;1.3
18404100;12;13;0;0;13;14.3;17.6;14.9;72.1;0;16;15.6;15.8;16.2;14.9;355.5555556;0;0;1.3
18405000;12;13;0;0;13.3;14.3;17.5;14.9;72.1;0;16.2;15.6;15.9;16.4;14.9;355.5555556;0;0;1.3
18405900;12;14;0;0;14.1;14.3;17.5;14.9;71.8;0;16.3;15.6;16.2;16.9;14.9;355.5555556;0;0;1.3
18406800;12;14;0;0;14.8;14.5;17.6;14.7;72;0;16.5;15.6;16.4;17.6;14.7;358.3333333;0;0;1.2
18407700;12;15;0;0;15;15.1;17.5;14.7;72.7;0;16.8;15.6;16.7;18.2;14.7;358.3333333;0;0;1.2
18408600;13;16;7;12;14.7;16;17.5;14.6;72.8;0;16.8;15.6;16.7;18.1;14.7;358.3333333;0;0;1.2
18409500;11;13;18;48;11.8;14;17.6;14.6;73.1;0;15.3;15.2;15.4;15.1;14.7;358.3333333;0;0;1.2
18410400;11;13;0;0;12.3;13.8;17.5;14.4;73.8;0;15.2;15;15.3;15;14.2;338.8888889;0;0;1.8
18411300;11;13;0;0;12.4;13.8;17.4;14.4;74.1;0;15.4;15.1;15.3;15.4;14.2;338.8888889;0;0;1.8
18412200;12;13;0;0;12.8;14.1;17.4;14.6;74.1;0;15.6;15.2;15.4;15.6;14.2;338.8888889;0;0;1.8
18413100;12;13;0;0;12.9;14.3;17.3;14.8;74.1;0;15.9;15.3;15.4;15.8;14.2;338.8888889;0;0;1.8
18414000;12;14;0;0;13.3;14.3;16.9;14.6;75.4;0;16;15.2;15.3;16.2;14.2;358.3333333;5.555555556;5.555555556;3.1
18414900;12;14;0;0;13.8;14.4;16.8;14.6;75.9;0;16.3;15.1;15.3;16.8;14.2;358.3333333;5.555555556;5.555555556;3.1
18415800;12;14;0;0;14.4;14.8;16.9;14.6;75.8;0;16.6;15;15.3;17.6;14.2;358.3333333;5.555555556;5.555555556;3.1
18416700;12;16;0;0;14.4;16;17.3;14.6;75.3;0;16.8;15.1;15.4;18.1;14.2;358.3333333;5.555555556;5.555555556;3.1
18417600;14;14;0;0;14.8;15.1;17.3;14.4;75.2;0.2;16.8;15.1;15.5;18.2;14.4;363.8888889;33.33333333;33.33333333;2.2
18418500;14;14;0;0;14.9;14.8;17.3;14.4;75.8;0.3;17.1;15.2;15.7;18;14.4;363.8888889;33.33333333;33.33333333;2.2
18419400;14;13;0;0;14.9;14.4;17.6;14.3;75.2;0.3;17.3;15.3;15.6;17.8;14.4;363.8888889;33.33333333;33.33333333;2.2
18420300;14;13;0;0;14.9;14.3;17.8;14.1;74.5;0.3;17.4;15.6;15.8;17.7;14.4;363.8888889;33.33333333;33.33333333;2.2
18421200;14;13;0;0;15.2;14.3;17.9;14.2;75;15.2;17.6;15.8;16.2;17.7;14.7;363.8888889;58.33333333;58.33333333;2.1
18422100;14;13;0;0;15.4;14.3;18;14.2;73.3;20.6;17.7;16;16.4;17.8;14.7;363.8888889;58.33333333;58.33333333;2.1
18423000;13;14;21;45;14.2;14.5;18.1;14.2;73.3;20.6;17.2;16.4;16.7;17.1;14.7;363.8888889;58.33333333;58.33333333;2.1
18423900;13;13;3;7;14.1;14.3;18.3;14.3;70.9;20.6;16;15.9;16.2;15.7;14.7;363.8888889;58.33333333;58.33333333;2.1
18424800;13;14;0;0;14.2;14.8;18.6;14.7;69.9;84.8;16.3;16.2;16.4;16;15.6;361.1111111;169.4444444;169.4444444;2.3
18425700;13;15;0;0;14.2;16.1;18.9;14.8;69.3;108.1;16.6;16.7;16.8;16.2;15.6;361.1111111;169.4444444;169.4444444;2.3
18426600;14;16;0;0;14.2;16.3;19.2;14.9;68.1;108.6;16.9;17.5;17.1;16.5;15.6;361.1111111;169.4444444;169.4444444;2.3
18427500;14;15;2;1;14.3;16.2;19.7;15;65.9;109.3;17.3;18.2;17.6;16.7;15.6;361.1111111;169.4444444;169.4444444;2.3
18428400;12;15;39;118;13.4;16.1;20.3;15.5;64;180.4;17.9;17.9;18.1;17.4;17.2;347.2222222;352.7777778;488.8888889;1.6
18429300;14;15;3;8;15.1;15.8;20.9;15.7;61.7;206.3;17.6;17.8;18;16.8;17.2;347.2222222;352.7777778;488.8888889;1.6
18430200;14;16;29;71;15.3;16.8;21.2;15.6;59.3;206.3;18.9;19.2;19.3;18.2;17.2;347.2222222;352.7777778;488.8888889;1.6
18431100;15;16;43;78;15.7;17.3;21.1;15.4;59.7;206.3;19.5;19.5;19.7;18.6;17.2;347.2222222;352.7777778;488.8888889;1.6
18432000;16;18;29;62;16.7;18.3;21.8;16.1;57.9;305.2;20.9;20.9;21;19.9;18.4;361.1111111;327.7777778;483.3333333;1.2
18432900;18;20;32;64;19;20.5;22.3;16.4;56.3;341.1;23.3;23.4;23.5;22;18.4;361.1111111;327.7777778;483.3333333;1.2
18433800;20;22;33;67;21.1;22.7;23.2;16.5;52.8;341.1;25.3;25.4;25.5;24.1;18.4;361.1111111;327.7777778;483.3333333;1.2
18434700;22;24;32;70;22.5;24.4;23.6;16.6;51;341.1;26.8;27;27.1;25.7;18.4;361.1111111;327.7777778;483.3333333;1.2
18435600;22;24;27;69;22.9;25;23.8;17.3;50.4;413;27.5;27.7;27.7;26.5;19.4;375;230.5555556;386.1111111;4.1
18436500;22;26;17;64;23.2;26.7;22.8;17.6;50.1;439.1;29.6;29.8;29.7;28.4;19.4;375;230.5555556;386.1111111;4.1
18437400;18;26;34;329;18.5;26.8;23.1;17.6;50.3;439.1;28.6;28.6;28.4;27.8;19.4;375;230.5555556;386.1111111;4.1
18438300;22;26;19;71;23.3;26.2;24.4;17.6;47.3;439.1;28.7;28.9;28.5;27.1;19.4;375;230.5555556;386.1111111;4.1
18439200;22;25;22;74;22.9;25.8;24.2;18.4;47.7;487.1;27.4;27.5;27.3;26.1;18.2;366.6666667;233.3333333;355.5555556;4.2
18440100;20;23;34;86;21.4;23.6;23;18.7;49.5;504.5;25.2;25.2;25.2;24.4;18.2;366.6666667;233.3333333;355.5555556;4.2
18441000;18;21;39;133;19.1;22.1;21.7;19;59.5;508.5;23.4;23.5;23.6;23;18.2;366.6666667;233.3333333;355.5555556;4.2
18441900;16;18;38;111;16.8;19.1;19.7;19.4;72.1;514.6;20.6;20.4;20.7;20;18.2;366.6666667;233.3333333;355.5555556;4.2
18442800;15;16;7;11;16.3;17.1;19.6;20.1;78;550.9;18.5;18.4;18.6;17.9;18.2;366.6666667;297.2222222;327.7777778;2.2
18443700;15;18;2;27;16;18.4;18.9;20.1;79.1;550.9;18.4;18.3;18.5;17.8;18.2;366.6666667;297.2222222;327.7777778;2.2
18444600;15;15;12;18;15.3;16.2;19.8;20.2;80.7;550.9;18.5;18.5;18.7;17.9;18.2;366.6666667;297.2222222;327.7777778;2.2
18445500;13;16;39;109;14.3;16.8;20.1;20.2;75.3;550.9;18.4;18.5;18.5;17.8;18.2;366.6666667;297.2222222;327.7777778;2.2
18446400;14;15;8;14;15.1;15.7;20;20.5;76.6;591.4;17.4;17.6;17.7;16.7;18.5;369.4444444;294.4444444;377.7777778;2.2
18447300;14;15;0;0;15.4;15.7;20.1;20.5;76;594.3;17.7;18.2;18.4;16.9;18.5;369.4444444;294.4444444;377.7777778;2.2
18448200;14;16;22;58;14.9;16.2;20.3;19.4;73.4;594.3;18.5;18.7;18.8;17.8;18.5;369.4444444;294.4444444;377.7777778;2.2
18449100;14;17;39;122;15.2;17.8;21.4;18.6;65.8;594.3;20.2;20.3;20.4;19.6;18.5;369.4444444;294.4444444;377.7777778;2.2
18450000;15;18;39;112;16.2;18.6;22;19.2;65.9;600.7;20.3;20.4;20.5;19.4;18.1;363.8888889;266.6666667;347.2222222;2.6
18450900;15;16;12;17;16;17.3;21.5;19.2;64.2;600.7;19.1;19.2;19.4;18.2;18.1;363.8888889;266.6666667;347.2222222;2.6
18451800;15;17;11;26;15.8;17.7;20.3;19;66.8;600.7;19;19;19.1;18.2;18.1;363.8888889;266.6666667;347.2222222;2.6
18452700;15;16;23;46;15.6;16.7;20.7;18.6;70.7;600.7;18.5;18.6;18.8;17.9;18.1;363.8888889;266.6666667;347.2222222;2.6
18453600;15;16;33;55;15.9;17.3;21.9;18.8;68.3;549.3;19.6;19.6;19.9;18.9;19.9;375;197.2222222;225;3.2
18454500;16;18;33;57;16.9;18.1;22.8;18.8;63.6;536.4;20.4;20.5;20.7;19.6;19.9;375;197.2222222;225;3.2
18455400;17;18;29;53;17.8;18.9;23.1;18.6;63.6;536.4;21.7;21.7;21.8;20.7;19.9;375;197.2222222;225;3.2
18456300;16;19;43;174;16.7;20.1;24.2;18.5;57.9;536.4;21.8;21.9;22;20.9;19.9;375;197.2222222;225;3.2
18457200;16;18;43;100;16.9;18.8;23.7;18.4;56.6;442;20.5;20.4;20.6;19.5;19.6;358.3333333;161.1111111;319.4444444;3
18458100;15;17;43;80;16.4;18;23;18.4;59.1;442;19.8;19.7;19.9;18.9;19.6;358.3333333;161.1111111;319.4444444;3
18459000;15;17;43;76;16.4;17.7;23.1;18.1;59.9;442;19.7;19.6;19.8;18.8;19.6;358.3333333;161.1111111;319.4444444;3
18459900;15;17;43;85;16.4;17.8;23.3;17.8;59.4;442;20.1;19.9;20.2;19.2;19.6;358.3333333;161.1111111;319.4444444;3
18460800;16;19;43;138;16.6;19.2;24;17.8;52.2;342.7;21.7;21.7;21.8;20.6;19.4;350;69.44444444;161.1111111;2.6
18461700;16;19;43;135;16.9;19.7;23.7;17.8;49;317.9;21.7;21.8;21.9;20.5;19.4;350;69.44444444;161.1111111;2.6
18462600;16;18;43;111;16.9;19.1;22.7;18.7;52.7;317.9;21.1;21;21.2;20;19.4;350;69.44444444;161.1111111;2.6
18463500;15;17;43;90;16.9;18.6;22.9;19.7;52.5;317.9;20.4;20.3;20.5;19.4;19.4;350;69.44444444;161.1111111;2.6
18464400;15;17;43;69;16.6;17.9;21.7;19.4;54.5;214.9;19.6;19.5;19.7;18.7;17.8;358.3333333;69.44444444;91.66666667;2.6
18465300;15;16;4;5;16.4;17.2;20.8;19.3;58.2;199.1;19.2;19.2;19.5;18.3;17.8;358.3333333;69.44444444;91.66666667;2.6
18466200;15;17;17;42;16.2;17.3;20.6;19.3;60.9;199.1;19.4;19.4;19.6;18.5;17.8;358.3333333;69.44444444;91.66666667;2.6
18467100;14;16;32;76;15.3;17;20.8;19.2;61.5;199.1;18.6;18.5;18.8;18.1;17.8;358.3333333;69.44444444;91.66666667;2.6
18468000;15;15;12;12;15.4;16.2;20.8;18.6;62;125.3;18.3;18.3;18.7;17.5;16.9;344.4444444;5.555555556;8.333333333;2.8
18468900;15;17;10;23;15.7;17.3;20.8;18.4;61.7;98.4;18.9;18.8;19.4;17.9;16.9;344.4444444;5.555555556;8.333333333;2.8
18469800;15;16;12;25;15.8;16.9;20.3;18.5;63;98.6;18.6;18.4;18.8;18;16.9;344.4444444;5.555555556;8.333333333;2.8
18470700;15;16;0;0;15.9;16.8;19.7;18.6;65.8;98.7;18.6;18.4;18.7;18;16.9;344.4444444;5.555555556;8.333333333;2.8
18471600;15;16;22;30;15.9;16.6;19.4;17.9;67.6;20.8;18.2;18;18.4;17.6;16.5;338.8888889;0;0;2.9
18472500;15;15;5;2;15.6;16.1;19.4;17.9;69.4;15.2;17.9;17.7;18.1;17.3;16.5;338.8888889;0;0;2.9
18473400;12;14;27;80;13.6;15.5;19.3;17.5;69.9;15.2;17;16.8;17.1;16.6;16.5;338.8888889;0;0;2.9
18474300;14;14;0;0;15.2;15.1;18.9;17.1;70.7;15.2;16.6;16.4;16.7;16.2;16.5;338.8888889;0;0;2.9
18475200;14;14;0;0;15.2;15.1;18.6;16.3;72.1;2;16.7;16.8;16.8;16.4;15.6;316.6666667;0;0;2.5
18476100;14;14;0;0;15.2;15.1;18.4;16.2;73.8;0;17;17;17;16.6;15.6;316.6666667;0;0;2.5
18477000;14;15;0;0;15.2;15.5;18.2;16.1;74.3;0;17.1;16.8;17.2;16.8;15.6;316.6666667;0;0;2.5
18477900;14;17;0;0;15.2;17.1;17.8;15.9;75.1;0;17.3;16.5;17.2;17;15.6;316.6666667;0;0;2.5
18478800;14;16;0;0;15.2;17;17.5;15.4;75.7;0;17.5;16.2;17.4;17.2;14.5;313.8888889;0;0;3.2
18479700;15;15;0;0;15.4;16.5;17.2;15.3;76.8;0;17.6;15.9;17.3;17.8;14.5;313.8888889;0;0;3.2
18480600;14;14;16;39;14.5;15.2;16.9;15.4;77.9;0;16.8;15.5;16.7;17.1;14.5;313.8888889;0;0;3.2
18481500;13.5;13.5;8;19.5;14;14.4;16.85;15.45;77.8;0;16.1;15.15;16;16.15;14.5;313.8888889;0;0;3.2
18482400;13;13;0;0;13.5;13.6;16.8;15.5;77.7;0;15.4;14.8;15.3;15.2;14.1;311.1111111;0;0;2.6
18483300;13;13;0;0;13.5;13.7;16.6;15.5;77.7;0;15.6;14.7;15.6;15.5;14.1;311.1111111;0;0;2.6
18484200;13;13;0;0;13.5;14.1;16.4;15.5;78.3;0;15.8;14.6;15.9;15.7;14.1;311.1111111;0;0;2.6
18485100;13;13;0;0;13.5;14.1;16.4;15.5;78.3;0;16.1;14.5;16;15.9;14.1;311.1111111;0;0;2.6
18486000;13;15;0;0;13.9;15.5;16.4;15.1;78;0;16.2;14.4;16.1;16.3;13.6;333.3333333;0;0;1.8
18486900;13;15;0;0;14.3;16;16.2;15;78.5;0;16.4;14.3;15.9;17.1;13.6;333.3333333;0;0;1.8
18487800;13;14;0;0;14.5;15;16;15;79.1;0;16.6;14.1;15.6;17.9;13.6;333.3333333;0;0;1.8
18488700;13;13;0;0;14.9;14.6;16.2;15;78.9;0;16.9;14;15.5;18.2;13.6;333.3333333;0;0;1.8
18489600;14;13;0;0;15.1;14.5;16.3;13.4;79.2;0;17.1;14.1;15.3;18;13.5;352.7777778;0;0;2.3
18490500;15;13;0;0;15.3;14.1;16.4;13.4;79;0;17.1;14.1;15.1;17.8;13.5;352.7777778;0;0;2.3
18491400;14;13;0;0;15;14.6;16.4;13.4;79;0;17.3;14.1;15.3;17.6;13.5;352.7777778;0;0;2.3
18492300;14;13;0;0;15;13.8;16.5;13.4;78.7;0;17.4;14.3;14.9;17.4;13.5;352.7777778;0;0;2.3
18493200;14;13;0;0;15;13.6;16.6;13.3;78.4;0;17;14.4;14.9;17.1;13.4;325;0;0;1.4
18494100;14;14;0;0;15;14.3;16.7;13.2;77.7;0;16.5;14.5;15;17;13.4;325;0;0;1.4
18495000;14;15;0;0;15;15.6;16.6;13.2;77.6;0;16.5;14.5;14.9;17;13.4;325;0;0;1.4
18495900;14;14;0;0;15;15.5;16.2;13.1;78.7;0;16.1;14.4;14.8;17.1;13.4;325;0;0;1.4
18496800;15;14;0;0;15;15.1;15.8;13;80.1;0;16.2;14.3;14.7;16.9;13.3;341.6666667;0;0;4.3
18497700;14;14;0;0;15;15.1;15.7;13;80.8;0;16.6;14.1;14.6;17;13.3;341.6666667;0;0;4.3
18498600;14;14;0;0;15.1;15;15.9;13.1;80.4;0;16.8;14.1;14.6;17.2;13.3;341.6666667;0;0;4.3
18499500;14;12;0;0;16;13.5;16;13.3;79.9;0;16.6;14.1;14.6;17.3;13.3;341.6666667;0;0;4.3
18500400;14;13;0;0;15.7;13.5;15.9;13.3;80.2;0;16.4;14.1;14.6;17.1;12.9;322.2222222;8.333333333;11.11111111;3.6
18501300;14;13;0;0;15.5;13.5;15.7;13.3;80.4;0;16.2;14;14.6;17;12.9;322.2222222;8.333333333;11.11111111;3.6
18502200;14;13;0;0;15.5;13.5;15.4;13.4;80.7;0;16.1;13.9;14.5;16.9;12.9;322.2222222;8.333333333;11.11111111;3.6
18503100;14;15;0;0;15.1;15;15.3;13.4;81.3;0;15.9;13.7;14.3;16.7;12.9;322.2222222;8.333333333;11.11111111;3.6
18504000;14;14;0;0;15;15.4;15.3;13.2;82;0.3;15.8;13.6;14.2;16.5;13.1;330.5555556;47.22222222;50;2.7
18504900;14;13;0;0;15;14.7;15.5;13.2;82;0.3;15.8;13.6;14.2;16.5;13.1;330.5555556;47.22222222;50;2.7
18505800;14;13;0;0;15;14.5;15.7;13.2;81.2;0.3;15.8;13.6;14.4;16.5;13.1;330.5555556;47.22222222;50;2.7
18506700;14;13;0;0;15;14.5;15.9;13.1;80.5;0.3;16;13.7;14.5;16.5;13.1;330.5555556;47.22222222;50;2.7
18507600;14;13;0;0;15;14.5;16.3;13.3;78.6;17.6;16.1;14;14.8;16.6;13.4;330.5555556;108.3333333;113.8888889;3
18508500;14;12;0;0;15.9;13.3;16.4;13.4;77.1;21.9;16.1;14.4;15.2;16.7;13.4;330.5555556;108.3333333;113.8888889;3
18509400;15;12;0;0;15.7;13;16.7;13.3;76.9;21.9;16;14.6;15.5;16.6;13.4;330.5555556;108.3333333;113.8888889;3
18510300;14;12;0;0;15.2;13;16.9;13.1;75.9;21.9;16;15;15.7;16.5;13.4;330.5555556;108.3333333;113.8888889;3
18511200;14;13;0;0;15.1;13.8;17.3;13.6;74.9;86.7;16.1;15.4;16.2;16.6;15.2;336.1111111;227.7777778;283.3333333;3.6
18512100;14;15;0;0;15.1;15;17.8;13.7;72.8;102.9;16.3;16.1;16.9;16.7;15.2;336.1111111;227.7777778;283.3333333;3.6
18513000;14;15;0;0;15.1;15.5;18.4;13.7;70.6;102.4;16.7;16.9;17.8;16.8;15.2;336.1111111;227.7777778;283.3333333;3.6
18513900;14;16;28;68;15.2;16.5;18.9;13.7;68.2;101.9;19.1;19;19.6;18.3;15.2;336.1111111;227.7777778;283.3333333;3.6
18514800;15;17;43;68;16.1;17.5;19.4;14.3;66.6;176.8;19.4;19.4;19.6;18.5;16.4;350;283.3333333;302.7777778;3.5
18515700;15;16;43;71;16.1;17.5;20;14.4;65;195.5;19.6;19.6;19.8;18.8;16.4;350;283.3333333;302.7777778;3.5
18516600;15;17;43;86;16.1;17.9;20.9;14.3;62.5;195.5;20.1;20;20.3;19.2;16.4;350;283.3333333;302.7777778;3.5
18517500;15;17;43;81;16.1;18;21.2;14.1;61.4;195.5;20;20;20.2;19.1;16.4;350;283.3333333;302.7777778;3.5
18518400;15;18;31;63;16.7;18.3;21.9;15;58.4;284.5;20.5;20.5;20.7;19.7;18.1;369.4444444;294.4444444;316.6666667;3.9
18519300;17;18;33;57;17.4;18.8;22.3;15.2;55.9;306.8;21.2;21.2;21.4;20.3;18.1;369.4444444;294.4444444;316.6666667;3.9
18520200;17;18;33;58;17.7;19.1;22.6;15.6;55.6;306.8;21.5;21.5;21.6;20.6;18.1;369.4444444;294.4444444;316.6666667;3.9
18521100;17;19;33;59;18.2;19.7;22.6;16.2;54.2;306.8;22;22;22.2;21.1;18.1;369.4444444;294.4444444;316.6666667;3.9
18522000;18;20;33;61;18.8;20.3;23.2;17;54.3;356.2;22.6;22.7;22.9;21.8;13.9;377.7777778;158.3333333;161.1111111;4
18522900;18;20;33;59;19.1;20.8;23;17.3;54.7;374.1;22.6;22.7;22.8;21.8;13.9;377.7777778;158.3333333;161.1111111;4
18523800;17;18;33;50;17.7;19.1;20.4;17.4;65;374.7;20.3;20.4;20.6;19.7;13.9;377.7777778;158.3333333;161.1111111;4
18524700;14;15;33;48;15.4;16.7;17.5;17.5;84.6;375.5;18.1;18.1;18.3;17.7;13.9;377.7777778;158.3333333;161.1111111;4
18525600;14;15;32;28;15.1;15.7;17;18.1;86;377.3;17.4;17.4;17.6;16.8;15.3;355.5555556;341.6666667;519.4444444;3.5
18526500;14;15;0;0;15.2;15.5;17.4;18.3;87.4;378;17.6;17.6;17.9;16.8;15.3;355.5555556;341.6666667;519.4444444;3.5
18527400;15;15;16;28;15.4;16;18.6;18.5;86;387.5;18.7;18.6;18.9;17.7;15.3;355.5555556;341.6666667;519.4444444;3.5
18528300;15;16;33;54;15.8;17.1;19.1;18.9;79.5;406.4;19.2;19.3;19.5;18.6;15.3;355.5555556;341.6666667;519.4444444;3.5
18529200;15;17;33;55;16.2;17.5;19.7;19.1;77.1;400.9;19.6;19.7;19.8;18.8;17;352.7777778;413.8888889;500;2.8
18530100;16;17;33;59;16.8;18.2;19.9;19.1;75.5;400.9;20.7;20.8;20.9;19.9;17;352.7777778;413.8888889;500;2.8
18531000;17;19;33;60;18.2;19.6;20;16.2;74.5;400.9;21.8;22;22.1;20.9;17;352.7777778;413.8888889;500;2.8
18531900;18;20;33;61;18.9;20.3;21.5;14.2;71;400.9;22.6;22.7;22.9;21.6;17;352.7777778;413.8888889;500;2.8
18532800;18;20;33;61;19.2;20.6;22.6;14.8;64.1;397.1;22.9;23;23.2;22.1;18.6;358.3333333;319.4444444;522.2222222;2.3
18533700;19;20;33;61;19.5;21;23.3;15;58.9;396.1;23.2;23.2;23.4;22.3;18.6;358.3333333;319.4444444;522.2222222;2.3
18534600;18;20;33;60;19.5;20.9;23;15.3;57.2;396.1;22.7;22.8;22.9;21.8;18.6;358.3333333;319.4444444;522.2222222;2.3
18535500;18;20;33;69;19.3;20.8;23.4;15.6;54.9;396.1;23.3;23.3;23.5;22.3;18.6;358.3333333;319.4444444;522.2222222;2.3
18536400;18;22;38;199;18.5;22.6;24.4;16.4;52.5;402.5;24.8;24.9;24.9;23.7;19.1;369.4444444;236.1111111;244.4444444;2.9
18537300;17;21;43;181;18;21.9;23;16.5;54.6;403.5;23.6;23.8;23.7;22.3;19.1;369.4444444;236.1111111;244.4444444;2.9
18538200;16;19;43;141;17.8;20.6;22.6;17.2;56.9;403.5;22.3;22.4;22.4;21.2;19.1;369.4444444;236.1111111;244.4444444;2.9
18539100;16;19;43;117;17.5;19.7;22.8;17.5;56.4;403.5;21.4;21.4;21.5;20.5;19.1;369.4444444;236.1111111;244.4444444;2.9
18540000;16;18;43;89;17;18.7;22.1;17.9;59;379.8;20.5;20.4;20.6;19.7;19.3;344.4444444;258.3333333;511.1111111;1.9
18540900;16;17;43;88;17;18.5;22.6;17.9;58.5;378.1;20.4;20.4;20.6;19.7;19.3;344.4444444;258.3333333;511.1111111;1.9
18541800;16;18;43;114;17;18.9;23;18.4;55.8;378.1;21.3;21.3;21.5;20.5;19.3;344.4444444;258.3333333;511.1111111;1.9
18542700;16;19;43;148;17.2;20;23.1;18.8;55.2;378.1;22.4;22.5;22.6;21.5;19.3;344.4444444;258.3333333;511.1111111;1.9
18543600;17;20;33;140;17.9;21;22.8;18.9;55.3;310.8;23.3;23.6;23.6;22.4;20;363.8888889;152.7777778;227.7777778;1.1
18544500;17;21;43;176;17.8;21.6;23;18.9;55.7;300.4;23.3;23.5;23.4;22.3;20;363.8888889;152.7777778;227.7777778;1.1
18545400;17;20;43;151;18;21;23.3;19;55;300.4;22.7;22.9;22.9;21.7;20;363.8888889;152.7777778;227.7777778;1.1
18546300;17;19;43;132;17.9;20.4;22.9;19.1;54.2;300.4;22.1;22.2;22.3;21.2;20;363.8888889;152.7777778;227.7777778;1.1
18547200;16;19;43;109;17.5;19.7;22.9;18.7;54.9;235.2;21.4;21.4;21.5;20.5;18.4;361.1111111;94.44444444;94.44444444;2
18548100;16;18;43;88;17.3;19;22.2;18.6;55.6;218.9;20.7;20.7;20.9;19.9;18.4;361.1111111;94.44444444;94.44444444;2
18549000;16;17;43;77;17;18.5;22.3;18.7;54.3;218.9;20.3;20.3;20.5;19.6;18.4;361.1111111;94.44444444;94.44444444;2
18549900;15;17;32;74;16.4;18.1;22;18.8;53.9;218.9;20;20;20.2;19.3;18.4;361.1111111;94.44444444;94.44444444;2
18550800;15;17;36;57;16;17.5;21.5;18.3;55.1;159.1;19.2;19.1;19.3;18.5;17.4;358.3333333;38.88888889;38.88888889;2.2
18551700;15;16;0;0;16.2;17;21;18.1;56.9;137.3;19.2;19.2;19.5;18.3;17.4;358.3333333;38.88888889;38.88888889;2.2
18552600;15;16;23;37;16.1;17.2;20.5;18.5;59.1;137.3;19.2;19.1;19.4;18.4;17.4;358.3333333;38.88888889;38.88888889;2.2
18553500;15;16;0;0;16.2;17;20.3;19.3;58.8;137.3;18.9;18.9;19.1;18.2;17.4;358.3333333;38.88888889;38.88888889;2.2
18554400;16;16;7;11;16.5;17;20;18.3;59.7;57.7;19.1;19.1;19.4;18.4;16.7;350;5.555555556;5.555555556;2.1
18555300;15;16;15;24;16.1;17;19.7;18.3;60.8;57.7;18.7;18.6;18.9;18.2;16.7;350;5.555555556;5.555555556;2.1
18556200;15;17;0;0;16.2;17.6;19.4;17.9;62;56.3;18.7;18.6;18.9;18.2;16.7;350;5.555555556;5.555555556;2.1
18557100;15;17;18;44;15.6;17.5;19.3;17.6;63.3;55.4;18.5;18.5;18.8;18.1;16.7;350;5.555555556;5.555555556;2.1
18558000;13;14;16;48;13.7;15.7;19.3;17;64.2;9.6;17.1;17;17.3;16.8;16.8;369.4444444;0;0;1.6
18558900;13;15;0;0;14.2;15.5;19.2;17;65.5;6.3;17.1;17.1;17.4;16.7;16.8;369.4444444;0;0;1.6
18559800;13;15;0;0;14.4;15.5;19.1;16.9;66.1;6.3;17.3;17.6;17.5;16.9;16.8;369.4444444;0;0;1.6
18560700;13;15;0;0;14.4;15.5;19.2;16.9;65.2;6.3;17.5;17.9;17.7;17.1;16.8;369.4444444;0;0;1.6
18561600;14;15;0;0;14.8;16;19.3;16.3;64.7;0.8;17.8;18.1;18.1;17.3;15.4;377.7777778;0;0;1.3
18562500;14;15;0;0;14.9;16;19.3;16.2;64.6;0;18;18.2;18.2;17.5;15.4;377.7777778;0;0;1.3
18563400;14;16;0;0;15.1;16.4;19.3;16.1;65.5;0;18.1;18.3;18.4;17.7;15.4;377.7777778;0;0;1.3
18564300;14;17;0;0;15.4;18;19.1;16;66.3;0;18.1;18.2;18.4;17.8;15.4;377.7777778;0;0;1.3
18565200;14;16;0;0;15.8;17.9;19;15.5;67.6;0;18.2;18.2;18.5;18;14.8;372.2222222;0;0;1.6
18566100;14;16;0;0;16.1;17.5;18.6;15.4;71.1;0;18.2;17.9;18.4;18.1;14.8;372.2222222;0;0;1.6
18567000;14;16;8;19;15.9;17.3;18.5;15.8;72;0;18;17.4;18.3;17.9;14.8;372.2222222;0;0;1.6
18567900;13;15;4;9.5;14.55;16.4;18.4;15.25;72.95;0;17.15;16.7;17.3;17.1;14.8;372.2222222;0;0;1.6
18568800;12;14;0;0;13.2;15.5;18.3;14.7;73.9;0;16.3;16;16.3;16.3;15;369.4444444;0;0;1.6
18569700;13;14;0;0;13.7;15.3;18.3;14.5;74.4;0;16.4;16.1;16.4;16.5;15;369.4444444;0;0;1.6
18570600;13;14;0;0;13.7;15;18.2;14.5;75.6;0;16.6;16.3;16.4;16.7;15;369.4444444;0;0;1.6
18571500;13;14;0;0;13.9;15;18.2;14.5;76.4;0;16.8;16.3;16.5;16.9;15;369.4444444;0;0;1.6
18572400;13;16;0;0;14.3;16.4;18.2;13.9;76.3;0;17;16.2;16.8;17.2;15;375;0;0;1.4
18573300;13;16;0;0;14.8;16.9;17.9;13.8;74.7;0;17.1;16.2;16.8;17.8;15;375;0;0;1.4
18574200;13;15;0;0;15.3;16.3;17.9;13.8;75.2;0;17.3;16.1;17.1;18.4;15;375;0;0;1.4
18575100;13;15;0;0;15.7;16;18;13.8;75.8;0;17.6;16.1;17.4;18.8;15;375;0;0;1.4
18576000;14;15;0;0;15.7;16;17.9;13.4;75.4;0;17.7;16.1;17.6;19;14.5;369.4444444;0;0;1
18576900;14;15;0;0;15.7;16;17.8;13.4;76.2;0;17.9;16.1;17.7;18.9;14.5;369.4444444;0;0;1
18577800;15;15;0;0;15.7;15.4;17.8;13.4;76.5;0;17.9;16;17.5;18.8;14.5;369.4444444;0;0;1
18578700;15;14;0;0;15.7;15.5;17.6;13.4;75.8;0;18.3;15.9;17.9;18.7;14.5;369.4444444;0;0;1
18579600;15;13;0;0;15.7;15.2;17.5;14.5;76;0;18.4;15.9;17.6;18.6;14.6;372.2222222;0;0;1.4
18580500;15;14;0;0;16.2;15.3;17.6;14.6;75.4;0;18.5;15.9;17.2;18.5;14.6;372.2222222;0;0;1.4
18581400;15;16;0;0;16.2;16.4;17.7;14.7;74.8;0;18.6;15.9;16.6;18.4;14.6;372.2222222;0;0;1.4
18582300;15;15;0;0;16.2;16.4;17.7;14.7;74.5;0;18.9;15.9;16.3;18.3;14.6;372.2222222;0;0;1.4
18583200;15;15;0;0;16.2;16;17.7;14.4;73.9;0;18.7;15.9;16.3;18.3;14.5;363.8888889;0;0;1.3
18584100;15;15;0;0;16.3;16;17.7;14.4;74.6;0;18.1;15.9;16.2;18.3;14.5;363.8888889;0;0;1.3
18585000;16;15;0;0;16.7;16;17.7;14.3;75;0;17.7;15.9;16.2;18.1;14.5;363.8888889;0;0;1.3
18585900;16;15;0;0;16.7;16;17.5;14.2;74.8;0;17.7;15.8;16.1;18.1;14.5;363.8888889;0;0;1.3
18586800;16;15;0;0;16.7;15.5;17.3;14.1;75.3;0;17.7;15.7;16;18.1;14.4;358.3333333;2.777777778;2.777777778;1.1
18587700;16;14;0;0;16.7;15;17.2;14.1;75.2;0;17.9;15.6;15.9;18.1;14.4;358.3333333;2.777777778;2.777777778;1.1
18588600;15;14;0;0;16.7;15;17.1;14.3;75.9;0;17.9;15.5;15.8;18.2;14.4;358.3333333;2.777777778;2.777777778;1.1
18589500;15;15;0;0;16.7;15.7;17;14.5;76.4;0;17.7;15.4;15.8;18.1;14.4;358.3333333;2.777777778;2.777777778;1.1
18590400;15;15;0;0;16.7;16;16.9;14.3;76.7;0.2;17.5;15.3;15.7;18;14.3;341.6666667;55.55555556;63.88888889;1.5
18591300;15;14;0;0;16.7;15.9;16.9;14.2;76.8;0.3;17.3;15.2;15.6;17.8;14.3;341.6666667;55.55555556;63.88888889;1.5
18592200;15;14;0;0;16.3;15.5;16.8;14.2;76.8;0.3;17.2;15.2;15.6;17.7;14.3;341.6666667;55.55555556;63.88888889;1.5
18593100;15;14;0;0;16.2;15.5;16.9;14.2;76.8;0.3;17.3;15.2;15.7;17.6;14.3;341.6666667;55.55555556;63.88888889;1.5
18594000;15;14;0;0;16.2;15.5;17.2;14.1;76.9;11.9;17.3;15.4;15.9;17.6;15.8;347.2222222;161.1111111;233.3333333;1.2
18594900;15;14;0;0;16.2;15.5;17.6;14.1;74.8;12.7;17.3;15.8;16.5;17.6;15.8;347.2222222;161.1111111;233.3333333;1.2
18595800;15;13;0;0;16.5;14.8;18.3;14.3;70.1;12.7;17.5;16.4;17.6;17.6;15.8;347.2222222;161.1111111;233.3333333;1.2
18596700;15;14;0;0;16.7;14.5;18.7;14.4;68;12.7;17.6;17.1;18.7;17.6;15.8;347.2222222;161.1111111;233.3333333;1.2
18597600;15;14;0;0;16.2;14.9;18.9;14.7;66.9;81.9;17.8;17.8;19.3;17.7;16.4;352.7777778;222.2222222;269.4444444;0.9
18598500;15;15;9;9;16.2;16.1;19.3;14.7;66;86.8;19;18.8;20;18;16.4;352.7777778;222.2222222;269.4444444;0.9
18599400;15;17;20;47;16.4;17.7;20;14.7;62.9;87.5;19.6;19.6;19.9;18.8;16.4;352.7777778;222.2222222;269.4444444;0.9
18600300;16;17;3;4;16.7;17.5;20.3;14.7;61;88;20.3;20;20.5;18.8;16.4;352.7777778;222.2222222;269.4444444;0.9
18601200;15;17;36;111;15.6;18.1;20.6;15.3;59.6;177.8;19.9;19.8;20.1;19.2;17.1;355.5555556;255.5555556;327.7777778;0.8
18602100;15;17;39;81;15.7;17.5;20.4;15.3;56.7;184.2;19.4;19.4;19.7;18.7;17.1;355.5555556;255.5555556;327.7777778;0.8
18603000;16;17;43;91;16.5;18.2;20.4;16;55.1;184.2;20.7;20.7;21;19.7;17.1;355.5555556;255.5555556;327.7777778;0.8
18603900;16;19;43;133;17.2;19.7;20.6;16.5;54.5;184.2;22.2;22.2;22.4;21;17.1;355.5555556;255.5555556;327.7777778;0.8
18604800;18;21;29;72;18.9;21.2;20.3;17.3;54.7;287.6;23.6;23.8;23.9;22.2;17.1;375;330.5555556;347.2222222;0.4
18605700;20;21;33;63;20.8;22;21.3;17.4;54.4;295;24.4;24.4;24.6;23;17.1;375;330.5555556;347.2222222;0.4
18606600;19;21;33;58;20.4;21.8;21.5;17.5;53.9;295;23.6;23.5;23.7;22.5;17.1;375;330.5555556;347.2222222;0.4
18607500;18;20;33;57;19.7;21.1;21.4;17.5;54.5;295;22.9;22.8;23.1;22.1;17.1;375;330.5555556;347.2222222;0.4
18608400;19;20;33;61;19.7;21.2;22;18.3;51.8;406.7;23.4;23.4;23.6;22.7;17.6;375;288.8888889;347.2222222;0.5
18609300;20;22;33;65;20.7;22.2;22.8;18.4;49.4;414.7;24.7;24.7;24.9;23.9;17.6;375;288.8888889;347.2222222;0.5
18610200;21;22;33;65;21.4;23;22.8;18.3;50;403.2;25.4;25.4;25.5;24.5;17.6;375;288.8888889;347.2222222;0.5
18611100;20;22;33;62;21.4;23;22.5;18.2;51.4;395.5;24.8;24.8;25;23.9;17.6;375;288.8888889;347.2222222;0.5
18612000;19;21;33;64;20.4;22;22;18.9;52.5;429.4;23.7;23.6;23.9;23;17.6;369.4444444;336.1111111;452.7777778;1.7
18612900;19;20;33;65;19.9;21.5;22.4;19;51.8;431.8;23.2;23.1;23.3;22.5;17.6;369.4444444;336.1111111;452.7777778;1.7
18613800;18;20;33;61;19.5;21;22;18.4;51.6;429.7;22.8;22.8;23;22.1;17.6;369.4444444;336.1111111;452.7777778;1.7
18614700;18;20;33;63;19.5;21.1;22.5;18;51.5;428.3;23.1;23.2;23.5;22.5;17.6;369.4444444;336.1111111;452.7777778;1.7
18615600;20;22;33;70;20.9;22.6;23.5;18.4;48.5;457;25.2;25.3;25.4;24.4;18.6;352.7777778;461.1111111;538.8888889;1.9
18616500;22;24;30;71;22.8;24.8;23;18.5;49.6;461.4;26.8;27;27;25.9;18.6;352.7777778;461.1111111;538.8888889;1.9
18617400;21;23;32;70;22.9;24.5;22.9;18.3;50.1;461.4;26.4;26.6;26.7;25.7;18.6;352.7777778;461.1111111;538.8888889;1.9
18618300;22;24;28;72;22.9;25;23.5;18.1;49;461.4;27.4;27.6;27.6;26.7;18.6;352.7777778;461.1111111;538.8888889;1.9
18619200;22;25;21;74;22.9;26;24;18.6;48.1;468.4;28.4;28.6;28.5;27.6;19.9;377.7777778;297.2222222;311.1111111;2
18620100;18;24;38;281;19.4;25.4;23.9;18.6;47.6;468.9;26.7;26.8;26.7;26.1;19.9;377.7777778;297.2222222;311.1111111;2
18621000;18;21;43;181;18.9;22.5;24.6;18.3;47.2;468.9;24.2;24.3;24.2;23.2;19.9;377.7777778;297.2222222;311.1111111;2
18621900;17;21;31;133;18.8;21.8;25.1;18.1;46.3;468.9;23.9;23.9;24;22.9;19.9;377.7777778;297.2222222;311.1111111;2
18622800;18;21;38;141;18.9;21.7;24.1;18.3;46.4;425.9;23.3;23.4;23.4;22.5;19.5;383.3333333;133.3333333;133.3333333;2
18623700;17;19;43;110;17.9;20.2;23.3;18.3;48.8;422.8;21.8;21.9;22;21;19.5;383.3333333;133.3333333;133.3333333;2
18624600;16;18;43;95;17.8;19.5;23.6;18.5;50;422.8;21.2;21.2;21.3;20.4;19.5;383.3333333;133.3333333;133.3333333;2
18625500;16;18;43;80;17.3;19;23.4;18.7;50;422.8;20.7;20.7;20.8;19.9;19.5;383.3333333;133.3333333;133.3333333;2
18626400;16;17;43;69;17.3;18.5;23.4;19.1;49.7;376.5;20.3;20.3;20.5;19.6;19;386.1111111;75;75;1.5
18627300;16;17;43;60;17.3;18.2;22.8;19.1;52.9;373.2;20;19.9;20.2;19.2;19;386.1111111;75;75;1.5
18628200;16;17;0;4;17.3;18;22.5;19.7;54.7;373.2;20.1;20.2;20.4;19.2;19;386.1111111;75;75;1.5
18629100;16;17;11;58;16.9;18.4;22.4;20.3;55.3;373.2;20.6;20.7;20.8;19.7;19;386.1111111;75;75;1.5
18630000;16;17;3;4;17.3;18.1;22.4;20;54.7;298.4;20.1;20.1;20.3;19.3;19.4;383.3333333;127.7777778;130.5555556;1.9
18630900;16;17;18;54;17.1;18.4;22.4;20;56.5;286.9;20.7;20.7;20.8;19.8;19.4;383.3333333;127.7777778;130.5555556;1.9
18631800;16;17;19;49;16.9;18.5;22.5;19.6;57.2;286.9;20.2;20.3;20.4;19.6;19.4;383.3333333;127.7777778;130.5555556;1.9
18632700;16;17;22;58;17;18.5;22.6;19.4;56.1;286.9;20.1;20.1;20.2;19.5;19.4;383.3333333;127.7777778;130.5555556;1.9
18633600;16;17;9;13;16.8;18;22.9;19.1;55.1;181.3;19.9;20;20.1;19.1;19.4;380.5555556;80.55555556;80.55555556;2.2
18634500;16;18;14;46;16.7;18.7;23.2;19;51.9;165;20.9;20.9;21.1;19.7;19.4;380.5555556;80.55555556;80.55555556;2.2
18635400;16;17;15;31;17.2;18.7;22.9;18.8;53.5;165;20.4;20.5;20.6;19.6;19.4;380.5555556;80.55555556;80.55555556;2.2
18636300;16;18;8;21;17.2;18.6;22.8;18.7;55.5;165;21;21.1;21.2;19.8;19.4;380.5555556;80.55555556;80.55555556;2.2
18637200;16;18;20;58;17.2;18.8;22.5;18.2;55.4;120.1;20.4;20.4;20.6;19.7;18.2;386.1111111;13.88888889;13.88888889;1.3
18638100;15;17;24;74;16.2;18.3;22;18.1;59.3;113.2;20;20;20.2;19.4;18.2;386.1111111;13.88888889;13.88888889;1.3
18639000;16;16;21;29;16.6;17.4;21.7;18.6;61.9;113.2;19.2;19.2;19.4;18.5;18.2;386.1111111;13.88888889;13.88888889;1.3
18639900;16;16;0;0;16.7;17;21.5;18.9;63.7;113.2;19.4;19.3;19.5;18.5;18.2;386.1111111;13.88888889;13.88888889;1.3
18640800;16;16;11;15;16.6;17.4;21.4;18.2;64.3;56.5;19.7;19.6;19.8;18.7;17.6;380.5555556;0;0;1.1
18641700;16;17;12;22;16.6;17.5;21.1;18.1;64.4;52.5;19.3;19.2;19.4;18.7;17.6;380.5555556;0;0;1.1
18642600;16;18;0;0;16.7;18.3;20.9;18.5;65.1;53.9;19.5;19.4;19.6;18.8;17.6;380.5555556;0;0;1.1
18643500;16;17;21;34;16.5;17.8;20.7;18.8;66.4;55.1;19.3;19.2;19.4;18.6;17.6;380.5555556;0;0;1.1
18644400;16;16;0;0;16.7;17.5;20.4;18.1;67.1;12.3;19.2;19;19.2;18.5;16.9;372.2222222;0;0;1.1
18645300;15;16;10;24;16.3;17.5;20.3;18;66.7;5.7;19.2;19;19.3;18.5;16.9;372.2222222;0;0;1.1
18646200;13;15;24;75;14.1;16.4;20.1;17.7;67.5;5.7;17.8;17.6;17.9;17.4;16.9;372.2222222;0;0;1.1
18647100;13;15;0;0;14.4;16;19.8;17.5;69;5.7;17.5;17.4;17.7;17.1;16.9;372.2222222;0;0;1.1
18648000;14;15;0;0;14.8;16;19.6;17;70.4;0.8;17.7;17.7;17.8;17.2;16.2;369.4444444;0;0;1.6
18648900;14;15;0;0;14.8;16;19.5;16.9;69.7;0;17.8;17.8;17.9;17.4;16.2;369.4444444;0;0;1.6
18649800;14;16;0;0;14.8;16.4;19.3;17;69.5;0;18;17.7;18.2;17.6;16.2;369.4444444;0;0;1.6
18650700;14;17;0;0;15.1;18;19.3;17.1;70.1;0;18.2;17.7;18.3;17.8;16.2;369.4444444;0;0;1.6
18651600;15;16;0;0;15.5;17.5;19.3;16.7;70.6;0;18.3;17.7;18.3;18;16.3;377.7777778;0;0;2.2
18652500;15;15;0;0;16;16.5;19.2;16.6;70.2;0;18.6;17.6;18.5;18.2;16.3;377.7777778;0;0;2.2
18653400;15;14;0;0;16.3;16;19;16.5;70.4;0;18.6;17.7;18.5;18.6;16.3;377.7777778;0;0;2.2
18654300;15;14;0;0;16.55;16;19.05;15.65;70.35;0;18.65;17.7;18.5;19.05;16.3;377.7777778;0;0;2.2
18655200;15;14;0;0;16.8;16;19.1;14.8;70.3;0;18.7;17.7;18.5;19.5;16;369.4444444;0;0;2
18656100;16;14;0;0;16.8;16;19;14.5;71;0;19;17.7;18.8;19.7;16;369.4444444;0;0;2
18657000;16;15;0;0;16.9;16;19;14.5;71;0;19.2;17.6;19;19.8;16;369.4444444;0;0;2
18657900;16;15;0;0;17.3;16;19.1;14.5;70.5;0;19.3;17.6;19.2;19.8;16;369.4444444;0;0;2
18658800;16;17;0;0;17.3;17.2;19;13.9;70.6;0;19.5;17.6;19.3;19.7;15.8;366.6666667;0;0;1.5
18659700;16;17;2;1;17.3;17.4;18.8;13.8;71.5;0;19.5;17.5;19.3;19.5;15.8;366.6666667;0;0;1.5
18660600;12;15;22;69;13.3;15.9;18.8;13.8;72;0;17.2;17.1;17.2;17;15.8;366.6666667;0;0;1.5
18661500;12;15;0;0;13.4;16;18.9;13.8;72.1;0;16.9;16.6;16.9;16.8;15.8;366.6666667;0;0;1.5
18662400;13;14;0;0;13.7;15.8;18.7;13.4;73;0;17.1;16.7;16.9;17;15.8;372.2222222;0;0;1.3
18663300;13;14;0;0;14.1;15.5;18.4;13.4;73.8;0;17.3;16.9;17;17.3;15.8;372.2222222;0;0;1.3
18664200;13;15;0;0;14.2;15.5;18.3;13.4;74.8;0;17.5;16.9;17;17.5;15.8;372.2222222;0;0;1.3
18665100;13;15;0;0;14.6;15.5;18.3;13.4;74.9;0;17.6;16.8;17;17.7;15.8;372.2222222;0;0;1.3
18666000;13;15;0;0;15.1;15.5;18.4;15.3;74.9;0;17.8;16.8;17;18.2;15.6;361.1111111;0;0;0.9
18666900;14;16;0;0;15.5;16.3;18.3;15.4;75.2;0;18.1;16.7;17;18.7;15.6;361.1111111;0;0;0.9
18667800;14;17;0;0;15.7;17.1;18.1;15.5;75.6;0;18.1;16.7;17;19.1;15.6;361.1111111;0;0;0.9
18668700;15;15;0;0;16.1;16.4;18;15.5;76.1;0;18.4;16.5;17.7;19.2;15.6;361.1111111;0;0;0.9
18669600;15;14;0;0;16.1;15.9;18.2;15.2;75.8;0;18.5;16.5;17.7;19.2;15;327.7777778;0;0;1.5
18670500;15;14;0;0;16.1;15.5;18.3;15.2;75.4;0;18.6;16.5;17.6;19;15;327.7777778;0;0;1.5
18671400;15;14;0;0;16.1;15.5;18.2;15.4;75.6;0;18.7;16.5;17.4;18.9;15;327.7777778;0;0;1.5
18672300;15;14;0;0;16.1;15.5;17.7;15.6;76.7;0;18.9;16.3;16.9;18.9;15;327.7777778;0;0;1.5
18673200;15;14;0;0;16.1;15.5;17.1;15.4;77.8;0;19;16;16.6;19;14.5;327.7777778;5.555555556;5.555555556;1.2
18674100;15;15;0;0;16.6;15.5;16.8;15.4;79.3;0;19;15.7;16.3;19;14.5;327.7777778;5.555555556;5.555555556;1.2
18675000;15;15;0;0;16.6;15.5;16.7;15.5;79.8;0;18.4;15.4;16;18.8;14.5;327.7777778;5.555555556;5.555555556;1.2
18675900;16;16;0;0;16.7;16.6;16.5;15.5;80.3;0;17.9;15.3;15.9;18.5;14.5;327.7777778;5.555555556;5.555555556;1.2
18676800;16;15;0;0;17.1;15.5;16.3;15.2;81.2;0;17.9;15.1;15.7;18.4;14.7;355.5555556;52.77777778;52.77777778;1.5
18677700;16;14;0;0;17;15.2;16.7;15.2;81.3;0;18;15.1;15.6;18.3;14.7;355.5555556;52.77777778;52.77777778;1.5
18678600;16;14;0;0;16.6;15;17.3;15;80.4;0;18;15.3;15.8;18.3;14.7;355.5555556;52.77777778;52.77777778;1.5
18679500;15;14;0;0;16.6;15;17.8;14.8;79.2;0;17.6;15.6;16.2;18.3;14.7;355.5555556;52.77777778;52.77777778;1.5
18680400;15;14;0;0;16.6;15;18.4;14.9;77.2;12.6;17.3;15.9;16.6;18;15.3;338.8888889;94.44444444;205.5555556;1.9
18681300;15;14;0;0;16.2;15;18.5;14.9;76.4;15.8;17.2;16.3;17;17.7;15.3;338.8888889;94.44444444;205.5555556;1.9
18682200;15;14;0;0;16.1;15;18.3;14.8;75.8;15.8;17.2;16.6;17.2;17.6;15.3;338.8888889;94.44444444;205.5555556;1.9
18683100;15;14;0;0;16.1;15;18.6;14.6;75.5;15.8;17.4;17;17.8;17.6;15.3;338.8888889;94.44444444;205.5555556;1.9
18684000;15;15;0;0;16.1;15.3;18.8;15;74.3;72;17.8;17.6;18.4;17.7;17.8;352.7777778;186.1111111;336.1111111;2.8
18684900;15;16;0;0;16.5;16;19.2;15.1;73.1;92.5;19.1;18.5;19.5;17.7;17.8;352.7777778;186.1111111;336.1111111;2.8
18685800;15;18;38;99;16.6;18.5;19.8;15.1;70;93.3;21;21.1;21.5;20.2;17.8;352.7777778;186.1111111;336.1111111;2.8
18686700;16;18;43;100;17.1;19.1;20.1;15.2;68.1;95;21.4;21.4;21.6;20.4;17.8;352.7777778;186.1111111;336.1111111;2.8
18687600;16;18;35;74;17;19.1;21.3;16.1;64.5;174.1;21.2;21.2;21.4;20.3;18.1;380.5555556;241.6666667;244.4444444;2.1
18688500;15;18;34;118;16.4;19.3;22;16.1;62.8;174.1;21.2;21.2;21.3;20.3;18.1;380.5555556;241.6666667;244.4444444;2.1
18689400;16;18;43;101;17;19.1;22.6;16.2;60.4;174.1;21;21;21.1;20;18.1;380.5555556;241.6666667;244.4444444;2.1
18690300;16;18;43;100;17.2;19.1;23.1;16.2;57.9;174.1;21.5;21.5;21.6;20.6;18.1;380.5555556;241.6666667;244.4444444;2.1
18691200;17;19;30;59;17.8;19.7;23.1;17.1;56.6;294.9;21.9;21.9;22;20.9;18.4;372.2222222;311.1111111;463.8888889;2.2
18692100;17;19;33;57;18.3;20.1;22.8;17.2;58.1;303.5;22.1;22;22.2;21.2;18.4;372.2222222;311.1111111;463.8888889;2.2
18693000;18;20;33;59;18.9;20.3;23.5;17.9;56.2;303.5;22.6;22.6;22.8;21.8;18.4;372.2222222;311.1111111;463.8888889;2.2
18693900;18;20;33;58;19.2;20.6;23.3;18.8;56.1;303.5;22.7;22.6;22.8;21.9;18.4;372.2222222;311.1111111;463.8888889;2.2
18694800;19;20;33;60;19.5;20.9;23.7;19.5;55.3;388.9;23.4;23.4;23.5;22.5;19.3;366.6666667;277.7777778;427.7777778;4.2
18695700;20;22;33;67;21.3;22.8;24;19.7;53.8;410.3;25.2;25.3;25.4;24.2;19.3;366.6666667;277.7777778;427.7777778;4.2
18696600;21;23;33;69;22;23.6;23.6;19.4;54.9;421.5;26.2;26.3;26.5;25.2;19.3;366.6666667;277.7777778;427.7777778;4.2
18697500;22;25;22;70;23.6;26.2;24;19.2;52.6;428.9;29;29.2;29.2;27.9;19.3;366.6666667;277.7777778;427.7777778;4.2
18698400;20;27;30;317;20.9;28.4;24.9;20.1;50;513.6;30.8;31;30.9;29.9;20.5;383.3333333;363.8888889;416.6666667;3.4
18699300;20;26;25;162;21.4;27.3;25.4;20.2;46.8;519.7;28.9;29.4;29.1;27.7;20.5;383.3333333;363.8888889;416.6666667;3.4
18700200;20;25;32;220;20.6;25.8;25;19.8;48.1;527.2;27.8;27.8;27.6;26.7;20.5;383.3333333;363.8888889;416.6666667;3.4
18701100;19;25;43;299;19.7;25.8;26.5;19.5;45;532.2;28;28;27.9;27.1;20.5;383.3333333;363.8888889;416.6666667;3.4
18702000;19;23;43;230;19.8;24.6;26.2;20.2;43.7;605.7;26.3;26.5;26.3;25.3;21.7;369.4444444;400;558.3333333;3
18702900;19;23;29;142;19.9;23.9;26;20.3;46;617;25.8;26;25.8;24.8;21.7;369.4444444;400;558.3333333;3
18703800;19;22;40;112;20.3;22.8;25.2;20.2;46.7;617;24.7;24.7;24.7;23.8;21.7;369.4444444;400;558.3333333;3
18704700;17;21;43;185;18.3;21.9;25;20.1;47.5;617;23.6;23.7;23.7;22.8;21.7;369.4444444;400;558.3333333;3
18705600;17;21;43;160;18.4;21.5;25.3;20.5;47.9;609.8;24;24.1;24.1;23.2;20.7;383.3333333;297.2222222;302.7777778;2.7
18706500;18;23;43;240;19.1;24;26.3;20.6;46;608;26.4;26.5;26.4;25.6;20.7;383.3333333;297.2222222;302.7777778;2.7
18707400;20;24;20;87;21.1;25;26.3;20.8;45.6;608;27.3;27.3;27.1;25.9;20.7;383.3333333;297.2222222;302.7777778;2.7
18708300;21;23;30;65;22.6;24.4;25.9;21;47.3;608;26.1;26.2;26.1;24.8;20.7;383.3333333;297.2222222;302.7777778;2.7
18709200;20;23;36;153;20.3;23.4;25.3;21.2;49.5;569.4;25;25;25.1;24.3;21.6;361.1111111;319.4444444;533.3333333;1.6
18710100;17;20;43;114;18.8;21.1;25.3;21.3;51.8;555.3;22.8;22.8;22.9;22;21.6;361.1111111;319.4444444;533.3333333;1.6
18711000;17;21;43;154;18.6;21.3;25.9;21.8;51.4;555.3;23.9;23.9;23.9;23;21.6;361.1111111;319.4444444;533.3333333;1.6
18711900;20;23;22;81;20.9;24.1;25.9;22;52.8;555.3;27.3;27.5;27.2;26;21.6;361.1111111;319.4444444;533.3333333;1.6
18712800;19;25;34;239;20.5;25.7;25.5;21.9;50.9;457.2;27.6;27.9;27.5;26.3;21.9;372.2222222;297.2222222;336.1111111;2.1
18713700;18;22;43;168;19.6;23;25.4;21.9;50.5;457.2;24.7;24.9;24.8;23.6;21.9;372.2222222;297.2222222;336.1111111;2.1
18714600;18;21;43;142;19.2;21.9;25.7;21.2;47.3;457.2;23.7;23.8;23.8;22.8;21.9;372.2222222;297.2222222;336.1111111;2.1
18715500;18;21;43;143;19.2;21.6;26;20.7;46;457.2;23.7;23.7;23.7;22.8;21.9;372.2222222;297.2222222;336.1111111;2.1
18716400;18;20;43;133;18.9;21.6;25.4;20.3;46.4;361;23.5;23.5;23.5;22.5;21.5;386.1111111;133.3333333;136.1111111;2.3
18717300;18;21;18;61;18.7;21.6;25.9;20.3;46.4;354.1;24.1;24.3;24.3;23;21.5;386.1111111;133.3333333;136.1111111;2.3
18718200;18;21;0;0;18.7;21.7;25.8;20.6;47.4;354.1;24.3;25.7;25.3;23.1;21.5;386.1111111;133.3333333;136.1111111;2.3
18719100;18;21;0;0;19;22.2;25.1;21.2;52.9;354.1;24.6;26.3;26;23.2;21.5;386.1111111;133.3333333;136.1111111;2.3
18720000;18;23;0;0;19.2;23.5;23.9;20.7;59.4;222.8;24.5;26.1;25.8;23.3;16.6;386.1111111;44.44444444;44.44444444;2.8
18720900;19;22;0;0;19.3;23.6;22.1;20.7;69.5;222.8;23.4;24.6;24.6;23.3;16.6;386.1111111;44.44444444;44.44444444;2.8
18721800;19;21;0;0;19.7;22.4;20.1;21.2;80.4;222.8;23.7;24.7;24.4;23.2;16.6;386.1111111;44.44444444;44.44444444;2.8
18722700;19;18;0;0;19.7;19.3;19.2;21.5;87.7;222.8;24;24.3;24.1;23.3;16.6;386.1111111;44.44444444;44.44444444;2.8
18723600;18;16;0;0;19.7;17.3;19.4;20.9;88.8;139.6;24.1;24.5;24.4;23.3;17.2;377.7777778;38.88888889;41.66666667;3.2
18724500;19;16;0;0;19.7;17.1;19.5;20.9;88;133.7;24.4;24.3;24.3;23.4;17.2;377.7777778;38.88888889;41.66666667;3.2
18725400;19;16;0;0;19.8;17.1;19.8;21;87.8;133.7;23.2;23.8;23.1;23.4;17.2;377.7777778;38.88888889;41.66666667;3.2
18726300;19;15;0;0;20.2;16.8;20;21.1;87.9;133.7;22.6;23.3;22.8;23.2;17.2;377.7777778;38.88888889;41.66666667;3.2
18727200;19;14;0;0;20.2;16.1;20;20.3;87.1;66.8;22.4;22.5;22.6;22.7;17.2;380.5555556;2.777777778;2.777777778;3
18728100;19;17;0;0;20.2;17.4;20;20.2;87.2;56.5;22;21.3;22;22.4;17.2;380.5555556;2.777777778;2.777777778;3
18729000;19;17;0;0;20.2;18.1;19.9;18.1;87.4;57.6;21.8;20.3;21.8;22.7;17.2;380.5555556;2.777777778;2.777777778;3
18729900;19;17;0;0;20.2;18.1;19.8;15.8;87;58.8;22.4;19.9;22.6;22.5;17.2;380.5555556;2.777777778;2.777777778;3
18730800;19;17;0;0;20.4;18.1;19.9;15.4;87.5;7.5;22.6;19.7;22.8;21.7;17.8;377.7777778;0;0;3.6
18731700;20;17;0;0;20.7;18.1;19.9;15.4;86.5;7.5;22.4;19.6;22.4;21.1;17.8;377.7777778;0;0;3.6
18732600;19;17;0;0;20.7;18.1;19.8;15.8;85.8;7.5;22.1;19.5;21.8;20.8;17.8;377.7777778;0;0;3.6
18733500;19;17;0;0;20.7;18.1;19.7;16.5;85.6;7.5;21.8;19.4;21.4;20.7;17.8;377.7777778;0;0;3.6
18734400;20;17;0;0;20.7;18.1;19.6;16.2;85.8;2;21.6;19.2;21.2;20.8;17.5;358.3333333;0;0;2.5
18735300;19;17;0;0;20.7;18.1;19.5;16.1;85.5;0;21.3;19.2;21.3;21.1;17.5;358.3333333;0;0;2.5
18736200;19;18;0;0;20.4;18.4;19.5;16.3;85.4;0;20.9;19.2;21.4;21.4;17.5;358.3333333;0;0;2.5
18737100;19;19;0;0;20.2;19.6;19.3;16.6;83.9;0;20.6;19.1;21.3;21.4;17.5;358.3333333;0;0;2.5
18738000;20;18;0;0;20.2;19.4;19;16.2;84.7;0;20.2;18.8;21.2;21.2;16.6;344.4444444;0;0;2.4
18738900;19;17;16;10;18.8;18.5;18.8;16.1;84.9;0;19.5;18.7;20.3;19.9;16.6;344.4444444;0;0;2.4
18739800;16;16;3;0;16.9;17.1;18.7;16.6;81.8;0;18.8;18.6;18.9;18.2;16.6;344.4444444;0;0;2.4
18740700;14.5;15.5;12.5;31.5;15.65;16.75;18.5;15.9;81.8;0;18.35;18.1;18.45;17.85;16.6;344.4444444;0;0;2.4
18741600;13;15;22;63;14.4;16.4;18.3;15.2;81.8;0;17.9;17.6;18;17.5;16.5;336.1111111;0;0;2
18742500;14;16;0;1;14.7;16.3;18.5;14.5;81.4;0;17.5;17.1;17.6;17.3;16.5;336.1111111;0;0;2
18743400;14;16;0;0;14.8;16.1;18.6;14.5;80.6;0;17.7;17.3;17.7;17.6;16.5;336.1111111;0;0;2
18744300;14;16;0;0;14.7;16.3;18.3;14.5;80;0;17.9;17.4;17.9;17.8;16.5;336.1111111;0;0;2
18745200;14;17;0;0;15.1;17.5;18.3;14;79.4;0;18.1;17.5;18;18.1;16.2;333.3333333;0;0;2.6
18746100;15;16;0;0;15.8;17.1;18.1;13.8;79.6;0;18.2;17.9;18.1;18.6;16.2;333.3333333;0;0;2.6
18747000;15;14;0;0;16.1;16.3;17.9;13.8;79.3;0;18;17.6;17.8;19.1;16.2;333.3333333;0;0;2.6
18747900;15;14;0;0;16.4;16.1;17.9;13.8;79.5;0;17.7;17.4;17.7;19.5;16.2;333.3333333;0;0;2.6
18748800;15;15;0;0;16.6;16.1;17.8;13.5;79.4;0;17.6;17.2;17.6;19.8;16;325;0;0;2
18749700;15;15;0;0;16.6;16.1;17.9;13.4;78.8;0;17.8;17.1;17.5;19.8;16;325;0;0;2
18750600;15;15;0;0;16.9;16.1;17.8;13.4;78.2;0;18.1;17.1;17.5;19.9;16;325;0;0;2
18751500;15;15;0;0;17.1;16.1;17.6;13.4;78.6;0;18.4;16.9;17.4;19.9;16;325;0;0;2
18752400;16;15;0;0;17.1;16.1;17.5;15.3;78.8;0;18.9;16.8;17.4;19.9;16.6;363.8888889;0;0;2.6
18753300;16;16;0;0;17.1;16.7;17.4;15.8;78.5;0;19.3;16.7;17.2;19.8;16.6;363.8888889;0;0;2.6
18754200;16;17;0;0;17.1;17.6;17.5;15.8;78;0;19.7;16.7;17.1;19.6;16.6;363.8888889;0;0;2.6
18755100;16;16;0;0;17.1;17.6;17.7;15.7;76.7;0;19.6;16.7;17.2;19.4;16.6;363.8888889;0;0;2.6
18756000;16;16;0;0;17.1;17.6;17.9;15.5;75.9;0;19.8;16.9;17.4;19.1;16.4;383.3333333;0;0;3.1
18756900;16;16;0;0;17.1;17.5;18;15.4;74.5;0;19.5;17;17.5;18.9;16.4;383.3333333;0;0;3.1
18757800;16;16;0;0;17.1;17.1;18.3;15.5;73.8;0;19;17.2;17.7;18.9;16.4;383.3333333;0;0;3.1
18758700;16;16;0;0;17.1;17.1;18.4;15.7;72.8;0;18.7;17.4;17.9;19;16.4;383.3333333;0;0;3.1
18759600;16;16;0;0;17.1;17.1;18.6;15.5;71.9;0;18.8;17.6;18.1;19;16.2;383.3333333;2.777777778;2.777777778;4.5
18760500;16;16;0;0;17.1;17.1;18.8;15.4;71.2;0;18.9;17.7;18.1;19;16.2;383.3333333;2.777777778;2.777777778;4.5
18761400;16;16;0;0;17.1;17.1;18.8;15.8;71.1;0;19;17.8;18.2;19.1;16.2;383.3333333;2.777777778;2.777777778;4.5
18762300;17;18;0;0;17.1;18.2;19;16.3;70.7;0;19;17.9;18.2;19.1;16.2;383.3333333;2.777777778;2.777777778;4.5
18763200;17;18;0;0;17.5;18.5;19.1;16.1;70.2;0;19;17.9;18.3;19;15.5;383.3333333;8.333333333;8.333333333;3.6
18764100;17;17;0;0;17.6;17.9;19.2;16;70.2;0;19;17.9;18.3;19;15.5;383.3333333;8.333333333;8.333333333;3.6
18765000;17;16;0;0;17.8;17.5;19.2;16.1;72;0;18.9;17.8;18.2;19.1;15.5;383.3333333;8.333333333;8.333333333;3.6
18765900;17;15;0;0;18.1;17.1;18.7;16.2;74.8;0;18.9;17.5;17.8;19.1;15.5;383.3333333;8.333333333;8.333333333;3.6
18766800;17;15;0;0;18.1;17.1;18.5;16.2;78.1;11.4;19;17.1;17.4;19.2;15;375;66.66666667;66.66666667;4.1
18767700;17;15;0;0;18.1;17.1;18.4;16.2;79.2;11.4;19;16.9;17.2;19.4;15;375;66.66666667;66.66666667;4.1
18768600;17;15;0;0;18.1;17.1;18.3;16.2;81.2;11.4;19.3;16.8;17.1;19.5;15;375;66.66666667;66.66666667;4.1
18769500;17;16;0;0;18.1;16.7;17.8;16.2;87.7;11.4;19.2;16.8;17.1;19.4;15;375;66.66666667;66.66666667;4.1
18770400;17;17;0;0;18;17;18;16.5;87.5;53.2;19;17.1;17.4;19.3;15.9;363.8888889;141.6666667;213.8888889;5
18771300;17;16;0;0;17.6;17;18.4;16.6;85.2;63.6;19;17.5;17.8;19.2;15.9;363.8888889;141.6666667;213.8888889;5
18772200;17;16;0;0;17.6;17;18.8;16.2;83.1;64.6;18.9;18;18.3;19.1;15.9;363.8888889;141.6666667;213.8888889;5
18773100;17;16;0;0;17.6;17;19;16;81.1;65.2;18.9;18.5;19;19;15.9;363.8888889;141.6666667;213.8888889;5
18774000;17;15;3;0;17.6;16.6;19.3;16.7;81.8;144.7;19.6;19.7;20.4;19;17.3;388.8888889;130.5555556;130.5555556;4.9
18774900;16;17;20;53;17.2;18.7;20.2;16.8;79.2;150.4;20.4;20.5;20.8;19.7;17.3;388.8888889;130.5555556;130.5555556;4.9
18775800;17;17;1;0;17.6;18.7;20.8;16.3;76.8;150.4;20.4;20.5;20.7;19.5;17.3;388.8888889;130.5555556;130.5555556;4.9
18776700;16;17;21;41;17.2;18.5;20.8;15.9;75;150.4;20.3;20.3;20.6;19.5;17.3;388.8888889;130.5555556;130.5555556;4.9
18777600;16;17;0;0;17.6;18.2;20.1;17;75.6;262.9;19.9;19.8;20.1;19.4;17.9;375;394.4444444;455.5555556;3.6
18778500;16;17;15;27;17.1;18.1;20.3;17.1;75.2;270.9;19.6;19.6;19.8;19.2;17.9;375;394.4444444;455.5555556;3.6
18779400;15;17;33;53;16.4;17.7;21.6;17.1;73.1;270.9;19.7;19.7;19.9;19.1;17.9;375;394.4444444;455.5555556;3.6
18780300;16;17;33;56;16.7;18;22.4;17;67.9;270.9;20.3;20.4;20.6;19.7;17.9;375;394.4444444;455.5555556;3.6
18781200;17;19;33;62;18;19.5;22.9;18;66.1;356.8;22;22.1;22.3;21.2;19.8;358.3333333;286.1111111;736.1111111;3.1
18782100;19;21;33;67;20;21.6;23.2;18.2;64;370;24.1;24.3;24.3;23;19.8;358.3333333;286.1111111;736.1111111;3.1
18783000;20;22;33;69;21.4;23;22.6;18.3;63.8;377.1;25.7;25.7;25.7;24.3;19.8;358.3333333;286.1111111;736.1111111;3.1
18783900;21;23;33;68;22.3;24;22.7;18.5;62.9;387.7;26;26.1;26.1;24.6;19.8;358.3333333;286.1111111;736.1111111;3.1
18784800;21;24;32;71;22.5;24.3;22.6;19.3;58.5;455.2;26.9;27.1;27.1;25.8;19.7;386.1111111;322.2222222;327.7777778;3.7
18785700;21;25;26;111;22.5;26;23;19.5;57.2;472.1;28.1;28.6;28.2;27;19.7;386.1111111;322.2222222;327.7777778;3.7
18786600;20;23;37;147;20.8;24.3;23.2;19.2;55.3;474.5;25.6;26;25.9;24.9;19.7;386.1111111;322.2222222;327.7777778;3.7
18787500;18;21;39;142;19.6;22.7;23.6;18.9;55;477.2;24.3;24.5;24.5;23.6;19.7;386.1111111;322.2222222;327.7777778;3.7
18788400;18;21;39;131;19.2;22;24.1;19.4;53.6;510.7;23.6;23.8;23.8;22.8;20.3;380.5555556;391.6666667;722.2222222;2.2
18789300;18;19;21;62;18.7;20.2;23;19.7;57.9;527.5;21.7;21.9;22;20.9;20.3;380.5555556;391.6666667;722.2222222;2.2
18790200;19;19;0;0;19.5;20;23.8;20;55.6;527.5;22.3;22.9;22.9;20.8;20.3;380.5555556;391.6666667;722.2222222;2.2
18791100;19;19;0;0;19.5;20.2;23.7;20.5;53.4;527.5;24.8;25;25;21;20.3;380.5555556;391.6666667;722.2222222;2.2
18792000;19;19;0;0;19.9;19.8;23.5;21.1;51.7;565.9;23.4;24.3;24;21;21.9;347.2222222;161.1111111;736.1111111;1.7
18792900;19;16;0;0;20;18.2;24.2;21.1;51.4;565.9;25.5;24.6;25.6;21;21.9;347.2222222;161.1111111;736.1111111;1.7
18793800;19;15;0;0;20;17;24.3;20.6;48.5;565.9;28.3;27.2;27.1;21.3;21.9;347.2222222;161.1111111;736.1111111;1.7
18794700;19;14;0;0;20;16.7;23.5;20.2;49.9;565.9;29.2;28.7;27.7;21.7;21.9;347.2222222;161.1111111;736.1111111;1.7
18795600;17;16;1;0;18.5;17.6;23.7;20.7;48.4;566.6;30.5;30;28.9;23.2;21.7;372.2222222;241.6666667;402.7777778;2.3
18796500;18;16;0;0;19;17.2;23.7;20.7;48;566.7;29.2;29.1;27.9;22.9;21.7;372.2222222;241.6666667;402.7777778;2.3
18797400;18;17;0;0;19.6;17.7;24.5;20.7;46.9;566.7;31.6;30.4;29.3;23.1;21.7;372.2222222;241.6666667;402.7777778;2.3
18798300;18;17;0;0;19.6;18.4;25.2;20.7;43.7;566.7;33.7;32.2;30.4;23.9;21.7;372.2222222;241.6666667;402.7777778;2.3
18799200;17;16;0;0;19.6;18.2;24.8;21;45;520.5;33.5;32.3;30.3;24.2;21.5;383.3333333;216.6666667;288.8888889;1.6
18800100;16;17;0;1;18.2;17.9;25.2;21;44.4;513.4;31.8;31.7;29.7;25.4;21.5;383.3333333;216.6666667;288.8888889;1.6
18801000;18;16;0;0;19.2;16.8;25;21.5;44.2;513.4;30.5;30.5;29.2;24.2;21.5;383.3333333;216.6666667;288.8888889;1.6
18801900;18;15;0;0;19.5;16.8;25.2;22.1;44.2;513.4;30.8;30.5;29.5;24.7;21.5;383.3333333;216.6666667;288.8888889;1.6
18802800;18;15;0;0;19.8;16.8;25;22.2;44.8;439.2;30.7;30.5;29.5;24.8;21.4;361.1111111;191.6666667;308.3333333;2.2
18803700;18;15;0;0;20;16.8;25.4;22.2;43.5;420.7;30.9;30.5;30;24.9;21.4;361.1111111;191.6666667;308.3333333;2.2
18804600;18;15;0;0;20.3;16.8;25.2;22;43.9;420.7;31.2;30.6;30.2;25;21.4;361.1111111;191.6666667;308.3333333;2.2
18805500;18;16;0;0;20.3;17.1;24.8;21.8;44.8;420.7;31.2;30.7;30.2;25.2;21.4;361.1111111;191.6666667;308.3333333;2.2
18806400;18;18;0;0;20.3;18.7;24.6;21.6;46.9;322.8;30.7;30.3;29.9;25.3;21.6;350;127.7777778;177.7777778;2.2
18807300;17;18;0;0;20.4;18.8;24.3;21.6;48;298.3;30.1;29.9;29.6;25.3;21.6;350;127.7777778;177.7777778;2.2
18808200;18;17;0;0;20.8;18.8;24.5;21.5;48;298.3;29.7;29.7;29.6;25.4;21.6;350;127.7777778;177.7777778;2.2
18809100;18;17;0;0;20.8;18.8;25;21.3;45.7;298.3;29.3;29.5;29.4;25.5;21.6;350;127.7777778;177.7777778;2.2
18810000;17;17;0;0;20.8;18.8;25.3;21;46.3;209.4;28.8;29.3;29.1;25.5;20.5;352.7777778;50;55.55555556;2.1
18810900;17;18;0;0;20.9;18.8;24.7;20.9;45.9;187.2;28.3;28.9;28.7;25.6;20.5;352.7777778;50;55.55555556;2.1
18811800;17;18;0;0;21;19.1;23.3;20.9;48.3;187.2;27.6;28.4;28.1;25.6;20.5;352.7777778;50;55.55555556;2.1
18812700;18;16;0;0;21.2;18.3;22.8;20.9;50.3;187.2;26.8;27.7;27.4;25.4;20.5;352.7777778;50;55.55555556;2.1
18813600;18;15;0;0;21.2;17;22.5;20.3;51.4;99.3;26.2;27.2;27;25.4;19.3;347.2222222;2.777777778;2.777777778;3.5
18814500;18;16;0;0;21.2;18.2;22.3;20.2;53.5;77.3;25.7;26.6;26.5;25.4;19.3;347.2222222;2.777777778;2.777777778;3.5
18815400;18;17;0;0;21.6;18.2;21.8;20.6;56;76.9;25.1;26.1;26.1;25.3;19.3;347.2222222;2.777777778;2.777777778;3.5
18816300;18;15;0;0;21.7;16.9;21.3;21;58.2;76.5;24.5;25.6;25.7;25.2;19.3;347.2222222;2.777777778;2.777777778;3.5
18817200;18;14;0;0;21.7;16.3;20.8;20.4;60.1;28.5;24;25.1;25.5;25.1;18.7;344.4444444;0;0;2.3
18818100;18;15;0;0;21.7;16.3;20.5;20.2;60.6;11.1;23.7;24.7;25.2;25;18.7;344.4444444;0;0;2.3
18819000;19;15;0;0;22.2;16.3;20.4;20;60.9;11.1;23.4;24.3;24.9;24.8;18.7;344.4444444;0;0;2.3
18819900;19;15;0;0;22.2;16.8;20.1;19.8;61.1;11.1;23.1;23.9;24.6;24.7;18.7;344.4444444;0;0;2.3
18820800;19;16;0;0;22.2;16.9;19.9;19.2;62.5;3.7;22.9;23.6;24.4;24.6;17.8;344.4444444;0;0;2.1
18821700;19;16;0;0;22.2;17.3;19.5;18.9;64.7;0;22.7;23.3;24.2;24.4;17.8;344.4444444;0;0;2.1
18822600;19;17;0;0;22.7;17.8;19.3;18.6;66.9;0;22.5;23;23.9;24.3;17.8;344.4444444;0;0;2.1
18823500;19;19;0;0;22.7;19.3;18.9;18.5;68.1;0;22.2;22.5;23.6;24.2;17.8;344.4444444;0;0;2.1
18824400;19;18;0;0;22.7;19.7;18.6;17.9;69.6;0;21.8;22.3;23.3;24;16.9;369.4444444;0;0;2.7
18825300;19;18;0;0;22.7;19.8;18.4;17.9;70.8;0;21.7;22.5;23.1;23.9;16.9;369.4444444;0;0;2.7
18826200;19;18;0;0;23.1;19.8;18.7;18;70.7;0;21.3;23.1;22.4;23.8;16.9;369.4444444;0;0;2.7
18827100;19.5;18.5;0;0;23.15;20.05;18.75;16.5;70.9;0;19.95;23.75;20.45;23.75;16.9;369.4444444;0;0;2.7
18828000;20;19;0;0;23.2;20.3;18.8;15;71.1;0;18.6;24.4;18.5;23.7;16.4;336.1111111;0;0;1.3
18828900;20;19;0;0;23.2;20.3;18.6;14.5;71.8;0;18;23.4;18.1;23.8;16.4;336.1111111;0;0;1.3
18829800;20;19;0;0;20.3;20.6;18.3;14.5;72.8;0;17.6;22.1;17.8;23.5;16.4;336.1111111;0;0;1.3
18830700;19;19;0;0;18.4;20.2;18.2;14.5;73.1;0;17.4;21.9;17.6;22.7;16.4;336.1111111;0;0;1.3
18831600;18;20;0;0;17.8;20.4;17.9;13.9;74;0;17.2;21.1;17.4;22;15.5;330.5555556;0;0;2.3
18832500;16;17;0;0;18;19.1;17.5;13.8;75.4;0;17.2;19.7;17.1;23.1;15.5;330.5555556;0;0;2.3
18833400;16;14;0;0;17.3;16.4;17.4;13.8;76.3;0;17.4;19.5;16.9;21;15.5;330.5555556;0;0;2.3
18834300;16;14;0;0;16.7;15.5;17.3;13.8;76.7;0;17.3;19.6;16.7;19.6;15.5;330.5555556;0;0;2.3
18835200;16;14;0;0;16.2;15.3;17.2;13.5;77;0;17.1;19;16.4;19.5;15.4;355.5555556;0;0;2.7
18836100;15;14;0;0;16.2;15.3;17;13.4;77.5;0;16.9;18.4;16.2;19.3;15.4;355.5555556;0;0;2.7
18837000;15;14;0;0;16.2;15.3;17.2;13.4;77.7;0;16.9;18.2;16.1;19.1;15.4;355.5555556;0;0;2.7
18837900;15;14;0;0;16.2;15.3;17.5;13.4;77.4;0;16.9;17.9;16.1;18.9;15.4;355.5555556;0;0;2.7
18838800;15;14;0;0;16.2;15.3;17.5;15.2;77;0;16.8;17.6;16.1;18.9;15.4;358.3333333;0;0;1.3
18839700;15;15;0;0;16.2;16;17.5;15.5;77.4;0;16.7;17.5;16;18.9;15.4;358.3333333;0;0;1.3
18840600;16;17;0;0;16.5;17.3;17.4;15.3;77.7;0;16.5;17.4;15.9;18.9;15.4;358.3333333;0;0;1.3
18841500;16;16;0;0;16.7;17.3;17.4;15.1;77.6;0;16.4;17.4;15.9;18.8;15.4;358.3333333;0;0;1.3
18842400;16;16;0;0;16.7;17.3;17.4;14.9;78.4;0;16.4;17.3;15.9;18.7;15.3;352.7777778;0;0;0.9
18843300;16;16;0;0;16.7;17.3;17.6;14.9;78.5;0;16.3;17.3;15.9;18.6;15.3;352.7777778;0;0;0.9
18844200;16;16;0;0;17.2;17.3;17.7;15.1;78.2;0;16.4;17.2;16;18.7;15.3;352.7777778;0;0;0.9
18845100;16;16;0;0;17.2;17.3;17.8;15.2;77.5;0;16.4;17.2;16;18.6;15.3;352.7777778;0;0;0.9
18846000;16;16;0;0;17.2;17.3;17.8;15.2;77.1;0;16.5;17.1;16;18.6;14.7;325;5.555555556;5.555555556;1.9
18846900;16;16;0;0;17.2;17.3;17.5;15.2;77.2;0;16.3;17;16;18.6;14.7;325;5.555555556;5.555555556;1.9
18847800;16;16;0;0;17.2;17.3;17;15.3;78.4;0;16.1;17;15.8;18.5;14.7;325;5.555555556;5.555555556;1.9
18848700;16;18;0;0;17.2;18.3;16.7;15.4;79.4;0;15.8;17;15.6;18.4;14.7;325;5.555555556;5.555555556;1.9
18849600;17;18;0;0;17.2;18.7;16.4;15.2;80.3;0;15.6;17.1;15.4;18.4;14.6;347.2222222;41.66666667;44.44444444;2.9
18850500;17;17;0;0;17.2;18;16.4;15.2;81;0;15.4;17.1;15.2;18.4;14.6;347.2222222;41.66666667;44.44444444;2.9
18851400;17;16;0;0;17.2;17.7;16.7;15.2;80.7;0;15.6;17;15.3;18.3;14.6;347.2222222;41.66666667;44.44444444;2.9
18852300;17;16;0;0;17.2;17.3;17;15.2;80;0;15.9;16.9;15.5;18.3;14.6;347.2222222;41.66666667;44.44444444;2.9
18853200;17;16;0;0;17.2;17.2;17.5;15.4;79.5;17.9;16.3;16.8;15.9;18.3;16.1;352.7777778;130.5555556;169.4444444;2.9
18854100;17;16;0;0;17.2;16.7;18.2;15.5;76.9;22.4;16.7;16.7;16.2;18.2;16.1;352.7777778;130.5555556;169.4444444;2.9
18855000;16;15;0;0;16.9;16.3;18.7;15.3;73.9;22.4;17.3;16.8;16.7;18.1;16.1;352.7777778;130.5555556;169.4444444;2.9
18855900;15;14;0;0;16.3;15.8;18.9;15;73.8;22.4;18.1;17.3;17.3;18.1;16.1;352.7777778;130.5555556;169.4444444;2.9
18856800;14;15;0;0;16.2;16.1;19.7;15.6;70.9;75.9;19.5;18.2;18.1;18.1;17.9;341.6666667;202.7777778;375;2.6
18857700;14;16;0;0;16.1;17.6;20.1;15.8;68;95.4;20;18.6;18.9;18.2;17.9;341.6666667;202.7777778;375;2.6
18858600;15;16;0;0;15.7;17.3;20.7;15.5;66;94.1;21.3;19.6;20.2;18.3;17.9;341.6666667;202.7777778;375;2.6
18859500;15;16;0;0;15.7;17.3;20.8;15.4;65.2;93.5;23.1;20.9;21.9;18.5;17.9;341.6666667;202.7777778;375;2.6
18860400;15;16;0;0;15.8;17.3;20.8;16.4;65.1;195.6;24.3;21.9;23.3;18.8;18.9;369.4444444;261.1111111;288.8888889;3.9
18861300;15;16;0;0;16.2;17.3;21.8;16.4;62.3;195.6;25.8;23.3;25;19;18.9;369.4444444;261.1111111;288.8888889;3.9
18862200;15;16;0;0;16.2;17.3;22.9;16.8;58.4;195.6;26.5;24.3;26;19.3;18.9;369.4444444;261.1111111;288.8888889;3.9
18863100;15;16;0;0;16.5;17.3;23.7;17;54;195.6;27.1;25.1;26.8;19.6;18.9;369.4444444;261.1111111;288.8888889;3.9
18864000;16;16;0;0;17.5;17.3;24;18;53.2;311;26.9;25.5;26.6;20.6;20.1;377.7777778;241.6666667;250;2.4
18864900;16;16;0;0;18;17.1;24.1;18.1;54.9;319.2;27.1;25.6;26.7;20.2;20.1;377.7777778;241.6666667;250;2.4
18865800;17;15;0;0;18;16.8;24.2;18.5;54;319.2;28;26.3;27.4;20.3;20.1;377.7777778;241.6666667;250;2.4
18866700;17;16;0;0;18;17.3;24.3;19;54.7;319.2;28.3;26.8;27.7;20.7;20.1;377.7777778;241.6666667;250;2.4
18867600;17;17;0;0;18;17.8;24.3;19.8;53.8;360.5;28.5;27.1;28;21;20.5;388.8888889;150;152.7777778;3.2
18868500;17;15;0;0;18;17.5;24.6;20;54.1;370.8;28.5;27.3;28.1;21.2;20.5;388.8888889;150;152.7777778;3.2
18869400;17;15;0;0;18.5;16.9;25.4;19.9;50.7;360.6;28.9;27.7;28.5;21.4;20.5;388.8888889;150;152.7777778;3.2
18870300;17;15;0;0;18.5;16.6;24.9;19.8;52;353.8;28.9;27.8;28.6;21.6;20.5;388.8888889;150;152.7777778;3.2
18871200;17;15;0;0;18.5;16.3;23.7;20.4;52.5;404.6;28.4;27.3;28.1;21.6;17.6;386.1111111;83.33333333;83.33333333;3.3
18872100;18;14;0;0;18.7;15.8;22.7;20.5;61.8;412.4;26.6;25.2;26.3;21.1;17.6;386.1111111;83.33333333;83.33333333;3.3
18873000;18;14;0;0;19;15.8;21.9;20.5;69.7;393.7;25.1;23.8;24.9;21.1;17.6;386.1111111;83.33333333;83.33333333;3.3
18873900;18;14;0;0;19;15.8;21.7;20.5;72.4;381.3;23.9;22.8;23.9;21.1;17.6;386.1111111;83.33333333;83.33333333;3.3
18874800;15;17;0;0;16.6;17.8;21.2;20.6;72.3;352.2;22.9;22.7;23.1;22;17.2;386.1111111;111.1111111;111.1111111;2.5
18875700;16;17;0;0;17.9;18.6;21;20.6;74.6;350.1;22.8;22.5;22.7;21.9;17.2;386.1111111;111.1111111;111.1111111;2.5
18876600;16;17;0;0;18.1;18.5;21;20.7;74.9;350.1;22.3;22;22.2;21.8;17.2;386.1111111;111.1111111;111.1111111;2.5
18877500;17;16;0;0;18.6;18.1;21;20.7;74.2;350.1;21.9;21.6;21.9;21.8;17.2;386.1111111;111.1111111;111.1111111;2.5
18878400;17;16;0;0;18.6;18.1;21.2;20.8;74.7;364;21.7;21.5;21.8;21.8;17.2;386.1111111;86.11111111;86.11111111;3.7
18879300;17;16;0;0;19;18.1;21.4;20.8;73.5;365;21.7;21.5;21.7;21.8;17.2;386.1111111;86.11111111;86.11111111;3.7
18880200;17;17;0;0;19.1;18.1;21.5;18.9;73.6;365;21.6;21.4;21.6;21.8;17.2;386.1111111;86.11111111;86.11111111;3.7
18881100;16;18;0;0;17.9;19;21.4;17.6;73.8;365;21;20.9;21.2;21.6;17.2;386.1111111;86.11111111;86.11111111;3.7
18882000;17;15;0;0;18.8;17.5;21.1;17.7;75.4;275.6;21.2;20.6;21.6;21.7;15.8;380.5555556;50;50;4.2
18882900;18;14;0;0;19.6;15.8;20.4;17.7;78.2;269.2;21.6;21;21.4;21.7;15.8;380.5555556;50;50;4.2
18883800;18;16;0;0;19.9;16.6;19.2;17.5;82.8;269.2;21.6;21.4;20.7;21.7;15.8;380.5555556;50;50;4.2
18884700;19;16;0;0;20.4;17.4;18.6;17.1;88.2;269.2;21.4;21.5;20;21.7;15.8;380.5555556;50;50;4.2
18885600;19;14;0;0;20.7;15.9;18.1;17;88.7;250;20.3;21.8;19.4;21.6;15.6;377.7777778;47.22222222;47.22222222;3.1
18886500;20;14;0;0;20.9;15.6;18.3;17;87.7;248.6;19.2;21.5;18.9;21.6;15.6;377.7777778;47.22222222;47.22222222;3.1
18887400;20;13;0;0;20.9;15.6;18.3;17;87.3;248.6;18.5;20.4;18.5;21.9;15.6;377.7777778;47.22222222;47.22222222;3.1
18888300;20;14;0;0;20.9;15.6;17.8;16.9;86.5;248.6;18;20.6;18.2;21.9;15.6;377.7777778;47.22222222;47.22222222;3.1
18889200;20;15;0;0;20.6;16.7;17.8;16.6;86.8;240;17.6;20.5;17.9;21.7;15.9;366.6666667;97.22222222;100;3.5
18890100;19;15;0;0;19.5;17.4;18;16.6;87.3;240;17.7;19.8;17.9;21.3;15.9;366.6666667;97.22222222;100;3.5
18891000;18;15;0;0;18.5;17.1;18.6;16;87.2;240;18;19.6;18.1;20.9;15.9;366.6666667;97.22222222;100;3.5
18891900;18;16;0;0;18.4;17.2;18.9;15.2;86.3;240;18.6;19.6;18.5;21.9;15.9;366.6666667;97.22222222;100;3.5
18892800;18;18;0;0;18.4;18.4;19.3;15.1;85.1;144.6;19.1;19.6;18.9;21.6;16.2;363.8888889;55.55555556;58.33333333;3.5
18893700;18;17;0;0;18.4;18.6;19.1;15.1;83.2;137.8;19.5;19.4;19.1;21;16.2;363.8888889;55.55555556;58.33333333;3.5
18894600;18;17;0;0;18.4;18.2;19;15.1;83.2;137.8;19.5;19.2;19.2;20.1;16.2;363.8888889;55.55555556;58.33333333;3.5
18895500;18;17;0;0;18.4;18.1;19;15.1;80.4;137.8;19.5;19.2;19.1;19.8;16.2;363.8888889;55.55555556;58.33333333;3.5
18896400;18;17;0;0;18.4;18.1;19.1;15;78.2;106.2;19.5;19.6;19.2;19.6;16.3;366.6666667;36.11111111;52.77777778;2.8
18897300;18;17;0;0;18.4;18.1;19.1;15;77.3;103.9;19.5;19.9;19.2;19.5;16.3;366.6666667;36.11111111;52.77777778;2.8
18898200;18;17;0;0;18.4;18.1;19;15.2;76.9;103.9;19.4;20.1;19.2;19.6;16.3;366.6666667;36.11111111;52.77777778;2.8
18899100;18;17;0;0;18.4;18.3;18.9;15.4;76.1;103.9;19.2;20.1;19.1;19.7;16.3;366.6666667;36.11111111;52.77777778;2.8
18900000;18;18;0;0;18.4;18.6;18.9;14.8;77.3;50.9;19.3;20.1;19.2;19.8;16.4;350;8.333333333;8.333333333;2.8
18900900;18;19;0;0;18.4;19.5;19.2;14.8;76.1;47.1;19.4;20;19.3;20;16.4;350;8.333333333;8.333333333;2.8
18901800;18;19;0;0;18.7;20.1;19;15.2;76.4;49.4;19.2;20;19.1;20.1;16.4;350;8.333333333;8.333333333;2.8
18902700;19;18;0;0;18.9;19.5;18.9;15.5;76.6;50.9;19;20.1;19;20.2;16.4;350;8.333333333;8.333333333;2.8
18903600;18;16;0;0;18.9;17.7;18.9;15.5;76.1;14.1;18.7;20.3;18.9;20.3;15.9;316.6666667;0;0;2.7
18904500;18;14;0;0;18.9;15.9;18.5;15.5;77.6;8.4;18.4;20.3;18.7;20.4;15.9;316.6666667;0;0;2.7
18905400;18;14;0;0;18.9;15.4;17.9;15.9;79.1;8.4;17.9;20.4;18.3;20.4;15.9;316.6666667;0;0;2.7
18906300;18;13;0;0;18.9;15.1;17.7;16.1;80.5;8.4;17.5;20.2;17.9;20.4;15.9;316.6666667;0;0;2.7
18907200;18;13;0;0;18.9;15.1;17.8;15.4;80;0;17.3;19.7;17.6;20.3;15.8;319.4444444;0;0;3.2
18908100;18;13;0;0;18.9;15.1;17.7;15.4;80;0;17.2;19.4;17.4;20.1;15.8;319.4444444;0;0;3.2
18909000;18;14;0;0;18.9;15.5;17.7;15.5;80.1;0;17.2;19;17.3;19.9;15.8;319.4444444;0;0;3.2
18909900;18;16;0;0;18.9;17.1;17.6;15.6;79.7;0;17.2;18.8;17.2;19.7;15.8;319.4444444;0;0;3.2
18910800;18;16;0;0;18.9;17.1;17.5;15.4;79.8;0;17.1;18.6;17.1;19.5;15.6;316.6666667;0;0;3.3
18911700;18;16;0;0;18.9;17.1;17.4;15.4;80.2;0;16.9;18.4;17;19.2;15.6;316.6666667;0;0;3.3
18912600;18;16;0;0;18.9;17.1;17.2;15.5;80.8;0;16.7;18.2;16.8;19;15.6;316.6666667;0;0;3.3
18913500;18;16;0;0;18.9;17.1;17.1;15.05;81.05;0;16.5;18.1;16.65;18.9;15.6;316.6666667;0;0;3.3
18914400;18;16;0;0;18.9;17.1;17;14.6;81.3;0;16.3;18;16.5;18.8;15.5;316.6666667;0;0;3.2
18915300;18;16;0;0;18.9;17.1;17;14.5;81.5;0;16.2;17.9;16.4;18.7;15.5;316.6666667;0;0;3.2
18916200;18;16;0;0;18.7;17.1;16.9;14.5;81;0;16.2;17.7;16.3;18.7;15.5;316.6666667;0;0;3.2
18917100;18;16;0;0;18.4;17.1;16.8;14.5;80.8;0;16.1;17.5;16.1;18.6;15.5;316.6666667;0;0;3.2
18918000;18;18;0;0;18.4;18.1;16.7;13.9;81.4;0;15.9;17.4;15.9;18.5;15.6;338.8888889;0;0;2.9
18918900;18;18;0;0;18.4;18.6;17.1;13.8;80;0;16;17.4;15.9;18.4;15.6;338.8888889;0;0;2.9
18919800;18;17;0;0;18.4;18;17.3;13.8;78.5;0;16.3;17.3;16.1;18.3;15.6;338.8888889;0;0;2.9
18920700;18;16;0;0;18;17.6;17.5;13.8;77.9;0;16.6;17.2;16.4;18.2;15.6;338.8888889;0;0;2.9
18921600;18;16;0;0;17.9;17.6;17.9;13.5;76.6;0;16.9;17.2;16.7;18.2;15.4;330.5555556;0;0;3
18922500;18;16;0;0;17.9;17.1;17.7;13.4;76.7;0;17;17.1;16.8;18.3;15.4;330.5555556;0;0;3
18923400;17;16;0;0;17.9;17.1;17.5;13.4;77.7;0;16.9;17.1;16.8;18.3;15.4;330.5555556;0;0;3
18924300;18;16;0;0;18.1;17.1;17.5;13.4;77.9;0;16.9;17.1;16.8;18.3;15.4;330.5555556;0;0;3
18925200;18;15;0;0;18;16.7;17.4;14.9;78.3;0;16.8;17.2;16.7;18.3;15;330.5555556;0;0;3
18926100;17;15;0;0;17.8;16.3;17.2;15.5;78.7;0;16.6;17.2;16.7;18.3;15;330.5555556;0;0;3
18927000;17;16;0;0;17.4;17.1;17.2;15.5;78.1;0;16.5;17.9;16.6;18.4;15;330.5555556;0;0;3
18927900;16;14;0;0;17.4;16.1;17.4;15.5;77;0;16.6;18.4;16.6;18.4;15;330.5555556;0;0;3
18928800;16;13;0;0;17.4;15.1;17.1;15.5;77.1;0;16.5;18.1;16.6;18.4;14.9;322.2222222;0;0;3.4
18929700;16;13;0;0;17.4;15.1;16.7;15.5;78.2;0;16.3;18;16.5;18.5;14.9;322.2222222;0;0;3.4
18930600;16;13;0;0;17.4;15.1;16.5;15.4;78.8;0;16.1;17.9;16.2;18.5;14.9;322.2222222;0;0;3.4
18931500;17;14;0;0;17.4;15.1;16.6;15.3;78.9;0;16;17.8;16.1;18.5;14.9;322.2222222;0;0;3.4
18932400;17;14;0;0;17.4;15.1;16.4;15.2;79.3;0;15.8;17.7;15.9;18.4;14.9;319.4444444;5.555555556;5.555555556;3.3
18933300;17;14;0;0;17.4;15.1;16.4;15.2;79.4;0;15.7;17.6;15.8;18.3;14.9;319.4444444;5.555555556;5.555555556;3.3
18934200;17;14;0;0;17.4;15.1;16.4;15;79.3;0;15.7;17.5;15.7;18.1;14.9;319.4444444;5.555555556;5.555555556;3.3
18935100;17;16;0;0;17.4;16.7;16.3;14.9;79.8;0;15.6;17.3;15.6;18;14.9;319.4444444;5.555555556;5.555555556;3.3
18936000;17;16;0;0;17.4;17.1;16.3;14.7;80.3;0;15.6;17.2;15.6;18;14.7;311.1111111;36.11111111;83.33333333;3.6
18936900;17;15;0;0;17.4;16.7;16.3;14.7;80.3;0;15.5;17.1;15.6;17.9;14.7;311.1111111;36.11111111;83.33333333;3.6
18937800;17;15;0;0;17.4;16.6;16.3;14.6;79.8;0;15.7;17;15.6;17.8;14.7;311.1111111;36.11111111;83.33333333;3.6
18938700;17;15;0;0;17.4;16.6;16.3;14.6;80;0;16;17;15.8;17.7;14.7;311.1111111;36.11111111;83.33333333;3.6
18939600;16;15;0;0;17.2;16.3;16.5;14.7;79.2;15.4;16.7;16.9;16.5;17.7;16.1;311.1111111;55.55555556;241.6666667;5.9
18940500;16;15;0;0;16.9;16.1;16.8;14.7;78.4;17.8;17.5;17;17.5;17.7;16.1;311.1111111;55.55555556;241.6666667;5.9
18941400;16;15;0;0;16.9;16.1;17;14.8;77.3;17.8;18.4;17.1;18.4;17.8;16.1;311.1111111;55.55555556;241.6666667;5.9
18942300;16;15;0;0;16.9;16.1;17.4;14.9;76.3;17.8;19.4;17.8;19.3;17.8;16.1;311.1111111;55.55555556;241.6666667;5.9
18943200;16;16;0;0;16.9;16.6;18;15.3;73.6;106.7;20.3;18.7;20.2;17.9;17.2;313.8888889;77.77777778;419.4444444;5.7
18944100;16;17;0;0;16.9;18.1;18.5;15.4;72;120.4;21.3;19.6;21.1;18;17.2;313.8888889;77.77777778;419.4444444;5.7
18945000;16;18;0;0;16.9;18.6;19;15.3;70.8;119.3;22.7;20.6;22.2;18.2;17.2;313.8888889;77.77777778;419.4444444;5.7
18945900;16;18;0;0;17.1;19.1;19.3;15.2;68;118.1;23.8;21.5;23.5;18.4;17.2;313.8888889;77.77777778;419.4444444;5.7
18946800;17;17;0;0;17.4;18.4;19.7;15.8;66.7;222.2;23.6;21.7;23.6;18.5;18.4;344.4444444;200;533.3333333;4.3
18947700;17;15;0;0;17.4;16.7;20.1;15.9;64.7;238.2;24.2;22;24.5;18.6;18.4;344.4444444;200;533.3333333;4.3
18948600;17;14;0;0;17.9;15.8;20.5;16.4;63.6;238.2;25.9;23.5;26.4;18.9;18.4;344.4444444;200;533.3333333;4.3
18949500;17;13;0;0;17.9;15.5;20.9;16.8;61.4;238.2;27.1;24.9;27.6;19.1;18.4;344.4444444;200;533.3333333;4.3
18950400;17;13;0;0;17.9;15.1;21.4;17.4;59.4;347.2;28.2;26.2;28.7;19.4;19.1;344.4444444;277.7777778;550;3.6
18951300;17;17;17;166;17.4;18.3;22;17.5;57.1;374.5;29.8;28.7;29.9;23.5;19.1;344.4444444;277.7777778;550;3.6
18952200;18;23;43;232;19.2;24;22.3;17.7;54.7;374.5;25;25.4;25.1;23.8;19.1;344.4444444;277.7777778;550;3.6
18953100;18;20;30;96;18.7;21.2;21.1;18;55.9;374.5;22.8;23;22.9;21.8;19.1;344.4444444;277.7777778;550;3.6
18954000;18;20;33;61;19.2;20.8;21.4;18.7;55.2;441.3;22.8;22.9;23;22;19.7;361.1111111;358.3333333;472.2222222;3
18954900;20;22;33;71;21.1;22.7;22.9;18.9;52;465.6;25.4;25.5;25.5;24.5;19.7;361.1111111;358.3333333;472.2222222;3
18955800;22;24;29;72;23;25.2;23.4;19.1;50.3;463.7;27.7;27.9;27.8;26.6;19.7;361.1111111;358.3333333;472.2222222;3
18956700;22;25;20;69;23.2;26.1;23.3;19.4;48.6;460;28.3;28.5;28.3;27.2;19.7;361.1111111;358.3333333;472.2222222;3
18957600;20;24;31;126;21.7;25.3;23.2;20.1;49.8;542.8;26.8;26.9;26.8;26.1;20.2;350;341.6666667;672.2222222;4.2
18958500;21;24;21;78;22.5;24.4;23.8;20.1;47.4;542.8;26.6;26.7;26.7;25.8;20.2;350;341.6666667;672.2222222;4.2
18959400;23;24;0;0;24.5;24.3;23.5;20;47.7;541.7;26.9;28.5;27.7;25.9;20.2;350;341.6666667;672.2222222;4.2
18960300;23;24;0;0;23.8;24.3;23.5;19.9;47.2;540.8;27.8;31.4;29.3;25.9;20.2;350;341.6666667;672.2222222;4.2
18961200;22;24;0;0;23.4;24.3;24.2;20.2;44.8;551.3;29.5;32.7;29.7;25.9;20;369.4444444;233.3333333;297.2222222;2.7
18962100;22;20;0;0;23;22.4;24.6;20.2;42.8;552.9;27.3;30;27.8;25.9;20;369.4444444;233.3333333;297.2222222;2.7
18963000;22;17;0;0;23;19.2;24.8;20.1;44.1;552.9;28.8;30;28.6;26;20;369.4444444;233.3333333;297.2222222;2.7
18963900;22;14;0;0;23.2;16.2;24.2;20.1;43.6;552.9;29.2;30.3;28.9;26;20;369.4444444;233.3333333;297.2222222;2.7
18964800;22;13;0;0;23.5;15.4;23.4;20.4;47.3;572.6;29.4;30.5;29;26.1;18.6;347.2222222;302.7777778;633.3333333;1.8
18965700;21;16;1;0;22;16.7;22.1;20.4;47.7;575.6;29;30.2;28.6;26.2;18.6;347.2222222;302.7777778;633.3333333;1.8
18966600;18;16;0;0;20.4;18.1;22.1;20.5;45.1;575.6;28.9;30.4;28.6;26.3;18.6;347.2222222;302.7777778;633.3333333;1.8
18967500;20;15;0;0;22.6;16.9;22.6;20.5;45.3;575.6;29.6;30.3;29;26.2;18.6;347.2222222;302.7777778;633.3333333;1.8
18968400;21;15;0;0;22.6;16.4;22.5;20.6;46.5;518.4;31.7;31.1;29.9;26.3;19.1;352.7777778;225;522.2222222;2
18969300;21;14;0;0;22.9;16.1;23.8;20.6;44;514.3;33.1;32.2;30.6;26.5;19.1;352.7777778;225;522.2222222;2
18970200;21;16;0;0;23.1;17.4;23.7;20.4;44.6;514.3;33.4;32.7;30.8;26.6;19.1;352.7777778;225;522.2222222;2
18971100;20;16;0;0;23.1;17.8;22.1;20.2;50.8;514.3;30.2;30.8;28.8;26.2;19.1;352.7777778;225;522.2222222;2
18972000;21;15;0;0;23.1;16.9;21.9;20.2;55.4;492.4;29.4;29.5;28.2;26.1;20.2;361.1111111;302.7777778;338.8888889;2
18972900;21;14;0;0;23.1;16.6;22.1;20.2;54.3;490.8;30.8;30.1;28.9;26.3;20.2;361.1111111;302.7777778;338.8888889;2
18973800;21;14;0;0;23.3;16.3;23.1;19.2;49.8;490.8;31.5;30.7;29.3;26.4;20.2;361.1111111;302.7777778;338.8888889;2
18974700;21;14;0;0;23.6;16.1;23.6;18.6;45.7;490.8;31.3;30.9;29.1;26.5;20.2;361.1111111;302.7777778;338.8888889;2
18975600;21;14;0;0;23.6;16.1;23.5;18.9;45.6;462.6;30.6;30.6;28.9;26.5;19.5;358.3333333;191.6666667;233.3333333;2.3
18976500;21;15;0;0;23.6;16.1;23.5;19;43.3;452.3;29.9;30.2;28.8;26.5;19.5;358.3333333;191.6666667;233.3333333;2.3
18977400;21;15;0;0;23.6;16.2;22.9;19.2;44.3;452.3;29.2;29.6;28.4;26.4;19.5;358.3333333;191.6666667;233.3333333;2.3
18978300;20;16;0;0;23.8;16.8;22.8;19.3;44.7;452.3;28.4;29;28;26.4;19.5;358.3333333;191.6666667;233.3333333;2.3
18979200;21;18;0;0;24.1;18.6;23;18.9;45.2;324.3;27.8;28.5;27.7;26.3;20.1;330.5555556;77.77777778;197.2222222;2
18980100;22;18;0;0;24.1;19;23;18.9;44.5;315.2;27.7;28.4;27.7;26.3;20.1;330.5555556;77.77777778;197.2222222;2
18981000;22;17;0;0;24.1;19.1;22.7;19.4;45.5;315.2;27.4;28.1;27.7;26.3;20.1;330.5555556;77.77777778;197.2222222;2
18981900;22;18;0;0;24.2;19.1;24.3;19.7;41;315.2;27.2;28;27.7;26.3;20.1;330.5555556;77.77777778;197.2222222;2
18982800;22;18;0;0;24.6;19.1;26.7;18.9;34.6;223.1;26.8;27.9;27.7;26.4;19.5;319.4444444;33.33333333;80.55555556;2.7
18983700;21;18;0;0;23.9;19.2;25.4;18.8;36;216.5;26.3;27.8;27.4;26.3;19.5;319.4444444;33.33333333;80.55555556;2.7
18984600;20;16;0;0;24.1;18.8;22.2;18.7;44;216.5;25.8;27.6;27.1;26.3;19.5;319.4444444;33.33333333;80.55555556;2.7
18985500;21;14;0;0;24.5;16.4;21.3;18.6;46.7;216.5;25.5;27.3;26.9;26.2;19.5;319.4444444;33.33333333;80.55555556;2.7
18986400;21;13;0;0;24.6;15.3;20.8;17.7;48.4;104.2;25.1;26.8;26.5;26.2;18.1;316.6666667;2.777777778;2.777777778;3.2
18987300;21;15;0;0;24.6;17;20.4;17.6;50.1;96.2;24.7;26.1;26.2;26.2;18.1;316.6666667;2.777777778;2.777777778;3.2
18988200;21;15;0;0;24.6;17.1;19.9;18.5;53.1;96.7;24.5;25.4;25.9;26.1;18.1;316.6666667;2.777777778;2.777777778;3.2
18989100;21;14;0;0;24.6;15.8;19.3;19.1;55.6;97.1;24.3;24.6;25.5;26;18.1;316.6666667;2.777777778;2.777777778;3.2
18990000;21;13;0;0;24.6;15.2;18.7;18.1;59;27.2;24.2;23.5;25.3;25.9;17.4;316.6666667;0;0;2.8
18990900;21;13;0;0;25.1;15.2;18.2;18;61.2;16.5;24.9;22;26;25.8;17.4;316.6666667;0;0;2.8
18991800;21;14;0;0;24.8;15.5;17.9;18.3;61.8;16.5;26.2;19.4;25.9;25.5;17.4;316.6666667;0;0;2.8
18992700;21;14;0;0;23.9;16.2;17.5;18.5;64.2;16.5;25.7;18.3;25.9;22.8;17.4;316.6666667;0;0;2.8
18993600;21;15;0;0;23.6;16.2;17.1;17.8;66.1;3.3;25.5;17.8;23.1;19.2;16.8;316.6666667;0;0;2.6
18994500;21;15;0;0;21.3;16.2;16.9;17.6;67.8;0;24.4;17.4;20.7;17.1;16.8;316.6666667;0;0;2.6
18995400;20;16;0;0;19.7;16.7;16.6;17.5;68.8;0;22.1;17.1;19.4;16.5;16.8;316.6666667;0;0;2.6
18996300;19;18;0;0;19;18.3;16.4;17.4;69.6;0;22.1;16.8;18.7;16.4;16.8;316.6666667;0;0;2.6
18997200;19;17;0;0;18.3;18.5;16.4;16.8;69.8;0;23.9;16.6;18.5;16.5;15.5;319.4444444;0;0;3.1
18998100;18;17;0;0;17.5;17.9;16.3;16.6;71.5;0;23.1;16.3;18.4;16.5;15.5;319.4444444;0;0;3.1
18999000;18;16;0;0;17.1;17.7;16.2;16.7;72.1;0;21;16.1;18.3;16.4;15.5;319.4444444;0;0;3.1
18999900;17.5;16;0;0;16.95;17.45;16.15;16.4;72.15;0;20.5;15.9;18.1;16.3;15.5;319.4444444;0;0;3.1
19000800;17;16;0;0;16.8;17.2;16.1;16.1;72.2;0;20;15.7;17.9;16.2;15.1;316.6666667;0;0;3
19001700;17;16;0;0;16.6;17.2;16.1;16.1;73.1;0;19.9;15.6;17.6;16;15.1;316.6666667;0;0;3
19002600;17;16;0;0;16.6;17.2;16.3;16.1;71.3;0;19.9;15.5;17.5;15.9;15.1;316.6666667;0;0;3
19003500;16;16;0;0;16.6;16.8;16.4;16.1;70.1;0;19.8;15.6;17.4;15.8;15.1;316.6666667;0;0;3
19004400;16;18;0;0;16.1;17.8;16.5;15.4;68.8;0;19.8;15.6;17.3;15.7;14.7;325;0;0;3.3
19005300;16;17;0;0;16.1;18.2;16.4;15.4;69.5;0;19.7;15.5;17.3;15.6;14.7;325;0;0;3.3
19006200;18;15;0;0;16.7;16.6;16.1;15.4;71;0;19.8;15.2;17.2;15.4;14.7;325;0;0;3.3
19007100;16;14;0;0;16.2;15.5;15.9;15.4;71.8;0;19.9;15;17.1;15.2;14.7;325;0;0;3.3
19008000;15;13;0;0;15.7;14.7;15.9;15.1;72.2;0;19.6;14.8;16.9;15;13.8;311.1111111;0;0;3.1
19008900;15;13;0;0;15.6;14.2;15.8;15;72.2;0;19.1;14.6;16.9;14.8;13.8;311.1111111;0;0;3.1
19009800;15;13;0;0;15.6;14.2;15.6;15;73.4;0;18.9;14.4;16.6;14.6;13.8;311.1111111;0;0;3.1
19010700;15;13;0;0;15.6;14.2;15.3;15;74.8;0;18.8;14.1;16.4;14.3;13.8;311.1111111;0;0;3.1
19011600;15;13;0;0;15.6;14.2;15;14.4;76.5;0;18.8;13.8;16.2;14;13.1;305.5555556;0;0;2.5
19012500;15;14;0;0;15.2;14.8;15;14.2;75.6;0;18.6;13.6;16;13.9;13.1;305.5555556;0;0;2.5
19013400;15;15;0;0;14.9;16.2;15;14.2;74.3;0;18.4;13.5;15.9;13.9;13.1;305.5555556;0;0;2.5
19014300;15;15;0;0;14.6;16;15;14.2;74.1;0;18.3;13.5;15.7;13.7;13.1;305.5555556;0;0;2.5
19015200;14;14;0;0;14.6;15.6;14.8;14.1;74.6;0;18.3;13.3;15.5;13.6;12.8;305.5555556;0;0;3
19016100;14;14;0;0;14.6;15.2;14.6;14;75.8;0;18.2;13.1;15.3;13.3;12.8;305.5555556;0;0;3
19017000;14;14;0;0;14.4;15.2;14.3;13.9;77.2;0;18;12.9;15.2;13;12.8;305.5555556;0;0;3
19017900;14;14;0;0;14.1;14.7;14;13.7;78.7;0;17.7;12.7;15;12.8;12.8;305.5555556;0;0;3
19018800;14;13;0;0;14.1;14.7;13.8;13.6;79.6;0;17.6;12.4;14.9;12.5;12.1;313.8888889;5.555555556;5.555555556;2.4
19019700;14;13;0;0;14.1;14.7;13.7;13.6;79.9;0;17.5;12.2;14.7;12.3;12.1;313.8888889;5.555555556;5.555555556;2.4
19020600;14;13;0;0;13.7;14.5;13.8;13.4;80.2;0;17.4;12;14.5;12.2;12.1;313.8888889;5.555555556;5.555555556;2.4
19021500;13;15;0;0;13.3;15.9;13.9;13.1;80.1;0;17.2;12;14.3;12.2;12.1;313.8888889;5.555555556;5.555555556;2.4
19022400;13;15;0;0;13.1;16.1;13.9;13;80;0;17.1;12;14.1;12.2;12;302.7777778;41.66666667;63.88888889;2.7
19023300;13;13;0;0;13.1;14.7;13.8;13;80.3;0;17.2;12;14;12.3;12;302.7777778;41.66666667;63.88888889;2.7
19024200;13;12;0;0;12.9;13.8;14;12.8;80.2;0;17.1;11.9;13.9;12.3;12;302.7777778;41.66666667;63.88888889;2.7
19025100;13;12;0;0;12.6;13.4;14.1;12.7;80.3;0;16.9;12;13.9;12.4;12;302.7777778;41.66666667;63.88888889;2.7
19026000;12;12;0;0;12.6;13.2;14.4;13;79.1;27.4;16.7;12.2;13.9;12.9;13.8;302.7777778;69.44444444;225;1.9
19026900;12;12;0;0;12.6;13.2;14.9;13;76.8;27.4;16.6;12.5;13.9;13.5;13.8;302.7777778;69.44444444;225;1.9
19027800;17;11;0;0;14.6;12.2;15.3;12.6;76.1;27.4;16.6;12.8;14.2;14.2;13.8;302.7777778;69.44444444;225;1.9
19028700;15;11;0;0;13.8;12.2;15.9;12.3;74.2;27.4;16.7;13.4;14.6;15.1;13.8;302.7777778;69.44444444;225;1.9
19029600;14;13;0;0;13.7;13.1;16.2;13.3;72.3;129.5;16.9;14.2;15.5;16;15.9;311.1111111;113.8888889;383.3333333;1.8
19030500;14;14;0;0;13.3;14.7;16.7;13.4;71.5;136.8;17.1;15.1;16.9;16.7;15.9;311.1111111;113.8888889;383.3333333;1.8
19031400;13;14;0;0;13.2;14.7;17.4;13.2;67.5;136;18;16.3;18.4;17.1;15.9;311.1111111;113.8888889;383.3333333;1.8
19032300;13;14;0;0;13.5;14.7;18;13;65.8;135.3;19.9;17.9;20;17.3;15.9;311.1111111;113.8888889;383.3333333;1.8
19033200;13;12;0;0;13.7;14;18.5;14.2;64.5;263;21.8;19.5;21.8;17.5;17.9;319.4444444;141.6666667;519.4444444;2.3
19034100;13;12;0;0;13.8;13.7;19.1;14.4;62.6;282.7;23.6;21.1;23.7;17.8;17.9;319.4444444;141.6666667;519.4444444;2.3
19035000;13;14;1;0;14.4;14.6;19.4;14.7;61.4;282.7;25.8;23.6;26.1;20.1;17.9;319.4444444;141.6666667;519.4444444;2.3
19035900;14;15;0;0;15.3;16;20;15.1;59.9;282.7;24.9;23.2;25.3;20.7;17.9;319.4444444;141.6666667;519.4444444;2.3
19036800;14;14;3;0;15.5;15.6;20.5;16.5;56.8;401.3;29.8;29.6;30;26.1;19.5;330.5555556;172.2222222;702.7777778;3.6
19037700;15;14;0;0;15.8;15.2;21.1;16.8;53.9;430.9;29.2;28.5;28.8;26;19.5;330.5555556;172.2222222;702.7777778;3.6
19038600;15;14;0;0;15.8;15.2;21.9;17.1;53.3;430.9;30.9;29.1;29.6;25.7;19.5;330.5555556;172.2222222;702.7777778;3.6
19039500;15;15;0;0;16.2;15.6;22.4;17.5;51.5;430.9;33;30.9;30.8;26.1;19.5;330.5555556;172.2222222;702.7777778;3.6
19040400;15;16;0;0;16.3;16.6;22.7;18.7;49.9;513.9;34.6;32.3;31.7;26.5;21.7;341.6666667;205.5555556;763.8888889;2.7
19041300;14;15;1;1;15.8;15.9;23.4;19.1;46.4;544.1;34;32.7;32.9;28.1;21.7;341.6666667;205.5555556;763.8888889;2.7
19042200;15;14;0;0;16.3;15.7;23.7;19.4;44.3;537.6;35;32.6;32.9;27.3;21.7;341.6666667;205.5555556;763.8888889;2.7
19043100;15;13;0;0;16.3;15.3;23.7;19.5;44.3;534.3;37.2;34.7;34.2;28;21.7;341.6666667;205.5555556;763.8888889;2.7
19044000;15;13;0;0;16.6;15.2;23.8;20.8;43.6;618.9;38.2;36;35;28.3;22.1;369.4444444;336.1111111;797.2222222;2.2
19044900;14;14;0;0;15.7;15.7;24.8;20.8;42.2;618.9;38.3;37;36.1;29.9;22.1;369.4444444;336.1111111;797.2222222;2.2
19045800;15;14;0;0;16.3;15.6;25.1;20.8;41.1;614.6;36.3;34.7;34.5;28.8;22.1;369.4444444;336.1111111;797.2222222;2.2
19046700;15;13;0;0;16.3;14.9;24.7;20.8;43;610.8;36.7;35.1;34.4;29.3;22.1;369.4444444;336.1111111;797.2222222;2.2
19047600;14;13;0;0;16.4;14.8;24.5;21.5;42;637.8;36.4;35.3;34.2;29.5;22.3;361.1111111;275;736.1111111;1.4
19048500;14;15;1;1;15.7;16.2;24.4;21.6;43.2;641.9;35.6;34.9;34;30.5;22.3;361.1111111;275;736.1111111;1.4
19049400;15;14;0;0;16.4;16.1;24.6;22.1;43.1;641.9;33.4;32.6;32.7;29.2;22.3;361.1111111;275;736.1111111;1.4
19050300;15;14;0;0;16.9;15.6;25.8;22.5;40.2;641.9;35.6;34;33.8;30;22.3;361.1111111;275;736.1111111;1.4
19051200;15;13;0;0;17.1;15.1;26.2;23.2;40.2;639.3;37.4;35.5;34.5;30.2;22.9;366.6666667;272.2222222;583.3333333;1.2
19052100;16;13;0;0;17.5;14.7;26.1;23.3;39.1;638.9;38.9;37;35.4;30.5;22.9;366.6666667;272.2222222;583.3333333;1.2
19053000;14;15;1;0;15.9;15.8;26.6;23.1;36.3;638.9;38.2;37.2;35.7;32;22.9;366.6666667;272.2222222;583.3333333;1.2
19053900;15;14;0;0;16.8;15.3;26.6;23;36.1;638.9;36.6;35.3;34.3;30.8;22.9;366.6666667;272.2222222;583.3333333;1.2
19054800;15;13;0;0;16.9;14.9;26.2;23.3;37;602.7;37;35.5;34.5;31.3;23.8;361.1111111;266.6666667;572.2222222;1.2
19055700;15;13;1;1;17.2;14.8;25.9;23.4;37.6;597.1;37.5;35.8;34.8;31.6;23.8;361.1111111;266.6666667;572.2222222;1.2
19056600;14;16;0;0;15.9;16.9;26.1;23.1;38.3;597.1;35.6;34.8;33.8;31.7;23.8;361.1111111;266.6666667;572.2222222;1.2
19057500;15;16;0;0;17.2;17;26.9;22.8;38.9;597.1;36.2;34.8;34.1;31.4;23.8;361.1111111;266.6666667;572.2222222;1.2
19058400;15;14;0;0;17.5;16.6;26.8;23.1;37.2;549.1;37.4;35.5;34.7;31.8;24.6;363.8888889;222.2222222;575;1.1
19059300;16;14;0;0;17.7;15.8;27.2;23.1;35.2;541.7;38.8;36.7;35.6;32.1;24.6;363.8888889;222.2222222;575;1.1
19060200;16;13;0;0;18.2;15.5;27;23.2;35.3;541.7;39.6;37.6;36.2;32.3;24.6;363.8888889;222.2222222;575;1.1
19061100;16;13;0;0;18.2;15.5;26.9;23.2;35.4;541.7;40.1;38.3;36.6;32.6;24.6;363.8888889;222.2222222;575;1.1
19062000;15;14;0;0;18.2;15.5;26.9;23.2;35.9;428.3;39.6;38.3;36.3;32.8;23.2;344.4444444;127.7777778;366.6666667;2.3
19062900;14;14;0;0;18.2;15.5;26.8;23.2;34.6;410.8;38.4;37.5;35.6;32.8;23.2;344.4444444;127.7777778;366.6666667;2.3
19063800;14;14;0;0;18.2;15.5;26.6;23.5;32.2;410.8;37.1;36.7;35.2;32.8;23.2;344.4444444;127.7777778;366.6666667;2.3
19064700;15;15;0;0;18.4;16.1;26.2;23.8;33.4;410.8;36.1;35.8;34.7;32.7;23.2;344.4444444;127.7777778;366.6666667;2.3
19065600;15;17;0;0;18.7;17.9;26.5;23.5;32.3;320.7;35.3;34.9;34.4;32.6;22.5;350;88.88888889;111.1111111;2.3
19066500;15;17;0;0;18.7;18;26.2;23.4;30.5;306.8;34.6;34.5;34.1;32.5;22.5;350;88.88888889;111.1111111;2.3
19067400;15;17;0;0;18.8;18;26.2;23.9;30.4;306.8;33.9;34;33.7;32.5;22.5;350;88.88888889;111.1111111;2.3
19068300;15;17;0;0;19.2;18;26.2;24.3;31;306.8;33.1;33.6;33.3;32.4;22.5;350;88.88888889;111.1111111;2.3
19069200;15;17;0;0;19.2;18;25.3;23.3;32.6;211.9;32;32.8;32.4;32.2;21.2;358.3333333;52.77777778;58.33333333;3.1
19070100;15;17;0;0;18.8;18.1;24.8;23.2;33.6;197.3;31;31.8;31.5;32;21.2;358.3333333;52.77777778;58.33333333;3.1
19071000;16;16;0;0;19.3;18.1;24.5;22.7;36.8;197.3;30;31.2;30.6;31.4;21.2;358.3333333;52.77777778;58.33333333;3.1
19071900;16;14;0;0;19.5;16.4;24.3;22.3;40.8;197.3;29.4;30.5;30.1;31.1;21.2;358.3333333;52.77777778;58.33333333;3.1
19072800;16;13;0;0;19.5;15.4;23.7;21.4;45.9;97.8;28.9;29.9;29.7;30.9;20.6;355.5555556;5.555555556;5.555555556;2.7
19073700;16;16;0;0;19.5;16.9;23.2;21.3;49.7;82.5;28.4;29.4;29.2;30.7;20.6;355.5555556;5.555555556;5.555555556;2.7
19074600;16;15;0;0;20;17.1;22.8;21.4;51.4;83;27.9;28.9;28.9;30.4;20.6;355.5555556;5.555555556;5.555555556;2.7
19075500;16;13;0;0;20;15.9;22.4;21.5;53.2;83.6;27.5;28.5;28.5;30.2;20.6;355.5555556;5.555555556;5.555555556;2.7
19076400;17;13;0;0;20;15.7;21.8;20.5;55.1;21.2;27.1;28;28.2;29.9;19.9;350;0;0;2.5
19077300;17;14;0;0;20.4;15.7;21.2;20.4;57.6;11.6;26.7;27.5;27.8;29.6;19.9;350;0;0;2.5
19078200;17;14;0;0;20.5;15.7;20.6;20.3;60.1;11.6;26.3;27;27.5;29.3;19.9;350;0;0;2.5
19079100;17;15;0;0;20.5;16.2;20.1;20.2;61.2;11.6;25.8;26.5;27.1;29;19.9;350;0;0;2.5
19080000;17;15;0;0;20.8;16.3;20;19.2;62;1.5;25.5;26.1;26.8;28.7;18.8;363.8888889;0;0;3
19080900;17;15;0;0;21;16.7;20.2;19;60.8;0;25.2;25.8;26.5;28.4;18.8;363.8888889;0;0;3
19081800;18;17;0;0;21;17.3;20.4;19.2;58;0;24.9;25.4;26.2;28.2;18.8;363.8888889;0;0;3
19082700;18;18;0;0;21;18.8;20.5;19.4;57.4;0;24.6;25;25.9;28;18.8;363.8888889;0;0;3
19083600;18;18;0;0;21.5;19.2;20.3;18.9;57.3;0;24.2;24.7;25.7;27.6;17.2;327.7777778;0;0;3.1
19084500;18;18;0;0;21.5;19.2;20.1;18.8;59.3;0;24;24.5;25.5;27.3;17.2;327.7777778;0;0;3.1
19085400;18;18;0;0;21.6;19.2;19.6;19.1;60.4;0;23.7;24.1;25.3;27.1;17.2;327.7777778;0;0;3.1
19086300;18;18;0;0;21.8;19.2;19;17.8;62.95;0;23.4;23.75;25.1;26.9;17.2;327.7777778;0;0;3.1
19087200;18;18;0;0;22;19.2;18.4;16.5;65.5;0;23.1;23.4;24.9;26.7;16.6;319.4444444;0;0;2.6
19088100;18;18;0;0;22;19.2;17.9;16.1;67.2;0;22.7;22.9;24.7;26.7;16.6;319.4444444;0;0;2.6
19089000;19;18;0;0;22.1;19.4;17.6;16.1;68.9;0;22.3;22;24.7;26.6;16.6;319.4444444;0;0;2.6
19089900;19;18;0;0;22.5;19.7;17.3;16.1;69.5;0;21.9;20;26;26.4;16.6;319.4444444;0;0;2.6
19090800;19;20;0;0;22.3;21;17.1;15.5;70.3;0;20.7;17.9;25;26.1;15.7;319.4444444;0;0;2
19091700;19;19;0;0;20.8;21.8;16.9;15.4;71.8;0;17.6;16.6;23.7;26.1;15.7;319.4444444;0;0;2
19092600;19;19;0;0;19.9;21.2;16.7;15.4;72.6;0;16.7;16.2;20.3;26.1;15.7;319.4444444;0;0;2
19093500;17;17;0;0;18.8;19.6;16.4;15.4;73.4;0;16.3;15.9;20.5;25.9;15.7;319.4444444;0;0;2
19094400;17;14;0;0;17.9;15.9;16.4;15.1;73.3;0;16.1;15.6;21.7;25.7;15.3;319.4444444;0;0;2.9
19095300;17;13;0;0;16.8;15;16.3;15;73.6;0;16.1;15.3;19.6;25.6;15.3;319.4444444;0;0;2.9
19096200;16;13;0;0;16.1;14.6;16.2;15;74.3;0;16;15.1;18.2;25.5;15.3;319.4444444;0;0;2.9
19097100;16;13;0;0;15.9;14.2;16;15;75.5;0;15.9;14.9;17.8;25.4;15.3;319.4444444;0;0;2.9
19098000;16;13;0;0;15.6;14.2;15.9;15;75.5;0;15.7;14.7;17.6;25.2;14.4;316.6666667;0;0;3.4
19098900;15;14;0;0;15.3;15.1;15.9;15;75.7;0;15.5;14.5;17.4;25;14.4;316.6666667;0;0;3.4
19099800;15;16;0;0;14.9;16.7;15.7;15.2;76.6;0;15.2;14.3;17.5;24.7;14.4;316.6666667;0;0;3.4
19100700;15;15;0;0;14.9;16.7;15.5;15.4;77.6;0;15;14.1;17.5;24.6;14.4;316.6666667;0;0;3.4
19101600;15;15;0;0;14.9;16.4;15.5;14.9;77.9;0;14.7;13.9;17.5;24.5;13.9;319.4444444;0;0;1.8
19102500;15;15;0;0;14.5;16.2;15.4;14.8;78.1;0;14.5;13.8;17.4;24.3;13.9;319.4444444;0;0;1.8
19103400;14;15;0;0;14.4;16.2;15.4;14.8;78.4;0;14.3;13.7;17.2;24;13.9;319.4444444;0;0;1.8
19104300;14;15;0;0;14;16.2;15.3;14.8;78.8;0;14.2;13.6;17.1;23.9;13.9;319.4444444;0;0;1.8
19105200;14;15;0;0;13.9;16.1;15.3;14.6;78.7;0;14;13.4;16.9;23.7;13.5;333.3333333;2.777777778;2.777777778;1.4
19106100;14;15;0;0;13.9;15.7;15.2;14.5;78.7;0;13.8;13.3;16.8;23.5;13.5;333.3333333;2.777777778;2.777777778;1.4
19107000;14;14;0;0;13.8;15.7;15.2;14.3;79.4;0;13.8;13.2;16.7;23.4;13.5;333.3333333;2.777777778;2.777777778;1.4
19107900;13;17;0;0;13.4;16.9;14.9;14.1;80;0;13.6;13.1;16.5;23;13.5;333.3333333;2.777777778;2.777777778;1.4
19108800;13;17;0;0;13.4;17.2;15.1;14.1;80.5;0;13.5;13.1;16.4;22.6;13.7;366.6666667;30.55555556;30.55555556;1.9
19109700;13;15;0;0;13.4;16.4;15.6;14.1;79.6;0;13.7;13.1;16.4;22.5;13.7;366.6666667;30.55555556;30.55555556;1.9
19110600;13;14;0;0;13.4;15.7;16.1;14;78.8;0;14;13.4;16.5;22.3;13.7;366.6666667;30.55555556;30.55555556;1.9
19111500;13;14;0;0;13.2;15.7;16.5;13.8;77.6;0;14.3;13.7;16.6;21.8;13.7;366.6666667;30.55555556;30.55555556;1.9
19112400;13;14;0;0;12.9;15.7;16.8;14.2;77;18.9;14.5;14;16.4;19.5;14.5;363.8888889;100;100;2.8
19113300;16;17;0;0;15.6;19.3;17.2;14.2;76.1;18.9;14.8;14.2;16.4;14.4;14.5;363.8888889;100;100;2.8
19114200;18;15;0;0;16.5;19;17.6;14;74.3;18.9;15.1;14.7;16.6;14.6;14.5;363.8888889;100;100;2.8
19115100;14;14;0;0;13.9;15.3;18.2;13.9;72.1;18.9;15.6;20.6;18.7;15.4;14.5;363.8888889;100;100;2.8
19116000;13;17;0;0;13.5;16.9;18.5;15;70.2;107.7;16.6;21.3;21.9;16.4;16.3;352.7777778;227.7777778;286.1111111;2.9
19116900;13;16;0;0;14;17.1;18.6;15.1;68.9;114;17.2;20.2;21.1;17.2;16.3;352.7777778;227.7777778;286.1111111;2.9
19117800;14;15;0;0;14.4;16.3;19.2;14.9;67.8;115.1;17.9;19.7;20.4;17.8;16.3;352.7777778;227.7777778;286.1111111;2.9
19118700;14;15;0;0;14.8;16;19.7;14.7;65.5;115.9;19.2;20;20.5;18.5;16.3;352.7777778;227.7777778;286.1111111;2.9
19119600;14;14;0;0;14.9;16;20.2;15.9;63.6;187.5;21.2;20.5;21.3;19.4;17.6;350;308.3333333;447.2222222;3.4
19120500;14;14;0;0;15.1;16;20.9;16.1;62.9;198.5;22.3;21.2;22.3;20;17.6;350;308.3333333;447.2222222;3.4
19121400;14;14;0;0;15.4;16;20.9;15.9;62.6;198.5;23;22;23.1;20.2;17.6;350;308.3333333;447.2222222;3.4
19122300;14;14;0;0;15.4;16;21.2;15.7;62.8;198.5;23.9;22.9;23.9;20.4;17.6;350;308.3333333;447.2222222;3.4
19123200;15;15;0;0;16.4;16;21.7;17;62.4;312.4;24.2;24;24.7;21.6;19.6;352.7777778;358.3333333;436.1111111;2.4
19124100;16;14;0;0;16.7;15.5;22.4;17.3;60.9;340.9;24;23.6;24.3;20.7;19.6;352.7777778;358.3333333;436.1111111;2.4
19125000;16;14;0;0;16.7;15.5;23.5;17.5;57.8;340.9;26.5;25.2;26.2;20.6;19.6;352.7777778;358.3333333;436.1111111;2.4
19125900;16;15;0;0;16.8;16;24.6;17.7;54.4;340.9;29.4;27.6;28.3;21.3;19.6;352.7777778;358.3333333;436.1111111;2.4
19126800;16;16;0;0;17.2;17;25.1;18.8;52.6;407.9;31.5;29.6;29.9;21.8;20.6;363.8888889;388.8888889;463.8888889;1.8
19127700;16;14;0;0;17.2;16.4;25;19.2;53.2;432.3;32.1;30.6;30.8;22.1;20.6;363.8888889;388.8888889;463.8888889;1.8
19128600;16;14;0;0;17.2;15.5;24.8;19.1;52;426;32.4;31;31.4;22.4;20.6;363.8888889;388.8888889;463.8888889;1.8
19129500;16;13;0;0;17.7;15.5;24.9;19.1;50.7;422.9;32.7;31.5;31.9;22.7;20.6;363.8888889;388.8888889;463.8888889;1.8
19130400;16;13;0;0;17.7;15;24.5;20.4;52.3;517;32.8;32.2;32.2;23;21.9;375;433.3333333;544.4444444;1.5
19131300;17;13;0;0;17.7;15;25.2;20.4;50.9;517;33.2;32.7;32.5;23.3;21.9;375;433.3333333;544.4444444;1.5
19132200;17;13;0;0;18.2;15;25.8;20.6;46.6;538.1;33.8;33.3;33.1;23.6;21.9;375;433.3333333;544.4444444;1.5
19133100;17;13;0;0;18.2;15;26.1;20.8;44.6;556.5;34.4;33.9;33.4;24;21.9;375;433.3333333;544.4444444;1.5
19134000;16;14;1;0;17.3;16;27;21.8;45.2;591.9;35.1;34.5;33.9;25.9;22.7;380.5555556;477.7777778;611.1111111;1.9
19134900;16;16;0;0;17;17.2;27.1;21.9;43.4;597.3;32.7;32.5;32.3;26.2;22.7;380.5555556;477.7777778;611.1111111;1.9
19135800;16;15;0;0;17.8;16.7;27;21.7;43.8;597.3;33.9;33;33;26.4;22.7;380.5555556;477.7777778;611.1111111;1.9
19136700;16;13;0;0;17.8;15.8;27.7;21.6;42.3;597.3;35.3;34.1;34;26.9;22.7;380.5555556;477.7777778;611.1111111;1.9
19137600;15;15;1;0;16;16.1;27.8;22.5;41.5;624.4;34.8;34.3;34.1;29.6;23.1;383.3333333;472.2222222;638.8888889;2.2
19138500;16;13;0;0;17.4;15.1;27.1;22.6;43.8;628.6;34.3;33.1;33.4;27.9;23.1;383.3333333;472.2222222;638.8888889;2.2
19139400;16;13;0;0;17.6;14.7;27.1;22.7;44.2;628.6;35.4;34.2;34.1;28.6;23.1;383.3333333;472.2222222;638.8888889;2.2
19140300;16;12;0;0;17.8;14.3;27.5;22.8;43.7;628.6;36.2;35.1;34.7;28.8;23.1;383.3333333;472.2222222;638.8888889;2.2
19141200;16;12;0;0;18.1;14.2;27.9;23.3;43;600.4;37.2;36;35.5;29;23.3;375;338.8888889;452.7777778;1.3
19142100;15;14;1;1;16.8;15.1;27.8;23.4;42.8;596.1;37.6;36.9;36;30.7;23.3;375;338.8888889;452.7777778;1.3
19143000;16;16;0;0;17.4;16.1;28;23.3;42.6;596.1;36.1;35.5;34.7;29.8;23.3;375;338.8888889;452.7777778;1.3
19143900;16;16;0;0;17.8;17;27.6;23.3;42.6;596.1;37.8;36.5;35.4;30.5;23.3;375;338.8888889;452.7777778;1.3
19144800;16;14;0;0;17.8;15.9;27.1;23.6;43.9;537.3;37.9;36.9;35.5;30.6;22.6;358.3333333;197.2222222;469.4444444;1.7
19145700;16;13;0;0;17.9;15.1;26.6;23.7;44.6;528.2;37.4;36.6;35;30.5;22.6;358.3333333;197.2222222;469.4444444;1.7
19146600;16;13;0;0;18.3;15;26.6;23.5;45.5;528.2;36.9;36.4;35;30.6;22.6;358.3333333;197.2222222;469.4444444;1.7
19147500;16;13;0;0;18.4;15;26.3;23.4;45.3;528.2;36.8;36.4;35;30.6;22.6;358.3333333;197.2222222;469.4444444;1.7
19148400;16;13;0;0;18.8;15;26.1;23.5;46.5;433.7;36.7;36.3;35.1;30.6;23;358.3333333;158.3333333;308.3333333;2.2
19149300;17;13;0;0;19;15;26.4;23.5;46.4;419.2;37;36.4;35.2;30.7;23;358.3333333;158.3333333;308.3333333;2.2
19150200;17;14;0;0;19.3;15;26.7;23.3;45.9;419.2;37;36.5;35.2;30.9;23;358.3333333;158.3333333;308.3333333;2.2
19151100;16;15;0;0;19.3;15.4;26.3;23.2;45.6;419.2;36.4;36.1;34.8;31;23;358.3333333;158.3333333;308.3333333;2.2
19152000;15;17;0;0;19.3;17.4;25.8;23;46.9;340.7;35.3;35.1;34;30.9;22.7;352.7777778;80.55555556;202.7777778;2.3
19152900;15;16;0;0;19.4;17.5;25.9;23;48.4;328.6;34.4;34.4;33.5;30.9;22.7;352.7777778;80.55555556;202.7777778;2.3
19153800;16;16;0;0;19.8;17.5;26.1;22.6;48;328.6;34.1;34.1;33.4;31;22.7;352.7777778;80.55555556;202.7777778;2.3
19154700;16;16;0;0;19.8;17.5;27.5;22.3;45.7;328.6;33.7;34;33.3;31.1;22.7;352.7777778;80.55555556;202.7777778;2.3
19155600;16;16;0;0;20;17.5;30.1;21.8;39.5;212.9;33.2;33.9;33.2;31.2;22.1;352.7777778;33.33333333;44.44444444;1.9
19156500;16;17;0;0;20.3;17.6;27.9;21.7;41.9;195.1;32.4;33.6;32.7;31.3;22.1;352.7777778;33.33333333;44.44444444;1.9
19157400;16;17;0;0;20.3;18;25.4;22;49.1;195.1;31.6;33.1;32.1;31.4;22.1;352.7777778;33.33333333;44.44444444;1.9
19158300;16;17;0;0;20.3;18;24.5;22.3;52.6;195.1;30.8;32.6;31.5;31.5;22.1;352.7777778;33.33333333;44.44444444;1.9
19159200;16;17;0;0;19.6;18.5;24;21.6;55.4;100;30;31.8;30.8;31.5;20.5;352.7777778;2.777777778;2.777777778;2.6
19160100;16;17;0;0;20.3;18.4;23.3;21.5;57.2;85.4;29.1;30.9;30;31.1;20.5;352.7777778;2.777777778;2.777777778;2.6
19161000;17;16;0;0;20.3;18.1;22.9;21.8;58.9;86.9;28.3;30.1;29.4;30.9;20.5;352.7777778;2.777777778;2.777777778;2.6
19161900;17;13;0;0;20.3;16.2;22.4;22;61.5;88.2;27.7;29.4;28.9;30.7;20.5;352.7777778;2.777777778;2.777777778;2.6
19162800;17;13;0;0;20.3;15.2;21.8;21.2;63.1;29.3;27.1;28.7;28.4;30.6;20.1;355.5555556;0;0;2.9
19163700;17;13;0;0;20.6;14.9;21.5;21;64.8;14.6;26.6;28.1;28;30.4;20.1;355.5555556;0;0;2.9
19164600;17;13;0;0;20.8;14.5;21.3;21;65.9;14.6;26.3;27.6;27.6;30.1;20.1;355.5555556;0;0;2.9
19165500;17;13;0;0;20.8;14.6;21.3;21.1;65.9;14.6;26;27.2;27.3;29.8;20.1;355.5555556;0;0;2.9
19166400;17;14;0;0;21.3;15;21.1;20.1;66.2;2.9;25.6;26.8;27;29.5;19.4;352.7777778;0;0;3.3
19167300;17;14;0;0;21.3;15.4;20.8;19.9;66.5;0;25.3;26.4;26.7;29.2;19.4;352.7777778;0;0;3.3
19168200;18;15;0;0;21.3;16.1;20.8;19.6;66.7;0;25.1;26;26.5;28.9;19.4;352.7777778;0;0;3.3
19169100;18;17;0;0;21.3;18.1;20.6;19.3;68.2;0;24.8;25.5;26.1;28.5;19.4;352.7777778;0;0;3.3
19170000;18;17;0;0;21.8;18.1;20.4;18.9;69.3;0;24.3;25.2;25.7;28;19;377.7777778;0;0;2.6
19170900;18;17;0;0;21.8;18.1;20.1;18.8;71.1;0;24.1;24.9;25.6;27.8;19;377.7777778;0;0;2.6
19171800;18;17;0;0;21.9;18.1;19.8;19.1;72.3;0;23.8;24.5;25.3;27.5;19;377.7777778;0;0;2.6
19172700;18.5;17;0;0;22.1;18.25;20.1;17.95;71.95;0;23.6;24.3;25.1;27.25;19;377.7777778;0;0;2.6
19173600;19;17;0;0;22.3;18.4;20.4;16.8;71.6;0;23.4;24.1;24.9;27;18.3;352.7777778;0;0;3.1
19174500;19;17;0;0;22.3;18.6;20.6;16.1;70.3;0;23.2;23.9;24.8;26.8;18.3;352.7777778;0;0;3.1
19175400;19;18;0;0;22.7;18.6;20.5;16.1;70.5;0;23;23.7;24.7;26.6;18.3;352.7777778;0;0;3.1
19176300;20;18;0;0;22.8;19.1;20.1;16.1;71.7;0;22.8;23.4;24.5;26.4;18.3;352.7777778;0;0;3.1
19177200;20;20;0;0;22.8;20.3;19.7;15.5;73.3;0;22.5;23;24.4;26.4;17.5;363.8888889;0;0;1.5
19178100;19;20;0;0;22;20.8;19.3;15.4;74.3;0;21.7;22;23.4;26.1;17.5;363.8888889;0;0;1.5
19179000;19;18;0;0;20.2;21.2;19.3;15.4;74.6;0;21;19.6;23.7;25.9;17.5;363.8888889;0;0;1.5
19179900;19;16;0;0;20.2;20.6;19.5;15.4;74.7;0;22;18.8;24.3;25.7;17.5;363.8888889;0;0;1.5
19180800;19;14;0;0;20.2;16.7;19.8;15.1;74.1;0;20.5;18.6;22.9;25.7;17;361.1111111;0;0;1.7
19181700;18;14;0;0;19.9;17.1;19.6;15;74.2;0;20.9;18.5;20.7;25.6;17;361.1111111;0;0;1.7
19182600;18;13;0;0;19.5;16.4;19.3;15;74.9;0;20.9;18.3;20.2;25.5;17;361.1111111;0;0;1.7
19183500;18;12;0;0;19.5;14.7;19.2;15;75.5;0;21.9;18.3;19.9;25.5;17;361.1111111;0;0;1.7
19184400;18;13;0;0;20.2;14.6;19.4;16.9;75.6;0;23.6;18.3;19.6;25.4;16.6;347.2222222;0;0;1.8
19185300;18;14;0;0;21;15.5;19.5;16.9;75.6;0;24.7;18.3;19.5;25.1;16.6;347.2222222;0;0;1.8
19186200;18;17;0;0;21.2;17.3;19.4;17;75.6;0;23.4;18.4;19.4;24.6;16.6;347.2222222;0;0;1.8
19187100;18;16;0;0;21.2;17.6;19.2;17.1;76.2;0;22.8;18.3;19.5;24.6;16.6;347.2222222;0;0;1.8
19188000;18;16;0;0;20.6;17.6;18.7;16.8;77.2;0;21.2;18.1;19.8;24.8;15.7;333.3333333;0;0;1.8
19188900;18;16;0;0;19.4;17.6;18.4;16.8;77.7;0;20.3;17.7;19.7;24.6;15.7;333.3333333;0;0;1.8
19189800;18;16;0;0;18.7;17.6;18.1;16.8;78.6;0;19.9;17.4;19.7;24.3;15.7;333.3333333;0;0;1.8
19190700;18;16;0;0;18.7;17.6;17.9;16.8;79.6;0;19.7;17.2;19.6;23.9;15.7;333.3333333;0;0;1.8
19191600;18;16;0;0;18.2;17.6;17.8;16.6;80;0;19.7;17;19.5;23.1;15.4;338.8888889;2.777777778;2.777777778;1.9
19192500;18;16;0;0;18.2;17.6;17.6;16.6;80.1;0;19.9;16.8;19.3;20.9;15.4;338.8888889;2.777777778;2.777777778;1.9
19193400;18;16;0;0;18.1;17.3;17.4;16.6;80.4;0;20.1;16.6;19.1;16.9;15.4;338.8888889;2.777777778;2.777777778;1.9
19194300;17;18;0;0;17.7;18.6;17.3;16.5;81;0;20.5;16.4;18.6;15.7;15.4;338.8888889;2.777777778;2.777777778;1.9
19195200;17;18;0;0;17.3;19.1;17.4;16.4;81.1;0;22.7;16.2;18.2;15.6;15.4;330.5555556;36.11111111;55.55555556;2.6
19196100;17;17;0;0;17.1;18.6;17.6;16.4;80.9;0;23;16.2;18;16;15.4;330.5555556;36.11111111;55.55555556;2.6
19197000;17;17;0;0;16.6;17.8;17.5;15.9;81.1;0;23.3;16.1;18;16.2;15.4;330.5555556;36.11111111;55.55555556;2.6
19197900;17;16;0;0;16.2;17.1;17.5;15.6;81.1;0;21.5;16.1;18;16.4;15.4;330.5555556;36.11111111;55.55555556;2.6
19198800;16;15;0;0;16.2;16.6;17.7;15.8;81.1;21.9;20.1;16.2;18;16.8;16.9;344.4444444;102.7777778;211.1111111;3.2
19199700;16;15;0;0;16.2;16.6;18;15.8;80.6;21.9;19.6;16.3;18;17.3;16.9;344.4444444;102.7777778;211.1111111;3.2
19200600;16;15;0;0;16.2;16.4;18.7;15.6;79.4;21.9;19.6;16.7;18.1;18.1;16.9;344.4444444;102.7777778;211.1111111;3.2
19201500;18;15;0;0;17.2;15.7;19.5;15.5;76.3;21.9;19.8;17.3;18.8;19;16.9;344.4444444;102.7777778;211.1111111;3.2
19202400;17;15;0;0;16.9;15.9;20;16.4;73.4;119.5;20;18.1;19.5;19.6;18.2;355.5555556;141.6666667;266.6666667;2.9
19203300;17;15;0;0;16.7;16.6;20.2;16.5;72.5;126.5;20.3;19;20.7;20;18.2;355.5555556;141.6666667;266.6666667;2.9
19204200;17;15;0;0;16.7;16.3;20.9;16.4;70.8;125.7;20.9;20;21.7;20.1;18.2;355.5555556;141.6666667;266.6666667;2.9
19205100;17;14;0;0;16.7;16;21.3;16.3;69.2;125;21.6;20.7;22.1;20.2;18.2;355.5555556;141.6666667;266.6666667;2.9
19206000;17;13;0;0;16.9;15.1;21.6;17.4;68.3;240.4;22;21.1;22.4;20.3;21.1;347.2222222;127.7777778;533.3333333;3
19206900;17;12;0;0;17.2;14.6;21.7;17.6;68;258.2;23.1;22;23.3;20.4;21.1;347.2222222;127.7777778;533.3333333;3
19207800;15;14;1;0;16.1;15.7;21.9;17.8;68.1;258.2;25.5;23.8;25.7;21.9;21.1;347.2222222;127.7777778;533.3333333;3
19208700;14;15;0;0;16;16.3;22.5;18.1;66.2;258.2;26.1;24.4;26.1;22.7;21.1;347.2222222;127.7777778;533.3333333;3
19209600;15;14;0;0;16.6;15.5;23.1;19.3;64.5;373.7;28.3;25.7;27.8;22.5;22.9;355.5555556;127.7777778;661.1111111;3.7
19210500;16;13;0;0;17.1;15.1;23.7;19.6;63.2;402.6;30.6;27.8;29.4;22.9;22.9;355.5555556;127.7777778;661.1111111;3.7
19211400;16;13;0;0;17.1;14.7;24.2;19.6;61.3;402.6;32.6;29.9;30.9;23.5;22.9;355.5555556;127.7777778;661.1111111;3.7
19212300;16;14;0;0;17.5;15.7;24.8;19.6;59.9;402.6;34.2;31.9;32.4;23.9;22.9;355.5555556;127.7777778;661.1111111;3.7
19213200;16;16;1;0;17.2;16.8;25.1;20.6;57.7;501;36.2;34.1;34.6;25.5;24.9;375;225;758.3333333;3.6
19214100;14;14;0;0;16.1;15.4;25.7;21;56.2;536.8;34.5;33.4;33.9;27.9;24.9;375;225;758.3333333;3.6
19215000;15;13;0;0;17;15;26.5;21;53.8;536.8;36.7;34.3;34.8;27.5;24.9;375;225;758.3333333;3.6
19215900;16;13;0;0;17.4;15;27.5;21;50.2;536.8;39.3;36.8;36.4;28.3;24.9;375;225;758.3333333;3.6
19216800;15;13;0;0;17.4;15;27.8;22.3;49.8;625;40.5;38.5;37.8;28.9;25.9;400;311.1111111;605.5555556;2.7
19217700;14;14;0;1;16.6;15.5;27.7;22.3;50;625;39.5;38.7;37.8;31.6;25.9;400;311.1111111;605.5555556;2.7
19218600;15;13;0;0;16.7;14.6;27.3;23.4;50.2;646.9;36.1;35.5;34.9;29.7;25.9;400;311.1111111;605.5555556;2.7
19219500;15;13;0;0;17.1;14.6;27.1;24.4;49.8;666;36.6;36;35.5;30.6;25.9;400;311.1111111;605.5555556;2.7
19220400;15;13;0;0;17.3;14.6;27.3;25.2;50.2;714.8;37.2;36.6;35.7;30.8;25.3;383.3333333;241.6666667;611.1111111;1.9
19221300;14;15;1;0;15.9;16;28.8;25.3;47.2;722.3;37.5;37.4;36.4;32.7;25.3;383.3333333;241.6666667;611.1111111;1.9
19222200;15;14;0;0;16.9;15.5;28.6;25.6;47.6;722.3;37.5;36.2;35.6;31.5;25.3;383.3333333;241.6666667;611.1111111;1.9
19223100;15;13;0;0;17.2;14.7;28;25.9;49.7;722.3;38.3;37.2;36.1;32.2;25.3;383.3333333;241.6666667;611.1111111;1.9
19224000;16;12;0;0;17.7;14.2;28.4;26.4;47.3;721.4;39.8;38.8;36.9;32.4;25.9;377.7777778;219.4444444;702.7777778;1.1
19224900;14;13;0;0;16.4;15;28.3;26.5;47.5;721.3;39.5;39.1;37.1;33.6;25.9;377.7777778;219.4444444;702.7777778;1.1
19225800;15;14;0;0;16.8;14.6;28.4;26.6;47.3;721.3;37.1;37;35.6;32.3;25.9;377.7777778;219.4444444;702.7777778;1.1
19226700;15;13;0;0;17.4;14.6;28.5;26.7;48.7;721.3;38.6;37.8;36.2;32.8;25.9;377.7777778;219.4444444;702.7777778;1.1
19227600;16;12;0;0;17.9;14.4;28.9;27;47;705.7;40.6;39.4;37.2;33;25.5;380.5555556;211.1111111;527.7777778;0.8
19228500;16;12;0;0;18.3;14.1;28.9;27;45.7;705.7;42.3;40.8;37.9;33.3;25.5;380.5555556;211.1111111;527.7777778;0.8
19229400;15;15;0;1;16.2;15.7;29.2;26.4;45.2;705.7;41.1;40.6;38.1;34.5;25.5;380.5555556;211.1111111;527.7777778;0.8
19230300;16;15;0;0;17.4;15.8;29.5;25.8;44.1;705.7;41.4;39.9;37.8;33.9;25.5;380.5555556;211.1111111;527.7777778;0.8
19231200;16;13;0;0;17.8;15.6;29.4;26;43.9;620.3;43;41.1;38.6;34.7;26.2;372.2222222;158.3333333;472.2222222;0.7
19232100;15;13;1;2;17.1;15.5;29.8;26;43.6;607.2;43.4;41.9;39.2;35.4;26.2;372.2222222;158.3333333;472.2222222;0.7
19233000;15;14;0;0;16.7;14.8;29.8;26.1;42.7;607.2;40.5;40.1;37.7;34.7;26.2;372.2222222;158.3333333;472.2222222;0.7
19233900;16;13;0;0;17.7;14.6;29.7;26.2;41.6;607.2;41.6;40.2;38.5;35.1;26.2;372.2222222;158.3333333;472.2222222;0.7
19234800;15;13;0;0;17.8;14.6;29.4;26.1;40.3;498.6;42.1;40.8;38.7;35.4;26.4;380.5555556;200;272.2222222;0.8
19235700;14;13;0;0;17.8;14.6;29;26.1;41.7;481.9;41.3;40.6;37.9;35.6;26.4;380.5555556;200;272.2222222;0.8
19236600;14;13;0;0;17.8;14.6;29;25.8;41.1;481.9;40;39.7;37.2;35.5;26.4;380.5555556;200;272.2222222;0.8
19237500;14;14;0;0;17.8;15.1;29.3;25.5;40;481.9;39.2;39;36.7;35.4;26.4;380.5555556;200;272.2222222;0.8
19238400;14;16;0;0;17.8;17;28.8;25.2;40.9;374.1;38.2;38.1;36.1;35.2;25.5;372.2222222;122.2222222;180.5555556;1.2
19239300;14;16;0;0;17.8;17.1;29.1;25.2;40;357.5;37.6;37.6;35.9;35.1;25.5;372.2222222;122.2222222;180.5555556;1.2
19240200;14;16;0;0;18;17.1;28.7;25.6;40.6;357.5;37;37.2;35.5;35.1;25.5;372.2222222;122.2222222;180.5555556;1.2
19241100;14;16;0;0;18.3;17.1;28.7;26;39.2;357.5;36.3;36.7;35.1;35;25.5;372.2222222;122.2222222;180.5555556;1.2
19242000;14;16;0;0;18.3;17.1;29;25.3;38.8;229.3;35.5;36.2;34.6;34.9;24.9;361.1111111;41.66666667;63.88888889;1.8
19242900;14;16;0;0;18.7;17.1;28.9;25.2;39.6;209.6;34.8;35.6;34.1;34.8;24.9;361.1111111;41.66666667;63.88888889;1.8
19243800;15;16;0;0;18.4;17.4;27.7;25.4;43.2;209.6;34;35.2;33.5;34.4;24.9;361.1111111;41.66666667;63.88888889;1.8
19244700;16;14;0;0;19.1;16.4;26.9;25.8;44.4;209.6;33.3;34.6;33.1;34.2;24.9;361.1111111;41.66666667;63.88888889;1.8
19245600;16;13;0;0;19.1;15.2;26.1;24.6;48.4;82;32.5;33.9;32.4;34;23.2;361.1111111;0;2.777777778;2.4
19246500;16;15;0;0;19.1;16.7;25.2;24.6;52.7;82;31.7;33;31.8;33.6;23.2;361.1111111;0;2.777777778;2.4
19247400;16;15;0;0;19.1;17;24.6;24.5;55.2;81.7;31;32.3;31.3;33.3;23.2;361.1111111;0;2.777777778;2.4
19248300;16;13;0;0;19.6;15.7;24;24.4;57.5;81.5;30.3;31.7;30.8;32.9;23.2;361.1111111;0;2.777777778;2.4
19249200;16;13;0;0;19.6;15.2;23.5;23.4;59.5;22.7;29.8;31.1;30.4;32.6;22.1;352.7777778;0;0;3.4
19250100;16;14;0;0;19.6;15.2;22.9;23.3;61.6;13.6;29.4;30.6;30;32.3;22.1;352.7777778;0;0;3.4
19251000;16;14;0;0;20.1;15.5;22.5;23.6;62.9;13.6;28.9;30;29.6;32;22.1;352.7777778;0;0;3.4
19251900;16;14;0;0;20.1;15.7;22.3;23.9;64.4;13.6;28.4;29.5;29.2;31.6;22.1;352.7777778;0;0;3.4
19252800;17;15;0;0;20.1;16.1;22;22.9;65.8;1.8;27.9;29;28.8;31.3;21.5;352.7777778;0;0;3.5
19253700;17;15;0;0;20.6;16.2;21.8;22.7;67.1;0;27.5;28.5;28.4;31;21.5;352.7777778;0;0;3.5
19254600;17;16;0;0;20.6;17.1;21.5;22.4;68.4;0;27.1;28;28.1;30.7;21.5;352.7777778;0;0;3.5
19255500;17;18;0;0;20.6;18.7;21.3;22.2;69.5;0;26.6;27.4;27.6;30.4;21.5;352.7777778;0;0;3.5
19256400;17;18;0;0;20.8;18.7;21.1;21.3;70.3;0;26.1;27;27.3;30;19.2;350;0;0;3.1
19257300;17;17;0;0;21.1;18.7;21;21.2;70.5;0;25.9;26.7;27.1;29.7;19.2;350;0;0;3.1
19258200;17;17;0;0;21.1;18.7;20.9;21.3;71;0;25.6;26.3;26.8;29.5;19.2;350;0;0;3.1
19259100;17.5;17.5;0;0;21.35;18.7;20.65;19.05;71.9;0;25.3;25.95;26.55;29.25;19.2;350;0;0;3.1
19260000;18;18;0;0;21.6;18.7;20.4;16.8;72.8;0;25;25.6;26.3;29;18.3;341.6666667;0;0;2.7
19260900;18;18;0;0;21.6;19;20.4;16.1;72.9;0;24.7;25.3;26.1;28.8;18.3;341.6666667;0;0;2.7
19261800;18;18;0;0;21.7;19.2;20.2;16.1;73.1;0;24.4;24.9;25.9;28.6;18.3;341.6666667;0;0;2.7
19262700;18;18;0;0;21.4;19.5;20;16.1;74.4;0;23.5;24;25;28.5;18.3;341.6666667;0;0;2.7
19263600;18;19;0;0;19.7;20.6;19.8;15.5;75.3;0;21.6;21.7;23.9;28.4;17.9;347.2222222;0;0;2.9
19264500;18;17;0;0;19.7;19.8;19.5;15.4;75.9;0;21.7;20.7;25.2;28.3;17.9;347.2222222;0;0;2.9
19265400;18;15;0;0;19.7;19.8;19.4;15.4;76;0;23.4;19.1;26.4;28.1;17.9;347.2222222;0;0;2.9
19266300;18;13;0;0;19.7;16.7;19.3;15.4;76.6;0;22.6;18.5;23.9;27.9;17.9;347.2222222;0;0;2.9
19267200;18;13;0;0;19.7;15.6;19.2;15.1;77.2;0;21.9;18.2;21.6;27.8;16.7;341.6666667;0;0;2.1
19268100;18;13;0;0;19.8;14.8;19;15;77.7;0;21.5;18;20.5;27.6;16.7;341.6666667;0;0;2.1
19269000;18;13;0;0;20.2;14.7;18.9;15;78;0;21;17.8;19.9;27.5;16.7;341.6666667;0;0;2.1
19269900;19;13;0;0;20.2;14.9;18.9;15;78;0;19.8;17.7;19.7;27.3;16.7;341.6666667;0;0;2.1
19270800;19;14;0;0;20.2;16;18.7;16.4;78.6;0;18.5;17.6;19.6;27.3;16.7;355.5555556;0;0;2.2
19271700;19;16;0;0;19.6;18.6;18.5;16.7;79.5;0;17.8;17.6;19.4;27.3;16.7;355.5555556;0;0;2.2
19272600;18;19;0;0;18.2;20.7;18.4;17.1;79.5;0;17.5;17.8;20;26.9;16.7;355.5555556;0;0;2.2
19273500;18;18;0;0;17.7;19.9;18.4;17.5;79.9;0;17.2;17.4;22.8;26.2;16.7;355.5555556;0;0;2.2
19274400;18;17;0;0;17.5;18.9;18.3;17;80.3;0;17.2;17;22.6;25.8;16.6;352.7777778;0;0;1.8
19275300;17;17;0;0;17;18.4;18.3;16.9;80.5;0;17.1;16.8;20.5;25.4;16.6;352.7777778;0;0;1.8
19276200;17;17;0;0;16.7;18.4;18.4;16.5;80.5;0;17.1;16.6;19.8;25.4;16.6;352.7777778;0;0;1.8
19277100;17;17;0;0;16.7;18;18.7;16.1;80.1;0;17.2;16.6;19.5;25.4;16.6;352.7777778;0;0;1.8
19278000;17;17;0;0;16.7;17.9;18.8;15.9;80;0;17.3;16.6;19.2;25.4;16.2;338.8888889;2.777777778;2.777777778;1.3
19278900;16;17;0;0;16.7;17.9;18.6;15.9;80;0;17.3;16.6;19;25.4;16.2;338.8888889;2.777777778;2.777777778;1.3
19279800;16;17;0;0;16.7;17.9;18.2;16.1;80.6;0;17.2;16.6;19;25.3;16.2;338.8888889;2.777777778;2.777777778;1.3
19280700;16;19;0;0;16.2;19.1;18.1;16.4;81.2;0;17.1;16.5;19;25.1;16.2;338.8888889;2.777777778;2.777777778;1.3
19281600;16;19;0;0;16.2;19.4;18.2;16.4;81.4;0;17;16.5;19;25;15.9;338.8888889;55.55555556;66.66666667;1.6
19282500;16;18;0;0;16.2;19;18;16.4;81.4;0;16.9;16.4;19;25;15.9;338.8888889;55.55555556;66.66666667;1.6
19283400;16;17;0;0;16.2;18.4;18.1;16.4;81.5;0;16.9;16.4;19.2;24.9;15.9;338.8888889;55.55555556;66.66666667;1.6
19284300;16;17;0;0;16.2;18.4;18.4;16.5;81;0;17.1;16.5;19.3;24.8;15.9;338.8888889;55.55555556;66.66666667;1.6
19285200;16;17;0;0;16.2;18;19;16.9;80;19.1;17.7;16.7;19.4;24.7;17.3;341.6666667;108.3333333;144.4444444;1.4
19286100;17;16;0;0;16.7;17.5;19.1;17;78.3;26;18.6;17;19.3;24;17.3;341.6666667;108.3333333;144.4444444;1.4
19287000;16;14;0;0;16.1;16;19.3;16.8;78;26;18.8;17.2;19.2;24.3;17.3;341.6666667;108.3333333;144.4444444;1.4
19287900;15;13;0;0;15.7;14.7;20.1;16.6;76.3;26;19.3;17.7;19.3;24.3;17.3;341.6666667;108.3333333;144.4444444;1.4
19288800;15;14;0;0;15.7;15.4;20.3;17.4;73.3;97.4;20.5;18.4;19.5;24.3;19;341.6666667;138.8888889;355.5555556;1.5
19289700;15;15;0;0;16.2;16.7;20;17.7;74.1;123.3;21;18.9;19.8;24.2;19;341.6666667;138.8888889;355.5555556;1.5
19290600;15;15;0;0;16.2;16.4;20;17.4;74.3;127.1;21.9;19.8;20.6;24.3;19;341.6666667;138.8888889;355.5555556;1.5
19291500;16;15;0;0;16.4;16.4;20.9;17;72.5;131.5;23.2;21;21.9;24.3;19;341.6666667;138.8888889;355.5555556;1.5
19292400;16;14;0;0;16.7;15.9;21.6;18.3;69.8;249.7;25;22.3;23.8;24.4;21.7;347.2222222;141.6666667;544.4444444;1.7
19293300;15;15;1;0;16;17;21.9;18.8;69.2;292.7;26.6;24.1;26.2;23.9;21.7;347.2222222;141.6666667;544.4444444;1.7
19294200;14;15;0;0;16.1;16.9;22.6;18.9;67.8;292.7;25.7;24;26.1;26.1;21.7;347.2222222;141.6666667;544.4444444;1.7
19295100;14;14;0;0;16.2;16.4;23.3;19;64.9;292.7;28.3;25.3;28;27.2;21.7;347.2222222;141.6666667;544.4444444;1.7
19296000;15;14;0;0;16.7;15.8;23.8;20.5;63.5;420.9;30.6;27.6;29.8;27.5;23.5;358.3333333;169.4444444;650;1.8
19296900;15;13;0;0;17.2;15.2;24.2;20.9;63.1;453;32.5;29.5;31.3;27.7;23.5;358.3333333;169.4444444;650;1.8
19297800;15;13;0;0;17.4;14.9;24.9;20.9;61.2;453;34.4;31.4;32.8;28;23.5;358.3333333;169.4444444;650;1.8
19298700;15;16;1;3;16.9;16.8;25.5;20.9;58.6;453;36.3;34;34.8;29.6;23.5;358.3333333;169.4444444;650;1.8
19299600;15;15;0;0;16.6;16.4;26.1;22.3;56.8;566.1;34.7;32.4;33.8;29.9;25;372.2222222;311.1111111;630.5555556;2.3
19300500;16;14;0;0;17.2;15.9;26.9;22.7;54;594.4;37.4;34.4;35.3;30.1;25;372.2222222;311.1111111;630.5555556;2.3
19301400;16;13;0;0;17.3;15.3;27.5;23;51.7;594.4;39.2;36.7;36.8;30.7;25;372.2222222;311.1111111;630.5555556;2.3
19302300;16;13;0;0;17.7;15.3;27.9;23.5;51.1;594.4;40.4;38.6;38.3;31;25;372.2222222;311.1111111;630.5555556;2.3
19303200;15;14;1;0;16;15.9;28.4;24.6;50;671.3;39.4;38.6;38.2;33.5;27;372.2222222;297.2222222;747.2222222;2.2
19304100;15;13;0;0;17;15;28.7;25;49.9;699.2;38.9;37.5;37.5;32.4;27;372.2222222;297.2222222;747.2222222;2.2
19305000;16;13;0;0;17.4;14.6;28.7;25;47.7;701.1;41.1;39.8;38.9;33.2;27;372.2222222;297.2222222;747.2222222;2.2
19305900;16;12;0;0;17.5;14.5;29;24.9;47.6;703.9;42.9;41.9;40;33.6;27;372.2222222;297.2222222;747.2222222;2.2
19306800;15;14;1;1;16.9;15.5;29.4;25.9;46.7;746.5;43.3;43;40.8;35.7;27.5;383.3333333;352.7777778;644.4444444;1.8
19307700;15;15;0;0;16.9;16.3;29.8;26.2;43.9;762;40.4;39.7;38.9;34.6;27.5;383.3333333;352.7777778;644.4444444;1.8
19308600;15;14;0;0;17.4;16.1;29.9;26.2;45.1;762;42.5;41.3;40;35.3;27.5;383.3333333;352.7777778;644.4444444;1.8
19309500;16;13;0;0;17.4;15.2;30.6;26.3;43.8;762;43.9;42.7;40.8;35.8;27.5;383.3333333;352.7777778;644.4444444;1.8
19310400;16;14;0;0;17.1;15.4;31.2;26.9;42.5;772.1;44.4;43.9;41.8;37.3;28.5;375;222.2222222;761.1111111;1.9
19311300;15;13;0;0;17;14.6;31.2;27.1;38.8;775.8;42.1;41.3;40.1;36.4;28.5;375;222.2222222;761.1111111;1.9
19312200;16;13;0;0;17.4;14.5;31.1;27.4;40.9;775.8;45;43.4;41.6;37.4;28.5;375;222.2222222;761.1111111;1.9
19313100;16;12;0;0;17.9;14.5;31.1;27.9;40.3;775.8;46.8;45.1;42.6;37.9;28.5;375;222.2222222;761.1111111;1.9
19314000;16;13;0;0;18;14.5;31.3;28.4;38.2;747;48.2;46.2;43.5;38.5;28.7;380.5555556;216.6666667;652.7777778;1.1
19314900;15;14;1;0;16.5;15.2;31.4;28.5;36.1;739.8;45.9;45;42.7;39.8;28.7;380.5555556;216.6666667;652.7777778;1.1
19315800;16;15;0;0;17.6;15.1;31.6;28.4;36.3;739.8;46.2;44.3;42.4;39;28.7;380.5555556;216.6666667;652.7777778;1.1
19316700;16;15;0;0;17.8;16.1;32.1;28.3;35.9;739.8;47.7;45.6;43.2;39.7;28.7;380.5555556;216.6666667;652.7777778;1.1
19317600;15;14;1;1;16.8;16;32.3;28.6;34.2;687.6;47.5;46.1;43.4;40.7;29.5;383.3333333;116.6666667;544.4444444;2.1
19318500;16;14;0;0;17.5;14.7;32.5;28.7;33.8;674.6;45.4;44.2;41.9;39.6;29.5;383.3333333;116.6666667;544.4444444;2.1
19319400;16;13;0;0;17.9;14.7;32;28.8;34;674.6;46.8;45.2;42.8;40.5;29.5;383.3333333;116.6666667;544.4444444;2.1
19320300;16;13;0;0;18;14.7;31.6;29;35;674.6;46.9;45.8;43.1;40.8;29.5;383.3333333;116.6666667;544.4444444;2.1
19321200;16;13;0;0;18;14.7;31.7;28.9;34.7;550.6;46.9;46.1;43.2;41;29;380.5555556;91.66666667;366.6666667;2.3
19322100;15;13;0;0;18;14.7;31.7;28.9;34.8;505.5;46.4;45.9;43.2;41.2;29;380.5555556;91.66666667;366.6666667;2.3
19323000;15;13;0;0;18.4;14.7;31.7;28.8;35.3;505.5;45.9;45.6;43;41.2;29;380.5555556;91.66666667;366.6666667;2.3
19323900;14;14;0;0;18.5;15;31.7;28.7;36.1;505.5;45;45.2;42.6;41.2;29;380.5555556;91.66666667;366.6666667;2.3
19324800;14;16;0;0;18.5;17.1;31.6;28.5;35.4;421.2;44;44.2;42;41.1;28.6;383.3333333;80.55555556;208.3333333;2.6
19325700;14;16;0;0;18.5;17.2;31.6;28.4;36.4;390.6;43.2;43.4;41.5;41.3;28.6;383.3333333;80.55555556;208.3333333;2.6
19326600;14;16;0;0;18.5;17.2;31.4;28.8;35.7;390.6;42.3;43.1;41.1;41.7;28.6;383.3333333;80.55555556;208.3333333;2.6
19327500;14;16;0;0;18.5;17.2;31.4;29.2;36.1;390.6;41.2;42.4;40.5;41.9;28.6;383.3333333;80.55555556;208.3333333;2.6
19328400;14;16;0;0;18.5;17.2;32.9;28.8;33.5;278.3;40;41.4;39.6;41.9;27.9;386.1111111;44.44444444;69.44444444;2.1
19329300;15;16;0;0;18.5;17.2;32.4;28.6;34.1;237.4;38.8;40.6;38.8;41.9;27.9;386.1111111;44.44444444;69.44444444;2.1
19330200;15;16;0;0;18.3;17.4;30.3;28.6;37.5;237.4;37.8;39.7;38;41.6;27.9;386.1111111;44.44444444;69.44444444;2.1
19331100;16;15;0;0;19.6;17.4;29.2;28.5;40.8;237.4;36.4;38.5;36.9;40.7;27.9;386.1111111;44.44444444;69.44444444;2.1
19332000;16;14;0;0;19.6;16.1;28.2;27.7;45.9;133.5;35.7;37.6;36.2;40.5;25.9;375;0;0;3.2
19332900;16;16;0;0;19.6;17.2;27.4;27.4;49.4;95.7;34.8;36.5;35.4;40.2;25.9;375;0;0;3.2
19333800;16;15;0;0;19.6;17.3;26.6;27.5;51.5;97.3;33.9;35.6;34.6;39.8;25.9;375;0;0;3.2
19334700;16;13;0;0;19.6;15.9;25.9;27.6;53;99.7;33.1;34.8;33.9;39.3;25.9;375;0;0;3.2
19335600;16;13;0;0;19.6;15.2;25.3;26.5;54.2;17.2;32.4;34;33.3;38.8;25.2;375;0;0;2
19336500;16;13;0;0;19.9;14.8;25;26.5;55.6;17.2;31.8;33.3;32.7;38.3;25.2;375;0;0;2
19337400;16;13;0;0;20.1;14.7;24.6;26.7;57.7;17.2;31.2;32.7;32.2;37.8;25.2;375;0;0;2
19338300;17;13;0;0;20.1;14.9;24.5;26.9;59.1;17.2;30.7;32.1;31.7;37.3;25.2;375;0;0;2
19339200;17;14;0;0;20.5;15.2;24.2;25.6;60.7;1.1;30.2;31.5;31.3;36.7;23.5;375;0;0;1.7
19340100;17;14;0;0;20.6;15.7;24;25.5;61.7;0;29.8;30.9;30.9;36.2;23.5;375;0;0;1.7
19341000;17;15;0;0;20.6;16.3;23.8;25;62.7;0;29.4;30.4;30.5;35.6;23.5;375;0;0;1.7
19341900;17;17;0;0;20.6;18.2;23.4;24.6;63.9;0;28.9;29.9;30;34.9;23.5;375;0;0;1.7
19342800;17;17;0;0;21.1;18.2;23.3;24.1;64.8;0;28.4;29.4;29.6;34.4;22;369.4444444;0;0;1.3
19343700;17;17;0;0;21.1;18.2;23.1;24;65.8;0;28.2;29.1;29.4;34.1;22;369.4444444;0;0;1.3
19344600;18;17;0;0;21.5;18.2;23;24.3;66.2;0;27.8;28.7;29.1;33.9;22;369.4444444;0;0;1.3
19345500;18;17;0;0;21.55;18.45;22.9;21.05;66.5;0;27.5;28.35;28.85;33.55;22;369.4444444;0;0;1.3
19346400;18;17;0;0;21.6;18.7;22.8;17.8;66.8;0;27.2;28;28.6;33.2;21.3;366.6666667;0;0;1.2
19347300;18;18;0;0;21.9;18.7;22.7;16.1;67;0;26.9;27.6;28.2;32.9;21.3;366.6666667;0;0;1.2
19348200;18;18;0;0;22.1;18.9;22.4;16.1;68.4;0;26.6;27.3;28;32.5;21.3;366.6666667;0;0;1.2
19349100;19;18;0;0;22.1;19.2;22.2;16.1;68.9;0;26.4;27;27.7;32.2;21.3;366.6666667;0;0;1.2
19350000;19;20;0;0;22.1;20.5;22;15.6;70.4;0;26.1;26.6;27.5;31.9;21.2;366.6666667;0;0;0.6
19350900;19;20;0;0;22.6;21;22;15.4;70.1;0;25.7;26.2;27.1;31.5;21.2;366.6666667;0;0;0.6
19351800;19;19;0;0;22.6;21.2;21.9;15.4;70.5;0;25.5;26.1;27;31.1;21.2;366.6666667;0;0;0.6
19352700;19;19;0;0;22.3;20.8;21.8;15.4;71.1;0;25.1;25.6;26.5;30.9;21.2;366.6666667;0;0;0.6
19353600;19;18;0;0;20.5;20.6;21.6;19.4;71.4;0;23.4;23.6;25.1;30.8;19.8;363.8888889;0;0;1
19354500;19;14;0;0;20.9;17.3;21.5;19.4;71.4;0;23.4;23.2;25.2;30.6;19.8;363.8888889;0;0;1
19355400;19;13;0;0;21.2;15.5;21.5;19.4;71.6;0;23.3;22.9;25.3;30.4;19.8;363.8888889;0;0;1
19356300;19;13;0;0;21.5;14.8;21.4;19.4;72.2;0;23.3;22.6;25.3;30.2;19.8;363.8888889;0;0;1
19357200;19;13;0;0;21.5;14.7;21.2;19.4;73.1;0;23.3;22.1;25.4;30.1;19.6;369.4444444;0;0;1.3
19358100;19;14;0;0;21.9;15.3;21;19.4;73.6;0;23.5;21.7;26;29.8;19.6;369.4444444;0;0;1.3
19359000;20;16;0;0;22.1;17.3;21;20.1;74.4;0;24.4;21.1;27.2;29.6;19.6;369.4444444;0;0;1.3
19359900;20;16;0;0;22.5;17.5;20.8;20.8;74.7;0;25.1;20.2;25;29.3;19.6;369.4444444;0;0;1.3
19360800;20;16;0;0;22.5;17.8;20.8;20.1;74.2;0;22.6;19.9;24.5;29.2;19.3;397.2222222;0;0;1.7
19361700;20;16;0;0;22.9;17.8;21.2;20;73.5;0;21.8;19.9;22.7;29;19.3;397.2222222;0;0;1.7
19362600;20;17;0;0;23;18.1;21.5;19.5;72.9;0;21.1;20;21.9;28.9;19.3;397.2222222;0;0;1.7
19363500;20;17;0;0;22.9;18.8;21.6;19.2;72.8;0;20.7;20.1;21.6;28.8;19.3;397.2222222;0;0;1.7
19364400;20;18;0;0;21.5;19.8;21.8;18.9;73.1;0;20.7;20.2;21.5;28.7;18.9;394.4444444;0;0;1.9
19365300;20;19;0;0;20.5;20.9;21.8;18.9;72.9;0;20.8;20.4;21.7;28.3;18.9;394.4444444;0;0;1.9
19366200;20;19;0;0;20.5;20.4;21.9;19.2;72.6;0;20.8;20.5;22.9;27.9;18.9;394.4444444;0;0;1.9
19367100;19;20;0;0;20;20.8;21.9;19.4;72.8;0;21;20.6;24.3;27.3;18.9;394.4444444;0;0;1.9
19368000;19;20;0;0;20;21.3;22.1;19.3;72.6;0;21.2;20.7;23.9;27;18.8;380.5555556;13.88888889;13.88888889;2
19368900;19;20;0;0;20;20.9;22.1;19.3;72.5;0;21.2;20.8;23.3;27;18.8;380.5555556;13.88888889;13.88888889;2
19369800;19;20;0;0;20;20.8;22.1;19.3;72.7;0;21.2;20.9;23;27;18.8;380.5555556;13.88888889;13.88888889;2
19370700;19;20;0;0;20;20.8;22.2;19.2;72.6;0;21.3;20.9;22.6;27;18.8;380.5555556;13.88888889;13.88888889;2
19371600;19;20;0;0;20;20.8;22.2;19.4;73.1;13.8;21.3;20.9;22.4;27;19.3;372.2222222;100;163.8888889;2.6
19372500;19;20;0;0;20;20.8;22.3;19.4;72.7;17.2;21.4;21;22.3;27;19.3;372.2222222;100;163.8888889;2.6
19373400;19;20;0;0;20;20.8;22.7;19.3;72.3;17.2;21.6;21.3;22.3;26.9;19.3;372.2222222;100;163.8888889;2.6
19374300;19;20;0;0;20;20.8;22.6;19.1;71.5;17.2;22;21.6;22.4;26.9;19.3;372.2222222;100;163.8888889;2.6
19375200;20;20;0;0;21;20.8;22.8;19.9;70.9;101.1;22.7;22;22.6;26.6;22.7;369.4444444;150;266.6666667;3.5
19376100;20;18;0;0;21;20.3;23.9;20.1;68.7;122.1;24;22.9;23.2;26.7;22.7;369.4444444;150;266.6666667;3.5
19377000;20;17;0;0;21;19.1;24.6;20;65.9;124.1;25.6;23.9;24.3;26.7;22.7;369.4444444;150;266.6666667;3.5
19377900;20;15;0;0;21;18.2;24.7;19.9;65;126.4;26.6;24.9;25.5;26.7;22.7;369.4444444;150;266.6666667;3.5
19378800;20;13;0;0;21;16.2;24.8;21.2;64.4;224.3;28.2;26.2;27.1;26.8;23.3;369.4444444;175;477.7777778;5.5
19379700;20;13;0;0;21;15.1;25.1;21.5;63.4;248.8;29.7;27.5;28.7;26.9;23.3;369.4444444;175;477.7777778;5.5
19380600;20;13;0;0;21;14.8;25.3;21.2;62.9;248.8;30.7;28.6;29.9;27;23.3;369.4444444;175;477.7777778;5.5
19381500;18;15;1;0;19.6;16.4;25.7;20.9;61.1;248.8;32.5;30.4;32;27.2;23.3;369.4444444;175;477.7777778;5.5
19382400;17;15;0;0;18.7;16.2;26.3;22.2;60.3;372.7;32.1;30.3;31.9;26.8;24.7;377.7777778;202.7777778;622.2222222;5.6
19383300;18;14;0;0;19.6;15.6;26.9;22.5;57.9;403.7;34.3;31.7;33.3;26.8;24.7;377.7777778;202.7777778;622.2222222;5.6
19384200;18;14;0;0;20;15.4;27.6;23.3;56.4;403.7;36.1;33.5;34.6;27.3;24.7;377.7777778;202.7777778;622.2222222;5.6
19385100;19;15;0;0;20.2;16.5;27.7;24.2;56.4;403.7;37.6;35.2;36;27.8;24.7;377.7777778;202.7777778;622.2222222;5.6
19386000;19;16;0;0;20.2;17.4;27.8;25.4;55.8;478.3;38.9;36.8;37.2;28.2;26.1;383.3333333;250;694.4444444;5
19386900;19;14;0;0;20.7;16.5;28.1;25.7;54.9;496.9;40.4;38.4;38.2;28.6;26.1;383.3333333;250;694.4444444;5
19387800;19;13;0;0;20.7;15.4;28.6;25.7;54.3;496.9;41.7;40;39.3;29.1;26.1;383.3333333;250;694.4444444;5
19388700;19;13;0;0;21;15.4;29;25.7;53.7;496.9;43;41.6;40.3;29.7;26.1;383.3333333;250;694.4444444;5
19389600;18;15;0;1;19.2;16.5;29.7;26.7;51.6;597.5;43.7;42.7;41.3;32.5;27;388.8888889;227.7777778;758.3333333;4.7
19390500;17;14;0;0;19.1;15.1;29.7;26.9;51;622.6;41.2;40.2;39.5;32.6;27;388.8888889;227.7777778;758.3333333;4.7
19391400;18;13;0;0;19.8;15.1;29.6;26.6;51.5;627.2;43.3;41.8;40.5;33.3;27;388.8888889;227.7777778;758.3333333;4.7
19392300;18;13;0;0;19.8;14.7;29.8;26.2;50.7;632.4;44.7;43.5;41.5;33.8;27;388.8888889;227.7777778;758.3333333;4.7
19393200;18;14;1;0;19.4;15;30.1;27.2;50.1;662.7;45.8;45;42.5;34.9;28.2;394.4444444;258.3333333;744.4444444;4.3
19394100;16;15;0;0;18;16.4;30.4;27.4;49.5;670.3;43.3;42.8;41.2;36.1;28.2;394.4444444;258.3333333;744.4444444;4.3
19395000;17;14;0;0;19.4;16.1;30.3;27.3;50.1;670.3;45;43.8;41.6;36;28.2;394.4444444;258.3333333;744.4444444;4.3
19395900;17;13;0;0;19.6;15.3;30.5;27.2;50.2;670.3;46.6;45.7;42.4;36.5;28.2;394.4444444;258.3333333;744.4444444;4.3
19396800;17;13;0;0;19.5;15.1;30.7;27.8;49.7;664.6;47.3;46.9;43.1;36.9;28.8;413.8888889;316.6666667;555.5555556;3
19397700;15;14;0;1;17.2;15.6;31;27.9;49.5;663.2;44.1;44.6;41.9;38.2;28.8;413.8888889;316.6666667;555.5555556;3
19398600;17;13;0;0;18.8;14.6;31.5;27.8;48.3;663.2;44.2;44.2;41.5;37.3;28.8;413.8888889;316.6666667;555.5555556;3
19399500;16;13;0;0;18.8;14.6;31.6;27.6;48.3;663.2;44.8;44.9;41.6;37.7;28.8;413.8888889;316.6666667;555.5555556;3
19400400;17;13;0;0;19.4;14.6;32.3;27.8;47;631.5;45.6;45.6;42.2;37.9;28.9;405.5555556;244.4444444;475;2.6
19401300;16;14;1;0;18.1;15.3;32.7;27.9;45.9;620;45.9;45.9;42.5;39.2;28.9;405.5555556;244.4444444;475;2.6
19402200;17;15;0;0;18.7;15.7;32.4;28.1;45.6;620;44.1;44;41;37.8;28.9;405.5555556;244.4444444;475;2.6
19403100;17;16;0;0;19.2;16.9;32.4;28.4;44.9;620;45.3;44.6;41.6;38.6;28.9;405.5555556;244.4444444;475;2.6
19404000;17;14;0;0;19.2;16.2;32.6;28.3;43.3;563.5;46.3;45.4;42.1;38.8;29.3;391.6666667;138.8888889;522.2222222;2.2
19404900;17;14;0;0;19.4;15.5;32.5;28.3;42.5;549.4;46.6;45.7;42.3;38.9;29.3;391.6666667;138.8888889;522.2222222;2.2
19405800;17;14;0;0;19.7;15.4;32.2;28.4;42.7;549.4;46.4;45.8;42.4;39;29.3;391.6666667;138.8888889;522.2222222;2.2
19406700;16;14;1;0;19.4;15.7;31.9;28.6;43;549.4;45.7;45.5;42.3;39.3;29.3;391.6666667;138.8888889;522.2222222;2.2
19407600;16;14;0;0;17.7;15.4;31.9;28.4;43.7;461.7;43.3;43.7;40.4;38.8;29;391.6666667;108.3333333;363.8888889;2.5
19408500;16;14;0;0;19;15.1;31.9;28.4;43.5;439.8;43.4;43.2;40.5;38.9;29;391.6666667;108.3333333;363.8888889;2.5
19409400;15;14;0;0;19;15.5;31.7;28.5;44;439.8;43.1;43;40.3;39.1;29;391.6666667;108.3333333;363.8888889;2.5
19410300;15;15;0;0;19;15.9;31.6;28.6;45.3;439.8;42.6;42.6;40;39;29;391.6666667;108.3333333;363.8888889;2.5
19411200;15;17;0;0;19;17.9;31.5;28;45.7;346.5;42.1;42;39.6;38.9;28.3;388.8888889;69.44444444;205.5555556;1.2
19412100;15;17;0;0;19;18;31.3;27.9;47.1;323.2;41.4;41.4;39.3;38.8;28.3;388.8888889;69.44444444;205.5555556;1.2
19413000;15;16;0;0;19.5;18;31.1;28.2;47.7;323.2;40.7;40.9;39;38.8;28.3;388.8888889;69.44444444;205.5555556;1.2
19413900;15;16;0;0;19.5;18;31.9;28.6;46;323.2;39.9;40.5;38.7;38.7;28.3;388.8888889;69.44444444;205.5555556;1.2
19414800;15;16;0;0;19.5;18;33.2;27.9;42.3;219.9;39;40;38.3;38.6;27.1;380.5555556;30.55555556;63.88888889;0.8
19415700;15;16;0;0;19.5;18;32.8;27.7;42.7;194.1;38;39.4;37.6;38.1;27.1;380.5555556;30.55555556;63.88888889;0.8
19416600;17;15;0;0;20.1;17.4;30;27.9;48.4;194.1;36.7;38.5;36.6;37.5;27.1;380.5555556;30.55555556;63.88888889;0.8
19417500;17;14;0;0;20.1;16.1;29.1;28.2;50.4;194.1;35.9;37.6;35.9;37.3;27.1;380.5555556;30.55555556;63.88888889;0.8
19418400;17;13;0;0;20.2;15.4;28.5;27.4;51.7;101.2;35;36.6;35.2;36.9;25.6;372.2222222;2.777777778;2.777777778;1.1
19419300;17;16;0;0;20.6;16.8;28.1;27.2;52.9;78;34;35.7;34.4;36.6;25.6;372.2222222;2.777777778;2.777777778;1.1
19420200;17;16;0;0;20.6;17.4;27.5;27.3;54.3;80.7;33.2;34.9;33.7;36.2;25.6;372.2222222;2.777777778;2.777777778;1.1
19421100;17;14;0;0;20.6;16.1;27;27.5;56.2;83.7;32.5;34.2;33.2;35.9;25.6;372.2222222;2.777777778;2.777777778;1.1
19422000;17;13;0;0;21;15.6;26.4;26.5;58.8;31;32;33.6;32.8;35.5;24.6;363.8888889;0;0;1.1
19422900;17;14;0;0;21.1;15.6;25.9;26.1;59.2;11.9;31.5;33;32.3;35.2;24.6;363.8888889;0;0;1.1
19423800;17;14;0;0;21.1;15.9;25.6;26;58.9;11.9;31;32.4;31.9;34.8;24.6;363.8888889;0;0;1.1
19424700;17;15;0;0;21.6;16.1;25.3;25.9;60.4;11.9;30.5;31.9;31.5;34.4;24.6;363.8888889;0;0;1.1
19425600;18;15;0;0;21.6;16.5;24.8;24.9;61.2;3.2;30.1;31.4;31.1;34.2;23.6;361.1111111;0;0;2.4
19426500;18;15;0;0;21.6;16.7;24.5;24.6;62.3;0;29.7;30.9;30.7;33.8;23.6;361.1111111;0;0;2.4
19427400;18;17;0;0;22;17.6;24.1;24.5;62.3;0;29.3;30.4;30.4;33.6;23.6;361.1111111;0;0;2.4
19428300;18;18;0;0;22.1;19.1;23.9;24.4;63;0;28.9;29.9;30;33.2;23.6;361.1111111;0;0;2.4
19429200;18;18;0;0;22.1;19.5;23.6;23.6;64.4;0;28.5;29.5;29.7;32.9;22.3;358.3333333;0;0;2.1
19430100;18;18;0;0;22.4;19.6;23.4;23.3;65.5;0;28.2;29.2;29.4;32.7;22.3;358.3333333;0;0;2.1
19431000;19;18;0;0;22.6;19.6;23.2;23.4;66;0;27.9;28.8;29.1;32.4;22.3;358.3333333;0;0;2.1
19431900;19;18;0;0;22.6;19.6;23;23.6;66.9;0;27.6;28.4;28.8;32.1;22.3;358.3333333;0;0;2.1
19432800;19;18;0;0;22.8;19.6;22.9;22.4;67.3;0;27.3;28.1;28.5;31.9;22.2;355.5555556;0;0;1.9
19433700;19;18;0;0;23.1;19.6;22.7;22;67.9;0;27;27.7;28.3;31.7;22.2;355.5555556;0;0;1.9
19434600;20;19;0;0;23.1;19.6;22.5;22;68.9;0;26.7;27.4;28;31.4;22.2;355.5555556;0;0;1.9
19435500;20;19;0;0;23.1;19.8;22.5;22;69.2;0;26.4;27;27.8;31.2;22.2;355.5555556;0;0;1.9
19436400;20;21;0;0;23.3;21.2;22.3;21.1;69.9;0;26.2;26.6;27.6;31.1;20.9;350;0;0;2
19437300;20;21;0;0;23.6;21.6;22.2;20.8;70.1;0;25.8;26.3;27.2;30.8;20.9;350;0;0;2
19438200;20;20;0;0;23.1;21.6;22;20.8;70.5;0;25.2;25.7;26.6;30.6;20.9;350;0;0;2
19439100;19;18;0;0;21.4;20.7;21.8;20.8;71.2;0;23.5;23.7;25.7;30.5;20.9;350;0;0;2
19440000;20;14;0;0;21.4;17.5;21.5;19.8;72;0;23.3;23;25.8;30.3;20.3;347.2222222;0;0;2.3
19440900;20;13;0;0;21.4;15.9;21.3;19.4;73.3;0;23.4;22.3;26.2;30.2;20.3;347.2222222;0;0;2.3
19441800;19;14;0;0;21.1;17.8;21;19.4;73.6;0;24.5;21.3;27.7;30;20.3;347.2222222;0;0;2.3
19442700;19;14;0;0;20.4;18.3;20.9;19.4;73.8;0;24.6;20.4;25.7;29.8;20.3;347.2222222;0;0;2.3
19443600;19;13;0;0;20.6;15.3;20.7;20.5;74.4;0;23.7;20;24.1;29.7;18.6;341.6666667;0;0;1.7
19444500;19;16;0;0;21.2;16.9;20.5;20.5;75;0;24.8;19.7;22.3;29.5;18.6;341.6666667;0;0;1.7
19445400;19;18;0;0;21.6;18.8;20.4;20.3;75.5;0;25.2;19.5;21.8;29.2;18.6;341.6666667;0;0;1.7
19446300;19;18;0;0;21.9;19.3;20.2;20.2;76.1;0;26;19.3;21.4;29.1;18.6;341.6666667;0;0;1.7
19447200;19;18;0;0;22.4;19.3;20.1;19.6;76.7;0;26.7;19.1;21.3;28.9;18.4;341.6666667;0;0;1.7
19448100;19;18;0;0;22.9;19.3;19.9;19.6;77.1;0;26.2;19;21.2;28.4;18.4;341.6666667;0;0;1.7
19449000;19;18;0;0;23.2;19.3;19.8;19.8;77.5;0;25.2;18.8;21.1;27.7;18.4;341.6666667;0;0;1.7
19449900;20;18;0;0;22.8;19.1;19.8;19.9;77.5;0;23.4;18.7;21.2;27.9;18.4;341.6666667;0;0;1.7
19450800;20;18;0;0;20.9;18.8;19.7;19.6;77.6;0;21.8;18.5;20.9;27.8;17.9;338.8888889;2.777777778;2.777777778;1.7
19451700;19;17;0;0;20;18.8;19.7;19.5;77.8;0;21;18.3;20.6;27.7;17.9;338.8888889;2.777777778;2.777777778;1.7
19452600;19;17;0;0;19.8;18.6;19.5;19;78.3;0;20.6;18.2;20.4;27.5;17.9;338.8888889;2.777777778;2.777777778;1.7
19453500;19;19;0;0;19.4;19.5;19.4;18.4;78.6;0;20.5;18.1;20;27.2;17.9;338.8888889;2.777777778;2.777777778;1.7
19454400;19;19;0;0;19.4;19.7;19.3;18.3;78.8;0;20.6;18;19.9;27;17.2;336.1111111;30.55555556;61.11111111;1.7
19455300;19;17;0;0;19.4;18.6;19.2;18.3;79.1;0;20.8;17.9;19.9;26.7;17.2;336.1111111;30.55555556;61.11111111;1.7
19456200;19;17;0;0;18.9;18.3;19.2;18.3;79.5;0;21;17.8;19.9;26.2;17.2;336.1111111;30.55555556;61.11111111;1.7
19457100;19;17;0;0;18.7;18;19.3;18.3;79.6;0;21.1;17.8;20;25.5;17.2;336.1111111;30.55555556;61.11111111;1.7
19458000;18;17;0;0;18.4;17.8;19.6;18.4;79.6;16.9;20.7;17.8;20;25.1;19;341.6666667;61.11111111;208.3333333;1.8
19458900;18;16;0;0;18.3;17.8;20;18.4;79.3;21.1;20.5;17.9;20.1;25.1;19;341.6666667;61.11111111;208.3333333;1.8
19459800;18;16;0;0;17.9;17.8;20.4;18.3;78.3;21.1;20.5;18.2;20.1;25.5;19;341.6666667;61.11111111;208.3333333;1.8
19460700;17;16;0;0;17.9;17.8;21;18;76.1;21.1;20.6;18.7;20.3;26;19;341.6666667;61.11111111;208.3333333;1.8
19461600;19;17;0;0;18.3;17.8;21.4;18.7;74.2;101.6;20.9;19.3;21.1;26.3;21;350;77.77777778;375;1.8
19462500;20;17;0;0;18.9;18;21.9;18.9;72.6;130.9;21.7;20.4;22.2;26.9;21;350;77.77777778;375;1.8
19463400;19;16;0;0;19.2;17.3;22.4;18.5;71.7;132.5;23.6;21.5;23.7;27.3;21;350;77.77777778;375;1.8
19464300;19;15;0;0;19.4;17.2;22.9;18.3;69.8;133.6;25.5;23;25.4;27.5;21;350;77.77777778;375;1.8
19465200;19;13;0;0;19.4;16;23.3;19.9;68.8;284.6;27.2;24.6;27.3;27.5;23.1;358.3333333;91.66666667;530.5555556;2
19466100;19;13;0;0;19.8;15.4;23.9;19.9;68.2;284.6;28.8;26.1;29.3;27.6;23.1;358.3333333;91.66666667;530.5555556;2
19467000;19;13;0;0;19.9;14.8;24.4;20.2;67.2;284.6;30.5;27.8;31;27.7;23.1;358.3333333;91.66666667;530.5555556;2
19467900;19;13;0;0;19.9;14.8;24.9;20.5;65.5;284.6;32.2;29.4;32.5;27.9;23.1;358.3333333;91.66666667;530.5555556;2
19468800;16;15;1;0;18.1;16.6;25.4;22.1;64;434.1;33.4;31.5;33.5;28.1;25;369.4444444;105.5555556;652.7777778;2.2
19469700;18;14;0;0;19.1;15.8;26;22.2;62.7;444.8;33.5;30.9;33.4;27.7;25;369.4444444;105.5555556;652.7777778;2.2
19470600;18;13;0;0;19.4;15.3;26.5;22.4;60.4;444.8;36.1;33.1;34.9;28.3;25;369.4444444;105.5555556;652.7777778;2.2
19471500;18;15;0;0;19.8;16.2;27.1;22.7;57.3;444.8;38.1;35.1;36.3;28.8;25;369.4444444;105.5555556;652.7777778;2.2
19472400;16;16;1;1;17.2;16.9;27.6;24.1;56;567.8;38.3;36.6;37.4;32.2;26.2;377.7777778;122.2222222;747.2222222;1.7
19473300;17;14;0;0;18.6;15.5;28;24.3;53.7;586.7;38.6;35.8;37.1;31;26.2;377.7777778;122.2222222;747.2222222;1.7
19474200;17;13;0;0;19.2;15.1;28.1;24.5;53.3;584.6;41.3;38.3;38.4;31.9;26.2;377.7777778;122.2222222;747.2222222;1.7
19475100;17;13;0;0;19.2;14.9;28.4;24.8;52.7;581.4;43.1;40.3;40.2;32.4;26.2;377.7777778;122.2222222;747.2222222;1.7
19476000;17;13;0;0;19.5;14.6;28.7;25.8;51.2;655.6;44.6;42.2;41.4;32.8;27.2;383.3333333;166.6666667;800;1.4
19476900;18;13;0;0;19.7;14.6;29.3;26;49.4;674.1;46;43.9;42.4;33.3;27.2;383.3333333;166.6666667;800;1.4
19477800;16;14;1;0;17.4;15.7;29.7;26;47.9;668.1;44.4;43.6;42.1;36.4;27.2;383.3333333;166.6666667;800;1.4
19478700;17;14;0;0;18.7;15;30;26.1;47.4;656.2;44.8;42.6;41.4;35.5;27.2;383.3333333;166.6666667;800;1.4
19479600;17;14;0;0;19;15.1;30.4;27.1;46.1;735.3;47.4;45.2;42.8;36.4;29;397.2222222;261.1111111;672.2222222;1.5
19480500;16;16;0;0;19;16.4;30.2;27.2;46.4;740.9;48.2;46.4;44;37.1;29;397.2222222;261.1111111;672.2222222;1.5
19481400;15;15;1;1;16.9;15.7;30.2;27.2;47.3;740.9;44.5;44.1;41.5;38.3;29;397.2222222;261.1111111;672.2222222;1.5
19482300;16;13;0;0;18.2;14.9;30.3;27.3;46;740.9;43.2;42.4;40.5;36.9;29;397.2222222;261.1111111;672.2222222;1.5
19483200;16;13;0;0;18.6;14.9;30.7;27.9;45.8;771;43.9;43.1;41.1;37.4;28.8;394.4444444;200;755.5555556;0.9
19484100;17;13;0;0;19.1;14.4;31.5;27.9;44;771;45.2;44.2;41.8;37.6;28.8;394.4444444;200;755.5555556;0.9
19485000;16;14;1;1;17.5;15.4;32.2;27.9;41.7;771;46.3;45.5;42.6;39.5;28.8;394.4444444;200;755.5555556;0.9
19485900;16;14;0;0;18.2;14.8;31.5;27.9;42.9;771;44.7;43.5;41.7;38.3;28.8;394.4444444;200;755.5555556;0.9
19486800;16;13;0;0;18.5;14.8;31.1;28.6;44.1;743.4;46.3;45;42.2;39.1;29.6;394.4444444;169.4444444;677.7777778;1.7
19487700;17;13;0;0;18.8;14.8;31.5;28.6;43.9;741.4;47.5;46.2;42.7;39.4;29.6;394.4444444;169.4444444;677.7777778;1.7
19488600;15;15;0;1;17.3;15.8;31.7;29.2;43.2;741.4;46.6;46;42.7;40.5;29.6;394.4444444;169.4444444;677.7777778;1.7
19489500;16;15;0;0;18.5;15.9;31.7;29.7;42.5;741.4;45.3;44.3;41.8;39.5;29.6;394.4444444;169.4444444;677.7777778;1.7
19490400;16;14;0;0;18.5;15.7;31.8;29.8;43;667.7;46.9;45.4;42.4;40.2;29.4;394.4444444;133.3333333;530.5555556;1.8
19491300;16;13;0;0;18.5;15.4;32.1;29.8;42.5;649.3;47.3;46;42.6;40.4;29.4;394.4444444;133.3333333;530.5555556;1.8
19492200;15;14;1;0;17;15.6;32.2;29.5;42.4;649.3;45;44.9;41.7;40.5;29.4;394.4444444;133.3333333;530.5555556;1.8
19493100;16;14;0;0;18.5;14.9;31.8;29.1;42.4;649.3;45.1;44.4;41.6;40.1;29.4;394.4444444;133.3333333;530.5555556;1.8
19494000;16;14;0;0;18.8;14.9;32.1;29.2;42.2;556.8;45.7;45;42;40.5;28.8;391.6666667;111.1111111;347.2222222;1.4
19494900;16;14;0;0;18.8;14.9;31.9;29.2;42.4;542.6;45.6;44.9;42.1;40.5;28.8;391.6666667;111.1111111;347.2222222;1.4
19495800;16;14;0;0;18.8;14.9;31.9;29.4;42.7;542.6;45.1;44.7;42;40.5;28.8;391.6666667;111.1111111;347.2222222;1.4
19496700;15;15;0;0;18.8;15.2;31.6;29.8;43;542.6;44.2;44.3;41.7;40.5;28.8;391.6666667;111.1111111;347.2222222;1.4
19497600;15;16;0;0;18.8;17.2;31.6;29.5;43.4;429.3;43.2;43.4;41.1;40.4;28.9;391.6666667;69.44444444;194.4444444;0.9
19498500;15;16;0;0;19.2;17.4;31.8;29.4;43.4;401;42.4;42.8;40.8;40.5;28.9;391.6666667;69.44444444;194.4444444;0.9
19499400;15;16;0;0;19.3;17.4;31.7;29.3;43.5;401;41.8;42.6;40.6;40.9;28.9;391.6666667;69.44444444;194.4444444;0.9
19500300;15;16;0;0;19.3;17.4;32.2;29.1;42.6;401;40.9;42.1;40.2;41.2;28.9;391.6666667;69.44444444;194.4444444;0.9
19501200;15;16;0;0;19.8;17.4;33.8;28.5;40.1;294.5;40.1;41.6;39.7;41.2;28;388.8888889;30.55555556;55.55555556;1.3
19502100;15;16;0;0;19.8;17.4;33;28.2;40;241.2;39.2;41;39.1;41;28;388.8888889;30.55555556;55.55555556;1.3
19503000;15;16;0;0;19.8;17.4;30.6;28.1;46.1;241.2;38.3;40.2;38.4;40.9;28;388.8888889;30.55555556;55.55555556;1.3
19503900;15;17;0;0;19.8;17.9;29.7;28;49.4;241.2;37.5;39.4;37.6;40.7;28;388.8888889;30.55555556;55.55555556;1.3
19504800;15;17;0;0;19.8;17.9;29.1;27.2;51.3;135;36.6;38.5;36.9;40.5;26.6;383.3333333;0;2.777777778;2.2
19505700;16;18;0;0;20;19.2;28.5;26.9;54.1;96.4;35.6;37.6;36;39.8;26.6;383.3333333;0;2.777777778;2.2
19506600;16;17;0;0;20.3;19;27.9;27.4;56.9;95.7;34.8;36.6;35.2;39.4;26.6;383.3333333;0;2.777777778;2.2
19507500;16;14;0;0;20.3;17;27.3;27.8;58.7;95.2;34;35.7;34.5;38.9;26.6;383.3333333;0;2.777777778;2.2
19508400;16;14;0;0;20.3;16;26.7;26.4;60.6;22.7;33.4;35;34;38.5;25.4;380.5555556;0;0;1.4
19509300;16;13;0;0;20.4;15.4;26.3;26.3;62.2;17.5;32.8;34.3;33.4;38.1;25.4;380.5555556;0;0;1.4
19510200;17;13;0;0;20.8;15.4;25.9;26.5;63.4;17.5;32.2;33.7;33;37.6;25.4;380.5555556;0;0;1.4
19511100;17;13;0;0;20.8;15.4;25.6;26.6;64;17.5;31.8;33.1;32.5;37.1;25.4;380.5555556;0;0;1.4
19512000;17;14;0;0;21.1;15.4;25.4;25.3;64.8;1.2;31.3;32.6;32.1;36.7;24.3;375;0;0;1.7
19512900;17;14;0;0;21.3;15.8;25.2;25.2;65.8;0;30.9;32.1;31.7;36.3;24.3;375;0;0;1.7
19513800;17;16;0;0;21.3;16.5;24.9;25.3;67.3;0;30.5;31.6;31.4;35.8;24.3;375;0;0;1.7
19514700;17;18;0;0;21.3;18.4;24.6;25.3;68.5;0;30;31;30.9;35.2;24.3;375;0;0;1.7
19515600;17;18;0;0;21.7;18.9;24.4;24.5;69.2;0;29.5;30.5;30.5;34.8;23.7;372.2222222;0;0;2.1
19516500;18;17;0;0;21.8;18.9;24.4;24.4;69.5;0;29.2;30.2;30.2;34.5;23.7;372.2222222;0;0;2.1
19517400;18;17;0;0;22;18.9;24.1;24.5;70.5;0;28.9;29.8;29.9;34.2;23.7;372.2222222;0;0;2.1
19518300;18;17.5;0;0;22.15;18.9;24;23.35;70.95;0;28.6;29.45;29.65;33.9;23.7;372.2222222;0;0;2.1
19519200;18;18;0;0;22.3;18.9;23.9;22.2;71.4;0;28.3;29.1;29.4;33.6;22.7;366.6666667;0;0;2.1
19520100;18;18;0;0;22.4;19.2;23.8;22;71.5;0;28.1;28.7;29.2;33.3;22.7;366.6666667;0;0;2.1
19521000;19;18;0;0;22.8;19.4;23.6;22;72.3;0;27.7;28.4;28.9;33;22.7;366.6666667;0;0;2.1
19521900;19;18;0;0;22.8;19.4;23.4;22;72.9;0;27.5;28.1;28.6;32.7;22.7;366.6666667;0;0;2.1
19522800;19;20;0;0;22.8;20.9;23.2;20.9;73.1;0;27.2;27.7;28.4;32.5;21.6;363.8888889;0;0;0.9
19523700;19;21;0;0;23;21.4;23;20.8;73.6;0;26.8;27.3;28.1;32.1;21.6;363.8888889;0;0;0.9
19524600;19;20;0;0;23.3;21.4;22.9;20.8;74.2;0;26.6;27.1;27.9;31.7;21.6;363.8888889;0;0;0.9
19525500;19;20;0;0;23.3;21.4;22.9;20.8;74;0;26.4;26.9;27.7;31.5;21.6;363.8888889;0;0;0.9
19526400;19;20;0;0;22.2;21.6;22.6;19.6;74.5;0;25.5;25.8;26.9;31.4;20.5;358.3333333;0;0;1
19527300;19;17;0;0;21.4;20;22.5;19.4;75;0;24.5;24.5;26.3;31.3;20.5;358.3333333;0;0;1
19528200;19;14;0;0;22;17;22.3;19.4;75.8;0;24.5;24.4;26.1;31.1;20.5;358.3333333;0;0;1
19529100;19;13;0;0;22.1;15.6;22.1;19.4;76.4;0;24.3;24.2;26;30.9;20.5;358.3333333;0;0;1
19530000;20;13;0;0;22.4;15.2;22;20.6;77.2;0;24.2;23.9;26;30.7;19.7;355.5555556;0;0;1.2
19530900;20;14;0;0;22.6;15.8;21.8;20.8;77.8;0;24.1;23.5;25.9;30.5;19.7;355.5555556;0;0;1.2
19531800;20;16;0;0;22.6;17.5;21.7;20.9;78.2;0;24.1;23.2;25.8;30.3;19.7;355.5555556;0;0;1.2
19532700;20;16;0;0;22.8;17.5;21.6;21;78.7;0;24;22.6;26;30.2;19.7;355.5555556;0;0;1.2
19533600;20;16;0;0;23.1;17.5;21.5;20.2;79.1;0;24.2;21.7;26.8;30;19;352.7777778;0;0;1.6
19534500;20;16;0;0;23.4;17.5;21.4;20.1;79.4;0;25.3;20.8;27.2;29.9;19;352.7777778;0;0;1.6
19535400;20;17;0;0;23.6;18.2;21.3;19.9;79.9;0;23.7;20;25.3;29.6;19;352.7777778;0;0;1.6
19536300;20;17;0;0;23.6;18.5;21.2;19.8;80.6;0;21.5;19.8;23.8;29.5;19;352.7777778;0;0;1.6
19537200;20;17;0;0;23.6;19.1;21;19.3;81;0;20.5;19.7;22.2;29.4;18.6;350;2.777777778;2.777777778;1.9
19538100;21;18;0;0;22;20.2;20.9;19.2;81.3;0;20;19.6;21.7;29.5;18.6;350;2.777777778;2.777777778;1.9
19539000;20;19;0;0;20.7;21.2;20.9;19.2;81.3;0;19.7;19.7;22.4;28.8;18.6;350;2.777777778;2.777777778;1.9
19539900;20;20;0;0;19.7;21.4;20.8;19.2;81;0;19.6;19.3;24.6;28.4;18.6;350;2.777777778;2.777777778;1.9
19540800;20;20;0;0;19.1;21.4;20.6;18.9;80.8;0;19.5;19.2;23.7;27.9;18.4;347.2222222;33.33333333;55.55555556;1
19541700;19;19;0;0;19.1;20.7;20.5;18.8;80.8;0;19.4;19.1;22.2;27.8;18.4;347.2222222;33.33333333;55.55555556;1
19542600;19;19;0;0;19.1;20.5;20.5;18.8;81.3;0;19.4;19;21.7;27.6;18.4;347.2222222;33.33333333;55.55555556;1
19543500;19;19;0;0;19.1;20.1;20.7;18.7;81.8;0;19.7;19;21.5;27.5;18.4;347.2222222;33.33333333;55.55555556;1
19544400;19;19;0;0;19.1;20;20.8;18.7;82;14.8;20.2;19.1;21.4;27.4;19.6;352.7777778;86.11111111;191.6666667;1.3
19545300;18;19;0;0;18.6;20;21.2;18.7;81.9;20.2;20.9;19.3;21.4;27.4;19.6;352.7777778;86.11111111;191.6666667;1.3
19546200;18;19;0;0;18.6;20;21.7;18.7;80.4;20.2;21.8;19.6;21.3;27.3;19.6;352.7777778;86.11111111;191.6666667;1.3
19547100;18;19;0;0;18.6;20;22.1;18.7;78.8;20.2;22.8;20.1;21.6;27.3;19.6;352.7777778;86.11111111;191.6666667;1.3
19548000;18;20;0;0;18.6;20.5;22.4;19.3;77.7;100.4;24.1;20.9;22.1;27.3;21.7;361.1111111;122.2222222;355.5555556;2.4
19548900;19;20;0;0;19.1;21.3;22.9;19.5;76.4;129.6;24.9;21.6;23.3;27;21.7;361.1111111;122.2222222;355.5555556;2.4
19549800;19;18;0;0;19.1;19.9;23.3;19.4;74.5;129.6;26.3;22.7;24.2;27.2;21.7;361.1111111;122.2222222;355.5555556;2.4
19550700;19;16;0;0;19.6;18.7;23.5;19.3;73.4;129.6;27.6;23.9;25.7;27.2;21.7;361.1111111;122.2222222;355.5555556;2.4
19551600;19;14;0;0;19.6;16.8;24;20.3;72.2;232.8;28.9;25.2;27.4;27.3;22.8;363.8888889;133.3333333;508.3333333;3.8
19552500;19;14;0;0;19.6;15.8;24.3;20.7;70.3;270.3;30.2;26.6;29.1;27.4;22.8;363.8888889;133.3333333;508.3333333;3.8
19553400;19;13;0;0;20.1;15;24.6;20.9;69.6;270.3;31.5;28.1;30.8;27.5;22.8;363.8888889;133.3333333;508.3333333;3.8
19554300;19;13;0;0;20.1;15;25;21;67.7;270.3;32.9;29.6;32.2;27.6;22.8;363.8888889;133.3333333;508.3333333;3.8
19555200;18;15;1;0;19.2;17;25.5;22.4;65.6;407.1;34.5;31.3;33.8;27.8;24.9;375;163.8888889;641.6666667;1.6
19556100;17;15;0;0;19.2;16.4;26;22.6;63.8;428.1;33.7;31;33.3;28;24.9;375;163.8888889;641.6666667;1.6
19557000;18;14;0;0;19.5;16;26.7;22.9;62.2;428.1;36;32.6;34.6;27.8;24.9;375;163.8888889;641.6666667;1.6
19557900;18;16;0;0;19.9;16.8;27.1;23.3;60.1;428.1;38;34.6;35.8;28.4;24.9;375;163.8888889;641.6666667;1.6
19558800;18;16;0;0;20;17.7;27.4;24.3;59.7;530.3;39.4;36.3;37.2;28.9;26.4;388.8888889;216.6666667;716.6666667;1.1
19559700;19;15;0;0;20.2;17;27.9;24.6;58.5;555.9;41;38.1;38.6;29.4;26.4;388.8888889;216.6666667;716.6666667;1.1
19560600;19;13;0;0;20.5;15.7;28.4;24.5;57.1;560.1;42.6;39.7;39.8;29.8;26.4;388.8888889;216.6666667;716.6666667;1.1
19561500;19;14;0;0;20.5;15.7;29.1;24.3;55.2;564.9;44.2;41.3;40.9;30.4;26.4;388.8888889;216.6666667;716.6666667;1.1
19562400;17;15;1;1;18;16.8;29.2;25.4;55.5;649.1;43.3;41.3;41;34;27.5;411.1111111;225;291.6666667;1.7
19563300;17;14;0;0;19.2;15.4;29.8;25.7;53.6;670.2;43.2;40.3;40.2;33.2;27.5;411.1111111;225;291.6666667;1.7
19564200;17;13;0;0;19.4;15;30.6;25.9;51.8;669.6;43.9;41.3;40.5;33.7;27.5;411.1111111;225;291.6666667;1.7
19565100;17;13;0;0;19.6;14.5;30.6;26.3;51.7;668.6;43.8;41.9;41.5;34.1;27.5;411.1111111;225;291.6666667;1.7
19566000;16;14;0;0;19.9;14.6;30.4;27.3;51.9;715.5;43.8;42.2;41.6;34.4;26.7;408.3333333;130.5555556;138.8888889;2.8
19566900;15;16;1;0;17.3;16.7;30.2;27.7;52;732.5;40.9;40;39.3;36.3;26.7;408.3333333;130.5555556;138.8888889;2.8
19567800;17;14;0;0;18.8;16.1;29.9;27.8;52.1;732.5;39.6;38.5;37.9;34.6;26.7;408.3333333;130.5555556;138.8888889;2.8
19568700;16;13;0;0;18.8;15.2;29.2;27.9;56.4;732.5;38.8;38.1;37.2;34.9;26.7;408.3333333;130.5555556;138.8888889;2.8
19569600;15;13;0;0;18.6;15;28.1;28.3;69.4;726.3;36.9;36.6;35.6;34.7;28.2;405.5555556;213.8888889;508.3333333;3.3
19570500;14;14;1;0;17.9;15.5;27.4;28.5;75;724.1;35.2;35.3;34.3;34.7;28.2;405.5555556;213.8888889;508.3333333;3.3
19571400;16;14;0;0;17.4;15.6;28.5;28.4;66.7;724.1;34.4;34.1;33.6;34;28.2;405.5555556;213.8888889;508.3333333;3.3
19572300;17;14;0;0;19.2;15.3;29.3;28.3;58.3;724.1;36.2;34.8;34.5;33.7;28.2;405.5555556;213.8888889;508.3333333;3.3
19573200;17;13;0;0;19.2;15.3;29.7;28.7;55.9;686.8;36.9;35.7;34.7;33.9;23.5;419.4444444;72.22222222;91.66666667;2.2
19574100;17;13;0;0;19.5;15.3;29.8;28.9;58.4;673.2;36.7;35.9;34.7;33.9;23.5;419.4444444;72.22222222;91.66666667;2.2
19575000;15;15;1;1;16.8;16.8;28.6;28.3;57.6;673.2;35.2;34.9;34;33.9;23.5;419.4444444;72.22222222;91.66666667;2.2
19575900;16;16;0;0;18.6;16.8;26.5;27.4;63.2;673.2;32.7;32.6;31.8;32.5;23.5;419.4444444;72.22222222;91.66666667;2.2
19576800;16;14;0;0;18.6;16.5;25.4;27.4;71.5;611.7;30.9;30.8;30.5;32.3;22.4;386.1111111;158.3333333;405.5555556;1.1
19577700;16;14;0;0;18.6;15.9;25.2;27.4;72.6;589.4;30.2;30.2;30.1;32.1;22.4;386.1111111;158.3333333;405.5555556;1.1
19578600;16;14;0;0;18.8;15.9;25.1;27.6;70.9;589.4;29.4;29.6;29.6;31.8;22.4;386.1111111;158.3333333;405.5555556;1.1
19579500;16;14;0;0;19.3;15.9;26;28.1;75.9;589.4;29;29.2;29.6;31.8;22.4;386.1111111;158.3333333;405.5555556;1.1
19580400;17;14;0;0;19.8;15.9;26.5;28;71.2;488.1;30.1;29.7;30.4;31.7;23.3;377.7777778;130.5555556;216.6666667;3
19581300;18;14;0;0;20.1;15.9;26.6;28;67.9;451.3;31.1;30.2;31;31.7;23.3;377.7777778;130.5555556;216.6666667;3
19582200;18;15;0;0;20.6;15.9;26.8;26.1;65.6;451.3;31.6;30.8;31.4;31.7;23.3;377.7777778;130.5555556;216.6666667;3
19583100;18;16;0;0;20.6;16.5;26.5;23.3;66.2;451.3;31.6;31.1;31.3;31.7;23.3;377.7777778;130.5555556;216.6666667;3
19584000;18;18;0;0;20.6;18.5;26.4;23.1;67;309.6;31.1;31;30.9;31.7;23.3;400;33.33333333;33.33333333;3.5
19584900;17;17;0;0;20.9;18.5;26.5;23.1;68.6;299.5;30.6;30.7;30.6;31.5;23.3;400;33.33333333;33.33333333;3.5
19585800;17;17;0;0;21.1;18.5;26.4;22.5;69.7;299.5;30.3;30.5;30.4;31.4;23.3;400;33.33333333;33.33333333;3.5
19586700;17;17;0;0;21.1;18.5;26;21.7;71.5;299.5;29.8;30;30;31.2;23.3;400;33.33333333;33.33333333;3.5
19587600;17;17;0;0;21.5;18.5;25.9;21.3;70.4;162.9;29.3;29.6;29.6;31.1;23.1;400;11.11111111;11.11111111;2.7
19588500;17;17;0;0;21.2;18.7;25.7;21.3;69.8;162.9;28.8;29.2;29.2;31;23.1;400;11.11111111;11.11111111;2.7
19589400;17;17;0;0;20.7;18.8;25.6;21.9;69;162.9;28.3;28.8;28.8;30.9;23.1;400;11.11111111;11.11111111;2.7
19590300;17;14;0;0;20.9;16.9;25.2;22.3;73.6;162.9;27.7;28.2;28.5;30.8;23.1;400;11.11111111;11.11111111;2.7
19591200;17;14;0;0;21.3;15.8;24.8;21.3;75.5;71.7;27.2;27.7;28.1;30.6;21.6;361.1111111;0;0;2.6
19592100;17;16;0;0;21.3;17.4;24.5;21.2;76.7;65.2;26.6;27.2;27.6;30.5;21.6;361.1111111;0;0;2.6
19593000;18;16;0;0;21.3;17.6;24.1;21.6;77.7;66;26.4;26.9;27.4;30.3;21.6;361.1111111;0;0;2.6
19593900;18;14;0;0;21.5;16.3;23.8;22.1;79;67;26.1;26.6;27.2;30.1;21.6;361.1111111;0;0;2.6
19594800;18;13;0;0;21.8;15.7;23.5;21.8;80.1;20.4;25.8;26.4;26.9;30;21.3;363.8888889;0;0;2.8
19595700;18;13;0;0;21.8;15.7;23.3;21.7;80.2;8.8;25.7;26.2;26.7;29.8;21.3;363.8888889;0;0;2.8
19596600;18;14;0;0;22.2;15.7;23.1;22;80.9;8.8;25.5;25.9;26.6;29.7;21.3;363.8888889;0;0;2.8
19597500;18;14;0;0;22.3;15.7;23;22.4;81.7;8.8;25.4;25.7;26.5;29.6;21.3;363.8888889;0;0;2.8
19598400;18;15;0;0;22.3;16.1;23;21.7;81.7;1.8;25.2;25.5;26.3;29.4;20.9;369.4444444;0;0;3.2
19599300;19;15;0;0;22.7;16.3;22.8;21.5;81.7;0;25.1;25.2;26.2;29.3;20.9;369.4444444;0;0;3.2
19600200;19;16;0;0;22.8;17.2;22.9;21.1;81.8;0;25;25;26.1;29.1;20.9;369.4444444;0;0;3.2
19601100;19;18;0;0;22.8;18.8;23;20.6;82.2;0;24.9;24.6;25.9;29;20.9;369.4444444;0;0;3.2
19602000;19;18;0;0;23.1;19.2;22.9;20.3;82.2;0;24.6;24.6;25.7;28.9;19.9;358.3333333;0;0;3.8
19602900;20;18;0;0;23.3;19.2;22.7;20.2;82.4;0;24.5;24.6;25.6;28.8;19.9;358.3333333;0;0;3.8
19603800;20;18;0;0;23.3;19.2;22.5;20.5;82.7;0;24.4;24.4;25.5;28.7;19.9;358.3333333;0;0;3.8
19604700;20;18;0;0;23.55;19.2;22.35;21.15;82.7;0;24.25;23.85;25.55;28.6;19.9;358.3333333;0;0;3.8
19605600;20;18;0;0;23.8;19.2;22.2;21.8;82.7;0;24.1;23.3;25.6;28.5;19.9;352.7777778;0;0;5.1
19606500;20;18;0;0;23.8;19.4;22;22;83.1;0;24.1;21.8;26.5;28.4;19.9;352.7777778;0;0;5.1
19607400;21;18;0;0;24;19.7;21.8;22;84;0;24.8;20.9;26.3;28.3;19.9;352.7777778;0;0;5.1
19608300;21;19;0;0;24.3;20;21.6;22;84.2;0;22.5;20.5;25.1;28;19.9;352.7777778;0;0;5.1
19609200;21;21;0;0;24.3;21.8;21.5;21.1;84.2;0;20.8;20.4;23.9;27.9;19.6;366.6666667;0;0;5
19610100;21;21;0;0;23.3;22.2;21.4;20.8;84.3;0;20.6;20.3;22.5;28.2;19.6;366.6666667;0;0;5
19611000;21;21;0;0;21.3;22.2;21.4;20.8;84.4;0;20.5;20.3;23;27.9;19.6;366.6666667;0;0;5
19611900;20;19;0;0;20.9;20.9;21.4;20.8;84.6;0;20.4;20.2;24.6;27.5;19.6;366.6666667;0;0;5
19612800;18;15;0;0;19.4;17.2;21.4;19.5;84.7;0;20.6;20.2;24.4;26.5;19.6;388.8888889;0;0;4.3
19613700;18;14;0;0;19.3;15.7;21.4;19.5;84.7;0;20.6;20.2;23.1;24.4;19.6;388.8888889;0;0;4.3
19614600;18;13;0;0;19.3;15.1;21.5;19.5;84.3;0;20.7;20.3;22.3;23.3;19.6;388.8888889;0;0;4.3
19615500;18;13;0;0;19.3;14.8;21.8;19.5;83.9;0;20.8;20.3;22;24.1;19.6;388.8888889;0;0;4.3
19616400;18;13;0;0;19.3;15.4;21.8;19.2;83.7;0;20.8;20.3;21.8;22.5;19.6;372.2222222;0;0;5.4
19617300;18;15;0;0;19.3;17;21.9;19.1;83.7;0;20.9;20.5;21.6;21.9;19.6;372.2222222;0;0;5.4
19618200;19;17;0;0;19.3;18.7;21.6;18.9;83.7;0;20.9;20.4;21.5;21.7;19.6;372.2222222;0;0;5.4
19619100;19;17;0;0;19.5;18.7;21.4;18.8;83.8;0;20.7;20.2;21.4;21.7;19.6;372.2222222;0;0;5.4
19620000;19;17;0;0;19.8;18.3;21.4;18.6;84.2;0;20.6;20.2;21.4;21.7;20.1;397.2222222;0;0;6.3
19620900;17;17;17;52;18.4;18.4;21.5;18.5;84;0;20.7;20.2;21.1;21.1;20.1;397.2222222;0;0;6.3
19621800;16;17;9;20;16.8;17.8;21.6;18.8;83.6;0;19.5;19.1;19.5;19;20.1;397.2222222;0;0;6.3
19622700;16;17;13;30;16.7;17.8;22;19;83;0;19.9;19.5;19.9;19.2;20.1;397.2222222;0;0;6.3
19623600;16;17;15;32;16.3;17.8;22.4;18.6;80.4;0;19.6;19.4;19.7;19;20.5;363.8888889;2.777777778;2.777777778;7
19624500;16;17;3;10;16.6;17.7;22.2;18.5;79.5;0;19.8;19.7;20;19;20.5;363.8888889;2.777777778;2.777777778;7
19625400;15;17;16;45;16.2;17.8;21.9;18.7;80.1;0;19.5;19.3;19.7;18.9;20.5;363.8888889;2.777777778;2.777777778;7
19626300;16;18;4;8;16.6;18.5;21.8;18.9;80.7;0;19.6;19.4;19.7;18.8;20.5;363.8888889;2.777777778;2.777777778;7
19627200;15;16;20;46;16.3;18;21.7;18.3;81.2;0;19.4;19.1;19.5;18.8;19.8;358.3333333;33.33333333;33.33333333;5.9
19628100;15;17;3;4;16.4;17.7;21.8;18.2;80.5;0;19.5;19.3;19.7;18.8;19.8;358.3333333;33.33333333;33.33333333;5.9
19629000;15;16;20;45;16.1;17.5;21.8;18.6;79.7;0;19.4;19.1;19.5;18.7;19.8;358.3333333;33.33333333;33.33333333;5.9
19629900;15;16;3;3;16.3;17.2;22;19.3;78.4;0;19.5;19.2;19.7;18.7;19.8;358.3333333;33.33333333;33.33333333;5.9
19630800;15;16;20;50;16.1;17.7;22;18.8;76.1;4.8;19.4;19.1;19.6;18.8;19.4;361.1111111;72.22222222;94.44444444;6.5
19631700;15;16;0;0;16.3;17.7;21.8;18.6;75.4;6.6;19.5;19.3;19.7;18.8;19.4;361.1111111;72.22222222;94.44444444;6.5
19632600;14;17;33;93;15.5;17.5;21.9;19.1;74.4;6.6;19.5;19;19.6;18.8;19.4;361.1111111;72.22222222;94.44444444;6.5
19633500;15;16;15;23;15.9;16.8;21.9;19.9;73.9;6.6;18.8;18.6;19;17.9;19.4;361.1111111;72.22222222;94.44444444;6.5
19634400;15;17;6;12;15.9;17.2;22;19.8;71.1;52.9;19.3;19.1;19.7;18.1;19.9;352.7777778;147.2222222;261.1111111;7
19635300;15;17;20;43;16.2;17.7;21.8;19.8;69.7;69.8;19.6;19.4;19.8;18.8;19.9;352.7777778;147.2222222;261.1111111;7
19636200;16;18;3;5;16.4;18;22;19.8;69.2;69;20.5;20.1;20.7;19;19.9;352.7777778;147.2222222;261.1111111;7
19637100;16;18;43;116;16.6;18.9;22.4;19.9;68.3;67.9;20.9;20.6;21;19.9;19.9;352.7777778;147.2222222;261.1111111;7
19638000;16;18;36;99;16.4;18.7;22.7;20.1;66.1;176.9;20.6;20.5;20.8;19.7;20;372.2222222;272.2222222;397.2222222;6.2
19638900;15;18;38;111;16.3;18.7;23;20.1;64;184.7;20.7;20.6;20.8;19.8;20;372.2222222;272.2222222;397.2222222;6.2
19639800;16;18;43;111;16.6;18.9;23.5;20;60.8;184.7;21.2;21.2;21.4;20.2;20;372.2222222;272.2222222;397.2222222;6.2
19640700;16;19;44;128;17.1;19.7;23.9;19.8;58.6;184.7;21.9;21.8;22;20.8;20;372.2222222;272.2222222;397.2222222;6.2
19641600;16;19;43;120;17.1;19.7;23.8;20.2;56.8;266.8;21.8;21.7;21.9;20.8;19.5;391.6666667;236.1111111;250;6.4
19642500;16;19;43;142;17.2;20.1;24;20.2;56.3;266.8;22.6;22.6;22.7;21.6;19.5;391.6666667;236.1111111;250;6.4
19643400;17;21;44;178;17.9;21.4;24.5;20.4;54.5;266.8;23.7;23.7;23.8;22.5;19.5;391.6666667;236.1111111;250;6.4
19644300;17;20;44;135;18.1;20.8;23.8;20.5;55.8;266.8;22.5;22.5;22.7;21.5;19.5;391.6666667;236.1111111;250;6.4
19645200;18;20;26;63;18.9;20.8;23.9;20.7;55.7;341.9;23.1;23;23.2;22;20.1;380.5555556;355.5555556;427.7777778;6.5
19646100;20;21;33;62;20.4;21.9;24.2;20.7;53.8;353.4;24.4;24.5;24.6;23.4;20.1;380.5555556;355.5555556;427.7777778;6.5
19647000;20;22;33;63;21.2;22.7;23.9;20.7;52.8;353.4;25;25;25.2;24;20.1;380.5555556;355.5555556;427.7777778;6.5
19647900;20;22;33;61;21.5;22.7;23.5;20.7;54.5;353.4;24.8;24.8;25;23.9;20.1;380.5555556;355.5555556;427.7777778;6.5
19648800;20;22;33;63;21.5;22.8;23.7;21;53.9;451.6;25.2;25.1;25.3;24.4;19.8;383.3333333;366.6666667;486.1111111;5.2
19649700;21;23;33;66;21.9;23.5;24.1;21;52.9;466.7;25.9;25.9;26;25;19.8;383.3333333;366.6666667;486.1111111;5.2
19650600;22;23;33;67;22.5;24.1;24.4;20.3;50.6;473.6;26.3;26.4;26.5;25.5;19.8;383.3333333;366.6666667;486.1111111;5.2
19651500;21;23;33;64;22.5;24.2;24.4;19.7;50.3;479.6;26;26;26.2;25.2;19.8;383.3333333;366.6666667;486.1111111;5.2
19652400;21;23;33;72;22.5;24.2;24.4;19.7;50;522.3;26.2;26.3;26.4;25.5;21.1;361.1111111;322.2222222;636.1111111;5.9
19653300;22;26;23;74;23.3;26.2;24;19.7;50.5;528.9;29.1;29.4;29.4;28.7;21.1;361.1111111;322.2222222;636.1111111;5.9
19654200;22;27;12;71;23;28.1;23.6;19.8;51.4;528.9;29.4;29.8;29.7;28.9;21.1;361.1111111;322.2222222;636.1111111;5.9
19655100;22;27;13;69;23;27.7;24.4;20;50.7;528.9;30.4;30.7;30.6;29.8;21.1;361.1111111;322.2222222;636.1111111;5.9
19656000;18;27;35;339;19.1;27.8;24.7;20.3;49.5;529;29.4;29.7;29.4;29;21.3;366.6666667;330.5555556;605.5555556;6.1
19656900;22;26;16;70;23.3;27.2;24.9;20.4;48;529;29.2;29.6;29.2;28;21.3;366.6666667;330.5555556;605.5555556;6.1
19657800;20;27;21;216;20.3;27.7;25;20.3;47.2;529;29.9;30;29.7;28.8;21.3;366.6666667;330.5555556;605.5555556;6.1
19658700;22;25;20;72;23.2;26.3;24.4;20.1;48.9;529;28.5;28.7;28.4;27.5;21.3;366.6666667;330.5555556;605.5555556;6.1
19659600;22;26;16;72;23.2;26.8;24.4;20.2;49.7;479.3;29.1;29.4;29.1;27.9;21.2;355.5555556;311.1111111;569.4444444;4.1
19660500;22;26;17;70;23.2;26.7;24.4;20.2;50;475.8;28.2;28.4;28.4;27.2;21.2;355.5555556;311.1111111;569.4444444;4.1
19661400;19;25;37;257;19.9;25.5;24.4;20.5;48.2;475.8;26.9;27;26.9;26.3;21.2;355.5555556;311.1111111;569.4444444;4.1
19662300;18;22;43;194;19;23;24.4;21.2;44.2;475.8;24.6;24.8;24.7;23.7;21.2;355.5555556;311.1111111;569.4444444;4.1
19663200;17;22;43;210;18.5;22.7;24.5;21.2;42.7;426.2;25;25.2;25.1;24;21.4;372.2222222;244.4444444;338.8888889;3.5
19664100;18;23;17;90;18.9;23.2;24.5;21.2;43;418.6;25.7;26.2;26;24.4;21.4;372.2222222;244.4444444;338.8888889;3.5
19665000;18;22;0;0;18.9;23.2;25.2;21.3;41.8;418.6;26;27.9;27.1;24.5;21.4;372.2222222;244.4444444;338.8888889;3.5
19665900;18;22;0;0;19;23.2;25.2;21.4;42.9;418.6;26.7;28.8;28;24.6;21.4;372.2222222;244.4444444;338.8888889;3.5
19666800;18;22;0;0;19.4;23.2;24.9;21.3;42.5;356.7;27.4;29.2;28.5;24.7;21.1;372.2222222;202.7777778;263.8888889;4.9
19667700;18;22;0;0;19.4;23.2;24.3;21.3;44.5;347.2;27.7;29.2;28.6;24.8;21.1;372.2222222;202.7777778;263.8888889;4.9
19668600;19;22;0;0;19.7;23.5;24.5;21.3;43.7;347.2;28.4;29.3;29;24.9;21.1;372.2222222;202.7777778;263.8888889;4.9
19669500;19;22;0;0;19.9;23.8;24.3;21.2;44.4;347.2;28.6;29.3;28.9;25;21.1;372.2222222;202.7777778;263.8888889;4.9
19670400;19;24;0;0;19.9;24.7;24;20.8;45.8;235.9;28.4;29.1;28.7;25;20.1;372.2222222;100;102.7777778;3.2
19671300;19;24;0;0;20;24.7;23.5;20.7;47.3;218.8;28.1;28.8;28.4;25.1;20.1;372.2222222;100;102.7777778;3.2
19672200;19;24;0;0;20.4;24.7;23.6;20.9;48.2;218.8;27.9;28.5;28.2;25.1;20.1;372.2222222;100;102.7777778;3.2
19673100;19;23;0;0;20.7;24.4;23.1;21;48.1;218.8;26.8;27.9;27.3;25;20.1;372.2222222;100;102.7777778;3.2
19674000;20;18;0;0;20.9;20.1;22.6;20.3;49;154.2;26;26.3;26;24.9;19.2;383.3333333;13.88888889;13.88888889;2.6
19674900;20;15;0;0;21;16.9;22.1;20;50.3;130.7;25.8;26;25.8;24.9;19.2;383.3333333;13.88888889;13.88888889;2.6
19675800;20;14;0;0;21.4;16.1;21.7;20.1;51.4;130.7;25.6;25.8;25.6;24.9;19.2;383.3333333;13.88888889;13.88888889;2.6
19676700;20;14;0;0;21.4;15.7;21.6;20.2;52.4;130.7;25.3;25.6;25.4;25;19.2;383.3333333;13.88888889;13.88888889;2.6
19677600;20;14;0;0;21.4;15.7;21.2;19.3;53.6;62.9;25;25.3;25.2;25;16.9;386.1111111;0;0;3.4
19678500;20;16;0;0;21.4;17.3;21;19.1;54.3;45.9;24.6;24.9;24.9;25;16.9;386.1111111;0;0;3.4
19679400;20;17;0;0;21.4;18.2;20.9;19.1;54.6;45.2;24.1;24.6;24.6;24.9;16.9;386.1111111;0;0;3.4
19680300;21;17;0;0;21.7;18.2;20.7;19.1;56.7;43.8;23.8;24.6;24.4;24.9;16.9;386.1111111;0;0;3.4
19681200;21;17;0;0;21.9;18.2;19.9;18;64.1;4;23.4;24.4;24.2;24.9;13.4;377.7777778;0;0;3.2
19682100;21;17;0;0;21.9;18.2;18.9;18;73.9;4;22.6;23.6;23.6;24.8;13.4;377.7777778;0;0;3.2
19683000;21;17;0;0;21.9;18.4;17.2;18.1;84.4;4;21.4;22;23.7;24.8;13.4;377.7777778;0;0;3.2
19683900;21;17;0;0;21.9;18.8;15.6;18.2;88.7;4;19.7;19.2;25.5;24.7;13.4;377.7777778;0;0;3.2
19684800;21;18;0;0;22.1;20.6;15.5;17.2;89.7;0.3;17.2;16.7;25.8;24.2;14;372.2222222;0;0;2.6
19685700;21;19;0;0;20.8;21.2;15.8;17.1;90.3;0;16.1;16.3;21.9;25;14;372.2222222;0;0;2.6
19686600;20;19;0;0;17.4;20;15.8;16.5;90.8;0;15.9;16;22.6;24.6;14;372.2222222;0;0;2.6
19687500;19;19;0;0;16.6;20.2;15.9;15.9;91;0;15.9;15.8;22.2;23.5;14;372.2222222;0;0;2.6
19688400;18;18;0;0;16.7;19.7;15.9;15.3;91.5;0;16;15.7;20.1;24;13.9;372.2222222;0;0;2.1
19689300;18;17;0;0;16.6;18.4;16;15.1;91.4;0;15.9;15.6;18.6;20.5;13.9;372.2222222;0;0;2.1
19690200;17;16;0;0;16.4;17.8;16.3;13.7;90.7;0;15.9;15.5;18;18.8;13.9;372.2222222;0;0;2.1
19691100;17;16;0;0;16.4;17.5;16.35;15.8;90.5;0;15.85;15.45;18.25;18.65;13.9;372.2222222;0;0;2.1
19692000;17;16;0;0;16.4;17.2;16.4;17.9;90.3;0;15.8;15.4;18.5;18.5;12;363.8888889;0;0;2.6
19692900;16;16;0;0;16.4;17.2;15.5;19.9;90.8;0;15.7;15.4;18;18.5;12;363.8888889;0;0;2.6
19693800;16;16;0;0;16.4;17.2;14.2;19.9;92.3;0;15.2;15.2;17.7;18.5;12;363.8888889;0;0;2.6
19694700;16;16;0;0;16.4;17.2;13.7;19.9;92.8;0;14.6;14.7;17.5;18.5;12;363.8888889;0;0;2.6
19695600;16;18;0;0;16.2;18.5;13.8;19.5;92.8;0;14.3;14.3;17.4;18.5;11.5;333.3333333;0;0;2.2
19696500;15;17;0;0;15.9;18.3;13.9;19.5;92.6;0;14.1;14.1;17.3;18.3;11.5;333.3333333;0;0;2.2
19697400;15;14;0;0;15.9;16;13.9;19.5;92.6;0;14;13.9;17.2;18.1;11.5;333.3333333;0;0;2.2
19698300;15;14;0;0;15.9;15.7;13.5;19.5;92.1;0;13.8;13.7;17;18;11.5;333.3333333;0;0;2.2
19699200;15;14;0;0;15.9;15.7;13.5;19.5;92.3;0;13.5;13.4;16.7;17.9;11.4;330.5555556;0;0;2.7
19700100;15;14;0;0;15.8;15.5;13.5;19.5;92.5;0;13.3;13.2;16.6;17.6;11.4;330.5555556;0;0;2.7
19701000;15;14;0;0;15.4;15.2;13.7;19.5;92.3;0;13.3;13;16.2;17.1;11.4;330.5555556;0;0;2.7
19701900;15;14;0;0;15.4;15.2;13.9;19.5;92.3;0;13.4;13;15.9;16.8;11.4;330.5555556;0;0;2.7
19702800;15;14;0;0;15.4;15;13.8;11.9;91.7;0;13.5;13;15.7;16.7;11;283.3333333;0;0;3.6
19703700;15;15;0;0;15.1;15.2;13;11.4;91.3;0;13.3;12.8;15.5;16.6;11;283.3333333;0;0;3.6
19704600;15;16;0;0;14.9;16.7;12.6;11.3;91.7;0;12.9;12.5;15.4;16.4;11;283.3333333;0;0;3.6
19705500;15;15;0;0;14.9;16.4;12.3;11.2;91.8;0;12.6;12.2;15.3;16.3;11;283.3333333;0;0;3.6
19706400;15;14;0;0;14.9;15.5;12.2;11.1;91.8;0;12.3;11.8;15.2;16.3;10.5;280.5555556;0;0;3.8
19707300;15;14;0;0;14.9;15.2;12.1;11.1;91.8;0;12.1;11.5;15;16.3;10.5;280.5555556;0;0;3.8
19708200;18;13;0;0;16.1;14.1;12.2;11.1;92.1;0;11.9;11.3;14.7;16.3;10.5;280.5555556;0;0;3.8
19709100;18;13;0;0;16;13.7;12.1;11.2;92.3;0;11.8;11.1;14.4;16;10.5;280.5555556;0;0;3.8
19710000;17;13;0;0;15.9;13.7;12.1;11.3;92;0;11.8;11;14.1;15.7;10;277.7777778;2.777777778;2.777777778;3.7
19710900;16;12;0;0;15.5;13.7;11.9;11.3;91.8;0;11.7;10.9;13.8;15.5;10;277.7777778;2.777777778;2.777777778;3.7
19711800;16;12;0;0;15.3;13.7;11.8;11.1;91.8;0;11.6;10.8;13.6;15.3;10;277.7777778;2.777777778;2.777777778;3.7
19712700;16;15;0;0;14.9;15.1;11.8;10.9;91.8;0;11.5;10.7;13.7;15.1;10;277.7777778;2.777777778;2.777777778;3.7
19713600;16;15;0;0;14.9;15.6;11.7;10.8;91.8;0;11.4;10.6;13.5;15;9.8;280.5555556;27.77777778;38.88888889;3.6
19714500;15;13;0;0;14.9;14.4;12.1;10.8;92.6;0;11.4;10.5;13.4;14.9;9.8;280.5555556;27.77777778;38.88888889;3.6
19715400;15;13;0;0;14.9;13.8;12.2;10.6;92.3;0;11.3;10.5;13.4;14.9;9.8;280.5555556;27.77777778;38.88888889;3.6
19716300;16;11;0;0;16.3;12.4;12;10.2;91.9;0;11.3;10.5;13.3;15;9.8;280.5555556;27.77777778;38.88888889;3.6
19717200;16;11;0;0;16.2;12.2;11.9;10.4;91.8;10.2;11.4;10.5;13.2;15;10.9;280.5555556;61.11111111;208.3333333;3.4
19718100;16;12;0;0;15.5;12.2;12;10.4;91.8;12.8;11.9;10.7;13;14.9;10.9;280.5555556;61.11111111;208.3333333;3.4
19719000;15;12;0;0;14.9;12.2;12.3;10.2;91.9;12.8;13;10.9;13;14.8;10.9;280.5555556;61.11111111;208.3333333;3.4
19719900;15;11;0;0;14.4;12.2;12.7;10;91.9;12.8;14;11.3;13.1;14.6;10.9;280.5555556;61.11111111;208.3333333;3.4
19720800;14;12;0;0;14.1;12.9;13.2;10.3;91.9;71.3;15;11.9;13.5;14.5;13;288.8888889;91.66666667;361.1111111;3.5
19721700;14;13;0;0;14.1;14.1;14;10.5;91.6;100.5;16;12.9;14.4;14.6;13;288.8888889;91.66666667;361.1111111;3.5
19722600;14;13;0;0;14.1;13.7;14.7;10.3;91.3;100;17.2;14.6;15.7;14.8;13;288.8888889;91.66666667;361.1111111;3.5
19723500;14;13;0;0;14.1;13.6;15.1;10.1;90.4;99.3;18.4;16.1;17.2;15;13;288.8888889;91.66666667;361.1111111;3.5
19724400;14;11;0;0;14.1;12.9;15.2;11;90.1;226.3;19.3;17.1;18.4;15.2;13.7;325;200;388.8888889;3.7
19725300;14;13;11;34;14.2;13.7;15.3;11.1;90.2;235.4;20.8;19.1;20.3;16.9;13.7;325;200;388.8888889;3.7
19726200;15;17;26;87;16;18.1;15.7;11.2;89.8;235.4;19.9;20;20;18.8;13.7;325;200;388.8888889;3.7
19727100;16;17;40;68;17.2;18.1;17;11.6;84.9;235.4;20.4;20.8;20.8;19.4;13.7;325;200;388.8888889;3.7
19728000;16;18;32;60;17.5;18.8;18.2;12.6;61.9;327.4;21.2;21.4;21.5;20.1;14.7;322.2222222;322.2222222;575;4
19728900;17;19;33;57;18.3;19.6;18.2;12.9;57.4;360.8;21.7;21.9;21.9;20.7;14.7;322.2222222;322.2222222;575;4
19729800;18;19;33;58;18.6;20.1;18.5;13.5;54.6;360.8;22.1;22.1;22.3;21.1;14.7;322.2222222;322.2222222;575;4
19730700;17;19;33;55;18.5;19.8;18.4;14.1;52.5;360.8;21.5;21.5;21.7;20.8;14.7;322.2222222;322.2222222;575;4
19731600;16;18;38;111;16.9;19.4;18.2;15.1;54.4;468.2;21.7;21.6;21.8;21;16;336.1111111;361.1111111;425;3.2
19732500;17;20;36;110;18;20.5;18.8;15.3;51.7;484.7;22.9;23;23;21.9;16;336.1111111;361.1111111;425;3.2
19733400;18;20;33;63;19.6;21.2;19.4;15.1;48.5;487.2;23.1;23.3;23.3;22.1;16;336.1111111;361.1111111;425;3.2
19734300;19;20;33;60;19.6;21.2;19.9;14.9;47;490;23.3;23.3;23.4;22.4;16;336.1111111;361.1111111;425;3.2
19735200;18;20;38;90;18.9;21.1;20;15.8;44.8;541.8;22.8;22.8;22.9;22.1;15.8;325;358.3333333;616.6666667;3
19736100;16;19;37;98;17.5;19.9;20.1;16;45.8;554.7;21.4;21.4;21.5;20.8;15.8;325;358.3333333;616.6666667;3
19737000;16;18;34;95;17.7;19.4;20.1;15.9;44.2;554.1;21.5;21.5;21.6;20.8;15.8;325;358.3333333;616.6666667;3
19737900;17;19;43;127;17.8;20.3;20;15.7;44.4;553;22.6;22.7;22.8;22;15.8;325;358.3333333;616.6666667;3
19738800;17;21;40;155;18.3;21.5;20.3;16.5;45.9;586;23.5;23.6;23.7;23;16.8;302.7777778;136.1111111;852.7777778;2.2
19739700;19;21;29;68;20.2;22.1;20;16.5;46;586;24.3;24.3;24.4;23.4;16.8;302.7777778;136.1111111;852.7777778;2.2
19740600;21;23;33;70;21.7;23.3;19.4;16.6;44.9;586;25.9;26.1;25.9;25.3;16.8;302.7777778;136.1111111;852.7777778;2.2
19741500;22;25;28;71;23.1;25.3;19.3;16.7;45.8;586;27.8;28.1;27.8;27.3;16.8;302.7777778;136.1111111;852.7777778;2.2
19742400;20;26;27;220;21.1;26.8;19.6;17.3;44.1;562.1;28.9;29.1;28.7;28.3;18;330.5555556;341.6666667;675;1.8
19743300;19;24;17;99;20.1;25.3;20;17.3;41.6;562.1;26.8;27.4;26.9;26.2;18;330.5555556;341.6666667;675;1.8
19744200;19;23;0;0;20.1;25;20.4;16.7;41.1;562.1;27.1;29.1;27.6;26.1;18;330.5555556;341.6666667;675;1.8
19745100;19;23;0;0;20.2;23.7;20.7;16.4;41;562.1;26.8;27.9;27.1;26.1;18;330.5555556;341.6666667;675;1.8
19746000;19;18;0;0;20.6;19.6;21.9;16.7;39;557.3;27.3;27.5;27.4;26.1;17.8;355.5555556;327.7777778;347.2222222;1.8
19746900;20;16;0;0;20.6;17.9;22.8;16.7;37.6;557.3;28.6;28.1;28.2;26.2;17.8;355.5555556;327.7777778;347.2222222;1.8
19747800;20;18;0;0;20.6;19;22.8;16.9;38.1;557.3;29.3;28.7;28.7;26.2;17.8;355.5555556;327.7777778;347.2222222;1.8
19748700;20;18;0;0;20.9;19.6;22.4;17;38.9;557.3;29.5;28.9;28.6;26.2;17.8;355.5555556;327.7777778;347.2222222;1.8
19749600;20;16;0;0;21.1;18.3;22.3;17.5;40.3;497.7;29.5;29.1;28.6;26.3;17.6;361.1111111;194.4444444;197.2222222;2.1
19750500;20;16;0;0;21.1;17.7;22.2;17.6;41.5;488.5;29.5;29.1;28.5;26.3;17.6;361.1111111;194.4444444;197.2222222;2.1
19751400;20;16;0;0;21.1;17.7;22;18.1;41.8;488.5;29.4;29;28.3;26.3;17.6;361.1111111;194.4444444;197.2222222;2.1
19752300;20;17;0;0;21.4;18.1;21.7;18.5;42.5;488.5;29.1;28.7;28;26.3;17.6;361.1111111;194.4444444;197.2222222;2.1
19753200;20;17;0;0;21.6;18.2;21.4;18.4;43.4;339.3;28.5;28.4;27.6;26.3;17;366.6666667;66.66666667;66.66666667;3.2
19754100;20;17;0;0;21.6;18.6;21.3;18.4;44.8;328.6;28.1;28;27.2;26.3;17;366.6666667;66.66666667;66.66666667;3.2
19755000;21;18;0;0;21.6;18.7;20.9;18;45.6;328.6;27.5;27.5;26.8;26.2;17;366.6666667;66.66666667;66.66666667;3.2
19755900;21;18;0;0;21.8;19.2;20.2;17.7;47.3;328.6;26.7;26.8;26.3;26.2;17;366.6666667;66.66666667;66.66666667;3.2
19756800;21;20;0;0;22.1;20.7;19.8;17.6;48.8;230;25.8;26.1;25.8;26;16.7;363.8888889;44.44444444;44.44444444;2.6
19757700;21;20;0;0;22.1;21.1;19.7;17.6;50;214.8;25.2;25.7;25.5;26;16.7;363.8888889;44.44444444;44.44444444;2.6
19758600;21;20;0;0;22.1;21.2;19.7;17.5;51.5;214.8;24.9;25.3;25.3;26;16.7;363.8888889;44.44444444;44.44444444;2.6
19759500;21;20;0;0;22.3;21;19.8;17.4;51.7;214.8;24.8;25.3;25.2;25.9;16.7;363.8888889;44.44444444;44.44444444;2.6
19760400;22;16;0;0;22.7;18.7;19.6;17;52;130.7;25.6;26.1;25.7;25.9;16.3;366.6666667;5.555555556;5.555555556;1.6
19761300;22;15;0;0;23.1;16.5;19.3;16.8;53.1;100.1;26.3;26.3;25.5;25.8;16.3;366.6666667;5.555555556;5.555555556;1.6
19762200;21;15;0;0;22.3;15.5;19;16.6;54.6;100.1;26.4;25.6;23.4;25.6;16.3;366.6666667;5.555555556;5.555555556;1.6
19763100;21;16;0;0;22.3;16.2;18.9;16.3;55.3;100.1;25.9;22.8;21.7;25.2;16.3;366.6666667;5.555555556;5.555555556;1.6
19764000;22;14;0;0;23.4;16.2;18.9;15.7;56.7;54.4;23.3;20.2;21;25.5;14.9;372.2222222;0;0;1.2
19764900;21;16;0;0;21.8;18.1;18.8;15.5;58.6;43;21.2;19.2;22.8;25.7;14.9;372.2222222;0;0;1.2
19765800;21;17;0;0;20.7;18.5;18.6;15.6;61;43;21.9;18.5;25.8;23.8;14.9;372.2222222;0;0;1.2
19766700;21;17;0;0;20.2;18.5;18.2;15.7;68;43;24.3;17.7;24.8;19.2;14.9;372.2222222;0;0;1.2
19767600;20;16;0;0;19.6;18;16.8;15.1;81.1;5.9;23.6;16.9;21;16.4;14.1;366.6666667;0;0;1.8
19768500;20;16;0;0;19;17.6;16.4;15.1;83.7;3.2;23;16.4;19.3;15.3;14.1;366.6666667;0;0;1.8
19769400;19;16;0;0;18.3;17.5;16.5;15.3;84;3.2;23.3;16.1;18.6;15.1;14.1;366.6666667;0;0;1.8
19770300;19;16;0;0;17.2;17.5;16.6;15.6;85.1;3.2;24.3;15.9;18.3;15.1;14.1;366.6666667;0;0;1.8
19771200;18;16;0;0;16.6;17.5;16.4;15.2;84.6;0.2;22.1;15.7;17.9;15.1;13.7;369.4444444;0;0;1.8
19772100;17;16;0;0;16.6;17.1;16.3;15.2;83.8;0;20.2;15.5;17.7;15;13.7;369.4444444;0;0;1.8
19773000;17;17;0;0;16.2;17.3;16.4;15;83.3;0;19.6;15.4;17.6;14.9;13.7;369.4444444;0;0;1.8
19773900;16;18;0;0;16.1;18.5;16.4;14.5;82;0;19.4;15.3;17.3;14.8;13.7;369.4444444;0;0;1.8
19774800;16;17;0;0;16.1;18.3;16.3;14.1;85.6;0;19.3;15.3;17.2;14.8;13.8;363.8888889;0;0;1.6
19775700;16;16;0;0;16;17.4;16.2;14.1;87.9;0;19.5;15.3;17.1;14.7;13.8;363.8888889;0;0;1.6
19776600;16;16;0;0;15.6;17;16.3;13.9;87.6;0;19.5;15.3;17;14.6;13.8;363.8888889;0;0;1.6
19777500;15.5;15.5;0;0;15.6;16.75;16.4;16.7;85.95;0;19.35;15.25;17;14.6;13.8;363.8888889;0;0;1.6
19778400;15;15;0;0;15.6;16.5;16.5;19.5;84.3;0;19.2;15.2;17;14.6;13.9;369.4444444;0;0;1.4
19779300;15;15;0;0;15.6;16.5;16.5;19.9;82.8;0;19;15.3;16.9;14.7;13.9;369.4444444;0;0;1.4
19780200;16;15;0;0;15.5;16.2;16.5;19.9;81.5;0;18.9;15.3;16.9;14.8;13.9;369.4444444;0;0;1.4
19781100;15;15;0;0;15.1;16;16.5;19.9;79.9;0;18.9;15.4;16.8;14.9;13.9;369.4444444;0;0;1.4
19782000;15;16;0;0;15.1;16.6;16.5;19.6;78.8;0;18.8;15.4;16.8;14.9;13.8;372.2222222;0;0;1.8
19782900;15;16;0;0;15.1;16.8;16.5;19.5;78.7;0;18.8;15.4;16.9;14.9;13.8;372.2222222;0;0;1.8
19783800;15;14;0;0;15.1;15.6;16.6;19.5;78.5;0;18.9;15.4;16.9;14.9;13.8;372.2222222;0;0;1.8
19784700;14;14;0;0;15.1;15.4;16.7;19.5;77.4;0;19;15.5;16.9;14.9;13.8;372.2222222;0;0;1.8
19785600;14;14;0;0;15.1;15;16.7;19.5;77.2;0;18.8;15.4;16.9;14.9;13.7;372.2222222;0;0;1.9
19786500;14;14;0;0;15.1;15;16.7;19.5;77.1;0;18.7;15.4;17;14.9;13.7;372.2222222;0;0;1.9
19787400;14;14;0;0;15.1;15;16.8;19.5;76.6;0;18.6;15.4;17;14.9;13.7;372.2222222;0;0;1.9
19788300;15;14;0;0;15.1;15;16.9;19.5;76.7;0;18.6;15.4;17;14.8;13.7;372.2222222;0;0;1.9
19789200;15;14;0;0;15.1;15.2;17;14.2;76.4;0;18.6;15.3;17;14.9;13.9;375;0;0;2.8
19790100;15;15;0;0;15.1;15.9;17.4;13.8;74.2;0;18.7;15.4;17;14.9;13.9;375;0;0;2.8
19791000;15;17;0;0;15.1;17.3;17.5;13.8;73.2;0;18.7;15.4;17;14.9;13.9;375;0;0;2.8
19791900;15;16;0;0;15.1;17.3;17.5;13.8;72.7;0;18.7;15.4;17;15;13.9;375;0;0;2.8
19792800;15;16;0;0;15.1;17;17.4;13.8;72.8;0;18.8;15.5;17;15;14;375;0;0;3.6
19793700;15;15;0;0;15.1;16.5;17.5;13.8;72.2;0;18.9;15.5;17;15;14;375;0;0;3.6
19794600;15;15;0;0;15.1;16.5;17.5;13.8;72.5;0;18.9;15.6;17;15;14;375;0;0;3.6
19795500;15;15;0;0;15.1;16.5;17.7;13.7;71.8;0;18.8;15.6;17.1;15.1;14;375;0;0;3.6
19796400;15;15;0;0;15.1;16.5;17.7;13.8;71.7;0;18.8;15.6;17.1;15.1;13.9;375;0;0;3.9
19797300;15;15;0;0;15.1;16.5;17.5;13.8;71.6;0;18.8;15.7;17.1;15.1;13.9;375;0;0;3.9
19798200;15;15;0;0;15.5;16.5;17.5;13.9;72.3;0;18.8;15.7;17.1;15.1;13.9;375;0;0;3.9
19799100;15;17;0;0;15.6;17.7;17.4;14;72.6;0;18.8;15.7;17.2;15.1;13.9;375;0;0;3.9
19800000;15;17;0;0;15.6;18;17.3;13.9;72.4;0;18.8;15.7;17.2;15.1;14;375;5.555555556;8.333333333;3.8
19800900;15;16;0;0;15.6;17.4;17.3;13.9;72.5;0;18.9;15.7;17.3;15.1;14;375;5.555555556;8.333333333;3.8
19801800;15;16;0;0;15.6;17;17.3;13.9;72.2;0;19.1;15.7;17.3;15.1;14;375;5.555555556;8.333333333;3.8
19802700;16;15;0;0;15.6;16.6;17.2;13.9;72.7;0;19.1;15.7;17.3;15.1;14;375;5.555555556;8.333333333;3.8
19803600;17;15;0;0;15.6;16.3;17.2;14.1;73.3;5.1;19;15.8;17.3;15.1;13.8;375;41.66666667;41.66666667;3.4
19804500;16;14;0;0;15.6;15.7;17.3;14.1;73.1;5.1;18.9;15.8;17.3;15.1;13.8;375;41.66666667;41.66666667;3.4
19805400;16;14;0;0;15.6;15.3;17.4;14;72.7;5.1;18.8;15.8;17.3;15.2;13.8;375;41.66666667;41.66666667;3.4
19806300;15;14;0;0;15.6;15;17.5;14;72.7;5.1;18.7;15.9;17.2;15.3;13.8;375;41.66666667;41.66666667;3.4
19807200;15;15;0;0;15.6;15.5;17.8;14.4;72.3;52.3;18.7;16;17.3;15.3;14.7;375;102.7777778;102.7777778;3.6
19808100;15;16;0;0;15.6;16.5;18.2;14.4;70.7;55.7;18.7;16.3;17.4;15.5;14.7;375;102.7777778;102.7777778;3.6
19809000;15;16;0;0;15.6;16.9;18.3;14.4;70;54.4;18.7;16.6;17.5;15.9;14.7;375;102.7777778;102.7777778;3.6
19809900;15;17;0;0;15.6;17.5;18.4;14.4;70.8;53.3;18.8;16.9;17.6;16.2;14.7;375;102.7777778;102.7777778;3.6
19810800;15;16;0;0;15.6;17.1;18.7;14.9;71.2;113.6;19;17.2;17.6;16.5;15.4;375;236.1111111;238.8888889;3.8
19811700;15;16;0;0;15.8;17;18.9;15;69.5;122.9;19.1;17.5;17.8;16.7;15.4;375;236.1111111;238.8888889;3.8
19812600;15;16;0;0;16.1;17;19.4;14.7;68.6;122.9;19.2;17.9;18.2;17.1;15.4;375;236.1111111;238.8888889;3.8
19813500;15;16;0;0;16.1;17;20.3;14.4;65.6;122.9;19.5;18.7;19;17.6;15.4;375;236.1111111;238.8888889;3.8
19814400;15;16;0;0;16.1;17;20.9;15.2;63.8;212.1;19.7;19.7;19.9;18.6;16.7;380.5555556;202.7777778;213.8888889;3.6
19815300;15;16;0;0;16.4;17;20.3;15.3;64.1;225.8;19.9;20.2;20.3;19.5;16.7;380.5555556;202.7777778;213.8888889;3.6
19816200;16;16;0;0;16.6;17;19.9;15.5;64.7;225.8;20.1;20.4;20.4;19.8;16.7;380.5555556;202.7777778;213.8888889;3.6
19817100;16;17;0;0;16.6;17.7;19.7;15.6;66.2;225.8;20.5;20.6;20.5;19.8;16.7;380.5555556;202.7777778;213.8888889;3.6
19818000;20;18;0;0;19.3;18.6;20.1;16.4;66.5;244.5;20.8;20.8;20.8;20;17;383.3333333;230.5555556;233.3333333;4
19818900;19;16;0;0;19.3;17.9;20.3;16.5;65.5;247.4;21.2;21;21;20.1;17;383.3333333;230.5555556;233.3333333;4
19819800;19;15;0;0;19.1;17.1;20.6;16.4;64.8;257.5;21.5;21.1;21.2;20.1;17;383.3333333;230.5555556;233.3333333;4
19820700;19;15;0;0;19.1;17;21.2;16.3;63.3;266.4;21.8;21.3;21.6;20.1;17;383.3333333;230.5555556;233.3333333;4
19821600;19;15;0;0;19.1;17;22;17.2;60.2;396.1;22.8;22.1;22.4;20.2;18.1;372.2222222;319.4444444;416.6666667;3.1
19822500;19;15;0;0;19.1;16.9;22.9;17.3;56.5;416;24.8;23.6;24;20.4;18.1;372.2222222;319.4444444;416.6666667;3.1
19823400;19;15;0;0;19.5;16.5;21.9;17.5;58.9;405.2;25.3;24.1;24.2;20.6;18.1;372.2222222;319.4444444;416.6666667;3.1
19824300;19;15;0;0;19.6;16.5;21.5;17.7;60.7;395.7;25.5;24.3;24.4;20.7;18.1;372.2222222;319.4444444;416.6666667;3.1
19825200;19;15;0;0;19.6;16.6;21.2;18.4;61.1;434.3;25.8;24.8;24.7;20.8;18.1;386.1111111;230.5555556;233.3333333;3.1
19826100;19;17;0;0;20;18;20.9;18.5;62.9;440.2;25.5;24.6;24.4;20.9;18.1;386.1111111;230.5555556;233.3333333;3.1
19827000;19;16;0;0;20.1;17.9;21.2;18.1;63.1;440.2;25.2;24.3;24.2;21;18.1;386.1111111;230.5555556;233.3333333;3.1
19827900;19;15;0;0;20.1;17.4;22.4;17.8;59.8;440.2;26.4;25.3;25.3;21.2;18.1;386.1111111;230.5555556;233.3333333;3.1
19828800;20;15;0;0;20.3;16.8;22.9;18.4;59.2;438.8;27.8;26.3;26;21.4;18.9;383.3333333;319.4444444;358.3333333;3.1
19829700;20;15;0;0;20.6;16.5;22.6;18.5;60.5;438.6;27.9;26.6;26.2;21.6;18.9;383.3333333;319.4444444;358.3333333;3.1
19830600;20;15;0;0;20.6;16;23.3;18.6;59;438.6;27.6;26.3;26;21.7;18.9;383.3333333;319.4444444;358.3333333;3.1
19831500;20;15;0;0;20.7;16;24.1;18.7;55;438.6;28.5;27.1;26.9;21.9;18.9;383.3333333;319.4444444;358.3333333;3.1
19832400;20;15;0;0;21.1;16.5;24.1;19;54;467.8;29.8;28.1;27.9;22.2;19.5;386.1111111;319.4444444;325;1.3
19833300;20;14;0;0;21.1;16;23;19.1;55.5;472.3;29.5;28.2;27.7;22.3;19.5;386.1111111;319.4444444;325;1.3
19834200;20;16;0;0;21.1;17.2;23.7;18.8;55.1;472.3;29.3;28.2;27.7;22.5;19.5;386.1111111;319.4444444;325;1.3
19835100;20;17;0;0;21.4;18;24;18.5;53.6;472.3;29.5;28.5;28;22.6;19.5;386.1111111;319.4444444;325;1.3
19836000;21;15;0;0;21.6;17.4;24;18.8;52.7;402.2;29.5;28.6;28.2;22.8;19.2;386.1111111;161.1111111;163.8888889;1.2
19836900;21;15;0;0;21.6;16.5;24.2;18.9;52;391.4;29.5;28.7;28.3;22.9;19.2;386.1111111;161.1111111;163.8888889;1.2
19837800;21;15;0;0;21.6;16.5;23.9;19.1;52.2;391.4;29.5;28.7;28.4;23.1;19.2;386.1111111;161.1111111;163.8888889;1.2
19838700;21;15;0;0;21.9;16.5;22.9;19.2;55.3;391.4;28.9;28.3;28;23.2;19.2;386.1111111;161.1111111;163.8888889;1.2
19839600;21;16;0;0;22.1;17;23.1;19.5;55.1;337.5;28.4;27.9;27.7;23.3;19.6;372.2222222;202.7777778;244.4444444;1.6
19840500;21;16;0;0;22.1;17;23.3;19.5;55.8;329.2;28.2;27.7;27.6;23.3;19.6;372.2222222;202.7777778;244.4444444;1.6
19841400;21;16;0;0;22.1;17.4;23.5;19.7;54.8;329.2;28.3;27.6;27.6;23.4;19.6;372.2222222;202.7777778;244.4444444;1.6
19842300;21;17;0;0;22.5;17.8;23.6;19.8;55.1;329.2;28.2;27.5;27.5;23.4;19.6;372.2222222;202.7777778;244.4444444;1.6
19843200;21;19;0;0;22.6;19.4;24;19.6;53.3;280.5;28.4;27.4;27.7;23.5;19;383.3333333;86.11111111;86.11111111;2.2
19844100;21;18;0;0;22.6;19.5;23;19.6;55.4;273;28.3;27.4;27.6;23.6;19;383.3333333;86.11111111;86.11111111;2.2
19845000;21;18;0;0;22.6;19.5;22.7;19.4;57.2;273;27.7;27.2;27.2;23.7;19;383.3333333;86.11111111;86.11111111;2.2
19845900;21;17;0;0;22.6;19;22.8;19;57.2;273;27.2;27;26.8;23.8;19;383.3333333;86.11111111;86.11111111;2.2
19846800;21;15;0;0;22.6;17;22.4;18.7;57.5;162.7;26.8;26.6;26.5;23.8;18.7;386.1111111;16.66666667;16.66666667;2.1
19847700;22;14;0;0;23.1;16;22;18.7;59.2;162.7;26.3;26.1;26.1;23.8;18.7;386.1111111;16.66666667;16.66666667;2.1
19848600;22;14;0;0;23.1;15.5;22;19;60.3;162.7;25.8;25.8;25.8;23.8;18.7;386.1111111;16.66666667;16.66666667;2.1
19849500;22;13;0;0;23.1;15.2;21.7;19.2;61;162.7;25.3;25.4;25.4;23.8;18.7;386.1111111;16.66666667;16.66666667;2.1
19850400;22;13;0;0;23.1;15;21.5;18.6;61.3;62.6;24.8;25;25.1;23.7;18;383.3333333;0;0;1.8
19851300;22;15;0;0;23.2;16.7;21.4;18.6;61.7;55.5;24.4;24.6;24.8;23.7;18;383.3333333;0;0;1.8
19852200;22;17;0;0;23.6;17.5;21.1;18.5;62.7;55.2;23.9;24.2;24.4;23.7;18;383.3333333;0;0;1.8
19853100;22;16;0;0;23.6;17.5;20.9;18.4;63.1;54.9;23.6;23.9;24.1;23.6;18;383.3333333;0;0;1.8
19854000;22;16;0;0;23.6;17.5;20.6;17.9;64.1;16.7;23.2;23.5;24;23.6;17;380.5555556;0;0;2
19854900;22;16;0;0;23.6;17.5;20.4;17.8;66.2;7.1;23;23.2;23.6;23.6;17;380.5555556;0;0;2
19855800;22;17;0;0;23.9;17.8;20.3;17.9;66.8;7.1;22.8;22.9;23.4;23.5;17;380.5555556;0;0;2
19856700;22;17;0;0;24.1;18;20.2;18.1;67.4;7.1;22.6;22.7;23.2;23.5;17;380.5555556;0;0;2
19857600;22;17;0;0;24.1;18.1;20.1;17.5;67.7;1.4;22.5;22.7;23.1;23.5;17.1;380.5555556;0;0;1.8
19858500;22;17;0;0;24.1;18.5;20.1;17.3;67.9;0;22.3;22.8;22.8;23.4;17.1;380.5555556;0;0;1.8
19859400;22;18;0;0;24.1;18.9;20.1;17.3;67.5;0;22;23;22;23.4;17.1;380.5555556;0;0;1.8
19860300;23;20;0;0;24.3;20.3;20.1;17.2;67.7;0;21.4;23;21.1;23.2;17.1;380.5555556;0;0;1.8
19861200;22;20;0;0;24.6;20.8;20;16.6;68.7;0;20.3;23.7;20.1;23;16.9;380.5555556;0;0;2
19862100;23;19;0;0;24.6;21;20.1;16.5;68.3;0;19.7;23;19.6;23.4;16.9;380.5555556;0;0;2
19863000;23;19;0;0;24.2;21;20;16.4;68;0;19.4;22.8;19.5;23.5;16.9;380.5555556;0;0;2
19863900;22;19.5;0;0;22.05;20.9;19.95;17.8;68.35;0;19.25;22.65;19.4;23;16.9;380.5555556;0;0;2
19864800;21;20;0;0;19.9;20.8;19.9;19.2;68.7;0;19.1;22.5;19.3;22.5;16.7;377.7777778;0;0;1.2
19865700;20;19;0;0;19.4;20.5;19.9;19.9;68.3;0;19.1;22.3;19.3;21.8;16.7;377.7777778;0;0;1.2
19866600;20;18;0;0;19.6;19.4;19.9;19.9;68.3;0;19.2;21.3;19.3;22.7;16.7;377.7777778;0;0;1.2
19867500;19;15;0;0;20.1;17.2;19.8;19.9;68.5;0;19.3;20.5;19.2;23.1;16.7;377.7777778;0;0;1.2
19868400;19;17;0;0;19.6;17.9;19.8;19.6;68.9;0;19.3;20.4;19.2;21.6;16.5;380.5555556;0;0;1.2
19869300;19;16;0;0;19.2;17.8;19.8;19.5;68.5;0;19.3;20.7;19.1;20.7;16.5;380.5555556;0;0;1.2
19870200;18;14;0;0;19.1;16;19.7;19.5;69;0;19.2;20.6;19.1;20.5;16.5;380.5555556;0;0;1.2
19871100;18;14;0;0;19.1;15.6;19.7;19.5;69.1;0;19.1;20.3;19.1;20.5;16.5;380.5555556;0;0;1.2
19872000;18;13;0;0;19.1;15.6;19.6;19.5;69.3;0;19;20.1;19;20.5;16.4;377.7777778;0;0;1.9
19872900;18;14;0;0;19.1;15.6;19.6;19.5;69;0;19;20;19;20.5;16.4;377.7777778;0;0;1.9
19873800;18;14;0;0;19.1;15.6;19.5;19.5;69.3;0;18.9;20;18.9;20.5;16.4;377.7777778;0;0;1.9
19874700;18;15;0;0;19.1;16.1;19.5;19.5;69.8;0;18.8;20;18.8;20.5;16.4;377.7777778;0;0;1.9
19875600;18;15;0;0;19.1;16.1;19.5;16.2;70.1;0;18.8;19.9;18.8;20.4;16.3;377.7777778;0;0;2.1
19876500;18;16;0;0;19.1;17.1;19.5;16.2;70.1;0;18.7;19.8;18.8;20.4;16.3;377.7777778;0;0;2.1
19877400;18;18;0;0;19.1;18.3;19.4;16.3;70;0;18.6;19.8;18.7;20.4;16.3;377.7777778;0;0;2.1
19878300;19;17;0;0;19.2;18.6;19.4;16.4;70.3;0;18.6;19.7;18.7;20.4;16.3;377.7777778;0;0;2.1
19879200;19;17;0;0;19.6;18.6;19.4;16.2;71;0;18.5;19.7;18.6;20.3;16.2;377.7777778;0;0;2.6
19880100;19;17;0;0;19.6;18.6;19.4;16.2;70.9;0;18.5;19.6;18.6;20.2;16.2;377.7777778;0;0;2.6
19881000;19;17;0;0;19.6;18.6;19.4;16.3;70.8;0;18.4;19.6;18.5;20.2;16.2;377.7777778;0;0;2.6
19881900;19;17;0;0;19.6;18.6;19.3;16.3;70.5;0;18.3;19.5;18.5;20.2;16.2;377.7777778;0;0;2.6
19882800;19;17;0;0;19.6;18.6;19.3;16.2;70.6;0;18.3;19.5;18.4;20.1;16.1;377.7777778;0;0;2.1
19883700;19;17;0;0;19.6;18.6;19.2;16.2;71;0;18.3;19.4;18.4;20.1;16.1;377.7777778;0;0;2.1
19884600;19;17;0;0;19.6;18.6;19.2;16.3;70.8;0;18.3;19.4;18.4;20.1;16.1;377.7777778;0;0;2.1
19885500;19;19;0;0;19.6;19.5;19.2;16.4;70.3;0;18.2;19.4;18.3;20;16.1;377.7777778;0;0;2.1
19886400;19;19;0;0;19.6;20.1;19.2;16.2;70.4;0;18.2;19.4;18.3;20;16.2;380.5555556;13.88888889;13.88888889;1.8
19887300;19;18;0;0;19.6;19.4;19.2;16.1;70;0;18.2;19.4;18.3;19.9;16.2;380.5555556;13.88888889;13.88888889;1.8
19888200;19;18;0;0;19.6;19.1;19.3;16;69.4;0;18.3;19.4;18.3;19.9;16.2;380.5555556;13.88888889;13.88888889;1.8
19889100;21;17;0;0;20;18.5;19.4;16;69;0;18.4;19.4;18.4;19.9;16.2;380.5555556;13.88888889;13.88888889;1.8
19890000;20;15;0;0;20.1;17.1;19.4;15.9;69.1;6.3;18.5;19.3;18.5;19.9;16.5;380.5555556;52.77777778;52.77777778;1.3
19890900;20;14;0;0;19.8;15.7;19.5;15.9;69.1;6.8;18.6;19.2;18.6;20;16.5;380.5555556;52.77777778;52.77777778;1.3
19891800;19;13;0;0;19.6;15.2;19.5;16;68.8;6.8;18.8;19.3;18.7;19.9;16.5;380.5555556;52.77777778;52.77777778;1.3
19892700;19;13;0;0;19.6;15.1;19.8;16.1;68.2;6.8;18.9;19.5;18.9;19.9;16.5;380.5555556;52.77777778;52.77777778;1.3
19893600;19;15;0;0;19.4;15.8;19.8;16.4;67.6;70.1;19.1;19.6;19;19.9;17.1;380.5555556;169.4444444;169.4444444;1.4
19894500;19;16;0;0;19.1;17.2;20.1;16.4;67.2;70.1;19.4;19.7;19.2;19.9;17.1;380.5555556;169.4444444;169.4444444;1.4
19895400;19;17;0;0;19.1;17.3;20.5;16.5;66.3;68;19.8;19.9;19.7;19.9;17.1;380.5555556;169.4444444;169.4444444;1.4
19896300;19;17;0;0;19.1;17.7;21.1;16.6;64.7;66.6;20.4;20;20.2;20;17.1;380.5555556;169.4444444;169.4444444;1.4
19897200;19;16;0;0;19.1;17.7;21.5;17.2;63;157.3;21.2;20.2;20.9;20;17.6;386.1111111;213.8888889;216.6666667;1.4
19898100;19;16;0;0;19.1;17.7;22;17.2;61.1;163.8;22;20.7;21.7;20.1;17.6;386.1111111;213.8888889;216.6666667;1.4
19899000;19;17;0;0;19.3;17.7;22.3;17.2;59.9;163.8;23;21.4;22.4;20.2;17.6;386.1111111;213.8888889;216.6666667;1.4
19899900;19;17;0;0;19.6;17.7;22.4;17.2;59;163.8;23.8;22.1;23;20.3;17.6;386.1111111;213.8888889;216.6666667;1.4
19900800;18;17;0;0;20.2;18.1;22.5;17.9;59.2;256.2;24;22.8;23.2;20.6;18.1;386.1111111;313.8888889;322.2222222;2
19901700;19;16;0;0;20.6;17.7;23.4;18.1;57.5;279.3;24.5;23.3;23.8;20.7;18.1;386.1111111;313.8888889;322.2222222;2
19902600;19;15;0;0;20.6;17.1;23.5;18.1;55.4;279.3;26;24.4;25;21;18.1;386.1111111;313.8888889;322.2222222;2
19903500;19;16;0;0;20.6;17.5;23.4;18.1;55.8;279.3;27;25.3;25.7;21.2;18.1;386.1111111;313.8888889;322.2222222;2
19904400;19;17;0;0;20.6;18.2;23.5;19;55.9;341.5;27.7;26.2;26.4;21.5;19.5;388.8888889;408.3333333;427.7777778;1.7
19905300;19;15;0;0;20.6;17.2;23;19.1;58;351.1;27.7;26.4;26.5;21.6;19.5;388.8888889;408.3333333;427.7777778;1.7
19906200;19;14;0;0;20.6;16.6;23.8;18.9;55.8;355.8;28.3;26.9;27.2;21.9;19.5;388.8888889;408.3333333;427.7777778;1.7
19907100;20;14;0;0;20.8;16.2;24.1;18.7;54.3;361.2;29.1;27.7;28.1;22.1;19.5;388.8888889;408.3333333;427.7777778;1.7
19908000;20;14;0;0;21.1;16.2;24.8;19.5;49.9;421;30.3;28.9;29.3;22.5;19.2;391.6666667;166.6666667;166.6666667;1.8
19908900;20;14;0;0;21.1;16.2;25.1;19.7;48.9;435.9;31.1;29.8;30.2;22.8;19.2;391.6666667;166.6666667;166.6666667;1.8
19909800;20;14;0;0;21.1;15.9;25.1;19.3;48.4;435.3;31.9;30.7;30.9;23.1;19.2;391.6666667;166.6666667;166.6666667;1.8
19910700;20;14;0;0;21.4;15.7;24;19;49.6;434.8;31.8;30.6;30.8;23.3;19.2;391.6666667;166.6666667;166.6666667;1.8
19911600;20;14;0;0;21.6;15.9;24.2;19.6;49.4;456.3;31.5;30.5;30.6;23.5;19.5;388.8888889;288.8888889;291.6666667;2
19912500;20;16;0;0;21.6;17.6;23.5;19.7;50.6;459.6;31.1;30.3;30.2;23.6;19.5;388.8888889;288.8888889;291.6666667;2
19913400;20;15;0;0;21.6;17.4;23.4;19.9;53.3;459.6;30.4;29.6;29.6;23.5;19.5;388.8888889;288.8888889;291.6666667;2
19914300;20;14;0;0;21.9;16.3;23.7;20.1;53.7;459.6;29.9;29.2;29.2;23.6;19.5;388.8888889;288.8888889;291.6666667;2
19915200;20;14;0;0;22.1;16.2;24.8;20.4;52.8;464.5;29.9;29.3;29.2;23.8;20.5;391.6666667;283.3333333;288.8888889;1.8
19916100;21;14;0;0;22.1;16.2;25.1;20.5;49.9;465.3;30.8;29.9;29.9;24;20.5;391.6666667;283.3333333;288.8888889;1.8
19917000;21;14;0;0;22.1;15.8;25.6;20.5;49.1;465.3;31.5;30.5;30.4;24.3;20.5;391.6666667;283.3333333;288.8888889;1.8
19917900;21;14;0;0;22.6;15.7;26;20.5;49.1;465.3;31.9;30.9;30.9;24.5;20.5;391.6666667;283.3333333;288.8888889;1.8
19918800;21;14;0;0;22.6;15.7;25.7;20.8;48.9;473.8;32.1;31.2;31.2;24.8;20.4;394.4444444;125;125;1.5
19919700;21;14;0;0;22.6;15.7;25.5;20.9;50.2;475.9;32.1;31.3;31.3;25;20.4;394.4444444;125;125;1.5
19920600;21;16;0;0;22.6;16.7;25;20.9;50.8;475.9;31.7;31;30.9;25.1;20.4;394.4444444;125;125;1.5
19921500;18;17;0;1;20.2;18.5;24.5;20.9;53.2;475.9;31;30.4;30.3;25.6;20.4;394.4444444;125;125;1.5
19922400;18;15;0;0;20.1;17.1;23.9;21.2;54.6;417.1;29.8;29.4;29.2;25.8;20.5;394.4444444;80.55555556;80.55555556;1.1
19923300;18;15;0;0;20.4;17;23.6;21.2;55.7;408;29.4;29;28.8;25.8;20.5;394.4444444;80.55555556;80.55555556;1.1
19924200;18;15;0;0;20.4;17;23.7;21.2;56.5;408;29.1;28.7;28.5;25.8;20.5;394.4444444;80.55555556;80.55555556;1.1
19925100;18;15;0;0;20.7;17;23.9;21.2;54.6;408;28.8;28.5;28.3;25.8;20.5;394.4444444;80.55555556;80.55555556;1.1
19926000;18;16;0;0;20.9;17;23.6;21.5;55.8;349.1;28.6;28.3;28.2;25.8;19.8;391.6666667;69.44444444;69.44444444;1.4
19926900;18;16;0;0;20.9;17.2;23.2;21.5;57.1;340;28.3;28;27.9;25.7;19.8;391.6666667;69.44444444;69.44444444;1.4
19927800;18;16;0;0;21.2;17.5;23.1;21.1;58.3;340;27.8;27.7;27.6;25.7;19.8;391.6666667;69.44444444;69.44444444;1.4
19928700;19;16;0;0;21.4;17.8;23.2;20.7;57.6;340;27.5;27.4;27.5;25.6;19.8;391.6666667;69.44444444;69.44444444;1.4
19929600;19;19;0;0;21.4;19.6;23.7;20.7;55.1;271.5;27.5;27.4;27.5;25.6;20.2;388.8888889;72.22222222;75;0.9
19930500;19;19;0;0;21.9;20;23.9;20.7;54.3;261;27.6;27.5;27.5;25.6;20.2;388.8888889;72.22222222;75;0.9
19931400;18;18;0;0;21.7;19.9;23.9;20.5;54.5;261;27.5;27.4;27.3;25.7;20.2;388.8888889;72.22222222;75;0.9
19932300;20;16;0;0;22.2;18.2;23.8;20.4;55.8;261;27.4;27.4;27.3;25.6;20.2;388.8888889;72.22222222;75;0.9
19933200;20;14;0;0;22.4;16.4;23.5;20.2;55.8;177.6;27.2;27.2;27.2;25.5;19.7;388.8888889;13.88888889;16.66666667;1.1
19934100;20;13;0;0;22.4;15.6;23.4;20.2;56.2;156.8;27;27;27;25.5;19.7;388.8888889;13.88888889;16.66666667;1.1
19935000;20;13;0;0;22.4;15;23.1;19.8;56.8;156.8;26.7;26.7;26.8;25.4;19.7;388.8888889;13.88888889;16.66666667;1.1
19935900;20;13;0;0;22.8;15;22.8;19.5;58.2;156.8;26.4;26.5;26.6;25.4;19.7;388.8888889;13.88888889;16.66666667;1.1
19936800;20;13;0;0;22.9;15;22.5;19.2;60.1;73;26.1;26.3;26.4;25.3;19;386.1111111;0;0;1
19937700;20;15;0;0;22.9;16.4;22.1;19.1;60.1;52;25.8;25.9;26.2;25.2;19;386.1111111;0;0;1
19938600;20;16;0;0;22.9;17.3;22;19.3;60.1;52.1;25.4;25.6;25.8;25.2;19;386.1111111;0;0;1
19939500;20;16;0;0;23.1;17.5;21.7;19.6;61.5;52.3;25.2;25.4;25.6;25.1;19;386.1111111;0;0;1
19940400;20;16;0;0;23.4;17.5;21.5;19.1;61.7;19.2;25;25.2;25.5;25.1;18.4;386.1111111;0;0;0.7
19941300;20;16;0;0;23.4;17.5;21.4;18.9;63;7.1;24.8;24.9;25.3;25.1;18.4;386.1111111;0;0;0.7
19942200;20;16;0;0;23.4;17.5;21.4;18.9;63.6;7.1;24.6;24.7;25.1;25;18.4;386.1111111;0;0;0.7
19943100;21;17;0;0;23.7;17.9;21.3;18.9;63.8;7.1;24.4;24.6;25;25;18.4;386.1111111;0;0;0.7
19944000;21;17;0;0;23.9;18;21.1;18.1;64.4;0;24.2;24.3;24.8;24.9;18.2;383.3333333;0;0;0.9
19944900;21;17;0;0;23.9;18.2;21;18.1;65.5;0;24.1;24.1;24.7;24.9;18.2;383.3333333;0;0;0.9
19945800;21;18;0;0;23.9;18.8;20.9;18;66.6;0;23.9;23.9;24.6;24.9;18.2;383.3333333;0;0;0.9
19946700;21;19;0;0;23.9;20;20.9;18;66.7;0;23.8;23.5;24.4;24.8;18.2;383.3333333;0;0;0.9
19947600;21;19;0;0;24.4;20.5;20.8;17.4;67.4;0;23.5;23.2;24.3;24.7;18.3;383.3333333;0;0;1.3
19948500;21;19;0;0;24.4;20.5;20.8;17.4;67.2;0;23.5;22.8;24.3;24.7;18.3;383.3333333;0;0;1.3
19949400;21;19;0;0;24.4;20.5;20.6;17.6;68.4;0;23.6;21.8;24.7;24.7;18.3;383.3333333;0;0;1.3
19950300;21.5;19;0;0;24.55;20.5;20.55;18.6;68.6;0;24.45;20.95;24.2;24.4;18.3;383.3333333;0;0;1.3
19951200;22;19;0;0;24.7;20.5;20.5;19.6;68.8;0;25.3;20.1;23.7;24.1;18;369.4444444;0;0;1.2
19952100;22;19;0;0;24;20.5;20.4;19.9;69.8;0;24.3;19.9;24.3;22.7;18;369.4444444;0;0;1.2
19953000;22;18;0;0;23.1;19.6;20.4;19.9;70.4;0;24.1;19.7;22.9;21.6;18;369.4444444;0;0;1.2
19953900;21;14;0;0;21.9;16.1;20.3;19.9;71;0;25.3;19.7;22;20.3;18;369.4444444;0;0;1.2
19954800;20;16;0;0;20.4;16.9;20.3;19.6;71.3;0;23.5;19.7;21.4;19.4;17.3;375;0;0;0.9
19955700;21;16;0;0;20.7;17.5;20.1;19.5;71.7;0;22.2;19.7;21;19.1;17.3;375;0;0;0.9
19956600;21;14;0;0;20.7;16.5;20.1;19.5;71.6;0;22.4;19.6;20.7;19;17.3;375;0;0;0.9
19957500;20;13;0;0;20.4;15.7;20.1;19.5;71.5;0;23.1;19.5;20.6;18.9;17.3;375;0;0;0.9
19958400;20;13;0;0;20.1;15;20;19.5;71.9;0;23.3;19.4;20.6;19;17.1;380.5555556;0;0;2.2
19959300;20;13;0;0;19.8;15;20;19.5;71.9;0;23.7;19.3;20.6;19;17.1;380.5555556;0;0;2.2
19960200;19;14;0;0;19.4;15.3;20.1;19.5;71.2;0;22.9;19.3;20.7;19;17.1;380.5555556;0;0;2.2
19961100;19;14;0;0;19.4;15.7;20;19.5;71.9;0;22;19.2;20.7;18.9;17.1;380.5555556;0;0;2.2
19962000;19;15;0;0;19.4;16;19.9;17;72.4;0;21.6;19.1;20.6;18.9;16.6;380.5555556;0;0;2.4
19962900;19;16;0;0;19.2;16.8;19.8;17;73;0;21.6;19;20.6;18.8;16.6;380.5555556;0;0;2.4
19963800;19;17;0;0;18.9;18.1;19.8;17;73;0;21.6;18.9;20.4;18.7;16.6;380.5555556;0;0;2.4
19964700;19;17;0;0;18.9;18.5;19.7;17;72.9;0;21.6;18.8;20.3;18.7;16.6;380.5555556;0;0;2.4
19965600;19;17;0;0;18.9;18.5;19.8;16.7;72.9;0;21.6;18.7;20.3;18.6;16.7;380.5555556;0;0;2.9
19966500;19;17;0;0;18.9;18.5;19.7;16.7;73.1;0;21.6;18.6;20.2;18.5;16.7;380.5555556;0;0;2.9
19967400;19;17;0;0;18.9;18.5;19.7;16.8;73.2;0;21.6;18.6;20.2;18.4;16.7;380.5555556;0;0;2.9
19968300;18;17;0;0;18.9;18.5;19.7;16.9;72.6;0;21.6;18.5;20.1;18.4;16.7;380.5555556;0;0;2.9
19969200;18;18;0;0;18.9;18.5;19.5;16.7;73;0;21.5;18.5;20;18.3;16.3;380.5555556;0;0;2.9
19970100;18;18;0;0;18.9;18.5;19.6;16.7;72.9;0;21.5;18.4;19.9;18.3;16.3;380.5555556;0;0;2.9
19971000;18;18;0;0;18.9;18.5;19.6;16.6;72.3;0;21.4;18.4;19.8;18.3;16.3;380.5555556;0;0;2.9
19971900;18;19;0;0;18.4;19.6;19.7;16.4;72.1;0;21.4;18.4;19.8;18.3;16.3;380.5555556;0;0;2.9
19972800;18;19;0;0;18.4;20;19.6;16.3;72.5;0;21.3;18.4;19.8;18.2;16.7;380.5555556;13.88888889;13.88888889;3.1
19973700;18;18;0;0;18.4;19.5;19.6;16.3;72.6;0;21.3;18.3;19.8;18.2;16.7;380.5555556;13.88888889;13.88888889;3.1
19974600;18;18;0;0;18.4;19;19.6;16.4;72.6;0;21.5;18.3;19.7;18.2;16.7;380.5555556;13.88888889;13.88888889;3.1
19975500;18;18;0;0;18.4;18.9;19.7;16.6;73;0;21.5;18.3;19.7;18.1;16.7;380.5555556;13.88888889;13.88888889;3.1
19976400;18;16;0;0;18.4;17.7;19.8;16.5;73;7.5;21.3;18.3;19.7;18.1;17.2;380.5555556;72.22222222;72.22222222;2.7
19977300;17;14;0;0;18;15.7;19.9;16.5;73;8;21.2;18.4;19.6;18.2;17.2;380.5555556;72.22222222;72.22222222;2.7
19978200;17;13;0;0;17.9;15;20.2;16.4;73;8;21.2;18.6;19.6;18.4;17.2;380.5555556;72.22222222;72.22222222;2.7
19979100;17;13;0;0;17.9;14.5;20.6;16.3;72;8;21.1;18.9;19.7;18.7;17.2;380.5555556;72.22222222;72.22222222;2.7
19980000;17;15;0;0;17.9;15.5;21;16.8;71.1;72.5;21.1;19.4;19.8;19.1;18.2;358.3333333;183.3333333;272.2222222;3.2
19980900;17;15;0;0;17.9;17;21.5;16.8;68.9;72.5;21.1;19.9;20;19.5;18.2;358.3333333;183.3333333;272.2222222;3.2
19981800;17;16;0;0;17.9;17;21.9;17.2;66.1;76.4;21.2;20.5;20.3;20;18.2;358.3333333;183.3333333;272.2222222;3.2
19982700;18;16;0;0;17.9;17;22.2;17.4;63.9;79;21.3;21.2;20.9;20.5;18.2;358.3333333;183.3333333;272.2222222;3.2
19983600;18;16;0;0;18.2;17;22;18.1;64.6;185.2;22;22;22.1;21;19.1;338.8888889;177.7777778;369.4444444;2.8
19984500;17;16;0;0;18.4;17;21.9;18.2;65.5;192.8;23.6;23.3;23.6;21.4;19.1;338.8888889;177.7777778;369.4444444;2.8
19985400;17;16;0;0;18.4;17;22.5;18.1;64.3;192.8;25.8;24.8;25.2;21.7;19.1;338.8888889;177.7777778;369.4444444;2.8
19986300;18;16;0;0;18.5;17;22.5;18.1;63.8;192.8;27.4;26.2;26.4;22;19.1;338.8888889;177.7777778;369.4444444;2.8
19987200;17;17;0;0;18.6;18.4;22.6;19;63;292.2;28;27.1;27.5;24;21;369.4444444;244.4444444;422.2222222;2.5
19988100;17;15;0;0;19.2;17.4;23;19.2;60.9;317;29.3;27.7;28.1;24.5;21;369.4444444;244.4444444;422.2222222;2.5
19989000;17;14;0;0;19.2;16.2;23.1;19.3;61.2;317;29.4;27.9;28;24.3;21;369.4444444;244.4444444;422.2222222;2.5
19989900;18;16;0;0;19.5;17.2;24.3;19.4;58.4;317;30.5;28.8;29;24.7;21;369.4444444;244.4444444;422.2222222;2.5
19990800;18;16;0;0;19.7;18;23.8;20.3;58.7;425;30.9;29.3;29.3;24.7;21;369.4444444;291.6666667;425;2
19991700;18;14;0;0;19.7;16.7;23.2;20.4;60.1;441.6;30.2;28.9;28.8;24.6;21;369.4444444;291.6666667;425;2
19992600;18;14;0;0;19.7;15.8;23.4;20.4;58.9;444.3;29.9;28.9;28.8;24.7;21;369.4444444;291.6666667;425;2
19993500;19;14;0;0;20.2;15.6;23.8;20.3;57.1;448.3;30.8;29.7;29.6;24.7;21;369.4444444;291.6666667;425;2
19994400;16;16;1;0;17.3;17.2;24.4;21;54.7;533.2;31.7;30.8;30.6;26.9;21.7;352.7777778;211.1111111;738.8888889;1.7
19995300;17;14;0;0;18.9;15.6;24.1;21.2;55.8;554.4;30.4;29.6;29.1;25.7;21.7;352.7777778;211.1111111;738.8888889;1.7
19996200;17;13;0;0;19.3;14.9;23.5;21.8;56.2;545.5;30.3;29.6;29;25.9;21.7;352.7777778;211.1111111;738.8888889;1.7
19997100;18;13;0;0;19.7;14.7;23.9;22.1;55.2;541;31.7;30.7;30.1;26.1;21.7;352.7777778;211.1111111;738.8888889;1.7
19998000;16;15;0;1;17.8;16.1;24.6;22.6;53.2;596.9;34.2;32.9;31.9;27.8;22.2;358.3333333;238.8888889;572.2222222;1.4
19998900;16;16;0;0;18.2;17.1;24.6;22.6;51.8;600.9;32.4;31.7;30.6;27.4;22.2;358.3333333;238.8888889;572.2222222;1.4
19999800;17;15;0;0;19.1;17;25.5;22.1;48.4;600.9;34.7;33;32.1;27.9;22.2;358.3333333;238.8888889;572.2222222;1.4
20000700;17;13;0;0;19.5;15.5;25;21.7;48.6;600.9;36;34.1;32.7;28.1;22.2;358.3333333;238.8888889;572.2222222;1.4
20001600;17;13;0;0;19.5;14.7;24.7;22.3;49.4;596;36;34.5;32.7;28.3;23.1;358.3333333;194.4444444;758.3333333;1
20002500;17;14;1;0;18.2;15.7;25.4;22.3;47.6;595.7;37.5;35.9;34.1;30.1;23.1;358.3333333;194.4444444;758.3333333;1
20003400;16;14;0;0;17.8;15.3;26.3;22.3;46.2;595.7;36.3;35.1;33.6;29.9;23.1;358.3333333;194.4444444;758.3333333;1
20004300;17;13;0;0;18.8;15.1;26.1;22.3;45.7;595.7;38.3;36.1;34.5;30.1;23.1;358.3333333;194.4444444;758.3333333;1
20005200;16;13;0;0;18.8;14.7;25.5;22.7;47;598.9;38.9;36.9;34.7;30.5;22.7;363.8888889;208.3333333;438.8888889;0.7
20006100;15;13;0;0;18.8;14.7;25.1;22.7;48.3;598.9;38.5;37;34.4;30.7;22.7;363.8888889;208.3333333;438.8888889;0.7
20007000;15;15;1;0;17.7;16.1;25.8;22.7;46.2;598.9;38.2;37.1;34.7;31.8;22.7;363.8888889;208.3333333;438.8888889;0.7
20007900;16;15;0;0;18.1;16.4;26.3;22.6;44.6;598.9;36.2;35.6;33.5;30.7;22.7;363.8888889;208.3333333;438.8888889;0.7
20008800;16;14;0;0;18.8;16.1;26.6;22.7;43.6;527.4;37;35.7;34;31.2;23.4;355.5555556;150;383.3333333;0.8
20009700;17;14;0;0;18.9;15.9;26.6;22.7;42.8;501.4;38;36.5;34.8;31.5;23.4;355.5555556;150;383.3333333;0.8
20010600;17;14;0;0;19.3;15.4;26.5;22.9;43.7;501.4;38.7;37.3;35.2;31.6;23.4;355.5555556;150;383.3333333;0.8
20011500;17;13;0;0;19.3;15.4;26.5;23.3;43.3;501.4;38.8;37.7;35.5;31.8;23.4;355.5555556;150;383.3333333;0.8
20012400;17;14;0;0;19.6;15.4;26.6;23.3;43.5;444;38.7;37.8;35.7;31.9;23.2;369.4444444;175;319.4444444;0.8
20013300;17;14;0;0;19.8;15.4;26.6;23.3;42.7;429.6;38.4;37.7;35.6;32.1;23.2;369.4444444;175;319.4444444;0.8
20014200;16;14;0;0;19.8;15.4;26.9;23.1;43.7;429.6;38;37.5;35.4;32.1;23.2;369.4444444;175;319.4444444;0.8
20015100;15;15;0;0;19.8;16;26.9;22.9;42.6;429.6;37.5;37;35;32.2;23.2;369.4444444;175;319.4444444;0.8
20016000;15;17;0;0;19.8;17.8;26.7;22.7;42.3;338.8;36.9;36.3;34.5;32.2;23.3;363.8888889;108.3333333;161.1111111;0.9
20016900;15;17;0;0;20.1;17.9;26.7;22.7;43.3;332.3;36.3;35.9;34.3;32.2;23.3;363.8888889;108.3333333;161.1111111;0.9
20017800;15;16;0;0;20.3;17.9;26.3;23;43.4;332.3;35.5;35.5;33.8;32.2;23.3;363.8888889;108.3333333;161.1111111;0.9
20018700;15;17;0;0;20.3;17.9;26.4;23.2;42.7;332.3;34.7;34.9;33.4;32.2;23.3;363.8888889;108.3333333;161.1111111;0.9
20019600;15;17;0;0;20.3;17.9;27.2;22.7;40.1;194.4;33.9;34.4;33;32.1;22.3;350;30.55555556;38.88888889;1.2
20020500;16;17;0;0;20.3;17.9;26.5;22.7;42.4;194.4;33.2;34;32.6;32;22.3;350;30.55555556;38.88888889;1.2
20021400;16;17;0;0;20.4;18;25.8;22.8;45;194.4;32.6;33.5;32.1;32;22.3;350;30.55555556;38.88888889;1.2
20022300;16;16;0;0;20.6;18.2;24.9;22.8;47;194.4;31.5;32.7;31.3;31.6;22.3;350;30.55555556;38.88888889;1.2
20023200;16;14;0;0;20.9;16.6;23.9;22.1;50.3;76.1;30.5;31.7;30.4;31.2;20.6;341.6666667;0;0;0.6
20024100;16;16;0;0;20.9;17.4;23.2;22.1;53.5;67.6;29.5;30.8;29.7;30.9;20.6;341.6666667;0;0;0.6
20025000;17;16;0;0;20.9;17.6;22.6;22.3;56.4;67.9;28.7;30;29.1;30.6;20.6;341.6666667;0;0;0.6
20025900;17;14;0;0;20.9;16;21.8;22.6;59.4;68.3;28;29.2;28.6;30.3;20.6;341.6666667;0;0;0.6
20026800;17;13;0;0;21;15.4;21.2;21.8;61.8;24.2;27.5;28.6;28.1;30;19.6;338.8888889;0;0;0.6
20027700;17;13;0;0;21.4;15.4;20.7;21.5;63.4;8.2;27.1;28;27.7;29.7;19.6;338.8888889;0;0;0.6
20028600;17;13;0;0;21.4;15.4;20.4;21.4;64.3;8.2;26.7;27.5;27.4;29.4;19.6;338.8888889;0;0;0.6
20029500;17;14;0;0;21.4;15.4;20.3;21.3;65.4;8.2;26.3;27.1;27;29;19.6;338.8888889;0;0;0.6
20030400;17;14;0;0;21.9;15.8;20;20.6;67;2.2;25.9;26.6;26.7;28.7;19.2;344.4444444;0;0;1.2
20031300;18;15;0;0;21.9;16;19.8;20.3;68.5;0;25.5;26.1;26.4;28.5;19.2;344.4444444;0;0;1.2
20032200;18;16;0;0;21.9;16.9;19.5;20.1;69.5;0;25.1;25.6;26.1;28.2;19.2;344.4444444;0;0;1.2
20033100;18;18;0;0;21.9;18.4;19.3;19.7;70.2;0;24.7;25;25.7;28;19.2;344.4444444;0;0;1.2
20034000;18;18;0;0;22.3;18.9;19.3;19;71;0;24.3;24.7;25.4;27.5;17.3;336.1111111;0;0;0.8
20034900;18;17;0;0;22.4;18.9;19.3;18.8;71.2;0;24.1;24.5;25.2;27.3;17.3;336.1111111;0;0;0.8
20035800;18;17;0;0;22.5;18.9;19;18.8;71.8;0;23.8;24;25;27.1;17.3;336.1111111;0;0;0.8
20036700;18.5;17.5;0;0;22.7;18.9;18.8;19.2;72.55;0;23.55;23.4;24.9;26.9;17.3;336.1111111;0;0;0.8
20037600;19;18;0;0;22.9;18.9;18.6;19.6;73.3;0;23.3;22.8;24.8;26.7;16.3;358.3333333;0;0;1.1
20038500;19;18;0;0;22.9;19;18.5;19.9;73.7;0;23.1;21.4;25.1;26.6;16.3;358.3333333;0;0;1.1
20039400;19;18;0;0;23.2;19.4;18.4;19.9;74.3;0;23.6;19.4;25.9;26.5;16.3;358.3333333;0;0;1.1
20040300;19;18;0;0;23.4;19.6;18.4;19.9;74.6;0;22.4;17.6;24.3;26.3;16.3;358.3333333;0;0;1.1
20041200;20;20;0;0;23.4;21.5;18.6;19.6;74.3;0;18.6;17.3;22.4;26.3;16;366.6666667;0;0;1.2
20042100;20;21;0;0;21;21.9;18.9;19.5;73.4;0;17.7;17.3;20.5;25.9;16;366.6666667;0;0;1.2
20043000;19;20;0;0;18.6;21.6;19.2;19.5;72.7;0;17.6;17.3;22.4;25.3;16;366.6666667;0;0;1.2
20043900;19;18;0;0;18.1;19;19.3;19.5;72.5;0;17.8;17.4;23.6;25.2;16;366.6666667;0;0;1.2
20044800;17;15;0;0;16.9;16.7;19.3;19.5;72.9;0;18;17.5;21.1;25;15.8;336.1111111;0;0;2
20045700;16;13;0;0;16.9;15.1;19.3;19.5;73.3;0;18.2;17.5;20;25;15.8;336.1111111;0;0;2
20046600;16;13;0;0;16.9;14.5;19;19.5;73.8;0;18.2;17.5;19.8;24.8;15.8;336.1111111;0;0;2
20047500;16;13;0;0;16.9;14.4;18.8;19.5;74.8;0;18.1;17.4;19.5;24.5;15.8;336.1111111;0;0;2
20048400;16;13;0;0;16.9;14.5;18.5;15.1;75;0;18;17.4;19.3;24.2;15.4;347.2222222;0;0;2.4
20049300;16;14;0;0;16.9;15.9;18.3;15.1;75.7;0;17.8;17.2;19.2;23.7;15.4;347.2222222;0;0;2.4
20050200;16;17;0;0;16.9;17.9;18.2;15.3;76.6;0;17.6;17.1;19.1;22.9;15.4;347.2222222;0;0;2.4
20051100;16;16;0;0;16.9;17.9;18.3;15.5;76.9;0;17.5;17;19.1;21.9;15.4;347.2222222;0;0;2.4
20052000;16;16;0;0;16.9;18.1;18.5;15.2;76.4;0;17.4;16.9;19.1;19.1;14.8;336.1111111;0;0;2.1
20052900;16;17;0;0;16.9;18.9;18.4;15.2;76;0;17.3;17;19.8;16.5;14.8;336.1111111;0;0;2.1
20053800;16;17;0;0;16.9;18.9;17.9;15.3;76.7;0;17.1;17.8;21.9;16.1;14.8;336.1111111;0;0;2.1
20054700;16;17;0;0;16.9;18.9;17.5;15.4;78;0;16.8;21.6;22.9;16;14.8;336.1111111;0;0;2.1
20055600;16;17;0;0;16.9;18.8;17.3;15.2;78.9;0;16.5;22.1;22.5;16.1;14.7;325;0;0;1.8
20056500;16;17;0;0;16.9;18.4;17.1;15.2;79.7;0;16.2;21;21.9;16.2;14.7;325;0;0;1.8
20057400;16;17;0;0;16.4;18.4;16.9;15.2;80.2;0;16;19.6;20.4;16.2;14.7;325;0;0;1.8
20058300;16;19;0;0;16;19.1;16.8;15.2;80.7;0;15.8;19;19.6;16;14.7;325;0;0;1.8
20059200;16;19;0;0;15.9;19.4;16.6;15;81;0;15.5;18.9;19.3;15.6;14.2;330.5555556;44.44444444;50;1.9
20060100;16;17;0;0;15.9;18.6;16.6;14.9;81.2;0;15.4;18.9;19.3;15.4;14.2;330.5555556;44.44444444;50;1.9
20061000;16;17;0;0;15.9;18;16.7;14.8;81.2;0;15.3;18.8;19.3;15.2;14.2;330.5555556;44.44444444;50;1.9
20061900;15;17;0;0;15.7;17.9;16.9;14.5;81.2;0;15.4;18.6;19.1;15.1;14.2;330.5555556;44.44444444;50;1.9
20062800;15;16;0;0;15.4;17.6;17.3;14.8;80.6;12.2;15.8;18.5;18.9;15.5;15.1;336.1111111;111.1111111;136.1111111;1.7
20063700;15;16;0;0;15.4;17.4;17.8;14.8;80.1;12.2;16.5;18.4;18.9;16.1;15.1;336.1111111;111.1111111;136.1111111;1.7
20064600;15;16;0;0;15.4;17.4;18.3;14.9;77.2;12.2;17.3;18.4;19;16.8;15.1;336.1111111;111.1111111;136.1111111;1.7
20065500;15;16;0;0;15.4;17.4;18.7;14.9;75.5;12.2;17.9;18.5;19;17.4;15.1;336.1111111;111.1111111;136.1111111;1.7
20066400;15;18;0;0;15.1;17.9;19.1;15.6;73.9;91.2;18.4;18.6;19.1;17.9;16.8;336.1111111;152.7777778;280.5555556;1.8
20067300;14;18;0;0;14.9;19.1;19.3;15.6;73;96.8;18.7;18.8;19.2;18.3;16.8;336.1111111;152.7777778;280.5555556;1.8
20068200;14;16;0;0;14.9;17.8;19.6;15.3;71.7;96.7;19.3;19.1;19.4;18.7;16.8;336.1111111;152.7777778;280.5555556;1.8
20069100;14;15;0;0;14.9;16.8;20;15.1;70.4;96.6;20.5;19.4;20.2;19;16.8;336.1111111;152.7777778;280.5555556;1.8
20070000;14;13;0;0;15.4;15.1;20.1;16.5;69.6;201.7;21.5;20.1;21.1;19.3;19.5;336.1111111;130.5555556;491.6666667;2
20070900;15;13;0;0;15.7;14.4;20.3;16.7;68.7;217.9;22.7;20.9;22.2;19.4;19.5;336.1111111;130.5555556;491.6666667;2
20071800;15;13;0;0;15.9;14.4;20.8;16.7;68;217.9;24.4;22.1;23.6;19.6;19.5;336.1111111;130.5555556;491.6666667;2
20072700;15;14;1;0;15.8;14.8;21.2;16.7;65.9;217.9;26.5;24.1;25.8;20.5;19.5;336.1111111;130.5555556;491.6666667;2
20073600;14;15;0;0;15.8;16;21.4;18.2;65.6;339.9;25.8;25;26.4;22.4;21.7;344.4444444;147.2222222;619.4444444;2.1
20074500;15;14;0;0;16.7;15.7;22.1;18.6;63.7;370.4;27.3;25.4;27.1;21.8;21.7;344.4444444;147.2222222;619.4444444;2.1
20075400;16;14;0;0;16.8;15.2;22.9;18.6;61.5;370.4;29.9;27.5;28.6;22.1;21.7;344.4444444;147.2222222;619.4444444;2.1
20076300;16;15;0;0;17.1;16;23.5;18.6;59.8;370.4;32.2;29.7;30.1;22.8;21.7;344.4444444;147.2222222;619.4444444;2.1
20077200;16;16;0;0;17.3;17.2;23.9;20;59;474.6;34.2;31.6;31.8;23.3;23.4;352.7777778;172.2222222;705.5555556;3.3
20078100;16;14;0;0;17.3;16.5;24.2;20.5;57.8;512.5;35.9;33.4;33.3;23.8;23.4;352.7777778;172.2222222;705.5555556;3.3
20079000;16;13;0;0;17.8;15.4;24.8;21;56.4;516.5;37.4;35.2;34.6;24.3;23.4;352.7777778;172.2222222;705.5555556;3.3
20079900;17;13;0;0;17.8;15.2;25.4;21.3;55.8;518.5;39;36.9;35.8;25;23.4;352.7777778;172.2222222;705.5555556;3.3
20080800;15;14;1;1;16.3;15.9;25.9;23;54.4;667.6;38.7;37.6;36.8;28.7;25;358.3333333;177.7777778;761.1111111;2.9
20081700;15;14;0;0;16.8;15.2;26.1;23;54;667.6;37.5;35.9;35.7;27.9;25;358.3333333;177.7777778;761.1111111;2.9
20082600;16;13;0;0;17.4;15.2;26.7;23.2;53.1;666.9;40.2;38.3;37;29;25;358.3333333;177.7777778;761.1111111;2.9
20083500;16;13;0;0;17.5;14.7;27.4;23.4;51;666.2;42.3;40.4;38.4;29.6;25;358.3333333;177.7777778;761.1111111;2.9
20084400;15;14;1;1;16;15.5;27.6;24.5;50.1;715.2;41.4;40.6;39;33.2;25.5;375;255.5555556;650;2.2
20085300;15;16;0;0;16.9;16.7;27.9;24.7;49.9;722.7;41.4;39.4;38.2;32.3;25.5;375;255.5555556;650;2.2
20086200;15;14;0;0;17.3;16.5;28.3;24.8;48.3;722.7;43.9;41.6;39.5;33.2;25.5;375;255.5555556;650;2.2
20087100;15;13;0;0;17.3;15.2;28.9;24.8;45.6;722.7;45.3;43.2;40.8;33.7;25.5;375;255.5555556;650;2.2
20088000;16;13;1;0;17.7;14.9;29.3;25.7;43.8;730.5;46.2;44.3;41.8;34.3;26.6;386.1111111;277.7777778;611.1111111;1.4
20088900;14;14;0;0;16.1;15.6;29.6;25.8;43.3;731.7;42.8;42.1;39.9;35.4;26.6;386.1111111;277.7777778;611.1111111;1.4
20089800;15;13;0;0;17.2;15.1;29.8;26;41.5;731.7;44.1;42.2;40.2;35.1;26.6;386.1111111;277.7777778;611.1111111;1.4
20090700;16;13;0;0;17.5;14.6;29.8;26.1;41.7;731.7;45.2;43.2;40.8;35.6;26.6;386.1111111;277.7777778;611.1111111;1.4
20091600;16;12;0;0;17.7;14.5;30.6;26.6;39.8;713.9;46;44.1;41.4;36;27.2;394.4444444;280.5555556;616.6666667;0.9
20092500;16;12;0;0;18;14.1;30.7;26.7;39.9;711.2;46.5;44.6;41.9;36.3;27.2;394.4444444;280.5555556;616.6666667;0.9
20093400;15;16;0;1;16.6;16.5;30.2;26.4;39.9;711.2;43.2;42.7;40;36.6;27.2;394.4444444;280.5555556;616.6666667;0.9
20094300;16;16;0;0;17.6;16.6;30.3;26.2;39.4;711.2;42.9;41.7;39.5;36.2;27.2;394.4444444;280.5555556;616.6666667;0.9
20095200;16;14;0;0;17.8;16.2;30.4;26.5;39.7;612.5;43.5;42.1;39.8;36.6;27.7;380.5555556;186.1111111;433.3333333;1.2
20096100;16;14;0;0;18.1;15.5;30.4;26.5;39.5;597.3;44;42.5;40.1;36.8;27.7;380.5555556;186.1111111;433.3333333;1.2
20097000;16;13;0;0;18.1;15.1;30.8;26.8;39;597.3;43.9;42.6;40.2;37.1;27.7;380.5555556;186.1111111;433.3333333;1.2
20097900;16;13;0;0;18.6;15.1;30.4;27;41.1;597.3;43.9;42.6;40.4;37.2;27.7;380.5555556;186.1111111;433.3333333;1.2
20098800;16;13;0;0;18.6;15.1;30.5;26.8;39.9;472.2;43.8;42.6;40.4;37.3;27.2;375;133.3333333;297.2222222;1.7
20099700;16;14;0;0;18.6;15.1;30.3;26.8;40.8;452.9;43.4;42.3;40.2;37.3;27.2;375;133.3333333;297.2222222;1.7
20100600;16;14;0;0;19.1;15.5;30.1;27;42.5;452.9;42.9;41.9;39.9;37.4;27.2;375;133.3333333;297.2222222;1.7
20101500;15;15;0;0;19.1;15.9;30;27.1;42.3;452.9;42.2;41.4;39.4;37.3;27.2;375;133.3333333;297.2222222;1.7
20102400;15;17;0;0;19.1;17.9;29.8;26.7;43;344.2;41.1;40.3;38.6;37.1;26.1;372.2222222;94.44444444;136.1111111;1.3
20103300;15;17;0;0;19.1;18.1;29.4;26.6;43.7;327.5;40;39.6;38;37.2;26.1;372.2222222;94.44444444;136.1111111;1.3
20104200;15;17;0;0;19.1;18.1;29.3;27;44.8;327.5;39;39.1;37.3;37.4;26.1;372.2222222;94.44444444;136.1111111;1.3
20105100;15;17;0;0;19.1;18.1;28.8;27.3;46.5;327.5;38;38.4;36.6;37.4;26.1;372.2222222;94.44444444;136.1111111;1.3
20106000;15;17;0;0;19.1;18.1;28.7;26.6;46;192;36.9;37.6;35.7;37.4;24.7;369.4444444;27.77777778;30.55555556;5.5
20106900;15;17;0;0;19;18.2;28;26.5;46.9;171.2;35.7;36.7;34.9;37.2;24.7;369.4444444;27.77777778;30.55555556;5.5
20107800;16;15;0;0;19.7;17.7;27.4;26.6;48.4;171.2;34.5;35.7;34;36.7;24.7;369.4444444;27.77777778;30.55555556;5.5
20108700;16;14;0;0;19.7;16.1;26.8;26.6;50;171.2;33.6;34.7;33.3;36.3;24.7;369.4444444;27.77777778;30.55555556;5.5
20109600;16;13;0;0;19.7;15.4;26.1;25.7;52.8;68.7;32.8;33.9;32.6;35.9;23.2;369.4444444;0;0;3
20110500;16;16;0;0;19.7;16.9;25.5;25.6;55.4;52.9;31.9;33.1;32;35.5;23.2;369.4444444;0;0;3
20111400;16;16;0;0;20;17.4;24.8;25.4;57.5;53.7;31.2;32.5;31.5;35.1;23.2;369.4444444;0;0;3
20112300;17;13;0;0;20.2;16;24.4;25.2;58;54.7;30.5;31.9;31.1;34.8;23.2;369.4444444;0;0;3
20113200;17;14;0;0;20.2;15.6;24.1;24;59.9;14.4;30;31.3;30.7;34.3;22.5;372.2222222;0;0;4.4
20114100;17;14;0;0;20.7;15.6;23.6;23.7;61.9;4.3;29.6;30.7;30.3;33.9;22.5;372.2222222;0;0;4.4
20115000;17;14;0;0;20.7;16;23.4;23.5;63;4.3;29.1;30.2;29.9;33.5;22.5;372.2222222;0;0;4.4
20115900;17;15;0;0;20.7;16.2;23.2;23.3;64;4.3;28.7;29.7;29.5;33.1;22.5;372.2222222;0;0;4.4
20116800;17;15;0;0;21.2;16.6;23;22.7;65.7;0.9;28.2;29.3;29.2;32.7;22.1;366.6666667;0;0;3.6
20117700;17;16;0;0;21.2;16.8;22.9;22.5;66.7;0;27.8;28.8;28.9;32.4;22.1;366.6666667;0;0;3.6
20118600;18;17;0;0;21.2;17.6;22.7;22.5;67.4;0;27.5;28.4;28.6;32;22.1;366.6666667;0;0;3.6
20119500;18;18;0;0;21.4;19.1;22.4;22.4;68.4;0;27;27.9;28.1;31.5;22.1;366.6666667;0;0;3.6
20120400;18;18;0;0;21.7;19.1;22.3;22.1;69.4;0;26.6;27.5;27.8;31.1;20.1;375;0;0;1.8
20121300;18;18;0;0;21.7;19.1;22.1;22;69.9;0;26.4;27.2;27.6;30.9;20.1;375;0;0;1.8
20122200;18;18;0;0;22.1;19.1;22.1;22;70.2;0;26.1;26.9;27.3;30.7;20.1;375;0;0;1.8
20123100;18.5;18;0;0;22.15;19.25;22.05;21.1;70.65;0;25.85;26.6;27.1;30.4;20.1;375;0;0;1.8
20124000;19;18;0;0;22.2;19.4;22;20.2;71.1;0;25.6;26.3;26.9;30.1;19.4;366.6666667;0;0;2.5
20124900;19;18;0;0;22.5;19.6;22;19.9;71.1;0;25.4;26.1;26.7;29.9;19.4;366.6666667;0;0;2.5
20125800;19;19;0;0;22.7;19.6;21.9;19.9;71;0;25.2;25.8;26.6;29.6;19.4;366.6666667;0;0;2.5
20126700;19;19;0;0;22.7;19.8;21.5;19.9;72.2;0;24.9;25.5;26.3;29.4;19.4;366.6666667;0;0;2.5
20127600;20;20;0;0;22.7;21.2;21.3;19.6;73.3;0;24.7;25.2;26;29.2;19.8;394.4444444;0;0;2
20128500;19;20;0;0;20.7;21.5;21.2;19.5;73.5;0;23.1;23.2;24.5;29;19.8;394.4444444;0;0;2
20129400;19;15;0;0;20.8;18.9;21.4;19.5;73.4;0;23;22.3;24.6;28.8;19.8;394.4444444;0;0;2
20130300;19;14;0;0;20.7;18.4;21.7;19.5;73;0;23.6;21.4;26;28.6;19.8;394.4444444;0;0;2
20131200;18;17;0;0;19.9;21.3;21.9;19.5;72.3;0;24.3;20.8;26.3;28.3;16.4;388.8888889;0;0;1.6
20132100;17;14;0;0;19.3;18;21.6;19.5;75;0;22.9;20.7;24.3;28.2;16.4;388.8888889;0;0;1.6
20133000;18;13;0;0;19.6;14.9;18.9;19.5;86.3;0;22.6;20;23.3;28.1;16.4;388.8888889;0;0;1.6
20133900;18;13;0;0;19.9;14.9;17.8;19.5;90.9;0;23.2;19.1;21.8;27.8;16.4;388.8888889;0;0;1.6
20134800;18;14;0;0;20.3;15.5;17.5;18.5;92.3;0;21.1;18.6;21.4;27.5;15.7;372.2222222;0;0;2
20135700;18;16;0;0;20.3;17.3;17.8;18.1;92.5;0;19.5;18.3;21;27.2;15.7;372.2222222;0;0;2
20136600;18;18;0;0;20.6;19.8;17.7;18.6;92.8;0;18.5;18.2;20.5;27.1;15.7;372.2222222;0;0;2
20137500;18;19;0;0;19.7;20.3;17.8;19.2;93.2;0;18.2;18.3;20.5;26.8;15.7;372.2222222;0;0;2
20138400;18;18;0;0;18.8;20.2;18;18.7;92.7;0;18.2;18.3;22.5;26.3;16.4;377.7777778;0;0;2.8
20139300;18;18;0;0;18.3;19.3;18.2;18.6;92.2;0;18.2;18.1;23.7;26;16.4;377.7777778;0;0;2.8
20140200;18;18;0;0;18;19;18.3;17.5;92.2;0;18.2;18.1;21.7;25.7;16.4;377.7777778;0;0;2.8
20141100;17;18;0;0;17.8;18.7;18.4;15.8;91.9;0;18.2;18.1;20.6;25.6;16.4;377.7777778;0;0;2.8
20142000;17;17;0;0;17.8;18.7;18.3;15.9;91.7;0;18.2;18;20.3;25.5;16.7;369.4444444;0;0;3.1
20142900;16;17;17;33;16.9;18.2;18.4;15.9;91.7;0;18.2;18;19.5;22.2;16.7;369.4444444;0;0;3.1
20143800;15;15;3;3;15.8;16.7;18.5;15.7;91.7;0;17.9;17.6;18;18.6;16.7;369.4444444;0;0;3.1
20144700;15;18;0;0;16.2;17.9;18.6;15.5;91.7;0;17.9;17.7;18.1;18.8;16.7;369.4444444;0;0;3.1
20145600;15;17;23;30;15.9;17.4;18.4;15.4;91.7;0;17.9;17.7;18.1;18.2;17;369.4444444;30.55555556;30.55555556;3.7
20146500;15;15;0;0;15.5;16.2;18.4;15.3;91.7;0;17.7;17.5;17.8;17.4;17;369.4444444;30.55555556;30.55555556;3.7
20147400;15;15;0;0;15.7;16.2;18.3;15.5;91.7;0;17.8;17.6;18;17.6;17;369.4444444;30.55555556;30.55555556;3.7
20148300;15;15;0;0;16.1;16.2;18.5;15.9;91.7;0;17.8;17.7;18;17.8;17;369.4444444;30.55555556;30.55555556;3.7
20149200;15;16;0;0;16.5;16.2;18.9;16.1;92;3.6;18;18;18.3;18;17;388.8888889;55.55555556;55.55555556;2.6
20150100;15;16;21;33;15.9;16.6;19.2;16.1;91.6;3.6;18.2;18.2;18.4;17.9;17;388.8888889;55.55555556;55.55555556;2.6
20151000;15;15;6;10;15.5;16.2;19.3;16.4;91.7;3.6;18.3;18.1;18.4;17.7;17;388.8888889;55.55555556;55.55555556;2.6
20151900;14;15;15;43;15.2;16.2;19.6;16.6;91.7;3.6;18;17.8;18.1;17.5;17;388.8888889;55.55555556;55.55555556;2.6
20152800;15;16;4;7;16;16.7;20.2;17.1;91.6;52.8;18.2;18.2;18.5;17.6;18.2;386.1111111;105.5555556;108.3333333;2.8
20153700;15;16;18;37;15.6;16.9;20.2;17.1;91.2;56.3;18.7;18.6;18.9;18.1;18.2;386.1111111;105.5555556;108.3333333;2.8
20154600;15;17;4;8;15.7;17.3;20.4;17.3;91.4;56.9;19.2;19.1;19.3;18.1;18.2;386.1111111;105.5555556;108.3333333;2.8
20155500;15;16;23;63;15.9;17.4;20.4;17.4;90.9;57.5;19.3;19.2;19.5;18.6;18.2;386.1111111;105.5555556;108.3333333;2.8
20156400;15;16;0;0;16.1;17.2;20.6;17.7;91.1;107;19.4;19.3;19.6;18.4;19.3;394.4444444;183.3333333;186.1111111;1.2
20157300;15;17;43;93;15.8;17.8;21.2;17.8;91.3;114.6;19.7;19.6;19.8;18.9;19.3;394.4444444;183.3333333;186.1111111;1.2
20158200;15;17;37;68;16;17.7;21.4;17.6;90.5;114.6;19.6;19.5;19.8;18.8;19.3;394.4444444;183.3333333;186.1111111;1.2
20159100;14;17;40;110;15.7;17.7;21.4;17.3;89.9;114.6;19.8;19.7;20;19.1;19.3;394.4444444;183.3333333;186.1111111;1.2
20160000;15;17;43;85;16.2;17.7;21.9;17.9;89.8;194.9;20;19.9;20.2;19.1;20.5;394.4444444;247.2222222;261.1111111;2
20160900;15;17;43;92;16.2;18;22.6;18;89.9;215;20.3;20.2;20.4;19.4;20.5;394.4444444;247.2222222;261.1111111;2
20161800;15;18;43;114;16.4;18.6;23;18.3;89.2;215;21;21;21.2;20.1;20.5;394.4444444;247.2222222;261.1111111;2
20162700;16;18;43;118;16.7;19.2;23.1;18.8;88.4;215;21.2;21.2;21.3;20.3;20.5;394.4444444;247.2222222;261.1111111;2
20163600;16;18;43;106;16.7;19;23.1;19.1;88.8;234.9;20.8;20.8;20.9;19.9;19.2;397.2222222;150;150;3
20164500;15;17;35;102;15.9;18.3;23.2;19.2;88.6;242.2;20.3;20.2;20.3;19.4;19.2;397.2222222;150;150;3
20165400;15;17;38;85;16.2;18.2;24.2;19.5;76.4;254.2;20.1;20;20.2;19.2;19.2;397.2222222;150;150;3
20166300;15;17;43;77;16.1;18.2;24;20;68;278.2;19.9;19.9;20.1;19;19.2;397.2222222;150;150;3
20167200;15;17;43;80;16.1;18.2;23.6;20.5;68.4;276.3;20;19.9;20.2;19.2;18.5;400;58.33333333;61.11111111;1.3
20168100;15;17;43;76;16.1;18.1;23;20.5;69.9;276.3;19.8;19.8;20;19;18.5;400;58.33333333;61.11111111;1.3
20169000;15;16;31;42;16.1;17.5;21.9;21;79.2;278.4;19.3;19.2;19.5;18.5;18.5;400;58.33333333;61.11111111;1.3
20169900;15;16;14;44;15.7;17.3;21.4;21.4;86.1;280.3;19.7;19.7;19.9;18.8;18.5;400;58.33333333;61.11111111;1.3
20170800;14;16;33;95;15.5;17.4;21.5;21.7;85.5;327.1;19.1;19.1;19.3;18.6;16.4;388.8888889;138.8888889;138.8888889;2.1
20171700;15;16;35;50;16;17.2;20.2;21.7;83.9;334.3;19;19.1;19.3;18.2;16.4;388.8888889;138.8888889;138.8888889;2.1
20172600;15;16;5;3;15.9;16.7;19.2;20.6;87.3;334.3;18.5;18.6;18.8;17.8;16.4;388.8888889;138.8888889;138.8888889;2.1
20173500;15;16;19;33;15.7;16.9;19.2;19.6;90;334.3;19;19;19.2;18.1;16.4;388.8888889;138.8888889;138.8888889;2.1
20174400;15;16;5;7;15.9;17.2;19.4;19.9;90;354.3;18.9;19;19.2;18.2;16.7;391.6666667;169.4444444;172.2222222;2.4
20175300;15;16;19;36;15.9;17.2;19.1;19.9;90.6;357.4;19.2;19.2;19.5;18.4;16.7;391.6666667;169.4444444;172.2222222;2.4
20176200;15;16;16;26;15.5;17.2;18.6;19.3;92.3;357.4;18.7;18.7;18.9;18.1;16.7;391.6666667;169.4444444;172.2222222;2.4
20177100;13;15;29;92;14.3;16.5;19.3;18.7;93.7;357.4;18.1;18;18.3;17.6;16.7;391.6666667;169.4444444;172.2222222;2.4
20178000;15;15;0;0;15.6;16.2;19.4;18.6;92.8;297.6;18.2;18.7;18.9;17.5;16.9;391.6666667;105.5555556;105.5555556;2
20178900;15;16;26;54;15.9;17.3;19.7;18.6;92.2;275.9;19.4;19.5;19.7;18.6;16.9;391.6666667;105.5555556;105.5555556;2
20179800;15;17;0;0;16.3;17.8;19.2;17.2;91.3;275.9;19.4;19.4;19.6;18.4;16.9;391.6666667;105.5555556;105.5555556;2
20180700;15;17;23;49;16.1;17.7;19.2;16.2;91.2;275.9;19.1;19.1;19.3;18.4;16.9;391.6666667;105.5555556;105.5555556;2
20181600;15;16;0;0;16.3;17.2;19.1;16;92.2;280.6;18.9;18.8;19.1;18.2;17.4;391.6666667;113.8888889;116.6666667;2.8
20182500;15;16;23;48;16.1;17.2;19.8;16;92.8;280.9;19.2;19.1;19.4;18.4;17.4;391.6666667;113.8888889;116.6666667;2.8
20183400;15;16;0;0;16;17.2;19.9;16.1;92;280.9;19.3;19.3;19.5;18.5;17.4;391.6666667;113.8888889;116.6666667;2.8
20184300;13;16;39;121;14.5;17.2;19.9;16.2;92.5;280.9;18.9;18.9;19.2;18.4;17.4;391.6666667;113.8888889;116.6666667;2.8
20185200;15;15;6;16;15.6;16.3;20;16.1;92.3;259.1;18.1;18.2;18.5;17.5;16;394.4444444;36.11111111;36.11111111;2.2
20186100;15;15;2;1;15.9;16.2;20;16.1;92.3;251.2;18.4;18.9;19;17.6;16;394.4444444;36.11111111;36.11111111;2.2
20187000;15;16;20;39;15.7;16.9;19.8;16.3;91.9;251.2;18.6;18.7;18.8;17.8;16;394.4444444;36.11111111;36.11111111;2.2
20187900;15;16;0;0;16;16.8;18.9;16.4;92.2;251.2;18.6;18.6;18.9;17.7;16;394.4444444;36.11111111;36.11111111;2.2
20188800;15;18;0;0;16.4;18.1;17.9;16.5;92.8;185.9;18.7;18.6;18.9;17.9;15.7;361.1111111;72.22222222;97.22222222;2.9
20189700;15;17;0;0;16.4;18.4;17.8;16.5;93.6;175.8;18.6;18.6;18.9;18.1;15.7;361.1111111;72.22222222;97.22222222;2.9
20190600;15;16;22;27;15.9;17.1;17.6;16.8;93.9;175.8;18.3;18.2;18.5;17.7;15.7;361.1111111;72.22222222;97.22222222;2.9
20191500;15;15;0;0;15.9;16.2;17.8;17.2;93.9;175.8;18;17.9;18.1;17.4;15.7;361.1111111;72.22222222;97.22222222;2.9
20192400;15;15;0;0;15.9;16.2;18.2;17;93.5;126;18.2;18.1;18.5;17.6;16.5;322.2222222;25;44.44444444;2.7
20193300;15;16;0;0;16.4;16.3;18.1;17;92.6;113.6;18.6;18.6;18.9;17.8;16.5;322.2222222;25;44.44444444;2.7
20194200;14;16;24;70;15.1;16.9;17.7;16.4;92.4;113.6;18.8;18.8;19.1;18.2;16.5;322.2222222;25;44.44444444;2.7
20195100;13;14;35;70;13.9;15.5;17.4;15.6;92.4;113.6;16.9;16.8;17.1;16.4;16.5;322.2222222;25;44.44444444;2.7
20196000;14;14;12;0;15.1;14.7;17.2;15.2;92.4;40.5;16.8;16.7;17.1;15.8;15.4;313.8888889;0;0;2.4
20196900;14;16;0;0;15.1;16;17;15.2;92.4;40.5;17;16.8;17.3;16;15.4;313.8888889;0;0;2.4
20197800;14;16;0;0;15.1;17.2;16.8;15.1;92.4;39.8;17;16.9;17.4;16.1;15.4;313.8888889;0;0;2.4
20198700;14;16;0;0;15.5;16.9;16.4;14.9;92.4;38.3;17;17.1;17.6;16.2;15.4;313.8888889;0;0;2.4
20199600;14;15;0;0;15.6;16.7;16.3;15;92.4;5.4;16.6;17.2;17.8;16.2;15.4;316.6666667;0;0;1.6
20200500;15;16;0;0;15.6;16.7;16.2;15;92.4;3.1;16.4;17.5;17.9;16.1;15.4;316.6666667;0;0;1.6
20201400;16;16;0;0;17;16.7;16.2;15.4;92.4;3.1;16.4;17.8;17.7;15.8;15.4;316.6666667;0;0;1.6
20202300;16;14;0;0;17.1;16.5;16.1;16.3;92.4;3.1;16.3;18.6;18.2;15.6;15.4;316.6666667;0;0;1.6
20203200;16;14;0;0;17;15.9;16;15.7;92.4;0;16.2;18.9;18.2;15.4;14.8;336.1111111;0;0;0.9
20204100;15;14;0;0;16.6;15.7;16;15.7;92.4;0;16.1;18.9;18.9;15.3;14.8;336.1111111;0;0;0.9
20205000;15;15;0;0;16.4;16.1;15.9;15.1;92.4;0;16;18.8;19.3;15.2;14.8;336.1111111;0;0;0.9
20205900;15;17;0;0;15.8;17.4;16;14.7;92.4;0;15.9;18.6;19.1;15.1;14.8;336.1111111;0;0;0.9
20206800;15;16;0;0;15.6;17.5;16.3;14.3;92.4;0;15.9;18.4;18.9;15.1;15.4;358.3333333;0;0;1
20207700;15;15;0;0;15.9;16.6;16.3;14.3;92.4;0;16.1;18.3;18.8;15.4;15.4;358.3333333;0;0;1
20208600;15;14;0;0;15.8;15.9;16.3;14.6;92.4;0;16.1;18.2;18.8;15.6;15.4;358.3333333;0;0;1
20209500;14.5;13.5;0;0;15.7;15.55;16.55;16.9;92.2;0;16.3;18.1;18.7;15.75;15.4;358.3333333;0;0;1
20210400;14;13;0;0;15.6;15.2;16.8;19.2;92;0;16.5;18;18.6;15.9;15.5;366.6666667;0;0;1.1
20211300;14;14;0;0;15.6;15.2;16.9;19.9;91.6;0;16.6;17.9;18.5;16;15.5;366.6666667;0;0;1.1
20212200;14;14;0;0;15.6;15.2;16.9;19.9;91.8;0;16.6;18;18.5;16;15.5;366.6666667;0;0;1.1
20213100;15;14;0;0;15.6;15.2;16.9;19.9;91.7;0;16.7;18;18.5;16;15.5;366.6666667;0;0;1.1
20214000;15;16;0;0;15.6;16.7;17;19.6;91.9;0;16.8;18.1;18.5;16.2;15.2;366.6666667;0;0;1
20214900;15;17;0;0;15.6;17.2;17.1;19.5;91.7;0;16.9;18.2;18.6;16.3;15.2;366.6666667;0;0;1
20215800;14;16;11;25;15.1;16.8;17.2;19.5;91.6;0;17.1;18.1;18.4;16.5;15.2;366.6666667;0;0;1
20216700;12;14;15;42;12.8;14.9;17.2;19.5;91.4;0;16.5;16.2;16.6;16.4;15.2;366.6666667;0;0;1
20217600;12;14;0;0;12.9;15.2;17.3;19.5;91.7;0;16.5;16.1;16.5;16.4;14.7;366.6666667;0;0;1.2
20218500;12;14;0;0;13.4;15.2;17.3;19.5;91.4;0;16.7;16.3;16.5;16.6;14.7;366.6666667;0;0;1.2
20219400;12;14;0;0;13.4;15.2;17.3;19.5;91.4;0;16.9;16.5;16.6;16.9;14.7;366.6666667;0;0;1.2
20220300;12;14;0;0;13.9;15.2;17.3;19.5;91.4;0;17.1;16.5;16.6;17.1;14.7;366.6666667;0;0;1.2
20221200;13;14;0;0;14.4;15.2;17.4;16;91.4;0;17.3;16.5;16.7;17.4;15.1;372.2222222;0;0;2
20222100;13;16;0;0;14.9;15.7;17.4;15.1;91.4;0;17.5;16.5;16.8;17.8;15.1;372.2222222;0;0;2
20223000;13;16;0;0;15.3;17.1;17.4;15;91.1;0;17.6;16.5;17;18.3;15.1;372.2222222;0;0;2
20223900;13;15;0;0;15.4;16.8;17.3;14.9;90.9;0;17.8;16.6;17.4;18.6;15.1;372.2222222;0;0;2
20224800;13;14;25;65;13.6;15.2;17.3;14.8;90.9;0;16.6;16.3;16.6;16.5;15;377.7777778;0;0;1.7
20225700;14;13;0;0;14.9;14.7;17.5;14.8;91.4;0;16.2;15.9;16.2;15.9;15;377.7777778;0;0;1.7
20226600;14;14;0;0;14.9;14.7;17.8;14.7;91.2;0;16.3;16.2;16.4;16.1;15;377.7777778;0;0;1.7
20227500;14;14;0;0;14.9;14.7;17.8;14.6;90.8;0;16.6;16.5;16.6;16.3;15;377.7777778;0;0;1.7
20228400;14;14;0;0;14.9;14.7;17.8;14.6;90.9;0;16.8;16.5;16.8;16.6;15.2;377.7777778;0;0;3.4
20229300;14;14;0;0;14.9;15.1;17.4;14.6;90.5;0;17.1;16.5;16.9;16.8;15.2;377.7777778;0;0;3.4
20230200;14;14;0;0;14.9;15.2;17.3;14.8;90.9;0;17.2;16.5;17;17.1;15.2;377.7777778;0;0;3.4
20231100;14;16;0;0;15.2;16.5;17.6;15.1;91.4;0;17.4;16.5;17.2;17.6;15.2;377.7777778;0;0;3.4
20232000;14;16;0;0;15.5;17;17.8;14.9;90.5;0;17.4;16.5;17.2;18.1;15;377.7777778;5.555555556;8.333333333;4.3
20232900;15;15;0;0;15.9;15.7;18;14.8;86.2;0;17.6;16.5;17.4;18.5;15;377.7777778;5.555555556;8.333333333;4.3
20233800;15;14;0;0;16.1;15.7;18.2;14.8;81.6;0;17.8;16.6;17.6;18.8;15;377.7777778;5.555555556;8.333333333;4.3
20234700;15;14;0;0;16.4;15.5;18.2;14.8;79.9;0;18;16.6;17.8;18.7;15;377.7777778;5.555555556;8.333333333;4.3
20235600;15;14;0;0;16.4;15.2;18;14.8;80.1;2.5;18;16.5;17.9;18.7;15.1;369.4444444;63.88888889;66.66666667;3.4
20236500;16;14;0;0;16.4;15.2;17.9;14.8;81.8;2.5;18.3;16.4;18;18.7;15.1;369.4444444;63.88888889;66.66666667;3.4
20237400;16;14;0;0;16.4;15.2;18;15;81.3;2.5;18.4;16.5;18.1;18.8;15.1;369.4444444;63.88888889;66.66666667;3.4
20238300;13;14;21;56;13.7;14.9;18.1;15.2;81.2;2.5;16.5;16.5;16.6;16.2;15.1;369.4444444;63.88888889;66.66666667;3.4
20239200;14;15;0;0;14.5;15.1;18.5;15.4;80.8;33.1;16.5;16.3;16.6;16.2;15.7;377.7777778;127.7777778;130.5555556;3.5
20240100;14;16;0;0;14.5;16.3;19;15.4;79.1;40.7;16.9;17;17.2;16.4;15.7;377.7777778;127.7777778;130.5555556;3.5
20241000;14;16;0;0;14.5;16.7;19.5;15.4;77.5;40.2;17.1;17.8;17.6;16.6;15.7;377.7777778;127.7777778;130.5555556;3.5
20241900;14;16;0;0;14.5;16.7;19.7;15.4;77.4;39.7;17.4;18.4;17.7;16.8;15.7;377.7777778;127.7777778;130.5555556;3.5
20242800;14;15;0;0;14.8;16.2;19.9;15.8;76.1;98.7;17.7;18.8;17.9;17;16.4;383.3333333;183.3333333;186.1111111;3.4
20243700;13;15;30;89;14.1;16.4;19.7;15.9;74.6;120.2;18.3;18.5;18.4;17.7;16.4;383.3333333;183.3333333;186.1111111;3.4
20244600;13;14;13;33;14.4;15.7;20.1;15.8;74.1;120.2;17.3;17.4;17.6;16.7;16.4;383.3333333;183.3333333;186.1111111;3.4
20245500;14;15;0;0;15.1;15.7;20.8;15.7;71;120.2;17.7;18.4;18.5;16.8;16.4;383.3333333;183.3333333;186.1111111;3.4
20246400;14;15;1;1;15.1;15.7;21.1;16.3;70.5;183.7;18;19.9;19.1;17;17.5;383.3333333;247.2222222;250;3.6
20247300;15;17;29;63;15.9;17.6;21.5;16.5;67.5;206.8;19.9;19.8;20;18.8;17.5;383.3333333;247.2222222;250;3.6
20248200;15;17;0;0;16.3;17.7;21.5;16.5;66.8;206.8;20.1;20;20.3;18.7;17.5;383.3333333;247.2222222;250;3.6
20249100;15;17;37;87;16.3;18.1;21.8;16.5;65.9;206.8;20.2;20.1;20.4;19.4;17.5;383.3333333;247.2222222;250;3.6
20250000;16;17;33;55;16.7;18;22.4;17.2;65;273.3;20.4;20.4;20.6;19.7;17.7;380.5555556;316.6666667;325;1.7
20250900;17;18;33;57;17.3;18.7;22.5;17.4;64.4;289.9;21;21;21.2;20.2;17.7;380.5555556;316.6666667;325;1.7
20251800;16;18;33;56;17.3;18.7;22.2;17.4;64.2;282.8;20.9;20.8;21.1;20.1;17.7;380.5555556;316.6666667;325;1.7
20252700;17;18;33;57;17.7;19.1;21.9;17.3;66.2;272.2;21.1;21.1;21.3;20.3;17.7;380.5555556;316.6666667;325;1.7
20253600;16;18;33;56;17.8;19.1;22.1;17.9;66.3;376.6;20.8;20.8;21;20;18.1;383.3333333;375;383.3333333;1.6
20254500;16;18;33;57;17.8;18.9;23.1;18.1;63.4;402.7;21.2;21.2;21.5;20.4;18.1;383.3333333;375;383.3333333;1.6
20255400;17;19;33;60;18.4;19.8;23.7;18.2;59.8;418.5;22.3;22.2;22.5;21.3;18.1;383.3333333;375;383.3333333;1.6
20256300;18;20;33;62;19;20.5;23.7;18.4;59.1;442.2;23;22.9;23.1;21.9;18.1;383.3333333;375;383.3333333;1.6
20257200;18;20;33;65;19.3;21.2;23.3;18.9;60;459.1;23.1;23.2;23.3;22.2;19;355.5555556;336.1111111;630.5555556;2.2
20258100;18;20;33;63;19.3;21.2;23;19;60.3;463.3;23;23;23.3;22.1;19;355.5555556;336.1111111;630.5555556;2.2
20259000;19;21;33;68;20.2;21.8;23.2;18.7;59.8;463.3;24.4;24.5;24.7;23.7;19;355.5555556;336.1111111;630.5555556;2.2
20259900;21;23;33;71;22.2;24;23.2;18.3;59.1;463.3;26.1;26.4;26.5;25.5;19;355.5555556;336.1111111;630.5555556;2.2
20260800;22;24;29;71;23;25;23;18.7;59;479.3;27.2;27.4;27.6;26.5;19.6;361.1111111;261.1111111;738.8888889;2.7
20261700;22;24;25;70;22.9;25.3;22.3;18.8;62;485.1;27.7;27.7;27.9;26.4;19.6;361.1111111;261.1111111;738.8888889;2.7
20262600;22;26;17;70;23.3;26.7;22.9;18.7;59;485.1;29.8;29.8;29.9;28.9;19.6;361.1111111;261.1111111;738.8888889;2.7
20263500;18;27;30;305;19.9;27.6;23.3;18.6;56.9;485.1;29.4;29.4;29.3;29.5;19.6;361.1111111;261.1111111;738.8888889;2.7
20264400;20;27;29;269;20.6;27.5;24.1;18.8;55.1;450.1;29.7;29.9;29.5;29.3;19.5;350;183.3333333;580.5555556;1.9
20265300;18;23;43;222;19.5;24.1;24;18.9;54.4;441.4;25.4;25.7;25.4;24.2;19.5;350;183.3333333;580.5555556;1.9
20266200;17;22;43;209;18.8;22.7;23.7;19;55.8;441.4;24.8;24.8;24.7;23.8;19.5;350;183.3333333;580.5555556;1.9
20267100;17;21;43;187;18.5;22.2;23.6;19.2;56.8;441.4;24.2;24.2;24.1;23.3;19.5;350;183.3333333;580.5555556;1.9
20268000;17;21;43;174;18.3;21.9;23.6;19.4;55.6;374.1;23.6;23.7;23.7;22.6;20.8;361.1111111;180.5555556;411.1111111;1.3
20268900;17;21;43;193;18.3;21.9;23.8;19.5;55.7;357.3;24.4;24.4;24.5;23.3;20.8;361.1111111;180.5555556;411.1111111;1.3
20269800;18;22;43;214;18.3;22.7;23.9;19.6;55;357.3;25;25.2;25.2;23.8;20.8;361.1111111;180.5555556;411.1111111;1.3
20270700;18;22;43;218;18.6;23;24.4;19.8;55.1;357.3;25.3;25.4;25.4;24.1;20.8;361.1111111;180.5555556;411.1111111;1.3
20271600;18;22;43;223;18.8;23.2;25.6;19.6;52.3;298.9;25.5;25.6;25.5;24.3;20.4;388.8888889;105.5555556;163.8888889;1.3
20272500;18;22;43;204;18.8;23;26;19.6;49.8;284.3;24.9;25.1;25;23.7;20.4;388.8888889;105.5555556;163.8888889;1.3
20273400;17;21;33;135;18.5;21.9;24.5;19.5;52.5;284.3;23.7;23.8;23.9;22.7;20.4;388.8888889;105.5555556;163.8888889;1.3
20274300;17;21;41;163;18.3;21.4;24.3;19.3;53.2;284.3;23;23.1;23.2;22.1;20.4;388.8888889;105.5555556;163.8888889;1.3
20275200;17;18;35;62;17.7;19.2;21.5;19.2;74.5;216.9;20.7;20.7;20.9;19.8;18;375;66.66666667;69.44444444;1.5
20276100;16;18;0;0;17.7;18.5;19.2;19.2;91.5;200.1;20;20;20.3;19.4;18;375;66.66666667;69.44444444;1.5
20277000;16;17;23;42;16.9;18.2;19.1;19.9;92.3;200.1;19.7;19.7;20;19.1;18;375;66.66666667;69.44444444;1.5
20277900;16;17;0;0;16.8;17.7;19.3;20.6;92.6;200.1;19.5;19.5;19.7;18.8;18;375;66.66666667;69.44444444;1.5
20278800;16;17;21;38;16.6;17.7;19.6;19.9;92.1;143.6;19.6;19.5;19.8;19;16.8;388.8888889;11.11111111;11.11111111;1.6
20279700;16;17;0;0;16.6;17.7;19.5;19.6;91.8;123;19.5;19.4;19.7;18.8;16.8;388.8888889;11.11111111;11.11111111;1.6
20280600;15;17;18;45;16.5;17.7;19.5;19.6;91.8;123;19.5;19.4;19.7;18.8;16.8;388.8888889;11.11111111;11.11111111;1.6
20281500;15;16;26;20;16.4;16.9;18.9;19.6;91.5;123;18.6;18.6;18.9;18;16.8;388.8888889;11.11111111;11.11111111;1.6
20282400;15;16;0;0;16.4;16.7;18.3;18.7;92.6;58.6;18.7;18.6;18.9;17.9;16.3;391.6666667;0;0;1.9
20283300;16;18;0;0;16.4;18;18.2;18.4;92.8;35.2;18.7;18.7;18.9;18;16.3;391.6666667;0;0;1.9
20284200;16;18;0;0;16.8;19.2;18.2;17.8;92.6;34;18.7;18.6;18.9;18.1;16.3;391.6666667;0;0;1.9
20285100;16;17;0;0;16.9;19;18.3;17;92.4;32.1;18.7;18.7;19;18.3;16.3;391.6666667;0;0;1.9
20286000;15;16;23;58;15.4;17.7;18.3;16.4;92.1;2.5;18.4;18.4;18.7;18;16.2;377.7777778;0;0;1.4
20286900;14;15;5;16;15.5;15.7;18.3;16.4;92.1;2.5;17.3;17.2;17.5;17;16.2;377.7777778;0;0;1.4
20287800;15;15;0;0;15.9;15.7;17.9;16.3;92.5;2.5;17.5;17.7;17.9;17.2;16.2;377.7777778;0;0;1.4
20288700;15;15;0;0;15.9;15.7;17.5;16.2;92.7;2.5;17.7;18.1;18;17.3;16.2;377.7777778;0;0;1.4
20289600;15;15;0;0;15.9;16.2;17;15.5;92.6;0.2;17.8;18;18;17.5;15.5;366.6666667;0;0;1.4
20290500;15;15;0;0;15.9;16.2;17.1;15.4;92.5;0;17.9;17.9;18.1;17.7;15.5;366.6666667;0;0;1.4
20291400;15;16;0;0;15.9;16.6;17.5;15.5;92.6;0;18;17.8;18.2;17.9;15.5;366.6666667;0;0;1.4
20292300;15;18;0;0;16.1;18.2;17.6;15.5;92.4;0;18.2;17.7;18.2;18.1;15.5;366.6666667;0;0;1.4
20293200;15;17;0;0;16.5;18.1;17.7;15;92.1;0;18.2;17.6;18.3;18.5;15.3;341.6666667;0;0;1.5
20294100;15;16;0;0;16.9;17.7;17.7;14.9;92;0;18.4;17.5;18.4;19.1;15.3;341.6666667;0;0;1.5
20295000;14;15;20;58;15.1;16.8;17.5;15.3;92.1;0;17.7;17.3;17.9;18.1;15.3;341.6666667;0;0;1.5
20295900;13.5;15;10;29;14.5;16.25;17.3;17.15;92.1;0;17.2;16.85;17.3;17.3;15.3;341.6666667;0;0;1.5
20296800;13;15;0;0;13.9;15.7;17.1;19;92.1;0;16.7;16.4;16.7;16.5;14.4;325;0;0;1.4
20297700;13;15;0;0;14.1;15.7;16.8;19.9;92.1;0;16.8;16.4;16.6;16.8;14.4;325;0;0;1.4
20298600;13;15;0;0;14.1;15.7;16.5;19.9;92.1;0;17;16.2;16.9;17;14.4;325;0;0;1.4
20299500;13;15;0;0;14.6;15.7;16.3;19.9;92.1;0;17.2;15.9;17.3;17.2;14.4;325;0;0;1.4
20300400;13;17;0;0;14.8;16.8;16.4;19.6;92.1;0;17.4;15.8;17.3;17.6;14.6;369.4444444;0;0;1.5
20301300;14;17;0;0;15.3;17.2;16.5;19.5;92.1;0;17.5;15.8;17.2;18.3;14.6;369.4444444;0;0;1.5
20302200;14;15;0;0;15.6;16.4;16.8;19.5;92.1;0;17.8;15.7;17.1;19;14.6;369.4444444;0;0;1.5
20303100;14;15;0;0;15.6;16.2;16.8;19.5;92.1;0;18;15.8;17.4;19.2;14.6;369.4444444;0;0;1.5
20304000;14;15;0;0;16.1;16.1;16.9;14.3;92.1;0;18.2;15.8;17.5;19.1;14.4;352.7777778;0;0;1.6
20304900;14;15;0;0;16.1;15.5;16.9;14.3;92.1;0;18.3;15.8;17.2;18.9;14.4;352.7777778;0;0;1.6
20305800;15;15;0;0;15.9;16.2;16.9;14.3;91.6;0;18.5;15.9;18.2;18.8;14.4;352.7777778;0;0;1.6
20306700;15;14;0;0;15.6;15.5;16.6;14.3;91.3;0;18.5;15.8;18.1;18.6;14.4;352.7777778;0;0;1.6
20307600;15;14;0;0;15.7;15.2;16.4;13.4;91.6;0;18.7;15.7;17.7;18.4;13.8;327.7777778;0;0;2
20308500;15;15;0;0;16.1;15.4;16.3;13.3;91.6;0;18.8;15.6;17.1;18.3;13.8;327.7777778;0;0;2
20309400;15;16;0;0;16.1;16.2;16.2;13.6;91.4;0;18.6;15.5;16.5;18.2;13.8;327.7777778;0;0;2
20310300;15;15;0;0;16.1;16.2;16.2;14;91.4;0;18.2;15.4;16;18.3;13.8;327.7777778;0;0;2
20311200;15;15;0;0;16.5;16.2;15.9;13.4;91.5;0;18;15.3;15.9;18.4;12.8;300;0;0;1.7
20312100;15;15;0;0;16.6;16.2;15.5;13.3;91.2;0;17.5;15.1;15.6;18.2;12.8;300;0;0;1.7
20313000;16;15;0;0;16.6;16.2;15.2;13.5;91.4;0;17.4;14.7;15.3;18;12.8;300;0;0;1.7
20313900;16;14;0;0;16.7;15.6;15.1;13.9;91.6;0;17.4;14.4;14.8;17.9;12.8;300;0;0;1.7
20314800;16;13;0;0;16.6;14.2;14.8;13.6;91.6;0;17.6;14;14.4;17.9;12.2;294.4444444;0;0;2.3
20315700;16;13;0;0;16.1;14.2;14.4;13.5;91.6;0;17.3;13.7;14.1;18;12.2;294.4444444;0;0;2.3
20316600;15;13;0;0;16.1;14.2;14.2;13.5;91.6;0;16.7;13.3;13.9;17.7;12.2;294.4444444;0;0;2.3
20317500;15;15;0;0;15.6;15.4;14.1;13.4;91.6;0;16.2;13;13.6;17.2;12.2;294.4444444;0;0;2.3
20318400;15;15;0;0;15.6;15.6;13.9;13.2;91.6;0;15.9;12.8;13.3;16.8;11.9;302.7777778;25;25;2.1
20319300;15;13;0;0;15.2;14.8;13.8;13.1;91.6;0;15.6;12.5;13.2;16.5;11.9;302.7777778;25;25;2.1
20320200;15;13;0;0;15.1;14.2;13.7;12.8;91.6;0;15.5;12.3;13;16.3;11.9;302.7777778;25;25;2.1
20321100;15;13;0;0;14.7;14.2;13.7;12.6;91.6;0;15.4;12.2;13;16.3;11.9;302.7777778;25;25;2.1
20322000;14;12;0;0;14.6;13.7;13.9;12.3;91.6;6.6;15.1;12.3;13.1;16.1;12.6;358.3333333;91.66666667;94.44444444;2.6
20322900;16;11;0;0;15.9;12.2;14.4;12.3;91.7;6.6;14.9;12.5;13.4;15.9;12.6;358.3333333;91.66666667;94.44444444;2.6
20323800;15;11;0;0;15;12;15;12.1;92.1;6.6;14.8;12.9;13.7;15.7;12.6;358.3333333;91.66666667;94.44444444;2.6
20324700;15;11;0;0;14.4;12.3;15.7;12;91.9;6.6;14.8;13.5;14.3;15.6;12.6;358.3333333;91.66666667;94.44444444;2.6
20325600;14;13;0;0;14.1;13.3;16;12.4;91.6;88.5;15;14.2;15;15.6;13.2;366.6666667;116.6666667;119.4444444;2.5
20326500;14;14;0;0;14.1;14.7;16.5;12.4;91.3;94.4;15.2;14.7;15.7;15.7;13.2;366.6666667;116.6666667;119.4444444;2.5
20327400;14;14;0;0;14.1;14.7;16.6;12.4;90.6;92.5;15.5;15.2;16.1;15.7;13.2;366.6666667;116.6666667;119.4444444;2.5
20328300;14;13;0;0;15.4;13.7;16.8;12.3;90.5;90.4;16.1;15.7;16.6;15.8;13.2;366.6666667;116.6666667;119.4444444;2.5
20329200;13;12;0;0;14.5;13.2;16.9;13;89.3;189.2;16.6;16.3;16.9;15.9;13.3;369.4444444;191.6666667;191.6666667;3
20330100;13;13;0;0;14.8;13.6;17;13.2;80.1;213.9;16.6;16.8;17.1;16;13.3;369.4444444;191.6666667;191.6666667;3
20331000;14;13;0;0;15.1;13.7;17;13.3;73.9;213.9;16.8;17;17.2;16.1;13.3;369.4444444;191.6666667;191.6666667;3
20331900;14;13;0;0;15.2;14.1;17.1;13.5;74.3;213.9;17;17.3;17.5;16.3;13.3;369.4444444;191.6666667;191.6666667;3
20332800;14;14;0;0;15.4;14.5;18.1;14.3;70.6;316;17.9;18.1;18.1;16.4;14.3;372.2222222;269.4444444;283.3333333;2.9
20333700;14;14;0;0;15.6;14.9;18.3;14.5;68.5;341.5;18.1;18.7;18.4;16.6;14.3;372.2222222;269.4444444;283.3333333;2.9
20334600;15;16;21;40;16;16.5;18.9;14.4;66;341.5;19.7;19.9;20.1;18.7;14.3;372.2222222;269.4444444;283.3333333;2.9
20335500;16;18;33;54;17.1;18.2;19.3;14.2;64.7;341.5;20.3;20.5;20.8;19.5;14.3;372.2222222;269.4444444;283.3333333;2.9
20336400;16;17;33;52;17;18.2;18.9;15.3;65.7;400.8;19.9;20;20.3;19.1;15.1;377.7777778;244.4444444;244.4444444;3.1
20337300;15;17;33;52;16.6;17.8;19;15.6;66.4;415.6;19.6;19.7;19.9;18.8;15.1;377.7777778;244.4444444;244.4444444;3.1
20338200;15;17;33;52;16.5;17.7;19.1;15.1;65.3;417.7;19.4;19.5;19.6;18.6;15.1;377.7777778;244.4444444;244.4444444;3.1
20339100;15;16;33;51;16.1;17.2;18.7;14.6;66.4;420;19;19.1;19.2;18.3;15.1;377.7777778;244.4444444;244.4444444;3.1
20340000;15;16;33;57;15.7;17.2;19;15.6;65.7;453.2;19;19.2;19.3;18.3;15.3;380.5555556;247.2222222;250;3
20340900;15;16;33;57;15.6;17.2;19.5;15.9;64;461.5;19.1;19.3;19.5;18.4;15.3;380.5555556;247.2222222;250;3
20341800;15;16;33;54;15.8;17.2;19.5;15.7;63.6;461.3;19.3;19.5;19.6;18.6;15.3;380.5555556;247.2222222;250;3
20342700;15;16;33;54;16.1;17.2;19.2;15.4;65.7;460.9;19.2;19.3;19.5;18.5;15.3;380.5555556;247.2222222;250;3
20343600;15;17;33;55;16.1;17.4;20;16.1;63.5;465.9;19.6;19.7;19.8;18.8;15.7;380.5555556;261.1111111;261.1111111;2.7
20344500;15;17;33;54;16.1;17.7;19.8;16.4;63.3;467.7;19.5;19.6;19.8;18.7;15.7;380.5555556;261.1111111;261.1111111;2.7
20345400;15;17;33;54;16.1;17.7;19.9;16.4;63.4;467.7;19.5;19.6;19.8;18.8;15.7;380.5555556;261.1111111;261.1111111;2.7
20346300;15;16;33;53;16.1;17.5;19.5;16.4;64.6;467.7;19.2;19.3;19.5;18.5;15.7;380.5555556;261.1111111;261.1111111;2.7
20347200;15;16;33;57;15.9;17.2;19.5;16.8;65.5;420.8;19.2;19.3;19.4;18.5;16.3;383.3333333;219.4444444;222.2222222;1.3
20348100;16;18;33;67;17.1;18.7;20.5;17;62.6;403.8;21.4;21.6;21.6;20.6;16.3;383.3333333;219.4444444;222.2222222;1.3
20349000;18;20;33;62;18.6;20.2;20.5;16.4;62.9;403.8;22.2;22.4;22.5;21.2;16.3;383.3333333;219.4444444;222.2222222;1.3
20349900;17;18;33;56;18;19.4;19.5;15.7;65.5;403.8;20.9;21;21.2;20.1;16.3;383.3333333;219.4444444;222.2222222;1.3
20350800;16;17;28;56;16.6;18.2;19.3;16.3;66.8;416.3;19.8;19.9;20.1;19.2;17;366.6666667;255.5555556;311.1111111;1.1
20351700;16;17;0;0;16.8;17.7;20.1;16.5;65;420.8;19.9;20;20.1;18.9;17;366.6666667;255.5555556;311.1111111;1.1
20352600;16;18;29;81;16.6;18.5;20.6;16.4;63.3;420.8;20.6;20.9;20.9;19.8;17;366.6666667;255.5555556;311.1111111;1.1
20353500;16;18;0;0;17;18.4;20.5;16.2;63.7;420.8;20.2;20.4;20.6;19.3;17;366.6666667;255.5555556;311.1111111;1.1
20354400;16;19;26;95;17.1;19.4;21.1;16.6;62.6;362.8;21.6;21.8;21.7;20.6;17.5;375;202.7777778;230.5555556;1.5
20355300;17;20;43;137;17.5;20.4;21.9;16.8;60;341.7;22.4;22.8;22.8;21.6;17.5;375;202.7777778;230.5555556;1.5
20356200;17;20;43;126;18;20.5;21.8;16.7;59.3;341.7;22.2;22.5;22.5;21.3;17.5;375;202.7777778;230.5555556;1.5
20357100;16;18;43;86;17.7;19.4;21.1;16.5;61.2;341.7;21;21.1;21.3;20.2;17.5;375;202.7777778;230.5555556;1.5
20358000;16;18;43;77;17.5;18.7;21;16.6;62.2;305.1;20.7;20.8;20.9;20;18.3;333.3333333;127.7777778;261.1111111;1.5
20358900;16;18;43;80;17.5;18.7;21.4;16.7;61;291.8;20.7;20.8;21;19.9;18.3;333.3333333;127.7777778;261.1111111;1.5
20359800;16;18;43;74;17.5;18.7;21.1;16.8;61.4;291.8;20.5;20.6;20.8;19.8;18.3;333.3333333;127.7777778;261.1111111;1.5
20360700;15;17;33;85;16.5;18.4;20.6;17;62.5;291.8;20.4;20.3;20.5;19.6;18.3;333.3333333;127.7777778;261.1111111;1.5
20361600;16;17;40;83;16.7;18.2;20.7;16.9;62.1;272.3;20.3;20.4;20.5;19.6;18.3;322.2222222;69.44444444;161.1111111;1.8
20362500;16;18;43;71;16.9;18.2;20.7;16.8;61.9;265.2;20.6;20.7;20.8;19.7;18.3;322.2222222;69.44444444;161.1111111;1.8
20363400;16;18;43;70;16.9;18.2;20.7;16.9;62.2;265.2;20.5;20.6;20.7;19.7;18.3;322.2222222;69.44444444;161.1111111;1.8
20364300;16;17;43;63;16.9;18.2;20.9;17.1;63.1;265.2;20.3;20.3;20.5;19.5;18.3;322.2222222;69.44444444;161.1111111;1.8
20365200;16;17;23;30;16.9;18.2;20.9;16.7;63.7;192.7;20.1;20.1;20.3;19.3;17.5;325;22.22222222;33.33333333;1.5
20366100;16;17;0;0;16.9;18.2;20.6;16.6;64.6;166.3;20.2;20.5;20.7;19.4;17.5;325;22.22222222;33.33333333;1.5
20367000;15;17;36;90;16.2;18.2;20.1;17;65.3;166.3;20;19.9;20.2;19.3;17.5;325;22.22222222;33.33333333;1.5
20367900;14;16;36;58;15.6;16.8;19.9;17.7;66.1;166.3;18.4;18.2;18.5;17.7;17.5;325;22.22222222;33.33333333;1.5
20368800;15;15;3;0;16.3;16.2;19.6;17.4;67.3;80.4;18.4;18.3;18.6;17.4;16.7;363.8888889;0;0;1.6
20369700;15;17;0;0;16.3;17.3;19.3;17.3;67.2;49.1;18.5;18.4;18.7;17.5;16.7;363.8888889;0;0;1.6
20370600;15;18;0;0;16.3;18.4;19.4;17.6;66.5;48.4;18.6;18.5;18.8;17.6;16.7;363.8888889;0;0;1.6
20371500;16;17;0;0;16.7;18.4;19.4;18;66.5;47.4;18.7;18.7;19.1;17.8;16.7;363.8888889;0;0;1.6
20372400;16;17;0;0;16.8;18.2;19.3;17.4;66.2;16.2;18.8;18.7;19.2;17.9;15.8;325;0;0;1.4
20373300;16;17;0;0;16.8;18.2;19.1;17.2;66.8;4.8;18.8;18.8;19.2;18.1;15.8;325;0;0;1.4
20374200;14;16;26;77;14.7;17.1;18.8;17;67.3;4.8;18.3;18.1;18.4;17.9;15.8;325;0;0;1.4
20375100;13;15;0;0;14.2;16.2;18.4;16.8;68.9;4.8;17.6;17.3;17.6;17.3;15.8;325;0;0;1.4
20376000;13;15;0;0;14.6;16.2;18.3;16.1;69.7;1.3;17.7;17.4;17.6;17.5;14.8;336.1111111;0;0;1.5
20376900;14;15;0;0;14.6;16.2;18.3;15.9;69.7;0;17.8;17.6;17.6;17.7;14.8;336.1111111;0;0;1.5
20377800;14;16;0;0;15.1;16.5;18.4;15.9;70;0;18;17.5;17.9;17.9;14.8;336.1111111;0;0;1.5
20378700;14;17;0;0;15.1;17.7;18.6;15.9;69.4;0;18.2;17.5;18.1;18.1;14.8;336.1111111;0;0;1.5
20379600;14;16;0;0;15.4;17.6;18.5;15.4;69.3;0;18.3;17.5;18.2;18.3;14.2;313.8888889;0;0;1
20380500;14;16;0;0;15.8;17.2;18.4;15.2;69.5;0;18.5;17.4;18.5;18.6;14.2;313.8888889;0;0;1
20381400;14;16;0;0;16.1;17.2;18.3;15.1;70.6;0;18.6;17.3;18.6;19;14.2;313.8888889;0;0;1
20382300;14.5;16;0;0;16.35;17.2;17.85;15.15;71.85;0;18.75;17.05;18.7;19.25;14.2;313.8888889;0;0;1
20383200;15;16;0;0;16.6;17.2;17.4;15.2;73.1;0;18.9;16.8;18.8;19.5;13.5;305.5555556;0;0;1.1
20384100;15;16;0;0;16.6;17.2;16.7;15.3;74.9;0;19;16.4;18.8;19.6;13.5;305.5555556;0;0;1.1
20385000;16;16;0;0;16.6;16.9;16.4;15.3;76.1;0;19.1;15.9;18.9;19.6;13.5;305.5555556;0;0;1.1
20385900;15;15;0;0;16.6;16.5;16;15.3;77.5;0;19.2;15.4;18.9;19.5;13.5;305.5555556;0;0;1.1
20386800;16;16;0;0;16.6;16.4;15.8;14.9;78.3;0;19.3;15;17.9;19.3;12.9;302.7777778;0;0;0.8
20387700;16;16;0;0;16.6;16.7;15.8;14.8;78.6;0;19.4;14.7;16;19;12.9;302.7777778;0;0;0.8
20388600;16;15;0;0;16.6;16.3;15.5;14.8;79.5;0;18.6;14.5;14.9;18.8;12.9;302.7777778;0;0;0.8
20389500;16;15;0;0;16.6;16.2;15.5;14.8;79.5;0;17.5;14.2;14.6;18.7;12.9;302.7777778;0;0;0.8
20390400;16;15;0;0;16.4;16.1;15.3;14.4;79.9;0;17.1;14.1;14.3;18.1;12.5;300;0;0;1
20391300;16;15;0;0;16.1;15.7;15.2;14.3;79.8;0;17.3;13.9;14.1;17.7;12.5;300;0;0;1
20392200;15;14;0;0;15.6;15.6;15.1;14.3;80.2;0;17;13.8;14;17.8;12.5;300;0;0;1
20393100;15;14;0;0;15.6;15.2;14.8;14.3;80.5;0;16.3;13.5;13.9;17.6;12.5;300;0;0;1
20394000;15;14;0;0;15.6;14.9;14.8;12.5;81.3;0;15.9;13.3;13.8;17;12.3;297.2222222;0;0;1.7
20394900;15;14;0;0;15.4;14.8;14.8;12.4;80.6;0;15.7;13.1;13.7;16.7;12.3;297.2222222;0;0;1.7
20395800;17;14;0;0;16.5;14;14.5;12.3;81.1;0;15.7;12.8;13.4;16.5;12.3;297.2222222;0;0;1.7
20396700;16;13;0;0;15.8;14.6;14.2;12.3;81.6;0;15.5;12.6;13.2;16.4;12.3;297.2222222;0;0;1.7
20397600;16;13;0;0;15.2;14;14.1;12;82.4;0;15.4;12.5;13.1;16.3;11.5;297.2222222;0;0;1.8
20398500;15;13;0;0;15.1;13.9;13.9;12;82.5;0;15.2;12.5;13;16.2;11.5;297.2222222;0;0;1.8
20399400;15;12;0;0;14.7;13.9;13.8;12.1;82.5;0;14.9;12.4;12.9;16;11.5;297.2222222;0;0;1.8
20400300;15;12;0;0;14.6;13.9;13.7;12.1;82.8;0;14.8;12.3;12.8;15.8;11.5;297.2222222;0;0;1.8
20401200;14;12;0;0;14.4;13.7;13.5;11.8;83.3;0;14.6;12;12.6;15.6;11.1;294.4444444;0;0;2.9
20402100;14;12;0;0;14.1;13.4;13.3;11.8;83.5;0;14.5;11.8;12.3;15.5;11.1;294.4444444;0;0;2.9
20403000;14;12;0;0;14.1;13.4;13.3;11.9;83.9;0;14.4;11.7;12.2;15.4;11.1;294.4444444;0;0;2.9
20403900;14;14;0;0;14.1;14.5;13.4;12;84;0;14.3;11.7;12.2;15.3;11.1;294.4444444;0;0;2.9
20404800;14;13;0;0;14.7;14.1;13.3;11.7;84;0;14.3;11.6;12.1;15.2;10.8;291.6666667;22.22222222;25;2.7
20405700;16;10;0;0;16.1;11.2;13.1;11.7;84;0;14.3;11.4;12;15.2;10.8;291.6666667;22.22222222;25;2.7
20406600;15;11;0;0;14.4;11.6;13.1;11.4;84.4;0;14.2;11.4;11.9;15.1;10.8;291.6666667;22.22222222;25;2.7
20407500;15;11;0;0;13.9;11.9;13.2;11.2;84.5;0;14.3;11.5;12.1;15.2;10.8;291.6666667;22.22222222;25;2.7
20408400;14;11;0;0;13.9;12.2;13.4;11.3;84.2;4.7;14.1;11.7;12.3;15.1;11.6;291.6666667;61.11111111;161.1111111;2.9
20409300;14;11;0;0;13.9;12.2;13.6;11.3;84;5.9;13.8;11.9;12.8;14.8;11.6;291.6666667;61.11111111;161.1111111;2.9
20410200;13;11;0;0;13.4;12.2;14;11.2;83.3;5.9;13.7;12.1;13.4;14.6;11.6;291.6666667;61.11111111;161.1111111;2.9
20411100;13;11;0;0;13.4;12.2;14.4;11.1;81.8;5.9;13.9;12.3;14.4;14.5;11.6;291.6666667;61.11111111;161.1111111;2.9
20412000;13;12;0;0;13.4;12.9;14.7;11.6;80.4;84.6;14.2;12.8;15.5;14.7;13.5;297.2222222;80.55555556;336.1111111;2.7
20412900;13;13;0;0;13.4;14.2;15.2;11.7;79.1;104.3;14.8;13.3;16.4;14.8;13.5;297.2222222;80.55555556;336.1111111;2.7
20413800;15;12;0;0;16;12.8;15.3;11.6;77.4;102.4;15.9;14.4;17.9;15;13.5;297.2222222;80.55555556;336.1111111;2.7
20414700;15;13;0;0;15.5;13.6;15.6;11.4;76.3;100.2;17;15.7;18.5;15.1;13.5;297.2222222;80.55555556;336.1111111;2.7
20415600;13;12;6;7;14.3;13.2;15.9;12.4;75.3;208.4;19.8;18.3;20.7;16.5;15.1;302.7777778;97.22222222;500;2
20416500;15;17;33;60;16.5;17.9;16.3;12.6;73.4;235.5;20;19.9;20.5;19.2;15.1;302.7777778;97.22222222;500;2
20417400;16;18;33;60;17;18.4;16.8;12.6;72.1;235.5;20.7;20.8;21.1;19.8;15.1;302.7777778;97.22222222;500;2
20418300;17;19;33;62;17.9;19.4;17.3;12.7;70.7;235.5;21.7;21.9;22.1;20.7;15.1;302.7777778;97.22222222;500;2
20419200;18;20;33;63;18.8;20.4;17.7;13.7;70;365.1;22.7;23.1;23.1;21.7;17.1;308.3333333;111.1111111;641.6666667;1.8
20420100;18;21;36;100;19.3;21.3;18;14.1;68.9;412.2;23.6;23.9;24;22.6;17.1;308.3333333;111.1111111;641.6666667;1.8
20421000;18;21;39;138;19.1;21.7;18.6;14.3;66.8;412.2;24;24.3;24.4;23;17.1;308.3333333;111.1111111;641.6666667;1.8
20421900;18;22;39;147;19.3;22.4;19.1;14.7;64.9;412.2;24.7;24.9;25;23.5;17.1;308.3333333;111.1111111;641.6666667;1.8
20422800;19;22;39;148;19.6;23;19.4;15.9;63.5;490.3;24.9;25.3;25.2;23.8;18;327.7777778;197.2222222;641.6666667;1.4
20423700;19;22;39;144;19.8;23;19.6;16.4;62.8;518.7;25.2;25.4;25.4;24.1;18;327.7777778;197.2222222;641.6666667;1.4
20424600;19;22;34;119;20.4;23;19.9;16.5;61.3;521.4;25.3;25.6;25.6;24.3;18;327.7777778;197.2222222;641.6666667;1.4
20425500;17;22;43;256;18.3;23.5;20.4;16.7;59.2;525.5;25.3;25.6;25.5;24.5;18;327.7777778;197.2222222;641.6666667;1.4
20426400;18;21;43;175;19;22.4;20.5;17.8;55.2;610.8;24.1;24.4;24.3;23.2;18.1;333.3333333;216.6666667;672.2222222;1
20427300;18;22;31;132;19.3;22.7;21;18;51.5;623.9;25.1;25.5;25.4;24.4;18.1;333.3333333;216.6666667;672.2222222;1
20428200;20;24;38;171;21;24.6;21.7;18.2;47.4;629.3;26.7;27.5;27.2;26;18.1;333.3333333;216.6666667;672.2222222;1
20429100;19;24;43;286;19.3;25;22;18.4;47.2;637.3;26.4;27.2;26.8;26;18.1;333.3333333;216.6666667;672.2222222;1
20430000;18;23;43;216;19.8;24;21.7;19.4;49.7;709.8;25.6;26.1;25.8;24.9;20.1;330.5555556;211.1111111;786.1111111;2.1
20430900;18;22;35;165;19.5;23.2;21.7;19.4;49.9;709.8;25.2;25.6;25.3;24.6;20.1;330.5555556;211.1111111;786.1111111;2.1
20431800;20;23;37;128;20.4;23.6;21.4;19.1;49.2;709.8;25.7;26.2;26;25.2;20.1;330.5555556;211.1111111;786.1111111;2.1
20432700;18;23;43;259;19;24.2;21.5;19;47.9;709.8;25.8;26.2;26;25.3;20.1;330.5555556;211.1111111;786.1111111;2.1
20433600;18;22;43;194;19.5;23.2;21.9;19.7;47.3;652.5;25;25.4;25.3;24.1;19.6;325;177.7777778;725;2.7
20434500;18;22;30;125;19.7;23.5;21.9;19.7;45.9;648.4;25.3;26;25.8;24.7;19.6;325;177.7777778;725;2.7
20435400;19;23;40;159;20.2;23.6;22.1;19.2;46.3;648.4;25.8;26.1;26.1;25;19.6;325;177.7777778;725;2.7
20436300;18;23;43;242;19;23.9;22.1;18.8;45.9;648.4;25.5;26.1;26;25;19.6;325;177.7777778;725;2.7
20437200;19;23;43;225;19.4;24;22.7;19.2;45.2;635.1;26;26.5;26.3;25.1;20.6;322.2222222;116.6666667;622.2222222;2.4
20438100;19;23;27;134;19.9;24.2;22.7;19.4;44.4;630.3;26.8;27;26.8;25.7;20.6;322.2222222;116.6666667;622.2222222;2.4
20439000;22;25;18;70;23.1;26.3;22.6;20;44.6;630.3;28.8;29.4;29;27.6;20.6;322.2222222;116.6666667;622.2222222;2.4
20439900;22;27;12;64;23.1;27.8;22.8;20.7;44;630.3;30.6;31.2;31;29.3;20.6;322.2222222;116.6666667;622.2222222;2.4
20440800;19;26;42;332;20;27.4;22.8;20.9;44.2;569.7;28.6;29.3;29;27.7;20.7;322.2222222;91.66666667;502.7777778;2.4
20441700;19;24;43;234;20.4;25.1;22.8;20.9;43.7;554.6;26.7;27.2;26.9;25.5;20.7;322.2222222;91.66666667;502.7777778;2.4
20442600;20;23;27;124;20.5;24.4;23;20.4;42.8;554.6;26.7;27;26.8;25.4;20.7;322.2222222;91.66666667;502.7777778;2.4
20443500;22;25;22;69;22.8;25.5;23;19.9;43;554.6;27.8;28.2;27.9;26.4;20.7;322.2222222;91.66666667;502.7777778;2.4
20444400;19;25;37;231;20.4;25.6;23.5;20.1;41.7;443.4;27.3;27.7;27.4;26.3;20.7;322.2222222;86.11111111;327.7777778;1.3
20445300;19;23;43;182;20;23.7;24.8;20.1;39.4;443.4;25.3;25.5;25.5;24.2;20.7;322.2222222;86.11111111;327.7777778;1.3
20446200;18;22;43;158;19.5;22.7;23.9;20.3;41.1;443.4;24.4;24.5;24.6;23.4;20.7;322.2222222;86.11111111;327.7777778;1.3
20447100;18;21;43;137;19.4;22;23.1;20.7;43;443.4;23.7;23.8;23.9;22.7;20.7;322.2222222;86.11111111;327.7777778;1.3
20448000;18;20;43;120;19;21.4;23;20.4;42.8;321.1;23.1;23.2;23.3;22.2;20.3;322.2222222;61.11111111;169.4444444;1.9
20448900;18;20;43;104;18.9;20.9;22.8;20.4;43.9;312.4;22.6;22.7;22.8;21.7;20.3;322.2222222;61.11111111;169.4444444;1.9
20449800;17;19;43;89;18.8;20.5;22.9;20.4;43.6;312.4;22.2;22.2;22.4;21.3;20.3;322.2222222;61.11111111;169.4444444;1.9
20450700;17;19;43;79;18.4;20.1;22.7;20.5;43.4;312.4;21.8;21.9;22;21;20.3;322.2222222;61.11111111;169.4444444;1.9
20451600;17;19;43;65;18.4;19.6;22.2;19.9;44.6;174.7;21.4;21.4;21.5;20.5;19.5;319.4444444;19.44444444;33.33333333;1.6
20452500;17;18;12;19;18.4;19.5;21.8;19.9;48.1;164.9;21.1;21.2;21.4;20.3;19.5;319.4444444;19.44444444;33.33333333;1.6
20453400;16;18;21;69;17.4;19.4;21.3;20;51.6;164.9;21.2;21.2;21.5;20.5;19.5;319.4444444;19.44444444;33.33333333;1.6
20454300;16;17;8;25;17.3;18.1;20.5;20.2;55.7;164.9;19.7;19.5;19.8;19.2;19.5;319.4444444;19.44444444;33.33333333;1.6
20455200;17;17;0;0;17.8;18;19.7;19.6;58.2;70.3;19.7;19.7;19.8;19.3;16.7;316.6666667;0;0;1
20456100;17;19;0;0;17.8;19.3;19;19.4;60.6;46.6;19.8;19.9;19.9;19.4;16.7;316.6666667;0;0;1
20457000;17;19;0;0;17.8;20;18.5;19.5;62.9;46.8;19.9;19.5;20;19.6;16.7;316.6666667;0;0;1
20457900;17;18;0;0;17.8;19.7;18.1;19.5;64.5;47;20.1;18.9;20.1;19.7;16.7;316.6666667;0;0;1
20458800;17;18;0;0;17.8;19.5;17.8;18.5;65.7;2.6;20.1;18.4;20.2;19.9;16.4;313.8888889;0;0;1.9
20459700;15;17;19;54;16.1;18.2;17.5;18.5;66.9;2.6;18.9;17.6;19;18.7;16.4;313.8888889;0;0;1.9
20460600;14;15;4;10;14.9;16.3;17.2;18.5;67.6;2.6;17;16.5;17;17.1;16.4;313.8888889;0;0;1.9
20461500;15;15;0;0;15.2;16.6;17.1;18.5;67.5;2.6;17.1;16.5;16.9;17.3;16.4;313.8888889;0;0;1.9
20462400;14;15;0;0;15.2;16.5;16.9;17.9;68.7;0.5;17.3;16.4;16.9;17.5;15.4;311.1111111;0;0;2.8
20463300;14;15;0;0;15.2;16.5;16.8;17.7;70.4;0;17.5;16.2;17;17.7;15.4;311.1111111;0;0;2.8
20464200;14;16;0;0;15.2;16.7;16.8;16.7;71.1;0;17.7;16;16.8;18.2;15.4;311.1111111;0;0;2.8
20465100;15;17;0;0;15.5;18;16.5;15.9;71.7;0;17.8;15.9;16.6;18.9;15.4;311.1111111;0;0;2.8
20466000;15;16;0;0;15.7;17.5;16.4;15.4;71.7;0;18;15.7;16.4;19.5;14.8;338.8888889;0;0;3
20466900;15;15;0;0;16;16.6;16.2;15.2;72.8;0;18.2;15.5;16.1;19.6;14.8;338.8888889;0;0;3
20467800;15;15;0;0;16;16.1;15.9;15.4;73.5;0;18.4;15.2;15.8;19.3;14.8;338.8888889;0;0;3
20468700;15;14.5;0;0;15.85;15.8;16.15;15.35;72.8;0;18.5;15.05;15.65;19.1;14.8;338.8888889;0;0;3
20469600;15;14;0;0;15.7;15.5;16.4;15.3;72.1;0;18.6;14.9;15.5;18.9;14.5;355.5555556;0;0;2.1
20470500;15;14;0;0;16.2;15.5;16.5;15.3;72.3;0;18.1;14.9;15.4;18.5;14.5;355.5555556;0;0;2.1
20471400;15;14;0;0;16.2;15.5;16.5;15.3;72.7;0;17.8;14.9;15.4;18.3;14.5;355.5555556;0;0;2.1
20472300;15;14;0;0;16.2;15.5;16.6;15.3;72.1;0;17.2;15;15.4;18.3;14.5;355.5555556;0;0;2.1
20473200;15;16;0;0;16.2;16.5;16.7;15;72.4;0;17.3;15;15.4;18;14.2;341.6666667;0;0;2.3
20474100;15;16;0;0;16.2;17;16.8;14.8;71.8;0;17.3;15.1;15.4;17.9;14.2;341.6666667;0;0;2.3
20475000;15;15;0;0;16.2;16.2;16.8;14.8;71.9;0;17.1;15.1;15.5;17.9;14.2;341.6666667;0;0;2.3
20475900;15;14;0;0;16.2;15.8;16.7;14.8;72.2;0;16.8;15;15.4;17.6;14.2;341.6666667;0;0;2.3
20476800;15;14;0;0;16.2;15.5;16.6;14.3;73;0;16.9;15;15.4;17.5;13.8;311.1111111;0;0;3.2
20477700;15;14;0;0;16.2;15.5;16.2;14.3;74.5;0;17;14.9;15.3;17.6;13.8;311.1111111;0;0;3.2
20478600;15;14;0;0;16.2;15.5;15.8;14.3;76;0;16.9;14.6;15.1;17.6;13.8;311.1111111;0;0;3.2
20479500;16;13;0;0;17.5;14.1;15.3;14.3;77.3;0;16.8;14.3;14.8;17.5;13.8;311.1111111;0;0;3.2
20480400;16;13;0;0;16.8;14;15;13.8;77.9;0;16.7;14;14.4;17.4;13.4;313.8888889;0;0;4.1
20481300;16;14;0;0;16.2;14.5;14.8;13.6;78.5;0;16.6;13.6;14.1;17.4;13.4;313.8888889;0;0;4.1
20482200;16;15;0;0;15.8;16;14.7;13.7;78.9;0;16.5;13.3;13.8;17.2;13.4;313.8888889;0;0;4.1
20483100;16;14;0;0;15.8;15.6;14.6;13.8;79.5;0;16.1;13.1;13.6;17;13.4;313.8888889;0;0;4.1
20484000;16;13;0;0;15.6;14.8;14.5;13.6;79.7;0;15.9;12.9;13.5;16.8;13.5;336.1111111;0;0;3.6
20484900;15;13;0;0;15.3;14.5;14.3;13.6;80.5;0;15.8;12.8;13.4;16.6;13.5;336.1111111;0;0;3.6
20485800;15;13;0;0;15.1;14.5;14.2;13.6;81.1;0;15.5;12.6;13.2;16.5;13.5;336.1111111;0;0;3.6
20486700;15;13;0;0;14.8;14;14.3;13.6;81;0;15.2;12.4;13.1;16.3;13.5;336.1111111;0;0;3.6
20487600;15;13;0;0;14.8;14;14.7;13.6;80.2;0;15;12.5;13.1;16;13.5;347.2222222;0;0;4.7
20488500;15;12;0;0;14.5;14;15.1;13.6;79;0;14.9;12.6;13.3;15.8;13.5;347.2222222;0;0;4.7
20489400;16;12;0;0;15.9;12.4;15.4;13.5;78.2;0;14.9;12.8;13.4;15.7;13.5;347.2222222;0;0;4.7
20490300;15;14;0;0;14.5;14.6;15.4;13.4;77.7;0;14.8;13;13.6;15.6;13.5;347.2222222;0;0;4.7
20491200;15;14;0;0;14.4;14.9;15.5;13.2;77.3;0;14.8;13;13.7;15.7;13.8;363.8888889;8.333333333;8.333333333;4.2
20492100;15;13;0;0;14.4;14.1;15.8;13.1;75.8;0;14.8;13.2;13.9;15.7;13.8;363.8888889;8.333333333;8.333333333;4.2
20493000;14;12;0;0;14.4;14;16.1;13.2;74;0;14.8;13.4;14.2;15.6;13.8;363.8888889;8.333333333;8.333333333;4.2
20493900;14;12;0;0;14.4;13.5;16.5;13.3;72.7;0;14.8;13.7;14.5;15.6;13.8;363.8888889;8.333333333;8.333333333;4.2
20494800;14;12;0;0;14.4;13.5;16.8;13.2;72.1;2.5;15;14;14.7;15.8;14.2;369.4444444;27.77777778;27.77777778;4.2
20495700;14;13;0;0;14.4;13.5;17;13.2;71.8;4.2;15.3;14.2;14.9;16;14.2;369.4444444;27.77777778;27.77777778;4.2
20496600;15;12;0;0;16;13.2;17.3;13.4;70.6;4.2;15.5;14.6;15.2;16.1;14.2;369.4444444;27.77777778;27.77777778;4.2
20497500;16;12;0;0;16.3;13;17.4;13.5;68.9;4.2;15.8;14.9;15.5;16.2;14.2;369.4444444;27.77777778;27.77777778;4.2
20498400;15;14;0;0;15.6;14.1;17.6;13.9;66.7;42.6;15.9;15.4;15.8;16.3;14.5;372.2222222;58.33333333;58.33333333;4.7
20499300;15;15;0;0;15.6;15.5;17.7;13.9;66.6;42.6;16.1;15.8;16;16.4;14.5;372.2222222;58.33333333;58.33333333;4.7
20500200;15;15;0;0;15.6;15.5;17.7;14.1;67.2;47.8;16.2;16;16.2;16.5;14.5;372.2222222;58.33333333;58.33333333;4.7
20501100;15;15;0;0;15.6;15.9;17.9;14.3;66.7;52.3;16.4;16.2;16.5;16.7;14.5;372.2222222;58.33333333;58.33333333;4.7
20502000;15;14;0;0;16.1;14.7;17.9;14.5;66.5;115.5;16.5;16.5;16.9;16.8;14.8;375;77.77777778;77.77777778;4.3
20502900;16;14;0;0;16.1;14.5;17.9;14.5;66.5;120;16.7;16.9;17.2;16.9;14.8;375;77.77777778;77.77777778;4.3
20503800;15;14;0;0;16.1;14.5;18;14.5;67.3;120;17;17.2;17.5;17.1;14.8;375;77.77777778;77.77777778;4.3
20504700;15;14;0;0;16.3;14.5;18;14.5;67.5;120;17.2;17.4;17.7;17.2;14.8;375;77.77777778;77.77777778;4.3
20505600;15;14;0;0;16.6;15;18.2;15;66.8;181.1;17.5;17.6;17.8;17.3;13.5;375;166.6666667;166.6666667;4.6
20506500;15;14;0;0;16.6;15;18.1;15.1;67.9;190.5;17.8;17.9;18;17.5;13.5;375;166.6666667;166.6666667;4.6
20507400;16;14;0;0;16.6;15;17.4;15.1;73.2;190.5;17.7;17.7;17.9;17.7;13.5;375;166.6666667;166.6666667;4.6
20508300;16;15;0;0;16.6;15.9;17.5;15.1;74.9;190.5;17.6;17.6;17.7;17.8;13.5;375;166.6666667;166.6666667;4.6
20509200;16;16;0;0;16.9;16.9;17.8;15.5;74.4;245.6;17.7;17.5;17.8;18;13.9;380.5555556;133.3333333;133.3333333;3.4
20510100;16;15;0;0;17.1;16.5;18.2;15.6;74.2;259.4;17.7;17.7;18;18.2;13.9;380.5555556;133.3333333;133.3333333;3.4
20511000;16;15;0;0;17.1;16.5;18;15.5;77.4;262.7;18;17.9;18.1;18.4;13.9;380.5555556;133.3333333;133.3333333;3.4
20511900;16;14;0;0;17.1;16.1;17.4;15.4;82.2;269.4;18.3;17.9;18.1;18.5;13.9;380.5555556;133.3333333;133.3333333;3.4
20512800;14;15;0;0;15.4;16;17;15.8;84.9;328;18.2;17.9;18.1;18.5;14.1;369.4444444;313.8888889;319.4444444;4.3
20513700;15;15;0;0;15.5;16;16.3;15.9;85.6;342.6;18.1;17.7;17.8;18.6;14.1;369.4444444;313.8888889;319.4444444;4.3
20514600;15;15;0;0;16;16.5;16.7;15.3;85.7;332.7;18.4;17.5;17.5;18.6;14.1;369.4444444;313.8888889;319.4444444;4.3
20515500;15;15;0;0;16.5;16.5;18;14.1;81.8;312.9;19.1;18;18.2;18.8;14.1;369.4444444;313.8888889;319.4444444;4.3
20516400;15;16;14;22;16.8;16.9;19.1;14.5;76.6;376.3;19.9;19.4;19.7;19;15;358.3333333;322.2222222;372.2222222;2.7
20517300;16;18;33;56;16.9;18.2;19.9;14.7;67.2;399.3;20.5;20.6;20.7;19.9;15;358.3333333;322.2222222;372.2222222;2.7
20518200;16;18;33;54;17.1;18.5;19.7;14.5;61.7;399.3;20.3;20.3;20.5;19.5;15;358.3333333;322.2222222;372.2222222;2.7
20519100;15;17;33;52;16.7;17.9;19.3;14.3;64;399.3;19.6;19.6;19.9;18.8;15;358.3333333;322.2222222;372.2222222;2.7
20520000;15;16;33;56;15.9;17.3;19;14.8;64.3;376.6;19;19;19.2;18.2;16.7;341.6666667;319.4444444;536.1111111;2.8
20520900;14;16;33;57;15.6;17;18.9;14.9;64.3;373.1;19.1;18.9;19.2;18.1;16.7;341.6666667;319.4444444;536.1111111;2.8
20521800;16;17;33;58;16.5;17.9;20;14.7;61;373.1;20.4;20.3;20.6;19.2;16.7;341.6666667;319.4444444;536.1111111;2.8
20522700;16;18;33;57;17.1;18.5;20.4;14.5;59.3;373.1;20.8;20.8;21;19.7;16.7;341.6666667;319.4444444;536.1111111;2.8
20523600;17;18;33;60;17.8;19.2;20.3;14.9;59;466;21.8;21.8;21.9;20.8;17.3;347.2222222;255.5555556;386.1111111;3.5
20524500;19;20;33;66;19.6;21.2;20;15;60.2;489.2;23.8;23.9;23.9;22.7;17.3;347.2222222;255.5555556;386.1111111;3.5
20525400;21;22;33;68;21.3;23;20.6;15.1;58.4;489.2;25.3;25.4;25.4;24.1;17.3;347.2222222;255.5555556;386.1111111;3.5
20526300;20;22;33;63;21.2;22.7;20.6;15.3;57.5;489.2;24.7;24.8;24.8;23.5;17.3;347.2222222;255.5555556;386.1111111;3.5
20527200;19;21;33;67;20.7;22.4;20.9;15.8;56.3;456.6;24.1;24.2;24.3;23.1;16.8;369.4444444;133.3333333;144.4444444;3.8
20528100;19;20;33;64;20;21.6;20.8;15.9;56.7;448.5;23.2;23.3;23.4;22.3;16.8;369.4444444;133.3333333;144.4444444;3.8
20529000;17;19;36;105;18.4;20.5;20.6;16.4;57.4;448.5;22.1;22.1;22.2;21.3;16.8;369.4444444;133.3333333;144.4444444;3.8
20529900;17;18;0;0;18.4;19.5;20.5;17.1;55.4;448.5;21.3;21.5;21.6;20.3;16.8;369.4444444;133.3333333;144.4444444;3.8
20530800;17;18;21;54;17.9;19.4;19.9;17.4;58.7;355.2;21.3;21.4;21.5;20.4;16.3;344.4444444;113.8888889;161.1111111;4.2
20531700;17;18;0;0;17.9;18.5;19.6;17.4;60.4;348.5;20.2;20.2;20.4;19.6;16.3;344.4444444;113.8888889;161.1111111;4.2
20532600;17;18;17;32;17.6;18.5;19.8;17.5;58.6;348.5;20.4;20.5;20.6;19.7;16.3;344.4444444;113.8888889;161.1111111;4.2
20533500;17;17;6;5;17.4;18.5;19.4;17.6;60.5;348.5;20;20;20.2;19.3;16.3;344.4444444;113.8888889;161.1111111;4.2
20534400;17;20;0;0;17.8;19.9;19.4;17.6;60.4;276.9;20.2;20.2;20.3;19.4;16.6;330.5555556;80.55555556;102.7777778;3.6
20535300;17;19;0;0;17.9;20;18.8;17.6;61.7;271.8;20.3;20.2;20.3;19.6;16.6;330.5555556;80.55555556;102.7777778;3.6
20536200;17;18;0;0;18.1;19.5;19;17.2;62.3;271.8;20.4;20.2;20.4;19.7;16.6;330.5555556;80.55555556;102.7777778;3.6
20537100;16;17;25;34;17.5;18.6;19.1;16.8;60.4;271.8;20.1;20;20.3;19.4;16.6;330.5555556;80.55555556;102.7777778;3.6
20538000;17;17;0;0;17.5;18;19.2;16.3;59.7;142.8;19.9;19.8;20;19.3;16.3;322.2222222;19.44444444;22.22222222;1.7
20538900;16;17;18;58;16.8;18;19.1;16.3;58.1;142.8;19.8;19.6;19.9;19.1;16.3;322.2222222;19.44444444;22.22222222;1.7
20539800;15;16;8;25;16;17;19;16;61.3;142.8;18.4;18.3;18.5;18;16.3;322.2222222;19.44444444;22.22222222;1.7
20540700;16;16;0;0;16.5;17;18.9;15.8;64.3;142.8;18.4;18.4;18.7;18;16.3;322.2222222;19.44444444;22.22222222;1.7
20541600;16;16;0;0;16.8;17;18.1;15.2;66.7;45.6;18.5;18.6;18.7;18.2;14.7;305.5555556;0;0;2.2
20542500;16;18;0;0;16.7;18.2;17.5;15.2;68.4;38.7;18.6;18.2;18.7;18.4;14.7;305.5555556;0;0;2.2
20543400;16;18;0;0;16.5;19;17.1;15.5;69.3;38;18.7;17.6;18.8;18.5;14.7;305.5555556;0;0;2.2
20544300;16;17;0;0;16.5;18.6;16.9;15.8;69.4;37.3;18.9;17.1;18.9;18.7;14.7;305.5555556;0;0;2.2
20545200;16;17;0;0;16.8;17.9;16.6;15.4;69.4;5;18.9;16.6;19;18.9;13.8;308.3333333;0;0;2.3
20546100;16;16;0;0;17;17.7;16.4;15.3;70.2;0;19.1;16.1;19.1;19.4;13.8;308.3333333;0;0;2.3
20547000;16;15;0;0;17;16.5;16.1;15.5;70.8;0;19.2;15.7;18.4;19.7;13.8;308.3333333;0;0;2.3
20547900;16;15;0;0;17;16;15.8;15.7;71.8;0;19.6;15.3;17;19.9;13.8;308.3333333;0;0;2.3
20548800;16;15;0;0;17;16;15.6;15.1;72.5;0;19.9;15;15.7;20;13.6;311.1111111;0;0;2.6
20549700;16;15;0;0;17;16;15.5;15;73.6;0;18.9;14.7;15.4;19.6;13.6;311.1111111;0;0;2.6
20550600;16;15;0;0;16.8;16.2;15.8;14.7;72.3;0;17.6;14.7;15.3;18.7;13.6;311.1111111;0;0;2.6
20551500;16;16;0;0;16.3;17.5;15.8;14;70.6;0;17.6;14.7;15.2;18;13.6;311.1111111;0;0;2.6
20552400;16;15;0;0;16;16.8;15.8;13.6;70.5;0;17.7;14.7;15.2;18;13.1;302.7777778;0;0;3.2
20553300;16;14;0;0;16.5;15.1;15.7;13.5;70.5;0;17.4;14.7;15.2;18.1;13.1;302.7777778;0;0;3.2
20554200;16;13;0;0;16.7;14;15.7;13.4;71.2;0;17.1;14.6;15.2;17.9;13.1;302.7777778;0;0;3.2
20555100;16;13.5;0;0;16.35;14.25;15.7;14;71.15;0;16.95;14.55;15.2;17.7;13.1;302.7777778;0;0;3.2
20556000;16;14;0;0;16;14.5;15.7;14.6;71.1;0;16.8;14.5;15.2;17.5;12.5;325;0;0;3.6
20556900;16;14;0;0;16;14.5;15.5;15.3;71.5;0;16.6;14.5;15.1;17.3;12.5;325;0;0;3.6
20557800;16;14;0;0;16;14.5;15.4;15.3;72.3;0;16.4;14.4;15;17.1;12.5;325;0;0;3.6
20558700;15;14;0;0;16;14.5;15.4;15.3;72.5;0;16.3;14.3;14.9;17;12.5;325;0;0;3.6
20559600;15;15;0;0;16;15.8;15.4;14.8;72.6;0;16.3;14.2;14.9;16.9;13.1;361.1111111;0;0;3.8
20560500;15;15;0;0;16;16.4;15.6;14.8;72.1;0;16.3;14.2;14.8;16.9;13.1;361.1111111;0;0;3.8
20561400;15;14;0;0;16;15.6;15.6;14.8;72.1;0;16.3;14.3;14.9;16.9;13.1;361.1111111;0;0;3.8
20562300;16;14;0;0;16.2;14.6;16;14.8;71.5;0;16.3;14.4;15;16.9;13.1;361.1111111;0;0;3.8
20563200;17;13;0;0;16.8;13.5;16.4;14.4;70.3;0;16.4;14.6;15.2;16.9;13;369.4444444;0;0;3.6
20564100;16;13;0;0;16.1;13.6;16.4;14.3;69.2;0;16.6;14.8;15.4;17;13;369.4444444;0;0;3.6
20565000;16;13;0;0;15.9;14;16.5;14.3;69.4;0;16.6;15;15.5;17.1;13;369.4444444;0;0;3.6
20565900;15;13;0;0;15.6;14;16.5;14.3;69.8;0;16.4;15.1;15.5;17;13;369.4444444;0;0;3.6
20566800;15;13;0;0;15.6;14;16.4;12.4;70.9;0;16.4;15.1;15.5;16.9;13.1;369.4444444;0;0;3.9
20567700;15;14;0;0;15.6;14.8;16.3;12.1;71.8;0;16.3;15.1;15.5;16.8;13.1;369.4444444;0;0;3.9
20568600;15;15;0;0;15.6;16;16.4;12.5;71.9;0;16.3;15;15.4;16.8;13.1;369.4444444;0;0;3.9
20569500;15;15;0;0;15.6;15.9;16.4;12.9;72;0;16.4;15;15.4;16.9;13.1;369.4444444;0;0;3.9
20570400;15;14;0;0;15.6;15.5;16.4;12.8;72;0;16.5;15;15.5;16.9;13;366.6666667;0;0;4.6
20571300;15;14;0;0;15.6;15.5;16.4;12.8;72.3;0;16.6;15.1;15.5;17;13;366.6666667;0;0;4.6
20572200;17;13;0;0;16.7;14.3;16.4;12.8;72.6;0;16.7;15.1;15.5;17.1;13;366.6666667;0;0;4.6
20573100;16;13;0;0;16.7;14;16.3;12.9;72.9;0;17;15.2;15.5;17.3;13;366.6666667;0;0;4.6
20574000;16;13;0;0;16.4;14.2;16.2;12.7;73.6;0;17.1;15.2;15.5;17.3;12.8;363.8888889;0;0;4.3
20574900;16;14;0;0;16.1;14.5;16.1;12.7;74.6;0;17;15.1;15.4;17.3;12.8;363.8888889;0;0;4.3
20575800;16;14;0;0;16.1;14.5;16;12.8;75;0;16.8;15;15.3;17.2;12.8;363.8888889;0;0;4.3
20576700;15;15;0;0;16.1;15.7;15.8;13;75.9;0;16.7;15;15.4;17.1;12.8;363.8888889;0;0;4.3
20577600;16;15;0;0;16.1;16;15.8;12.7;76.5;0;16.7;15;15.4;17.1;12.6;350;11.11111111;11.11111111;4.6
20578500;15;14;0;0;16.1;15.7;15.8;12.7;76.7;0;16.7;14.9;15.3;17.1;12.6;350;11.11111111;11.11111111;4.6
20579400;15;14;0;0;16.1;15.5;15.6;12.8;76.1;0;16.7;14.9;15.3;17.1;12.6;350;11.11111111;11.11111111;4.6
20580300;16;13;0;0;16.4;14.7;15.4;12.9;77;0;16.7;14.8;15.2;17.1;12.6;350;11.11111111;11.11111111;4.6
20581200;16;13;0;0;16.6;14;15.5;12.6;76.8;2.3;17;14.7;15.1;17.2;12.7;347.2222222;80.55555556;86.11111111;5.5
20582100;16;13;0;0;16.2;14;15.6;12.6;76.8;2.7;16.9;14.7;15.1;17.3;12.7;347.2222222;80.55555556;86.11111111;5.5
20583000;16;13;0;0;16.1;14.3;15.8;12.6;76.5;2.7;16.7;14.9;15.3;17.3;12.7;347.2222222;80.55555556;86.11111111;5.5
20583900;15;14;0;0;16.1;14.5;15.9;12.7;75.8;2.7;16.6;15.2;15.7;17.1;12.7;347.2222222;80.55555556;86.11111111;5.5
20584800;15;15;0;0;15.8;15;16.1;12.8;75.1;40.3;16.6;15.6;16;17;13.3;319.4444444;155.5555556;283.3333333;5.2
20585700;15;15;0;0;15.9;15.6;16.2;12.8;74;46.1;16.7;16.1;16.6;17;13.3;319.4444444;155.5555556;283.3333333;5.2
20586600;15;15;0;0;16.6;15.1;15.9;12.8;74.8;46.1;16.9;16.5;16.9;17;13.3;319.4444444;155.5555556;283.3333333;5.2
20587500;15;15;0;0;16.2;15.5;15.9;12.9;74.6;46;17.2;17.1;17.5;17;13.3;319.4444444;155.5555556;283.3333333;5.2
20588400;15;14;0;0;16.1;15.1;16.2;13.3;72.6;133.4;17.9;18.6;19.1;17.2;14.2;325;188.8888889;377.7777778;5.1
20589300;15;14;0;0;16.1;15;16.7;13.4;70.2;146.9;18.9;19.6;20.1;17.3;14.2;325;188.8888889;377.7777778;5.1
20590200;15;14;0;0;16.1;15;17.4;13.4;67.2;146.9;20.5;20.5;21.1;17.4;14.2;325;188.8888889;377.7777778;5.1
20591100;16;16;26;51;16.6;16.9;17.2;13.3;65.9;146.9;21.1;21.3;21.5;19.1;14.2;325;188.8888889;377.7777778;5.1
20592000;16;18;29;53;17.3;18.7;17.2;14;64.2;233.8;20.8;21;21.1;19.9;15.7;330.5555556;225;533.3333333;4.4
20592900;18;19;33;62;18.5;20;17.5;14.2;62.7;255.5;22.6;22.7;22.7;21.5;15.7;330.5555556;225;533.3333333;4.4
20593800;19;21;33;64;20;21.7;18.1;14.2;61;255.5;24;24.2;24.3;22.7;15.7;330.5555556;225;533.3333333;4.4
20594700;20;22;33;67;21;22.6;18.3;14.3;59.5;255.5;25.2;25.3;25.5;23.8;15.7;330.5555556;225;533.3333333;4.4
20595600;20;22;33;61;21.4;23;18;15;59.8;344.5;24.4;24.7;24.8;23.4;15.2;327.7777778;219.4444444;566.6666667;4.2
20596500;19;20;33;57;19.9;21.3;18;15.2;58.8;366.8;22.9;23;23.1;22.3;15.2;327.7777778;219.4444444;566.6666667;4.2
20597400;19;20;33;62;19.7;21;18.3;15.2;56.3;372.5;23.3;23.4;23.6;22.6;15.2;327.7777778;219.4444444;566.6666667;4.2
20598300;19;20;33;59;19.7;21;18.6;15.2;55.4;381.1;22.9;22.9;23.2;22.1;15.2;327.7777778;219.4444444;566.6666667;4.2
20599200;18;20;33;64;19.1;20.6;18.8;16;55.2;445.1;22.5;22.5;22.7;21.7;15.3;361.1111111;152.7777778;211.1111111;4.6
20600100;18;19;33;65;19;20.5;19.2;16.2;52.8;461.1;22.9;22.8;23;22.1;15.3;361.1111111;152.7777778;211.1111111;4.6
20601000;19;21;37;101;19.6;22;19.7;16.4;51.1;466.9;23.9;24.1;24.1;23.1;15.3;361.1111111;152.7777778;211.1111111;4.6
20601900;16;19;39;127;17.4;20.3;19.2;16.7;53.6;475.5;21.8;21.9;22;21.3;15.3;361.1111111;152.7777778;211.1111111;4.6
20602800;15;18;39;121;16.3;19;18.9;17.2;54.9;519.7;20.4;20.5;20.6;19.9;16.1;361.1111111;230.5555556;294.4444444;4.1
20603700;14;16;36;86;15.1;17.3;18.8;17.3;56.7;530.7;18.8;18.8;19;18.1;16.1;361.1111111;230.5555556;294.4444444;4.1
20604600;14;16;33;56;15.4;17.1;19.2;16.7;54.2;530.7;19.1;19.1;19.2;18.3;16.1;361.1111111;230.5555556;294.4444444;4.1
20605500;16;18;34;61;16.9;18.3;20.1;15.9;52.6;530.7;20.8;20.8;21;19.9;16.1;361.1111111;230.5555556;294.4444444;4.1
20606400;17;18;21;35;17.6;18.6;19.5;16.4;53.3;521.9;20.5;20.6;20.8;19.7;16.5;341.6666667;355.5555556;594.4444444;3.9
20607300;17;17;0;0;17.7;18.6;20;16.5;53.1;519.7;21.3;21.3;21.3;19.6;16.5;341.6666667;355.5555556;594.4444444;3.9
20608200;18;20;31;63;19.5;20.9;20.3;16.1;51.2;519.7;23.7;23.9;23.7;22.9;16.5;341.6666667;355.5555556;594.4444444;3.9
20609100;20;22;33;72;21.3;23;20.6;15.9;49.3;519.7;25.6;25.9;25.9;24.9;16.5;341.6666667;355.5555556;594.4444444;3.9
20610000;22;24;27;72;22.8;25;20.5;16.2;49.3;518.1;27.4;27.9;27.7;26.3;17.2;333.3333333;294.4444444;475;3
20610900;18;24;43;279;19.3;25;20.9;16.2;46.9;518.1;26.5;26.9;26.6;25.8;17.2;333.3333333;294.4444444;475;3
20611800;19;22;43;166;19.7;23.1;21;16.3;47.2;518.1;24.6;24.9;24.8;23.6;17.2;333.3333333;294.4444444;475;3
20612700;19;22;26;76;20.2;22.4;20.9;16.4;47.3;518.1;24.5;24.7;24.7;23.5;17.2;333.3333333;294.4444444;475;3
20613600;19;22;41;155;19.5;22.6;20.4;16.6;48.1;425;24.4;24.5;24.5;23.5;17.2;322.2222222;227.7777778;511.1111111;3.7
20614500;18;20;30;76;19.3;21.2;20;16.6;50.1;418.3;23.1;23.2;23.3;22;17.2;322.2222222;227.7777778;511.1111111;3.7
20615400;19;20;33;63;19.7;21.3;20.2;16.6;51.2;418.3;23.7;23.8;23.9;22.7;17.2;322.2222222;227.7777778;511.1111111;3.7
20616300;20;22;33;69;21.3;22.9;20.8;16.7;49;418.3;25.5;25.7;25.7;24.2;17.2;322.2222222;227.7777778;511.1111111;3.7
20617200;19;22;41;178;19.7;23.3;21;16.7;47.8;367.7;25.1;25.3;25.3;24.1;17.5;316.6666667;97.22222222;233.3333333;3.1
20618100;18;21;43;131;19.3;21.9;21.7;16.7;47.7;349.3;23.7;23.8;23.8;22.6;17.5;316.6666667;97.22222222;233.3333333;3.1
20619000;18;20;43;112;19;21.2;21.6;16.9;48;349.3;23;23;23.1;22;17.5;316.6666667;97.22222222;233.3333333;3.1
20619900;18;19;43;78;18.7;20.2;20.6;17.1;49.1;349.3;21.8;21.9;22;20.9;17.5;316.6666667;97.22222222;233.3333333;3.1
20620800;17;19;0;0;18.7;19.6;20.3;16.9;50.7;251.4;21.4;21.5;21.7;20.5;16.8;352.7777778;72.22222222;86.11111111;3.4
20621700;17;20;23;72;18.2;20.2;20.1;16.8;51.8;226.9;21.9;22.2;22.2;21;16.8;352.7777778;72.22222222;86.11111111;3.4
20622600;17;18;3;4;18.3;19.6;20;16.8;52.2;226.9;21.1;21.1;21.3;20.2;16.8;352.7777778;72.22222222;86.11111111;3.4
20623500;18;19;18;40;18.2;19.6;20.1;16.9;52.5;226.9;21.2;21.2;21.4;20.3;16.8;352.7777778;72.22222222;86.11111111;3.4
20624400;17;18;3;6;18.1;18.7;19.9;16.3;53.2;138.7;20.5;20.5;20.6;19.8;16.3;369.4444444;5.555555556;5.555555556;3.9
20625300;15;17;26;75;16.3;18.2;19.4;16.2;54;116.7;19.8;19.7;19.9;19.2;16.3;369.4444444;5.555555556;5.555555556;3.9
20626200;16;16;0;0;17;17.6;19;16.4;55.9;116.7;18.9;18.9;19.1;18.5;16.3;369.4444444;5.555555556;5.555555556;3.9
20627100;16;17;0;0;17.5;17.6;18.8;16.8;57.4;116.7;19;19.1;19.1;18.7;16.3;369.4444444;5.555555556;5.555555556;3.9
20628000;16;17;0;0;17.5;17.6;18.7;16.1;58.4;49.7;19.1;19.3;19.3;18.9;15.4;366.6666667;0;0;4.1
20628900;16;18;0;0;17.1;18.8;18.3;15.9;60.4;25.3;19.3;19;19.3;19;15.4;366.6666667;0;0;4.1
20629800;16;19;0;0;17;19.6;18.2;15.9;62;25.3;19.4;18.7;19.4;19.2;15.4;366.6666667;0;0;4.1
20630700;15;17;15;41;16.1;18.4;18.1;15.9;63.1;25.3;18.9;18.2;19;18.5;15.4;366.6666667;0;0;4.1
20631600;14;15;9;25;14.6;15.9;17.9;15.4;64.4;5.1;17.1;17;17.2;16.9;14.1;366.6666667;0;0;3.9
20632500;14;15;0;0;15.1;16.1;17.7;15.3;66.1;0;17.1;16.9;17.2;17;14.1;366.6666667;0;0;3.9
20633400;14;15;0;0;15.1;16.1;16.9;15.5;75.9;0;17.2;16.7;17;17.2;14.1;366.6666667;0;0;3.9
20634300;14;15;0;0;15.1;16.1;16.7;15.8;76.6;0;17.4;16.1;17.4;17.4;14.1;366.6666667;0;0;3.9
20635200;14;15;0;0;15.1;16.5;16.7;15;76.7;0;17.6;15.7;17.6;17.7;13.4;363.8888889;0;0;4
20636100;14;15;0;0;15.4;16.6;16.6;14.8;76.3;0;17.8;15.4;17.2;18.2;13.4;363.8888889;0;0;4
20637000;15;16;0;0;15.6;16.7;16.1;14.7;82.5;0;17.9;15.1;16.5;18.9;13.4;363.8888889;0;0;4
20637900;15;17;0;0;15.6;17.6;16;14.6;81.9;0;18.1;15;15.8;19.3;13.4;363.8888889;0;0;4
20638800;15;16;0;0;15.9;17.5;16.2;14.1;80.6;0;18.3;15;15.5;19.2;13.8;358.3333333;0;0;3.2
20639700;15;15;0;0;16.1;17;16.3;14;79.8;0;18.5;15.1;15.4;18.8;13.8;358.3333333;0;0;3.2
20640600;15;15;0;0;16.1;16.3;16.3;13.8;77.6;0;17.9;15.1;15.4;18.3;13.8;358.3333333;0;0;3.2
20641500;15;14.5;0;0;15.85;15.85;16.35;14.4;77.2;0;17.65;15.05;15.4;18.1;13.8;358.3333333;0;0;3.2
20642400;15;14;0;0;15.6;15.4;16.4;15;76.8;0;17.4;15;15.4;17.9;13.8;361.1111111;0;0;3.3
20643300;15;14;0;0;15.6;15.1;16.4;15.3;76.2;0;17.4;15;15.3;17.8;13.8;361.1111111;0;0;3.3
20644200;15;14;0;0;15.6;15.1;16.4;15.3;75.7;0;17.1;15;15.3;17.8;13.8;361.1111111;0;0;3.3
20645100;15;14;0;0;15.6;15.1;16.5;15.3;75.3;0;16.9;15;15.4;17.6;13.8;361.1111111;0;0;3.3
20646000;15;16;0;0;15.6;16.1;16.6;14.9;75.2;0;16.8;15.1;15.4;17.4;13.7;363.8888889;0;0;3.2
20646900;15;16;0;0;15.6;16.6;16.5;14.8;75.3;0;16.8;15.1;15.5;17.3;13.7;363.8888889;0;0;3.2
20647800;15;14;0;0;15.6;15.9;16.5;14.8;75.3;0;16.7;15.1;15.5;17.3;13.7;363.8888889;0;0;3.2
20648700;15;14;0;0;15.6;15.6;16.5;14.8;75.3;0;16.7;15.2;15.6;17.3;13.7;363.8888889;0;0;3.2
20649600;15;14;0;0;15.6;15.6;16.4;14.4;75.8;0;16.8;15.2;15.6;17.3;13.5;363.8888889;0;0;3.1
20650500;15;14;0;0;15.6;15.6;16.5;14.3;75.8;0;16.9;15.2;15.5;17.4;13.5;363.8888889;0;0;3.1
20651400;16;14;0;0;16.7;14.5;16.5;14.3;75.7;0;17.1;15.1;15.5;17.5;13.5;363.8888889;0;0;3.1
20652300;16;14;0;0;16.5;14.4;16.3;14.3;75.8;0;17;15.1;15.5;17.4;13.5;363.8888889;0;0;3.1
20653200;16;14;0;0;16.3;14.6;16.3;13.8;76;0;16.9;15;15.4;17.4;13.4;366.6666667;0;0;2.9
20654100;16;15;0;0;16.2;15;16.4;13.6;75.9;0;16.9;15;15.4;17.3;13.4;366.6666667;0;0;2.9
20655000;16;16;0;0;15.8;16.1;16.3;13.6;76;0;16.8;15;15.5;17.3;13.4;366.6666667;0;0;2.9
20655900;16;15;0;0;15.8;16;16.2;13.6;75.8;0;16.8;15;15.4;17.2;13.4;366.6666667;0;0;2.9
20656800;16;14;0;0;15.8;15.6;16.3;13.5;75.8;0;16.8;15;15.4;17.2;13.1;361.1111111;0;0;3.1
20657700;16;14;0;0;15.8;15.6;16.2;13.4;76.1;0;16.8;15;15.4;17.2;13.1;361.1111111;0;0;3.1
20658600;16;14;0;0;15.8;15.6;15.9;13.4;76.6;0;16.9;15;15.4;17.2;13.1;361.1111111;0;0;3.1
20659500;15;14;0;0;15.8;15.6;15.8;13.4;77.2;0;17;14.9;15.4;17.3;13.1;361.1111111;0;0;3.1
20660400;16;13;0;0;16.4;14.7;15.8;13.4;78;0;16.9;14.9;15.3;17.3;13;363.8888889;0;0;2.4
20661300;16;13;0;0;16.6;14.1;15.7;13.4;78.3;0;16.8;14.9;15.3;17.2;13;363.8888889;0;0;2.4
20662200;16;13;0;0;16.4;14.1;15.7;13.4;78.3;0;16.7;14.9;15.3;17.2;13;363.8888889;0;0;2.4
20663100;16;15;0;0;15.9;15.7;15.8;13.4;78.1;0;16.7;14.9;15.2;17.1;13;363.8888889;0;0;2.4
20664000;16;15;0;0;15.9;16.1;15.7;13.2;78.8;0;16.7;14.8;15.2;17.1;12.6;369.4444444;8.333333333;8.333333333;2.1
20664900;16;14;0;0;15.9;15.6;15.7;13.1;78.8;0;16.6;14.8;15.2;17;12.6;369.4444444;8.333333333;8.333333333;2.1
20665800;16;14;0;0;15.9;15.2;15.7;13;79.2;0;16.5;14.7;15;17;12.6;369.4444444;8.333333333;8.333333333;2.1
20666700;15;14;0;0;15.9;15.1;15.5;12.9;79.3;0;16.6;14.6;15;17;12.6;369.4444444;8.333333333;8.333333333;2.1
20667600;15;14;0;0;15.9;15.1;15.7;12.7;79.4;1;16.8;14.6;15;17.1;12.9;366.6666667;63.88888889;63.88888889;1.8
20668500;15;14;0;0;16;14.9;15.9;12.6;78.6;1.5;16.7;14.7;15.1;17.1;12.9;366.6666667;63.88888889;63.88888889;1.8
20669400;16;13;0;0;16.5;13.6;15.9;12.7;78.3;1.5;16.7;14.9;15.3;17;12.9;366.6666667;63.88888889;63.88888889;1.8
20670300;16;13;0;0;16.1;13.9;16.1;12.8;77.9;1.5;16.6;15.2;15.7;17;12.9;366.6666667;63.88888889;63.88888889;1.8
20671200;16;14;0;0;16;14.7;16.4;12.9;76.8;16.3;16.7;15.6;16;17;13.2;344.4444444;125;133.3333333;3.4
20672100;15;15;0;0;15.6;16.1;16.7;12.9;75.3;23.7;16.8;15.9;16.3;17;13.2;344.4444444;125;133.3333333;3.4
20673000;15;15;0;0;15.5;16.1;16.7;12.8;74.8;25.6;16.8;16.4;16.8;17;13.2;344.4444444;125;133.3333333;3.4
20673900;15;15;0;0;15.9;15.9;16.6;12.8;74.7;26.6;17;16.7;17.1;17;13.2;344.4444444;125;133.3333333;3.4
20674800;16;14;0;0;17.1;14.6;16.8;13;74.6;70.5;17.2;17;17.3;17.1;13.6;341.6666667;175;183.3333333;3.6
20675700;16;14;0;0;16.6;14.6;16.9;13.1;73;92.5;17.9;17.8;18.1;17.1;13.6;341.6666667;175;183.3333333;3.6
20676600;15;14;0;0;16.6;15;17.1;13.2;71.2;92.5;18.4;18.6;18.9;17.2;13.6;341.6666667;175;183.3333333;3.6
20677500;15;14;0;0;16.6;15.1;17;13.3;69.6;92.5;19;19.1;19.2;17.3;13.6;341.6666667;175;183.3333333;3.6
20678400;16;14;0;0;16.6;15.1;17.8;13.7;67.3;140.2;19.8;19.7;19.9;17.5;14.1;361.1111111;188.8888889;188.8888889;4.5
20679300;16;15;0;0;16.6;15.3;18.1;13.9;65.3;164.1;20.9;20.4;20.6;17.6;14.1;361.1111111;188.8888889;188.8888889;4.5
20680200;16;15;2;0;16.6;15.6;17.9;13.8;65.6;164.1;21.1;20.9;20.9;17.9;14.1;361.1111111;188.8888889;188.8888889;4.5
20681100;14;17;39;134;15.4;18.2;18.2;13.8;64.3;164.1;19.9;20.2;20.5;19.5;14.1;361.1111111;188.8888889;188.8888889;4.5
20682000;16;17;0;0;17;17.3;18.4;14.3;63.7;222.5;19.1;19.4;19.6;18.4;13.8;363.8888889;158.3333333;161.1111111;4.3
20682900;16;17;0;0;17.1;17.7;18.3;14.5;64.9;251.7;19.1;19.8;19.8;18.6;13.8;363.8888889;158.3333333;161.1111111;4.3
20683800;16;17;0;0;17.1;17.7;18.3;14.4;66.1;251.7;19.2;20.1;19.6;18.7;13.8;363.8888889;158.3333333;161.1111111;4.3
20684700;16;17;0;0;17.1;17.7;17.8;14.3;67;251.7;19.2;19.5;19.6;18.8;13.8;363.8888889;158.3333333;161.1111111;4.3
20685600;16;17;0;0;17.1;17.7;17.1;14.6;69.6;273.2;19.3;18.7;19.7;19;14;358.3333333;333.3333333;447.2222222;3.9
20686500;13;15;25;67;14.1;16.2;16.6;14.7;77.8;283.9;17.4;17.3;17.8;17.1;14;358.3333333;333.3333333;447.2222222;3.9
20687400;13;16;0;1;14.1;16.4;16.4;14.8;82.9;283.9;16.7;16.6;16.9;16.5;14;358.3333333;333.3333333;447.2222222;3.9
20688300;13;16;0;0;14.2;16.7;16.6;14.8;85.6;283.9;17.1;17;17.2;16.7;14;358.3333333;333.3333333;447.2222222;3.9
20689200;13;16;0;0;14.2;16.7;17.2;15;80.3;316.7;17.7;17.6;17.9;16.9;15.1;358.3333333;411.1111111;441.6666667;3
20690100;13;17;0;0;14.2;17.6;19.1;15.1;74.4;338.6;19.9;19.7;19.6;17.1;15.1;358.3333333;411.1111111;441.6666667;3
20691000;14;18;20;96;15.3;19.4;20.4;14.5;65.5;338.6;23;22.6;22.4;20.3;15.1;358.3333333;411.1111111;441.6666667;3
20691900;18;19;43;101;18.8;20.7;20.9;14.2;55.2;338.6;22.4;22.6;22.7;21.5;15.1;358.3333333;411.1111111;441.6666667;3
20692800;17;20;28;71;18.7;20.4;20.8;14.6;55.8;326.9;22.7;22.8;22.9;21.7;16.3;355.5555556;408.3333333;541.6666667;2.8
20693700;19;21;33;65;19.9;21.5;21.4;14.6;52.5;326.9;24.1;24.1;24.2;22.9;16.3;355.5555556;408.3333333;541.6666667;2.8
20694600;20;22;33;65;21.2;22.8;21.3;14.4;50;326.9;24.8;24.9;25.1;23.8;16.3;355.5555556;408.3333333;541.6666667;2.8
20695500;20;21;33;61;20.9;22.4;20.9;14.3;50.5;326.9;24.1;24;24.3;23.3;16.3;355.5555556;408.3333333;541.6666667;2.8
20696400;18;20;38;111;18.9;21.3;20.5;14.6;52.9;372.3;22.9;22.8;23;22.2;16.5;355.5555556;333.3333333;466.6666667;2.6
20697300;17;19;43;77;18.6;19.9;20.2;14.6;54.7;375.5;21.8;21.8;21.9;21;16.5;355.5555556;333.3333333;466.6666667;2.6
20698200;17;19;33;78;17.8;19.9;20.4;15;55.4;375.5;21.9;21.9;22;21;16.5;355.5555556;333.3333333;466.6666667;2.6
20699100;16;18;39;105;16.9;19.2;19.7;15.4;59.6;375.5;20.9;21.1;21;20.2;16.5;355.5555556;333.3333333;466.6666667;2.6
20700000;17;18;9;13;17.8;18.9;20;15.7;59.4;352.6;21.3;21.6;21.7;20.3;16.9;369.4444444;238.8888889;283.3333333;2.4
20700900;17;19;12;44;17.8;19.4;20.9;15.7;56.6;351;22.4;23.1;22.9;21;16.9;369.4444444;238.8888889;283.3333333;2.4
20701800;17;19;21;54;18.7;20.3;20.4;16.2;57.2;351;21.7;21.9;22;20.8;16.9;369.4444444;238.8888889;283.3333333;2.4
20702700;18;19;1;1;18.9;20;20.3;16.6;58.3;351;21.8;21.9;22.1;20.7;16.9;369.4444444;238.8888889;283.3333333;2.4
20703600;17;19;26;69;18.1;19.8;20.3;16.6;57.6;317.6;21.4;21.7;21.7;20.7;15.5;366.6666667;52.77777778;55.55555556;1.4
20704500;17;18;0;0;18.4;19.5;20;16.6;58;312.5;21.4;21.5;21.5;20.3;15.5;366.6666667;52.77777778;55.55555556;1.4
20705400;16;19;39;130;16.9;19.7;20;16.6;58.9;312.5;21.5;21.7;21.6;20.8;15.5;366.6666667;52.77777778;55.55555556;1.4
20706300;17;17;23;23;17.4;18.3;19.3;16.6;61.2;312.5;19.8;19.9;20;19;15.5;366.6666667;52.77777778;55.55555556;1.4
20707200;17;19;0;0;17.5;19.2;18.5;16.4;62.7;243.1;19.6;19.7;19.9;18.9;15.2;338.8888889;77.77777778;116.6666667;1.1
20708100;17;18;0;0;17.9;19.5;18.4;16.4;62.9;225.8;19.5;19.6;19.7;19;15.2;338.8888889;77.77777778;116.6666667;1.1
20709000;17;18;0;0;17.9;19.5;18.4;16.6;63.2;225.8;19.6;19.8;19.7;19.1;15.2;338.8888889;77.77777778;116.6666667;1.1
20709900;17;18;0;0;17.9;19.5;18.3;16.8;63.9;225.8;19.6;19.9;19.7;19.2;15.2;338.8888889;77.77777778;116.6666667;1.1
20710800;17;18;2;4;18.2;19.5;18.2;16.4;64.8;139.2;19.6;19.9;19.7;19.2;14.4;302.7777778;13.88888889;27.77777778;1.2
20711700;14;16;23;65;14.8;17.2;17.6;16.3;65.9;125.9;18.6;18.4;18.6;18.1;14.4;302.7777778;13.88888889;27.77777778;1.2
20712600;14;16;0;0;15.2;17;17;15.7;67.9;125.9;18.1;17.9;18.2;17.9;14.4;302.7777778;13.88888889;27.77777778;1.2
20713500;14;16;0;0;15.5;17;16.5;15.1;70.1;125.9;18.2;17.8;18;18.1;14.4;302.7777778;13.88888889;27.77777778;1.2
20714400;15;16;0;0;15.7;17;16.2;14.7;71.6;32.8;18.3;17.5;17.9;18.3;13.5;305.5555556;0;0;1
20715300;15;17;0;0;15.7;17.8;15.8;14.7;73.3;26.1;18.5;16.7;18.3;18.5;13.5;305.5555556;0;0;1
20716200;15;18;0;0;15.7;18.5;15.5;14.7;74.9;26;18.7;16;18.3;18.8;13.5;305.5555556;0;0;1
20717100;15;16;0;0;16.2;17.7;15.3;14.7;75.7;25.8;18.8;15.4;17.6;19.3;13.5;305.5555556;0;0;1
20718000;15;16;0;0;16.2;17.2;15.2;14.3;76.6;3.4;19;14.9;16.3;19.6;12.9;319.4444444;0;0;0.9
20718900;15;16;0;0;16.2;16.6;14.9;14.2;77.5;0;19.2;14.5;15.2;19.6;12.9;319.4444444;0;0;0.9
20719800;15;15;0;0;16.2;15.9;14.8;14.1;78.1;0;19.2;14.2;14.7;19.4;12.9;319.4444444;0;0;0.9
20720700;15;15;0;0;16.2;15.8;14.9;14;78;0;17.7;14;14.5;18.7;12.9;319.4444444;0;0;0.9
20721600;15;14;0;0;15.9;15.5;14.9;13.4;77.6;0;17.4;13.9;14.3;17.9;12.9;330.5555556;0;0;1.2
20722500;15;14;0;0;15.6;15.5;15.1;13.3;77.6;0;17.3;13.9;14.3;17.8;12.9;330.5555556;0;0;1.2
20723400;15;14;0;0;15.2;15.2;15.4;13.1;76.8;0;16.7;13.9;14.3;17.7;12.9;330.5555556;0;0;1.2
20724300;15;15;0;0;15.2;16;15.4;12.8;76.4;0;16.3;13.9;14.3;17.2;12.9;330.5555556;0;0;1.2
20725200;15;14;0;0;15.2;15.8;15.1;12.5;77.2;0;16;13.9;14.3;16.8;12.7;322.2222222;0;0;2.2
20726100;15;14;0;0;15.2;15;15.1;12.4;77.6;0;15.9;13.9;14.3;16.6;12.7;322.2222222;0;0;2.2
20727000;15;13;0;0;15.2;14.7;15.3;12.4;76.9;0;15.8;13.9;14.3;16.5;12.7;322.2222222;0;0;2.2
20727900;15;13;0;0;15.2;14.6;15.25;13.65;77.1;0;15.95;13.9;14.3;16.65;12.7;322.2222222;0;0;2.2
20728800;15;13;0;0;15.2;14.5;15.2;14.9;77.3;0;16.1;13.9;14.3;16.8;12.5;327.7777778;0;0;1.8
20729700;16;13;0;0;15.9;13.8;15.2;15.3;77.6;0;16.1;13.8;14.3;16.7;12.5;327.7777778;0;0;1.8
20730600;16;12;0;0;16.2;13.2;15;15.3;77.6;0;16;13.8;14.2;16.6;12.5;327.7777778;0;0;1.8
20731500;16;13;0;0;15.6;13.5;14.9;15.3;77.7;0;15.8;13.6;14.1;16.5;12.5;327.7777778;0;0;1.8
20732400;16;15;0;0;15.5;14.9;14.7;14.9;78.5;0;15.8;13.5;13.9;16.4;12.3;341.6666667;0;0;1.9
20733300;16;15;0;0;15.5;15.5;14.8;14.8;79;0;15.7;13.4;13.9;16.4;12.3;341.6666667;0;0;1.9
20734200;16;13;0;0;15.2;14.7;15;14.8;78.4;0;15.6;13.4;13.9;16.3;12.3;341.6666667;0;0;1.9
20735100;15;13;0;0;15;14.3;15.3;14.8;77.5;0;15.5;13.5;14;16.2;12.3;341.6666667;0;0;1.9
20736000;15;13;0;0;15;14;15.2;14.4;77.2;0;15.6;13.5;14;16.2;12.3;352.7777778;0;0;3
20736900;15;13;0;0;15;14;15.1;14.3;77.6;0;15.6;13.5;13.9;16.2;12.3;352.7777778;0;0;3
20737800;15;13;0;0;15;14;15.2;14.3;77.6;0;15.5;13.5;14;16.3;12.3;352.7777778;0;0;3
20738700;14;13;0;0;15;14;15.2;14.3;77.7;0;15.4;13.5;14;16.1;12.3;352.7777778;0;0;3
20739600;14;13;0;0;15;14;15.3;12.2;77.6;0;15.3;13.5;14.1;16.1;12.5;358.3333333;0;0;2.9
20740500;14;14;0;0;14.8;14.3;15.5;12.1;77.3;0;15.4;13.6;14.1;16;12.5;358.3333333;0;0;2.9
20741400;14;15;0;0;14.5;15.5;15.4;12.2;78.1;0;15.4;13.6;14.1;16;12.5;358.3333333;0;0;2.9
20742300;14;14;0;0;14.5;15.2;15.3;12.2;79.1;0;15.4;13.6;14.1;16;12.5;358.3333333;0;0;2.9
20743200;14;13;0;0;14.5;14.6;15.3;12.3;79.3;0;15.5;13.6;14;16.1;12.4;363.8888889;0;0;2.1
20744100;14;13;0;0;14.5;14.5;15.4;12.3;80;0;15.5;13.5;14;16.1;12.4;363.8888889;0;0;2.1
20745000;14;13;0;0;14.5;14.5;15.4;12.4;80.7;0;15.7;13.6;14;16.2;12.4;363.8888889;0;0;2.1
20745900;14;13;0;0;14.5;14.5;15.3;12.4;81.3;0;15.7;13.6;14;16.3;12.4;363.8888889;0;0;2.1
20746800;14;13;0;0;14.5;14.5;15.2;12.5;82.8;0;15.6;13.7;14.1;16.3;12;366.6666667;0;0;1.8
20747700;14;13;0;0;14.5;14.5;15;12.5;86.8;0;15.6;13.7;14.1;16.2;12;366.6666667;0;0;1.8
20748600;14;13;0;0;14.5;14.5;14.7;12.6;89.4;0;15.5;13.7;14.1;16.1;12;366.6666667;0;0;1.8
20749500;14;15;0;0;14.5;15.5;14.8;12.7;89.3;0;15.5;13.7;14.1;16;12;366.6666667;0;0;1.8
20750400;14;15;0;0;14.5;15.7;14.8;12.5;88.8;0;15.5;13.8;14.1;16.1;11.8;366.6666667;2.777777778;2.777777778;4.8
20751300;16;13;0;0;14.9;14.4;14.8;12.5;88.2;0;15.5;13.8;14.1;16.1;11.8;366.6666667;2.777777778;2.777777778;4.8
20752200;15;13;0;0;14.9;14;14.9;12.4;88.1;0;15.5;13.7;14.1;16.1;11.8;366.6666667;2.777777778;2.777777778;4.8
20753100;14;13;0;0;14.5;14.2;14.9;12.3;88;0;15.7;13.8;14.1;16.1;11.8;366.6666667;2.777777778;2.777777778;4.8
20754000;14;14;0;0;14.5;14.5;14.9;12.3;88.2;1.3;15.9;13.8;14.1;16.3;11.9;372.2222222;22.22222222;22.22222222;5.9
20754900;14;13;0;0;14.5;14.5;14.7;12.3;87.7;1.4;15.7;13.9;14.2;16.3;11.9;372.2222222;22.22222222;22.22222222;5.9
20755800;14;13;0;0;14.5;14.5;14.7;12.2;88.3;1.4;15.7;13.9;14.2;16.2;11.9;372.2222222;22.22222222;22.22222222;5.9
20756700;14;13;0;0;14.5;14.1;14.5;12;89;1.4;15.7;14;14.3;16.2;11.9;372.2222222;22.22222222;22.22222222;5.9
20757600;14;14;0;0;14.5;14.5;14.3;12.1;90.7;7;15.7;14.1;14.4;16.2;12;372.2222222;61.11111111;61.11111111;5.2
20758500;14;15;0;0;14.5;15.5;14.6;12.2;90.4;9;15.8;14.2;14.5;16.2;12;372.2222222;61.11111111;61.11111111;5.2
20759400;14;15;0;0;14.5;15.5;14.8;12.1;89.8;7.8;15.8;14.3;14.6;16.2;12;372.2222222;61.11111111;61.11111111;5.2
20760300;14;15;0;0;14.5;15.5;14.9;12;88.6;6.8;15.8;14.5;14.9;16.2;12;372.2222222;61.11111111;61.11111111;5.2
20761200;14;14;0;0;14.5;15;15.1;12.3;88.3;28.6;15.8;14.8;15.1;16.2;12;375;83.33333333;83.33333333;4.9
20762100;14;13;0;0;14.5;14.7;15.2;12.4;88.1;32;15.9;14.9;15.2;16.2;12;375;83.33333333;83.33333333;4.9
20763000;14;13;0;0;14.6;14.5;15.5;12.4;88.2;32;16;15.1;15.4;16.4;12;375;83.33333333;83.33333333;4.9
20763900;14;13;0;0;15;14.5;15.5;12.3;87.6;32;16.3;15.3;15.5;16.6;12;375;83.33333333;83.33333333;4.9
20764800;14;14;0;0;15;14.5;15.5;12.6;87.9;67.2;16.5;15.3;15.5;16.7;12.3;377.7777778;122.2222222;122.2222222;4.9
20765700;14;14;0;0;15;14.5;15.4;12.7;89.5;76;16.5;15.4;15.6;16.7;12.3;377.7777778;122.2222222;122.2222222;4.9
20766600;14;14;0;0;15;14.5;15.6;12.6;89.8;76;16.5;15.6;15.8;16.8;12.3;377.7777778;122.2222222;122.2222222;4.9
20767500;14;15;0;0;15;15.5;15.4;12.4;89.9;76;16.5;15.9;16;16.8;12.3;377.7777778;122.2222222;122.2222222;4.9
20768400;15;16;0;0;15.2;16.5;15.3;12.9;91.4;102.9;16.6;16;16.2;16.8;13.1;377.7777778;150;152.7777778;4.3
20769300;15;15;0;0;15.5;16.2;15.3;13.1;91.8;112.7;16.7;16.2;16.2;16.9;13.1;377.7777778;150;152.7777778;4.3
20770200;17;14;0;0;16.1;15.3;15.3;12.7;92.1;112;16.8;16.4;16.4;17;13.1;377.7777778;150;152.7777778;4.3
20771100;18;14;0;0;16.5;15;15.7;12.5;92;111.7;17;16.6;16.6;17.1;13.1;377.7777778;150;152.7777778;4.3
20772000;17;14;0;0;16.5;15;15.8;13.2;92;126.2;17.1;16.8;16.9;17.2;14.2;380.5555556;152.7777778;152.7777778;4.2
20772900;17;14;0;0;16.5;15;15.8;13.2;91.7;127.2;17.2;16.9;17;17.3;14.2;380.5555556;152.7777778;152.7777778;4.2
20773800;16;14;0;0;16.5;15;15.8;13;92.1;127.2;17.3;16.9;17;17.4;14.2;380.5555556;152.7777778;152.7777778;4.2
20774700;16;14;0;0;16.5;15;16.1;12.8;93;127.2;17.5;17;17.2;17.7;14.2;380.5555556;152.7777778;152.7777778;4.2
20775600;16;14;0;0;16.5;15;16.5;13;93;148.5;17.7;17.7;18;17.8;15;377.7777778;250;250;4
20776500;16;16;0;0;16.5;16.3;17.3;13.1;93;156.3;18.1;18.5;18.8;17.9;15;377.7777778;250;250;4
20777400;16;16;0;0;16.5;16.5;17.8;13.2;92.2;156.3;19.1;19.9;20.1;18;15;377.7777778;250;250;4
20778300;16;16;20;71;16.8;17.9;18;13.2;92.1;156.3;21.5;21.9;22.3;19.8;15;377.7777778;250;250;4
20779200;17;18;14;28;18.2;19.4;17.8;13.6;91.4;191.1;21;21.3;21.5;19.9;14.3;380.5555556;150;152.7777778;3.6
20780100;17;18;9;14;18;19.2;17.5;13.6;90.9;193.6;20.8;21;21.2;19.6;14.3;380.5555556;150;152.7777778;3.6
20781000;16;17;14;16;17.2;17.8;17.2;13.9;91.4;193.6;19.4;19.4;19.7;18.6;14.3;380.5555556;150;152.7777778;3.6
20781900;16;17;0;0;17.5;17.7;17.3;14.4;91.3;193.6;19.5;19.5;19.8;18.7;14.3;380.5555556;150;152.7777778;3.6
20782800;17;17;0;0;17.7;17.7;17.3;14.5;91.4;177.1;19.4;19.4;19.7;18.8;14.1;380.5555556;150;152.7777778;4
20783700;17;17;0;0;17.7;17.7;16.6;14.5;92;174.6;19.2;19.2;19.3;18.9;14.1;380.5555556;150;152.7777778;4
20784600;16;17;12;22;16.9;17.7;16.5;14.8;92.7;174.6;18.6;18.7;18.8;18.3;14.1;380.5555556;150;152.7777778;4
20785500;13;15;12;35;13.7;16.1;16.3;15.1;92.6;174.6;17.3;17.1;17.3;16.9;14.1;380.5555556;150;152.7777778;4
20786400;13;15;0;0;14.2;16.5;16.8;15.1;93.2;143.1;17.4;17.5;17.6;16.9;14.1;380.5555556;108.3333333;111.1111111;3.8
20787300;13;15;0;0;14.5;16.2;17;15.1;92.5;138.3;17.6;18;18.1;17.1;14.1;380.5555556;108.3333333;111.1111111;3.8
20788200;14;15;0;0;14.7;16.2;16.6;14.8;92.7;138.3;17.6;18.2;18.1;17.3;14.1;380.5555556;108.3333333;111.1111111;3.8
20789100;14;15;0;0;14.7;16.2;16.7;14.4;92.6;138.3;17.8;18.2;18.1;17.5;14.1;380.5555556;108.3333333;111.1111111;3.8
20790000;14;15;0;0;14.9;16.2;16.5;14.2;92.6;121.5;17.9;18.1;18.1;17.6;13.7;377.7777778;52.77777778;55.55555556;4.2
20790900;14;15;0;0;15.2;16.2;16.2;14.1;92.5;115.4;17.9;17.9;18.1;17.8;13.7;377.7777778;52.77777778;55.55555556;4.2
20791800;14;15;0;0;15.2;16.2;15.8;13.9;92.5;115.4;18;17.6;18.1;17.9;13.7;377.7777778;52.77777778;55.55555556;4.2
20792700;14;16;0;0;15.6;16.4;15.7;13.8;92.9;115.4;18.1;17.2;18.2;18.1;13.7;377.7777778;52.77777778;55.55555556;4.2
20793600;14;17;0;0;15.7;18;15.7;13.7;93.1;78.5;18.3;16.9;18.2;18.2;13.7;377.7777778;16.66666667;16.66666667;3.7
20794500;15;17;0;0;16.1;17.7;15.8;13.7;92.8;78.5;18.5;16.7;18.3;18.4;13.7;377.7777778;16.66666667;16.66666667;3.7
20795400;16;15;0;0;16.7;16.9;15.6;13.8;92.6;78.5;18.7;16.6;18.4;18.8;13.7;377.7777778;16.66666667;16.66666667;3.7
20796300;16;14;0;0;16.7;16.2;15.5;14;92.6;78.5;18.7;16.4;17.7;19.1;13.7;377.7777778;16.66666667;16.66666667;3.7
20797200;16;14;0;0;16.7;15.8;15.5;13.9;92.6;46.8;18.8;16.3;16.9;19.1;13.7;377.7777778;5.555555556;5.555555556;4.4
20798100;16;15;0;0;16.7;15.7;15.5;13.9;92.6;35.3;19.3;16.1;16.6;19.2;13.7;377.7777778;5.555555556;5.555555556;4.4
20799000;16;15;0;0;16.7;15.7;15.6;13.8;92.6;35.3;19.4;16.1;16.4;19.3;13.7;377.7777778;5.555555556;5.555555556;4.4
20799900;16;15;0;0;16.7;15.7;15.5;13.6;92.6;35.3;18.6;16;16.3;19.2;13.7;377.7777778;5.555555556;5.555555556;4.4
20800800;15;14;0;0;16.2;15.2;15.5;13.4;92.6;8;18.3;15.9;16.2;18.8;13.6;377.7777778;0;0;4.3
20801700;15;15;0;0;16.2;15.7;15.5;13.4;92.6;6.1;18.1;15.9;16.2;18.4;13.6;377.7777778;0;0;4.3
20802600;15;16;0;0;16.2;16.2;15.7;13.5;92.6;6.1;18.1;15.8;16.1;18.3;13.6;377.7777778;0;0;4.3
20803500;15;15;0;0;16.2;16.2;15.7;13.5;92.6;6.1;18;15.8;16.1;18.2;13.6;377.7777778;0;0;4.3
20804400;15;15;0;0;16.2;15.8;15.7;13.4;92.4;1.6;17.5;15.8;16.1;18.1;13.6;377.7777778;0;0;4.4
20805300;15;15;0;0;16.2;15.7;15.7;13.3;92.1;0;17.4;15.7;16;17.8;13.6;377.7777778;0;0;4.4
20806200;15;15;0;0;16.2;15.7;15.7;13.4;92.1;0;17.5;15.7;16;17.8;13.6;377.7777778;0;0;4.4
20807100;15;15;0;0;16.2;15.7;15.7;13.5;92.1;0;17.4;15.7;16;17.7;13.6;377.7777778;0;0;4.4
20808000;15;14;0;0;16.6;14.8;15.6;13.4;92.1;0;17.3;15.6;16;17.7;13.5;375;0;0;5.4
20808900;15;14;0;0;16.7;14.7;15.4;13.4;92.5;0;17.4;15.6;16;17.7;13.5;375;0;0;5.4
20809800;16;14;0;0;16.7;14.8;15.4;13.4;92.6;0;17.3;15.6;15.9;17.6;13.5;375;0;0;5.4
20810700;16;15;0;0;16.7;16.1;15.5;13.5;92.6;0;17.3;15.6;15.9;17.6;13.5;375;0;0;5.4
20811600;16;14;0;0;16.7;15.7;15.5;13.3;92.6;0;17.3;15.5;15.9;17.6;13.4;380.5555556;0;0;5.6
20812500;16;14;0;0;16.7;15.2;15.5;13.3;92.1;0;17.2;15.5;15.9;17.5;13.4;380.5555556;0;0;5.6
20813400;16;14;0;0;16.5;15.2;15.5;13.4;92.1;0;17.1;15.5;15.9;17.4;13.4;380.5555556;0;0;5.6
20814300;15.5;14;0;0;16.35;15.2;15.5;14.3;92.35;0;17.1;15.55;15.9;17.4;13.4;380.5555556;0;0;5.6
20815200;15;14;0;0;16.2;15.2;15.5;15.2;92.6;0;17.1;15.6;15.9;17.4;13.5;372.2222222;0;0;5.9
20816100;15;14;0;0;16.2;15.2;15.4;15.3;92.6;0;17.1;15.6;15.9;17.5;13.5;372.2222222;0;0;5.9
20817000;15;14;0;0;16.2;15.2;15.4;15.3;92.6;0;17.1;15.5;15.9;17.4;13.5;372.2222222;0;0;5.9
20817900;15;14;0;0;16.2;15.2;15.4;15.3;92.6;0;17.1;15.5;15.8;17.4;13.5;372.2222222;0;0;5.9
20818800;15;15;0;0;16.2;15.9;15.3;15;92.6;0;17.1;15.5;15.8;17.3;13.6;372.2222222;0;0;5.2
20819700;15;16;0;0;16.2;16.2;15.3;14.8;92.6;0;17.1;15.4;15.7;17.3;13.6;372.2222222;0;0;5.2
20820600;15;15;0;0;16.2;16.2;15.4;14.8;92.6;0;17.1;15.4;15.7;17.3;13.6;372.2222222;0;0;5.2
20821500;15;15;0;0;16.2;15.7;15.4;14.8;92.6;0;17.1;15.4;15.7;17.3;13.6;372.2222222;0;0;5.2
20822400;15;15;0;0;16.2;15.7;15.4;14.4;92.6;0;17.1;15.4;15.8;17.4;13.7;380.5555556;0;0;5.4
20823300;15;14;0;0;16.3;15.6;15.5;14.3;92.6;0;17.3;15.5;15.8;17.4;13.7;380.5555556;0;0;5.4
20824200;16;14;0;0;17;14.3;15.6;14.3;92.6;0;17.3;15.5;15.9;17.5;13.7;380.5555556;0;0;5.4
20825100;16;14;0;0;16.3;14.7;15.6;14.3;92.6;0;17.2;15.6;15.9;17.5;13.7;380.5555556;0;0;5.4
20826000;16;14;0;0;16.2;14.7;15.7;13.8;92.6;0;17.1;15.6;16;17.4;13.8;380.5555556;0;0;5.3
20826900;16;14;0;0;16.2;14.9;15.8;13.6;92.6;0;17.1;15.7;16.1;17.3;13.8;380.5555556;0;0;5.3
20827800;16;15;0;0;16.2;16.2;15.9;13.6;92.2;0;17.1;15.7;16.1;17.3;13.8;380.5555556;0;0;5.3
20828700;16;14;0;0;16.2;15.6;15.9;13.6;92.1;0;17.1;15.8;16.1;17.3;13.8;380.5555556;0;0;5.3
20829600;16;14;0;0;16.2;15.2;15.8;13.7;92.1;0;17.1;15.8;16.2;17.2;13.5;377.7777778;0;0;5.5
20830500;16;14;0;0;16.2;15.2;15.8;13.7;92.1;0;17.1;15.8;16.1;17.3;13.5;377.7777778;0;0;5.5
20831400;16;14;0;0;16.2;15.2;15.8;13.8;92.1;0;17.1;15.8;16.1;17.3;13.5;377.7777778;0;0;5.5
20832300;16;14;0;0;16.2;15.2;15.5;13.8;92.3;0;17.2;15.7;16;17.4;13.5;377.7777778;0;0;5.5
20833200;16;14;0;0;16.2;15.2;15.4;13.8;92.6;0;17.3;15.6;16;17.6;13.6;380.5555556;0;0;3.1
20834100;16;15;0;0;16.2;15.2;15.4;13.8;92.6;0;17.3;15.6;15.9;17.5;13.6;380.5555556;0;0;3.1
20835000;16;15;0;0;16.2;15.5;15.4;13.8;92.6;0;17.3;15.6;15.9;17.5;13.6;380.5555556;0;0;3.1
20835900;16;16;0;0;16.2;16.5;15.6;13.8;92.8;0;17.3;15.6;15.9;17.5;13.6;380.5555556;0;0;3.1
20836800;16;16;0;0;16.2;16.7;15.7;13.7;92.6;0;17.3;15.6;16;17.5;13.8;380.5555556;2.777777778;2.777777778;4.4
20837700;16;15;0;0;16.2;16.3;15.8;13.7;92.6;0;17.3;15.7;16;17.5;13.8;380.5555556;2.777777778;2.777777778;4.4
20838600;16;15;0;0;16.2;16.2;15.8;13.5;92.6;0;17.3;15.7;16;17.5;13.8;380.5555556;2.777777778;2.777777778;4.4
20839500;16;15;0;0;16.2;15.8;15.9;13.4;92.6;0;17.3;15.7;16.1;17.5;13.8;380.5555556;2.777777778;2.777777778;4.4
20840400;16;15;0;0;16.2;15.7;15.6;13.5;92.6;0.3;17.5;15.8;16.1;17.5;13.8;372.2222222;58.33333333;61.11111111;3.8
20841300;16;15;0;0;16.2;15.7;15.4;13.5;93.1;0.5;17.4;15.8;16.1;17.6;13.8;372.2222222;58.33333333;61.11111111;3.8
20842200;16;15;0;0;16.2;15.7;15.4;13.6;93.3;0.5;17.3;15.9;16.2;17.6;13.8;372.2222222;58.33333333;61.11111111;3.8
20843100;17;15;0;0;16.4;15.5;15.5;13.7;93.6;0.5;17.3;16;16.3;17.5;13.8;372.2222222;58.33333333;61.11111111;3.8
20844000;17;15;0;0;16.7;15.7;15.6;13.8;93.6;7.5;17.4;16.1;16.4;17.5;14.5;366.6666667;158.3333333;163.8888889;3.5
20844900;17;16;0;0;16.7;16.7;16.1;13.8;93.3;8.6;17.4;16.5;16.8;17.5;14.5;366.6666667;158.3333333;163.8888889;3.5
20845800;16;16;0;0;16.2;16.7;16.5;13.9;93.1;12.5;17.6;17.2;17.6;17.5;14.5;366.6666667;158.3333333;163.8888889;3.5
20846700;16;15;0;0;16.2;16.3;16.8;14;92.7;17;17.7;18;18.6;17.6;14.5;366.6666667;158.3333333;163.8888889;3.5
20847600;16;14;0;0;16.2;15.3;16.7;14.5;92.6;56.7;17.9;18.3;19;17.7;14.6;380.5555556;108.3333333;108.3333333;2.2
20848500;15;14;0;0;16.2;15.2;17.2;14.5;92.6;59.5;18.9;19;19.7;17.8;14.6;380.5555556;108.3333333;108.3333333;2.2
20849400;16;14;0;0;16.3;15.2;17.1;14.4;91.9;59.5;19.8;19.3;20.1;17.9;14.6;380.5555556;108.3333333;108.3333333;2.2
20850300;16;14;0;0;16.7;15.2;17.2;14.3;92.2;59.5;20.1;19.6;20.2;18;14.6;380.5555556;108.3333333;108.3333333;2.2
20851200;16;14;0;0;16.7;15.2;17.1;14.7;92.1;101.1;20.1;19.7;20.1;18.1;14.7;372.2222222;288.8888889;341.6666667;2.6
20852100;16;14;0;0;16.8;15.2;16.8;14.9;92.7;116.2;19.7;19.4;19.6;18.2;14.7;372.2222222;288.8888889;341.6666667;2.6
20853000;16;14;0;0;17.2;15.3;16.7;15;93.3;116.2;19.4;19.1;19.4;18.3;14.7;372.2222222;288.8888889;341.6666667;2.6
20853900;16;15;0;0;17.2;16.3;16.7;15.1;93.6;116.2;19.2;19;19.2;18.4;14.7;372.2222222;288.8888889;341.6666667;2.6
20854800;16;17;0;0;17.2;17.3;17.1;15.5;93.8;147.3;19.6;19.5;19.7;18.4;15;386.1111111;97.22222222;100;3.7
20855700;16;17;26;57;17.1;18.1;17.7;15.6;93.4;155.1;20.4;20.4;20.4;19.4;15;386.1111111;97.22222222;100;3.7
20856600;16;17;0;0;17.2;18.2;18;15.4;92.3;144.3;20;20.2;20.3;19.3;15;386.1111111;97.22222222;100;3.7
20857500;16;17;23;26;16.9;17.9;17.4;15.2;92.3;137.1;19.5;19.6;19.7;18.8;15;386.1111111;97.22222222;100;3.7
20858400;16;16;0;0;16.7;17.2;16.9;15.6;93.4;205.7;18.5;18.5;18.7;18.1;15.1;383.3333333;219.4444444;227.7777778;3.4
20859300;16;16;0;0;17.1;17.2;16.8;15.8;94.1;230.7;18.4;18.3;18.6;18.2;15.1;383.3333333;219.4444444;227.7777778;3.4
20860200;16;16;0;0;17.2;17.2;16.8;15.6;94.5;216.5;18.2;18.3;18.5;18.4;15.1;383.3333333;219.4444444;227.7777778;3.4
20861100;15;16;15;38;16.1;17;16.8;15.3;94.6;195.1;18.1;18.4;18.4;18.1;15.1;383.3333333;219.4444444;227.7777778;3.4
20862000;13;15;9;29;13.7;16.2;17.4;15.5;95;236.9;17.5;17.3;17.6;17.1;15.8;386.1111111;155.5555556;158.3333333;2.9
20862900;13;16;0;0;14;17.2;17.8;15.6;94.7;247.3;18.3;18.9;18.7;17.1;15.8;386.1111111;155.5555556;158.3333333;2.9
20863800;13;16;0;0;14.3;17.1;18;15.4;94.6;247.3;19.9;20.2;20.2;17.3;15.8;386.1111111;155.5555556;158.3333333;2.9
20864700;16;18;26;81;16.7;18.8;17.7;15.3;93.8;247.3;21;21.2;21.2;19.4;15.8;386.1111111;155.5555556;158.3333333;2.9
20865600;17;17;0;0;17.6;18.4;17.4;15.6;93.6;263.3;20.1;20.3;20.4;19.1;14.9;386.1111111;169.4444444;172.2222222;3.1
20866500;16;16;22;24;16.8;17.7;17.2;15.8;94.1;271.3;19.2;19.3;19.4;18.4;14.9;386.1111111;169.4444444;172.2222222;3.1
20867400;16;16;0;0;16.7;17.4;16.8;15.7;94.1;271.3;18.9;18.8;19;18.3;14.9;386.1111111;169.4444444;172.2222222;3.1
20868300;16;16;0;0;17.1;17.4;16.7;15.6;94.6;271.3;18.8;18.7;18.9;18.4;14.9;386.1111111;169.4444444;172.2222222;3.1
20869200;16;16;0;0;17.1;17.4;17.2;15.7;94.7;245;18.8;18.8;19;18.6;15.1;383.3333333;175;177.7777778;3.2
20870100;16;16;0;0;17.4;17.4;18;15.7;93.9;238.4;19.5;19.3;19.7;18.7;15.1;383.3333333;175;177.7777778;3.2
20871000;16;17;5;7;17.5;17.9;18.1;15.7;93.6;238.4;20.1;19.9;20.2;18.8;15.1;383.3333333;175;177.7777778;3.2
20871900;16;17;17;36;16.9;17.8;17.1;15.8;93.1;238.4;19.3;19.4;19.7;18.7;15.1;383.3333333;175;177.7777778;3.2
20872800;16;17;0;0;17.1;17.4;17.1;15.8;93.4;217.9;18.9;18.9;19.2;18.5;16.4;375;183.3333333;183.3333333;3.2
20873700;13;16;27;83;14.3;16.7;17.4;15.8;93.6;216.4;18.3;18.2;18.5;17.7;16.4;375;183.3333333;183.3333333;3.2
20874600;13;16;0;0;14.2;16.4;18.2;15.5;93.9;216.4;18;18.3;18.4;17.3;16.4;375;183.3333333;183.3333333;3.2
20875500;14;15;0;0;14.6;16.4;18.9;14.9;93;216.4;18.5;19.2;19.4;17.5;16.4;375;183.3333333;183.3333333;3.2
20876400;14;15;0;0;14.6;16.4;18.3;15;93.5;190.6;19;19.7;19.8;17.7;16.5;377.7777778;116.6666667;122.2222222;3.1
20877300;14;15;0;0;15.1;16.4;18;15;94.2;181.2;19.4;19.9;19.9;17.8;16.5;377.7777778;116.6666667;122.2222222;3.1
20878200;14;15;0;0;15.1;16.4;18.1;15;93.7;181.2;19.8;20.1;20.1;17.9;16.5;377.7777778;116.6666667;122.2222222;3.1
20879100;14;15;0;0;15.1;16.5;18.3;15;93.2;181.2;20.1;20.2;20.2;18;16.5;377.7777778;116.6666667;122.2222222;3.1
20880000;14;17;0;0;15.6;17.9;18.5;15.1;93.1;131.4;20.3;20.4;20.4;18.1;16;380.5555556;69.44444444;72.22222222;3.2
20880900;14;17;17;38;15.9;18.3;18.2;15.1;92.9;127.8;20.2;20.4;20.4;18.6;16;380.5555556;69.44444444;72.22222222;3.2
20881800;16;17;4;7;17.1;17.9;18;16;93;127.8;19.4;19.5;19.7;18.7;16;380.5555556;69.44444444;72.22222222;3.2
20882700;16;17;0;0;17.1;17.9;17.9;16.4;92.8;127.8;19.6;19.7;19.9;18.8;16;380.5555556;69.44444444;72.22222222;3.2
20883600;14;16;27;85;14.8;17.2;17.5;16;92.9;74.6;18.6;18.7;18.8;18;15.4;377.7777778;8.333333333;11.11111111;3.2
20884500;13;16;0;0;14.3;16.4;17.6;15.9;93.3;61.3;17.7;17.7;18;17.2;15.4;377.7777778;8.333333333;11.11111111;3.2
20885400;13;16;0;0;14.5;16.4;17.4;16;92.9;61.3;17.9;17.9;18.1;17.4;15.4;377.7777778;8.333333333;11.11111111;3.2
20886300;14;16;0;0;14.8;16.4;17.3;16.1;92.9;61.3;18;18;18.1;17.5;15.4;377.7777778;8.333333333;11.11111111;3.2
20887200;14;16;0;0;14.8;16.4;17.1;15.7;92.6;11.9;18.1;17.9;18.3;17.7;15.1;372.2222222;0;0;3.1
20888100;14;17;0;0;15.1;17.4;16.9;15.7;93;11.9;18.1;17.8;18.3;17.9;15.1;372.2222222;0;0;3.1
20889000;14;17;0;0;15.3;18.2;16.9;15.7;93;11.9;18.2;17.5;18.5;18;15.1;372.2222222;0;0;3.1
20889900;14;16;0;0;15.3;17.8;16.8;15.6;93;11.9;18.5;17.2;18.6;18.2;15.1;372.2222222;0;0;3.1
20890800;14;16;0;0;15.8;17.4;16.7;15.1;93;2.4;18.7;17;18.7;18.3;14.9;369.4444444;0;0;2.7
20891700;14;16;0;0;15.8;17.4;16.7;15;93;0;18.8;16.9;18.8;18.6;14.9;369.4444444;0;0;2.7
20892600;15;16;0;0;16;17.4;16.7;14.9;93;0;18.9;16.8;18.8;18.9;14.9;369.4444444;0;0;2.7
20893500;15;16;0;0;16.3;17;16.7;14.8;93;0;19;16.7;18.8;19.1;14.9;369.4444444;0;0;2.7
20894400;15;15;0;0;16.3;16.7;16.8;14.6;92.7;0;19.1;16.7;19.1;19.3;14.8;366.6666667;0;0;2.9
20895300;15;14;0;0;16.3;15.9;16.8;14.6;92.4;0;19.2;16.7;18.5;19.4;14.8;366.6666667;0;0;2.9
20896200;15;15;0;0;16.3;15.9;16.7;14.7;92.4;0;19.4;16.6;17.5;19.5;14.8;366.6666667;0;0;2.9
20897100;16;16;0;0;16.6;16.9;16.6;14.9;92.4;0;19.6;16.5;17;19.4;14.8;366.6666667;0;0;2.9
20898000;16;16;0;0;16.8;16.9;16.7;14.7;92.4;0;19.3;16.5;16.9;19.1;14.6;366.6666667;0;0;2.8
20898900;16;16;0;0;16.8;16.9;16.6;14.6;92.4;0;18.6;16.4;16.8;18.9;14.6;366.6666667;0;0;2.8
20899800;16;16;0;0;16.8;16.9;16.6;14.6;92;0;18.2;16.4;16.8;18.6;14.6;366.6666667;0;0;2.8
20900700;15;15;0;0;16.8;16;16.5;14.6;92.4;0;18.2;16.4;16.7;18.4;14.6;366.6666667;0;0;2.8
20901600;15;15;0;0;16.8;15.4;16.5;15.1;92.4;0;18.5;16.3;16.7;18.4;14.4;352.7777778;0;0;1.9
20902500;15;15;0;0;16.8;15.4;16.4;15.3;92.4;0;18.6;16.3;16.6;18.5;14.4;352.7777778;0;0;1.9
20903400;15;15;0;0;16.8;15.7;16.3;15.3;92.4;0;18.5;16.2;16.5;18.6;14.4;352.7777778;0;0;1.9
20904300;15;15;0;0;16.8;15.8;16.3;15.3;92.4;0;18.1;16.1;16.5;18.5;14.4;352.7777778;0;0;1.9
20905200;15;16;0;0;16.8;16;16.3;14.8;92.4;0;17.9;16;16.4;18.4;14.2;369.4444444;0;0;2.4
20906100;16;15;0;0;16.8;16.4;16.3;14.8;92.4;0;17.8;16;16.4;18.1;14.2;369.4444444;0;0;2.4
20907000;16;14;0;0;16.8;15.4;16.2;14.8;92.4;0;17.7;15.9;16.3;18;14.2;369.4444444;0;0;2.4
20907900;16;14;0;0;16.8;15.4;16.3;14.8;92.4;0;17.7;15.8;16.2;18;14.2;369.4444444;0;0;2.4
20908800;15;14;0;0;16.8;15.4;16.3;14.4;92.2;0;17.6;15.9;16.2;17.9;14.2;361.1111111;0;0;2.6
20909700;15;14;0;0;16.8;15.4;16.3;14.3;91.9;0;17.6;15.9;16.2;17.9;14.2;361.1111111;0;0;2.6
20910600;15;14;0;0;16.8;15.4;16.3;14.3;91.9;0;17.6;15.9;16.2;17.9;14.2;361.1111111;0;0;2.6
20911500;15;14;0;0;16.8;15.4;16.4;14.3;91.9;0;17.5;15.8;16.2;17.7;14.2;361.1111111;0;0;2.6
20912400;15;15;0;0;16.5;15.4;16.4;14;91.9;0;17.4;15.8;16.1;17.7;13.9;355.5555556;0;0;2.4
20913300;15;15;0;0;16.5;15.3;16.4;13.9;91.9;0;17.4;15.7;16.1;17.7;13.9;355.5555556;0;0;2.4
20914200;16;15;0;0;16.8;15.6;16.4;13.8;91.9;0;17.5;15.8;16.1;17.7;13.9;355.5555556;0;0;2.4
20915100;16;14;0;0;16.8;15.6;16.3;13.8;91.9;0;17.4;15.8;16.2;17.7;13.9;355.5555556;0;0;2.4
20916000;16;14;0;0;16.8;15;16.3;13.6;91.9;0;17.4;15.7;16;17.7;13.6;355.5555556;0;0;2.3
20916900;15;14;0;0;16.8;14.9;16.3;13.6;91.9;0;17.4;15.6;15.9;17.7;13.6;355.5555556;0;0;2.3
20917800;15;14;0;0;16.3;14.9;16.3;13.9;91.9;0;17.4;15.5;15.9;17.7;13.6;355.5555556;0;0;2.3
20918700;15;14;0;0;16.3;14.9;16;14.1;91.9;0;17.2;15.4;15.8;17.6;13.6;355.5555556;0;0;2.3
20919600;15;14;0;0;16.3;14.9;16;13.9;91.9;0;17.2;15.3;15.7;17.6;13.7;352.7777778;0;0;2.3
20920500;15;14;0;0;16.3;15;16.2;13.9;91.9;0;17.2;15.3;15.7;17.5;13.7;352.7777778;0;0;2.3
20921400;15;14;0;0;16.3;15.4;16.3;13.8;91.9;0;17.2;15.4;15.8;17.5;13.7;352.7777778;0;0;2.3
20922300;15;15;0;0;16.5;15.4;16.3;13.8;91.9;0;17.1;15.4;15.8;17.4;13.7;352.7777778;0;0;2.3
20923200;16;15;0;0;16.8;15.4;16.1;13.6;91.9;0;17.2;15.4;15.7;17.4;13.6;375;2.777777778;2.777777778;2.4
20924100;16;14;0;0;16.6;15;16;13.6;91.9;0;17.1;15.3;15.7;17.4;13.6;375;2.777777778;2.777777778;2.4
20925000;15;14;0;0;16.3;14.9;16.3;13.6;91.9;0;17.1;15.3;15.7;17.4;13.6;375;2.777777778;2.777777778;2.4
20925900;15;14;0;0;16.3;14.9;16.4;13.6;91.9;0;17;15.4;15.8;17.4;13.6;375;2.777777778;2.777777778;2.4
20926800;15;14;0;0;16.3;14.9;16.5;13.4;91.7;1;17;15.5;15.9;17.3;13.9;377.7777778;36.11111111;36.11111111;2.1
20927700;15;14;0;0;16.3;14.9;16.7;13.4;91.9;1.2;16.9;15.6;16;17.2;13.9;377.7777778;36.11111111;36.11111111;2.1
20928600;15;14;0;0;16.3;14.9;16.9;13.5;91.7;1.2;17;15.7;16.1;17.2;13.9;377.7777778;36.11111111;36.11111111;2.1
20929500;15;14;0;0;16.3;14.9;17.1;13.6;91.4;1.2;17;15.8;16.3;17.2;13.9;377.7777778;36.11111111;36.11111111;2.1
20930400;15;14;0;0;16.3;14.8;17.2;13.7;90.4;26.6;17.1;16;16.5;17.3;14.5;366.6666667;141.6666667;141.6666667;3.2
20931300;15;15;0;0;16.3;15.9;17.3;13.7;86.6;33;17.3;16.4;16.7;17.3;14.5;366.6666667;141.6666667;141.6666667;3.2
20932200;15;15;0;0;16.3;15.9;17.4;13.8;84.2;32.8;17.4;16.8;17.1;17.4;14.5;366.6666667;141.6666667;141.6666667;3.2
20933100;15;15;0;0;16.3;15.9;17.8;13.9;81.1;32.4;17.5;17.2;17.7;17.4;14.5;366.6666667;141.6666667;141.6666667;3.2
20934000;15;15;1;0;16;15.7;17.8;14.2;79.6;94.7;17.7;17.7;18.1;17.5;14.6;369.4444444;191.6666667;194.4444444;2
20934900;14;14;0;0;15.4;15.4;17.8;14.3;79.2;110.3;18.1;17.9;18.3;17.6;14.6;369.4444444;191.6666667;194.4444444;2
20935800;14;14;0;0;15.8;15.4;18.3;14.3;77.2;110.3;18.5;18.3;18.7;17.8;14.6;369.4444444;191.6666667;194.4444444;2
20936700;14;14;0;0;16;15.4;18.4;14.4;76.2;110.3;18.9;18.6;19.2;17.8;14.6;369.4444444;191.6666667;194.4444444;2
20937600;14;16;28;49;15.7;16.8;19;14.9;75.2;186.1;19.1;19.1;19.4;18.4;15.2;375;263.8888889;266.6666667;3.1
20938500;14;16;33;49;15.5;16.8;18.7;15.1;73.9;213.6;18.4;18.4;18.7;17.9;15.2;375;263.8888889;266.6666667;3.1
20939400;14;15;33;50;15.1;16.4;19.1;15.2;73.7;213.6;18.3;18.2;18.5;17.7;15.2;375;263.8888889;266.6666667;3.1
20940300;14;16;33;52;15.3;16.5;19.8;15.3;70.6;213.6;18.8;18.8;19.1;18.1;15.2;375;263.8888889;266.6666667;3.1
20941200;15;16;33;53;15.6;16.9;19.9;15.8;69.2;287.6;19.1;19.2;19.4;18.4;16.1;375;291.6666667;294.4444444;3.3
20942100;15;17;33;55;16.3;17.6;20;16.1;68.2;324.6;19.9;19.8;20.1;19.1;16.1;375;291.6666667;294.4444444;3.3
20943000;16;17;33;55;16.7;18;20.2;15.7;67.2;327.2;20.4;20.4;20.6;19.5;16.1;375;291.6666667;294.4444444;3.3
20943900;16;18;33;56;17.1;18.4;20.4;15.5;65.8;329;20.8;20.8;21.1;19.9;16.1;375;291.6666667;294.4444444;3.3
20944800;16;18;33;60;17.1;18.4;20.4;16.5;66.8;389.2;20.7;20.7;21;19.8;16.4;375;322.2222222;322.2222222;3.1
20945700;16;18;33;61;17.1;18.6;20.6;16.5;64.9;389.2;20.9;20.9;21.1;20.1;16.4;375;322.2222222;322.2222222;3.1
20946600;17;18;33;59;17.5;18.9;20.9;16.3;63.2;387.3;21.2;21.2;21.5;20.4;16.4;375;322.2222222;322.2222222;3.1
20947500;17;18;33;60;17.7;19.2;21.2;16.2;62.7;386.1;21.4;21.5;21.7;20.6;16.4;375;322.2222222;322.2222222;3.1
20948400;17;19;33;60;18.2;19.7;21.7;16.9;62;453.9;21.9;22;22.2;21;17.3;375;394.4444444;413.8888889;2.8
20949300;18;19;33;60;18.6;19.9;21.9;17.1;60.9;478.6;22.2;22.3;22.4;21.3;17.3;375;394.4444444;413.8888889;2.8
20950200;18;20;33;61;18.9;20.4;21.9;17;60.1;478.6;22.7;22.8;23;21.9;17.3;375;394.4444444;413.8888889;2.8
20951100;19;21;33;66;19.9;21.4;22.1;16.9;58.4;478.6;23.8;23.8;24.1;23.1;17.3;375;394.4444444;413.8888889;2.8
20952000;19;21;33;68;20.6;21.9;22.1;17.4;58.3;458.7;24.1;24.2;24.4;23.3;18;361.1111111;347.2222222;519.4444444;3.2
20952900;19;21;33;69;20.6;22;21.9;17.4;57.7;458.7;24.2;24.4;24.6;23.5;18;361.1111111;347.2222222;519.4444444;3.2
20953800;18;22;38;172;19.2;22.6;22.6;17.3;57.2;458.7;24.6;24.6;24.7;23.9;18;361.1111111;347.2222222;519.4444444;3.2
20954700;17;20;43;131;18.5;21.3;22.3;16.9;56.8;458.7;22.9;23;23.2;21.9;18;361.1111111;347.2222222;519.4444444;3.2
20955600;17;20;35;96;18.3;20.6;21.5;17.3;57.8;475.7;22.7;22.8;22.9;21.7;17.1;375;155.5555556;216.6666667;3.1
20956500;20;22;32;73;20.7;22.6;22.2;17.4;57.6;479.9;25.1;25.4;25.3;24.4;17.1;375;155.5555556;216.6666667;3.1
20957400;20;22;33;64;21.5;23.1;22.4;17.6;54.8;479.9;24.9;25;25.1;23.8;17.1;375;155.5555556;216.6666667;3.1
20958300;20;22;33;62;21;22.5;21.4;17.7;58.2;479.9;24.2;24.2;24.3;23.2;17.1;375;155.5555556;216.6666667;3.1
20959200;17;19;40;108;18.3;20.6;20.2;17.8;61.7;445.2;22;21.9;22.1;21.3;17.9;338.8888889;177.7777778;338.8888889;1.7
20960100;17;18;0;0;17.7;18.9;20.1;17.9;61.6;427.9;20.5;20.6;20.9;19.8;17.9;338.8888889;177.7777778;338.8888889;1.7
20961000;17;18;23;66;17.5;19.1;20.9;18;59.2;427.9;21.1;21.1;21.4;20.4;17.9;338.8888889;177.7777778;338.8888889;1.7
20961900;16;18;43;68;17.6;18.9;20.9;18.1;58.6;427.9;20.7;20.7;21;20;17.9;338.8888889;177.7777778;338.8888889;1.7
20962800;16;18;43;89;17.6;19.1;20.8;18.1;58.8;345.4;21.4;21.3;21.5;20.5;18.3;352.7777778;163.8888889;355.5555556;2.1
20963700;17;19;43;112;17.6;19.8;21.3;18.1;59.5;332.7;22.2;22.2;22.4;21.3;18.3;352.7777778;163.8888889;355.5555556;2.1
20964600;17;19;43;108;18;20.1;21.5;17.4;59.5;332.7;22.1;22.2;22.3;21.2;18.3;352.7777778;163.8888889;355.5555556;2.1
20965500;17;19;43;103;18.1;19.9;21.8;17;58.9;332.7;22;22;22.2;21.1;18.3;352.7777778;163.8888889;355.5555556;2.1
20966400;17;19;43;102;18.1;19.9;22;16.9;57.4;264.3;21.9;22;22.1;21.1;17.7;352.7777778;66.66666667;88.88888889;0.7
20967300;17;19;43;89;18.1;19.8;22;16.8;59.3;239.4;21.5;21.5;21.7;20.7;17.7;352.7777778;66.66666667;88.88888889;0.7
20968200;16;18;33;101;16.5;19.1;21.2;17.1;60.9;239.4;20.6;20.6;20.8;19.9;17.7;352.7777778;66.66666667;88.88888889;0.7
20969100;15;16;23;47;16.6;17.5;20.9;17.6;62;239.4;19.1;19.2;19.3;18.5;17.7;352.7777778;66.66666667;88.88888889;0.7
20970000;16;16;0;0;17;16.9;20.5;17.2;63.3;154.3;19.3;19.3;19.6;18.3;16.9;322.2222222;11.11111111;16.66666667;0.8
20970900;16;16;0;0;17;17.2;20;17.1;65.1;123.4;19.7;19.6;19.9;18.5;16.9;322.2222222;11.11111111;16.66666667;0.8
20971800;16;17;0;0;17;17.4;19.3;17.4;67.7;123.4;19.8;19.5;20;18.7;16.9;322.2222222;11.11111111;16.66666667;0.8
20972700;16;17;0;0;17;17.6;18.8;17.8;70.2;123.4;19.6;19.3;19.9;18.8;16.9;322.2222222;11.11111111;16.66666667;0.8
20973600;16;17;0;0;17.5;17.9;18.3;17.4;72.5;49.9;19.3;19.1;19.7;18.8;15.8;322.2222222;0;0;1.4
20974500;16;18;0;0;17.5;19.1;17.7;17.2;74.8;23.2;19.1;19;19.5;18.9;15.8;322.2222222;0;0;1.4
20975400;14;15;23;64;14.4;16.5;17.2;17.1;77;25.3;17.6;17.2;17.7;17.3;15.8;322.2222222;0;0;1.4
20976300;14;15;0;0;14.7;15.9;17;17.1;78.1;26.3;17.1;16.5;17;17;15.8;322.2222222;0;0;1.4
20977200;14;15;0;0;14.7;15.9;16.8;16.2;78.8;0;17.2;16.5;16.9;17.3;15.1;316.6666667;0;0;1.9
20978100;14;15;0;0;14.7;15.9;16.9;16.2;78.6;0;17.4;16.4;16.8;17.5;15.1;316.6666667;0;0;1.9
20979000;14;15;0;0;15.1;15.9;16.6;16.1;79.3;0;17.6;16;16.7;17.7;15.1;316.6666667;0;0;1.9
20979900;14;15;0;0;15.2;15.9;16.5;16.1;79.6;0;17.8;15.7;16.4;18.2;15.1;316.6666667;0;0;1.9
20980800;14;15;0;0;15.2;15.9;16.3;15.3;79.6;0;17.8;15.4;16.3;18.6;14.2;313.8888889;0;0;1.4
20981700;15;15;0;0;15.7;15.9;16.1;15.2;79.8;0;18.1;15.2;16.4;19;14.2;313.8888889;0;0;1.4
20982600;15;15;0;0;15.7;16.1;16;15.1;80.1;0;18.3;14.9;16.4;19;14.2;313.8888889;0;0;1.4
20983500;15;16;0;0;15.7;16.4;15.9;15;80.7;0;18.4;14.6;15.5;18.8;14.2;313.8888889;0;0;1.4
20984400;15;15;0;0;15.7;16.4;15.8;14.5;81.3;0;18.1;14.4;15.1;18.5;13.7;311.1111111;0;0;1
20985300;15;15;0;0;15.7;16;15.7;14.4;82;0;17.8;14.2;14.9;18.2;13.7;311.1111111;0;0;1
20986200;15;15;0;0;15.7;15.9;15.3;14.4;82.5;0;17.2;14;14.6;18;13.7;311.1111111;0;0;1
20987100;15;14.5;0;0;15.7;15.65;15.1;14.75;83.15;0;17.05;13.85;14.4;17.75;13.7;311.1111111;0;0;1
20988000;15;14;0;0;15.7;15.4;14.9;15.1;83.8;0;16.9;13.7;14.2;17.5;13.5;308.3333333;0;0;1
20988900;15;14;0;0;15.7;15.4;14.9;15.3;84;0;16.5;13.6;14.1;17.4;13.5;308.3333333;0;0;1
20989800;15;14;0;0;15.5;14.9;14.7;15.3;84.1;0;16.2;13.5;14;17.1;13.5;308.3333333;0;0;1
20990700;15;13;0;0;15.7;14.3;14.5;15.3;84.4;0;15.9;13.3;13.9;16.8;13.5;308.3333333;0;0;1
20991600;16;14;0;0;17;14;14.4;14.9;84.1;0;15.9;13;13.8;16.6;12;305.5555556;0;0;1.3
20992500;16;14;0;0;16.1;14.9;14.3;14.8;84.1;0;15.7;12.9;13.5;16.5;12;305.5555556;0;0;1.3
20993400;15;13;0;0;15.6;14.1;14.2;14.8;84.2;0;15.5;12.7;13.3;16.4;12;305.5555556;0;0;1.3
20994300;15;13;0;0;15.2;13.9;14;14.8;84.6;0;15.3;12.6;13.2;16.2;12;305.5555556;0;0;1.3
20995200;15;13;0;0;15.1;13.9;13.9;14.3;84.6;0;15.1;12.5;13.1;16;11.8;305.5555556;0;0;1.4
20996100;15;13;0;0;14.7;13.9;13.8;14.3;84.7;0;14.9;12.3;12.9;15.8;11.8;305.5555556;0;0;1.4
20997000;14;12;0;0;14.7;13.9;13.7;14.3;85.1;0;14.7;12.2;12.8;15.7;11.8;305.5555556;0;0;1.4
20997900;14;12;0;0;14.4;13.8;13.5;14.3;85.1;0;14.6;12;12.7;15.5;11.8;305.5555556;0;0;1.4
20998800;14;12;0;0;14.2;13.4;13.5;12.9;85.5;0;14.5;11.9;12.5;15.4;11.6;305.5555556;0;0;1
20999700;14;13;0;0;14;13.7;13.5;12.7;85.6;0;14.4;11.8;12.4;15.3;11.6;305.5555556;0;0;1
21000600;14;14;0;0;13.9;14.7;13.4;12.1;85.6;0;14.3;11.6;12.3;15.2;11.6;305.5555556;0;0;1
21001500;16;11;0;0;15.9;11.4;13.4;11.6;85.6;0;14.3;11.6;12.1;15.1;11.6;305.5555556;0;0;1
21002400;15;11;0;0;14.2;11.8;13.4;11.5;85.6;0;14.1;11.5;12.1;15.1;11.1;311.1111111;0;0;1.2
21003300;14;11;0;0;14;12.2;13.3;11.5;85.6;0;14.3;11.5;12;15.1;11.1;311.1111111;0;0;1.2
21004200;14;11;0;0;13.6;12.3;13.1;11.6;85.6;0;14;11.4;11.9;15.1;11.1;311.1111111;0;0;1.2
21005100;14;11;0;0;13.5;12.3;13;11.6;85.6;0;13.6;11.3;11.8;14.8;11.1;311.1111111;0;0;1.2
21006000;13;11;0;0;13.4;12.3;12.9;11.5;85.6;0;13.4;11.2;11.8;14.5;10.4;347.2222222;0;0;1.4
21006900;13;11;0;0;13;12.3;12.8;11.5;86;0;13.5;11.1;11.7;14.4;10.4;347.2222222;0;0;1.4
21007800;13;11;0;0;13;12.3;12.9;11.4;86.9;0;13.5;11;11.7;14.4;10.4;347.2222222;0;0;1.4
21008700;13;13;0;0;13;13.5;13.4;11.4;87.3;0;13.5;11.3;11.9;14.3;10.4;347.2222222;0;0;1.4
21009600;14;12;0;0;14.1;12.7;13.9;11.3;86.2;0;13.5;11.6;12.2;14.4;10.4;361.1111111;11.11111111;11.11111111;2
21010500;14;10;0;0;14.6;10.9;14;11.3;85.9;0;13.7;11.9;12.5;14.4;10.4;361.1111111;11.11111111;11.11111111;2
21011400;14;11;0;0;13.7;11.7;14.1;11.1;85.4;0;13.6;12.1;12.7;14.4;10.4;361.1111111;11.11111111;11.11111111;2
21012300;13;11;0;0;13.2;11.8;14.1;10.9;85.1;0;13.6;12.3;12.8;14.5;10.4;361.1111111;11.11111111;11.11111111;2
21013200;13;11;0;0;13.2;12.2;14.3;10.8;85.1;2.2;13.8;12.6;13;14.6;10.7;366.6666667;52.77777778;52.77777778;2.2
21014100;13;11;0;0;13.2;12.2;14.3;10.8;84.5;2.7;14;12.8;13.2;14.7;10.7;366.6666667;52.77777778;52.77777778;2.2
21015000;13;11;0;0;13.2;12.2;14.3;10.5;84.5;2.7;14.1;13;13.4;14.5;10.7;366.6666667;52.77777778;52.77777778;2.2
21015900;13;11;0;0;13.2;12.2;14.5;10.2;84.3;2.7;14;13.2;13.6;14.5;10.7;366.6666667;52.77777778;52.77777778;2.2
21016800;13;13;0;0;13.2;12.9;14.8;10.8;83.8;60.7;14.1;13.4;13.8;14.6;11.3;369.4444444;122.2222222;122.2222222;2.5
21017700;14;13;0;0;14.2;13.7;15;10.9;82.9;75.2;14.3;13.7;14.1;14.8;11.3;369.4444444;122.2222222;122.2222222;2.5
21018600;15;13;0;0;16.1;13.1;15.2;10.9;81.6;74.3;14.5;14.1;14.4;15;11.3;369.4444444;122.2222222;122.2222222;2.5
21019500;15;13;0;0;15.3;13.7;15.5;11;81.8;73.2;14.7;14.5;14.7;15.2;11.3;369.4444444;122.2222222;122.2222222;2.5
21020400;13;12;0;0;14;12.9;15.9;12;79.4;185.4;15.2;15.1;15.3;15.3;11.8;372.2222222;213.8888889;213.8888889;2.5
21021300;14;12;0;0;14.1;12.7;16;12.3;79.2;213.5;15.4;15.6;15.9;15.5;11.8;372.2222222;213.8888889;213.8888889;2.5
21022200;14;12;0;0;14.6;12.7;16.5;12.1;78.1;213.5;15.6;16.1;16.4;15.7;11.8;372.2222222;213.8888889;213.8888889;2.5
21023100;14;12;0;0;14.8;13.2;17;11.9;76.1;213.5;16.1;16.7;17.1;15.8;11.8;372.2222222;213.8888889;213.8888889;2.5
21024000;14;13;0;0;14.8;13.4;17.4;13;74.7;326.5;17.1;17.4;18;16;13.4;325;213.8888889;555.5555556;2.6
21024900;14;13;0;0;14.8;13.7;16.8;13.4;75.9;367.6;18.5;18.2;19;16.2;13.4;325;213.8888889;555.5555556;2.6
21025800;14;15;15;33;15.7;15.6;16.8;13.1;76.9;367.6;20.8;20.5;21;18.5;13.4;325;213.8888889;555.5555556;2.6
21026700;18;19;33;62;18.7;20.3;17.1;12.7;76.7;367.6;22.6;22.8;22.9;21.2;13.4;325;213.8888889;555.5555556;2.6
21027600;18;21;38;128;18.7;21.5;17.6;14.1;75.6;456;24;24.2;24.2;22.6;16.8;311.1111111;102.7777778;705.5555556;1.7
21028500;18;21;39;142;19;22.1;17.9;14.6;74.5;488.2;24.5;24.7;24.6;23.2;16.8;311.1111111;102.7777778;705.5555556;1.7
21029400;19;22;39;141;19.5;22.6;18.1;14.1;73.8;480.4;25;25.2;25.2;23.8;16.8;311.1111111;102.7777778;705.5555556;1.7
21030300;19;23;39;152;20.1;23.4;18.5;13.4;73;468.7;25.6;26;25.9;24.6;16.8;311.1111111;102.7777778;705.5555556;1.7
21031200;20;23;39;146;20.8;24.1;19.2;14.9;69.9;540.6;26.4;26.6;26.6;25.5;19.2;330.5555556;180.5555556;652.7777778;2.2
21032100;20;24;36;174;21.2;25.1;19.8;15.4;66.3;566.8;27.6;27.7;27.7;26.7;19.2;330.5555556;180.5555556;652.7777778;2.2
21033000;18;24;43;273;19;24.8;20.2;15.2;59.3;565.1;26.3;26.6;26.4;25.8;19.2;330.5555556;180.5555556;652.7777778;2.2
21033900;18;23;43;232;19.6;24.2;20.8;15;58.8;563.2;26.2;26.4;26.3;25.4;19.2;330.5555556;180.5555556;652.7777778;2.2
21034800;19;24;24;135;20.6;25.2;21.8;16.6;57.1;599.8;27.9;28.2;28.1;27;18.8;352.7777778;211.1111111;436.1111111;1.8
21035700;20;26;28;191;21.3;26.7;22.4;16.6;53.5;599.8;28.4;28.8;28.4;27.5;18.8;352.7777778;211.1111111;436.1111111;1.8
21036600;18;22;43;206;19.5;23.7;22;17;51.7;599.8;24.9;25.3;25.2;24.2;18.8;352.7777778;211.1111111;436.1111111;1.8
21037500;19;23;29;146;19.7;23.4;22.6;18.1;51.2;599.8;25.7;26.1;25.8;25;18.8;352.7777778;211.1111111;436.1111111;1.8
21038400;20;23;37;138;21.1;24;22.7;18.7;51.9;576.5;26.2;26.5;26.5;25.4;21.2;338.8888889;177.7777778;652.7777778;1.8
21039300;19;22;40;190;18.7;22.9;22;18.8;52.9;570.7;24.3;24.4;24.5;23.4;21.2;338.8888889;177.7777778;652.7777778;1.8
21040200;17;21;43;147;18.9;21.5;21.8;19.3;49.6;570.7;23.7;23.7;23.8;22.7;21.2;338.8888889;177.7777778;652.7777778;1.8
21041100;18;20;35;110;18.9;21.5;21.7;19.8;47.9;570.7;23.2;23.5;23.5;22.4;21.2;338.8888889;177.7777778;652.7777778;1.8
21042000;20;22;32;74;20.8;22.5;22;20.2;47.7;534.6;25.2;25.6;25.4;24.5;20.1;338.8888889;152.7777778;541.6666667;1.6
21042900;22;25;24;72;23.4;26;23.7;20.2;45.6;534.6;28.7;29.3;29.1;27.8;20.1;338.8888889;152.7777778;541.6666667;1.6
21043800;19;25;35;257;20;25.7;23;19.9;45.1;534.6;26.8;27.3;27;26.1;20.1;338.8888889;152.7777778;541.6666667;1.6
21044700;18;22;43;187;19.4;23.1;23.1;19.2;45.2;534.6;25.3;25.7;25.6;24.3;20.1;338.8888889;152.7777778;541.6666667;1.6
21045600;18;22;34;145;19.6;23.1;23;19.5;45.5;498.8;24.8;25.2;25;23.7;20.8;333.3333333;130.5555556;466.6666667;1.2
21046500;20;22;32;72;21.5;23.1;22.8;19.6;45.7;489.9;25.6;26.1;25.9;24.6;20.8;333.3333333;130.5555556;466.6666667;1.2
21047400;21;24;30;101;22.5;25.2;23.7;20.6;44.5;489.9;27.8;28.1;28;26.6;20.8;333.3333333;130.5555556;466.6666667;1.2
21048300;18;23;43;211;19.4;23.7;23;21.5;44.7;489.9;24.9;25.1;25;24;20.8;333.3333333;130.5555556;466.6666667;1.2
21049200;18;21;43;163;19;22.2;23.2;21.4;45.3;419.2;24.5;24.6;24.6;23.5;19.7;333.3333333;108.3333333;280.5555556;1
21050100;18;22;18;69;19;22.6;23.9;21.3;43.6;383.9;24.8;25.1;25.1;23.7;19.7;333.3333333;108.3333333;280.5555556;1
21051000;18;22;0;0;19.1;22.7;22.9;20.9;45.4;383.9;24.9;25.9;25.3;23.8;19.7;333.3333333;108.3333333;280.5555556;1
21051900;18;22;0;0;19.5;22.8;23.1;20.1;46.3;383.9;24.9;26.3;25.6;23.8;19.7;333.3333333;108.3333333;280.5555556;1
21052800;18;23;0;0;19.5;23.8;23.6;19.7;44.5;309;25.8;27.1;26.4;23.9;20.3;333.3333333;69.44444444;155.5555556;0.9
21053700;19;23;0;0;19.5;24.2;22.6;19.6;46.1;290.3;26.1;27.4;26.7;24;20.3;333.3333333;69.44444444;155.5555556;0.9
21054600;19;23;0;0;19.9;24.2;21.9;19.9;49.8;290.3;25.8;27.2;26.4;24.1;20.3;333.3333333;69.44444444;155.5555556;0.9
21055500;19;23;0;0;20;24.2;22;20.3;52.6;290.3;25.4;26.8;26.1;24.1;20.3;333.3333333;69.44444444;155.5555556;0.9
21056400;19;23;0;0;20;24.2;21.8;19.6;48.6;193.5;25.4;26.7;26.1;24.2;18.3;316.6666667;11.11111111;19.44444444;1.5
21057300;19;23;0;0;20.1;24.2;21.3;19.4;50.7;169.3;25.1;26.4;26;24.1;18.3;316.6666667;11.11111111;19.44444444;1.5
21058200;20;20;0;0;20.5;21.9;20.8;19.1;53;169.3;24.8;25.4;25.1;23.9;18.3;316.6666667;11.11111111;19.44444444;1.5
21059100;20;16;0;0;20.5;17.7;20;18.8;58.9;169.3;24.7;25.1;24.7;23.9;18.3;316.6666667;11.11111111;19.44444444;1.5
21060000;20;15;0;0;20.5;16.4;19;18.2;63.5;57.1;24.4;25.2;24.3;23.9;16.8;313.8888889;0;0;1.5
21060900;20;17;0;0;20.5;17.7;18.3;18;65.6;29;24.2;25.4;24;23.9;16.8;313.8888889;0;0;1.5
21061800;20;17;0;0;20.7;18.2;17.8;18.6;68.4;29;24.3;25;24.1;24;16.8;313.8888889;0;0;1.5
21062700;20;15;0;0;21;16.4;17.3;19.5;69.6;29.1;24.5;24;23.8;23.9;16.8;313.8888889;0;0;1.5
21063600;20;14;0;0;21;16.2;17;18.3;71.1;3.9;24.6;22.4;21.5;23.3;15.9;311.1111111;0;0;0.7
21064500;20;14;0;0;21;16.2;16.7;18.1;72.2;0;24.5;19.1;19.5;23;15.9;311.1111111;0;0;0.7
21065400;20;15;0;0;21;16.3;16.4;17.5;73.1;0;21.9;17.5;18.1;23.7;15.9;311.1111111;0;0;0.7
21066300;20;15;0;0;20.1;16.9;16.2;17.1;74;0;22.6;16.8;17.1;23.6;15.9;311.1111111;0;0;0.7
21067200;20;15;0;0;19.1;17.2;16;16.2;74.9;0;22;16.3;16.6;22.1;15.5;305.5555556;0;0;1
21068100;19;15;0;0;19;16.7;15.7;16.2;76.6;0;21.1;15.8;16.3;22;15.5;305.5555556;0;0;1
21069000;19;16;0;0;19;16.9;15.4;16.1;77.5;0;19.4;15.5;16.2;21.7;15.5;305.5555556;0;0;1
21069900;19;17;0;0;18.4;17.7;15.2;16;78.4;0;18.2;15.2;16;19.8;15.5;305.5555556;0;0;1
21070800;19;16;0;0;17.9;17.6;15;15.3;78.9;0;17.6;14.9;15.8;18.6;13.5;302.7777778;0;0;1.1
21071700;18;15;0;0;17.5;16.8;14.9;15.2;79.3;0;17.3;14.6;15.5;18.2;13.5;302.7777778;0;0;1.1
21072600;18;15;0;0;17;16.5;14.8;15.1;79.7;0;17.3;14.2;15.2;18;13.5;302.7777778;0;0;1.1
21073500;17.5;15;0;0;16.8;16.3;14.55;15.15;80.4;0;17.1;13.9;14.85;17.9;13.5;302.7777778;0;0;1.1
21074400;17;15;0;0;16.6;16.1;14.3;15.2;81.1;0;16.9;13.6;14.5;17.8;12.2;300;0;0;0.5
21075300;17;14;0;0;16.5;15.7;14.2;15.3;81.3;0;16.6;13.3;14.2;17.6;12.2;300;0;0;0.5
21076200;16;14;0;0;16;15.5;14.1;15.3;81.7;0;16.3;13.1;13.9;17.3;12.2;300;0;0;0.5
21077100;16;14;0;0;15.8;15.2;13.9;15.3;81.9;0;16;12.8;13.7;17.1;12.2;300;0;0;0.5
21078000;16;15;0;0;15.1;16.2;13.8;14.8;82.5;0;15.8;12.6;13.4;16.9;11.7;297.2222222;0;0;0.8
21078900;16;15;0;0;15;16.2;13.6;14.8;82.7;0;15.6;12.4;13.2;16.7;11.7;297.2222222;0;0;0.8
21079800;17;14;0;0;14.8;14.7;13.5;14.8;82.7;0;15.3;12.2;12.9;16.4;11.7;297.2222222;0;0;0.8
21080700;14;14;0;0;14;14.7;13.4;14.8;83.1;0;15.3;12;12.7;16.2;11.7;297.2222222;0;0;0.8
21081600;13;13;0;0;13.7;14.7;13.3;14.3;83.4;0;15;11.9;12.5;16.2;11;294.4444444;0;0;0.8
21082500;13;13;0;0;13.5;14.3;13.2;14.3;83.7;0;14.8;11.8;12.4;16;11;294.4444444;0;0;0.8
21083400;13;13;0;0;13.5;14.1;13.1;14.3;84.1;0;14.6;11.6;12.2;15.7;11;294.4444444;0;0;0.8
21084300;13;12;0;0;13.5;13.5;12.9;14.3;84.2;0;14.4;11.4;12.1;15.6;11;294.4444444;0;0;0.8
21085200;13;12;0;0;13.5;13.2;12.7;11;84.2;0;14.2;11.2;11.9;15.4;10.7;291.6666667;0;0;1.5
21086100;13;13;0;0;13.2;13.5;12.7;11;84.7;0;14.1;11;11.7;15.2;10.7;291.6666667;0;0;1.5
21087000;13;13;0;0;13;14.2;12.5;11.1;84.7;0;13.9;10.8;11.5;15.1;10.7;291.6666667;0;0;1.5
21087900;13;12;0;0;13;13.9;12.5;11.2;84.7;0;13.7;10.7;11.4;14.9;10.7;291.6666667;0;0;1.5
21088800;13;11;0;0;13;12.9;12.4;10.9;84.7;0;13.6;10.6;11.2;14.7;10.3;291.6666667;0;0;1.9
21089700;12;11;0;0;13;12.7;12.3;10.8;84.7;0;13.8;10.5;11.1;14.7;10.3;291.6666667;0;0;1.9
21090600;12;11;0;0;12.8;12.4;12.2;10.6;84.8;0;13.5;10.3;10.9;14.7;10.3;291.6666667;0;0;1.9
21091500;12;11;0;0;12.5;12.2;12.1;10.5;85.2;0;13.1;10.2;10.7;14.5;10.3;291.6666667;0;0;1.9
21092400;12;11;0;0;12.5;12.2;11.9;10.4;85.2;0;12.9;10.1;10.6;14.2;9.9;288.8888889;0;0;3.9
21093300;12;11;0;0;12.5;12;11.9;10.4;85.2;0;12.8;10;10.4;14;9.9;288.8888889;0;0;3.9
21094200;12;10;0;0;12.2;11.7;11.8;10.4;85.2;0;12.6;9.9;10.3;13.9;9.9;288.8888889;0;0;3.9
21095100;12;12;0;0;12;13.3;11.8;10.4;85.4;0;12.5;9.8;10.3;13.8;9.9;288.8888889;0;0;3.9
21096000;12;12;0;0;12;13.2;11.7;10.3;85.7;0;12.4;9.6;10.1;13.6;9.6;288.8888889;13.88888889;13.88888889;3.4
21096900;12;10;0;0;12;12.1;11.7;10.3;85.5;0;12.3;9.6;10.1;13.6;9.6;288.8888889;13.88888889;13.88888889;3.4
21097800;12;10;0;0;11.6;11.6;11.6;10.1;85.4;0;12.4;9.5;10.1;13.5;9.6;288.8888889;13.88888889;13.88888889;3.4
21098700;11;10;0;0;11.5;11.2;11.6;10;85.2;0;12.5;9.4;10;13.6;9.6;288.8888889;13.88888889;13.88888889;3.4
21099600;11;10;0;0;11.5;11.2;11.7;10;85.2;1.4;12.2;9.5;10.1;13.6;10.6;288.8888889;50;127.7777778;4.1
21100500;11;10;0;0;11.5;11.2;11.9;10;85.2;1.5;12;9.7;10.5;13.4;10.6;288.8888889;50;127.7777778;4.1
21101400;11;10;0;0;11.1;11.2;12.2;9.9;85.2;1.5;12;9.8;11.1;13.2;10.6;288.8888889;50;127.7777778;4.1
21102300;11;9;0;0;11;10.7;12.6;9.8;85.2;1.5;12.1;10;12;13.1;10.6;288.8888889;50;127.7777778;4.1
21103200;11;10;0;0;11;11.5;13;10.5;84.6;68.8;12.2;10.5;13.1;13.1;13.3;291.6666667;66.66666667;302.7777778;3.5
21104100;11;12;0;0;11;12.7;13.3;10.6;83.8;79.1;12.7;11.1;14.2;13.2;13.3;291.6666667;66.66666667;302.7777778;3.5
21105000;11;12;0;0;11;12.7;13.6;10.5;83.2;79.3;13.3;11.9;15.1;13.4;13.3;291.6666667;66.66666667;302.7777778;3.5
21105900;11;12;0;0;11.3;12.6;14.1;10.4;81.5;79.6;14.6;13;15.9;13.5;13.3;291.6666667;66.66666667;302.7777778;3.5
21106800;12;11;0;0;11.5;11.6;14.6;11.7;80.1;193.3;15.8;14.5;16.5;13.7;14.7;297.2222222;72.22222222;472.2222222;3.6
21107700;12;12;0;0;11.9;12.4;15.2;12;78.5;221.7;17.3;15.7;17.5;14;14.7;297.2222222;72.22222222;472.2222222;3.6
21108600;12;12;0;0;12;13;15.8;12;76;221.7;19.6;17.2;18.9;14.3;14.7;297.2222222;72.22222222;472.2222222;3.6
21109500;12;12;0;0;12.5;13.4;16.2;12.1;74;221.7;21.5;18.7;20.1;14.6;14.7;297.2222222;72.22222222;472.2222222;3.6
21110400;12;13;0;0;12.5;13.7;16.7;13.9;72.7;374.3;23.3;20.2;21.5;15;16.8;305.5555556;80.55555556;611.1111111;3.5
21111300;12;13;0;0;12.8;14;17.3;13.9;69.8;374.3;25;21.7;22.9;15.4;16.8;305.5555556;80.55555556;611.1111111;3.5
21112200;12;13;0;0;13;14.2;17.9;14.6;67.9;374.3;26.8;23.4;24.3;15.9;16.8;305.5555556;80.55555556;611.1111111;3.5
21113100;12;14;0;0;13.3;15;18.5;15;66.4;374.3;28.5;25.1;25.8;16.5;16.8;305.5555556;80.55555556;611.1111111;3.5
21114000;13;16;0;0;13.5;16.3;19;16.8;65.4;482.8;30.2;26.9;27.1;17.2;18.5;313.8888889;88.88888889;711.1111111;3.7
21114900;13;14;0;0;13.7;16.1;19.4;16.9;63.7;490.6;31.8;28.5;28.5;18.5;18.5;313.8888889;88.88888889;711.1111111;3.7
21115800;13;14;0;0;14;15.3;19.8;16.8;61.5;490.8;33.3;30.1;29.7;19.7;18.5;313.8888889;88.88888889;711.1111111;3.7
21116700;13;14;0;0;14;15.2;20.3;16.7;61;490.9;34.6;31.7;30.7;20.7;18.5;313.8888889;88.88888889;711.1111111;3.7
21117600;13;14;0;0;14.5;15.2;20.8;18.3;58.9;562.7;36.1;33.2;31.8;21.6;20.6;322.2222222;97.22222222;761.1111111;3.8
21118500;13;14;0;0;14.5;15.2;21.1;18.5;56.1;573.8;37.1;34.5;32.5;22.3;20.6;322.2222222;97.22222222;761.1111111;3.8
21119400;14;14;0;0;14.9;15.2;21.7;18.5;54.6;581.7;37.5;35.7;33.1;23;20.6;322.2222222;97.22222222;761.1111111;3.8
21120300;14;14;0;0;15;15.2;21.6;18.6;54.3;593.6;37.5;36.7;33.5;23.5;20.6;322.2222222;97.22222222;761.1111111;3.8
21121200;14;14;0;0;15.2;15.3;22;19.7;54.3;631.7;37.9;37.6;33.9;23.9;21.9;327.7777778;94.44444444;763.8888889;2.8
21122100;14;16;0;0;15.5;16.6;22.4;20.1;51.8;645.5;38.7;38.4;34.3;24.3;21.9;327.7777778;94.44444444;763.8888889;2.8
21123000;15;15;0;0;15.6;16.7;22.8;20.1;47.9;645.5;39.3;39.1;34.7;24.7;21.9;327.7777778;94.44444444;763.8888889;2.8
21123900;15;14;0;0;16;15.9;23;20;46.9;645.5;39.6;39.7;35.1;25.1;21.9;327.7777778;94.44444444;763.8888889;2.8
21124800;15;14;0;0;16;15.7;23.1;20.7;44.7;636.5;39.8;40.1;35.2;25.5;22.3;327.7777778;86.11111111;713.8888889;2.4
21125700;16;20;20;276;16.4;21.7;23.5;21;45.1;633.2;37.5;38.9;35.3;30.2;22.3;327.7777778;86.11111111;713.8888889;2.4
21126600;20;27;43;327;21.5;28.4;23.9;21.3;44.8;633.2;28.8;30.5;29.5;28;22.3;327.7777778;86.11111111;713.8888889;2.4
21127500;19;25;43;273;20.5;26.1;24;21.6;45;633.2;27.8;28.4;27.8;26.5;22.3;327.7777778;86.11111111;713.8888889;2.4
21128400;19;24;43;256;20.2;25.4;24.2;22.2;44.3;617.7;27.3;27.6;27.2;26.1;23;330.5555556;83.33333333;611.1111111;2
21129300;19;24;43;245;20.2;25.2;24.3;22.4;43.8;612;26.9;27.3;27;25.8;23;330.5555556;83.33333333;611.1111111;2
21130200;19;24;43;239;20.2;24.9;24.5;22.6;42.3;612;26.8;27.2;26.8;25.6;23;330.5555556;83.33333333;611.1111111;2
21131100;19;24;43;236;20.2;24.7;24.6;22.8;43.5;612;26.7;27.1;26.9;25.5;23;330.5555556;83.33333333;611.1111111;2
21132000;19;24;43;228;20.2;24.7;24.8;23.1;42.3;550.4;26.6;26.9;26.6;25.3;22.7;330.5555556;75;475;1
21132900;19;23;43;220;20.2;24.7;25;23.1;43.5;540.9;26.4;26.7;26.4;25.1;22.7;330.5555556;75;475;1
21133800;19;23;43;211;20.2;24.2;25.1;22.9;41.1;540.9;26.1;26.4;26.2;24.9;22.7;330.5555556;75;475;1
21134700;19;23;43;200;19.9;24;25;22.7;41.8;540.9;25.8;26;25.9;24.6;22.7;330.5555556;75;475;1
21135600;19;23;43;187;19.7;23.7;24.9;22.7;41.8;441.9;25.4;25.7;25.5;24.3;22.5;333.3333333;63.88888889;311.1111111;0.5
21136500;18;22;43;175;19.7;23.2;25.1;22.7;41.6;426.7;25;25.3;25.2;23.9;22.5;333.3333333;63.88888889;311.1111111;0.5
21137400;18;22;43;162;19.7;22.9;25.2;22.9;42.1;426.7;24.6;24.8;24.7;23.6;22.5;333.3333333;63.88888889;311.1111111;0.5
21138300;18;21;43;147;19.6;22.4;25;23;43.3;426.7;24.2;24.3;24.3;23.2;22.5;333.3333333;63.88888889;311.1111111;0.5
21139200;18;21;43;133;19.2;22;24.9;22.3;44;298.7;23.8;23.9;23.9;22.8;21.6;330.5555556;41.66666667;138.8888889;1.2
21140100;18;20;43;119;19.2;21.5;24.7;22.3;44.7;298.7;23.3;23.4;23.4;22.3;21.6;330.5555556;41.66666667;138.8888889;1.2
21141000;18;20;43;104;19.2;21.1;24.3;22.2;45.7;298.7;22.8;22.9;23;21.9;21.6;330.5555556;41.66666667;138.8888889;1.2
21141900;18;19;43;90;18.7;20.6;23.9;22.1;47.7;298.7;22.4;22.4;22.5;21.5;21.6;330.5555556;41.66666667;138.8888889;1.2
21142800;17;19;43;74;18.7;20.1;23.4;21.1;48.9;177.7;21.8;21.7;22;21;19.9;327.7777778;8.333333333;16.66666667;0.6
21143700;17;18;27;38;18.5;19.5;22.9;21.1;50.6;177.7;21.4;21.1;21.6;20.6;19.9;327.7777778;8.333333333;16.66666667;0.6
21144600;17;18;0;0;18.2;19.2;22.5;21.3;52.2;177.7;21.5;21.3;21.8;20.6;19.9;327.7777778;8.333333333;16.66666667;0.6
21145500;17;18;24;48;18;19.4;22.1;21.5;53.8;177.7;21.2;20.9;21.3;20.5;19.9;327.7777778;8.333333333;16.66666667;0.6
21146400;17;18;0;0;18.2;19.2;21.6;20.5;55.5;31;20.8;20.5;20.8;20.1;17.8;322.2222222;0;0;0.6
21147300;17;19;0;0;18.2;19.9;21.1;20.5;58.2;31;20.8;20.5;20.8;20.3;17.8;322.2222222;0;0;0.6
21148200;17;20;0;0;18.7;20.7;20.4;20.6;61.1;30.6;20.7;20.5;20.8;20.4;17.8;322.2222222;0;0;0.6
21149100;18;19;0;0;18.7;20.3;19.7;20.7;64.5;30.4;20.8;20.4;20.7;20.5;17.8;322.2222222;0;0;0.6
21150000;18;19;0;0;18.7;20.2;19;19.4;67.1;2;20.8;20.1;20.5;20.6;17;316.6666667;0;0;0.6
21150900;18;19;0;0;19;20.2;18.5;19.3;68.3;0;21;19.4;20.1;20.8;17;316.6666667;0;0;0.6
21151800;18;19;0;0;19.2;20.2;18.2;18.9;69.1;0;21.2;18.8;19.5;20.9;17;316.6666667;0;0;0.6
21152700;18;19;0;0;19.2;20.2;17.9;18.6;70.4;0;21.2;18.2;18.8;20.8;17;316.6666667;0;0;0.6
21153600;18;19;0;0;19.2;20.2;17.7;17.7;71.1;0;21.4;17.7;18.1;20.9;16.6;311.1111111;0;0;0.7
21154500;18;19;0;0;19.2;19.9;17.4;17.6;72.5;0;21.3;17.2;17.6;21;16.6;311.1111111;0;0;0.7
21155400;18;18;0;0;19.1;19.6;17.2;17.2;73.2;0;20.6;16.8;17.2;20.9;16.6;311.1111111;0;0;0.7
21156300;18;19;0;0;18.6;20;16.8;16.8;74.4;0;20.1;16.5;16.9;20.5;16.6;311.1111111;0;0;0.7
21157200;18;18;0;0;18.2;19.2;16.5;16.2;75;0;19.4;16.1;16.6;20.1;14.9;308.3333333;0;0;1.6
21158100;18;17;0;0;18.1;18;16.4;16;75.3;0;18.9;15.8;16.3;19.6;14.9;308.3333333;0;0;1.6
21159000;18;16;0;0;17.7;17.6;16.1;16;76.7;0;18.7;15.5;16.2;19.2;14.9;308.3333333;0;0;1.6
21159900;17.5;16;0;0;17.45;17.3;15.9;15.75;77.6;0;18.3;15.15;15.85;18.95;14.9;308.3333333;0;0;1.6
21160800;17;16;0;0;17.2;17;15.7;15.5;78.5;0;17.9;14.8;15.5;18.7;14.2;305.5555556;0;0;0.6
21161700;17;15;0;0;17.1;16.7;15.5;15.3;78.8;0;17.7;14.6;15.3;18.4;14.2;305.5555556;0;0;0.6
21162600;17;15;0;0;16.7;16.3;15.2;15.3;79.5;0;17.4;14.2;15;18.1;14.2;305.5555556;0;0;0.6
21163500;17;15;0;0;16.6;16.2;15;15.3;80.1;0;17.1;14;14.8;17.9;14.2;305.5555556;0;0;0.6
21164400;16;16;0;0;16.2;16.9;14.9;14.8;80.5;0;16.9;13.8;14.6;17.7;13.1;300;0;0;0.9
21165300;16;16;0;0;16.2;17;14.8;14.8;80.5;0;16.7;13.5;14.3;17.5;13.1;300;0;0;0.9
21166200;16;14;0;0;16;16;14.5;14.8;81.2;0;16.4;13.4;14;17.3;13.1;300;0;0;0.9
21167100;16;14;0;0;15.7;15.4;14.3;14.8;82;0;16.4;13.1;13.7;17.1;13.1;300;0;0;0.9
21168000;16;14;0;0;15.7;15.2;14.2;14.3;82.3;0;16.2;12.9;13.6;17.1;12.4;297.2222222;0;0;2.1
21168900;16;13;0;0;15.3;14.7;14.1;14.3;82.9;0;15.8;12.7;13.3;16.9;12.4;297.2222222;0;0;2.1
21169800;15;13;0;0;15.2;14.7;14;14.3;82.6;0;15.5;12.5;13.2;16.5;12.4;297.2222222;0;0;2.1
21170700;15;13;0;0;14.9;14.2;13.9;14.3;82.5;0;15.3;12.4;13;16.3;12.4;297.2222222;0;0;2.1
21171600;15;13;0;0;14.7;14.2;13.7;13;82.9;0;15.1;12.2;12.8;16.1;11.7;297.2222222;0;0;2
21172500;15;14;0;0;14.5;14.2;13.6;12.7;83.2;0;14.9;11.9;12.6;15.9;11.7;297.2222222;0;0;2
21173400;15;14;0;0;14.2;15.5;13.5;12.6;83.5;0;14.7;11.7;12.4;15.8;11.7;297.2222222;0;0;2
21174300;15;13;0;0;14.2;14.7;13.4;12.5;83.5;0;14.6;11.6;12.2;15.6;11.7;297.2222222;0;0;2
21175200;15;12;0;0;14.2;13.8;13.3;12.2;83.8;0;14.5;11.6;12.1;15.5;11;294.4444444;0;0;1.4
21176100;14;12;0;0;14;13.3;13.3;12.1;84;0;14.6;11.5;12;15.4;11;294.4444444;0;0;1.4
21177000;14;12;0;0;13.7;13.2;13.1;12;84.2;0;14.3;11.4;11.9;15.4;11;294.4444444;0;0;1.4
21177900;14;12;0;0;13.7;13.1;13;11.9;84.5;0;14;11.3;11.8;15.2;11;294.4444444;0;0;1.4
21178800;14;11;0;0;13.7;12.7;12.9;11.6;84.5;0;13.8;11.2;11.7;15;10.4;288.8888889;0;0;1.5
21179700;13;11;0;0;13.4;12.7;12.8;11.5;84.8;0;13.6;11.1;11.7;14.8;10.4;288.8888889;0;0;1.5
21180600;13;11;0;0;13.2;12.7;12.7;11.4;85;0;13.6;11;11.5;14.6;10.4;288.8888889;0;0;1.5
21181500;13;13;0;0;13.2;13.9;12.6;11.3;85;0;13.5;10.8;11.3;14.5;10.4;288.8888889;0;0;1.5
21182400;13;13;0;0;12.7;13.9;12.5;11.1;85;0;13.4;10.7;11.2;14.5;10;288.8888889;11.11111111;11.11111111;2.1
21183300;13;11;0;0;12.7;13;12.5;11;85;0;13.3;10.5;11;14.4;10;288.8888889;11.11111111;11.11111111;2.1
21184200;13;11;0;0;12.7;12.4;12.4;10.8;85;0;13.4;10.5;10.9;14.3;10;288.8888889;11.11111111;11.11111111;2.1
21185100;13;11;0;0;12.7;12.2;12.4;10.6;85.3;0;13.5;10.3;10.9;14.4;10;288.8888889;11.11111111;11.11111111;2.1
21186000;13;11;0;0;12.7;12;12.4;10.6;85;1.4;13.2;10.3;11;14.3;11;288.8888889;44.44444444;127.7777778;2.3
21186900;12;10;0;0;12.4;11.7;12.6;10.6;84.9;1.4;13;10.3;11.3;14.1;11;288.8888889;44.44444444;127.7777778;2.3
21187800;12;12;0;0;11.7;12.2;12.8;10.4;85;1.4;12.8;10.4;11.8;13.9;11;288.8888889;44.44444444;127.7777778;2.3
21188700;11;11;0;0;11.2;12.2;13.2;10.3;84.9;1.4;12.9;10.7;12.8;13.8;11;288.8888889;44.44444444;127.7777778;2.3
21189600;11;12;0;0;11.2;12.4;13.9;11;84;74.3;13;11.2;14;13.8;13.2;294.4444444;61.11111111;302.7777778;1.5
21190500;11;12;0;0;11.6;13.4;14.1;11.1;82.5;79.5;13.4;11.8;15.1;13.9;13.2;294.4444444;61.11111111;302.7777778;1.5
21191400;11;12;0;0;11.7;13.2;14.5;10.9;81.6;79.4;14.1;12.4;15.9;14;13.2;294.4444444;61.11111111;302.7777778;1.5
21192300;11;12;0;0;11.9;13.1;15;10.7;80.8;79.4;15.4;13.6;16.6;14.1;13.2;294.4444444;61.11111111;302.7777778;1.5
21193200;15;11;0;0;16.1;11.8;15.7;12.2;78.9;199.1;16.7;15.6;18.4;14.4;16;302.7777778;69.44444444;466.6666667;1.6
21194100;15;12;0;0;16.4;12.6;16.3;12.4;76.6;217.5;18.3;16.9;19.1;14.6;16;302.7777778;69.44444444;466.6666667;1.6
21195000;15;13;0;0;16;13.5;17.1;12.4;74;217.5;20.5;18.4;20.4;14.8;16;302.7777778;69.44444444;466.6666667;1.6
21195900;15;13;9;18;15.8;14.6;17.5;12.5;68.9;217.5;22.6;20.5;22.3;17;16;302.7777778;69.44444444;466.6666667;1.6
21196800;18;20;33;67;19.1;20.8;18;13.8;67.6;336;22.8;22.9;23.3;21.8;17.6;311.1111111;77.77777778;605.5555556;1.5
21197700;19;21;33;67;19.8;21.5;18.6;14.3;64.9;379.1;23.9;24.1;24.3;22.7;17.6;311.1111111;77.77777778;605.5555556;1.5
21198600;20;22;33;70;20.9;22.6;19.1;14.5;64.1;379.1;25.1;25.3;25.4;23.9;17.6;311.1111111;77.77777778;605.5555556;1.5
21199500;21;23;33;71;22;23.7;19.5;14.9;62.3;379.1;26.1;26.3;26.4;25;17.6;311.1111111;77.77777778;605.5555556;1.5
21200400;21;24;33;115;22.1;24.8;19.9;16.4;61.4;469.1;27.2;27.4;27.4;26;19.4;319.4444444;80.55555556;702.7777778;1.5
21201300;20;24;35;157;21.4;25.3;20.1;16.9;61.9;501.8;27.4;27.6;27.6;26.2;19.4;319.4444444;80.55555556;702.7777778;1.5
21202200;20;25;34;156;21.4;25.4;20.3;17.3;61.1;500.1;27.8;28;27.8;26.5;19.4;319.4444444;80.55555556;702.7777778;1.5
21203100;21;25;30;147;21.8;26;20.7;17.9;60.6;497.6;28.6;28.7;28.5;27.3;19.4;319.4444444;80.55555556;702.7777778;1.5
21204000;21;26;31;254;20.6;26.7;21.2;19.2;59.2;556.8;28.9;29.1;28.8;27.8;20.7;325;83.33333333;755.5555556;1.8
21204900;19;24;17;104;20.8;25.4;21.7;19.7;58.4;578.3;27.1;27.8;27.6;26;20.7;325;83.33333333;755.5555556;1.8
21205800;20;23;0;0;20.9;25.2;22.2;19.6;57;583.3;27.8;29.7;28.7;25.9;20.7;325;83.33333333;755.5555556;1.8
21206700;20;22;0;0;20.9;23.8;22.5;19.4;55.8;590.8;27.9;28.9;28.1;25.9;20.7;325;83.33333333;755.5555556;1.8
21207600;20;19;0;0;20.9;22.3;22.8;20.4;55.7;629.8;31;30.2;29.7;26;22.1;330.5555556;80.55555556;758.3333333;1.7
21208500;20;22;0;0;20.9;23.5;22.9;20.8;54.7;644;33.6;32.3;30.9;26.4;22.1;330.5555556;80.55555556;758.3333333;1.7
21209400;20;22;0;0;20.9;23.3;23;20.8;54.7;644;35.7;33.9;32.2;26.7;22.1;330.5555556;80.55555556;758.3333333;1.7
21210300;20;22;0;0;21.2;23.3;23.3;20.8;53.4;644;37.7;35.7;33.4;27.1;22.1;330.5555556;80.55555556;758.3333333;1.7
21211200;20;22;0;0;21.4;23.3;23.6;21.6;52.6;658.2;39.3;37.5;34.4;27.6;23;333.3333333;77.77777778;705.5555556;1.2
21212100;20;22;0;0;21.4;23.3;24.1;21.9;51.8;663.3;40.8;38.9;35.3;28.1;23;333.3333333;77.77777778;705.5555556;1.2
21213000;20;22;0;0;21.4;23.3;24.4;21.9;50.7;663.3;41.9;40;35.9;28.6;23;333.3333333;77.77777778;705.5555556;1.2
21213900;20;22;0;0;21.6;23.3;24.7;21.8;50.2;663.3;42.7;40.8;36.5;29.2;23;333.3333333;77.77777778;705.5555556;1.2
21214800;21;22;0;0;21.9;23.3;24.9;22.5;47.3;628;43.4;41.4;37;29.7;23.8;336.1111111;72.22222222;608.3333333;0.8
21215700;21;22;0;0;21.9;23.3;25.1;22.7;46.6;615.2;43.9;41.9;37.4;30.3;23.8;336.1111111;72.22222222;608.3333333;0.8
21216600;21;23;0;0;21.9;24;25.3;22.9;44.7;615.2;43.8;42.1;37.3;30.8;23.8;336.1111111;72.22222222;608.3333333;0.8
21217500;21;24;0;0;21.9;24.7;25.4;23;44;615.2;43.5;41.9;37.3;31.2;23.8;336.1111111;72.22222222;608.3333333;0.8
21218400;21;24;0;0;21.9;24.8;25.6;23.2;43.6;564.8;43.3;41.7;37.4;31.7;24.3;336.1111111;63.88888889;472.2222222;1.2
21219300;21;23;0;0;22.3;24.8;25.8;23.3;41.1;552.2;42.8;41.6;37.5;32.2;24.3;336.1111111;63.88888889;472.2222222;1.2
21220200;21;23;0;0;22.4;24.8;25.8;23.3;41.1;552.2;42.3;41.5;37.6;32.6;24.3;336.1111111;63.88888889;472.2222222;1.2
21221100;21;23;0;0;22.4;24.8;26.1;23.3;40.1;552.2;41.9;41.2;37.5;32.9;24.3;336.1111111;63.88888889;472.2222222;1.2
21222000;22;24;0;0;22.4;24.8;26;23.2;38.8;463.1;41.2;40.8;37.4;33.1;24;336.1111111;55.55555556;305.5555556;1.1
21222900;22;24;0;0;22.4;24.8;26;23.2;37.8;430.7;40.5;40.3;37;33.2;24;336.1111111;55.55555556;305.5555556;1.1
21223800;22;24;0;0;22.8;24.8;26.1;23.4;37.1;430.7;39.7;39.7;36.4;33.3;24;336.1111111;55.55555556;305.5555556;1.1
21224700;22;24;0;0;22.9;24.8;26.1;23.8;37.4;430.7;39.1;39.2;36;33.4;24;336.1111111;55.55555556;305.5555556;1.1
21225600;22;25;0;0;22.9;25.3;25.9;23.2;37.6;297.3;38.2;38.5;35.4;33.5;23.2;333.3333333;36.11111111;136.1111111;2
21226500;22;25;0;0;22.9;25.8;25.6;23.2;38.6;297.3;37.2;37.8;34.9;33.5;23.2;333.3333333;36.11111111;136.1111111;2
21227400;22;24;0;0;22.9;25.8;25.4;23.6;38.5;297.3;36.3;37.2;34.5;33.4;23.2;333.3333333;36.11111111;136.1111111;2
21228300;22;24;0;0;23.3;25.8;24.9;23.8;39.6;297.3;35.3;36.6;34;33.4;23.2;333.3333333;36.11111111;136.1111111;2
21229200;22;24;0;0;23.4;25.8;24.2;23;43.5;171.2;34.2;35.8;33.5;33.3;21.9;330.5555556;8.333333333;16.66666667;1.9
21230100;22;24;0;0;23.4;25.8;23.3;22.9;48.2;162.2;33.2;34.7;32.9;33.1;21.9;330.5555556;8.333333333;16.66666667;1.9
21231000;22;24;0;0;23.4;25.8;22.4;23.1;52.4;162.2;32;33.6;31.9;32.9;21.9;330.5555556;8.333333333;16.66666667;1.9
21231900;22;24;0;0;23.4;25.8;21.4;23.2;57.2;162.2;30.8;32.5;30.9;32.6;21.9;330.5555556;8.333333333;16.66666667;1.9
21232800;22;24;0;0;23.4;25.8;20.6;22.2;60.6;40.2;29.7;31.4;29.8;32.2;19.8;325;0;0;1.4
21233700;22;25;0;0;23.4;25.8;20;22;63;21.4;28.7;30.3;28.7;31.7;19.8;325;0;0;1.4
21234600;22;25;0;0;23.6;26.1;19.5;22;63.5;20.8;27.7;29.2;27.8;31.2;19.8;325;0;0;1.4
21235500;22;25;0;0;23.9;26.3;19.2;22.1;64.7;20.2;26.8;28.4;27.1;30.8;19.8;325;0;0;1.4
21236400;22;25;0;0;23.9;26.3;18.9;20.8;66.3;4;26.1;27.6;26.6;30.5;19.3;322.2222222;0;0;1.5
21237300;22;25;0;0;23.9;26.3;18.5;20.5;68.2;0;25.4;26.8;26.1;30.2;19.3;322.2222222;0;0;1.5
21238200;22;25;0;0;23.9;26.3;18.3;20.5;69.5;0;24.8;26;25.7;29.9;19.3;322.2222222;0;0;1.5
21239100;23;25;0;0;23.9;26.3;17.9;20.5;70.8;0;24.4;24.9;25.5;29.5;19.3;322.2222222;0;0;1.5
21240000;23;25;0;0;23.9;26.3;17.7;19.5;71.9;0;24.4;23.1;25.7;29.1;17.1;319.4444444;0;0;2.6
21240900;23;25;0;0;24.2;26.2;17.4;19.2;72.8;0;25.7;20.1;26;27.7;17.1;319.4444444;0;0;2.6
21241800;23;25;0;0;24;25.8;17.2;19;73.7;0;25.9;18.5;26.2;28.5;17.1;319.4444444;0;0;2.6
21242700;23;25;0;0;23.2;25.3;17;18.7;74.5;0;25.6;17.9;24.8;28.1;17.1;319.4444444;0;0;2.6
21243600;22;20;0;0;22.6;21.4;16.8;17.9;75.2;0;27;17.5;23.8;27.8;15.7;313.8888889;0;0;3
21244500;22;17;0;0;20.4;18.7;16.5;17.9;75.8;0;24;17.4;22.8;27.8;15.7;313.8888889;0;0;3
21245400;21;17;0;0;19.2;17.9;16.3;18.3;76.8;0;21.6;17.2;21.4;27.6;15.7;313.8888889;0;0;3
21246300;20.5;16.5;0;0;18.8;17.6;16.15;16.9;77.35;0;20.95;16.9;20.75;27.4;15.7;313.8888889;0;0;3
21247200;20;16;0;0;18.4;17.3;16;15.5;77.9;0;20.3;16.6;20.1;27.2;14.3;305.5555556;0;0;2.7
21248100;19;16;0;0;18.1;17.3;15.9;15.3;78.3;0;20.2;16.3;19.7;27;14.3;305.5555556;0;0;2.7
21249000;19;16;0;0;17.7;16.9;15.8;15.3;78.8;0;19.9;15.9;19.3;26.8;14.3;305.5555556;0;0;2.7
21249900;18;15;0;0;17.4;16.8;15.6;15.3;79.6;0;19.6;15.5;18.9;26.5;14.3;305.5555556;0;0;2.7
21250800;18;17;0;0;16.9;17.9;15.4;14.9;80;0;19.2;15.1;18.6;26.2;13.8;305.5555556;0;0;3.1
21251700;18;17;0;0;16.9;18;15.3;14.8;80.4;0;18.9;14.8;18.4;25.9;13.8;305.5555556;0;0;3.1
21252600;17;15;0;0;16.4;16.2;15.2;14.8;81.2;0;18.7;14.4;18.2;25.7;13.8;305.5555556;0;0;3.1
21253500;17;14;0;0;16.1;15.4;14.9;14.8;81.5;0;18.9;14.2;18;25.3;13.8;305.5555556;0;0;3.1
21254400;16;14;0;0;15.9;15;14.9;14.4;81.5;0;18.8;14;17.9;24.8;12.8;302.7777778;0;0;2.3
21255300;16;13;0;0;15.4;14.7;14.8;14.3;81.5;0;18.1;13.8;17.5;24.7;12.8;302.7777778;0;0;2.3
21256200;16;13;0;0;15.1;14.4;14.7;14.3;81.9;0;17.6;13.6;17.1;24.7;12.8;302.7777778;0;0;2.3
21257100;15;13;0;0;14.9;14.4;14.6;14.3;82.1;0;17.3;13.4;16.7;24.6;12.8;302.7777778;0;0;2.3
21258000;15;13;0;0;14.9;13.9;14.4;12.9;82.5;0;17;13.2;16.4;24.5;12.2;302.7777778;0;0;1.9
21258900;15;14;0;0;14.5;14.5;14.3;12.9;82.7;0;16.8;13.1;16.2;24.5;12.2;302.7777778;0;0;1.9
21259800;15;15;0;0;14.4;15.9;14.2;13.2;83.3;0;16.7;12.9;16;24.5;12.2;302.7777778;0;0;1.9
21260700;15;13;0;0;14.4;14.7;14.1;13.4;83.7;0;16.5;12.7;15.9;24.7;12.2;302.7777778;0;0;1.9
21261600;15;12;0;0;14.4;13.6;14;12.8;83.5;0;16.3;12.7;15.7;24.8;11.8;300;0;0;1.3
21262500;14;12;0;0;14.1;13.4;13.9;12.8;83.5;0;16.6;12.5;15.7;24.8;11.8;300;0;0;1.3
21263400;14;12;0;0;13.9;13;13.8;12.4;83.9;0;16.4;12.4;15.6;25.2;11.8;300;0;0;1.3
21264300;14;12;0;0;15.3;12.9;13.7;12.1;84.1;0;16.1;12.3;14.8;24.8;11.8;300;0;0;1.3
21265200;14;12;0;0;16.6;13.2;13.7;11.9;84.5;0;16;12.2;13.3;21.4;11.9;300;0;0;1.6
21266100;14;12;0;0;16.8;13.4;13.5;11.9;84.5;0;15.5;12.1;12.6;19.3;11.9;300;0;0;1.6
21267000;14;12;0;0;15.5;13.4;13.4;11.9;84.5;0;14.7;12;12.3;15.8;11.9;300;0;0;1.6
21267900;14;14;0;0;14.2;15;13.3;11.9;84.9;0;14.1;12;12.1;15.3;11.9;300;0;0;1.6
21268800;14;14;0;0;13.9;14.8;13.2;11.7;85;0;14.3;11.9;12;15.3;10.6;297.2222222;11.11111111;11.11111111;2.2
21269700;14;12;0;0;13.9;13.8;13.1;11.6;85.3;0;14.4;11.8;12.1;15.6;10.6;297.2222222;11.11111111;11.11111111;2.2
21270600;14;12;0;0;13.9;13.3;13.1;11.5;85.3;0;14.3;11.8;12.1;15.6;10.6;297.2222222;11.11111111;11.11111111;2.2
21271500;14;12;0;0;13.9;12.9;13;11.4;85.5;0;14.4;11.7;12.1;15.6;10.6;297.2222222;11.11111111;11.11111111;2.2
21272400;14;11;0;0;13.9;12.9;13.1;11.7;85.1;1.6;14.1;11.7;12.1;15.4;11.8;297.2222222;44.44444444;119.4444444;2.1
21273300;14;11;0;0;13.7;12.9;13.2;11.7;85;1.6;13.9;11.7;12.3;15.2;11.8;297.2222222;44.44444444;119.4444444;2.1
21274200;13;11;0;0;13.4;12.9;13.5;11.9;85;1.6;13.8;11.7;12.7;15.1;11.8;297.2222222;44.44444444;119.4444444;2.1
21275100;13;11;0;0;13.4;12.9;14;12;84.6;1.6;13.9;11.9;13.6;15;11.8;297.2222222;44.44444444;119.4444444;2.1
21276000;13;13;0;0;13.4;13.2;14.5;12.6;83.7;75.1;14;12.2;14.7;14.9;14.1;302.7777778;66.66666667;291.6666667;1.7
21276900;13;13;0;0;13.4;14.4;15;12.6;82.3;75.1;14.4;12.6;15.9;15;14.1;302.7777778;66.66666667;291.6666667;1.7
21277800;13;13;0;0;13.4;14.4;15.4;11.9;80.8;78;15;13.3;16.8;15.1;14.1;302.7777778;66.66666667;291.6666667;1.7
21278700;13;13;0;0;13.4;14.2;15.9;11.4;79.5;79.9;16.1;14.6;17.7;15.2;14.1;302.7777778;66.66666667;291.6666667;1.7
21279600;13;12;0;0;13.6;13.1;16.3;13;77.8;206.8;17.7;16.1;18.7;15.4;16.4;308.3333333;77.77777778;455.5555556;1.8
21280500;13;12;0;0;13.9;12.9;16.7;13.2;76.4;226.3;19.8;17.3;19.9;15.6;16.4;308.3333333;77.77777778;455.5555556;1.8
21281400;13;12;0;0;13.9;13;17.2;13.3;75;226.3;21.6;18.7;21;15.9;16.4;308.3333333;77.77777778;455.5555556;1.8
21282300;13;12;0;0;14.2;13.4;17.9;13.4;73.6;226.3;23.3;20.3;22.2;16.2;16.4;308.3333333;77.77777778;455.5555556;1.8
21283200;13;13;0;0;14.4;13.9;18.5;15;71.7;341.8;25.1;21.9;23.5;16.6;19.1;316.6666667;80.55555556;597.2222222;1.6
21284100;13;13;0;0;14.4;14;19.1;15.4;70.1;370.7;26.8;23.6;24.8;17;19.1;316.6666667;80.55555556;597.2222222;1.6
21285000;14;13;0;0;14.8;14.4;19.7;15.7;68.5;370.7;28.6;25.3;26.3;17.5;19.1;316.6666667;80.55555556;597.2222222;1.6
21285900;14;15;0;0;14.9;15.2;20.3;16;66.3;370.7;30.2;27.1;27.6;18;19.1;316.6666667;80.55555556;597.2222222;1.6
21286800;14;16;0;0;14.9;16.6;20.9;17.8;63.4;503.4;31.9;28.7;29;18.7;21.1;325;83.33333333;697.2222222;1.5
21287700;14;15;0;0;15.3;16.9;21.4;18.1;62.3;523.8;33.7;30.1;30.4;19.3;21.1;325;83.33333333;697.2222222;1.5
21288600;14;15;0;0;15.4;16.9;21.9;18.2;59.2;522.3;35.5;32;31.7;20.2;21.1;325;83.33333333;697.2222222;1.5
21289500;14;15;0;0;15.4;16.9;22.3;18.4;56.8;520.5;36.8;33.8;32.9;21.4;21.1;325;83.33333333;697.2222222;1.5
21290400;15;16;0;0;15.9;16.9;22.8;20;55.8;609.5;38;35.4;33.9;22.9;22.8;330.5555556;86.11111111;750;1.3
21291300;15;16;0;0;15.9;16.9;23.2;20.2;50.9;623.2;39.2;36.9;34.9;24.4;22.8;330.5555556;86.11111111;750;1.3
21292200;15;16;0;0;15.9;16.9;23.5;20.5;49.4;631.6;40.2;38.3;35.7;25.8;22.8;330.5555556;86.11111111;750;1.3
21293100;15;16;0;0;16.2;16.9;23.8;20.9;51.3;641.2;41.2;39.4;36.5;27.3;22.8;330.5555556;86.11111111;750;1.3
21294000;15;16;0;0;16.4;16.9;24;21.9;50.3;677.2;42.1;40.4;37.1;28.1;23.6;333.3333333;83.33333333;755.5555556;1.2
21294900;15;18;0;0;16.4;18.4;24.1;22.2;50.1;686.2;42.7;41;37.5;28.8;23.6;333.3333333;83.33333333;755.5555556;1.2
21295800;16;18;0;0;16.7;18.9;24.4;22.3;49.1;686.2;43.6;41.5;37.9;29.7;23.6;333.3333333;83.33333333;755.5555556;1.2
21296700;16;17;0;0;16.9;18.9;24.5;22.4;47.9;686.2;44.3;42.2;38.4;30.8;23.6;333.3333333;83.33333333;755.5555556;1.2
21297600;16;17;0;0;16.9;18.9;24.6;23.1;46.2;674;45;43;38.9;31.5;24;336.1111111;80.55555556;700;1.4
21298500;16;18;0;0;17;18.9;24.9;23.3;41.6;671;45;43.5;39.1;32.1;24;336.1111111;80.55555556;700;1.4
21299400;16;18;0;0;17.4;18.9;25.1;23.5;41.3;671;45.1;43.9;39.2;32.8;24;336.1111111;80.55555556;700;1.4
21300300;16;18;0;0;17.4;18.9;25.5;23.7;40.8;671;45.2;44.3;39.3;33.3;24;336.1111111;80.55555556;700;1.4
21301200;17;18;0;0;17.5;18.9;25.7;24.1;40.8;636.5;45.4;44.4;39.4;33.7;24.5;338.8888889;77.77777778;600;1.4
21302100;17;18;0;0;17.9;18.9;25.7;24.2;39.7;627.9;45.8;44.6;39.4;34.1;24.5;338.8888889;77.77777778;600;1.4
21303000;17;19;0;0;17.9;19.5;26;24.2;39.7;627.9;45.6;44.6;39.4;34.3;24.5;338.8888889;77.77777778;600;1.4
21303900;17;20;0;0;17.9;20.4;25.9;24.2;38.9;627.9;45.2;44.3;39.2;34.6;24.5;338.8888889;77.77777778;600;1.4
21304800;18;19;0;0;18.3;20.4;26.1;24.4;39;581.3;44.9;43.8;39.1;35;24.7;338.8888889;69.44444444;463.8888889;2.1
21305700;18;19;0;0;18.4;20.4;26.2;24.4;39.9;569.6;44.5;43.6;39.1;35.4;24.7;338.8888889;69.44444444;463.8888889;2.1
21306600;18;19;0;0;18.9;20.4;26.4;24.4;39.4;569.6;43.9;43.3;39;35.7;24.7;338.8888889;69.44444444;463.8888889;2.1
21307500;19;19;0;0;19.1;20.4;26.6;24.3;39.7;569.6;43.1;42.7;38.7;35.9;24.7;338.8888889;69.44444444;463.8888889;2.1
21308400;19;19;0;0;19.4;20.4;26.6;24.3;38.6;450.8;42.5;42.1;38.5;35.9;24.8;338.8888889;58.33333333;300;2
21309300;19;20;0;0;19.7;20.4;26.6;24.3;37;421.1;41.7;41.4;38;36;24.8;338.8888889;58.33333333;300;2
21310200;19;20;0;0;19.9;20.4;26.6;24.4;36.5;421.1;40.7;40.8;37.4;36;24.8;338.8888889;58.33333333;300;2
21311100;19;20;0;0;20.1;20.5;26.5;24.6;35.7;421.1;39.8;40.1;36.8;36;24.8;338.8888889;58.33333333;300;2
21312000;20;21;0;0;20.4;21.7;26.5;24.2;37.5;320.7;38.8;39.1;36.2;35.8;24;336.1111111;38.88888889;127.7777778;2.1
21312900;20;21;0;0;20.4;21.9;26.1;24.1;37.7;295.6;37.8;38.4;35.7;35.7;24;336.1111111;38.88888889;127.7777778;2.1
21313800;20;21;0;0;20.7;21.9;25.8;24.2;37.3;295.6;36.8;37.6;35.2;35.6;24;336.1111111;38.88888889;127.7777778;2.1
21314700;20;21;0;0;20.9;21.9;25.4;24.3;39.1;295.6;35.9;36.9;34.6;35.4;24;336.1111111;38.88888889;127.7777778;2.1
21315600;20;21;0;0;21.2;21.9;24.6;23.4;43.3;189.4;34.9;36;34;35.2;22.3;336.1111111;8.333333333;13.88888889;1.9
21316500;21;21;0;0;21.4;21.9;23.8;23.2;47.3;162.9;33.8;34.9;33.3;34.9;22.3;336.1111111;8.333333333;13.88888889;1.9
21317400;21;21;0;0;21.4;21.9;22.8;23.5;51;162.9;32.7;33.9;32.6;34.6;22.3;336.1111111;8.333333333;13.88888889;1.9
21318300;21;21;0;0;21.8;21.9;21.9;23.9;53.4;162.9;31.6;32.8;31.7;34.3;22.3;336.1111111;8.333333333;13.88888889;1.9
21319200;21;21;0;0;21.9;22;21.2;23.1;54.5;61;30.6;31.8;30.8;33.8;21.4;333.3333333;0;0;2.1
21320100;21;22;0;0;21.9;22.8;20.6;22.8;56.5;23.9;29.8;30.7;29.8;33.2;21.4;333.3333333;0;0;2.1
21321000;21;23;0;0;21.9;23.4;20.1;22.9;58.8;24.3;28.8;29.5;28.8;32.6;21.4;333.3333333;0;0;2.1
21321900;21;22;0;0;21.9;23.4;19.7;23.1;60.6;24.9;28;28.7;28.1;32.2;21.4;333.3333333;0;0;2.1
21322800;21;22;0;0;22.1;23.4;19.3;21.9;62.5;6.6;27.2;27.9;27.4;31.8;19.5;330.5555556;0;0;1.9
21323700;21;22;0;0;22.4;23.4;19.1;21.4;64.2;0;26.4;27.1;26.8;31.4;19.5;330.5555556;0;0;1.9
21324600;22;22;0;0;22.4;23.4;18.8;21.1;66.1;0;25.7;26.4;26.2;31;19.5;330.5555556;0;0;1.9
21325500;22;22;0;0;22.4;23.4;18.7;20.7;67.4;0;25;25.7;25.6;30.5;19.5;330.5555556;0;0;1.9
21326400;22;22;0;0;22.4;23.4;18.4;20;68.1;0;24.3;25;25;30.1;17.3;325;0;0;2.3
21327300;22;22;0;0;22.4;23.4;18.1;19.7;69.2;0;23.8;24.4;24.5;29.7;17.3;325;0;0;2.3
21328200;22;22;0;0;22.4;23.4;17.9;20;69.8;0;23.2;23.8;24.1;29.4;17.3;325;0;0;2.3
21329100;22;24;0;0;22.6;24.1;17.7;20.4;70.7;0;22.6;23.1;23.6;28.9;17.3;325;0;0;2.3
21330000;22;23;0;0;22.9;24.4;17.5;19.7;71.3;0;22.1;22.6;23.1;28.4;16.2;322.2222222;0;0;2
21330900;22;23;0;0;22.9;24.4;17.3;19.4;72.1;0;21.7;22.2;22.8;28.1;16.2;322.2222222;0;0;2
21331800;22;23;0;0;22.9;24.4;17.2;19.2;73.1;0;21.2;22.1;22.2;27.9;16.2;322.2222222;0;0;2
21332700;22;23;0;0;22.9;24.4;17;17.75;73.9;0;19.95;22.5;20;27.8;16.2;322.2222222;0;0;2
21333600;22;23;0;0;22.9;24.4;16.8;16.3;74.7;0;18.7;22.9;17.8;27.7;15.4;319.4444444;0;0;2.3
21334500;22;23;0;0;22.9;24.2;16.5;15.3;75.4;0;17.4;22.4;16.7;25.7;15.4;319.4444444;0;0;2.3
21335400;22;22;0;0;22.1;23.5;16.4;15.3;75.3;0;16.6;21.1;16.3;23.8;15.4;319.4444444;0;0;2.3
21336300;21;21;0;0;18.2;22.6;16.3;15.3;76;0;16.1;21.5;16.1;22.4;15.4;319.4444444;0;0;2.3
21337200;19;22;0;0;16.6;22.6;16.2;14.9;76.7;0;15.8;21.9;15.9;22.2;14;316.6666667;0;0;2.5
21338100;19;20;0;0;15.9;21.6;16;14.8;77.5;0;15.7;20.5;15.6;21.7;14;316.6666667;0;0;2.5
21339000;18;18;0;0;15.9;19.8;15.9;14.8;78;0;15.7;18.5;15.5;20.4;14;316.6666667;0;0;2.5
21339900;17;18;0;0;16.3;19;15.8;14.8;78.8;0;15.8;17.7;15.4;21.5;14;316.6666667;0;0;2.5
21340800;17;17;0;0;16.4;18.5;15.7;14.1;79.4;0;15.8;17.3;15.2;19.2;13.5;313.8888889;0;0;3
21341700;17;17;0;0;16;18;15.6;14.1;79.8;0;15.6;17.9;15;18.2;13.5;313.8888889;0;0;3
21342600;16;16;0;0;15.9;17.9;15.4;14.1;80.2;0;15.4;17.7;14.8;17.9;13.5;313.8888889;0;0;3
21343500;16;16;0;0;15.9;17.4;15.3;14.1;80.7;0;15.2;17;14.6;17.8;13.5;313.8888889;0;0;3
21344400;16;16;0;0;15.9;17.4;15.2;13.8;81;0;15.1;16.6;14.4;17.6;12.7;313.8888889;0;0;2.3
21345300;16;17;0;0;15.9;17.9;15.1;13.8;81.4;0;14.9;16.3;14.2;17.6;12.7;313.8888889;0;0;2.3
21346200;16;18;0;0;15.9;18.9;14.9;13.7;81.7;0;14.7;16;14;17.7;12.7;313.8888889;0;0;2.3
21347100;16;17;0;0;15.9;18.6;14.9;13.6;81.7;0;14.5;15.8;13.9;17.7;12.7;313.8888889;0;0;2.3
21348000;16;16;0;0;15.9;17.6;14.8;13;81.9;0;14.2;15.5;13.7;17.6;12.8;311.1111111;0;0;1.5
21348900;16;16;0;0;15.9;17.1;14.7;13;82.2;0;14;15.2;13.5;17.6;12.8;311.1111111;0;0;1.5
21349800;16;15;0;0;15.9;16.5;14.7;12.9;82.4;0;13.9;15;13.5;17.6;12.8;311.1111111;0;0;1.5
21350700;16;15;0;0;15.9;16;14.5;12.8;82.7;0;13.7;14.8;13.4;17.4;12.8;311.1111111;0;0;1.5
21351600;16;14;0;0;15.8;15.5;14.4;12.6;82.7;0;13.6;14.5;13.3;17.2;12;311.1111111;0;0;1.3
21352500;15;14;0;0;15.4;15;14.4;12.6;82.7;0;13.5;14.3;13.3;17.1;12;311.1111111;0;0;1.3
21353400;15;13;0;0;15.4;14.6;14.3;12.5;82.7;0;13.4;14.2;13.2;17;12;311.1111111;0;0;1.3
21354300;15;16;0;0;14.9;16.1;14.3;12.4;82.7;0;13.2;14.1;13.1;16.8;12;311.1111111;0;0;1.3
21355200;15;15;0;0;14.9;16.2;14.2;12.3;83.2;0;13.1;14;13;16.7;11.3;311.1111111;11.11111111;11.11111111;1.3
21356100;15;13;0;0;14.9;14.7;14;12.3;83.5;0;13;13.9;13;16.5;11.3;311.1111111;11.11111111;11.11111111;1.3
21357000;15;13;0;0;14.9;14.1;13.9;12.5;83.7;0;13;13.9;12.9;16.4;11.3;311.1111111;11.11111111;11.11111111;1.3
21357900;15;13;0;0;14.9;13.9;14;12.7;83.8;0;13;13.8;12.8;16.5;11.3;311.1111111;11.11111111;11.11111111;1.3
21358800;15;12;0;0;14.9;13.9;14;12.7;84.2;1;13.1;13.8;13;16.4;12.9;311.1111111;47.22222222;111.1111111;2.3
21359700;15;12;0;0;14.9;13.8;14.3;12.7;84.1;1.4;13.4;13.7;13.2;16.2;12.9;311.1111111;47.22222222;111.1111111;2.3
21360600;15;12;0;0;14.9;13.4;14.5;12.4;83.6;1.4;13.9;13.7;13.6;16.1;12.9;311.1111111;47.22222222;111.1111111;2.3
21361500;14;12;0;0;14.9;13.4;15;11.9;83;1.4;14.5;13.8;14.3;16;12.9;311.1111111;47.22222222;111.1111111;2.3
21362400;14;13;0;0;14.6;14.2;15.6;12.4;81.5;49.5;15.4;13.9;15.3;15.9;15.3;316.6666667;69.44444444;280.5555556;2
21363300;14;15;0;0;14.3;15.7;16.2;12.6;79;67;16.5;14.5;16.5;15.9;15.3;316.6666667;69.44444444;280.5555556;2
21364200;13;17;0;0;13.9;17.4;16.6;12.3;76.9;67.8;17.4;14.9;17.3;16;15.3;316.6666667;69.44444444;280.5555556;2
21365100;13;15;0;0;13.9;16.9;17.2;11.9;75.3;68.9;19;16.1;18.3;16.1;15.3;316.6666667;69.44444444;280.5555556;2
21366000;14;14;0;0;14.4;15.6;17.5;13.2;73.8;181.2;20.8;17.5;19.4;16.3;17.1;322.2222222;83.33333333;441.6666667;2.8
21366900;14;14;0;0;14.4;15.5;18;13.7;72.2;222;22.3;18.9;20.5;16.5;17.1;322.2222222;83.33333333;441.6666667;2.8
21367800;14;14;0;0;14.9;15.5;18.3;14;71.5;222;23.7;20.2;21.6;16.8;17.1;322.2222222;83.33333333;441.6666667;2.8
21368700;14;14;0;0;14.9;15.5;18.9;14.5;70.1;222;25.2;21.6;22.8;17.1;17.1;322.2222222;83.33333333;441.6666667;2.8
21369600;14;14;0;0;15.2;15.5;19.4;16.1;68.4;337.1;26.6;23.1;24.1;17.4;19.8;330.5555556;94.44444444;577.7777778;3
21370500;14;14;0;0;15.4;15.5;19.9;16.7;66.5;378.9;28.2;24.6;25.4;17.8;19.8;330.5555556;94.44444444;577.7777778;3
21371400;14;14;0;0;15.5;15.5;20.2;17;65.1;378.9;29.6;26.2;26.8;18.2;19.8;330.5555556;94.44444444;577.7777778;3
21372300;15;16;0;0;16.8;16.5;20.9;17.5;64.4;378.9;30.2;27.4;28.1;20.5;19.8;330.5555556;94.44444444;577.7777778;3
21373200;16;17;0;0;17.8;18;21.6;19.1;61.4;476.1;30.4;27.3;28.2;20.6;22;347.2222222;188.8888889;644.4444444;2.8
21374100;16;16;0;0;17.8;17.5;22.2;19.7;58;511.4;32.9;29.5;29.7;21.2;22;347.2222222;188.8888889;644.4444444;2.8
21375000;16;15;0;0;17.8;16.7;22.7;19.5;56.5;510.5;34.8;31.7;31.1;22;22;347.2222222;188.8888889;644.4444444;2.8
21375900;16;15;0;0;17.8;16.5;23.6;19.3;53.5;509.2;36.8;33.8;32.9;22.7;22;347.2222222;188.8888889;644.4444444;2.8
21376800;16;16;0;0;17.1;16.9;24.1;20.8;50.7;603.3;36.7;34.7;33.6;25.4;23.2;347.2222222;136.1111111;697.2222222;2.8
21377700;16;16;0;0;17.1;17.4;24.1;21.2;49.4;626.8;34.6;32.8;31.9;24.2;23.2;347.2222222;136.1111111;697.2222222;2.8
21378600;16;15;0;0;17.6;17;24.5;21.4;47.6;632.5;36;34.2;32.9;25.5;23.2;347.2222222;136.1111111;697.2222222;2.8
21379500;16;15;0;0;17.6;16.6;25.1;21.7;47.1;641.1;38.1;36.3;34.3;26.1;23.2;347.2222222;136.1111111;697.2222222;2.8
21380400;16;14;0;0;17.6;16.6;25.1;22.7;48.2;673.2;39.4;37.8;35.2;26.6;24.4;347.2222222;111.1111111;738.8888889;2.2
21381300;16;17;1;1;16.9;18;25.2;23.1;46.8;684.9;37.6;36.7;34.6;28.9;24.4;347.2222222;111.1111111;738.8888889;2.2
21382200;16;17;0;0;17.4;18;25.4;23.3;45.6;684.9;39;37.3;35.1;28.6;24.4;347.2222222;111.1111111;738.8888889;2.2
21383100;16;15;0;0;17.9;17.3;25.6;23.5;43;684.9;41.2;39.6;36.3;29.4;24.4;347.2222222;111.1111111;738.8888889;2.2
21384000;16;15;0;0;17.9;16.8;25.7;24.2;42;683.1;42.3;41.2;37.2;30.1;25.1;350;147.2222222;675;1.8
21384900;16;16;0;0;17.1;17.4;26.2;24.3;42.2;682.8;40.9;40.6;36.7;31.7;25.1;350;147.2222222;675;1.8
21385800;16;16;0;0;17.7;17.4;26.7;24.3;39.2;682.8;40.3;39.2;35.9;30.7;25.1;350;147.2222222;675;1.8
21386700;16;15;0;0;17.7;16.7;26.7;24.2;38.7;682.8;40.9;39.6;36.4;31.5;25.1;350;147.2222222;675;1.8
21387600;16;14;0;0;17.9;16.5;26.4;24.4;38.7;650.2;40.7;39.6;36.6;31.8;25.4;350;94.44444444;594.4444444;1.1
21388500;16;15;0;0;17.3;17.1;26.5;24.4;37.7;642;41;40;36.7;33;25.4;350;94.44444444;594.4444444;1.1
21389400;16;17;0;0;17.9;17.8;26.8;24.5;37.4;642;40.1;38.8;35.8;32.2;25.4;350;94.44444444;594.4444444;1.1
21390300;16;18;0;0;18.1;18.6;27.1;24.7;39.3;642;41.8;39.9;36.8;33.2;25.4;350;94.44444444;594.4444444;1.1
21391200;17;16;0;0;18.4;18;27.2;24.8;36.1;557.9;42.4;40.6;37.4;33.6;25.1;347.2222222;80.55555556;458.3333333;0.8
21392100;17;15;0;0;18.4;17.3;27.3;24.9;35.9;527.3;42.2;40.9;37.7;33.8;25.1;347.2222222;80.55555556;458.3333333;0.8
21393000;17;15;0;0;18.4;17.1;27.3;25.1;34.8;527.3;41.7;41;37.9;34;25.1;347.2222222;80.55555556;458.3333333;0.8
21393900;16;15;0;0;18.7;16.6;27.4;25.3;33.3;527.3;41.1;40.6;37.7;34;25.1;347.2222222;80.55555556;458.3333333;0.8
21394800;17;15;0;0;18.9;16.6;27.4;25.2;32.8;405.6;40.6;40.2;37.5;34.1;25.1;347.2222222;72.22222222;297.2222222;1.1
21395700;17;15;0;0;18.9;16.6;27.3;25.2;33.1;405.6;39.7;39.6;36.9;34.1;25.1;347.2222222;72.22222222;297.2222222;1.1
21396600;16;15;0;0;18.9;16.6;27.4;25.3;33.6;405.6;38.9;39;36.3;34;25.1;347.2222222;72.22222222;297.2222222;1.1
21397500;16;16;0;0;19.1;16.9;27.5;25.4;34.9;405.6;38;38.2;35.7;33.9;25.1;347.2222222;72.22222222;297.2222222;1.1
21398400;16;18;0;0;19.4;18.6;27;24.7;34.9;288.1;37;37.1;35;33.6;23.7;341.6666667;38.88888889;119.4444444;1.4
21399300;16;18;0;0;19.4;19.1;26.5;24.7;35.7;279.7;36;36.5;34.5;33.8;23.7;341.6666667;38.88888889;119.4444444;1.4
21400200;16;18;0;0;19.4;19.1;26.2;24.6;36.3;279.7;35.1;36.1;34.1;34.3;23.7;341.6666667;38.88888889;119.4444444;1.4
21401100;16;18;0;0;19.4;19.1;25.8;24.6;38;279.7;34.2;35.5;33.6;34.6;23.7;341.6666667;38.88888889;119.4444444;1.4
21402000;16;18;0;0;19.6;19.1;25.4;23.9;39.3;170.9;33.3;34.6;33;34.5;21.4;338.8888889;5.555555556;5.555555556;2.2
21402900;16;18;0;0;19.7;19.1;24.8;23.8;42.7;154.2;32.4;33.6;32.3;34.4;21.4;338.8888889;5.555555556;5.555555556;2.2
21403800;16;17;0;0;19.8;18.8;23.6;24.1;48.6;154.2;31.2;32.5;31.4;33.9;21.4;338.8888889;5.555555556;5.555555556;2.2
21404700;17;15;0;0;19.8;17.4;22.7;24.4;51.8;154.2;30.3;31.5;30.6;33.7;21.4;338.8888889;5.555555556;5.555555556;2.2
21405600;17;14;0;0;19.9;16.6;22;23.5;54.1;58.9;29.5;30.6;29.9;33.6;21.1;336.1111111;0;0;2.3
21406500;17;16;0;0;20.3;17.8;21.4;23.2;55.9;24.2;28.7;29.8;29.4;33.6;21.1;336.1111111;0;0;2.3
21407400;17;17;0;0;20.3;18.2;20.9;23;57.3;23.9;28;29.1;28.8;33.2;21.1;336.1111111;0;0;2.3
21408300;17;15;0;0;20.3;17.1;20.6;22.7;58.2;23.5;27.4;28.3;28.2;32.9;21.1;336.1111111;0;0;2.3
21409200;17;14;0;0;20.3;16.5;20.3;21.5;59.9;6.3;26.9;27.6;27.7;32.5;19.6;333.3333333;0;0;2.2
21410100;18;14;0;0;20.7;16.1;19.9;21.1;61;0;26.4;27;27.2;31.9;19.6;333.3333333;0;0;2.2
21411000;18;14;0;0;20.8;16.1;19.6;20.7;63.8;0;26;26.4;26.8;31.3;19.6;333.3333333;0;0;2.2
21411900;18;15;0;0;20.8;16.1;19.3;19.9;63.9;0;25.5;25.9;26.4;30.8;19.6;333.3333333;0;0;2.2
21412800;18;15;0;0;21;16.5;18.9;19.3;64.7;0;25.1;25.4;26.1;30.4;18.1;327.7777778;0;0;1.8
21413700;18;15;0;0;21.3;16.7;18.7;19.1;65.2;0;24.7;25;25.7;29.9;18.1;327.7777778;0;0;1.8
21414600;18;17;0;0;21.3;17.5;18.4;19.5;66.6;0;24.3;24.5;25.4;29.4;18.1;327.7777778;0;0;1.8
21415500;18;18;0;0;21.3;19;18.2;20.2;68.3;0;23.9;23.9;24.9;28.8;18.1;327.7777778;0;0;1.8
21416400;18;18;0;0;21.4;19.1;17.9;19.7;69.8;0;23.5;23.6;24.6;28.4;17;322.2222222;0;0;2.2
21417300;18;18;0;0;21.8;19.1;17.8;19.5;70;0;23.2;23.3;24.4;28;17;322.2222222;0;0;2.2
21418200;18;18;0;0;21.8;19.1;17.6;19.3;71.5;0;22.8;22.9;24.1;27.7;17;322.2222222;0;0;2.2
21419100;18.5;18;0;0;22;19.1;17.4;18.65;72.3;0;22.5;22.55;23.85;27.4;17;322.2222222;0;0;2.2
21420000;19;18;0;0;22.2;19.1;17.2;18;73.1;0;22.2;22.2;23.6;27.1;15.5;313.8888889;0;0;3.2
21420900;19;18;0;0;22.3;19.5;16.9;18;74;0;21.9;21.9;23.4;26.8;15.5;313.8888889;0;0;3.2
21421800;19;18;0;0;22.3;19.6;16.8;18;74.4;0;21.5;21.5;23.2;26.5;15.5;313.8888889;0;0;3.2
21422700;19;19;0;0;22.3;19.6;16.7;18;74.7;0;21.3;20.7;23.2;26.1;15.5;313.8888889;0;0;3.2
21423600;20;20;0;0;22.5;20.8;16.5;17.2;75.8;0;21;19.3;23.7;26;14.9;316.6666667;0;0;2.9
21424500;19;21;0;0;22.8;21.4;16.4;17.1;76.3;0;20.8;17.2;23.8;25.6;14.9;316.6666667;0;0;2.9
21425400;19;20;0;0;22.6;21.8;16.3;17.1;76.9;0;17.7;15.5;22.9;25.5;14.9;316.6666667;0;0;2.9
21426300;19;19;0;0;20.9;20.9;16;17.1;77.4;0;15.7;15;20.2;25.3;14.9;316.6666667;0;0;2.9
21427200;18;18;0;0;19.5;19.7;15.9;16.2;78.2;0;15.2;14.8;20;24.9;14.1;311.1111111;0;0;2.3
21428100;18;14;0;0;16.7;15.9;15.8;16;78.1;0;15;14.6;21.3;24.8;14.1;311.1111111;0;0;2.3
21429000;17;14;0;0;15.3;15.1;15.8;16;78.3;0;15.1;14.4;18.8;24.7;14.1;311.1111111;0;0;2.3
21429900;16;14;0;0;14.8;15.1;15.6;16;78.6;0;15.2;14.3;17.3;24.6;14.1;311.1111111;0;0;2.3
21430800;15;14;0;0;14.8;15;15.4;14.6;79.5;0;15.2;14.2;16.9;24.4;12.9;308.3333333;0;0;1.9
21431700;15;15;0;0;14.5;15.1;15.3;14.2;80.1;0;15;14;16.7;24.2;12.9;308.3333333;0;0;1.9
21432600;14;16;0;0;14.3;17.1;15.1;14.3;80.4;0;14.8;13.8;16.7;24;12.9;308.3333333;0;0;1.9
21433500;14;15;0;0;14.3;16.9;14.9;14.4;80.6;0;14.6;13.6;16.7;23.9;12.9;308.3333333;0;0;1.9
21434400;14;15;0;0;14.3;16.3;14.8;13.9;80.8;0;14.3;13.5;16.8;23.8;12.8;305.5555556;0;0;1.7
21435300;14;15;0;0;14.1;16.1;14.6;13.8;81.5;0;14;13.2;17;23.6;12.8;305.5555556;0;0;1.7
21436200;14;15;0;0;13.8;16.1;14.5;13.6;82;0;13.7;13.1;16.9;23.5;12.8;305.5555556;0;0;1.7
21437100;14;15;0;0;13.8;16;14.4;13.4;82.1;0;13.5;12.9;16.7;23.3;12.8;305.5555556;0;0;1.7
21438000;13;14;0;0;13.3;15.6;14.3;13.1;82.4;0;13.3;12.8;16.5;23.2;11.4;297.2222222;0;0;2
21438900;13;14;0;0;13.3;15.6;14.3;13;82.5;0;13.1;12.6;16.3;23.1;11.4;297.2222222;0;0;2
21439800;13;14;0;0;13.3;15.2;14.2;12.7;82.6;0;13;12.5;16.1;23;11.4;297.2222222;0;0;2
21440700;13;16;0;0;12.8;16.5;13.9;12.4;82.6;0;12.9;12.4;15.9;22.7;11.4;297.2222222;0;0;2
21441600;13;16;0;0;12.8;17;13.8;12.3;82.8;0;12.7;12.3;15.8;22.4;12;297.2222222;8.333333333;8.333333333;3.4
21442500;13;14;0;0;12.8;15.8;13.7;12.3;82.8;0;12.6;12.2;15.7;22.4;12;297.2222222;8.333333333;8.333333333;3.4
21443400;13;14;0;0;12.8;15.1;13.6;12.4;83.2;0;12.5;12;15.8;22.2;12;297.2222222;8.333333333;8.333333333;3.4
21444300;12;13;0;0;12.4;14.7;13.5;12.6;83.4;0;12.3;11.9;15.7;22;12;297.2222222;8.333333333;8.333333333;3.4
21445200;12;13;0;0;12.3;14.6;13.5;12.7;83.6;1.6;12.3;11.8;15.5;21.9;12.6;300;41.66666667;108.3333333;2.7
21446100;12;13;0;0;12.3;14.3;13.7;12.7;84;1.6;12.5;11.8;15.4;21.9;12.6;300;41.66666667;108.3333333;2.7
21447000;13;13;0;0;12.2;13.9;13.9;11.8;83.9;1.6;13.2;11.9;15.3;21.7;12.6;300;41.66666667;108.3333333;2.7
21447900;12;14;0;0;11.4;14.5;14.3;11.4;83.3;1.6;13.9;11.9;15.1;22.5;12.6;300;41.66666667;108.3333333;2.7
21448800;11;15;0;0;11.3;15.2;14.9;12.3;82.3;70.9;14.9;12.3;15.1;23.6;15;308.3333333;66.66666667;277.7777778;2.6
21449700;12;16;0;0;15.7;16.6;15.4;12.3;79.9;70.9;16.1;12.8;15.4;23.5;15;308.3333333;66.66666667;277.7777778;2.6
21450600;18;16;0;0;19.7;16.6;15.9;12.6;79.3;73.8;17.3;13.5;16.2;21.5;15;308.3333333;66.66666667;277.7777778;2.6
21451500;19;15;0;0;20.3;16;16.5;12.8;77.5;75.8;18.8;15.4;17;21.1;15;308.3333333;66.66666667;277.7777778;2.6
21452400;19;13;0;0;20.7;14.1;17;14.4;75.4;211.9;18.4;17.6;16.7;20.2;17.2;316.6666667;77.77777778;441.6666667;2.2
21453300;19;12;0;0;19.7;13.6;17.5;14.6;73.6;232.8;18.5;19.4;17.2;18.9;17.2;316.6666667;77.77777778;441.6666667;2.2
21454200;18;13;0;0;18.7;13.8;18.1;14.4;71.1;232.8;20.7;21.2;19.4;18.8;17.2;316.6666667;77.77777778;441.6666667;2.2
21455100;15;15;0;0;16.3;15.3;18.7;14.2;70;232.8;22.7;23.9;22.2;20.1;17.2;316.6666667;77.77777778;441.6666667;2.2
21456000;15;15;3;0;16.6;16.1;19.2;15.8;68.3;368.5;27.5;26;28;25;19.6;322.2222222;83.33333333;583.3333333;2.5
21456900;16;15;0;0;17;16.1;19.9;16.2;66.7;402.4;27.4;26.6;27.5;24.8;19.6;322.2222222;83.33333333;583.3333333;2.5
21457800;16;15;0;0;17.1;16.1;20.5;16.5;64.4;402.4;29.1;27.5;28;24.5;19.6;322.2222222;83.33333333;583.3333333;2.5
21458700;16;15;0;0;17.3;16.3;21.1;16.8;61.1;402.4;30.9;29.2;29.1;24.9;19.6;322.2222222;83.33333333;583.3333333;2.5
21459600;16;16;0;0;17.6;17.1;21.6;18.6;58.5;510.6;32.5;30.5;30;25.3;22.3;330.5555556;83.33333333;683.3333333;1.5
21460500;15;16;0;1;16.6;17.1;22.1;18.9;54.6;527.2;32.3;31.1;31.4;27;22.3;330.5555556;83.33333333;683.3333333;1.5
21461400;16;15;0;0;17.4;16.9;22.5;19;52.6;527;33.4;31.3;31.2;26.4;22.3;330.5555556;83.33333333;683.3333333;1.5
21462300;16;14;0;0;17.4;16.4;23.1;19.2;52.8;526.8;35.8;33.5;32.4;27.1;22.3;330.5555556;83.33333333;683.3333333;1.5
21463200;16;14;0;0;17.8;16.1;23.4;20.8;53.4;633;37.7;35.4;33.7;27.5;24.5;338.8888889;94.44444444;736.1111111;1.7
21464100;16;14;0;0;17.9;16.1;24;21.1;51.7;649.3;39.2;37.1;35.1;28;24.5;338.8888889;94.44444444;736.1111111;1.7
21465000;15;16;1;0;16.7;16.9;24.5;21.2;49.8;657.1;38;37.3;35.6;30;24.5;338.8888889;94.44444444;736.1111111;1.7
21465900;16;15;0;0;17.7;17;24.9;21.4;48.4;666.1;38.6;36.9;35.2;29.2;24.5;338.8888889;94.44444444;736.1111111;1.7
21466800;16;14;0;0;17.8;16.5;25.1;22.5;47.3;716.2;41;38.9;36.4;30.1;24.9;347.2222222;127.7777778;738.8888889;1.2
21467700;16;17;0;0;18.2;17.5;25.5;22.8;46.6;728.7;42.4;40.2;37.6;30.6;24.9;347.2222222;127.7777778;738.8888889;1.2
21468600;15;17;1;1;17.2;17.5;26;23.2;42.9;728.7;42.3;40.9;38.5;32.5;24.9;347.2222222;127.7777778;738.8888889;1.2
21469500;16;16;0;0;17.9;17.1;26.1;23.6;42.1;728.7;40.6;39.4;37;31.2;24.9;347.2222222;127.7777778;738.8888889;1.2
21470400;16;14;0;0;18;16.5;26.7;24.2;40.4;701.4;42.5;41;38.2;32.3;25.3;352.7777778;147.2222222;588.8888889;0.5
21471300;16;15;1;0;17.1;16.7;27.1;24.4;38;694.6;43.1;42;39.1;34.4;25.3;352.7777778;147.2222222;588.8888889;0.5
21472200;16;16;0;0;17.5;16.8;27.1;24.8;39.1;694.6;40.9;39.8;37.4;32.6;25.3;352.7777778;147.2222222;588.8888889;0.5
21473100;16;14;0;0;18;16.4;27;25.3;38.8;694.6;42.6;41.1;38.1;33.6;25.3;352.7777778;147.2222222;588.8888889;0.5
21474000;16;14;0;0;18.1;15.8;27.6;25.5;36.6;652.3;43.5;42.3;38.7;34;25.8;358.3333333;155.5555556;577.7777778;0.9
21474900;16;14;0;0;18.3;15.7;28;25.6;34.4;641.7;44.4;43.1;39.3;34.3;25.8;358.3333333;155.5555556;577.7777778;0.9
21475800;15;16;1;1;17.2;17.3;28;25.5;33.6;641.7;42.3;42;38.5;35;25.8;358.3333333;155.5555556;577.7777778;0.9
21476700;16;17;0;0;18;17.6;28.2;25.3;34.2;641.7;42.3;41.1;38.2;34.4;25.8;358.3333333;155.5555556;577.7777778;0.9
21477600;16;15;0;0;18;17.3;28.2;25.4;33.9;594.2;43.2;42;38.8;35.1;25.7;358.3333333;138.8888889;497.2222222;1.4
21478500;15;15;1;1;17.9;16.6;27.8;25.4;33.3;582.3;43;42.2;38.8;35.6;25.7;358.3333333;138.8888889;497.2222222;1.4
21479400;15;16;0;0;17.2;17.3;27.7;25.4;33.3;582.3;40.1;40.5;37.2;35;25.7;358.3333333;138.8888889;497.2222222;1.4
21480300;16;15;0;0;18.2;16.9;27.6;25.5;32.5;582.3;39.9;39.7;37.3;35;25.7;358.3333333;138.8888889;497.2222222;1.4
21481200;16;15;0;0;18.2;16.6;27.5;25.4;34.1;467.7;39.9;39.7;37.4;35.2;25.2;361.1111111;127.7777778;327.7777778;1.6
21482100;16;15;0;0;18.5;16.6;27.4;25.4;33.3;439.1;39.5;39.5;37.2;35.2;25.2;361.1111111;127.7777778;327.7777778;1.6
21483000;16;15;0;0;18.7;16.6;27.4;25.6;34.5;439.1;39;39.1;36.7;35.3;25.2;361.1111111;127.7777778;327.7777778;1.6
21483900;15;15;0;0;18.7;16.7;27.8;25.8;34.2;439.1;38.3;38.7;36.2;35.3;25.2;361.1111111;127.7777778;327.7777778;1.6
21484800;15;17;0;0;18.7;18.1;27.2;25.2;34.2;323.4;37.5;37.9;35.7;35.1;24.5;347.2222222;58.33333333;94.44444444;1.1
21485700;15;17;0;0;18.7;18.6;26.7;25.1;35.3;294.5;36.6;37.2;35.2;35.2;24.5;347.2222222;58.33333333;94.44444444;1.1
21486600;15;17;0;0;19;18.6;26.4;25.1;36.3;294.5;35.8;36.6;34.8;35.4;24.5;347.2222222;58.33333333;94.44444444;1.1
21487500;15;17;0;0;19.2;18.6;25.9;25.1;37.4;294.5;34.8;36;34.2;35.5;24.5;347.2222222;58.33333333;94.44444444;1.1
21488400;15;17;0;0;19.2;18.6;25.2;24.2;42.7;186.1;33.8;35.1;33.5;35.4;22.7;347.2222222;8.333333333;11.11111111;1.5
21489300;15;17;0;0;19.2;18.6;24.4;24;46.2;159;32.9;34.3;32.8;35.4;22.7;347.2222222;8.333333333;11.11111111;1.5
21490200;16;17;0;0;19.1;18.6;23.5;24.1;48.6;159;32.1;33.6;32.3;35.3;22.7;347.2222222;8.333333333;11.11111111;1.5
21491100;16;16;0;0;19.6;18.1;22.8;24.2;50.8;159;31.3;32.8;31.7;34.8;22.7;347.2222222;8.333333333;11.11111111;1.5
21492000;16;14;0;0;19.6;16.8;22.1;23.5;52.9;60.7;30.5;32;31.1;34.5;21.2;341.6666667;0;0;1.4
21492900;16;16;0;0;19.6;17.6;21.6;23.2;54.2;24.9;29.9;31.2;30.6;34.2;21.2;341.6666667;0;0;1.4
21493800;16;16;0;0;19.6;18.1;21;23.3;57;25.2;29.3;30.5;30.1;33.9;21.2;341.6666667;0;0;1.4
21494700;17;14;0;0;20;16.9;20.6;23.5;58.9;25.7;28.7;29.8;29.6;33.6;21.2;341.6666667;0;0;1.4
21495600;17;14;0;0;20.1;16.2;20.2;22.3;60.5;6.9;28.1;29.1;29.1;33.2;20.6;338.8888889;0;0;1.8
21496500;17;14;0;0;20.1;16.2;19.9;21.9;62.2;0;27.6;28.6;28.6;32.7;20.6;338.8888889;0;0;1.8
21497400;17;14;0;0;20.4;16.2;19.7;21.6;62.9;0;27.1;28;28.2;32.3;20.6;338.8888889;0;0;1.8
21498300;17;15;0;0;20.6;16.2;19.4;21.3;64.1;0;26.6;27.5;27.9;31.8;20.6;338.8888889;0;0;1.8
21499200;17;15;0;0;20.6;16.2;19.1;20.5;65.4;0;26.2;27;27.5;31.4;18.2;330.5555556;0;0;2.6
21500100;17;15;0;0;20.7;16.7;18.9;20.3;66.1;0;25.7;26.5;27.1;30.9;18.2;330.5555556;0;0;2.6
21501000;17;16;0;0;21.1;17.2;18.7;20.3;67.2;0;25.3;26;26.7;30.5;18.2;330.5555556;0;0;2.6
21501900;18;18;0;0;21.1;18.7;18.4;20.3;68.2;0;24.9;25.3;26.3;29.9;18.2;330.5555556;0;0;2.6
21502800;18;18;0;0;21.1;19.1;18.1;19.6;69.5;0;24.4;25;26;29.4;16.3;325;0;0;3.4
21503700;18;18;0;0;21.3;19.2;17.9;19.4;70.1;0;24.1;24.6;25.8;29.1;16.3;325;0;0;3.4
21504600;18;18;0;0;21.6;19.2;17.6;19.6;70.6;0;23.8;24.1;25.5;28.8;16.3;325;0;0;3.4
21505500;18;18;0;0;21.6;19.2;17.4;19.9;71.7;0;23.4;23.7;25.3;28.5;16.3;325;0;0;3.4
21506400;18;18;0;0;21.6;19.2;17.2;18.4;72.8;0;23.1;23.2;25.1;28.1;15.4;319.4444444;0;0;3.3
21507300;18;18;0;0;22;19.2;16.9;18;73.6;0;22.7;22.4;25.1;27.8;15.4;319.4444444;0;0;3.3
21508200;19;18;0;0;22.1;19.5;16.8;18;73.8;0;22.2;20.8;25.6;27.6;15.4;319.4444444;0;0;3.3
21509100;19;19;0;0;22.1;19.7;16.8;18;74.1;0;21.4;18.5;26;27.5;15.4;319.4444444;0;0;3.3
21510000;19;20;0;0;22.1;21.2;16.7;17.3;74.3;0;18.6;16.5;24;27.2;15.4;319.4444444;0;0;2.9
21510900;19;21;0;0;21.5;21.5;16.4;17.1;74.9;0;16.8;16.1;21.6;27.2;15.4;319.4444444;0;0;2.9
21511800;19;20;0;0;19.9;21.3;16.3;17.1;75.4;0;16.2;15.8;19.9;27;15.4;319.4444444;0;0;2.9
21512700;18;16;0;0;18.4;17.5;16.2;17.1;76.1;0;15.9;15.6;21.4;26.8;15.4;319.4444444;0;0;2.9
21513600;17;14;0;0;16.2;15.5;16.2;16.3;76.4;0;15.9;15.4;20.9;26.6;14.1;316.6666667;0;0;2.9
21514500;17;14;0;0;16;15.2;16;16;77;0;15.9;15.2;18.5;26.5;14.1;316.6666667;0;0;2.9
21515400;16;13;0;0;15.5;14.9;15.9;16;77.9;0;15.9;15;17.8;26.3;14.1;316.6666667;0;0;2.9
21516300;16;13;0;0;15.5;14.7;15.6;16;78.5;0;15.7;14.8;17.5;26.1;14.1;316.6666667;0;0;2.9
21517200;16;13;0;0;15.5;14.7;15.5;14.5;78.6;0;15.5;14.6;17.4;25.9;14;313.8888889;0;0;2.2
21518100;15;15;0;0;15.1;15.3;15.3;14;79.2;0;15.2;14.4;17.3;25.6;14;313.8888889;0;0;2.2
21519000;15;16;0;0;14.9;17.2;15.2;14.3;79.6;0;15;14.1;17.3;25.4;14;313.8888889;0;0;2.2
21519900;15;16;0;0;14.5;17;15.1;14.7;79.7;0;14.7;13.9;17.3;25.3;14;313.8888889;0;0;2.2
21520800;15;15;0;0;14.5;16.5;15;14.3;80.3;0;14.4;13.7;17.4;25.2;12.5;311.1111111;0;0;1.6
21521700;14;15;0;0;14.4;16.2;14.9;14.1;80.6;0;14.2;13.5;17.4;25;12.5;311.1111111;0;0;1.6
21522600;14;15;0;0;14;16.2;14.8;13.8;80.9;0;14;13.4;17.1;24.7;12.5;311.1111111;0;0;1.6
21523500;14;15;0;0;14;16;14.7;13.4;81.1;0;13.9;13.3;16.9;24.6;12.5;311.1111111;0;0;1.6
21524400;14;14;0;0;13.5;15.7;14.6;13.1;81.2;0;13.7;13.1;16.6;24.4;12.2;313.8888889;0;0;1.2
21525300;14;14;0;0;13.5;15.7;14.4;13;81.6;0;13.6;13;16.5;24.2;12.2;313.8888889;0;0;1.2
21526200;13;14;0;0;13.5;15.3;14.3;13.2;81.6;0;13.3;12.8;16.2;24.1;12.2;313.8888889;0;0;1.2
21527100;13;16;0;0;13;16.8;14.3;13.4;81.8;0;13.2;12.6;16.2;23.9;12.2;313.8888889;0;0;1.2
21528000;13;16;0;0;13;17.1;14.3;13.3;82.1;0;13;12.5;16;23.7;12.7;322.2222222;8.333333333;8.333333333;1.5
21528900;13;15;0;0;13;16.1;14.3;13.3;82.1;0;12.9;12.5;16;23.7;12.7;322.2222222;8.333333333;8.333333333;1.5
21529800;13;14;0;0;13;15.4;14.4;12.7;82.1;0;12.9;12.4;16.1;23.5;12.7;322.2222222;8.333333333;8.333333333;1.5
21530700;13;14;0;0;13;15.1;14.4;12.3;82.1;0;12.9;12.4;16;23.3;12.7;322.2222222;8.333333333;8.333333333;1.5
21531600;12;13;0;0;12.6;14.7;14.5;12.4;82.1;1;12.9;12.4;15.9;23;12.5;327.7777778;58.33333333;61.11111111;2.9
21532500;12;13;0;0;12.5;14.6;14.7;12.4;82.1;1.2;13;12.5;15.7;22.7;12.5;327.7777778;58.33333333;61.11111111;2.9
21533400;14;14;0;0;12.5;14.4;15.1;12.3;81.2;1.2;13.2;12.7;15.6;22.7;12.5;327.7777778;58.33333333;61.11111111;2.9
21534300;12;13;0;0;12;14.7;15.4;12.2;80.6;1.2;13.5;13;15.5;23.5;12.5;327.7777778;58.33333333;61.11111111;2.9
21535200;11;14;0;0;12;15.1;15.8;12.9;80.2;54.5;13.9;13.3;15.6;24;13.9;327.7777778;158.3333333;208.3333333;2.9
21536100;11;15;0;0;12;16.2;16.1;12.9;79.2;58.3;14.3;13.7;15.9;25;13.9;327.7777778;158.3333333;208.3333333;2.9
21537000;12;16;0;0;15.6;16.4;16.5;13.2;75.4;56.8;14.9;14.3;16.2;23.9;13.9;327.7777778;158.3333333;208.3333333;2.9
21537900;18;15;0;0;19.7;16.4;17;13.4;74.3;55.4;15.8;15;16.6;21.5;13.9;327.7777778;158.3333333;208.3333333;2.9
21538800;18;13;0;0;20.6;14.8;17.6;15;71.3;181.3;17.5;16.3;17.1;21.4;16;330.5555556;225;430.5555556;2.7
21539700;18;13;0;0;20.5;14.2;18;15.2;69.5;200.7;19.6;18.2;16.9;19.3;16;330.5555556;225;430.5555556;2.7
21540600;18;13;0;0;19.4;14.2;18.8;14.8;67.8;200.7;21.5;19.6;17.4;18.4;16;330.5555556;225;430.5555556;2.7
21541500;17;13;0;0;18.2;14.2;19.1;14.3;65.9;200.7;23.2;21;19.4;18.5;16;330.5555556;225;430.5555556;2.7
21542400;14;13;0;0;15.7;14.2;19.7;15.8;64.4;312.4;25.6;23.1;21.8;19.7;19.3;330.5555556;216.6666667;547.2222222;3
21543300;15;14;0;0;16.6;14.2;20.2;16.4;63.1;353;27.6;24.6;23.5;20.1;19.3;330.5555556;216.6666667;547.2222222;3
21544200;15;14;0;0;17;14.7;20.7;16.2;62;353;29.3;26.2;24.9;20.6;19.3;330.5555556;216.6666667;547.2222222;3
21545100;15;15;0;0;17.4;15.2;21.1;15.9;61.3;353;30.6;27.8;26.1;21;19.3;330.5555556;216.6666667;547.2222222;3
21546000;16;16;0;0;17.5;16.7;21.6;17.4;58.8;426.6;31.8;29;27.5;21.5;21.5;336.1111111;233.3333333;616.6666667;2.4
21546900;15;15;1;0;16.4;16.3;22.2;18.2;57.6;463.4;31.9;29.9;28.9;24.1;21.5;336.1111111;233.3333333;616.6666667;2.4
21547800;16;15;0;0;17.2;16.2;22.6;18.2;55.7;460.6;32;29.7;28.7;23.3;21.5;336.1111111;233.3333333;616.6666667;2.4
21548700;16;14;0;0;17.5;15.9;23.1;18.1;53.2;456.5;34.1;31.5;30.2;24.2;21.5;336.1111111;233.3333333;616.6666667;2.4
21549600;16;14;0;0;17.9;15.7;23.7;19.6;51.3;557.4;35.9;33.4;31.7;24.7;23.3;344.4444444;252.7777778;655.5555556;1.7
21550500;15;14;1;0;16.8;16.1;24;20.2;45.4;594.1;37.3;35.3;33.6;27.3;23.3;344.4444444;252.7777778;655.5555556;1.7
21551400;16;15;0;0;17;16.2;24.4;20.9;44.2;589.8;35.3;33.5;32.3;26.7;23.3;344.4444444;252.7777778;655.5555556;1.7
21552300;16;14;0;0;17.5;15.9;24.8;21.3;42.2;587.6;37.4;35.3;33.7;27.6;23.3;344.4444444;252.7777778;655.5555556;1.7
21553200;16;14;0;0;17.5;15.7;25.4;22.7;41.7;674.7;39.1;37.1;35;28.1;24.4;350;272.2222222;663.8888889;0.7
21554100;16;16;0;0;17.9;16.7;25.8;22.7;41.7;674.7;39.9;37.8;36;28.5;24.4;350;272.2222222;663.8888889;0.7
21555000;15;15;1;1;16.4;16.8;26;22.8;41.4;674.7;38.5;37.6;35.4;30.8;24.4;350;272.2222222;663.8888889;0.7
21555900;16;15;0;0;17.5;16.2;26.3;22.9;40.4;674.7;38.5;36.8;35.1;29.7;24.4;350;272.2222222;663.8888889;0.7
21556800;16;14;0;0;17.9;15.8;26.4;23.8;39.4;654.1;40.2;38.4;36.3;30.5;25.2;352.7777778;269.4444444;597.2222222;0.9
21557700;16;14;0;0;18;15.7;26.6;23.9;37.2;652.6;41.3;39.7;37;30.9;25.2;352.7777778;269.4444444;597.2222222;0.9
21558600;15;15;0;1;16.8;16.2;27;24.1;36.8;652.6;39.8;39.3;36.1;31.8;25.2;352.7777778;269.4444444;597.2222222;0.9
21559500;16;15;0;0;17.6;16.3;26.9;24.2;36.5;652.6;39.6;38.7;35.8;31.4;25.2;352.7777778;269.4444444;597.2222222;0.9
21560400;16;14;0;0;18.1;16.3;27.1;24.4;37;582.1;40.5;39.7;36.6;32;25.5;355.5555556;241.6666667;494.4444444;0.9
21561300;16;14;0;0;18.1;15.9;27.1;24.5;37.5;564.5;41.1;40.4;37.1;32.4;25.5;355.5555556;241.6666667;494.4444444;0.9
21562200;16;16;0;0;18.3;16.6;26.9;24.7;38;564.5;41;40.6;37.2;32.6;25.5;355.5555556;241.6666667;494.4444444;0.9
21563100;16;16;0;0;18.6;17.3;27.4;24.8;37.9;564.5;41;40.7;37.4;32.8;25.5;355.5555556;241.6666667;494.4444444;0.9
21564000;16;16;0;1;18.5;17.3;27.6;24.8;37.1;559.8;41;40.6;37.5;33.2;25;352.7777778;200;375;0.8
21564900;16;15;0;0;17.5;16.6;27.6;24.8;37.1;559.1;38.5;39.2;35.5;32.8;25;352.7777778;200;375;0.8
21565800;16;15;0;0;18.4;16.3;27.3;25;38.1;559.1;38;38.5;35.5;32.8;25;352.7777778;200;375;0.8
21566700;16;14;0;0;18.4;16.3;27.2;25.3;36.8;559.1;37.9;38.3;35.8;33;25;352.7777778;200;375;0.8
21567600;17;14;0;0;18.9;15.9;27.3;24.8;36.2;425.8;37.8;38.2;35.8;33.1;24;352.7777778;136.1111111;205.5555556;1.3
21568500;17;14;0;0;18.9;15.8;27.4;24.7;35.9;392.5;37.4;37.9;35.6;33.1;24;352.7777778;136.1111111;205.5555556;1.3
21569400;17;14;0;0;18.9;15.8;27.1;24.8;36.6;392.5;37;37.5;35.3;33.1;24;352.7777778;136.1111111;205.5555556;1.3
21570300;16;15;0;0;19.1;16.1;26.9;25;37;392.5;36.3;37;34.8;33.1;24;352.7777778;136.1111111;205.5555556;1.3
21571200;16;17;0;0;19.4;17.9;26.6;24.4;38.5;263.9;35.4;36.1;34.1;33;23;352.7777778;72.22222222;77.77777778;0.9
21572100;16;17;0;0;19.4;18.3;26.3;24.4;37.9;263.9;34.4;35.4;33.5;33.1;23;352.7777778;72.22222222;77.77777778;0.9
21573000;16;17;0;0;19.4;18.3;26.1;24.5;38.4;263.9;33.6;34.7;33;33.2;23;352.7777778;72.22222222;77.77777778;0.9
21573900;16;17;0;0;19.4;18.3;25.7;24.6;42.5;263.9;32.9;34;32.5;33.3;23;352.7777778;72.22222222;77.77777778;0.9
21574800;16;17;0;0;19.8;18.3;25;23.9;46.5;143.2;32.1;33.2;31.9;33.2;21.7;350;5.555555556;5.555555556;0.9
21575700;16;17;0;0;19.9;18.3;24.1;23.8;48.8;134.6;31.3;32.5;31.2;33.2;21.7;350;5.555555556;5.555555556;0.9
21576600;16;17;0;0;19.9;18.3;23.3;23.6;50.9;134.6;30.5;31.8;30.7;33;21.7;350;5.555555556;5.555555556;0.9
21577500;16;17;0;0;19.7;18.6;22.6;23.5;53.2;134.6;29.9;31.1;30.1;32.8;21.7;350;5.555555556;5.555555556;0.9
21578400;16;15;0;0;20.2;17.7;22;22.6;54.5;31.6;29.4;30.5;29.6;32.4;20.5;344.4444444;0;0;0.5
21579300;16;16;0;0;20.2;17.9;21.5;22.5;56.3;15.8;28.8;29.8;29.1;32.1;20.5;344.4444444;0;0;0.5
21580200;17;16;0;0;20.2;18.1;21.1;22.3;58;16.2;28.3;29.2;28.6;31.7;20.5;344.4444444;0;0;0.5
21581100;17;14;0;0;20.2;16.7;20.7;22.1;58.7;16.4;27.8;28.5;28.2;31.4;20.5;344.4444444;0;0;0.5
21582000;17;14;0;0;20.3;15.9;20.3;20.8;60.4;2.2;27.3;27.9;27.7;31;19.5;336.1111111;0;0;1.1
21582900;17;14;0;0;20.7;15.6;19.9;20.6;61.6;0;26.9;27.4;27.3;30.8;19.5;336.1111111;0;0;1.1
21583800;17;13;0;0;20.7;15.4;19.6;20.4;63;0;26.5;26.9;26.9;30.4;19.5;336.1111111;0;0;1.1
21584700;17;14;0;0;20.7;15.4;19.4;20.3;64.5;0;26.1;26.5;26.5;30;19.5;336.1111111;0;0;1.1
21585600;17;14;0;0;21.2;15.8;19.1;19.4;65.8;0;25.7;26;26.2;29.6;17.8;330.5555556;0;0;1
21586500;18;15;0;0;21.2;16;18.9;19.3;66.9;0;25.4;25.6;25.9;29.2;17.8;330.5555556;0;0;1
21587400;18;16;0;0;21.2;16.8;18.7;19.5;68.1;0;25.1;25.1;25.5;28.9;17.8;330.5555556;0;0;1
21588300;18;18;0;0;21.2;18.4;18.4;19.6;69.5;0;24.6;24.5;25.1;28.5;17.8;330.5555556;0;0;1
21589200;18;17;0;0;21.5;18.4;18.2;19;70.6;0;24.2;24.2;24.7;28;16.5;325;0;0;0.4
21590100;18;17;0;0;21.7;18.4;18;19;71.4;0;24;23.9;24.6;27.7;16.5;325;0;0;0.4
21591000;18;17;0;0;21.7;18.4;17.9;18.9;72.1;0;23.6;23.5;24.3;27.4;16.5;325;0;0;0.4
21591900;18;17.5;0;0;21.95;18.65;17.65;18.5;72.95;0;23.35;23.05;24.1;27.15;16.5;325;0;0;0.4
21592800;18;18;0;0;22.2;18.9;17.4;18.1;73.8;0;23.1;22.6;23.9;26.9;15.5;322.2222222;0;0;0.7
21593700;19;18;0;0;22.2;18.9;17.2;18;74.4;0;22.8;22;23.8;26.6;15.5;322.2222222;0;0;0.7
21594600;19;18;0;0;22.2;18.9;17;18;74.9;0;22.6;21;23.8;26.3;15.5;322.2222222;0;0;0.7
21595500;19;18;0;0;22.5;19.4;16.9;18;75.9;0;22.7;19.2;24.4;26.2;15.5;322.2222222;0;0;0.7
21596400;19;20;0;0;22.7;20.3;16.8;17.2;76.2;0;24.1;17;23.6;26.1;14.9;319.4444444;0;0;0.7
21597300;19;20;0;0;22.7;21;16.7;17.1;76.6;0;20;15.8;23;25.9;14.9;319.4444444;0;0;0.7
21598200;19;20;0;0;21.7;21.3;16.5;17.1;77.1;0;16.4;15.5;19.9;25.7;14.9;319.4444444;0;0;0.7
21599100;19;19;0;0;18.2;20.7;16.4;17.1;77.6;0;15.7;15.3;20.8;24.8;14.9;319.4444444;0;0;0.7
21600000;18;16;0;0;17;18.1;16.3;16.2;78.2;0;15.4;15.1;22.7;24.8;14.2;316.6666667;0;0;1.3
21600900;15;14;0;0;15;15.8;16.1;16;78.8;0;15.4;14.9;20.2;24.7;14.2;316.6666667;0;0;1.3
21601800;14;14;0;0;14.7;15;15.9;16;79.7;0;15.4;14.7;18.3;24.6;14.2;316.6666667;0;0;1.3
21602700;14;13;0;0;14.5;14.7;15.8;16;80;0;15.4;14.6;17.8;24.4;14.2;316.6666667;0;0;1.3
21603600;14;13;0;0;14.2;14.4;15.6;14.5;80.4;0;15.3;14.4;17.4;24.2;13.8;313.8888889;0;0;1.8
21604500;13;14;0;0;14.2;14.8;15.5;13.9;80.5;0;15.1;14.1;17.2;24;13.8;313.8888889;0;0;1.8
21605400;14;15;0;0;14.2;16.4;15.4;14.2;80.9;0;14.9;13.9;17.1;23.7;13.8;313.8888889;0;0;1.8
21606300;14;15;0;0;14.2;16.4;15.3;14.4;81.6;0;14.7;13.8;17;23.6;13.8;313.8888889;0;0;1.8
21607200;14;15;0;0;14.2;15.9;15.2;13.7;82.1;0;14.5;13.6;17;23.6;13;308.3333333;0;0;3.4
21608100;14;15;0;0;14.2;15.9;15;13.7;82.3;0;14.2;13.4;17;23.5;13;308.3333333;0;0;3.4
21609000;13;15;0;0;14.2;15.9;14.9;13.5;82.5;0;13.9;13.2;16.9;23.4;13;308.3333333;0;0;3.4
21609900;13;15;0;0;13.7;15.9;14.9;13.4;82.5;0;13.7;13.1;16.8;23.3;13;308.3333333;0;0;3.4
21610800;13;14;0;0;13.7;15.9;14.8;13.1;82.8;0;13.6;13;16.6;23.2;12.5;302.7777778;0;0;4.2
21611700;13;14;0;0;13.5;15.6;14.6;13.1;83;0;13.4;12.9;16.4;23;12.5;302.7777778;0;0;4.2
21612600;13;14;0;0;13.2;15.4;14.4;13.2;83.1;0;13.3;12.8;16.3;22.9;12.5;302.7777778;0;0;4.2
21613500;13;16;0;0;13;16.5;14.3;13.3;83.5;0;13.1;12.6;16.1;22.5;12.5;302.7777778;0;0;4.2
21614400;13;16;0;0;12.7;16.9;14.2;13.1;83.5;0;13;12.5;16;21.9;11.7;302.7777778;8.333333333;11.11111111;3.5
21615300;13;15;0;0;12.7;16.1;14;13;83.5;0;12.8;12.4;15.9;21.4;11.7;302.7777778;8.333333333;11.11111111;3.5
21616200;13;14;0;0;12.7;15.5;13.9;12.8;83.9;0;12.7;12.3;16.1;20;11.7;302.7777778;8.333333333;11.11111111;3.5
21617100;13;14;0;0;12.7;15.9;13.9;12.6;84;0;12.6;12.2;16;13.9;11.7;302.7777778;8.333333333;11.11111111;3.5
21618000;12;16;0;0;12.7;17.3;13.9;12.4;84;0.5;12.6;13.7;16.6;11.8;12;300;44.44444444;102.7777778;2.5
21618900;12;16;0;0;12.7;17.4;14;12.4;84;0.6;12.9;20;20.7;12.2;12;300;44.44444444;102.7777778;2.5
21619800;12;16;0;0;12.7;16.9;14.2;12.4;84;0.6;13.2;20;20.6;13;12;300;44.44444444;102.7777778;2.5
21620700;11;16;0;0;11.7;16.9;14.5;12.3;84;0.6;13.5;18.3;19.5;13.5;12;300;44.44444444;102.7777778;2.5
21621600;10;16;0;0;11.2;17;15;12.9;83.3;58.7;14.2;16.7;17.4;14.2;14.7;302.7777778;75;261.1111111;2.5
21622500;10;16;0;0;11.2;17.2;15.7;13.1;81.8;73.2;15.2;17.1;17.2;15.1;14.7;302.7777778;75;261.1111111;2.5
21623400;11;15;0;0;11.6;16.6;16.3;12.8;80;73.4;16.8;17.6;17.5;16.1;14.7;302.7777778;75;261.1111111;2.5
21624300;11;15;0;0;12.2;16.2;16.8;12.4;78.3;73.6;18.2;18;18;17;14.7;302.7777778;75;261.1111111;2.5
21625200;12;14;0;0;12.8;15.5;17.3;13.8;74.8;185.8;19.4;18.4;18.3;17.6;18.2;308.3333333;97.22222222;430.5555556;2
21626100;12;14;0;0;13.2;15;17.6;14.1;69.9;213.9;20.8;18.8;19.1;17.9;18.2;308.3333333;97.22222222;430.5555556;2
21627000;12;13;0;0;13.5;14.9;18.2;13.8;68;213.9;22.4;19.9;20.5;18.3;18.2;308.3333333;97.22222222;430.5555556;2
21627900;13;15;1;0;14.5;15.4;18.8;13.5;64.4;213.9;23.1;21.7;23.3;19.9;18.2;308.3333333;97.22222222;430.5555556;2
21628800;14;15;0;0;14.7;15.4;19.4;15.1;62.1;342.2;22.9;21.2;22.2;19.3;20.1;319.4444444;116.6666667;577.7777778;2
21629700;14;14;0;0;15;15.4;20;15.5;59.6;374.3;25.2;22.7;23.7;19.3;20.1;319.4444444;116.6666667;577.7777778;2
21630600;14;14;0;0;15.2;15.4;20.5;16;58.2;374.3;27.5;24.8;25.2;19.7;20.1;319.4444444;116.6666667;577.7777778;2
21631500;14;15;0;0;15.2;15.8;21.3;16.5;57.4;374.3;29.5;26.9;26.6;20.2;20.1;319.4444444;116.6666667;577.7777778;2
21632400;14;16;0;0;15.5;16.4;21.8;18.1;55.7;477.6;31.3;28.5;28.1;20.7;22.4;330.5555556;111.1111111;669.4444444;2.3
21633300;14;15;1;1;15.4;16.5;22.3;18.5;53.8;503.4;33.1;30.7;31;23;22.4;330.5555556;111.1111111;669.4444444;2.3
21634200;14;15;0;0;15.2;15.9;22.7;19.2;51.2;504.5;30.9;29.3;29.8;23.8;22.4;330.5555556;111.1111111;669.4444444;2.3
21635100;14;14;0;0;15.7;15.8;23.1;20.1;49.8;505.7;33.4;31.1;31.1;24;22.4;330.5555556;111.1111111;669.4444444;2.3
21636000;15;13;0;0;15.7;15.4;23.6;21.5;48.6;572.5;35.8;33.4;32.5;24.7;23.8;336.1111111;91.66666667;730.5555556;2.6
21636900;15;13;1;0;15.9;15.5;23.9;21.8;47.9;589.2;37.2;35.6;34.2;25.9;23.8;336.1111111;91.66666667;730.5555556;2.6
21637800;14;15;0;0;15.2;15.9;24.2;21.8;47.8;593.8;34.9;34.5;33.8;28.1;23.8;336.1111111;91.66666667;730.5555556;2.6
21638700;15;14;0;0;15.8;15.5;24.7;21.9;47.8;600.7;36.9;35.1;34.2;27.5;23.8;336.1111111;91.66666667;730.5555556;2.6
21639600;15;13;0;0;16.1;15.5;24.9;22.9;47;664.7;39.1;37.3;35.4;28.2;24.8;338.8888889;80.55555556;736.1111111;2.5
21640500;15;16;0;0;16.1;16.4;25.1;23.2;46.5;688;40.3;38.7;36.5;28.6;24.8;338.8888889;80.55555556;736.1111111;2.5
21641400;14;15;0;1;15.7;16.3;25.3;23.5;46.1;688;38.9;38.3;36.4;31.1;24.8;338.8888889;80.55555556;736.1111111;2.5
21642300;15;14;0;0;16.1;15.9;25.7;23.9;44.4;688;39.7;37.9;36.2;30.2;24.8;338.8888889;80.55555556;736.1111111;2.5
21643200;15;13;0;0;16.5;15.5;26;24.6;43.4;687.1;42;39.9;37.4;31;25.3;341.6666667;77.77777778;683.3333333;2.6
21644100;15;13;0;0;16.6;15;26.4;24.8;42.8;686.8;43.5;41.3;38.3;31.5;25.3;341.6666667;77.77777778;683.3333333;2.6
21645000;14;14;1;1;16;15.8;26.5;24.8;42.7;686.8;42.4;41.1;38.4;33.6;25.3;341.6666667;77.77777778;683.3333333;2.6
21645900;15;14;0;0;16.4;15.7;26.9;24.9;40.2;686.8;41.5;39.4;37.3;32.3;25.3;341.6666667;77.77777778;683.3333333;2.6
21646800;15;13;0;0;16.8;15.4;27.1;25.6;36.8;634.5;43.5;41;38.2;33.2;25.7;344.4444444;72.22222222;577.7777778;1.7
21647700;15;13;0;0;16.9;15.2;27.2;25.9;36.2;615.5;44.5;42.1;38.8;33.7;25.7;344.4444444;72.22222222;577.7777778;1.7
21648600;15;15;0;0;17.1;15.9;27.4;25.9;36.6;615.5;44.9;42.7;39.2;34.1;25.7;344.4444444;72.22222222;577.7777778;1.7
21649500;15;15;1;1;16.3;16.5;27.6;26;35.4;615.5;42.6;41.6;38;35.2;25.7;344.4444444;72.22222222;577.7777778;1.7
21650400;15;15;0;0;17.2;16.2;27.5;26.2;34.9;583.8;42.4;40.8;37.8;34.5;26.6;344.4444444;63.88888889;441.6666667;2.2
21651300;15;14;0;0;17.2;15.8;27.9;26.3;35;572.3;43;41.5;38.3;35;26.6;344.4444444;63.88888889;441.6666667;2.2
21652200;15;14;0;0;17.2;15.7;28;26.1;34.8;572.3;43.1;41.6;38.6;35.3;26.6;344.4444444;63.88888889;441.6666667;2.2
21653100;16;14;0;0;17.7;15.4;28.1;25.7;34.1;572.3;43;41.6;38.8;35.5;26.6;344.4444444;63.88888889;441.6666667;2.2
21654000;16;14;0;0;17.7;15.2;28;25.6;35;471.2;42.6;41.3;38.7;35.6;25.8;347.2222222;55.55555556;277.7777778;1.4
21654900;16;14;0;0;17.7;15.2;28.4;25.6;34.6;434.4;41.8;40.9;38.3;35.7;25.8;347.2222222;55.55555556;277.7777778;1.4
21655800;15;14;0;0;17.9;15.2;28.3;25.6;35.1;434.4;40.8;40.4;37.7;35.8;25.8;347.2222222;55.55555556;277.7777778;1.4
21656700;15;14;0;0;18.2;15.5;28.3;25.7;36.9;434.4;40;39.8;37.1;35.7;25.8;347.2222222;55.55555556;277.7777778;1.4
21657600;15;17;0;0;18.2;17.5;27.8;25.1;37;323.2;39.1;38.7;36.4;35.5;24.7;350;36.11111111;108.3333333;2
21658500;15;17;0;0;18.2;17.7;27.3;24.9;39.4;282.7;38.1;38;35.9;35.7;24.7;350;36.11111111;108.3333333;2
21659400;15;16;0;0;18.2;17.7;26.9;25.3;39.5;282.7;37.2;37.6;35.4;36.2;24.7;350;36.11111111;108.3333333;2
21660300;15;16;0;0;18.6;17.7;26.5;25.9;41;282.7;36.2;36.9;34.8;36.3;24.7;350;36.11111111;108.3333333;2
21661200;15;16;0;0;18.7;17.7;26;25.1;42.9;187.4;35.3;35.9;34.2;36.3;22.6;344.4444444;5.555555556;8.333333333;2.6
21662100;15;17;0;0;18.7;17.7;25.3;24.8;47.3;152.7;34.1;34.8;33.4;36.2;22.6;344.4444444;5.555555556;8.333333333;2.6
21663000;15;17;0;0;18.6;18;24.3;24.8;51.2;152.7;32.9;33.9;32.5;36;22.6;344.4444444;5.555555556;8.333333333;2.6
21663900;16;15;0;0;19.1;17.5;23.4;24.8;54.2;152.7;31.8;33;31.6;35.4;22.6;344.4444444;5.555555556;8.333333333;2.6
21664800;16;14;0;0;19.1;16.1;22.7;23.6;56.4;20;30.8;32.1;30.9;35.1;21.8;344.4444444;0;0;2.5
21665700;16;15;0;0;19.1;17.2;22.2;23.6;57.5;20;30;31.2;30.3;35.1;21.8;344.4444444;0;0;2.5
21666600;16;16;0;0;19.1;17.5;21.7;23.6;59.3;20.2;29.3;30.5;29.8;34.8;21.8;344.4444444;0;0;2.5
21667500;16;14;0;0;19.4;16.2;21.5;23.6;60;20.5;28.7;29.8;29.3;34.5;21.8;344.4444444;0;0;2.5
21668400;17;13;0;0;19.6;15.7;21.1;22.6;61.5;5.5;28.2;29.1;28.8;34.1;20;341.6666667;0;0;2.2
21669300;17;13;0;0;19.6;15.2;20.8;22.2;62.8;0;27.7;28.6;28.4;33.6;20;341.6666667;0;0;2.2
21670200;17;13;0;0;20;15.2;20.7;21.8;63.5;0;27.3;28.1;28;33.1;20;341.6666667;0;0;2.2
21671100;17;14;0;0;20.1;15.2;20.6;21.3;64.5;0;26.9;27.6;27.7;32.6;20;341.6666667;0;0;2.2
21672000;17;14;0;0;20.1;15.6;20.5;20.6;65.6;0;26.5;27.1;27.3;32.1;18.9;341.6666667;0;0;3.7
21672900;17;15;0;0;20.5;15.8;20.5;20.3;66.2;0;26.1;26.7;27.1;31.6;18.9;341.6666667;0;0;3.7
21673800;17;16;0;0;20.6;16.6;20.4;20.5;67.1;0;25.7;26.3;26.7;31.1;18.9;341.6666667;0;0;3.7
21674700;18;17;0;0;20.6;18.2;20.2;20.9;68;0;25.3;25.7;26.3;30.5;18.9;341.6666667;0;0;3.7
21675600;18;17;0;0;20.7;18.2;19.9;20.4;69.2;0;24.9;25.4;26;30;18;341.6666667;0;0;3.7
21676500;18;17;0;0;21.1;18.2;19.6;20.2;70.2;0;24.6;25.1;25.8;29.7;18;341.6666667;0;0;3.7
21677400;18;17;0;0;21.1;18.2;19.4;19.9;71.2;0;24.3;24.8;25.5;29.4;18;341.6666667;0;0;3.7
21678300;18;17;0;0;21.35;18.45;19.45;19.15;71.4;0;24;24.5;25.3;29.05;18;341.6666667;0;0;3.7
21679200;18;17;0;0;21.6;18.7;19.5;18.4;71.6;0;23.7;24.2;25.1;28.7;18;341.6666667;0;0;3.7
21680100;19;18;0;0;21.6;18.7;19.4;18;72.3;0;23.5;23.9;24.9;28.4;18;341.6666667;0;0;3.7
21681000;19;18;0;0;21.6;18.8;19.2;18;73.1;0;23.2;23.7;24.7;28.1;18;341.6666667;0;0;3.7
21681900;19;18;0;0;21.8;19.2;19.1;18;73.3;0;23;23.4;24.5;27.9;18;341.6666667;0;0;3.7
21682800;19;20;0;0;22.1;20.3;19;17.3;73.6;0;22.7;23.1;24.4;27.7;17;347.2222222;0;0;2.8
21683700;19;20;0;0;22.1;20.7;19;17.1;73.9;0;22.4;22.6;24.3;27.4;17;347.2222222;0;0;2.8
21684600;19;19;0;0;20.8;21;18.8;17.1;74.5;0;21.1;21;22.5;27.2;17;347.2222222;0;0;2.8
21685500;19;18;0;0;20;21.3;18.7;17.1;75.3;0;21.5;18.9;23.8;26.9;17;347.2222222;0;0;2.8
21686400;18;16;0;0;19.7;20.7;18.6;16.3;75.8;0;21.6;18.1;24;26.6;16.5;338.8888889;0;0;2.8
21687300;18;14;0;0;19.5;17;18.4;16;76.2;0;20.1;17.8;22.3;26.6;16.5;338.8888889;0;0;2.8
21688200;17;14;0;0;19.3;17.1;18.3;16;76.9;0;20.6;17.6;19.9;26.5;16.5;338.8888889;0;0;2.8
21689100;17;13;0;0;19;16;18;16;77.7;0;20.9;17.4;19.4;26.3;16.5;338.8888889;0;0;2.8
21690000;17;13;0;0;19.3;15.2;17.8;17;78.4;0;22.5;17.2;19;26.2;15.8;341.6666667;0;0;2.5
21690900;18;14;0;0;19.9;15.8;17.8;17.4;79.1;0;23.9;17;18.7;26;15.8;341.6666667;0;0;2.5
21691800;18;16;0;0;20.5;17.2;17.9;17.1;78.8;0;24.4;16.9;18.6;25.6;15.8;341.6666667;0;0;2.5
21692700;18;16;0;0;20.5;17.2;17.9;16.7;78.7;0;22.9;16.9;18.4;25.1;15.8;341.6666667;0;0;2.5
21693600;18;16;0;0;20.8;17.2;17.7;16.7;79.5;0;22.1;16.8;18.7;25.1;15.4;333.3333333;0;0;2.1
21694500;18;16;0;0;19.4;16.9;17.5;16.7;79.7;0;20.2;16.7;18.8;25.2;15.4;333.3333333;0;0;2.1
21695400;18;15;0;0;18.1;16.7;17.4;16.6;80;0;19.2;16.5;18.8;25;15.4;333.3333333;0;0;2.1
21696300;17;15;0;0;17.8;16.7;17.3;16.4;80.3;0;18.8;16.4;18.7;24.7;15.4;333.3333333;0;0;2.1
21697200;17;15;0;0;17.5;16.7;17.3;16.3;80.4;0;18.6;16.4;18.5;24.6;15.8;341.6666667;0;0;2.6
21698100;17;15;0;0;17.5;16.7;17.3;16.3;80.8;0;18.7;16.3;18.2;24.4;15.8;341.6666667;0;0;2.6
21699000;17;15;0;0;17.4;16.7;17.2;16;80.3;0;18.9;16.3;18.1;24.1;15.8;341.6666667;0;0;2.6
21699900;17;17;0;0;17;17.4;17.1;15.6;80.7;0;19;16.2;18.1;23.6;15.8;341.6666667;0;0;2.6
21700800;17;17;0;0;17;17.7;17.1;15.5;80.8;0;19;16.1;18.2;23.3;16;347.2222222;5.555555556;5.555555556;2.3
21701700;17;15;0;0;17;16.8;17.6;15.5;79.8;0;18.8;16.1;18.2;23.1;16;347.2222222;5.555555556;5.555555556;2.3
21702600;16;15;0;0;17;16.2;17.8;15.3;78.8;0;18.8;16.3;18.3;22.7;16;347.2222222;5.555555556;5.555555556;2.3
21703500;16;15;0;0;16.5;16.2;17.5;15.1;78.8;0;19.1;16.2;18.3;21.7;16;347.2222222;5.555555556;5.555555556;2.3
21704400;16;15;0;0;16.5;16.2;17.4;15.2;79;0.4;19.1;16.2;18.3;18.6;16.4;338.8888889;61.11111111;91.66666667;2.3
21705300;16;15;0;0;16.5;16.2;17.3;15.2;79.4;0.4;18.8;16.1;18;16;16.4;338.8888889;61.11111111;91.66666667;2.3
21706200;17;16;0;0;17.1;17.4;17.4;15.5;79.7;0.4;19.3;16.1;17.7;16;16.4;338.8888889;61.11111111;91.66666667;2.3
21707100;18;15;0;0;17.4;16.5;18;15.8;78.4;0.4;22.5;16.4;17.7;16.7;16.4;338.8888889;61.11111111;91.66666667;2.3
21708000;16;15;0;0;16.2;16;18.8;16.6;75.5;51.5;22.9;17;18;17.9;18.8;352.7777778;125;216.6666667;2.6
21708900;15;16;0;0;16;17;19.7;16.7;72.5;59.4;22.9;17.8;19;19;18.8;352.7777778;125;216.6666667;2.6
21709800;15;15;0;0;16;16.7;20.7;16.7;69;57.8;22.3;19;20.2;20;18.8;352.7777778;125;216.6666667;2.6
21710700;15;15;0;0;16.2;16.2;20.8;16.8;68.2;55.9;22.1;19.7;20.8;20.5;18.8;352.7777778;125;216.6666667;2.6
21711600;15;13;0;0;16.5;15.4;20.8;17.8;67.9;150.6;23.1;20.8;21.8;20.7;20.7;355.5555556;161.1111111;333.3333333;3.3
21712500;16;13;0;0;16.5;14.8;20.9;18.1;67.8;174.3;24;21.6;22.4;20.8;20.7;355.5555556;161.1111111;333.3333333;3.3
21713400;16;13;0;0;17;14.7;21.3;18;66.8;174.3;24.9;22.5;23.2;20.9;20.7;355.5555556;161.1111111;333.3333333;3.3
21714300;16;13;0;0;17;14.7;22;17.7;66;174.3;26.3;23.6;24.2;21.1;20.7;355.5555556;161.1111111;333.3333333;3.3
21715200;16;13;0;0;17.1;14.7;23;18.7;63.3;272.6;27.3;24.7;25.1;21.4;22.3;363.8888889;172.2222222;477.7777778;4.2
21716100;15;15;1;0;16.2;16.6;23.8;19.1;60.6;308.3;28.1;25.8;27.2;23.8;22.3;363.8888889;172.2222222;477.7777778;4.2
21717000;16;14;0;0;17.3;16;24.7;19.4;58.8;308.3;27.9;25.4;26.7;23.2;22.3;363.8888889;172.2222222;477.7777778;4.2
21717900;16;15;0;0;17.5;16.2;24.8;20.1;56.9;308.3;29.2;26.5;27.8;23.3;22.3;363.8888889;172.2222222;477.7777778;4.2
21718800;16;16;0;0;17.5;16.8;24.9;21.6;55.3;394.9;30.8;28.2;29;23.8;25.1;-2775;169.4444444;613.8888889;2.8
21719700;17;15;0;0;18;16.8;25.3;21.6;53;394.9;33;29.9;30.5;24.2;25.1;-2775;169.4444444;613.8888889;2.8
21720600;17;15;0;0;17.8;16.9;25.8;21.9;51.5;394.4;35.1;32.2;32.4;25.2;25.1;-2775;169.4444444;613.8888889;2.8
21721500;15;15;0;0;16.8;16;26;22.2;51.1;394;34.1;32.3;32;26.9;25.1;-2775;169.4444444;613.8888889;2.8
21722400;16;14;0;0;17.8;15.7;26.7;23.3;50;507.1;35.3;33;32.8;26.3;25.3;377.7777778;236.1111111;686.1111111;2
21723300;16;14;0;0;17.9;15.7;27.1;23.4;48.4;515.2;37;34.7;34.1;27.1;25.3;377.7777778;236.1111111;686.1111111;2
21724200;17;14;0;0;18.3;15.7;27.4;23.5;46.4;523.1;38.9;36.6;35.7;27.6;25.3;377.7777778;236.1111111;686.1111111;2
21725100;17;14;0;0;18.4;15.2;27.8;23.5;46;530;40;37.9;36.8;28;25.3;377.7777778;236.1111111;686.1111111;2
21726000;16;13;0;0;18.4;15.3;27.4;24.3;46.8;564.1;40.5;38.8;37.5;28.5;25.8;402.7777778;280.5555556;422.2222222;2
21726900;16;15;1;1;17;16.9;27.7;24.4;46.9;569.3;39;37.9;36.6;30.4;25.8;402.7777778;280.5555556;422.2222222;2
21727800;16;15;0;0;18;16.7;28.7;25.1;45.4;569.3;39.8;38;36.6;29.8;25.8;402.7777778;280.5555556;422.2222222;2
21728700;16;14;0;0;18.4;16.3;29.7;25.8;43.3;569.3;42;39.9;38;30.6;25.8;402.7777778;280.5555556;422.2222222;2
21729600;17;14;0;0;18.5;15.7;29.8;26;41.7;552.5;43.2;41.3;39.3;31.1;26.5;416.6666667;330.5555556;530.5555556;2
21730500;17;14;0;0;18.9;15.5;29.6;26.1;41.8;548.3;44;42.3;40.2;31.5;26.5;416.6666667;330.5555556;530.5555556;2
21731400;17;13;0;0;19;15.2;29.8;25.9;41.4;548.3;44.2;42.8;40.7;31.8;26.5;416.6666667;330.5555556;530.5555556;2
21732300;17;13;0;0;19;15.2;30.1;25.7;39.2;548.3;44.4;43;40.8;32;26.5;416.6666667;330.5555556;530.5555556;2
21733200;17;13;0;0;19.3;15.2;30.3;25.6;38.4;489.3;44.1;43;40.9;32.3;25.1;416.6666667;205.5555556;208.3333333;2.2
21734100;17;13;0;0;19.5;15.2;30.4;25.5;38.1;467.9;44.2;43.1;41;32.6;25.1;416.6666667;205.5555556;208.3333333;2.2
21735000;15;16;1;1;17.3;17.3;29.7;25.6;38.4;467.9;40.8;40.4;38.2;33.2;25.1;416.6666667;205.5555556;208.3333333;2.2
21735900;16;16;0;0;18.5;17.1;29.2;25.8;41.9;467.9;39.4;39;37;32.3;25.1;416.6666667;205.5555556;208.3333333;2.2
21736800;17;14;0;0;18.8;16.6;29.5;25.8;44.3;417.4;39.2;38.8;37.2;32.7;24.8;391.6666667;183.3333333;219.4444444;2.1
21737700;17;14;0;0;18.8;15.7;29.3;25.8;45.1;417.4;38.9;38.5;36.9;32.7;24.8;391.6666667;183.3333333;219.4444444;2.1
21738600;16;14;0;0;18.9;15.6;28.9;26.3;46.1;417.4;38.3;38;36.4;32.7;24.8;391.6666667;183.3333333;219.4444444;2.1
21739500;16;14;0;0;19.3;15.6;28.7;26.6;45.7;417.4;37.7;37.5;36;32.7;24.8;391.6666667;183.3333333;219.4444444;2.1
21740400;16;14;0;0;19.3;15.9;28.5;26.3;46.2;333.4;37.2;37;35.6;32.7;24.8;363.8888889;97.22222222;205.5555556;2.1
21741300;17;15;0;0;19.8;16.1;28.6;26.3;45.3;327.4;36.9;36.8;35.5;32.6;24.8;363.8888889;97.22222222;205.5555556;2.1
21742200;17;15;0;0;19.8;16.2;27.9;25.6;43;327.4;36.6;36.4;35.1;32.7;24.8;363.8888889;97.22222222;205.5555556;2.1
21743100;17;16;0;0;19.8;16.8;27.2;25;41.2;327.4;36.1;36;34.7;32.6;24.8;363.8888889;97.22222222;205.5555556;2.1
21744000;16;18;0;0;19.8;18.5;26.4;24.1;43.3;225;35;34.9;33.9;32.4;23.3;363.8888889;50;55.55555556;1.6
21744900;16;17;0;0;19.8;18.6;26;24;44.6;209.2;34;34;33.1;32.3;23.3;363.8888889;50;55.55555556;1.6
21745800;16;17;0;0;20.3;18.6;25.6;24;46.6;209.2;33.2;33.4;32.5;32.2;23.3;363.8888889;50;55.55555556;1.6
21746700;16;17;0;0;20.3;18.6;25.4;23.9;48.6;209.2;32.4;32.7;31.9;32;23.3;363.8888889;50;55.55555556;1.6
21747600;16;17;0;0;19.7;18.6;25.1;22.9;50.6;123.7;31.7;32.1;31.3;31.8;21.7;366.6666667;5.555555556;5.555555556;2
21748500;16;14;0;0;20.2;17;24.7;22.6;51.7;102.3;31.1;31.5;30.9;31.5;21.7;366.6666667;5.555555556;5.555555556;2
21749400;17;13;0;0;20.2;15.7;24.2;23;52.9;102.3;30.5;31;30.5;31.4;21.7;366.6666667;5.555555556;5.555555556;2
21750300;17;13;0;0;20.4;15.1;23.6;23.5;55.3;102.3;29.9;30.4;30;31.2;21.7;366.6666667;5.555555556;5.555555556;2
21751200;17;13;0;0;20.7;14.7;23.2;22.3;57;11.6;29.3;29.9;29.6;31;22.2;375;0;0;1.8
21752100;17;15;0;0;20.7;16.3;23;22.3;55.8;11.6;28.7;29.3;29.2;30.9;22.2;375;0;0;1.8
21753000;17;15;0;0;20.7;17;23.3;22.2;52.6;11.5;28.2;28.7;28.8;30.7;22.2;375;0;0;1.8
21753900;17;14;0;0;20.9;16.3;23.5;22.2;51.9;11.5;27.8;28.3;28.4;30.4;22.2;375;0;0;1.8
21754800;17;14;0;0;21.2;16.2;23.3;21.1;52.6;0.8;27.4;28;28.1;30.1;21.6;358.3333333;0;0;2
21755700;18;15;0;0;21.2;16.2;23;21;53.2;0;27;27.6;27.7;29.9;21.6;358.3333333;0;0;2
21756600;18;15;0;0;21.5;16.2;22.9;20.8;53.4;0;26.6;27.2;27.4;29.6;21.6;358.3333333;0;0;2
21757500;18;15;0;0;21.7;16.5;22.7;20.6;53.8;0;26.3;26.8;27.2;29.3;21.6;358.3333333;0;0;2
21758400;18;15;0;0;21.7;16.7;22.5;19.8;54.6;0;26;26.5;26.9;29.1;21.1;352.7777778;0;0;2.3
21759300;18;16;0;0;21.8;17;22.1;19.7;56.1;0;25.7;26.1;26.6;28.8;21.1;352.7777778;0;0;2.3
21760200;18;17;0;0;22.2;17.6;21.6;20.4;57.6;0;25.5;25.8;26.4;28.6;21.1;352.7777778;0;0;2.3
21761100;19;18;0;0;22.2;19.1;21.4;21.3;59.2;0;25.2;25.5;26.1;28.4;21.1;352.7777778;0;0;2.3
21762000;19;18;0;0;22.2;19.2;21.1;20.7;60.7;0;24.8;25.2;25.8;28.1;20.5;350;0;0;2.2
21762900;19;18;0;0;22.4;19.2;20.8;20.6;61;0;24.6;25;25.6;27.9;20.5;350;0;0;2.2
21763800;19;18;0;0;22.7;19.2;20.6;20.8;61.3;0;24.4;24.7;25.5;27.7;20.5;350;0;0;2.2
21764700;19;18;0;0;22.7;19.2;20.5;19.8;62;0;24.2;24.5;25.3;27.5;20.5;350;0;0;2.2
21765600;19;18;0;0;22.7;19.2;20.4;18.8;62.7;0;24;24.3;25.1;27.3;19.2;361.1111111;0;0;1.9
21766500;20;18;0;0;23;19.5;20.2;18;64;0;23.8;24.1;24.9;27.1;19.2;361.1111111;0;0;1.9
21767400;20;19;0;0;23.2;19.7;20.2;18;64.8;0;23.6;23.9;24.7;27;19.2;361.1111111;0;0;1.9
21768300;20;19;0;0;23.2;19.7;20.3;18;64.3;0;23.5;23.8;24.6;26.8;19.2;361.1111111;0;0;1.9
21769200;20;20;0;0;22.7;20.8;20.4;17.1;64.1;0;23.1;23.3;24.2;26.8;18.4;355.5555556;0;0;2.1
21770100;19;19;0;0;20.6;21.6;20.5;17.1;63.6;0;21.6;21.5;23.8;26.7;18.4;355.5555556;0;0;2.1
21771000;19;19;0;0;20.5;22;20.3;17.1;65.2;0;22;20.6;25;26.5;18.4;355.5555556;0;0;2.1
21771900;17;17;0;0;19.3;21.3;20.2;17.1;66.4;0;22.9;20.2;24;26.4;18.4;355.5555556;0;0;2.1
21772800;17;13;0;0;19.1;16.7;20;16.1;67.4;0;21.9;19.9;23.2;26.3;17.5;350;0;0;2.1
21773700;17;13;0;0;19.1;15.8;19.6;16;69.4;0;21.1;19.5;22.4;26.3;17.5;350;0;0;2.1
21774600;17;13;0;0;19.3;14.9;19.2;16;70.7;0;22.1;19.3;21.2;26.1;17.5;350;0;0;2.1
21775500;17;13;0;0;19.6;14.8;19.2;16;71.3;0;22.9;19.1;20.9;26;17.5;350;0;0;2.1
21776400;18;14;0;0;20.2;15.2;19.3;17.7;71.5;0;24;19;20.7;25.8;17.1;361.1111111;0;0;2
21777300;16;16;20;56;18.7;16.8;19.4;18.1;71.5;0;22.7;19;20;23.1;17.1;361.1111111;0;0;2
21778200;15;17;3;4;16.4;17.5;19.4;18.1;71.1;0;18.9;18.3;18.6;19.3;17.1;361.1111111;0;0;2
21779100;16;16;20;33;16.1;17.3;19.4;18;71.6;0;18.6;18.3;18.6;18.9;17.1;361.1111111;0;0;2
21780000;15;15;3;3;15.7;16.5;19.4;17.7;71.9;0;18.1;17.8;18.1;17.8;16.8;375;0;0;2.4
21780900;15;16;0;0;16.1;16.5;19.5;17.6;72;0;18.2;17.9;18.2;18;16.8;375;0;0;2.4
21781800;15;16;0;0;16.2;16.5;19.6;17.4;71.9;0;18.2;18;18.3;18.2;16.8;375;0;0;2.4
21782700;15;16;22;28;15.9;16.5;19.7;17.2;71.5;0;18.2;18;18.4;18;16.8;375;0;0;2.4
21783600;15;15;0;0;15.6;16.5;19.8;17;71.6;0;18;17.8;18.1;17.6;16.6;369.4444444;0;0;2.9
21784500;15;15;0;0;16;16.5;19.8;17;72;0;18.1;17.9;18.2;17.8;16.6;369.4444444;0;0;2.9
21785400;15;16;0;0;16.1;16.5;19.7;17;72;0;18.1;18;18.3;18;16.6;369.4444444;0;0;2.9
21786300;15;17;0;0;16.6;17.6;19.6;16.9;71.8;0;18.2;18.1;18.4;18.2;16.6;369.4444444;0;0;2.9
21787200;15;16;23;34;16;17;19.5;16.4;72.4;0;18.1;18;18.4;17.8;16.2;355.5555556;11.11111111;11.11111111;2.7
21788100;15;15;0;0;15.6;16;19.4;16.3;72.4;0;17.9;17.6;18;17.5;16.2;355.5555556;11.11111111;11.11111111;2.7
21789000;15;15;0;0;16;16;19.2;16.3;73;0;17.9;17.6;18.1;17.7;16.2;355.5555556;11.11111111;11.11111111;2.7
21789900;15;16;0;0;16.1;16.4;19;16.2;73.6;0;17.8;17.6;18;17.9;16.2;355.5555556;11.11111111;11.11111111;2.7
21790800;15;16;0;0;16.6;16.5;18.9;16.1;74.2;0.1;17.8;17.7;18;18.1;16.8;338.8888889;61.11111111;100;2.4
21791700;14;16;18;42;15.7;16.4;18.9;16;74.4;0.2;17.9;17.7;18.1;17.9;16.8;338.8888889;61.11111111;100;2.4
21792600;15;15;3;8;15.5;16;19;16.2;74.4;0.2;17.6;17.1;17.7;17.4;16.8;338.8888889;61.11111111;100;2.4
21793500;15;15;0;0;15.6;16;19.2;16.5;72.9;0.2;17.9;17.5;18.1;17.6;16.8;338.8888889;61.11111111;100;2.4
21794400;15;16;0;0;15.6;16.5;19.4;16.7;72.1;26.4;18.2;18;18.3;17.8;18.2;338.8888889;100;255.5555556;2
21795300;15;17;26;59;15.5;17.4;19.7;16.8;71.3;32.9;19.1;18.5;19.3;18.5;18.2;338.8888889;100;255.5555556;2
21796200;14;16;31;91;15;17;19.9;16.8;70.7;30.9;19.1;18.5;19.3;18.3;18.2;338.8888889;100;255.5555556;2
21797100;15;17;25;62;16.1;17.4;20.5;16.7;69.4;27.8;19.9;19.3;20.2;18.8;18.2;338.8888889;100;255.5555556;2
21798000;15;17;43;95;16.2;18.2;21.1;17.5;67.2;108.4;20.5;20.3;20.7;19.5;20.4;352.7777778;166.6666667;466.6666667;4
21798900;16;18;43;121;16.6;18.9;21.4;17.7;65.6;128.5;21.3;21.3;21.5;20.3;20.4;352.7777778;166.6666667;466.6666667;4
21799800;16;19;43;144;16.8;19.7;22;17.7;63.9;128.5;22.1;22.1;22.3;21;20.4;352.7777778;166.6666667;466.6666667;4
21800700;16;20;43;163;17.2;20.4;22.8;17.8;61.8;128.5;22.8;22.8;23;21.6;20.4;352.7777778;166.6666667;466.6666667;4
21801600;16;20;43;175;17.3;20.9;23.5;18.7;59.6;203;23.4;23.4;23.5;22.2;22;363.8888889;250;433.3333333;3.2
21802500;17;21;43;200;17.7;21.8;24.5;19;56.8;230.1;24.2;24.3;24.3;23;22;363.8888889;250;433.3333333;3.2
21803400;17;22;43;223;18.1;22.7;25.3;19.1;51.2;230.1;24.9;25;25;23.6;22;363.8888889;250;433.3333333;3.2
21804300;17;21;43;179;18.2;22;24.9;19.4;51.9;230.1;23.7;23.7;23.8;22.5;22;363.8888889;250;433.3333333;3.2
21805200;17;21;43;183;18.2;21.5;24.7;20.4;52.4;305.9;23.9;23.9;24;22.8;22.5;366.6666667;263.8888889;611.1111111;2
21806100;17;22;38;206;18.3;23.1;25.1;20.7;52.2;333.4;25.7;25.7;25.8;24.3;22.5;366.6666667;263.8888889;611.1111111;2
21807000;19;24;31;170;20.2;25;25.6;21.1;50.8;334.5;27.4;27.6;27.6;25.9;22.5;366.6666667;263.8888889;611.1111111;2
21807900;18;24;36;253;19.5;24.7;25.4;21.8;51.6;336.8;26.5;26.5;26.4;25.3;22.5;366.6666667;263.8888889;611.1111111;2
21808800;20;23;29;102;21.2;24;25.8;22.6;51.4;356.2;26.9;27;26.9;25.4;23.3;363.8888889;255.5555556;697.2222222;1.4
21809700;22;26;19;77;23.4;27;26;22.6;49.8;356.2;30.3;30.4;30.3;28.7;23.3;363.8888889;255.5555556;697.2222222;1.4
21810600;18;26;34;341;19.4;27.3;26.2;23;49.4;388.4;29.2;29.3;29.3;28.4;23.3;363.8888889;255.5555556;697.2222222;1.4
21811500;20;27;29;288;21.1;28;26.2;23.3;49;409.8;30.4;30.7;30.5;29.3;23.3;363.8888889;255.5555556;697.2222222;1.4
21812400;21;27;16;88;22.8;27.4;26.1;23.8;48.6;446.3;30.6;30.8;30.6;29.5;24.5;380.5555556;369.4444444;694.4444444;1.9
21813300;20;27;26;267;20.6;27.7;26.3;23.8;47.7;448.9;29.8;29.9;29.7;28.6;24.5;380.5555556;369.4444444;694.4444444;1.9
21814200;22;28;15;123;22.9;28.3;26.6;23.5;47.4;448.9;31.1;31.5;31.3;29.7;24.5;380.5555556;369.4444444;694.4444444;1.9
21815100;20;26;25;231;20.7;27.5;26.6;23.2;47.7;448.9;29.3;29.3;29.2;28.3;24.5;380.5555556;369.4444444;694.4444444;1.9
21816000;22;27;15;86;22.7;27.9;26.9;23.6;48.2;433.6;30.9;31.1;30.9;29.4;23.9;400;286.1111111;419.4444444;1.2
21816900;20;27;26;253;20.7;27.6;27.4;23.7;47.5;431.2;29.6;29.7;29.6;28.7;23.9;400;286.1111111;419.4444444;1.2
21817800;21;27;26;247;20.9;28.3;27.6;23.8;46.9;431.2;30.8;30.9;30.8;29.4;23.9;400;286.1111111;419.4444444;1.2
21818700;21;26;18;95;22.5;27.3;28;23.9;45.9;431.2;29.4;29.6;29.5;28.1;23.9;400;286.1111111;419.4444444;1.2
21819600;22;26;15;69;23.4;27.3;27.6;23.8;46.8;417.3;29;29.2;29;27.3;23;397.2222222;241.6666667;336.1111111;0.8
21820500;22;25;18;69;22.9;26.6;27.4;23.8;47.8;413.8;28.3;28.4;28.4;27;23;397.2222222;241.6666667;336.1111111;0.8
21821400;22;25;21;68;22.9;25.8;27;24.1;48.9;413.8;27.6;27.6;27.6;26.4;23;397.2222222;241.6666667;336.1111111;0.8
21822300;22;24;25;68;22.9;25.5;26.8;24.6;50.6;413.8;27.4;27.5;27.5;26.4;23;397.2222222;241.6666667;336.1111111;0.8
21823200;19;24;36;279;19.4;25.4;26.7;24.5;52.2;370.8;27.2;27.2;27.2;26.3;22.1;386.1111111;211.1111111;238.8888889;1.4
21824100;18;22;17;83;19.3;23.6;26.5;24.5;53.1;355.1;25.5;25.9;25.8;24.2;22.1;386.1111111;211.1111111;238.8888889;1.4
21825000;18;22;0;0;19.2;23.5;26.4;24.3;53;355.1;25.8;27.3;26.8;24.3;22.1;386.1111111;211.1111111;238.8888889;1.4
21825900;18;22;0;0;19.2;23.5;25.7;24;55.9;355.1;26.4;28.2;27.5;24.4;22.1;386.1111111;211.1111111;238.8888889;1.4
21826800;18;22;0;0;19.5;23.5;25.4;23.7;56.5;297.8;27.1;28.5;27.9;24.6;21.6;391.6666667;88.88888889;91.66666667;1.4
21827700;18;22;0;0;19.7;23.5;25.3;23.5;57.1;269.2;27.5;28.7;28.1;24.7;21.6;391.6666667;88.88888889;91.66666667;1.4
21828600;19;22;0;0;19.7;23.5;25.3;23;56.8;269.2;27.8;28.7;28.2;24.8;21.6;391.6666667;88.88888889;91.66666667;1.4
21829500;19;22;0;0;19.9;23.7;25.2;22.6;56.8;269.2;28;28.7;28.2;24.9;21.6;391.6666667;88.88888889;91.66666667;1.4
21830400;19;24;0;0;20.2;24.8;25.2;22;56.6;167.6;28;28.7;28.1;25;21.3;397.2222222;27.77777778;27.77777778;1.1
21831300;19;24;0;0;20.2;25;24.8;22;58.4;167.6;27.9;28.5;27.9;25;21.3;397.2222222;27.77777778;27.77777778;1.1
21832200;20;22;0;0;20.6;23.4;24.6;21.7;59.4;167.6;26.1;27;26.3;24.6;21.3;397.2222222;27.77777778;27.77777778;1.1
21833100;20;16;0;0;20.7;18.3;24.5;21.5;60.1;167.6;25.8;26;25.8;24.5;21.3;397.2222222;27.77777778;27.77777778;1.1
21834000;20;15;0;0;20.9;16.5;24.3;20.9;60.8;69.8;25.7;25.8;25.7;24.6;20.8;394.4444444;0;2.777777778;1
21834900;20;14;0;0;21.2;16;24;20.9;61.8;62.8;25.6;25.7;25.6;24.6;20.8;394.4444444;0;2.777777778;1
21835800;20;14;0;0;21.2;16;23.9;20.9;62.4;62.8;25.5;25.6;25.4;24.6;20.8;394.4444444;0;2.777777778;1
21836700;20;14;0;0;21.2;15.5;23.6;20.9;62.3;62.8;25.4;25.4;25.3;24.7;20.8;394.4444444;0;2.777777778;1
21837600;20;14;0;0;21.2;15.5;23.5;20.1;62.7;15.3;25.2;25.3;25.3;24.7;20;386.1111111;0;0;0.7
21838500;20;16;0;0;21.2;17.2;23.3;19.9;63.9;3.4;25.1;25.2;25.3;24.7;20;386.1111111;0;0;0.7
21839400;20;17;0;0;21.4;18.1;23.2;20;65.2;3.9;25;25.1;25.1;24.7;20;386.1111111;0;0;0.7
21840300;20;17;0;0;21.7;18.1;23;20.2;66.2;4.5;24.8;25;25;24.7;20;386.1111111;0;0;0.7
21841200;21;17;0;0;21.7;18.1;22.9;19.6;67;0.9;24.7;24.9;25;24.7;19.5;380.5555556;0;0;1.4
21842100;21;17;0;0;21.7;18.3;22.7;19.5;67.9;0;24.6;24.8;24.9;24.7;19.5;380.5555556;0;0;1.4
21843000;21;17;0;0;21.7;18.6;22.6;19.8;68.6;0;24.5;24.7;24.9;24.7;19.5;380.5555556;0;0;1.4
21843900;21;18;0;0;22.1;18.6;22.2;20.1;70;0;24.4;24.6;24.8;24.7;19.5;380.5555556;0;0;1.4
21844800;21;18;0;0;22.2;19;22.3;19.4;70.7;0;24.4;24.5;24.8;24.7;19.2;386.1111111;0;0;1
21845700;21;18;0;0;22.2;19.1;22.2;19.2;70.7;0;24.3;24.4;24.7;24.7;19.2;386.1111111;0;0;1
21846600;21;19;0;0;22.2;19.5;22.1;19.2;71.2;0;24.2;24.3;24.6;24.6;19.2;386.1111111;0;0;1
21847500;21;20;0;0;22.4;20.8;22;19.1;71.5;0;24.1;24.1;24.6;24.6;19.2;386.1111111;0;0;1
21848400;21;20;0;0;22.7;21.1;22;18.7;70.8;0;23.9;24.2;24.4;24.5;19.2;386.1111111;0;0;0.6
21849300;21;20;0;0;22.7;21.1;22;18.6;68.9;0;23.8;24.4;24.3;24.5;19.2;386.1111111;0;0;0.6
21850200;21;20;0;0;22.7;21.1;22;18.8;65.8;0;23.7;24.7;24.1;24.5;19.2;386.1111111;0;0;0.6
21851100;21.5;18.5;0;0;22.8;20.2;21.95;18.5;65.3;0;23.05;25.4;23.4;24.35;19.2;386.1111111;0;0;0.6
21852000;22;17;0;0;22.9;19.3;21.9;18.2;64.8;0;22.4;26.1;22.7;24.2;19;386.1111111;0;0;0.6
21852900;22;15;0;0;23.2;17.1;21.9;18;64.5;0;22;25.8;22.4;24.1;19;386.1111111;0;0;0.6
21853800;22;14;0;0;23.1;16.6;21.8;18;64.1;0;21.9;24.5;22.3;24.2;19;386.1111111;0;0;0.6
21854700;22;14;0;0;22.3;17.3;21.9;18;63.6;0;21.7;23.6;22.6;24.4;19;386.1111111;0;0;0.6
21855600;22;18;0;0;21.8;20.6;21.8;17.3;61.3;0;21.7;22.9;24.2;24.5;19.1;391.6666667;0;0;1
21856500;22;18;0;0;21.7;20.1;21.8;17.1;61.3;0;21.7;22.6;25.1;24.5;19.1;391.6666667;0;0;1
21857400;22;16;0;0;21.7;18.8;21.8;17.1;61.4;0;21.7;22.3;23.8;24.4;19.1;391.6666667;0;0;1
21858300;22;17;0;0;21.7;18.7;21.8;17.1;62.1;0;21.7;22.5;23.9;24;19.1;391.6666667;0;0;1
21859200;21;17;0;0;21.7;18.7;21.8;16.3;62.8;0;21.7;23.1;24.1;23.7;18.9;386.1111111;0;0;1.7
21860100;19;18;19;62;19.8;19.3;21.6;16;62.9;0;21.7;22.4;22.9;22.6;18.9;386.1111111;0;0;1.7
21861000;17;18;11;16;17.5;18.8;21.4;16;63.5;0;20.3;20.1;20.4;20;18.9;386.1111111;0;0;1.7
21861900;17;18;13;24;17.6;18.7;21.4;16;64.3;0;20.4;20.2;20.6;20;18.9;386.1111111;0;0;1.7
21862800;16;17;9;19;17;18.3;21.3;18.2;64.8;0;19.8;19.6;20;19.4;18.2;386.1111111;0;0;2
21863700;16;17;13;28;17.2;18.2;21.1;18.2;65.5;0;20;19.8;20.1;19.4;18.2;386.1111111;0;0;2
21864600;16;17;9;14;16.9;17.8;20.9;18.6;66.8;0;19.5;19.3;19.6;18.9;18.2;386.1111111;0;0;2
21865500;16;17;0;0;17;18.2;20.8;18.9;68.4;0;19.6;19.4;19.7;19;18.2;386.1111111;0;0;2
21866400;16;17;23;32;17;18;20.7;18.5;68.8;0;19.5;19.3;19.7;19;17.7;388.8888889;0;0;1.8
21867300;16;16;0;0;16.9;17.7;20.7;18.5;69.3;0;19.3;19;19.4;18.7;17.7;388.8888889;0;0;1.8
21868200;16;17;0;0;17;17.7;20.6;18.6;69.5;0;19.5;19.1;19.5;18.8;17.7;388.8888889;0;0;1.8
21869100;16;17;0;0;17.2;17.7;20.6;18.7;69.3;0;19.6;19.3;19.6;19;17.7;388.8888889;0;0;1.8
21870000;16;17;20;31;16.9;17.7;20.7;18.4;69.3;0;19.6;19.4;19.7;19;17.7;397.2222222;0;0;1.5
21870900;16;17;0;0;17;17.7;20.7;18.3;69.4;0;19.4;19.1;19.5;18.8;17.7;397.2222222;0;0;1.5
21871800;16;17;0;0;17;17.7;20.9;18.2;68.9;0;19.6;19.3;19.6;19;17.7;397.2222222;0;0;1.5
21872700;16;18;0;0;17.3;18.8;20.9;18;69.3;0;19.6;19.3;19.6;19.1;17.7;397.2222222;0;0;1.5
21873600;16;19;0;0;17.5;19.2;20.9;17.8;70.2;0;19.5;19.4;19.6;19.3;17.4;394.4444444;0;0;1.5
21874500;15;16;30;56;16.2;17.7;20.9;17.7;70.4;0;19.1;19;19.3;18.7;17.4;394.4444444;0;0;1.5
21875400;15;15;31;33;16;16.5;20.9;17.6;70;0;18.1;18;18.3;17.6;17.4;394.4444444;0;0;1.5
21876300;15;15;0;0;16.5;16.2;20.9;17.5;69.8;0;18.3;18.3;18.6;17.4;17.4;394.4444444;0;0;1.5
21877200;15;15;0;0;16.5;16.2;20.8;17.3;70.8;0;18.6;18.4;18.7;17.5;16.7;391.6666667;22.22222222;22.22222222;1.9
21878100;15;16;0;0;16.5;16.5;20.6;17.2;72.6;0;18.6;18.4;18.8;17.7;16.7;391.6666667;22.22222222;22.22222222;1.9
21879000;16;16;0;0;16.5;16.7;20.4;17.4;73.4;0;18.7;18.5;18.9;17.8;16.7;391.6666667;22.22222222;22.22222222;1.9
21879900;16;16;0;0;17;16.9;20.4;17.5;75.1;0;18.7;18.6;19;17.9;16.7;391.6666667;22.22222222;22.22222222;1.9
21880800;16;17;0;0;17;17.8;20.4;17.6;75;15.1;18.8;18.8;19.1;18;17.2;386.1111111;108.3333333;108.3333333;1.4
21881700;16;18;0;0;17;19.2;20.6;17.6;74.6;15.1;18.9;19;19.4;18.1;17.2;386.1111111;108.3333333;108.3333333;1.4
21882600;16;19;0;0;17.5;19.2;20.7;17.7;74.9;15;19.2;19.2;19.6;18.3;17.2;386.1111111;108.3333333;108.3333333;1.4
21883500;16;19;0;0;17.5;19.7;21.4;17.7;72.8;14.9;19.5;19.4;20;18.5;17.2;386.1111111;108.3333333;108.3333333;1.4
21884400;16;17;25;50;16.9;18.6;22;18.3;70.2;81.1;20.1;20;20.2;19.5;18.6;377.7777778;219.4444444;227.7777778;2.1
21885300;16;17;7;18;16.8;18.2;22.4;18.3;68.1;85.8;20.4;20.3;20.6;19.7;18.6;377.7777778;219.4444444;227.7777778;2.1
21886200;15;18;37;100;16.5;18.7;22.4;17.9;67.2;85.8;20.3;20.2;20.5;19.9;18.6;377.7777778;219.4444444;227.7777778;2.1
21887100;16;18;43;78;17;18.6;22.9;17.4;66.7;85.8;20.9;20.9;21.1;20.3;18.6;377.7777778;219.4444444;227.7777778;2.1
21888000;17;18;43;93;17.4;19.2;23.2;18;67;160.5;21.3;21.4;21.6;20.6;18.9;388.8888889;216.6666667;222.2222222;2.8
21888900;17;18;43;89;17.4;19.2;23.2;18.2;66.8;179.2;21.4;21.4;21.5;20.6;18.9;388.8888889;216.6666667;222.2222222;2.8
21889800;17;18;43;91;17.4;19.2;23.6;18.2;66.1;179.2;21.5;21.5;21.6;20.7;18.9;388.8888889;216.6666667;222.2222222;2.8
21890700;17;19;43;91;17.4;19.2;23.2;18.1;66.3;179.2;21.4;21.4;21.6;20.6;18.9;388.8888889;216.6666667;222.2222222;2.8
21891600;16;18;43;75;17.4;19.2;23.1;18.9;67;245.9;21.1;21.1;21.3;20.3;20.1;388.8888889;358.3333333;408.3333333;3.3
21892500;17;19;43;102;17.5;19.5;23.8;19.1;64.8;262.6;21.9;21.8;22;21.1;20.1;388.8888889;358.3333333;408.3333333;3.3
21893400;17;19;43;116;17.9;20;24.3;19.3;62.6;261;22.5;22.5;22.7;21.5;20.1;388.8888889;358.3333333;408.3333333;3.3
21894300;17;21;44;159;18.2;21.3;25.2;19.6;59;259.1;23.8;23.8;24;22.7;20.1;388.8888889;358.3333333;408.3333333;3.3
21895200;18;22;35;139;19;22.6;25.3;20.3;58;306.8;25.2;25.3;25.4;24;20.9;391.6666667;238.8888889;383.3333333;2.4
21896100;20;22;33;125;21.7;23.8;24.7;20.5;58.5;318.7;26.1;26.5;26.5;25;20.9;391.6666667;238.8888889;383.3333333;2.4
21897000;22;24;28;73;22.6;24.7;25.1;20.3;58.2;327.3;26.8;27;27;25.6;20.9;391.6666667;238.8888889;383.3333333;2.4
21897900;22;24;28;68;22.7;24.7;25.1;20;57.9;340.3;27.1;27.3;27.4;25.9;20.9;391.6666667;238.8888889;383.3333333;2.4
21898800;22;24;27;69;22.7;25.1;25.5;20.4;56.3;359.9;27.2;27.4;27.5;26.2;19.7;391.6666667;255.5555556;266.6666667;1
21899700;21;23;30;61;22.1;23.9;23;20.5;74.2;362.9;25.2;25.2;25.4;24.3;19.7;391.6666667;255.5555556;266.6666667;1
21900600;18;20;33;53;19.6;20.9;20.7;20.6;86.9;362.9;22.3;22.2;22.5;21.7;19.7;391.6666667;255.5555556;266.6666667;1
21901500;17;18;33;55;18;19.4;21.1;20.6;88.8;362.9;21.1;21.1;21.3;20.5;19.7;391.6666667;255.5555556;266.6666667;1
21902400;17;18;33;60;17.9;19.4;22.2;21;87.2;372.3;21.7;21.8;22;21.1;20.5;391.6666667;300;319.4444444;1.1
21903300;19;21;33;68;19.8;21.4;23;21;85.2;372.3;23.9;24;24.1;23.2;20.5;391.6666667;300;319.4444444;1.1
21904200;20;22;33;71;20.8;22.5;23.3;21.1;85;372.3;24.9;24.9;25.1;23.9;20.5;391.6666667;300;319.4444444;1.1
21905100;21;22;33;69;21.5;23.1;23.2;21.3;84.1;372.3;25.5;25.5;25.7;24.4;20.5;391.6666667;300;319.4444444;1.1
21906000;21;22;33;66;21.7;23.2;23.4;21.4;83.7;384;25.5;25.4;25.6;24.4;20.9;391.6666667;222.2222222;422.2222222;1
21906900;21;24;32;71;22.3;24;23.5;21.4;79.6;386.9;26.8;26.8;27;25.7;20.9;391.6666667;222.2222222;422.2222222;1
21907800;22;26;17;71;23.6;27.1;23.9;20.5;78.2;386.9;30.5;30.5;30.6;28.8;20.9;391.6666667;222.2222222;422.2222222;1
21908700;20;27;23;260;20.8;28.3;23.9;19.9;77.6;386.9;30.3;30.4;30.2;29;20.9;391.6666667;222.2222222;422.2222222;1
21909600;21;25;31;204;21.1;26.1;24.4;20.1;74.8;352;27.3;27.4;27.4;26.3;20.1;380.5555556;133.3333333;147.2222222;1
21910500;18;21;20;69;19.5;22.5;25.3;20.1;63;352;24.3;24.4;24.5;23.1;20.1;380.5555556;133.3333333;147.2222222;1
21911400;18;21;0;0;19.4;22.2;25.1;20.3;59.9;352;24.3;25;25;23.3;20.1;380.5555556;133.3333333;147.2222222;1
21912300;18;21;0;0;19.4;22.2;24.6;20.6;62;352;24.4;25.3;25.3;23.5;20.1;380.5555556;133.3333333;147.2222222;1
21913200;18;21;0;0;19.4;22.2;24;20.5;65.6;293;24.6;25.4;25.4;23.6;19;383.3333333;100;102.7777778;1.1
21914100;19;21;0;0;19.8;22.6;23.7;20.5;68.1;278.3;24.7;25.4;25.3;23.7;19;383.3333333;100;102.7777778;1.1
21915000;19;22;0;0;19.9;22.7;23.8;20.7;68.6;278.3;24.8;25.3;25.2;23.7;19;383.3333333;100;102.7777778;1.1
21915900;19;23;0;0;20;23;23.1;20.8;71.3;278.3;24.5;25;24.9;23.6;19;383.3333333;100;102.7777778;1.1
21916800;19;21;0;0;20.4;21.9;22.2;20.2;74.3;199.3;24.3;24.4;24.3;23.3;18.5;386.1111111;50;52.77777778;1.3
21917700;19;18;0;0;20.4;19;22;20.2;75.4;199.3;24.4;24.5;24.2;23.4;18.5;386.1111111;50;52.77777778;1.3
21918600;19;16;0;0;20.4;17.4;21.6;20;77.6;199.3;24.2;24.7;23.6;23.3;18.5;386.1111111;50;52.77777778;1.3
21919500;19;16;0;0;20.4;17.2;21.4;19.6;76.7;199.3;24.3;24.6;23;23.4;18.5;386.1111111;50;52.77777778;1.3
21920400;20;16;0;0;20.7;16.7;21.2;18.9;76.8;99.3;24.8;24.2;22.7;23.4;18.7;383.3333333;2.777777778;5.555555556;1.1
21921300;20;14;0;0;20.9;16.3;21.3;18.9;76.2;92.2;24.7;23.1;21.9;23.2;18.7;383.3333333;2.777777778;5.555555556;1.1
21922200;20;15;0;0;20.9;16.3;21.4;18.5;75.8;92.2;24.5;22.7;21.2;23;18.7;383.3333333;2.777777778;5.555555556;1.1
21923100;20;15;0;0;20.9;16.4;21.5;18.2;75.4;92.2;24.1;23.8;20.9;23.2;18.7;383.3333333;2.777777778;5.555555556;1.1
21924000;20;15;0;0;20.9;16.8;21.4;17.7;73.9;18.3;24;24;20.6;23.1;18.2;375;0;0;2.1
21924900;20;17;0;0;20.9;18.4;21.2;17.6;75.7;6.9;24;23.3;20.5;22.2;18.2;375;0;0;2.1
21925800;20;18;0;0;20.9;19.3;20.8;17.7;76.9;6.2;23.6;22.3;20.2;21.6;18.2;375;0;0;2.1
21926700;20;18;0;0;20.9;19.3;20.9;17.7;77.3;5.5;23;21.6;20;22.1;18.2;375;0;0;2.1
21927600;20;17;0;0;20.9;19;20.8;17.2;77.5;1.1;22.5;21.2;19.9;22.5;17.8;352.7777778;0;0;2.2
21928500;20;17;0;0;20.9;18.8;20.5;17.1;77.7;0;22;21.1;19.8;22.3;17.8;352.7777778;0;0;2.2
21929400;20;17;0;0;20.9;18.8;20.4;17.5;78;0;21.8;21;19.7;21.9;17.8;352.7777778;0;0;2.2
21930300;20;18;0;0;20.4;18.8;20.2;18;78;0;21.6;20.9;19.6;21.5;17.8;352.7777778;0;0;2.2
21931200;20;18;0;0;20.4;18.8;19.7;17.5;78.7;0;21.3;20.7;19.3;21.3;17.3;330.5555556;0;0;2.2
21932100;19;17;17;8;19.1;18.3;19.3;17.3;79.6;0;19.9;19.6;19;20;17.3;330.5555556;0;0;2.2
21933000;16;17;3;0;16.9;17.1;19;17.4;80.5;0;18.8;18.2;18.9;18.1;17.3;330.5555556;0;0;2.2
21933900;16;18;0;0;17.2;18.7;18.8;17.5;81.4;0;18.7;18;18.9;18.3;17.3;330.5555556;0;0;2.2
21934800;17;17;0;0;17.6;18.8;18.6;16.9;82;0;18.6;17.8;19;18.4;16.7;330.5555556;0;0;2.2
21935700;17;17;0;0;17.7;18.3;18.4;16.9;82.5;0;18.7;17.6;19.3;18.6;16.7;330.5555556;0;0;2.2
21936600;16;17;13;24;16.6;17.7;18.3;17.1;82.5;0;18.4;17.2;18.8;18;16.7;330.5555556;0;0;2.2
21937500;14.5;16;6.5;12;15.35;17;18.1;16.95;82.75;0;17.65;16.65;17.7;17.5;16.7;330.5555556;0;0;2.2
21938400;13;15;0;0;14.1;16.3;17.9;16.8;83;0;16.9;16.1;16.6;17;16.5;319.4444444;0;0;2.5
21939300;13;15;0;0;14.5;16.3;17.7;16.8;83.5;0;17.1;16.1;16.5;17.3;16.5;319.4444444;0;0;2.5
21940200;13;15;0;0;14.5;16.3;17.5;16.8;83.5;0;17.3;16;16.4;17.5;16.5;319.4444444;0;0;2.5
21941100;14;15;0;0;14.8;16.3;17.4;16.8;83.5;0;17.6;15.8;16.2;18.1;16.5;319.4444444;0;0;2.5
21942000;14;17;0;0;15.1;17;17.3;16.2;83.6;0;17.8;15.7;16.2;18.8;15.6;319.4444444;0;0;2.6
21942900;14;16;0;0;15.5;17.3;17.1;16.2;84.1;0;17.9;15.5;16.2;19.4;15.6;319.4444444;0;0;2.6
21943800;14;15;0;0;15.5;16.9;16.9;16.2;84.5;0;18.1;15.3;16.1;19.3;15.6;319.4444444;0;0;2.6
21944700;15;15;0;0;15.5;15.5;16.8;16.2;84.3;0;18.3;15.2;15.8;18.9;15.6;319.4444444;0;0;2.6
21945600;15;15;0;0;15.8;15.7;16.7;15.8;84.3;0;18.2;15.1;15.6;18.6;15;316.6666667;0;0;3
21946500;15;15;0;0;16;15.8;16.5;15.7;84.5;0;17.9;15;15.5;18.6;15;316.6666667;0;0;3
21947400;15;15;0;0;16;15.8;16.4;15.7;84.5;0;17.6;14.9;15.3;18.4;15;316.6666667;0;0;3
21948300;15;15;0;0;16;15.8;16.3;15.7;84.5;0;17.3;14.8;15.1;18.1;15;316.6666667;0;0;3
21949200;15;15;0;0;16;15.8;16.1;15.7;85;0;17.1;14.7;15.1;17.9;14.2;311.1111111;0;0;1.9
21950100;17;14;0;0;17;14.5;16;15.7;85.6;0;17;14.5;15;17.7;14.2;311.1111111;0;0;1.9
21951000;16;15;0;0;16.6;16.1;15.8;15.5;85.5;0;16.8;14.4;14.9;17.5;14.2;311.1111111;0;0;1.9
21951900;16;14;0;0;16.5;15.5;15.7;15.3;85.5;0;16.7;14.3;14.7;17.5;14.2;311.1111111;0;0;1.9
21952800;16;14;0;0;16.1;15.2;15.7;14.9;85.5;0;16.6;14.1;14.6;17.4;13.9;308.3333333;0;0;1.7
21953700;16;14;0;0;16;15.2;15.5;14.8;85.5;0;16.4;13.9;14.4;17.2;13.9;308.3333333;0;0;1.7
21954600;16;14;0;0;16;15.2;15.4;14.7;85.5;0;16.4;13.8;14.3;17.1;13.9;308.3333333;0;0;1.7
21955500;15;14;0;0;15.8;15.2;15.3;14.5;85.5;0;16.2;13.6;14.1;17.1;13.9;308.3333333;0;0;1.7
21956400;15;14;0;0;15.5;14.7;15.2;14.4;85.5;0;16;13.5;14;16.9;13.5;308.3333333;0;0;1.5
21957300;15;13;0;0;15.5;14.7;15;14.3;85.5;0;15.9;13.4;13.9;16.8;13.5;308.3333333;0;0;1.5
21958200;15;13;0;0;15.5;14.7;14.9;14.2;85.5;0;15.8;13.2;13.8;16.7;13.5;308.3333333;0;0;1.5
21959100;17;14;0;0;16.4;13.9;14.8;14;85.6;0;15.7;13.1;13.8;16.6;13.5;308.3333333;0;0;1.5
21960000;16;14;0;0;15.9;14.6;14.7;13.9;86;0;15.6;13;13.7;16.5;13.2;313.8888889;5.555555556;5.555555556;1.6
21960900;16;13;0;0;15.5;14.3;14.7;13.8;86;0;15.5;13;13.7;16.4;13.2;313.8888889;5.555555556;5.555555556;1.6
21961800;15;13;0;0;15.2;14.1;14.6;13.8;86;0;15.4;12.9;13.6;16.3;13.2;313.8888889;5.555555556;5.555555556;1.6
21962700;15;13;0;0;15;14.1;14.5;13.7;85.8;0;15.3;12.8;13.6;16.2;13.2;313.8888889;5.555555556;5.555555556;1.6
21963600;15;13;0;0;15;14.1;14.5;13.5;85.7;0.3;15.2;12.8;13.5;16.1;13;305.5555556;41.66666667;86.11111111;2.1
21964500;15;13;0;0;15;14.1;14.6;13.4;86;0.4;15.2;12.8;13.6;16.1;13;305.5555556;41.66666667;86.11111111;2.1
21965400;15;13;0;0;15;13.7;14.8;13.3;85.6;0.4;15.1;12.8;13.8;16;13;305.5555556;41.66666667;86.11111111;2.1
21966300;14;12;0;0;15;13.6;15;13.1;85;0.4;15.2;13;14.4;16;13;305.5555556;41.66666667;86.11111111;2.1
21967200;16;13;0;0;16.6;13;15.4;13.4;84.5;31.4;15.5;13.3;15.3;15.9;13.4;325;102.7777778;161.1111111;1.8
21968100;16;14;0;0;15.7;14.6;15.8;13.5;84.5;42.7;15.6;13.7;16.2;16;13.4;325;102.7777778;161.1111111;1.8
21969000;15;14;0;0;15.5;14.6;16;13.5;84.7;41.3;15.8;14.2;16.9;16;13.4;325;102.7777778;161.1111111;1.8
21969900;15;14;0;0;15.5;14.6;16.3;13.6;83.8;38.6;16.4;15.1;17.7;16.1;13.4;325;102.7777778;161.1111111;1.8
21970800;15;13;0;0;15.5;14;16.7;14.3;82.6;125.7;17.7;16.4;18.6;16.3;15.6;311.1111111;72.22222222;413.8888889;1.8
21971700;15;13;0;0;15.5;13.6;17.1;14.6;82.3;157.4;19.5;17.7;19.4;16.5;15.6;311.1111111;72.22222222;413.8888889;1.8
21972600;15;13;0;0;15.5;13.6;17.5;14.2;80.1;157.4;21.4;18.7;20.2;16.7;15.6;311.1111111;72.22222222;413.8888889;1.8
21973500;16;17;34;89;16.6;18;18.1;14;78.3;157.4;22.1;21.3;22.1;19.8;15.6;311.1111111;72.22222222;413.8888889;1.8
21974400;17;19;31;59;18.2;20;18.6;15.4;76.7;287.6;22.4;22.4;22.8;21.1;18;319.4444444;72.22222222;544.4444444;1.2
21975300;19;20;33;63;19.7;21.2;19;15.4;75.6;287.6;23.8;23.8;24;22.4;18;319.4444444;72.22222222;544.4444444;1.2
21976200;20;22;33;65;20.9;22.5;19.3;15;74.2;287.6;25;25.1;25.2;23.7;18;319.4444444;72.22222222;544.4444444;1.2
21977100;21;23;33;68;22;23.7;19.6;14.7;72.5;287.6;26.1;26.4;26.4;24.9;18;319.4444444;72.22222222;544.4444444;1.2
21978000;22;24;29;69;22.9;25;20.1;16.3;71;399.8;27.3;27.8;27.8;26.3;19.5;325;72.22222222;655.5555556;1.4
21978900;22;26;19;68;23.1;26.5;20.4;16.4;69.1;407.8;29.2;29.6;29.4;27.9;19.5;325;72.22222222;655.5555556;1.4
21979800;22;27;12;69;23.1;28.1;20.9;16.7;64.3;412.4;31.2;31.5;31.4;29.7;19.5;325;72.22222222;655.5555556;1.4
21980700;20;27;26;275;20.7;28.4;21.2;17;59.4;417.6;30.5;30.5;30.7;29.5;19.5;325;72.22222222;655.5555556;1.4
21981600;21;27;21;148;22.1;28.2;21.5;18.2;58.4;470.3;30.4;30.6;30.5;28.9;20.4;330.5555556;86.11111111;719.4444444;1.5
21982500;21;27;22;159;21.8;28.3;21.8;18.4;56.4;478.4;30.1;30.5;30;28.9;20.4;330.5555556;86.11111111;719.4444444;1.5
21983400;21;27;22;155;21.9;28.3;22.2;18.8;55.4;494.5;30.4;30.8;30.4;29.4;20.4;330.5555556;86.11111111;719.4444444;1.5
21984300;21;28;19;153;21.9;28.7;22.5;19.4;55.3;518.7;31.3;31.4;31.2;30.3;20.4;330.5555556;86.11111111;719.4444444;1.5
21985200;20;29;24;252;21;29.4;22.8;20.4;53.5;580.1;31.7;31.9;31.6;30.9;21.2;344.4444444;150;725;1
21986100;20;27;25;240;21;28;23.1;20.5;52.5;589.5;30;30.3;30.1;29.4;21.2;344.4444444;150;725;1
21987000;20;28;24;227;21.3;28.4;23.3;20.6;52.7;589.5;31;31.1;30.7;29.5;21.2;344.4444444;150;725;1
21987900;19;25;43;266;20;25.7;23.4;20.6;52.8;589.5;26.8;27.1;27.2;25.9;21.2;344.4444444;150;725;1
21988800;19;23;43;227;20.1;24.4;23.5;21;51.6;577.9;26.5;26.8;26.7;25.5;21.8;341.6666667;150;591.6666667;0.8
21989700;19;24;33;190;20.4;24.4;23.8;21.2;51.5;573.7;27.3;27.4;27.4;26.2;21.8;341.6666667;150;591.6666667;0.8
21990600;22;27;15;73;23.2;27.4;23.8;21.1;50.2;573.7;30.5;30.8;30.8;29.5;21.8;341.6666667;150;591.6666667;0.8
21991500;20;28;24;274;21.2;29.2;24.2;21.1;50.2;573.7;31.5;31.9;31.8;30.5;21.8;341.6666667;150;591.6666667;0.8
21992400;20;27;31;266;21.2;27.8;24.5;21.4;50.2;526.1;29.6;29.9;29.8;28.4;22.4;344.4444444;163.8888889;441.6666667;0.9
21993300;19;25;36;207;20.8;25.8;24.5;21.4;49.4;522.7;27.7;27.9;27.6;26.1;22.4;344.4444444;163.8888889;441.6666667;0.9
21994200;21;25;18;78;22.6;26.1;24.2;21.5;49.3;522.7;28.2;28.7;28.4;26.7;22.4;344.4444444;163.8888889;441.6666667;0.9
21995100;22;25;22;68;23.1;25.8;24.5;21.6;49.6;522.7;28;28.2;28.1;26.4;22.4;344.4444444;163.8888889;441.6666667;0.9
21996000;22;26;17;70;23.1;26.5;24.5;21.8;49.8;490.5;29.2;29.5;29.5;28;22.2;341.6666667;108.3333333;355.5555556;1
21996900;21;27;22;178;21.9;27.6;24.5;21.8;50.1;485.6;29.6;29.5;29.8;28;22.2;341.6666667;108.3333333;355.5555556;1
21997800;19;23;44;192;20.1;24;24.5;22;49.2;485.6;25.3;25.3;25.5;24.3;22.2;341.6666667;108.3333333;355.5555556;1
21998700;18;21;44;146;19.5;22.3;24.3;22.1;49.6;485.6;24.2;24.2;24.3;23.3;22.2;341.6666667;108.3333333;355.5555556;1
21999600;18;20;44;115;19.3;21.5;23.8;22;51.2;385.6;23.2;23.2;23.3;22.1;21.9;338.8888889;66.66666667;261.1111111;0.7
22000500;18;19;44;88;18.8;20.4;23.6;21.9;53.4;349.3;22.3;22.2;22.4;21.3;21.9;338.8888889;66.66666667;261.1111111;0.7
22001400;17;19;44;87;18.5;20.3;24;22.1;53.8;349.3;22.3;22.1;22.3;21.3;21.9;338.8888889;66.66666667;261.1111111;0.7
22002300;17;19;44;89;18.5;20.3;24.4;22.3;51.5;349.3;22.3;22.2;22.4;21.3;21.9;338.8888889;66.66666667;261.1111111;0.7
22003200;17;20;44;95;18.5;20.3;24.5;21.7;50.5;251.7;22.6;22.5;22.6;21.6;21.3;336.1111111;30.55555556;75;1
22004100;18;20;44;95;18.5;20.3;24;21.7;50.8;244.7;22.6;22.5;22.7;21.5;21.3;336.1111111;30.55555556;75;1
22005000;18;19;44;80;18.5;20.2;23.6;21.7;52.9;244.7;22;22;22.2;21.1;21.3;336.1111111;30.55555556;75;1
22005900;17;19;35;65;18.1;19.8;23.1;21.7;55.3;244.7;21.6;21.3;21.7;20.7;21.3;336.1111111;30.55555556;75;1
22006800;15;18;39;102;16.4;18.8;22.5;21.1;57.9;127.6;20.4;19.9;20.4;19.6;19.7;336.1111111;2.777777778;2.777777778;0.4
22007700;16;17;14;3;17.5;17.8;21.8;21.1;61.9;119.2;19.6;19.5;19.9;18.7;19.7;336.1111111;2.777777778;2.777777778;0.4
22008600;17;17;0;0;17.5;17.8;21.1;21.3;64.5;119.2;19.8;19.8;20.1;18.9;19.7;336.1111111;2.777777778;2.777777778;0.4
22009500;17;17;0;0;17.5;17.8;20.5;21.4;66.3;119.2;19.9;19.8;20.1;19;19.7;336.1111111;2.777777778;2.777777778;0.4
22010400;17;17;0;0;18;18.2;20.1;20.3;67.7;10.6;19.9;19.7;20.2;19.2;18.5;333.3333333;0;0;1.1
22011300;17;19;0;0;18;19.4;19.7;20.3;69.2;10.6;19.8;19.7;20.2;19.3;18.5;333.3333333;0;0;1.1
22012200;14;17;23;74;15.7;18.2;19.3;20.3;70;10.3;19.1;18.7;19.1;18.6;18.5;333.3333333;0;0;1.1
22013100;14;16;0;0;15.4;16.8;19.1;20.3;70.8;10.1;18.2;17.7;18.1;18.1;18.5;333.3333333;0;0;1.1
22014000;14;16;0;0;15.5;16.8;18.8;19.2;72;0.7;18.4;17.7;18.1;18.3;17.5;333.3333333;0;0;1.4
22014900;14;16;0;0;15.5;16.8;18.6;19.1;73.4;0;18.6;17.7;18.1;18.5;17.5;333.3333333;0;0;1.4
22015800;15;16;0;0;15.5;16.8;18.4;18.8;74.8;0;18.7;17.6;18;18.7;17.5;333.3333333;0;0;1.4
22016700;15;16;0;0;15.8;16.8;18.3;18.6;75.5;0;18.9;17.3;18.2;19;17.5;333.3333333;0;0;1.4
22017600;15;16;0;0;16.1;16.8;18.1;17.7;76.1;0;19;17.2;18.4;19.4;16.5;330.5555556;0;0;1.4
22018500;15;16;0;0;16.5;16.8;18;17.6;76.5;0;19.2;17;18.6;20;16.5;330.5555556;0;0;1.4
22019400;15;16;0;0;16.7;17.1;17.9;17.6;76.9;0;19.3;16.7;18.9;20.3;16.5;330.5555556;0;0;1.4
22020300;15;17;0;0;17;18.1;17.7;17.6;77.5;0;19.3;16.4;18.9;20.3;16.5;330.5555556;0;0;1.4
22021200;16;16;0;0;17;17.2;17.5;17;77.9;0;19.6;16.1;19.1;20;15.5;330.5555556;0;0;1.6
22022100;16;16;0;0;17;17.3;17.4;16.9;78.4;0;19.8;15.9;19.3;19.7;15.5;330.5555556;0;0;1.6
22023000;16;16;0;0;17;17.3;17.3;16.9;78.8;0;19.8;15.7;19.2;19.5;15.5;330.5555556;0;0;1.6
22023900;16;16;0;0;16.95;17.2;17.2;16.85;79.15;0;19.5;15.55;18.8;19.4;15.5;330.5555556;0;0;1.6
22024800;16;16;0;0;16.9;17.1;17.1;16.8;79.5;0;19.2;15.4;18.4;19.3;15.5;355.5555556;0;0;0.8
22025700;15;16;0;0;16.5;16.8;17.2;16.8;79.5;0;19;15.4;18.2;19.4;15.5;355.5555556;0;0;0.8
22026600;15;14;0;0;16.5;15.9;17.7;16.8;79.2;0;18.9;15.5;17.9;19.4;15.5;355.5555556;0;0;0.8
22027500;15;14;0;0;16.5;15.3;18;16.8;77.9;0;18.7;15.8;17.6;19.2;15.5;355.5555556;0;0;0.8
22028400;16;16;0;0;16.5;16.3;17.8;16.2;77.5;0;18.5;15.8;17.2;19;14.7;350;0;0;0.8
22029300;16;16;0;0;16.5;16.8;17.7;16.2;77.8;0;18.4;15.8;16.8;18.8;14.7;350;0;0;0.8
22030200;16;15;0;0;16.5;16.8;17.7;16.2;78.1;0;18.2;15.8;16.4;18.7;14.7;350;0;0;0.8
22031100;16;15;0;0;16.5;16.8;17.7;16.2;78.5;0;17.9;15.9;16.4;18.3;14.7;350;0;0;0.8
22032000;16;15;0;0;16.5;16.8;17.7;15.8;78.5;0;17.4;15.9;16.3;18;14.4;336.1111111;0;0;1
22032900;16;15;0;0;16.5;16.8;17.5;15.7;79.3;0;17.5;15.9;16.3;18.2;14.4;336.1111111;0;0;1
22033800;16;15;0;0;16.5;16.8;17.4;15.7;79.5;0;17.8;15.8;16.2;18.2;14.4;336.1111111;0;0;1
22034700;16;15;0;0;16.5;16.8;17.1;15.7;80.2;0;18;15.6;16;18.4;14.4;336.1111111;0;0;1
22035600;16;15;0;0;16.5;16.6;16.9;14.6;80.7;0;18;15.4;15.8;18.4;13.8;325;0;0;1.2
22036500;16;16;0;0;16.5;16.6;16.8;14.3;81;0;17.7;15.2;15.7;18.3;13.8;325;0;0;1.2
22037400;16;17;0;0;16.5;17.8;16.8;14.3;81.2;0;17.5;15.2;15.6;18.2;13.8;325;0;0;1.2
22038300;16;16;0;0;16.5;17.2;16.5;14.4;82;0;17.4;15.1;15.6;18;13.8;325;0;0;1.2
22039200;16;15;0;0;16.5;16.4;16.3;14.2;82.5;0;17.3;15;15.6;17.9;13.6;330.5555556;0;0;1.5
22040100;16;15;0;0;16.5;16.3;16.3;14.1;82.7;0;17.4;14.9;15.5;17.8;13.6;330.5555556;0;0;1.5
22041000;16;15;0;0;16.5;16;16.2;14.1;83;0;17.3;14.8;15.4;17.9;13.6;330.5555556;0;0;1.5
22041900;16;15;0;0;16.5;15.7;16;14.1;83;0;17.1;14.7;15.2;17.9;13.6;330.5555556;0;0;1.5
22042800;17;14;0;0;16.5;15.3;16.2;13.9;83;0;16.9;14.5;15;17.7;13.8;344.4444444;0;0;1.6
22043700;17;14;0;0;16.5;15.3;16.2;13.8;83;0;16.8;14.6;15;17.5;13.8;344.4444444;0;0;1.6
22044600;16;14;0;0;16;14.9;16.3;13.7;83;0;16.7;14.6;15.1;17.4;13.8;344.4444444;0;0;1.6
22045500;16;16;0;0;15.9;16.2;16.3;13.5;83;0;16.6;14.5;15.1;17.3;13.8;344.4444444;0;0;1.6
22046400;16;15;0;0;15.5;16.1;16.2;13.4;83;0;16.6;14.5;15;17.2;13;327.7777778;2.777777778;2.777777778;1.8
22047300;15;14;0;0;15.5;15.2;16;13.4;83;0;16.5;14.5;15;17.2;13;327.7777778;2.777777778;2.777777778;1.8
22048200;15;14;0;0;15.5;14.8;15.8;13.4;83;0;16.4;14.4;14.9;17.1;13;327.7777778;2.777777778;2.777777778;1.8
22049100;15;14;0;0;15.5;14.8;15.7;13.4;83.3;0;16.5;14.2;14.8;17.1;13;327.7777778;2.777777778;2.777777778;1.8
22050000;15;14;0;0;15.5;14.8;15.7;13.4;83.7;0;16.6;14.2;14.7;17.2;13.2;330.5555556;44.44444444;50;1.5
22050900;15;14;0;0;15.5;14.8;15.8;13.4;84;0;16.4;14.3;14.8;17.2;13.2;330.5555556;44.44444444;50;1.5
22051800;15;14;0;0;15.5;14.8;16.1;13.6;83.9;0;16.3;14.4;14.9;17.1;13.2;330.5555556;44.44444444;50;1.5
22052700;15;14;0;0;15.5;14.8;16.6;13.7;83.2;0;16.4;14.7;15.3;16.9;13.2;330.5555556;44.44444444;50;1.5
22053600;15;15;0;0;15.5;15.2;16.8;14.1;82.2;42.4;16.4;14.9;15.6;16.9;14.5;319.4444444;86.11111111;191.6666667;1.7
22054500;15;15;0;0;15.5;16.3;17;14.1;81.5;42.4;16.5;15.2;15.9;16.9;14.5;319.4444444;86.11111111;191.6666667;1.7
22055400;15;15;0;0;15.5;16.3;17.3;13.8;80.3;43.5;16.7;15.6;16.3;16.9;14.5;319.4444444;86.11111111;191.6666667;1.7
22056300;15;15;0;0;15.5;16.3;17.7;13.6;78.5;44.2;17;16.1;17.7;17;14.5;319.4444444;86.11111111;191.6666667;1.7
22057200;15;14;0;0;15.5;15.5;18.1;14.8;77.4;152.5;18;17;19.2;17.1;17.1;325;111.1111111;375;1.8
22058100;15;14;0;0;15.5;15.3;18.5;14.9;75.3;160.2;20;18.5;20.5;17.2;17.1;325;111.1111111;375;1.8
22059000;15;14;0;0;15.8;15.3;18.9;14.8;73.8;160.2;21.8;19.7;21.5;17.4;17.1;325;111.1111111;375;1.8
22059900;16;15;0;0;16;15.4;19.4;14.6;72.2;160.2;23;21;22.1;17.6;17.1;325;111.1111111;375;1.8
22060800;16;15;3;0;17.1;16.1;19.7;15.9;70.5;256.4;26.6;25.3;26.7;24.3;19.2;330.5555556;108.3333333;525;1.8
22061700;17;15;0;0;17.9;15.9;20.2;16.2;69.5;280.4;26.8;25.8;26.8;23.6;19.2;330.5555556;108.3333333;525;1.8
22062600;17;15;0;0;18.1;16.3;20.6;16.2;67.2;280.4;28.3;26.6;27.4;23.2;19.2;330.5555556;108.3333333;525;1.8
22063500;17;15;0;0;18.1;16.5;21;16.1;64.6;280.4;30.2;28.1;28.5;23.6;19.2;330.5555556;108.3333333;525;1.8
22064400;17;16;0;0;18.1;17.3;21.6;17.5;61.8;393.1;31.9;29.7;29.5;24.1;21.3;338.8888889;100;630.5555556;1.9
22065300;17;15;0;0;18.5;17.1;22;17.9;60.2;421.3;33.6;31.1;30.4;24.4;21.3;338.8888889;100;630.5555556;1.9
22066200;17;15;0;0;18.6;16.8;22.4;18.3;59.1;420.1;35;32.6;31.4;24.8;21.3;338.8888889;100;630.5555556;1.9
22067100;18;15;0;0;18.4;16.8;22.8;18.8;57.1;418.8;36.3;34;32.6;25.7;21.3;338.8888889;100;630.5555556;1.9
22068000;17;16;0;0;18.3;17.3;23.2;19.9;57.2;517.1;34.7;33.4;32.4;26.7;23;344.4444444;108.3333333;641.6666667;1.5
22068900;18;15;0;0;19;17;23.7;20.2;57.3;541.7;36.3;34.2;32.8;26.6;23;344.4444444;108.3333333;641.6666667;1.5
22069800;18;15;0;0;19;16.8;24;20.4;56.1;542.4;38.2;36.1;34;27.3;23;344.4444444;108.3333333;641.6666667;1.5
22070700;18;15;0;0;19;16.8;24.1;20.7;56.1;543.5;39.5;37.7;35.1;27.7;23;344.4444444;108.3333333;641.6666667;1.5
22071600;17;16;0;0;17.9;17.2;24.5;21.6;55.3;583.9;38.7;38;35.5;29.1;23.9;361.1111111;183.3333333;455.5555556;1.2
22072500;17;17;0;0;18.7;18.1;25;21.9;53.4;598.6;39.1;37.6;35.2;28.6;23.9;361.1111111;183.3333333;455.5555556;1.2
22073400;17;16;0;0;19.2;18.1;25.4;22.2;52.3;598.6;41.1;39.1;36.2;29.6;23.9;361.1111111;183.3333333;455.5555556;1.2
22074300;16;15;0;0;19.2;17.5;26.1;22.6;50.8;598.6;41.4;39.8;36.7;30.1;23.9;361.1111111;183.3333333;455.5555556;1.2
22075200;16;16;0;0;17.9;17.4;26.5;23.1;50.7;588.6;39.9;39.3;36.5;30.8;23.8;358.3333333;180.5555556;555.5555556;0.9
22076100;17;16;0;0;18.8;17.3;26.7;23.3;48.1;584.9;38.6;37.7;35.4;30.1;23.8;358.3333333;180.5555556;555.5555556;0.9
22077000;17;15;0;0;18.8;17.2;26.8;23.5;48.4;584.9;39.1;38;35.9;30.7;23.8;358.3333333;180.5555556;555.5555556;0.9
22077900;17;15;0;0;19.1;16.8;26.5;23.8;49.7;584.9;39.5;38.4;36.2;31;23.8;358.3333333;180.5555556;555.5555556;0.9
22078800;17;15;0;0;19.3;16.8;26.5;24;48.8;545;40.3;39;36.7;31.3;24.3;361.1111111;180.5555556;505.5555556;0.8
22079700;17;15;0;0;19.6;16.8;26.5;24.1;48.3;530.5;41.2;39.9;37.2;31.6;24.3;361.1111111;180.5555556;505.5555556;0.8
22080600;17;16;0;0;19.8;17.6;26.5;24.2;48.2;530.5;41.3;40.3;37.1;31.8;24.3;361.1111111;180.5555556;505.5555556;0.8
22081500;18;17;0;0;19.8;18.3;27;24.4;46.9;530.5;41;40.3;37.3;32.1;24.3;361.1111111;180.5555556;505.5555556;0.8
22082400;18;16;0;0;20.1;18;27.4;24.4;46.2;497.7;41.3;40.5;37.6;32.3;24.4;363.8888889;161.1111111;355.5555556;0.8
22083300;17;15;0;0;20.3;17.3;27.2;24.4;44.5;485.8;40.8;40.2;37.4;32.5;24.4;363.8888889;161.1111111;355.5555556;0.8
22084200;17;16;0;0;20.3;17.3;27;24.2;45.7;485.8;40.2;39.7;37.2;32.6;24.4;363.8888889;161.1111111;355.5555556;0.8
22085100;17;16;0;0;20.3;17.3;27;24;45.2;485.8;39.5;39.3;36.9;32.7;24.4;363.8888889;161.1111111;355.5555556;0.8
22086000;17;16;0;0;20.4;17.4;27.1;23.7;45.4;367.4;39;38.8;36.6;32.7;23.9;355.5555556;105.5555556;197.2222222;2.6
22086900;17;17;0;0;20.8;17.8;27.2;23.6;44.1;324.3;38.5;38.2;36.2;32.8;23.9;355.5555556;105.5555556;197.2222222;2.6
22087800;17;17;0;0;20.8;17.8;27.3;23.8;44.2;324.3;38;37.7;35.8;32.8;23.9;355.5555556;105.5555556;197.2222222;2.6
22088700;17;17;0;0;20.8;18.3;26.6;24;46.1;324.3;37;37;35.1;32.8;23.9;355.5555556;105.5555556;197.2222222;2.6
22089600;17;19;0;0;20.8;19.7;26.1;23.4;47.5;241.9;35.7;35.8;34.1;32.5;23.1;358.3333333;55.55555556;72.22222222;2.8
22090500;17;19;0;0;20.8;20.2;25.9;23.2;47.9;211.9;34.5;35;33.4;32.4;23.1;358.3333333;55.55555556;72.22222222;2.8
22091400;17;19;0;0;20.8;20.3;25.6;23.4;48.9;211.9;33.7;34.4;32.8;32.5;23.1;358.3333333;55.55555556;72.22222222;2.8
22092300;17;19;0;0;20.8;20.3;25.3;23.8;52;211.9;32.8;33.6;32.2;32.5;23.1;358.3333333;55.55555556;72.22222222;2.8
22093200;17;19;0;0;21;20.2;24.7;23.1;54.5;131.5;31.8;32.8;31.5;32.5;21.9;355.5555556;2.777777778;2.777777778;2.1
22094100;17;16;0;0;21.3;19;24.1;22.8;57.9;102.2;30.9;31.9;30.8;32.2;21.9;355.5555556;2.777777778;2.777777778;2.1
22095000;18;15;0;0;21.3;17.2;23.4;22.9;60.2;102.2;30;31;30.1;32;21.9;355.5555556;2.777777778;2.777777778;2.1
22095900;18;14;0;0;21.3;16.4;22.8;23.2;61.9;102.2;29.2;30.2;29.5;32;21.9;355.5555556;2.777777778;2.777777778;2.1
22096800;18;14;0;0;21.5;16.1;22.3;22;63.8;7.1;28.5;29.5;29.1;31.7;20.7;350;0;0;2.4
22097700;18;16;0;0;21.8;17.3;21.9;22;64.9;7.1;27.9;28.8;28.6;31.5;20.7;350;0;0;2.4
22098600;18;17;0;0;21.8;18.3;21.5;22.1;65.9;7.2;27.4;28.3;28.2;31.2;20.7;350;0;0;2.4
22099500;18;15;0;0;21.8;17.1;21.3;22.1;67.1;7.3;27;27.8;27.9;30.9;20.7;350;0;0;2.4
22100400;18;15;0;0;22;16.9;20.9;20.8;68.6;0;26.6;27.4;27.5;30.5;19.1;344.4444444;0;0;2.7
22101300;19;15;0;0;22.3;16.9;20.7;20.8;70.2;0;26.2;26.9;27.2;30.1;19.1;344.4444444;0;0;2.7
22102200;19;15;0;0;22.3;16.9;20.4;20.8;71.4;0;25.8;26.4;26.9;29.7;19.1;344.4444444;0;0;2.7
22103100;19;16;0;0;22.3;17.2;20.2;20.8;72.3;0;25.5;26;26.5;29.3;19.1;344.4444444;0;0;2.7
22104000;19;16;0;0;22.6;17.4;19.9;19.8;73.5;0;25.2;25.6;26.3;28.9;18.1;341.6666667;0;0;2.3
22104900;19;16;0;0;22.8;17.7;19.8;19.7;74.1;0;24.9;25.2;26.1;28.6;18.1;341.6666667;0;0;2.3
22105800;19;18;0;0;22.8;18.3;19.5;19.8;75;0;24.5;24.8;25.8;28.2;18.1;341.6666667;0;0;2.3
22106700;19;19;0;0;22.8;19.7;19.4;19.8;75.9;0;24.2;24.3;25.5;27.8;18.1;341.6666667;0;0;2.3
22107600;19;19;0;0;22.9;19.9;19.3;19.2;76.5;0;23.7;24;25.2;27.4;17;344.4444444;0;0;1.6
22108500;19;19;0;0;23.3;19.9;19;19.1;77.2;0;23.6;23.7;25;27;17;344.4444444;0;0;1.6
22109400;20;19;0;0;23.3;19.9;19;18.8;77.6;0;23.3;23.3;24.9;26.8;17;344.4444444;0;0;1.6
22110300;20;19;0;0;23.4;19.9;18.95;17.95;78;0;23.1;22.2;25.15;26.6;17;344.4444444;0;0;1.6
22111200;20;19;0;0;23.5;19.9;18.9;17.1;78.4;0;22.9;21.1;25.4;26.4;17.1;347.2222222;0;0;2.3
22112100;20;19;0;0;23.8;20.2;18.9;16.8;78;0;23;19.5;25.5;26.1;17.1;347.2222222;0;0;2.3
22113000;20;19;0;0;23.8;20.7;18.6;16.8;78.7;0;20.6;18;24.1;26;17.1;347.2222222;0;0;2.3
22113900;20;20;0;0;23.8;20.9;18.6;16.8;79;0;18.7;17.6;22.5;25.9;17.1;347.2222222;0;0;2.3
22114800;21;21;0;0;21.8;21.7;18.6;16.4;79.1;0;18.1;17.5;20.6;25.4;16.6;347.2222222;0;0;2.3
22115700;20;21;0;0;19.1;22.3;18.4;16.2;79.5;0;17.7;17.3;21.8;25;16.6;347.2222222;0;0;2.3
22116600;19;20;0;0;18.8;21;18.4;16.2;79.7;0;17.5;17.2;23.4;24.8;16.6;347.2222222;0;0;2.3
22117500;18;16;0;0;17.2;18;18.3;16.2;80;0;17.4;17.1;21.8;24.8;16.6;347.2222222;0;0;2.3
22118400;17;15;0;0;16.8;16.4;18.4;15.7;80;0;17.4;17;20.2;24.7;16.1;344.4444444;0;0;2.6
22119300;16;14;0;0;16.8;15.8;18.3;15.7;80.3;0;17.4;16.8;19.8;24.7;16.1;344.4444444;0;0;2.6
22120200;16;14;0;0;16.8;15.4;18.2;15.7;80.8;0;17.4;16.7;19.4;24.6;16.1;344.4444444;0;0;2.6
22121100;16;14;0;0;16.8;15.4;18.2;15.7;81;0;17.3;16.6;19.2;24.5;16.1;344.4444444;0;0;2.6
22122000;16;14;0;0;16.8;15.4;18.1;16.1;81;0;17.3;16.5;19;24.4;16.1;330.5555556;0;0;2.3
22122900;16;15;0;0;16.6;16;18;16.2;81;0;17.2;16.4;18.9;24.3;16.1;330.5555556;0;0;2.3
22123800;16;17;0;0;16.3;17.9;17.8;16.2;81.4;0;17.1;16.3;18.8;24.1;16.1;330.5555556;0;0;2.3
22124700;16;16;0;0;16.3;17.9;17.6;16.2;81.8;0;16.9;16.3;18.8;24.1;16.1;330.5555556;0;0;2.3
22125600;16;16;0;0;16.3;17.4;17.4;15.9;82;0;16.7;16.1;18.8;24.1;15.4;338.8888889;0;0;2.2
22126500;16;16;0;0;16.3;17.4;17.3;15.9;82.2;0;16.5;16;19;24;15.4;338.8888889;0;0;2.2
22127400;16;16;0;0;16.3;17.4;17.2;15.9;82.3;0;16.4;15.9;18.8;23.9;15.4;338.8888889;0;0;2.2
22128300;16;16;0;0;16.3;17.4;17.1;15.9;82.9;0;16.3;15.8;18.7;23.8;15.4;338.8888889;0;0;2.2
22129200;16;16;0;0;16;17.4;17.2;15.9;83;0;16.2;15.8;18.7;23.6;15.3;341.6666667;0;0;1.7
22130100;15;16;0;0;15.8;17.4;17.4;15.9;82.7;0;16.2;15.7;18.5;23.5;15.3;341.6666667;0;0;1.7
22131000;15;16;0;0;15.8;17.4;17.3;16;82.9;0;16.2;15.7;18.5;23.4;15.3;341.6666667;0;0;1.7
22131900;15;18;0;0;15.5;18.4;17.2;16.1;83;0;16.1;15.7;18.4;23.2;15.3;341.6666667;0;0;1.7
22132800;15;18;0;0;15.3;18.9;17;15.7;83;0;16.1;15.6;18.3;22.9;14.9;330.5555556;2.777777778;2.777777778;1.8
22133700;15;17;0;0;15.3;18.1;16.9;15.6;83;0;16;15.6;18.2;22.8;14.9;330.5555556;2.777777778;2.777777778;1.8
22134600;15;16;0;0;15.3;17.6;16.8;15.3;83;0;15.9;15.5;18.4;22.7;14.9;330.5555556;2.777777778;2.777777778;1.8
22135500;15;16;0;0;15.3;17.4;16.8;15;83.2;0;15.8;15.4;18.4;22.6;14.9;330.5555556;2.777777778;2.777777778;1.8
22136400;15;16;0;0;15.3;17.4;16.7;14.9;83.6;0;15.9;15.3;18.3;22.4;15.6;327.7777778;41.66666667;80.55555556;2.7
22137300;17;16;0;0;15.3;16.9;16.7;14.9;84;0;15.9;15.3;18.2;22.2;15.6;327.7777778;41.66666667;80.55555556;2.7
22138200;16;15;0;0;15.2;16.3;16.8;15;84;0;16;15.4;18;22.5;15.6;327.7777778;41.66666667;80.55555556;2.7
22139100;15;14;0;0;14.8;15.6;17.3;15.2;83.8;0;16.6;15.4;18.1;22.6;15.6;327.7777778;41.66666667;80.55555556;2.7
22140000;14;15;0;0;14.8;15.8;17.8;15.6;82.6;41.9;17.5;15.7;18.2;22.5;17.3;333.3333333;91.66666667;236.1111111;2.5
22140900;14;16;0;0;14.8;16.9;18.3;15.7;80.5;52.4;18.4;16.1;18.3;22.5;17.3;333.3333333;91.66666667;236.1111111;2.5
22141800;14;16;0;0;14.8;16.9;18.8;15.6;79.4;50.4;19.5;16.6;18.5;22.4;17.3;333.3333333;91.66666667;236.1111111;2.5
22142700;14;16;0;0;14.8;16.9;19.4;15.4;77.2;48.1;21.2;17.4;19.2;22.4;17.3;333.3333333;91.66666667;236.1111111;2.5
22143600;14;14;0;0;15.3;16.3;19.7;16.5;75.3;154.5;22.5;18.6;20.3;22.4;19.4;338.8888889;113.8888889;366.6666667;2.2
22144500;14;14;0;0;15.3;15.9;20.1;16.8;74.2;181.1;23.7;19.7;21.4;22.5;19.4;338.8888889;113.8888889;366.6666667;2.2
22145400;15;14;0;0;15.7;15.9;20.4;16.8;72.7;181.1;24.8;20.9;22.4;22.6;19.4;338.8888889;113.8888889;366.6666667;2.2
22146300;15;15;0;0;15.8;15.9;20.8;16.9;72.3;181.1;26;22.2;23.4;22.7;19.4;338.8888889;113.8888889;366.6666667;2.2
22147200;15;17;0;0;16.5;18;21.6;18.2;70.5;285.7;26.3;23.1;25;22.8;22;350;113.8888889;525;1.7
22148100;15;16;0;0;16.6;18.5;22.2;18.7;67.5;323.8;27.2;23.2;25.3;26.4;22;350;113.8888889;525;1.7
22149000;15;15;0;0;16.6;17.8;22.8;18.9;66.4;323.8;29.8;25.5;27;27.5;22;350;113.8888889;525;1.7
22149900;15;17;0;0;16.6;18.3;23.4;19.1;64.6;323.8;32;27.7;28.7;27.7;22;350;113.8888889;525;1.7
22150800;16;17;0;0;17;19.1;23.8;20.5;62.3;421.5;33.6;29.7;30.5;28.1;23.8;361.1111111;163.8888889;630.5555556;1.3
22151700;16;16;0;0;17.1;18.2;24.4;21;60.8;457;35.3;31.5;32.1;28.4;23.8;361.1111111;163.8888889;630.5555556;1.3
22152600;16;16;0;0;17.3;17.6;25;21.2;58.8;452.9;36.9;33.3;33.5;28.7;23.8;361.1111111;163.8888889;630.5555556;1.3
22153500;16;17;0;1;17.2;18.2;25.7;21.4;56.5;446.8;37;34.4;34;30.2;23.8;361.1111111;163.8888889;630.5555556;1.3
22154400;16;16;0;0;17.5;17.6;26.2;22.9;54.3;516.1;37.7;34.6;34.2;29.7;25.5;372.2222222;233.3333333;622.2222222;1
22155300;16;15;0;0;17.5;17;26.6;23.3;53.5;533.4;39.5;36.5;35.4;30.6;25.5;372.2222222;233.3333333;622.2222222;1
22156200;16;14;0;0;18;16.4;27;23.5;52.7;537.6;40.9;38.3;36.7;31;25.5;372.2222222;233.3333333;622.2222222;1
22157100;17;14;0;0;18;16.2;27.4;24;51.2;545.9;42.1;39.9;37.9;31.4;25.5;372.2222222;233.3333333;622.2222222;1
22158000;17;16;0;1;17.6;17.1;27.7;24.9;52.2;627.7;42.3;40.8;38.4;32.7;25.2;386.1111111;280.5555556;377.7777778;0.9
22158900;16;17;0;0;17.8;18.4;28.2;25.4;49.9;668.6;40;38.6;36.6;31.8;25.2;386.1111111;280.5555556;377.7777778;0.9
22159800;17;16;0;0;18.3;18.3;28.9;25.4;48.7;668.6;41.9;39.8;37.9;32.7;25.2;386.1111111;280.5555556;377.7777778;0.9
22160700;16;15;0;0;18.4;17.5;28.9;25.4;48.8;668.6;42.4;40.5;38.4;33.2;25.2;386.1111111;280.5555556;377.7777778;0.9
22161600;15;15;0;0;17.9;17.6;28.5;26.3;49.5;668.3;41.5;40.3;38.1;33.8;25.2;383.3333333;327.7777778;441.6666667;0.9
22162500;16;16;0;0;17.6;16.8;27.7;26.4;51.3;668.3;38;37.3;35.6;32.6;25.2;383.3333333;327.7777778;441.6666667;0.9
22163400;16;15;0;0;18.3;16.6;27.9;26.5;50.4;668.3;37.7;36.8;35.5;32.8;25.2;383.3333333;327.7777778;441.6666667;0.9
22164300;16;15;0;0;18.3;16.6;28.7;26.6;48.7;668.3;38.2;37.3;36;33.1;25.2;383.3333333;327.7777778;441.6666667;0.9
22165200;17;15;0;0;18.8;16.6;28.9;27;47.1;574.3;39.1;37.9;36.6;33.2;25.4;380.5555556;241.6666667;505.5555556;1.4
22166100;17;15;0;0;19;16.6;29;27.1;46.9;559.8;40.7;39.1;37.8;33.4;25.4;380.5555556;241.6666667;505.5555556;1.4
22167000;17;16;0;0;19.3;17.7;29.1;26.5;47.1;559.8;42.1;40.4;38.6;33.7;25.4;380.5555556;241.6666667;505.5555556;1.4
22167900;17;17;0;0;19.3;18.6;28.9;25.8;48.3;559.8;42.6;41.1;38.9;34;25.4;380.5555556;241.6666667;505.5555556;1.4
22168800;17;15;0;0;19.3;17.6;28.6;25.9;49.3;488;42.3;41.2;38.8;34.2;25.2;383.3333333;208.3333333;344.4444444;1.1
22169700;16;15;0;0;19.3;16.8;28.1;25.9;50.9;470;41;40.5;38;34.3;25.2;383.3333333;208.3333333;344.4444444;1.1
22170600;17;15;0;0;19.7;16.6;28.9;25.6;49.1;470;40.2;40;37.9;34.3;25.2;383.3333333;208.3333333;344.4444444;1.1
22171500;17;15;0;0;19.8;16.8;28.7;25.3;49.7;470;40.1;39.7;37.8;34.3;25.2;383.3333333;208.3333333;344.4444444;1.1
22172400;16;16;0;0;19.8;17.1;28;24.9;52;360.8;39.5;39.2;37.4;34.3;24.4;386.1111111;75;83.33333333;1.7
22173300;16;16;0;0;19.8;17.2;27.4;24.8;53.9;321.1;38.4;38.4;36.5;34.3;24.4;386.1111111;75;83.33333333;1.7
22174200;16;16;0;0;19.8;17.6;26.9;24.8;55.7;321.1;36.9;37.3;35.5;34.1;24.4;386.1111111;75;83.33333333;1.7
22175100;16;17;0;0;19.8;17.9;26.7;24.8;56.5;321.1;35.6;36.2;34.7;34;24.4;386.1111111;75;83.33333333;1.7
22176000;16;19;0;0;19.8;19.5;26.7;24.2;56.6;169;34.5;34.9;33.8;33.7;24.2;400;33.33333333;36.11111111;1.7
22176900;16;19;0;0;19.9;20;26.8;24.2;57.4;169;33.6;34.2;33.1;33.4;24.2;400;33.33333333;36.11111111;1.7
22177800;16;18;0;0;20.3;20.1;26.6;24.4;58.7;169;32.9;33.5;32.6;33.1;24.2;400;33.33333333;36.11111111;1.7
22178700;17;18;0;0;20.3;20.1;26.5;24.5;60.2;169;32.3;32.9;32.1;32.9;24.2;400;33.33333333;36.11111111;1.7
22179600;17;18;0;0;20.7;19.9;26;23.8;61.8;55.5;31.7;32.3;31.6;32.8;23.4;402.7777778;0;0;2.5
22180500;17;16;0;0;20.8;18.6;25.6;23.8;62.6;47.4;31.1;31.6;31.1;32.4;23.4;402.7777778;0;0;2.5
22181400;17;15;0;0;20.8;17;25.3;23.7;63.5;47.4;30.6;31;30.7;32.1;23.4;402.7777778;0;0;2.5
22182300;17;14;0;0;21;16.3;25;23.6;65.1;47.4;30;30.5;30.2;31.9;23.4;402.7777778;0;0;2.5
22183200;18;14;0;0;21.3;16;24.7;22.7;65.9;13;29.6;29.9;29.8;31.8;22.5;400;0;0;2.4
22184100;18;16;0;0;21.3;17.3;24.6;22.5;66.2;4.4;29.2;29.4;29.5;31.6;22.5;400;0;0;2.4
22185000;18;16;0;0;21.3;18.1;24.4;22.7;66.8;4.4;28.8;29.1;29.1;31.4;22.5;400;0;0;2.4
22185900;18;16;0;0;21.5;17.7;24.2;23;67.7;4.4;28.4;28.6;28.8;31;22.5;400;0;0;2.4
22186800;18;16;0;0;21.8;17.7;24;22.4;69.1;0.9;28;28.3;28.6;30.9;22.1;400;0;0;3.1
22187700;18;16;0;0;21.8;17.7;23.9;22.2;69.8;0;27.7;27.9;28.3;30.7;22.1;400;0;0;3.1
22188600;18;16;0;0;22;17.7;24;22.4;70.4;0;27.4;27.6;28;30.4;22.1;400;0;0;3.1
22189500;19;17;0;0;22.3;17.7;24;22.6;70.9;0;27;27.2;27.8;30.2;22.1;400;0;0;3.1
22190400;19;17;0;0;22.3;18.1;23.9;21.8;71;0;26.8;27;27.6;30;21.4;394.4444444;0;0;2.5
22191300;19;17;0;0;22.3;18.2;23.8;21.6;71.5;0;26.6;26.7;27.4;29.8;21.4;394.4444444;0;0;2.5
22192200;19;18;0;0;22.7;18.7;23.5;21.6;71.9;0;26.4;26.4;27.2;29.6;21.4;394.4444444;0;0;2.5
22193100;20;19;0;0;22.8;20.2;23.4;21.5;72.6;0;26.2;26.1;26.9;29.4;21.4;394.4444444;0;0;2.5
22194000;19;19;0;0;22.8;20.2;23.3;21.3;72.8;0;25.9;25.8;26.6;29;20.9;394.4444444;0;0;1.6
22194900;20;19;0;0;22.9;20.2;23.3;21.2;73.1;0;25.7;25.7;26.5;28.8;20.9;394.4444444;0;0;1.6
22195800;20;19;0;0;23.3;20.2;23.3;21.4;73.1;0;25.6;25.5;26.4;28.7;20.9;394.4444444;0;0;1.6
22196700;20;19;0;0;23.3;20.25;23.1;19.6;73.65;0;25.4;25.3;26.25;28.55;20.9;394.4444444;0;0;1.6
22197600;20;19;0;0;23.3;20.3;22.9;17.8;74.2;0;25.2;25.1;26.1;28.4;20.8;391.6666667;0;0;1.9
22198500;20;19;0;0;23.4;20.7;22.9;16.8;73.6;0;25.1;25;25.9;28.2;20.8;391.6666667;0;0;1.9
22199400;21;20;0;0;23.5;20.8;22.9;16.8;74.1;0;24.8;24.7;25.7;28.1;20.8;391.6666667;0;0;1.9
22200300;19;18;0;0;22.7;20.6;22.8;16.8;73.8;0;24.2;23.8;25.3;28;20.8;391.6666667;0;0;1.9
22201200;20;18;0;0;23.1;20.3;22.8;16.3;72.8;0;24.2;23.8;25.2;27.9;20.1;397.2222222;0;0;1.2
22202100;20;17;0;0;23.2;19.4;22.7;16.2;72.1;0;24.2;23.8;25.1;27.8;20.1;397.2222222;0;0;1.2
22203000;20;15;0;0;23.2;17.3;22.6;16.2;72.5;0;24.1;23.6;25;27.7;20.1;397.2222222;0;0;1.2
22203900;20;14;0;0;23.2;16.3;22.4;16.2;73.2;0;24;23.5;25;27.6;20.1;397.2222222;0;0;1.2
22204800;20;14;0;0;23.6;15.9;22.4;15.8;73.6;0;23.9;23.4;24.9;27.4;19.5;402.7777778;0;0;1.6
22205700;20;14;0;0;23.7;15.7;22.4;15.7;73.9;0;23.9;23.4;24.9;27.3;19.5;402.7777778;0;0;1.6
22206600;20;14;0;0;23.7;15.7;22.4;15.7;75.3;0;23.7;23.3;24.6;27.2;19.5;402.7777778;0;0;1.6
22207500;20;15;0;0;23.8;16.2;22.4;15.7;76.1;0;23.6;23.3;24.6;27.1;19.5;402.7777778;0;0;1.6
22208400;21;15;0;0;24.2;16.5;22.3;19.8;75.9;0;23.6;23.3;24.5;27;19.5;397.2222222;0;0;2.1
22209300;21;16;0;0;24.2;17.2;22.3;19.8;75.8;0;23.6;23.4;24.5;26.9;19.5;397.2222222;0;0;2.1
22210200;21;18;0;0;24.2;18.7;22.1;19.7;76.3;0;23.6;23.1;24.3;26.8;19.5;397.2222222;0;0;2.1
22211100;21;18;0;0;24.2;19.2;22.1;19.7;76.8;0;23.4;23;24.2;26.7;19.5;397.2222222;0;0;2.1
22212000;21;18;0;0;24.5;19.2;22;19.3;77;0;23.4;23.1;24.1;26.7;19.6;391.6666667;0;0;4
22212900;21;18;0;0;24.7;19.2;22;19.3;77.4;0;23.3;23.2;24.1;26.6;19.6;391.6666667;0;0;4
22213800;21;18;0;0;24.7;19.2;22;19.3;76.8;0;23.3;23.8;23.5;26.5;19.6;391.6666667;0;0;4
22214700;22;18;0;0;24.7;19.3;22;19.2;76.3;0;22.7;24.5;22.1;26.4;19.6;391.6666667;0;0;4
22215600;22;19;0;0;24.7;20;21.9;19;74.9;0;21.7;25.3;21.7;26.2;19.1;400;0;0;3.2
22216500;19;19;20;66;21.4;20.3;22.2;18.9;73.2;0;21.8;23.1;21.7;24;19.1;400;0;0;3.2
22217400;17;18;12;19;17.7;18.9;22.3;19.1;73.8;0;20.5;20.1;20.6;20.1;19.1;400;0;0;3.2
22218300;17;19;11;27;17.6;19.5;22.1;19.3;75.3;0;20.5;20.2;20.7;20;19.1;400;0;0;3.2
22219200;16;17;12;24;17.1;18;21.9;18.9;76.7;0;19.7;19.5;19.8;19.2;19.5;400;0;0;2.4
22220100;16;17;11;18;17.1;17.8;21.7;18.7;77.6;0;19.8;19.6;20;19.3;19.5;400;0;0;2.4
22221000;16;17;12;18;16.7;17.8;21.8;18.9;77.6;0;19.4;19.2;19.5;18.9;19.5;400;0;0;2.4
22221900;16;17;2;11;17.1;17.8;21.8;19.1;77.6;0;19.5;19.4;19.7;18.9;19.5;400;0;0;2.4
22222800;15;16;24;58;15.9;17.4;21.8;18.9;77.7;0;19;18.8;19.2;18.4;19.2;402.7777778;8.333333333;8.333333333;2.3
22223700;15;15;18;3;16.7;16.4;21.7;18.8;78.4;0;18.5;18.5;18.8;17.7;19.2;402.7777778;8.333333333;8.333333333;2.3
22224600;15;16;0;0;16.7;16.3;21.7;18.8;78.6;0;19;18.9;19.2;17.9;19.2;402.7777778;8.333333333;8.333333333;2.3
22225500;16;16;0;0;16.7;16.8;21.5;18.9;84.8;0;19.3;19.1;19.4;18;19.2;402.7777778;8.333333333;8.333333333;2.3
22226400;16;17;0;0;16.7;17.4;21.3;19.1;84.9;18.6;19.5;19.3;19.6;18.1;18.4;400;25;25;2.4
22227300;14;17;32;94;15.2;17.5;21.2;19.1;85.9;18.6;19.2;19.1;19.4;18.5;18.4;400;25;25;2.4
22228200;16;17;0;0;16.8;17;21;19.5;86.8;17.2;18.8;18.8;19;18.1;18.4;400;25;25;2.4
22229100;16;17;0;0;16.8;17.8;21.3;19.8;87.9;16.2;18.9;19.4;19.4;18.3;18.4;400;25;25;2.4
22230000;16;17;0;0;16.8;17.8;21.4;20.1;87.4;51.6;19.1;20.1;19.5;18.4;18.6;397.2222222;38.88888889;41.66666667;2
22230900;16;17;4;5;16.8;17.8;21.4;20.1;88;54.1;19.3;20.3;19.6;18.7;18.6;397.2222222;38.88888889;41.66666667;2
22231800;16;17;18;36;16.6;17.8;21.4;19.9;87.6;54.1;19.5;19.6;19.8;19;18.6;397.2222222;38.88888889;41.66666667;2
22232700;16;17;4;4;16.8;17.8;21.5;19.7;87.1;54.1;19.7;19.7;19.9;18.9;18.6;397.2222222;38.88888889;41.66666667;2
22233600;16;17;18;37;16.7;17.8;21.7;20;86.3;120.3;19.8;19.7;20;19.1;19.2;397.2222222;61.11111111;61.11111111;3.1
22234500;16;17;3;5;16.8;17.8;21.9;20.1;85;130.5;20.1;20;20.2;19.2;19.2;397.2222222;61.11111111;61.11111111;3.1
22235400;16;17;20;44;16.9;18.3;22.1;19.5;83.9;130.5;20.1;20;20.3;19.4;19.2;397.2222222;61.11111111;61.11111111;3.1
22236300;16;18;3;5;17.3;18.5;22.4;18.9;83.2;130.5;20.4;20.3;20.5;19.4;19.2;397.2222222;61.11111111;61.11111111;3.1
22237200;14;18;33;108;15.7;18.5;22.1;19.4;82.2;173.8;20.2;20.1;20.3;19.5;19;397.2222222;100;100;4
22238100;14;16;40;90;15.2;17;22;19.5;82.5;184.6;18.6;18.5;18.8;18;19;397.2222222;100;100;4
22239000;15;16;9;3;16.5;16.8;22;19.4;82.2;187.4;18.9;18.9;19.2;17.9;19;397.2222222;100;100;4
22239900;15;16;0;0;16.5;16.8;22.4;19.3;78.8;191.7;19.4;19.4;19.6;18.1;19;397.2222222;100;100;4
22240800;16;16;12;29;16.5;17.2;23.2;19.8;74.1;192.5;20.2;20.2;20.4;18.8;19.9;394.4444444;205.5555556;205.5555556;2.8
22241700;16;18;43;78;17.3;18.8;23.7;20;70.6;192.8;20.6;20.6;20.8;19.8;19.9;394.4444444;205.5555556;205.5555556;2.8
22242600;16;18;43;73;17.5;18.8;24.3;19.9;69.5;195.9;20.8;20.7;21;20;19.9;394.4444444;205.5555556;205.5555556;2.8
22243500;16;18;43;68;17.5;18.8;24.3;19.9;69;197.5;20.7;20.6;20.8;19.8;19.9;394.4444444;205.5555556;205.5555556;2.8
22244400;16;18;43;66;17.5;18.8;24.1;20.2;70.3;248.3;20.6;20.5;20.8;19.8;20.2;394.4444444;180.5555556;180.5555556;1.9
22245300;16;18;43;75;17.5;18.8;24.7;20.2;68.7;248.3;20.9;20.9;21.1;20.1;20.2;394.4444444;180.5555556;180.5555556;1.9
22246200;16;18;43;75;17.5;18.8;25;19.7;67.5;248.3;21;20.9;21.1;20.1;20.2;394.4444444;180.5555556;180.5555556;1.9
22247100;16;18;43;67;17.5;18.8;24.8;19.3;68.8;248.3;20.7;20.6;20.9;19.9;20.2;394.4444444;180.5555556;180.5555556;1.9
22248000;16;18;37;53;17.5;18.8;24.5;19.8;69.7;256.9;20.5;20.4;20.7;19.7;20.5;391.6666667;180.5555556;188.8888889;2
22248900;14;18;38;131;15.6;18.6;24.4;19.8;69.6;257.5;20.4;20.2;20.5;19.6;20.5;391.6666667;180.5555556;188.8888889;2
22249800;16;17;27;38;16.7;17.8;24.4;20.1;69.4;257.5;19.9;19.8;20.1;19;20.5;391.6666667;180.5555556;188.8888889;2
22250700;16;17;0;0;17;17.8;24.6;20.3;68.3;257.5;20.5;20.7;20.9;19.1;20.5;391.6666667;180.5555556;188.8888889;2
22251600;16;19;35;107;17.2;19.5;25;20.6;66.6;276;22.1;22.1;22.4;21.2;22.1;391.6666667;241.6666667;263.8888889;2.3
22252500;17;20;44;126;18;20.7;25.9;20.7;63.4;278.9;22.7;22.7;22.9;21.7;22.1;391.6666667;241.6666667;263.8888889;2.3
22253400;17;20;43;118;18;20.8;26.1;20.6;61.7;278.9;22.6;22.5;22.7;21.6;22.1;391.6666667;241.6666667;263.8888889;2.3
22254300;17;19;43;106;18;20.3;26;20.5;60.2;278.9;22.3;22.2;22.4;21.3;22.1;391.6666667;241.6666667;263.8888889;2.3
22255200;17;19;44;96;18;20.1;25.6;20.7;58.5;242.8;22;21.8;22;21;21.8;400;105.5555556;105.5555556;2
22256100;17;19;44;88;18;19.8;25.3;20.7;59.2;240.2;21.7;21.6;21.8;20.7;21.8;400;105.5555556;105.5555556;2
22257000;17;18;44;79;18;19.5;25;20.6;60.9;240.2;21.4;21.3;21.5;20.5;21.8;400;105.5555556;105.5555556;2
22257900;17;18;44;74;18;19.3;24.6;20.6;63.8;240.2;21.2;21.1;21.3;20.4;21.8;400;105.5555556;105.5555556;2
22258800;17;18;36;79;17.7;19.3;24.9;20.6;64.1;169.3;21.3;21.1;21.4;20.4;20.8;400;77.77777778;77.77777778;1.3
22259700;15;18;37;112;16.6;19;24.7;20.6;63.7;164.2;20.8;20.6;20.8;20.1;20.8;400;77.77777778;77.77777778;1.3
22260600;16;17;14;25;17.2;18.8;24.5;21.4;64.3;164.2;20.6;20.6;20.8;19.7;20.8;400;77.77777778;77.77777778;1.3
22261500;16;18;9;24;17.3;18.9;24;22;65;164.2;21.2;21.4;21.6;20.1;20.8;400;77.77777778;77.77777778;1.3
22262400;17;18;20;54;17.6;19.5;23.9;21.4;66;103.6;21.2;21.1;21.3;20.3;20.2;394.4444444;22.22222222;22.22222222;1.7
22263300;17;19;0;0;18;19.3;23.6;21.4;66.3;99.3;21.4;21.4;21.6;20.2;20.2;394.4444444;22.22222222;22.22222222;1.7
22264200;17;17;0;0;18.2;18.3;23.4;21.3;67.7;99.3;21.2;21.5;21.6;20.3;20.2;394.4444444;22.22222222;22.22222222;1.7
22265100;18;15;0;0;18.7;16.5;23.2;21.3;68.2;99.3;21.5;21.6;21.8;20.5;20.2;394.4444444;22.22222222;22.22222222;1.7
22266000;18;15;0;0;18.7;16.3;23;20.6;69.3;25.9;21.7;21.9;22;20.6;19.9;388.8888889;2.777777778;2.777777778;2.7
22266900;18;15;0;0;18.7;16.3;22.6;20.5;70.1;20.7;21.9;21.9;22.1;20.7;19.9;388.8888889;2.777777778;2.777777778;2.7
22267800;18;15;0;0;19;16.8;22.5;20.3;71.2;20.7;22;21.9;22.1;20.8;19.9;388.8888889;2.777777778;2.777777778;2.7
22268700;16;17;0;0;17.8;18.4;22.4;20.1;71.9;20.7;22;22;22.2;20.8;19.9;388.8888889;2.777777778;2.777777778;2.7
22269600;17;16;0;0;18.6;17.4;22.4;19.4;72.6;3.5;22;21.9;22.2;20.9;19.7;400;0;0;2.3
22270500;18;17;0;0;19.3;17.6;22.3;19.3;72.8;0.8;22;21.9;22.2;21.1;19.7;400;0;0;2.3
22271400;19;17;0;0;19.7;18.1;22.4;19.4;71.4;0.7;22.1;21.9;22.2;21.2;19.7;400;0;0;2.3
22272300;19;15;0;0;20.1;16.6;22.4;19.4;70.3;0.7;22.1;22;22.3;21.3;19.7;400;0;0;2.3
22273200;19;14;0;0;20.2;16;22.3;18.9;69.8;0.1;22.1;21.9;22.3;21.4;19.3;383.3333333;0;0;2.2
22274100;19;14;0;0;20.2;15.8;22.1;18.8;69.7;0;22.1;21.9;22.2;21.4;19.3;383.3333333;0;0;2.2
22275000;19;15;0;0;20.2;15.8;22;19.1;70.1;0;22.1;21.9;22.2;21.5;19.3;383.3333333;0;0;2.2
22275900;19;15;0;0;20.3;16.2;21.9;19.3;70.8;0;22;21.9;22.2;21.6;19.3;383.3333333;0;0;2.2
22276800;19;15;0;0;20.7;16.3;21.6;18.8;71.9;0;21.8;21.7;22;21.6;18.6;366.6666667;0;0;2.3
22277700;19;15;0;0;20.7;16.6;21.5;18.7;72.7;0;21.5;21.7;21.8;21.7;18.6;366.6666667;0;0;2.3
22278600;19;16;0;0;20.7;17.1;21.5;18.9;72.7;0;21.4;21.9;21.7;21.7;18.6;366.6666667;0;0;2.3
22279500;19;18;0;0;20.7;18.7;21.2;19.1;73.5;0;21.4;21.8;21.6;21.7;18.6;366.6666667;0;0;2.3
22280400;19;18;0;0;21.2;18.8;21.2;18.7;73.8;0;21.2;22.1;21.2;21.7;18.5;377.7777778;0;0;1.9
22281300;19;17;0;0;21.2;18.8;21.3;18.6;73.4;0;21;22.4;21;21.8;18.5;377.7777778;0;0;1.9
22282200;19;18;0;0;21.2;18.8;21.2;18.8;73;0;20.8;22.6;20.7;21.8;18.5;377.7777778;0;0;1.9
22283100;19.5;18;0;0;21.45;18.8;21.1;17.95;73.3;0;21.25;22.45;20.7;22;18.5;377.7777778;0;0;1.9
22284000;20;18;0;0;21.7;18.8;21;17.1;73.6;0;21.7;22.3;20.7;22.2;17.9;361.1111111;0;0;1.3
22284900;18;18;20;38;19.8;18.9;20.7;16.8;74.4;0;21.4;21.3;20.5;21.3;17.9;361.1111111;0;0;1.3
22285800;17;17;0;0;17.5;18.3;20.3;16.8;75.3;0;19.8;19.4;19.8;19.6;17.9;361.1111111;0;0;1.3
22286700;17;17;0;0;17.8;18.3;20;16.8;75.9;0;19.7;19.2;19.7;19.8;17.9;361.1111111;0;0;1.3
22287600;15;17;23;72;16.1;17.9;20;16.3;76.8;0;19.1;18.8;19.2;19;17.4;383.3333333;0;0;1.1
22288500;15;15;9;25;15.7;16.3;20.3;16.2;76.7;0;17.8;17.6;18;17.5;17.4;383.3333333;0;0;1.1
22289400;16;15;0;0;16.4;16.3;20.3;16.2;76.2;0;17.9;17.9;18.1;17.6;17.4;383.3333333;0;0;1.1
22290300;15;16;0;0;16.4;16.3;20.4;16.2;75.9;0;18.1;18.4;18.3;17.8;17.4;383.3333333;0;0;1.1
22291200;15;16;0;0;16.4;16.3;20.6;15.8;74.9;0;18.3;18.7;18.5;18;17.8;391.6666667;0;0;1.5
22292100;15;16;0;0;16.4;16.8;20.6;15.7;73.9;0;18.6;18.8;18.6;18.2;17.8;391.6666667;0;0;1.5
22293000;16;16;0;0;16.4;16.8;20.7;15.7;73.5;0;18.8;18.9;18.8;18.3;17.8;391.6666667;0;0;1.5
22293900;16;16;0;0;16.5;16.8;20.7;15.7;73.4;0;19;19.1;19;18.6;17.8;391.6666667;0;0;1.5
22294800;16;16;0;0;16.9;17.2;20.8;17.2;72.8;0;19.2;19.3;19.1;18.9;17.6;397.2222222;0;0;3.8
22295700;16;17;0;0;17.3;17.6;20.8;17.3;72.4;0;19.4;19.6;19.4;19.3;17.6;397.2222222;0;0;3.8
22296600;16;18;0;0;17.4;18.7;20.5;17.2;76.8;0;19.4;19.5;19.3;19.7;17.6;397.2222222;0;0;3.8
22297500;16;17;0;0;17.8;18.8;19.7;17;82.8;0;19.3;19.2;19.3;20;17.6;397.2222222;0;0;3.8
22298400;16;17;0;0;17.9;18.4;19.4;17;86.5;0;19.5;18.9;19.5;20.3;16.9;386.1111111;0;0;3.6
22299300;16;17;0;0;17.9;18.3;19.3;17;88.9;0;19.7;18.8;19.6;20.5;16.9;386.1111111;0;0;3.6
22300200;15;16;23;66;16;17.7;19.3;17.3;88.3;0;19;18.5;19;19.2;16.9;386.1111111;0;0;3.6
22301100;15;15;5;9;15.8;16.3;19.4;17.8;87.6;0;17.6;17.6;17.9;17.4;16.9;386.1111111;0;0;3.6
22302000;15;15;0;0;16.2;16.3;19.5;17.5;87.5;0;17.8;17.9;18;17.5;16.8;388.8888889;0;0;4.2
22302900;15;15;0;0;16.2;16.3;19.6;17.5;87.1;0;18;18.2;18.2;17.8;16.8;388.8888889;0;0;4.2
22303800;15;16;0;0;16.2;16.3;19.7;17.4;86.8;0;18.2;18.3;18.4;18;16.8;388.8888889;0;0;4.2
22304700;15;18;0;0;16.2;17.7;19.8;17.4;86.3;0;18.4;18.4;18.5;18.2;16.8;388.8888889;0;0;4.2
22305600;15;18;0;0;16.2;18.3;19.9;17;85.7;0;18.5;18.4;18.6;18.3;16.8;391.6666667;0;0;3.7
22306500;16;16;0;0;16.3;17.8;19.8;17;84.6;0;18.7;18.4;18.7;18.5;16.8;391.6666667;0;0;3.7
22307400;16;16;0;0;16.7;17.8;19.8;16.8;83.8;0;18.8;18.4;18.8;18.9;16.8;391.6666667;0;0;3.7
22308300;16;17;0;0;16.9;17.8;19.9;16.6;83.2;0;18.9;18.4;18.9;19.3;16.8;391.6666667;0;0;3.7
22309200;13;15;24;61;14.3;16.7;19.9;16.4;82.3;0;18;17.9;18.1;17.6;16.8;391.6666667;11.11111111;11.11111111;3.2
22310100;13;15;0;0;14.3;16.3;19.9;16.4;82.9;0;17.7;17.6;17.9;17.4;16.8;391.6666667;11.11111111;11.11111111;3.2
22311000;14;16;0;0;14.6;16.3;19.5;16.5;87;0;17.9;18;18.1;17.6;16.8;391.6666667;11.11111111;11.11111111;3.2
22311900;14;16;0;0;14.7;16.3;18.9;16.6;90.9;0;18.1;18.3;18.3;17.8;16.8;391.6666667;11.11111111;11.11111111;3.2
22312800;14;17;0;0;15.1;16.8;18.9;16.7;91.5;7.7;18.3;18.5;18.5;17.9;17;397.2222222;22.22222222;22.22222222;2.9
22313700;14;17;0;0;15.1;18.2;19.1;16.7;91.5;8.9;18.5;18.7;18.6;18.1;17;397.2222222;22.22222222;22.22222222;2.9
22314600;14;18;0;0;15.6;18.2;19.4;16.9;90.5;7.6;18.7;18.9;18.8;18.3;17;397.2222222;22.22222222;22.22222222;2.9
22315500;15;16;11;35;15.9;17.5;19.5;17.1;90.2;6.5;18.8;18.9;19.1;18.3;17;397.2222222;22.22222222;22.22222222;2.9
22316400;16;16;0;0;17.2;17.3;19.7;17.1;90.7;34.6;18.9;18.8;19;18.3;16.4;397.2222222;33.33333333;33.33333333;3.1
22317300;16;16;0;0;17.2;17.3;19.7;17.1;91;36.6;19.1;19.1;19.2;18.5;16.4;397.2222222;33.33333333;33.33333333;3.1
22318200;16;16;0;0;17;17.3;19.7;17;90;36.6;19.3;19.4;19.3;18.6;16.4;397.2222222;33.33333333;33.33333333;3.1
22319100;16;16;0;0;16.7;17.3;19.1;16.9;90.4;36.6;19.5;19.5;19.4;18.8;16.4;397.2222222;33.33333333;33.33333333;3.1
22320000;16;16;0;0;16.7;17.3;18.5;17;92.1;105.6;19.6;19.4;19.5;18.9;15.9;391.6666667;102.7777778;105.5555556;3.4
22320900;16;16;0;0;16.7;17.3;18.5;17;92.8;116.2;19.7;19.4;19.6;19.1;15.9;391.6666667;102.7777778;105.5555556;3.4
22321800;14;16;29;92;15.1;17.4;18.5;17.1;93.1;116.2;19.1;19;19.1;18.5;15.9;391.6666667;102.7777778;105.5555556;3.4
22322700;13;16;12;41;13.6;16.9;18.2;17.2;93.1;116.2;17.9;17.8;18;17.3;15.9;391.6666667;102.7777778;105.5555556;3.4
22323600;13;17;0;0;13.9;17.4;17.6;17.4;93.1;168.6;18;18.2;18.3;17.4;15.8;391.6666667;66.66666667;69.44444444;3
22324500;13;16;0;0;14.1;17.2;17.6;17.4;94;176.7;18.2;18.5;18.6;17.5;15.8;391.6666667;66.66666667;69.44444444;3
22325400;13;16;0;0;14.5;16.9;17.7;17.1;94;173;18.4;18.7;18.7;17.7;15.8;391.6666667;66.66666667;69.44444444;3
22326300;13;16;0;0;14.6;16.9;17.8;16.7;93.9;168.7;18.6;18.8;18.7;17.9;15.8;391.6666667;66.66666667;69.44444444;3
22327200;14;16;0;0;14.9;16.9;17.5;16.9;93.6;244.8;18.7;18.7;18.8;18;15.5;388.8888889;102.7777778;105.5555556;3.2
22328100;14;16;0;0;15.1;16.9;17.4;17;93.6;263.8;18.8;18.8;18.9;18.2;15.5;388.8888889;102.7777778;105.5555556;3.2
22329000;14;16;0;0;15.4;16.9;17.5;16.7;93.1;264.1;19.1;18.9;19.1;18.3;15.5;388.8888889;102.7777778;105.5555556;3.2
22329900;14;16;0;0;15.6;17.1;17.6;16.2;92.9;264.5;19.4;19.1;19.3;18.4;15.5;388.8888889;102.7777778;105.5555556;3.2
22330800;13;16;39;126;14.5;17.1;17.6;16.5;92.6;304.8;18.8;18.8;19;18.2;16;386.1111111;138.8888889;138.8888889;2.3
22331700;15;15;16;15;15.9;16.4;17.5;16.5;92.6;311;17.9;18;18.2;17.2;16;386.1111111;138.8888889;138.8888889;2.3
22332600;15;16;0;0;16.1;16.4;17.6;16.2;92.6;311;18.2;18.1;18.3;17.3;16;386.1111111;138.8888889;138.8888889;2.3
22333500;15;16;0;0;16.1;16.7;18.1;15.9;92.4;311;18.8;18.3;18.5;18;16;386.1111111;138.8888889;138.8888889;2.3
22334400;15;16;0;0;16.1;16.9;18.4;16.3;92;344.3;19.3;18.5;18.8;18.6;16.3;388.8888889;177.7777778;177.7777778;1.9
22335300;15;16;0;0;16.1;16.9;18.5;16.3;91.4;344.3;19.8;18.8;19.2;19;16.3;388.8888889;177.7777778;177.7777778;1.9
22336200;15;16;0;0;16.1;17.4;18.6;16.1;91.8;344.3;20.2;19;19.6;19.1;16.3;388.8888889;177.7777778;177.7777778;1.9
22337100;15;17;21;71;15.9;18;18.9;15.7;91.5;344.3;20.7;20;20.6;19.6;16.3;388.8888889;177.7777778;177.7777778;1.9
22338000;16;17;13;39;16.8;18;18.7;16.1;91.1;317;19.6;19.7;19.8;18.9;16.6;386.1111111;150;150;1.9
22338900;17;17;0;0;17.6;17.9;18.8;16.2;91.3;310.2;19.7;20;19.9;19;16.6;386.1111111;150;150;1.9
22339800;16;17;22;43;16.9;18.1;19.3;16.2;91.2;310.2;20;20.1;20.2;19.2;16.6;386.1111111;150;150;1.9
22340700;16;18;0;0;17.1;18.2;19.3;16.2;90.5;310.2;20.2;20.1;20.2;19.1;16.6;386.1111111;150;150;1.9
22341600;16;17;22;41;17;18.2;19.3;16.5;90.5;313.9;20;20;20.2;19.3;17.1;380.5555556;152.7777778;152.7777778;2.2
22342500;16;17;0;0;17.1;17.9;19.4;16.6;90.1;315.8;20.3;20.1;20.3;19.2;17.1;380.5555556;152.7777778;152.7777778;2.2
22343400;16;17;21;44;17;18.3;19.6;16.6;90.1;315.8;20.2;20.2;20.4;19.4;17.1;380.5555556;152.7777778;152.7777778;2.2
22344300;16;17;0;0;17.2;18.4;19.8;16.5;89.9;315.8;20.4;20.4;20.6;19.3;17.1;380.5555556;152.7777778;152.7777778;2.2
22345200;16;18;34;93;16.8;19;20.1;16.4;89.1;234.9;21;21.1;21.2;20.2;17;369.4444444;86.11111111;88.88888889;1.7
22346100;15;17;37;99;15.8;18;20.4;16.4;78.8;222.5;19.6;19.5;19.7;18.9;17;369.4444444;86.11111111;88.88888889;1.7
22347000;16;16;15;7;16.9;17.4;20.7;16.3;71.7;222.5;19.2;19.3;19.5;18.3;17;369.4444444;86.11111111;88.88888889;1.7
22347900;16;16;0;0;16.9;17.4;20.5;16.3;70.5;222.5;19.8;19.7;19.9;18.4;17;369.4444444;86.11111111;88.88888889;1.7
22348800;16;18;0;0;16.9;18.7;20;16.2;68.2;168.6;20;19.9;20;18.5;16.5;380.5555556;19.44444444;19.44444444;1
22349700;16;18;0;0;17;18.9;19.6;16.2;68;149;20;19.9;20.1;18.6;16.5;380.5555556;19.44444444;19.44444444;1
22350600;16;18;0;0;17.4;18.9;19.5;16.5;67.9;149;20;19.8;20.1;18.7;16.5;380.5555556;19.44444444;19.44444444;1
22351500;16;18;0;0;17.4;18.9;19.4;16.8;67.3;149;20;19.8;20.1;18.8;16.5;380.5555556;19.44444444;19.44444444;1
22352400;16;18;0;0;17.4;18.9;19.2;16.6;66;79.1;19.9;19.8;20;18.9;15.9;350;0;2.777777778;1.2
22353300;17;18;0;0;17.8;18.9;19.1;16.6;66.9;61.6;19.8;19.8;20;18.9;15.9;350;0;2.777777778;1.2
22354200;14;16;28;88;15.2;17.6;18.9;16.7;69.2;61.6;18.8;18.7;18.9;18.2;15.9;350;0;2.777777778;1.2
22355100;14;16;0;0;14.6;16.4;18.4;16.8;69.9;61.6;17.6;17.5;17.8;17.4;15.9;350;0;2.777777778;1.2
22356000;14;16;0;0;14.9;16.4;18.1;16.3;71;19.1;17.7;17.4;17.7;17.6;14.9;352.7777778;0;0;1.9
22356900;14;17;0;0;15.1;17.3;17.5;16.1;72.6;3.6;17.9;17.5;17.8;17.8;14.9;352.7777778;0;0;1.9
22357800;14;17;0;0;15.1;17.9;17.4;16;74.5;3.6;18.1;17.3;18;18;14.9;352.7777778;0;0;1.9
22358700;14;16;0;0;15.5;17.5;17.3;15.8;74.9;3.7;18.3;17.1;18.4;18.2;14.9;352.7777778;0;0;1.9
22359600;14;16;0;0;15.6;17.4;17.5;15.5;74.8;0.5;18.5;16.8;18.5;18.4;14.5;313.8888889;0;0;1.6
22360500;15;16;0;0;15.9;16.9;17.4;15.4;74.4;0;18.6;16.7;18.5;18.7;14.5;313.8888889;0;0;1.6
22361400;15;16;0;0;16.6;16.9;17.2;15.4;74.6;0;18.7;16.5;18.7;19.3;14.5;313.8888889;0;0;1.6
22362300;15;14;0;0;16.6;16.2;16.5;15.4;75.6;0;18.8;16.1;18.2;19.6;14.5;313.8888889;0;0;1.6
22363200;16;14;0;0;16.6;15.9;15.9;14.9;77.5;0;18.9;15.5;17.7;19.7;13.4;302.7777778;0;0;1.1
22364100;16;14;0;0;16.6;15.9;15.5;14.7;79;0;19.3;15;16.5;19.7;13.4;302.7777778;0;0;1.1
22365000;16;15;0;0;16.6;16;15.2;14.5;80.3;0;19.4;14.5;15.4;19.4;13.4;302.7777778;0;0;1.1
22365900;16;17;0;0;16.6;17.3;15;14.2;80.8;0;18.5;14.2;14.9;19;13.4;302.7777778;0;0;1.1
22366800;16;16;0;0;16.6;17.1;14.9;13.8;81.8;0;17.4;13.9;14.6;18.3;13;308.3333333;0;0;0.8
22367700;16;14;0;0;16.7;15.3;14.9;13.8;82.6;0;17.4;13.8;14.4;17.9;13;308.3333333;0;0;0.8
22368600;16;13;0;0;16.5;13.5;14.9;13.9;83.2;0;17.6;13.8;14.3;17.8;13;308.3333333;0;0;0.8
22369500;15.5;13;0;0;16.05;13.7;14.85;14.95;83.15;0;16.95;13.75;14.25;17.65;13;308.3333333;0;0;0.8
22370400;15;13;0;0;15.6;13.9;14.8;16;83.1;0;16.3;13.7;14.2;17.5;12.5;327.7777778;0;0;0.9
22371300;15;13;0;0;15.6;13.9;14.5;16.8;83.3;0;15.8;13.4;14;16.9;12.5;327.7777778;0;0;0.9
22372200;15;13;0;0;15.4;13.9;14.5;16.8;83.7;0;15.6;13.2;13.9;16.5;12.5;327.7777778;0;0;0.9
22373100;15;13;0;0;15.1;13.9;14.8;16.8;83.6;0;15.5;13.2;13.8;16.3;12.5;327.7777778;0;0;0.9
22374000;15;15;0;0;15.1;15;15;16.2;83.2;0;15.5;13.3;13.9;16.3;12.6;350;0;0;1.5
22374900;15;14;0;0;15.1;15.4;15.3;16.2;82.5;0;15.5;13.4;14;16.3;12.6;350;0;0;1.5
22375800;15;13;0;0;15.1;14.8;15.4;16.2;81.8;0;15.5;13.4;14.1;16.3;12.6;350;0;0;1.5
22376700;15;12;0;0;15.8;13.5;15.3;16.2;81.8;0;15.5;13.4;14.1;16.3;12.6;350;0;0;1.5
22377600;16;12;0;0;15.9;12.7;15.3;15.8;81.8;0;15.6;13.3;14;16.3;12.4;358.3333333;0;0;1
22378500;15;12;0;0;15.1;12.9;15.3;15.7;82.1;0;15.8;13.3;13.9;16.4;12.4;358.3333333;0;0;1
22379400;15;12;0;0;15.1;13.3;15.4;15.7;81.8;0;15.6;13.3;14;16.4;12.4;358.3333333;0;0;1
22380300;15;13;0;0;15.1;13.4;15.6;15.7;81.5;0;15.4;13.4;14.1;16.3;12.4;358.3333333;0;0;1
22381200;15;13;0;0;15.1;13.4;15.8;11.9;81.3;0;15.3;13.6;14.2;16.1;12.9;363.8888889;0;0;0.8
22382100;14;14;0;0;14.9;13.8;15.8;11.9;81.6;0;15.3;13.7;14.3;16;12.9;363.8888889;0;0;0.8
22383000;14;14;0;0;14.6;15.4;15.9;12.1;81.6;0;15.4;13.8;14.4;16.1;12.9;363.8888889;0;0;0.8
22383900;14;14;0;0;14.6;15.1;15.9;12.4;81.3;0;15.4;13.9;14.5;16.1;12.9;363.8888889;0;0;0.8
22384800;14;13;0;0;14.6;14.4;16;12.3;81;0;15.5;14;14.6;16.1;12.6;361.1111111;0;0;1
22385700;15;13;0;0;15.2;14;16;12.3;80.8;0;15.5;14.1;14.7;16.2;12.6;361.1111111;0;0;1
22386600;16;12;0;0;16.3;12.9;16;12.3;81.1;0;15.6;14.2;14.8;16.3;12.6;361.1111111;0;0;1
22387500;15;13;0;0;15.7;13.4;15.9;12.3;81.3;0;15.9;14.2;14.8;16.4;12.6;361.1111111;0;0;1
22388400;15;13;0;0;15.2;13.4;15.9;12.1;81;0;16;14.2;14.9;16.6;12.8;358.3333333;0;0;1.3
22389300;15;13;0;0;15.2;13.7;15.9;12.1;81.3;0;16;14.2;14.9;16.6;12.8;358.3333333;0;0;1.3
22390200;15;13;0;0;15.2;13.9;15.9;12.3;81.3;0;15.9;14.2;14.8;16.5;12.8;358.3333333;0;0;1.3
22391100;15;15;0;0;15.2;15;15.9;12.7;81.3;0;15.9;14.2;14.8;16.5;12.8;358.3333333;0;0;1.3
22392000;15;15;0;0;15.2;15.4;16;12.5;80.9;0;16;14.2;14.8;16.5;12.2;311.1111111;2.777777778;2.777777778;1.1
22392900;15;14;0;0;15.2;15.1;16;12.4;80.3;0;16;14.2;14.8;16.5;12.2;311.1111111;2.777777778;2.777777778;1.1
22393800;15;14;0;0;15.2;14.9;15.8;12.4;80.7;0;16;14.3;14.8;16.6;12.2;311.1111111;2.777777778;2.777777778;1.1
22394700;16;13;0;0;15.8;14.3;15.3;12.4;82.2;0;16.1;14.2;14.7;16.6;12.2;311.1111111;2.777777778;2.777777778;1.1
22395600;16;13;0;0;16.4;13.4;14.9;12.3;82.8;0;16.3;13.9;14.5;16.7;12.2;350;33.33333333;33.33333333;1.3
22396500;16;13;0;0;15.7;13.5;14.5;12.2;83.5;0;16.3;13.6;14.2;16.8;12.2;350;33.33333333;33.33333333;1.3
22397400;15;13;0;0;15.7;13.9;14.6;12.4;84.3;0;16.1;13.4;14;16.8;12.2;350;33.33333333;33.33333333;1.3
22398300;15;13;0;0;15.4;13.9;15.2;12.6;84.3;0;16;13.5;14;16.6;12.2;350;33.33333333;33.33333333;1.3
22399200;15;14;0;0;15.2;14.4;15.9;12.9;83.3;30.9;15.9;13.8;14.3;16.5;13.3;361.1111111;83.33333333;83.33333333;1.6
22400100;15;15;0;0;15.2;15.4;16.4;13;82.1;35.6;15.9;14.2;14.8;16.3;13.3;361.1111111;83.33333333;83.33333333;1.6
22401000;15;14;0;0;14.7;15.4;16.9;12.8;80.8;34.8;16;14.7;15.2;16.3;13.3;361.1111111;83.33333333;83.33333333;1.6
22401900;15;14;0;0;14.7;15.4;17.4;12.7;77.9;34.2;16;15.2;15.7;16.3;13.3;361.1111111;83.33333333;83.33333333;1.6
22402800;15;13;0;0;14.7;14.7;17.9;13.3;74.8;112.6;16.1;15.7;16.4;16.3;14.4;363.8888889;150;150;1.2
22403700;16;13;0;0;15.8;14;18.2;13.5;72.6;141.1;16.5;16.4;17;16.4;14.4;363.8888889;150;150;1.2
22404600;15;13;0;0;16.1;13.9;18.3;13.3;71.6;141.1;16.8;17.1;17.6;16.5;14.4;363.8888889;150;150;1.2
22405500;15;13;0;0;15.8;13.9;18.1;13;72.4;141.1;17.3;17.6;18.1;16.6;14.4;363.8888889;150;150;1.2
22406400;14;13;1;0;15;14.1;18.7;14;70.1;254.3;18.2;18.5;18.8;16.9;15.4;366.6666667;211.1111111;211.1111111;1
22407300;14;14;0;0;15.2;15.2;19.2;14.1;68.8;262.4;18.3;19.2;19;16.9;15.4;366.6666667;211.1111111;211.1111111;1
22408200;15;16;16;29;16;16.3;19.7;14.3;67.8;262.4;19.7;20;20.2;18.6;15.4;366.6666667;211.1111111;211.1111111;1
22409100;16;17;33;52;17;18.5;20;14.4;65.8;262.4;20.1;20.2;20.4;19.5;15.4;366.6666667;211.1111111;211.1111111;1
22410000;16;17;33;53;16.9;18.5;20;15.4;65.4;348.3;20.2;20.2;20.4;19.5;16.7;366.6666667;341.6666667;347.2222222;1.1
22410900;16;17;33;53;16.9;18.5;20.2;15.7;64.6;379.6;20.3;20.3;20.5;19.6;16.7;366.6666667;341.6666667;347.2222222;1.1
22411800;16;18;33;55;17.1;18.5;20.8;15.7;63.7;381.7;20.7;20.8;20.9;20;16.7;366.6666667;341.6666667;347.2222222;1.1
22412700;17;18;33;56;17.7;19.1;21.6;15.6;62.1;384;21.5;21.5;21.6;20.6;16.7;366.6666667;341.6666667;347.2222222;1.1
22413600;17;19;33;62;18.4;19.8;22;16.9;60.1;440.3;22.2;22.2;22.3;21.3;17.3;363.8888889;430.5555556;458.3333333;1.1
22414500;18;20;33;64;18.9;20.4;22.2;17;58.1;444.3;22.8;22.9;23;22;17.3;363.8888889;430.5555556;458.3333333;1.1
22415400;19;20;33;63;19.6;21.2;21.7;16.9;57.4;454.6;23.6;23.6;23.8;22.7;17.3;363.8888889;430.5555556;458.3333333;1.1
22416300;20;21;33;65;20.5;22;21.8;16.7;56;475.2;24.4;24.5;24.6;23.5;17.3;363.8888889;430.5555556;458.3333333;1.1
22417200;20;22;33;67;21.2;22.8;22.1;17.5;56;509.3;25.1;25.2;25.3;24.2;18.6;338.8888889;263.8888889;513.8888889;0.9
22418100;20;22;33;62;21.4;22.9;21.7;17.7;55.7;517.8;24.6;24.7;24.8;23.8;18.6;338.8888889;263.8888889;513.8888889;0.9
22419000;20;21;33;62;20.9;22.5;21.5;17.6;53.9;517.8;24.1;24.2;24.4;23.4;18.6;338.8888889;263.8888889;513.8888889;0.9
22419900;19;21;33;61;20.6;22;21.6;17.6;52.8;517.8;23.8;23.9;24.1;23;18.6;338.8888889;263.8888889;513.8888889;0.9
22420800;19;21;33;66;20.4;22;21.8;18.1;50.9;480.2;23.7;23.7;23.9;23.1;18.1;366.6666667;255.5555556;388.8888889;0.8
22421700;19;21;33;66;20.3;22;21.8;18.1;49.3;480.2;23.6;23.6;23.7;22.9;18.1;366.6666667;255.5555556;388.8888889;0.8
22422600;19;20;33;63;19.9;21.5;21.4;18;50.1;480.2;23.5;23.5;23.7;22.8;18.1;366.6666667;255.5555556;388.8888889;0.8
22423500;20;22;33;70;21.2;22.9;22;17.8;46.8;480.2;25.5;25.4;25.7;24.5;18.1;366.6666667;255.5555556;388.8888889;0.8
22424400;22;24;31;72;22.8;24.5;23.1;18;45.7;436.5;26.8;27;27.2;25.9;18.1;338.8888889;191.6666667;336.1111111;1.4
22425300;22;24;29;67;22.9;24.9;22.7;18;45.3;429.8;26.6;26.7;26.7;25.8;18.1;338.8888889;191.6666667;336.1111111;1.4
22426200;21;22;30;61;22;23.6;22.4;18.4;48.7;429.8;25.2;25.2;25.3;24.4;18.1;338.8888889;191.6666667;336.1111111;1.4
22427100;18;20;43;168;18.2;21.5;22.2;18.8;48.5;429.8;22.9;22.9;23;22.4;18.1;338.8888889;191.6666667;336.1111111;1.4
22428000;17;19;43;91;18.1;19.9;21.2;19;50.6;394.7;21.6;21.6;21.8;20.8;18.9;322.2222222;116.6666667;408.3333333;1.5
22428900;17;19;44;110;18.1;19.9;21.2;19.1;50.9;377.2;22.3;22.2;22.4;21.4;18.9;322.2222222;116.6666667;408.3333333;1.5
22429800;17;20;44;132;18.1;20.7;21.4;18.8;49.4;377.2;23;23;23.2;22;18.9;322.2222222;116.6666667;408.3333333;1.5
22430700;17;20;44;134;18.1;21;21.8;18.4;48.7;377.2;23.1;23.2;23.3;22.2;18.9;322.2222222;116.6666667;408.3333333;1.5
22431600;17;20;44;130;18.1;21;21.9;18.4;48.3;313.1;23;23.1;23.2;22.1;19;316.6666667;69.44444444;236.1111111;1
22432500;17;20;44;123;18.1;21;22.1;18.4;49.3;289.8;22.9;22.9;23;21.9;19;316.6666667;69.44444444;236.1111111;1
22433400;17;20;43;114;18.1;20.8;21.9;18.3;48.2;289.8;22.6;22.6;22.7;21.6;19;316.6666667;69.44444444;236.1111111;1
22434300;17;19;44;99;18.1;20.3;21.7;18.1;47.9;289.8;22.1;22.1;22.2;21.2;19;316.6666667;69.44444444;236.1111111;1
22435200;17;19;43;80;18.1;19.7;21.2;17.8;49.7;195.2;21.5;21.5;21.6;20.6;18.2;316.6666667;36.11111111;77.77777778;0.7
22436100;17;18;44;64;18.1;19.2;20.8;17.8;50.2;188.4;20.9;20.9;21.1;20.1;18.2;316.6666667;36.11111111;77.77777778;0.7
22437000;17;18;8;17;17.9;19;20.3;18.3;54;188.4;20.8;20.8;21.1;20;18.2;316.6666667;36.11111111;77.77777778;0.7
22437900;15;17;26;86;16;18.1;19.7;18.6;57.4;188.4;19.7;19.4;19.9;19.1;18.2;316.6666667;36.11111111;77.77777778;0.7
22438800;16;17;0;0;17.3;17.5;19;18.1;62.5;100.6;19.2;18.9;19.4;18.7;16.8;325;2.777777778;2.777777778;1.3
22439700;16;17;0;0;17.3;17.5;18.3;17.9;65.4;68.7;19.3;19.4;19.4;18.9;16.8;325;2.777777778;2.777777778;1.3
22440600;16;17;0;0;17.3;17.7;17.7;18.1;67.6;68.7;19.4;19.1;19.5;19.1;16.8;325;2.777777778;2.777777778;1.3
22441500;16;17;0;0;17.3;18;17.2;18.3;68.8;68.7;19.6;18.4;19.6;19.2;16.8;325;2.777777778;2.777777778;1.3
22442400;16;17;0;0;17.3;18;16.9;17.4;69.3;9;19.7;17.7;19.7;19.4;14.9;316.6666667;0;0;1.7
22443300;16;18;3;6;17.2;18.8;16.7;17.3;70.4;4.7;19.7;17.1;19.5;19.4;14.9;316.6666667;0;0;1.7
22444200;13;15;21;53;13.6;15.2;16.3;17.3;71.9;4.6;16.6;16;16.4;16.4;14.9;316.6666667;0;0;1.7
22445100;14;14;0;0;14.6;15.1;16.1;17.3;73.3;4.5;16.4;15.6;16;16.4;14.9;316.6666667;0;0;1.7
22446000;14;15;0;0;14.6;15.5;15.8;16.8;74.6;1.5;16.5;15.3;15.8;16.7;14.5;313.8888889;0;0;2
22446900;14;15;0;0;14.6;15.5;15.6;16.5;76.2;0;16.8;14.9;15.7;16.9;14.5;313.8888889;0;0;2
22447800;14;15;0;0;14.6;15.5;15.4;16.3;77.2;0;17;14.6;15.5;17.4;14.5;313.8888889;0;0;2
22448700;14;14;0;0;14.6;15.5;15.3;16.1;77.5;0;17.2;14.3;15.1;18.1;14.5;313.8888889;0;0;2
22449600;14;14;0;0;14.9;15.5;15.3;15.4;77.5;0;17.4;14.1;15;18.8;13.5;308.3333333;0;0;2.6
22450500;14;14;0;0;15.1;15.5;15.3;15.3;77.8;0;17.5;13.9;14.6;18.7;13.5;308.3333333;0;0;2.6
22451400;14;15;0;0;15.1;15.7;14.9;14.5;78.5;0;17.3;13.7;14.4;18.2;13.5;308.3333333;0;0;2.6
22452300;14;16;0;0;15.1;16.5;14.7;14.1;79;0;16.8;13.4;14.1;17.7;13.5;308.3333333;0;0;2.6
22453200;14;15;0;0;15.1;16.3;14.6;13.7;79.3;0;16.4;13.2;13.8;17.4;12.1;302.7777778;0;0;2.7
22454100;15;13;0;0;15.6;14.1;14.4;13.5;79.6;0;16.4;12.9;13.5;17.2;12.1;302.7777778;0;0;2.7
22455000;15;13;0;0;15.6;14;14.3;13.7;80.2;0;16.3;12.8;13.3;17.1;12.1;302.7777778;0;0;2.7
22455900;15;13;0;0;15.35;14;14.1;13.55;80.9;0;15.85;12.65;13.2;16.85;12.1;302.7777778;0;0;2.7
22456800;15;13;0;0;15.1;14;13.9;13.4;81.6;0;15.4;12.5;13.1;16.6;12;297.2222222;0;0;3.2
22457700;14;13;0;0;14.9;14;13.8;13.4;82.3;0;15;12.4;13;16.2;12;297.2222222;0;0;3.2
22458600;14;13;0;0;14.6;14;13.7;13.4;82.6;0;14.8;12.2;12.9;15.9;12;297.2222222;0;0;3.2
22459500;14;12;0;0;14.6;14;13.6;13.4;83.2;0;14.7;12.1;12.7;15.7;12;297.2222222;0;0;3.2
22460400;14;14;0;0;14.2;14.5;13.5;13.1;83.5;0;14.6;11.9;12.5;15.6;11.8;302.7777778;0;0;3.2
22461300;14;14;0;0;14.1;15;13.4;13;83.5;0;14.5;11.7;12.4;15.5;11.8;302.7777778;0;0;3.2
22462200;14;12;0;0;14.1;14.1;13.4;13;82.9;0;14.4;11.6;12.2;15.4;11.8;302.7777778;0;0;3.2
22463100;16;11;0;0;15.7;11.6;13.2;13;83.4;0;14.4;11.4;12.1;15.3;11.8;302.7777778;0;0;3.2
22464000;15;11;0;0;14.5;11.9;13.1;11.3;83.5;0;14.6;11.3;12;15.4;10.5;297.2222222;0;0;2.7
22464900;15;11;0;0;14;12.2;13;11.3;84;0;14.3;11.2;11.9;15.4;10.5;297.2222222;0;0;2.7
22465800;14;11;0;0;13.9;12.5;12.8;11.3;84;0;13.9;11.1;11.7;15.2;10.5;297.2222222;0;0;2.7
22466700;14;11;0;0;13.8;12.5;12.8;11.3;84.4;0;13.6;10.9;11.6;14.8;10.5;297.2222222;0;0;2.7
22467600;14;11;0;0;13.4;12.5;12.7;11.1;84.1;0;13.5;10.8;11.5;14.6;10.8;300;0;0;1.9
22468500;13;12;0;0;13.2;12.8;12.6;11;84.5;0;13.4;10.7;11.4;14.5;10.8;300;0;0;1.9
22469400;13;13;0;0;12.9;14;12.5;11.1;84.5;0;13.4;10.6;11.4;14.4;10.8;300;0;0;1.9
22470300;13;12;0;0;12.9;13.3;12.6;11.2;84.4;0;13.4;10.6;11.4;14.4;10.8;300;0;0;1.9
22471200;13;11;0;0;12.9;12.5;12.7;11.1;84;0;13.3;10.6;11.3;14.4;10.5;300;0;0;1.8
22472100;16;10;0;0;15.5;10.4;12.6;11.1;83.7;0;13.3;10.6;11.3;14.4;10.5;300;0;0;1.8
22473000;15;10;0;0;13.9;11;12.4;10.7;84.3;0;13.6;10.6;11.3;14.5;10.5;300;0;0;1.8
22473900;14;10;0;0;13.3;11.5;12.3;10.2;84.7;0;13.4;10.4;11.2;14.5;10.5;300;0;0;1.8
22474800;14;10;0;0;13.2;11.5;12.2;10.1;85;0;13.1;10.3;11.1;14.3;9.9;294.4444444;0;0;1.4
22475700;13;10;0;0;13.2;11.5;12.1;10.1;85;0;12.8;10.2;10.9;14;9.9;294.4444444;0;0;1.4
22476600;13;10;0;0;12.7;11.5;12.1;10.3;85;0;12.7;10.2;10.8;13.8;9.9;294.4444444;0;0;1.4
22477500;13;12;0;0;12.7;13;12;10.5;85;0;12.7;10.2;10.8;13.8;9.9;294.4444444;0;0;1.4
22478400;13;12;0;0;12.7;13.1;11.9;10.4;85.2;0;12.7;10.1;10.7;13.8;9.7;291.6666667;2.777777778;2.777777778;1.7
22479300;13;11;0;0;12.7;12.2;11.8;10.3;85.2;0;12.7;10;10.7;13.8;9.7;291.6666667;2.777777778;2.777777778;1.7
22480200;14;9;0;0;14.6;10.5;11.6;10.3;85.5;0;12.7;9.9;10.6;13.8;9.7;291.6666667;2.777777778;2.777777778;1.7
22481100;15;9;0;0;13.7;10.2;11.6;10.2;85.5;0;13;9.8;10.4;13.8;9.7;291.6666667;2.777777778;2.777777778;1.7
22482000;14;10;0;0;12.9;10.9;11.6;10.2;85.5;0;12.8;9.7;10.3;13.9;9.8;291.6666667;33.33333333;66.66666667;1.9
22482900;13;10;0;0;12.4;10.9;11.6;10.2;85.5;0;12.5;9.8;10.3;13.8;9.8;291.6666667;33.33333333;66.66666667;1.9
22483800;13;10;0;0;12.4;10.9;11.8;10.1;85.5;0;12.2;9.7;10.5;13.4;9.8;291.6666667;33.33333333;66.66666667;1.9
22484700;13;10;0;0;12.2;10.9;12;9.7;85.4;0;12.2;9.8;10.8;13.2;9.8;291.6666667;33.33333333;66.66666667;1.9
22485600;12;11;0;0;11.9;11.5;12.4;10.3;84.8;31;12.2;10.1;11.6;13.2;11.3;294.4444444;63.88888889;219.4444444;2.1
22486500;12;12;0;0;11.9;12.7;12.9;10.4;83.3;38.8;12.4;10.4;12.6;13.3;11.3;294.4444444;63.88888889;219.4444444;2.1
22487400;12;11;0;0;11.9;12.4;13.2;10.3;82.1;39.8;12.7;10.9;13.6;13.3;11.3;294.4444444;63.88888889;219.4444444;2.1
22488300;12;11;0;0;11.9;12.3;13.7;10.3;80.8;40.7;13.1;11.5;14.5;13.4;11.3;294.4444444;63.88888889;219.4444444;2.1
22489200;12;10;0;0;11.9;11.4;14.1;11.7;78.9;167.6;14;12.7;15.4;13.6;13.1;297.2222222;75;380.5555556;2
22490100;12;10;0;0;11.9;10.9;14.5;11.7;77.6;167.6;15.7;14.2;16.2;13.8;13.1;297.2222222;75;380.5555556;2
22491000;12;10;0;0;12.4;10.9;14.9;11.5;76.5;167.6;17.8;15.5;17.1;14;13.1;297.2222222;75;380.5555556;2
22491900;12;10;0;0;12.4;11;15.4;11.1;74.9;167.6;19.5;16.7;18.1;14.3;13.1;297.2222222;75;380.5555556;2
22492800;14;11;0;0;14.5;11.7;15.9;12.5;73.2;275.3;19.7;17.8;19.1;14.7;15.8;305.5555556;80.55555556;511.1111111;1.5
22493700;13;12;0;0;14.5;13.3;16.4;12.8;72;302.2;21.4;18.8;19.6;14.8;15.8;305.5555556;80.55555556;511.1111111;1.5
22494600;17;19;29;67;18;18.7;16.9;12.8;70.5;302.2;23.6;23.4;23.8;22;15.8;305.5555556;80.55555556;511.1111111;1.5
22495500;19;21;33;65;20.1;21.6;17.2;12.8;70.2;302.2;24;24.1;24.4;22.9;15.8;305.5555556;80.55555556;511.1111111;1.5
22496400;19;22;37;109;20.4;22.7;17.7;14.7;69.4;428.7;25.1;25.2;25.3;23.9;18;311.1111111;83.33333333;611.1111111;1.3
22497300;19;22;39;145;20;23.2;18.3;14.7;67.5;428.7;25.3;25.5;25.6;24.2;18;311.1111111;83.33333333;611.1111111;1.3
22498200;19;23;39;149;20;23.3;18.8;14.7;64.8;427.6;25.7;25.8;25.8;24.5;18;311.1111111;83.33333333;611.1111111;1.3
22499100;19;23;39;148;20.5;23.7;19.3;14.8;60.5;425.4;26;26.1;26.1;24.9;18;311.1111111;83.33333333;611.1111111;1.3
22500000;20;23;39;149;20.5;23.9;19.7;16.2;55.9;518.6;26.2;26.4;26.3;25.3;18.9;316.6666667;88.88888889;672.2222222;1.7
22500900;20;24;39;148;21;24.2;20.1;16.6;53.2;541.9;26.4;26.8;26.7;25.7;18.9;316.6666667;88.88888889;672.2222222;1.7
22501800;20;24;33;129;21.4;24.6;20.3;17.1;53.8;548.1;26.7;27.1;26.9;26.1;18.9;316.6666667;88.88888889;672.2222222;1.7
22502700;18;24;40;272;19.1;24.5;20.4;17.5;53.8;553.6;26.1;26.4;26.3;25.7;18.9;316.6666667;88.88888889;672.2222222;1.7
22503600;18;23;43;207;19.5;23.7;20.8;18.6;52.7;603.3;25.7;25.8;25.8;24.9;20.2;319.4444444;88.88888889;677.7777778;1.8
22504500;19;23;28;141;20;24.1;21;18.6;49.3;603.3;26.3;26.6;26.4;25.6;20.2;319.4444444;88.88888889;677.7777778;1.8
22505400;20;24;35;136;21.5;24.7;21.4;18.8;47.5;603.3;26.9;27.2;27.1;26.1;20.2;319.4444444;88.88888889;677.7777778;1.8
22506300;18;24;44;272;19.4;24.7;21.4;19.1;48.1;603.3;26.5;26.7;26.5;25.8;20.2;319.4444444;88.88888889;677.7777778;1.8
22507200;19;23;44;215;20.1;24.2;21.7;19.8;49.5;592.6;26.1;26.2;26.1;25.2;20.9;325;105.5555556;644.4444444;1.8
22508100;19;23;44;192;20.1;24.1;21.9;19.9;49.4;591;25.8;26.1;25.9;24.8;20.9;325;105.5555556;644.4444444;1.8
22509000;21;24;22;68;22;24.8;22;19.8;49.3;591;27.3;27.9;27.6;26.4;20.9;325;105.5555556;644.4444444;1.8
22509900;22;26;18;69;23.2;26.6;22.5;19.7;48;591;29.5;29.9;29.5;28.4;20.9;325;105.5555556;644.4444444;1.8
22510800;22;28;10;63;23.2;28.5;22.8;19.8;47.1;545.5;31.6;32.1;31.8;30.7;20.9;336.1111111;133.3333333;527.7777778;1.3
22511700;20;28;25;260;21.1;28.6;23.1;19.9;46.2;522.7;30.5;30.9;30.8;29.9;20.9;336.1111111;133.3333333;527.7777778;1.3
22512600;22;28;10;68;23.3;29;23.1;20.1;45.6;522.7;31.3;31.9;31.8;29.8;20.9;336.1111111;133.3333333;527.7777778;1.3
22513500;19;24;43;258;19.9;25.2;22.6;20.5;46.9;522.7;26;26.2;26.1;24.7;20.9;336.1111111;133.3333333;527.7777778;1.3
22514400;18;22;43;159;19.3;22.4;23.1;20.6;47.9;460.9;24.7;24.8;24.7;23.4;21.1;325;83.33333333;344.4444444;1.8
22515300;18;22;43;164;19.3;22.6;23.2;20.6;48.2;451.4;24.6;24.8;24.7;23.4;21.1;325;83.33333333;344.4444444;1.8
22516200;18;21;43;132;19.3;21.7;22.8;20.8;48.6;451.4;23.8;23.9;24;22.8;21.1;325;83.33333333;344.4444444;1.8
22517100;18;21;43;139;19.3;21.7;23;21.1;48;451.4;23.9;24;24;22.9;21.1;325;83.33333333;344.4444444;1.8
22518000;18;21;43;133;19.3;21.7;23.2;20.7;47.2;313.5;23.8;23.8;23.9;22.8;20.7;322.2222222;58.33333333;225;2.3
22518900;18;21;43;122;19.3;21.7;23.3;20.7;45.9;313.5;23.5;23.5;23.6;22.5;20.7;322.2222222;58.33333333;225;2.3
22519800;18;20;43;111;19.3;21.3;23.1;20.6;45.1;313.5;23.1;23.1;23.2;22.1;20.7;322.2222222;58.33333333;225;2.3
22520700;18;20;43;95;18.9;20.8;22.6;20.6;44.7;313.5;22.6;22.6;22.7;21.7;20.7;322.2222222;58.33333333;225;2.3
22521600;18;19;43;80;18.8;20.3;22.3;20.2;47.2;226;22.1;22.1;22.2;21.2;19.7;322.2222222;27.77777778;66.66666667;2.2
22522500;17;19;43;66;18.8;19.8;21.9;20.1;50.9;204.1;21.6;21.6;21.7;20.8;19.7;322.2222222;27.77777778;66.66666667;2.2
22523400;16;18;27;68;17.7;19.7;21.5;20.4;52.2;204.1;21.4;21.3;21.5;20.5;19.7;322.2222222;27.77777778;66.66666667;2.2
22524300;16;17;13;42;17.6;18.8;21;20.7;55;204.1;20.2;19.9;20.4;19.6;19.7;322.2222222;27.77777778;66.66666667;2.2
22525200;17;18;0;0;18.4;18.7;20.3;19.7;58.8;91.7;20.2;20.2;20.4;19.7;17.9;319.4444444;0;0;2.1
22526100;17;18;0;0;18.4;18.7;19.4;19.7;62.6;91.7;20.3;20.8;20.4;19.8;17.9;319.4444444;0;0;2.1
22527000;17;18;0;0;18;18.7;18.7;19.8;65.5;91.7;20.4;20.4;20.4;19.9;17.9;319.4444444;0;0;2.1
22527900;17;18;0;0;17.9;18.7;18.2;19.9;66.9;91.7;20.5;19.7;20.5;20;17.9;319.4444444;0;0;2.1
22528800;17;18;3;9;17.8;19.1;17.7;18.9;68.1;21.3;20.4;18.9;20.3;20;16.8;316.6666667;0;0;1.8
22529700;13;16;20;59;14.6;16.4;17.5;18.6;68.5;3.7;17.7;17.3;17.7;17.5;16.8;316.6666667;0;0;1.8
22530600;15;17;0;0;15.3;17.2;17.2;18.6;69.8;3.8;17.4;16.8;17.2;17.5;16.8;316.6666667;0;0;1.8
22531500;15;15;0;0;15.7;16.9;17;18.6;70.8;3.8;17.6;16.7;17;17.7;16.8;316.6666667;0;0;1.8
22532400;15;15;0;0;15.7;16.7;16.8;17.8;72.2;1.3;17.7;16.4;16.8;17.9;15.3;313.8888889;0;0;1.9
22533300;15;16;0;0;15.7;16.7;16.5;17.4;73.3;0;17.9;16;16.6;18.2;15.3;313.8888889;0;0;1.9
22534200;15;16;0;0;15.7;16.7;16.3;17.2;74.4;0;18.1;15.6;16.3;18.7;15.3;313.8888889;0;0;1.9
22535100;15;16;0;0;15.7;16.7;16.2;16.9;75.5;0;18.4;15.2;15.9;19.4;15.3;313.8888889;0;0;1.9
22536000;15;16;0;0;15.7;16.7;15.9;15.8;76;0;18.7;14.9;15.5;19.6;15.1;311.1111111;0;0;1.3
22536900;15;16;0;0;15.7;16.7;15.8;15.7;76.8;0;18.5;14.7;15.1;19.2;15.1;311.1111111;0;0;1.3
22537800;15;15;0;0;15.9;16;15.7;15.7;77.4;0;17.8;14.4;15;18.7;15.1;311.1111111;0;0;1.3
22538700;16;16;0;0;16.2;16.4;15.5;15.7;77.5;0;17.5;14.2;14.8;18.2;15.1;311.1111111;0;0;1.3
22539600;15;14;0;0;16.2;16;15.7;15.2;77.3;0;17.4;14.2;14.7;18;14.3;308.3333333;0;0;1.2
22540500;15;14;0;0;16.2;15.1;15.6;14.9;77;0;17;14.1;14.7;17.9;14.3;308.3333333;0;0;1.2
22541400;15;14;0;0;15.7;15.1;15.5;14.7;77.4;0;16.6;14.1;14.7;17.6;14.3;308.3333333;0;0;1.2
22542300;15;14;0;0;15.7;15.1;15.4;13.5;77.9;0;16.4;14.1;14.75;17.35;14.3;308.3333333;0;0;1.2
22543200;15;14;0;0;15.7;15.1;15.3;12.3;78.4;0;16.2;14.1;14.8;17.1;14.1;308.3333333;0;0;1.1
22544100;15;14;0;0;15.7;15.1;15.1;12.1;79.4;0;16.1;14;14.7;17;14.1;308.3333333;0;0;1.1
22545000;15;14;0;0;15.7;15.1;14.9;12.1;79.5;0;16;13.8;14.6;16.9;14.1;308.3333333;0;0;1.1
22545900;15;14;0;0;15.7;15.1;14.9;12.1;79.4;0;16;13.6;14.4;16.8;14.1;308.3333333;0;0;1.1
22546800;16;14;0;0;16.3;14.3;14.7;11.7;80.3;0;15.9;13.4;14.1;16.8;13.2;313.8888889;0;0;0.9
22547700;17;14;0;0;16.8;15;14.4;11.7;80.7;0;16;13.1;13.9;16.7;13.2;313.8888889;0;0;0.9
22548600;16;13;0;0;16.3;14.7;14.3;11.7;81;0;15.9;12.9;13.6;16.7;13.2;313.8888889;0;0;0.9
22549500;16;13;0;0;15.8;14.6;14.2;11.7;81.2;0;15.8;12.7;13.4;16.7;13.2;313.8888889;0;0;0.9
22550400;15;13;0;0;15.4;14.3;14.1;11.4;81.5;0;15.4;12.5;13.1;16.5;12.1;302.7777778;0;0;1.1
22551300;15;13;0;0;15.3;14.1;13.9;11.3;81.9;0;15.2;12.3;12.9;16.2;12.1;302.7777778;0;0;1.1
22552200;15;13;0;0;14.9;14.1;13.8;11.3;82.3;0;15;12.2;12.8;16;12.1;302.7777778;0;0;1.1
22553100;15;13;0;0;14.8;14;13.8;11.3;82.5;0;14.8;12;12.7;15.8;12.1;302.7777778;0;0;1.1
22554000;14;12;0;0;14.4;13.6;13.6;12.3;82.8;0;14.6;12;12.6;15.6;11.7;300;0;0;1.1
22554900;14;13;0;0;14.2;13.9;13.5;12.6;82.7;0;14.5;11.9;12.5;15.5;11.7;300;0;0;1.1
22555800;16;13;0;0;15.7;13.1;13.4;12.6;82.9;0;14.4;11.8;12.4;15.4;11.7;300;0;0;1.1
22556700;16;13;0;0;15;13.5;13.3;12.5;82.5;0;14.3;11.6;12.2;15.2;11.7;300;0;0;1.1
22557600;15;12;0;0;14.4;13.4;13.2;12.1;83;0;14.2;11.6;12.1;15.2;11.3;297.2222222;0;0;1.3
22558500;15;12;0;0;13.9;13;13.1;12;83.4;0;14.2;11.4;12;15.2;11.3;297.2222222;0;0;1.3
22559400;14;12;0;0;13.9;13;12.9;11.8;83.5;0;14;11.3;11.9;15.1;11.3;297.2222222;0;0;1.3
22560300;14;11;0;0;13.7;13;12.9;11.7;83.6;0;13.8;11.1;11.7;14.9;11.3;297.2222222;0;0;1.3
22561200;14;11;0;0;13.4;12.6;12.7;11.5;83.9;0;13.7;11;11.6;14.7;10.4;294.4444444;0;0;1.7
22562100;14;11;0;0;13.4;12.5;12.5;11.4;84.4;0;13.7;10.9;11.5;14.7;10.4;294.4444444;0;0;1.7
22563000;13;11;0;0;13.4;12.5;12.4;11.5;84.4;0;13.6;10.8;11.4;14.6;10.4;294.4444444;0;0;1.7
22563900;13;13;0;0;12.9;13.7;12.3;11.5;84.7;0;13.5;10.7;11.3;14.5;10.4;294.4444444;0;0;1.7
22564800;14;11;0;0;14.6;12.5;12.2;11.2;85;0;13.4;10.5;11.2;14.4;10;291.6666667;2.777777778;2.777777778;2
22565700;16;10;0;0;15;10.6;12.2;11.2;84.9;0;13.4;10.4;11;14.3;10;291.6666667;2.777777778;2.777777778;2
22566600;15;10;0;0;13.8;11.4;12.1;11.1;85.1;0;13.3;10.3;11;14.3;10;291.6666667;2.777777778;2.777777778;2
22567500;14;10;0;0;13.3;11.4;12;11.1;85.1;0;13.4;10.2;10.9;14.4;10;291.6666667;2.777777778;2.777777778;2
22568400;14;10;0;0;13.2;11.4;12;10.6;85;0;12.9;10.2;10.8;14.2;10.5;291.6666667;36.11111111;63.88888889;2.2
22569300;13;10;0;0;12.9;11.4;12;10.6;85;0;12.6;10.2;10.7;13.9;10.5;291.6666667;36.11111111;63.88888889;2.2
22570200;13;10;0;0;12.7;11.4;12.2;10.3;85;0;12.6;10.2;10.8;13.7;10.5;291.6666667;36.11111111;63.88888889;2.2
22571100;13;10;0;0;12.7;11.4;12.5;10;84.6;0;12.6;10.3;11.2;13.7;10.5;291.6666667;36.11111111;63.88888889;2.2
22572000;12;11;0;0;12.3;12;12.9;10.3;84.4;27.4;12.7;10.4;11.8;13.6;11.8;294.4444444;69.44444444;213.8888889;3
22572900;12;12;0;0;12.2;12.9;13.4;10.3;82.7;29.4;12.8;10.8;12.9;13.7;11.8;294.4444444;69.44444444;213.8888889;3
22573800;15;11;0;0;14.9;11.1;13.8;10.2;80.8;29.8;13.2;11.4;13.9;13.7;11.8;294.4444444;69.44444444;213.8888889;3
22574700;14;12;0;0;13.5;12.5;14.2;10.2;78.8;30.1;13.4;12;14.6;13.8;11.8;294.4444444;69.44444444;213.8888889;3
22575600;14;10;0;0;13.5;11.9;14.6;11.1;76.9;136.4;14;13.4;15.5;13.9;13.3;297.2222222;88.88888889;375;3.6
22576500;13;10;0;0;13.5;11.6;14.9;11.2;75.2;144;15.3;14.7;16.3;14.1;13.3;297.2222222;88.88888889;375;3.6
22577400;13;10;0;0;13.5;11.6;15.2;11.3;74.2;144;17.3;15.9;17.3;14.3;13.3;297.2222222;88.88888889;375;3.6
22578300;13;11;0;0;13.5;11.6;15.7;11.4;73.2;144;19.3;17.2;18.3;14.5;13.3;297.2222222;88.88888889;375;3.6
22579200;14;12;0;0;15.3;12.1;16.1;12.6;71.7;263.7;20;18.9;20.3;15.6;14.8;305.5555556;108.3333333;502.7777778;4
22580100;14;13;0;0;15.3;14.3;16.6;12.7;70.2;272.2;21;19.5;20.7;15.5;14.8;305.5555556;108.3333333;502.7777778;4
22581000;18;20;31;71;18.8;20.3;17;12.9;68.4;272.2;24.3;24.2;24.5;23;14.8;305.5555556;108.3333333;502.7777778;4
22581900;20;21;33;65;20.4;22;17.3;13.1;67.4;272.2;24.5;24.6;24.8;23.2;14.8;305.5555556;108.3333333;502.7777778;4
22582800;20;22;33;67;21.3;23;17.8;14.6;66.4;373.4;25.5;25.5;25.7;24.2;16.9;311.1111111;119.4444444;605.5555556;3.3
22583700;21;23;33;69;22.2;23.9;18.1;14.7;64.6;380.6;26.3;26.5;26.5;25.1;16.9;311.1111111;119.4444444;605.5555556;3.3
22584600;22;24;29;70;22.9;24.9;18.3;14.8;63.7;378.2;27.4;27.5;27.6;26.2;16.9;311.1111111;119.4444444;605.5555556;3.3
22585500;22;25;22;69;23;25.8;18.6;14.9;62;376.1;28.4;28.6;28.5;27.2;16.9;311.1111111;119.4444444;605.5555556;3.3
22586400;22;26;16;74;23;26.8;18.9;16.3;61.6;457.9;29.4;29.6;29.6;28.5;17.9;316.6666667;130.5555556;666.6666667;3
22587300;22;27;14;75;23;27.6;19.4;16.4;60.9;463.7;30.1;30.4;30.4;29.5;17.9;316.6666667;130.5555556;666.6666667;3
22588200;22;28;13;93;22.7;28.4;19.5;16.4;60.3;468.5;30.6;30.9;31;30.1;17.9;316.6666667;130.5555556;666.6666667;3
22589100;21;28;21;155;22;28.5;19.8;16.4;59.6;472.7;30.1;30.4;30.2;29.5;17.9;316.6666667;130.5555556;666.6666667;3
22590000;22;27;18;106;22.6;27.8;20;17.3;59.3;505.4;29.7;30.1;29.7;29;18.8;327.7777778;177.7777778;569.4444444;2.7
22590900;22;27;14;95;22.7;28;20.3;17.4;58.3;507.7;30.3;30.9;30.4;29.7;18.8;327.7777778;177.7777778;569.4444444;2.7
22591800;21;27;22;154;21.9;28.2;20.6;17.7;57.6;507.7;30;30.5;29.9;29.4;18.8;327.7777778;177.7777778;569.4444444;2.7
22592700;21;27;22;146;21.9;28.2;20.9;18;56.1;507.7;29.8;30.2;29.7;29.1;18.8;327.7777778;177.7777778;569.4444444;2.7
22593600;19;26;38;295;20.3;27;21.6;18.7;54.6;497.9;28.3;28.7;28.3;27.7;19.6;341.6666667;211.1111111;416.6666667;2.5
22594500;19;22;43;154;20.2;23.2;21.6;18.8;54.2;497.2;24.7;24.9;24.9;23.6;19.6;341.6666667;211.1111111;416.6666667;2.5
22595400;18;21;40;152;19.5;22.4;21.6;18.8;54.2;497.2;24.5;24.7;24.9;23.5;19.6;341.6666667;211.1111111;416.6666667;2.5
22596300;21;24;22;80;21.8;24.2;22;18.8;53.3;497.2;27;27.4;27.3;26;19.6;341.6666667;211.1111111;416.6666667;2.5
22597200;22;24;29;67;22.7;24.7;22;19;53.6;402.9;26.5;26.8;26.7;25.4;19.2;330.5555556;158.3333333;347.2222222;1.7
22598100;22;25;27;70;23.2;25.3;22.5;19;52.9;396.2;27.6;28.1;28.1;26.8;19.2;330.5555556;158.3333333;347.2222222;1.7
22599000;22;25;22;67;23.1;25.5;21.8;19.1;54.8;396.2;27;27.7;27.4;26.2;19.2;330.5555556;158.3333333;347.2222222;1.7
22599900;20;24;38;187;20.4;24.5;21.6;19.1;54.8;396.2;26.2;26.4;26.4;25.4;19.2;330.5555556;158.3333333;347.2222222;1.7
22600800;19;22;43;159;20.1;23.2;21.8;19;53.3;366.2;24.9;25;25.1;23.7;18.3;341.6666667;169.4444444;313.8888889;1.6
22601700;18;20;43;112;19.5;21.7;21.4;19;54.5;364.1;23.4;23.5;23.6;22.5;18.3;341.6666667;169.4444444;313.8888889;1.6
22602600;18;20;43;98;19.1;21;21.4;19.3;54.3;364.1;22.8;22.7;22.9;21.8;18.3;341.6666667;169.4444444;313.8888889;1.6
22603500;18;19;43;92;19.1;20.7;21.4;19.6;54.4;364.1;22.6;22.6;22.8;21.8;18.3;341.6666667;169.4444444;313.8888889;1.6
22604400;18;19;43;83;19;20.4;21.1;19.2;56;277.4;22.2;22.3;22.5;21.4;17.7;325;91.66666667;205.5555556;1.8
22605300;18;19;43;67;18.6;20;20.9;19.2;56.6;271.2;21.7;21.8;22;20.9;17.7;325;91.66666667;205.5555556;1.8
22606200;17;19;3;4;18.6;19.7;20.4;19;58.1;271.2;21.4;21.5;21.7;20.6;17.7;325;91.66666667;205.5555556;1.8
22607100;17;19;20;43;18.3;19.7;20.1;18.9;58.5;271.2;21.5;21.6;21.8;20.7;17.7;325;91.66666667;205.5555556;1.8
22608000;17;19;3;3;18.4;19.3;19.9;18.2;59;165.4;20.8;20.9;21;20.2;16.9;316.6666667;33.33333333;55.55555556;1.8
22608900;18;19;0;0;18.6;19.7;19.6;18.1;60.1;157.8;20.9;21;21;20.3;16.9;316.6666667;33.33333333;55.55555556;1.8
22609800;18;19;0;0;18.6;19.7;19.2;17.9;61.9;157.8;20.7;20.9;21;20.4;16.9;316.6666667;33.33333333;55.55555556;1.8
22610700;15;17;28;87;16.3;18.4;18.9;17.6;63;157.8;19.6;19.6;19.9;19.2;16.9;316.6666667;33.33333333;55.55555556;1.8
22611600;17;16;0;0;17.4;17.2;18.7;16.3;63.9;52.1;18.7;18.6;18.9;18.4;15.6;313.8888889;0;0;1.3
22612500;17;16;0;0;17.4;17.2;18.3;16.2;64.5;44.5;18.8;18.8;18.9;18.6;15.6;313.8888889;0;0;1.3
22613400;17;17;0;0;17.4;17.3;18;16.2;65.6;44.5;18.9;18.5;19.1;18.8;15.6;313.8888889;0;0;1.3
22614300;17;17;0;0;17.3;17.7;17.7;16.3;66.8;44.5;19;18.1;19.1;18.9;15.6;313.8888889;0;0;1.3
22615200;16;16;0;0;16.9;17.7;17.4;15;68;1.5;19.2;17.7;19.2;19.1;15;355.5555556;0;0;1.4
22616100;16;17;0;0;16.9;17.8;17.3;15;68.8;1.5;19.3;17.3;18.9;19.5;15;355.5555556;0;0;1.4
22617000;16;17;0;0;16.9;18.2;17.4;15.3;69.1;1.2;19.4;17.1;18.6;20;15;355.5555556;0;0;1.4
22617900;16;16;0;0;17.2;17.8;17.7;15.6;68.7;0.9;19.7;17.1;18.3;20.4;15;355.5555556;0;0;1.4
22618800;16;16;0;0;17.4;17.7;17.8;14.7;68.2;0.1;19.8;17.2;17.9;20.4;14.9;363.8888889;0;0;1.5
22619700;16;16;0;0;17.4;17.7;17.8;14.6;68.2;0;20;17.3;17.7;20.2;14.9;363.8888889;0;0;1.5
22620600;16;16;0;0;17.4;17.7;17.7;14.6;68.1;0;20.1;17.4;17.7;20;14.9;363.8888889;0;0;1.5
22621500;16;16;0;0;17.4;16.7;17.7;14.7;68.1;0;19.8;17.5;17.7;19.8;14.9;363.8888889;0;0;1.5
22622400;16;15;0;0;17.4;16.7;17.3;14;69.5;0;19.1;17.5;17.7;19.4;13.4;305.5555556;0;0;1
22623300;16;15;0;0;17.4;16.5;16.8;13.8;71.2;0;18.8;17.2;17.4;19.2;13.4;305.5555556;0;0;1
22624200;16;15;0;0;17.4;16.4;16.4;14;72.4;0;18.9;16.7;16.8;19.1;13.4;305.5555556;0;0;1
22625100;16;17;0;0;17.4;17.5;15.8;14.3;74.1;0;19;16.1;16.3;19.2;13.4;305.5555556;0;0;1
22626000;16;16;0;0;17.4;17.7;15.5;13.7;75.3;0;18.7;15.5;15.7;19.2;12.2;319.4444444;0;0;0.8
22626900;16;16;0;0;17.4;17.2;15.4;13.6;75.9;0;18.5;15.1;15.3;19;12.2;319.4444444;0;0;0.8
22627800;16;16;0;0;17.4;17;15;13.9;76.6;0;18.4;14.7;14.9;18.7;12.2;319.4444444;0;0;0.8
22628700;16;14.5;0;0;17.15;15.5;15.2;13.15;76.8;0;17.9;14.5;14.8;18.5;12.2;319.4444444;0;0;0.8
22629600;16;13;0;0;16.9;14;15.4;12.4;77;0;17.4;14.3;14.7;18.3;12.5;352.7777778;0;0;0.7
22630500;16;13;0;0;16.4;14;15.7;12.1;76.2;0;16.9;14.4;14.9;17.9;12.5;352.7777778;0;0;0.7
22631400;16;13;0;0;15.9;14.5;15.9;12.1;75.3;0;16.6;14.5;15;17.5;12.5;352.7777778;0;0;0.7
22632300;15;14;0;0;15.9;14.5;16;12.1;74.8;0;16.3;14.6;15.1;17.2;12.5;352.7777778;0;0;0.7
22633200;15;15;0;0;15.4;15.5;16;11.8;74.5;0;16.1;14.7;15.2;16.8;12.5;363.8888889;0;0;0.9
22634100;15;15;0;0;15.4;16;16.1;11.7;74.1;0;16;14.8;15.3;16.7;12.5;363.8888889;0;0;0.9
22635000;15;14;0;0;15.4;15.6;16;11.7;74.1;0;16;14.8;15.3;16.7;12.5;363.8888889;0;0;0.9
22635900;15;14;0;0;15.4;15.5;16;11.7;74.1;0;16.1;14.9;15.3;16.8;12.5;363.8888889;0;0;0.9
22636800;16;13;0;0;16.1;14.6;15.9;11.4;74.1;0;16.1;14.9;15.3;16.9;12.2;358.3333333;0;0;0.9
22637700;16;13;0;0;16.5;14;15.9;11.3;74.1;0;16.3;14.9;15.2;17.1;12.2;358.3333333;0;0;0.9
22638600;16;13;0;0;16;14.3;16;11.3;73.7;0;16.6;14.8;15.2;17.2;12.2;358.3333333;0;0;0.9
22639500;16;14;0;0;15.9;14.5;15.9;11.3;74.2;0;16.7;14.8;15.1;17.3;12.2;358.3333333;0;0;0.9
22640400;15;14;0;0;15.9;14.5;15.9;12.1;74.3;0;16.6;14.8;15.1;17.2;12.2;355.5555556;0;0;1.1
22641300;15;15;0;0;15.9;14.9;15.8;12.1;74.6;0;16.5;14.7;15.1;17.1;12.2;355.5555556;0;0;1.1
22642200;15;15;0;0;15.9;16;15.8;12.2;74.6;0;16.5;14.7;15;17;12.2;355.5555556;0;0;1.1
22643100;15;15;0;0;15.9;15.9;15.7;12.2;74.6;0;16.5;14.7;15;17;12.2;355.5555556;0;0;1.1
22644000;15;14;0;0;15.9;15.5;15.6;12.2;75.1;0;16.5;14.6;14.9;17;11.9;355.5555556;0;0;1.1
22644900;15;14;0;0;15.9;15.3;15.5;12.2;75.2;0;16.5;14.6;14.9;17;11.9;355.5555556;0;0;1.1
22645800;16;13;0;0;16.6;14.2;15.4;12.3;75.6;0;16.7;14.5;14.8;17;11.9;355.5555556;0;0;1.1
22646700;15;13;0;0;15.9;14;15.3;12.3;76.3;0;16.6;14.4;14.7;17.1;11.9;355.5555556;0;0;1.1
22647600;15;13;0;0;15.9;14.4;15.2;12;76.6;0;16.4;14.2;14.5;17.1;11.8;347.2222222;0;0;1.5
22648500;15;14;0;0;15.6;14.5;15.2;12;77;0;16.3;14;14.4;16.9;11.8;347.2222222;0;0;1.5
22649400;15;14;0;0;15.4;14.5;15.1;12;77.2;0;16.1;13.9;14.3;16.8;11.8;347.2222222;0;0;1.5
22650300;15;15;0;0;15.4;15.6;15.2;12;77.6;0;16.1;13.9;14.3;16.6;11.8;347.2222222;0;0;1.5
22651200;15;15;0;0;15.4;16;15.3;11.8;77.3;0;16;13.9;14.3;16.6;12;361.1111111;0;0;1.8
22652100;15;14;0;0;15.4;15.2;15.3;11.8;77.4;0;16;13.9;14.3;16.5;12;361.1111111;0;0;1.8
22653000;16;13;0;0;15.6;14.3;15.3;11.8;77.6;0;15.9;13.9;14.3;16.5;12;361.1111111;0;0;1.8
22653900;16;13;0;0;16.2;13.2;15.4;11.8;77.6;0;16;13.9;14.4;16.5;12;361.1111111;0;0;1.8
22654800;15;13;0;0;15.4;13.5;15.5;11.6;77.6;0;16.1;14;14.5;16.5;12.4;366.6666667;13.88888889;13.88888889;1.9
22655700;15;13;0;0;15.4;14;15.7;11.6;77.3;0;15.9;14.1;14.6;16.6;12.4;366.6666667;13.88888889;13.88888889;1.9
22656600;15;13;0;0;15.1;14;15.8;11.6;76.7;0;15.8;14.2;14.7;16.5;12.4;366.6666667;13.88888889;13.88888889;1.9
22657500;15;13;0;0;14.9;14;16;11.6;75.9;0;15.7;14.3;14.8;16.3;12.4;366.6666667;13.88888889;13.88888889;1.9
22658400;15;13;0;0;15.6;13.7;16.2;11.7;74.9;18.1;15.7;14.6;15;16.2;12.5;363.8888889;55.55555556;55.55555556;1.8
22659300;15;14;0;0;16.1;14.7;16.4;11.7;73.5;22.6;15.9;14.7;15.2;16.3;12.5;363.8888889;55.55555556;55.55555556;1.8
22660200;15;15;0;0;15.4;15;16.3;11.9;73.3;22;16;15.1;15.5;16.3;12.5;363.8888889;55.55555556;55.55555556;1.8
22661100;15;15;0;0;15.4;15.5;16.2;12.2;74;21;16.1;15.5;15.8;16.4;12.5;363.8888889;55.55555556;55.55555556;1.8
22662000;15;14;0;0;15.4;15.1;16.3;12.5;74;79.4;16.2;15.8;16.1;16.5;13;366.6666667;113.8888889;113.8888889;1.8
22662900;15;14;0;0;15.4;15;16.7;12.6;72.9;100.7;16.3;16.1;16.3;16.7;13;366.6666667;113.8888889;113.8888889;1.8
22663800;15;14;0;0;15.4;15;16.8;12.7;72.5;100.7;16.5;16.5;16.7;16.7;13;366.6666667;113.8888889;113.8888889;1.8
22664700;15;14;0;0;15.4;15;16.9;12.9;72.1;100.7;16.7;17;17.1;16.8;13;366.6666667;113.8888889;113.8888889;1.8
22665600;16;14;0;0;16.2;15;17.2;13.4;71.6;164.9;17.1;17.5;17.6;16.9;13.8;369.4444444;197.2222222;197.2222222;2.2
22666500;16;14;0;0;16.4;15;17.7;13.6;70.2;188.2;17.6;18;18.1;17.1;13.8;369.4444444;197.2222222;197.2222222;2.2
22667400;15;15;0;0;16.4;15.1;18;13.5;69;188.2;18.1;18.5;18.7;17.2;13.8;369.4444444;197.2222222;197.2222222;2.2
22668300;16;16;0;0;16.4;16.1;18.1;13.3;69.3;188.2;18.8;19;19.3;17.3;13.8;369.4444444;197.2222222;197.2222222;2.2
22669200;16;17;0;0;16.4;17.5;18.3;14;69;274.6;19.4;19.5;19.9;17.5;14.3;375;144.4444444;144.4444444;2.4
22670100;16;16;5;4;16.6;17.2;18.8;14.2;68;306;20.1;20.2;20.5;18.1;14.3;375;144.4444444;144.4444444;2.4
22671000;16;18;33;59;17.3;18.6;19.2;14.1;66.1;302.7;20.5;20.8;20.9;20.1;14.3;375;144.4444444;144.4444444;2.4
22671900;16;17;33;55;17;18.3;19.2;14;65.9;296;19.9;20.1;20.2;19.3;14.3;375;144.4444444;144.4444444;2.4
22672800;15;17;33;56;16.4;17.8;18.8;14.7;67;330.9;19.4;19.5;19.7;18.7;14.5;366.6666667;186.1111111;186.1111111;2.2
22673700;15;16;33;56;15.8;17.4;18.9;14.9;66.9;343.6;19.1;19.1;19.3;18.4;14.5;366.6666667;186.1111111;186.1111111;2.2
22674600;15;16;33;54;15.8;17;18.5;14.9;67.6;346.7;18.9;19.1;19.2;18.2;14.5;366.6666667;186.1111111;186.1111111;2.2
22675500;15;16;33;54;15.8;17;18.3;14.8;68.7;352.9;19;19.1;19.3;18.3;14.5;366.6666667;186.1111111;186.1111111;2.2
22676400;15;16;33;56;15.8;17.1;18.8;15.2;67.4;375.3;19.4;19.5;19.6;18.6;15.2;366.6666667;319.4444444;327.7777778;2
22677300;16;17;33;59;16.6;18;19.4;15.4;65.1;383.5;20.4;20.5;20.6;19.8;15.2;366.6666667;319.4444444;327.7777778;2
22678200;17;19;33;64;18.2;19.8;20.2;15.2;62.7;383.5;22.2;22.4;22.4;21.5;15.2;366.6666667;319.4444444;327.7777778;2
22679100;18;20;33;63;19.3;20.8;20.3;14.9;61.4;383.5;23;23.2;23.3;22.1;15.2;366.6666667;319.4444444;327.7777778;2
22680000;19;20;33;67;19.3;21;19.9;15.2;62;364.5;23.2;23.6;23.5;22.4;16;338.8888889;319.4444444;411.1111111;1.6
22680900;18;20;35;99;19;21;19.8;15.3;62.5;359.8;23.1;23.3;23.3;22.3;16;338.8888889;319.4444444;411.1111111;1.6
22681800;17;19;43;88;18.6;20.5;19.8;15.2;62.3;359.8;22.2;22.5;22.5;21.5;16;338.8888889;319.4444444;411.1111111;1.6
22682700;18;19;44;93;18.6;20.5;19.7;14.9;62.4;359.8;22.3;22.5;22.6;21.4;16;338.8888889;319.4444444;411.1111111;1.6
22683600;17;19;44;84;18.6;20.5;19.4;15.4;62.9;344.4;22.1;22.3;22.3;21.3;16.8;350;202.7777778;347.2222222;1.5
22684500;17;19;44;81;18.6;20.1;19.4;15.5;62.7;340.6;22;22.2;22.3;21.2;16.8;350;202.7777778;347.2222222;1.5
22685400;18;20;44;99;18.6;20.5;19.4;15.6;61.3;340.6;22.7;22.8;22.8;21.7;16.8;350;202.7777778;347.2222222;1.5
22686300;18;21;33;140;18.7;21.6;20.3;15.7;58.4;340.6;24;24.1;24.1;22.9;16.8;350;202.7777778;347.2222222;1.5
22687200;18;20;37;123;18.8;21.4;20.8;15.9;56.3;329.5;22.8;23;23;21.9;16.4;369.4444444;150;155.5555556;1.3
22688100;17;19;43;84;18.9;20.2;20.9;15.9;56.3;327.8;22.3;22.4;22.6;21.5;16.4;369.4444444;150;155.5555556;1.3
22689000;18;20;43;89;18.9;20.4;20.6;16;56.8;327.8;22.3;22.4;22.5;21.5;16.4;369.4444444;150;155.5555556;1.3
22689900;17;19;23;31;18.6;19.7;20.1;16.2;58.4;327.8;21.5;21.6;21.7;20.6;16.4;369.4444444;150;155.5555556;1.3
22690800;17;19;0;0;18.4;19.5;19.8;16.1;59.8;265.5;21.5;21.8;21.9;20.7;16.1;366.6666667;94.44444444;94.44444444;1.4
22691700;17;18;23;49;18.2;19.3;19.7;16.1;60.4;249.9;21;21.2;21.4;20.4;16.1;366.6666667;94.44444444;94.44444444;1.4
22692600;17;18;0;0;18.4;19;19.7;16.3;60.2;249.9;20.8;21.1;21.1;20.1;16.1;366.6666667;94.44444444;94.44444444;1.4
22693500;16;18;21;67;17.3;19;19.4;16.7;60.9;249.9;20.8;21.1;21.1;20.2;16.1;366.6666667;94.44444444;94.44444444;1.4
22694400;16;17;34;45;16.8;17.7;19;16.2;62.4;179.3;19.2;19.3;19.5;18.7;15.4;363.8888889;25;25;1.4
22695300;16;16;0;0;17.2;17.1;18.7;16.1;64.5;168.4;19.3;19.4;19.6;18.4;15.4;363.8888889;25;25;1.4
22696200;16;17;0;0;17.5;17.5;18.3;16;65.7;168.4;19.3;19.4;19.7;18.5;15.4;363.8888889;25;25;1.4
22697100;17;17;0;0;17.7;17.5;18.3;15.9;66.2;168.4;19.2;19.5;19.7;18.5;15.4;363.8888889;25;25;1.4
22698000;17;17;0;0;17.7;17.9;18;15.1;66.8;69.6;19.1;19.5;19.7;18.5;14.8;358.3333333;0;0;1.9
22698900;17;17;0;0;17.7;18;17.8;15;67.9;54.4;18.9;19.6;19.8;18.5;14.8;358.3333333;0;0;1.9
22699800;17;17;0;0;18.2;18.2;17.7;15.1;68.2;54.4;18.5;19.8;19.6;18.3;14.8;358.3333333;0;0;1.9
22700700;17;18;0;0;18.2;18.5;17.5;15.2;68.3;54.4;18.1;20.1;18.9;17.9;14.8;358.3333333;0;0;1.9
22701600;18;16;0;0;18.5;18.1;17.4;14.2;68.7;13.6;17.8;20.5;19.5;17.4;14.2;341.6666667;0;0;1.7
22702500;18;17;0;0;18.4;18.2;17.3;13.9;69.4;3.4;17.5;20.5;20.3;16.9;14.2;341.6666667;0;0;1.7
22703400;18;18;0;0;18.2;18.9;17.2;13.9;69.8;3.4;17.2;20.4;20.3;16.5;14.2;341.6666667;0;0;1.7
22704300;17;18;0;0;18.2;18.9;17;14;70;3.3;17;20.4;20.7;16.2;14.2;341.6666667;0;0;1.7
22705200;17;17;0;0;18;18;16.7;13.6;70.5;0.7;16.7;20;20.7;15.9;13.5;325;0;0;1.4
22706100;16;16;0;0;17.5;17.5;16.4;13.5;71.6;0;16.4;19.7;20.3;15.6;13.5;325;0;0;1.4
22707000;16;15;0;0;17.2;17.1;16.2;13.8;72.4;0;16.1;19.2;19.8;15.4;13.5;325;0;0;1.4
22707900;16;15;0;0;16.8;16.5;16.2;14.3;72.2;0;15.9;18.8;19.4;15.2;13.5;325;0;0;1.4
22708800;16;15;0;0;16.6;16.5;15.9;13.3;72.5;0;15.7;18.4;19;15.1;13.2;344.4444444;0;0;1.3
22709700;16;15;0;0;16.2;16.5;15.3;13.1;74.4;0;15.4;18.2;18.7;14.9;13.2;344.4444444;0;0;1.3
22710600;16;15;0;0;16.1;16.6;15.2;13.1;75.6;0;15.1;18.1;18.5;14.6;13.2;344.4444444;0;0;1.3
22711500;16;16;0;0;16.5;16.6;15.3;13.1;75.4;0;14.9;18;18.4;14.5;13.2;344.4444444;0;0;1.3
22712400;14;16;0;0;15.3;16.9;15.7;12.8;73.7;0;14.9;17.8;18.2;14.5;13;341.6666667;0;0;1.3
22713300;14;15;0;0;15.2;16;15.9;12.7;71.6;0;15;17.7;18.1;14.6;13;341.6666667;0;0;1.3
22714200;14;15;0;0;14.8;15.7;16.2;12.9;69.6;0;15.2;17.5;18.1;14.8;13;341.6666667;0;0;1.3
22715100;14;15;0;0;14.75;15.6;16.15;12.6;68.75;0;15.3;17.4;17.95;14.85;13;341.6666667;0;0;1.3
22716000;14;15;0;0;14.7;15.5;16.1;12.3;67.9;0;15.4;17.3;17.8;14.9;12.7;358.3333333;0;0;1.7
22716900;14;15;0;0;14.7;15.5;15.9;12.1;67.4;0;15.5;17.3;17.8;14.9;12.7;358.3333333;0;0;1.7
22717800;14;15;0;0;14.7;15.5;15.8;12.1;67;0;15.5;17.3;17.8;14.8;12.7;358.3333333;0;0;1.7
22718700;14;15;0;0;14.7;15.9;15.8;12.1;67.2;0;15.5;17.4;17.8;14.8;12.7;358.3333333;0;0;1.7
22719600;14;17;0;0;14.7;16.9;15.8;11.8;68.3;0;15.5;17.4;17.8;14.8;12.5;358.3333333;0;0;1.4
22720500;15;16;0;0;15.5;16.8;15.8;11.7;68.5;0;15.5;17.5;17.9;14.7;12.5;358.3333333;0;0;1.4
22721400;14;16;0;0;15.1;16.1;15.8;11.7;68;0;15.4;17.7;17.9;14.7;12.5;358.3333333;0;0;1.4
22722300;14;15;0;0;14.9;16.3;15.7;11.7;68.1;0;15.4;17.8;18.1;14.6;12.5;358.3333333;0;0;1.4
22723200;14;15;0;0;14.9;16;15.5;11.4;68.6;0;15.3;17.9;18.2;14.6;12.1;361.1111111;0;0;2.4
22724100;14;15;0;0;14.9;16;15.3;11.3;69.6;0;15.2;17.7;18.2;14.5;12.1;361.1111111;0;0;2.4
22725000;14;15;0;0;14.9;16;15.3;11.3;69.9;0;15.1;17.6;18.1;14.4;12.1;361.1111111;0;0;2.4
22725900;14;15;0;0;14.9;16;15.3;11.3;70.1;0;15;17.5;18;14.3;12.1;361.1111111;0;0;2.4
22726800;14;15;0;0;14.9;16;15.3;11.7;70;0;15;17.5;17.9;14.3;11.9;361.1111111;0;0;2.3
22727700;14;16;0;0;14.9;16.2;15.4;11.8;70.1;0;14.9;17.4;17.8;14.2;11.9;361.1111111;0;0;2.3
22728600;14;17;0;0;14.5;17.5;15.3;12.1;70.4;0;14.9;17.3;17.8;14.2;11.9;361.1111111;0;0;2.3
22729500;14;16;0;0;14.4;17.3;15.3;12.4;70.3;0;14.8;17.3;17.7;14.1;11.9;361.1111111;0;0;2.3
22730400;15;15;0;0;16;15.4;15.3;12.1;70.3;0;14.7;17.4;17.8;14.1;11.7;352.7777778;0;0;2.1
22731300;14;15;0;0;14.9;15.5;15.3;12.1;70;0;14.7;17.4;17.9;14;11.7;352.7777778;0;0;2.1
22732200;14;14;0;0;14.9;15.5;15.2;12.1;69.6;0;14.7;17.1;17.8;14;11.7;352.7777778;0;0;2.1
22733100;14;14;0;0;14.9;15.5;15.1;12;69.4;0;14.6;17;17.5;14;11.7;352.7777778;0;0;2.1
22734000;14;14;0;0;14.9;15.5;14.9;11.7;70.1;0;14.6;16.9;17.5;14;11.3;347.2222222;0;0;2.3
22734900;14;15;0;0;14.9;15.5;14.9;11.6;70.2;0;14.5;16.9;17.4;13.9;11.3;347.2222222;0;0;2.3
22735800;14;15;0;0;14.9;15.5;14.9;11.6;70.1;0;14.4;16.8;17.3;13.8;11.3;347.2222222;0;0;2.3
22736700;14;16;0;0;14.4;16.6;14.8;11.6;70.9;0;14.3;16.8;17.3;13.6;11.3;347.2222222;0;0;2.3
22737600;14;16;0;0;14.4;17;14.7;11.3;70.2;0;14.2;16.8;17.2;13.5;10.9;341.6666667;0;0;2.5
22738500;15;15;0;0;15.2;16;14.5;11.3;70.3;0;14;16.9;17.3;13.4;10.9;341.6666667;0;0;2.5
22739400;14;15;0;0;14.7;15.3;14.4;11.4;70.6;0;13.9;16.9;17.4;13.3;10.9;341.6666667;0;0;2.5
22740300;14;14;0;0;14.2;15.5;14.4;11.5;70.4;0;13.7;16.7;17.3;13.1;10.9;341.6666667;0;0;2.5
22741200;14;14;0;0;14.2;15.5;14.3;11.2;70;0;13.6;16.5;17;12.9;11;333.3333333;30.55555556;33.33333333;2.4
22742100;13;14;0;0;14.2;15.5;14.2;11.1;69.3;0;13.6;16.4;16.9;12.9;11;333.3333333;30.55555556;33.33333333;2.4
22743000;13;14;0;0;14.1;15.4;14.3;11;69.2;0;13.6;16.2;16.8;13;11;333.3333333;30.55555556;33.33333333;2.4
22743900;14;13;0;0;15.1;14.1;14.5;11;69.6;0;13.7;16.2;16.7;13.1;11;333.3333333;30.55555556;33.33333333;2.4
22744800;13;15;0;0;13.4;15;14.4;11.1;69.1;19.4;13.8;16.2;16.7;13.2;11.5;294.4444444;86.11111111;183.3333333;2.8
22745700;13;16;0;0;13.4;16.5;14;11.1;70;19.4;14.1;16;16.6;13.5;11.5;294.4444444;86.11111111;183.3333333;2.8
22746600;13;16;0;0;13.4;16.5;14.2;11.1;68.5;18.8;15.3;16.1;16.5;14.1;11.5;294.4444444;86.11111111;183.3333333;2.8
22747500;13;16;0;0;13.4;16.5;14.2;11.1;67.7;18.2;16.5;16.4;16.6;15;11.5;294.4444444;86.11111111;183.3333333;2.8
22748400;13;15;0;0;13.4;16;14.3;11.6;67.4;109.8;17.1;16.6;16.8;15.7;13.2;291.6666667;130.5555556;352.7777778;2.7
22749300;13;14;0;0;13.4;15.5;14.6;11.6;65.4;116.3;18.4;16.8;17.1;16.6;13.2;291.6666667;130.5555556;352.7777778;2.7
22750200;13;14;0;0;13.4;15.5;15;11.6;64;116.3;19.9;17.3;17.9;17.4;13.2;291.6666667;130.5555556;352.7777778;2.7
22751100;14;15;0;0;14.5;15.5;15.4;11.6;61.1;116.3;20.3;18;18.3;18.1;13.2;291.6666667;130.5555556;352.7777778;2.7
22752000;14;15;0;0;15;15.5;15.7;12.1;58.9;209.3;20.6;18.4;18.6;18.1;14.3;291.6666667;141.6666667;444.4444444;2.2
22752900;14;15;0;0;14.9;15.5;15.8;12.2;58.1;223.6;21.3;18.5;19.3;18.1;14.3;291.6666667;141.6666667;444.4444444;2.2
22753800;14;15;0;0;14.9;15.5;15.9;12.2;55.8;223.6;22.5;19.7;20.3;18.1;14.3;291.6666667;141.6666667;444.4444444;2.2
22754700;17;19;40;110;17.5;19.8;16.3;12.2;53.2;223.6;23;23.2;23.1;21.3;14.3;291.6666667;141.6666667;444.4444444;2.2
22755600;18;20;28;69;19.1;20.7;16.3;12.9;50.8;318.5;22.7;23.3;23.3;21.6;14.9;294.4444444;150;611.1111111;1.3
22756500;18;19;33;56;19.1;20.3;16.1;13.1;51.7;342.2;22.2;22.5;22.5;21.2;14.9;294.4444444;150;611.1111111;1.3
22757400;18;20;33;60;19.2;20.7;16.3;13.4;51.8;343;23;23.2;23.2;22;14.9;294.4444444;150;611.1111111;1.3
22758300;18;20;33;58;19.4;20.9;16.2;14.2;51.7;345.1;22.9;23.1;23.2;22;14.9;294.4444444;150;611.1111111;1.3
22759200;19;20;33;60;19.6;21.1;16.3;14.9;51.6;437.6;23.3;23.5;23.6;22.4;15.6;316.6666667;302.7777778;588.8888889;1.8
22760100;20;22;33;65;20.8;22.3;17;15.1;50.9;471.2;24.8;24.9;25;24;15.6;316.6666667;302.7777778;588.8888889;1.8
22761000;21;22;33;64;21.7;23.3;17.3;15.3;48.8;464.1;25.2;25.3;25.2;24.4;15.6;316.6666667;302.7777778;588.8888889;1.8
22761900;20;22;33;65;21.6;23.1;17.6;15.4;48.5;459.4;25.4;25.3;25.4;24.8;15.6;316.6666667;302.7777778;588.8888889;1.8
22762800;22;24;31;74;22.6;24.6;18.8;15.7;45.8;479.9;26.7;26.7;26.8;26.1;16.2;327.7777778;338.8888889;513.8888889;1.4
22763700;21;23;33;69;22.4;24.1;18.8;15.9;44.9;490.2;25.7;25.9;26;25.1;16.2;327.7777778;338.8888889;513.8888889;1.4
22764600;21;22;33;66;22;23.6;18.7;15.7;45.7;490.2;25.3;25.6;25.6;24.7;16.2;327.7777778;338.8888889;513.8888889;1.4
22765500;21;22;33;63;21.8;23.3;18.6;15.6;47.3;490.2;25;25.3;25.3;24.3;16.2;327.7777778;338.8888889;513.8888889;1.4
22766400;20;22;33;65;21.4;22.9;18.3;16;47.5;476.1;25;25.3;25.3;24.2;15;319.4444444;255.5555556;577.7777778;1
22767300;21;23;33;66;21.8;23.4;18.4;16;47.5;476.1;25.5;25.7;25.7;24.7;15;319.4444444;255.5555556;577.7777778;1
22768200;21;23;33;66;21.9;23.7;18.4;16.1;48.3;476.1;25.6;25.9;25.9;24.8;15;319.4444444;255.5555556;577.7777778;1
22769100;20;22;33;63;21.6;23.1;18.4;16.1;48.1;476.1;24.8;25.3;25.2;24.1;15;319.4444444;255.5555556;577.7777778;1
22770000;20;21;33;65;20.9;22.6;18.4;16.4;49.1;413.7;24.1;24.3;24.6;23.3;15.9;341.6666667;291.6666667;508.3333333;1
22770900;19;21;33;66;20.4;22.3;19;16.4;46.9;413.7;24;24.1;24.3;23.1;15.9;341.6666667;291.6666667;508.3333333;1
22771800;19;21;33;62;20.4;21.9;19;16.5;46.6;413.7;23.5;23.7;23.8;23;15.9;341.6666667;291.6666667;508.3333333;1
22772700;18;20;33;57;19.6;21.1;19;16.6;47;413.7;22.6;22.7;22.9;21.9;15.9;341.6666667;291.6666667;508.3333333;1
22773600;17;19;33;78;18.8;20.2;19.2;16.6;46.2;403.6;21.9;21.9;22.1;21.2;15.2;325;180.5555556;211.1111111;1.3
22774500;17;18;0;0;18.3;19.4;19.3;16.6;46.6;402.9;21.4;21.6;21.7;20.5;15.2;325;180.5555556;211.1111111;1.3
22775400;17;19;22;54;18.2;19.6;19;15.9;46.2;402.9;21.6;21.7;21.8;20.7;15.2;325;180.5555556;211.1111111;1.3
22776300;17;18;0;0;18.2;19.4;18.8;15.1;47.2;402.9;21;21.1;21.3;20.3;15.2;325;180.5555556;211.1111111;1.3
22777200;17;18;23;45;18.1;19.3;18.5;15.2;47;314.7;21.1;21.2;21.3;20.3;15.6;316.6666667;122.2222222;186.1111111;1
22778100;17;18;0;0;18.2;18.9;17.9;15.2;47.8;301.1;20.5;20.7;20.8;19.9;15.6;316.6666667;122.2222222;186.1111111;1
22779000;17;18;0;0;18.2;18.9;17.6;15.5;49.3;301.1;20.5;20.6;20.7;20.1;15.6;316.6666667;122.2222222;186.1111111;1
22779900;17;18;0;0;18.4;19.1;17.8;15.9;50;301.1;20.6;20.8;20.7;20.2;15.6;316.6666667;122.2222222;186.1111111;1
22780800;16;18;29;89;17;19.2;18;15.5;50.2;217.6;20.6;20.6;20.7;19.9;14.7;325;41.66666667;47.22222222;1.1
22781700;16;16;29;17;17.6;17.2;17.6;15.4;50.5;196.7;18.9;19;19.2;18.3;14.7;325;41.66666667;47.22222222;1.1
22782600;16;16;0;0;17.7;16.9;17.8;15.2;49.8;196.7;19.1;19;19.3;18.1;14.7;325;41.66666667;47.22222222;1.1
22783500;16;16;0;0;17.7;17.2;17.4;14.7;54.1;196.7;19.1;19.1;19.4;18.3;14.7;325;41.66666667;47.22222222;1.1
22784400;16;17;0;0;17.7;17.4;16.7;14;55.6;91.7;18.9;19.1;19.4;18.3;13.5;302.7777778;0;0;0.8
22785300;17;17;0;0;17.7;17.7;16.1;13.8;56.3;53.5;18.4;19.2;19.4;18.2;13.5;302.7777778;0;0;0.8
22786200;17;17;0;0;17.7;17.9;15.5;14;58.2;53.5;17.9;19.4;19.3;18;13.5;302.7777778;0;0;0.8
22787100;17;17;0;0;18.2;17.9;15;14.7;60.3;53.5;17.1;19.7;17.9;17.1;13.5;302.7777778;0;0;0.8
22788000;17;16;0;0;18.2;17.9;14.4;14;62.4;19.6;16.3;20.1;17.6;16.2;12.7;300;0;0;0.5
22788900;17;17;0;0;17.4;18.1;13.9;13.6;65.3;2.6;15.5;20.1;19.4;15;12.7;300;0;0;0.5
22789800;17;18;0;0;16.7;18.4;13.7;13.6;66.7;2.7;14.8;20.1;20.1;14.2;12.7;300;0;0;0.5
22790700;17;17;0;0;16.7;18.3;13.3;13.6;66.8;2.7;14.3;19.5;20.2;13.7;12.7;300;0;0;0.5
22791600;17;17;0;0;16.3;17.9;13.3;12.9;66.9;0;14;18.8;19.4;13.6;12;294.4444444;0;0;0.6
22792500;16;16;0;0;15.6;17.4;13.2;12.9;68.4;0;13.8;18;18.7;13.5;12;294.4444444;0;0;0.6
22793400;15;15;0;0;15.9;15.4;13;12.8;69.8;0;13.5;17.3;18;13.5;12;294.4444444;0;0;0.6
22794300;12;15;0;0;13.7;15.7;12.8;12.8;71.2;0;13.3;16.7;17.4;13.2;12;294.4444444;0;0;0.6
22795200;12;14;0;0;13.5;15.4;12.6;12.1;72.5;0;13;16.5;17.1;13;11.2;288.8888889;0;0;1.3
22796100;13;14;0;0;13.4;15.4;12.4;12;73.2;0;12.7;16.3;16.8;12.6;11.2;288.8888889;0;0;1.3
22797000;12;15;0;0;12.9;15.5;12.2;12;74.1;0;12.3;16;16.5;12.2;11.2;288.8888889;0;0;1.3
22797900;12;16;0;0;12.1;16.8;12;11.9;75.2;0;12;15.9;16.4;11.9;11.2;288.8888889;0;0;1.3
22798800;12;15;0;0;12;16.5;11.9;11.4;75.9;0;11.8;16;16.4;11.6;9.7;286.1111111;0;0;1.3
22799700;12;14;0;0;12;15.4;11.7;11.3;76.1;0;11.4;15.9;16.4;11.3;9.7;286.1111111;0;0;1.3
22800600;12;14;0;0;12;14.9;11.5;11.3;76.7;0;11.1;15.6;16.1;11;9.7;286.1111111;0;0;1.3
22801500;11.5;14;0;0;11.8;14.75;11.4;11.6;77.35;0;10.8;15.25;15.8;10.8;9.7;286.1111111;0;0;1.3
22802400;11;14;0;0;11.6;14.6;11.3;11.9;78;0;10.5;14.9;15.5;10.6;9;286.1111111;0;0;1.3
22803300;9;14;0;0;10.1;15.4;11.2;12.1;78.3;0;10.2;15;15.2;10.3;9;286.1111111;0;0;1.3
22804200;9;13;0;0;10.1;14.2;11;12.1;78.9;0;10;15;15.6;10;9;286.1111111;0;0;1.3
22805100;9;12;0;0;10.1;13.7;10.9;12.1;79.1;0;9.7;14.3;15.2;9.8;9;286.1111111;0;0;1.3
22806000;9;14;0;0;9.7;14.6;10.8;11.8;79.5;0;9.4;13.9;14.5;9.6;8.5;288.8888889;0;0;1.5
22806900;9;14;0;0;9.1;15.2;10.7;11.7;80.1;0;9.3;13.8;14.3;9.4;8.5;288.8888889;0;0;1.5
22807800;9;12;0;0;9.1;13.9;10.7;11.7;80.1;0;9.1;13.8;14.3;9.3;8.5;288.8888889;0;0;1.5
22808700;9;12;0;0;9.1;13;10.7;11.7;80.2;0;9.1;13.6;14.2;9.1;8.5;288.8888889;0;0;1.5
22809600;9;11;0;0;9.1;12.7;10.5;11.5;80.7;0;8.9;13.3;13.9;8.9;8.1;286.1111111;0;0;1.8
22810500;9;11;0;0;9.1;12.3;10.4;11.3;81.2;0;8.9;13.1;13.7;8.8;8.1;286.1111111;0;0;1.8
22811400;9;11;0;0;9.1;12.3;10.3;11.3;81.6;0;8.8;12.9;13.4;8.7;8.1;286.1111111;0;0;1.8
22812300;9;11;0;0;9.1;12.1;10.3;11.3;81.6;0;8.8;12.9;13.3;8.7;8.1;286.1111111;0;0;1.8
22813200;8;11;0;0;9.1;11.8;10.2;9;81.6;0;8.7;12.8;13.2;8.6;7.6;283.3333333;0;0;1.5
22814100;8;12;0;0;8.7;12.3;10.1;8.1;82.1;0;8.5;12.7;13.1;8.4;7.6;283.3333333;0;0;1.5
22815000;8;13;0;0;8.1;13.8;10.1;8.1;82.3;0;8.4;12.5;13;8.2;7.6;283.3333333;0;0;1.5
22815900;8;12;0;0;8.1;13.4;10.1;8;82.7;0;8.4;12.6;13;8.2;7.6;283.3333333;0;0;1.5
22816800;8;11;0;0;8.1;12.2;9.9;7.9;83.1;0;8.3;12.7;13.2;8.1;7;283.3333333;0;0;1.5
22817700;8;10;0;0;8.1;11.8;9.8;7.9;83.3;0;8.2;12.5;13.1;8;7;283.3333333;0;0;1.5
22818600;8;10;0;0;8.1;11.5;9.8;7.9;83.6;0;8;12.4;12.9;7.8;7;283.3333333;0;0;1.5
22819500;8;10;0;0;8.1;11.3;9.7;7.9;83.6;0;7.9;12.2;12.7;7.7;7;283.3333333;0;0;1.5
22820400;8;10;0;0;8.1;11.3;9.7;7.8;83.6;0;7.7;12.1;12.6;7.5;6.9;283.3333333;0;0;1.5
22821300;8;10;0;0;8.1;11.3;9.7;7.8;83.6;0;7.7;12;12.4;7.4;6.9;283.3333333;0;0;1.5
22822200;8;10;0;0;8.1;10.8;9.6;7.6;83.6;0;7.7;11.8;12.3;7.4;6.9;283.3333333;0;0;1.5
22823100;8;12;0;0;7.7;12.7;9.6;7.5;84;0;7.7;11.6;12.2;7.3;6.9;283.3333333;0;0;1.5
22824000;8;12;0;0;7.6;13.1;9.6;7.3;83.9;0;7.7;11.6;12.2;7.3;6.2;280.5555556;0;0;1.8
22824900;8;10;0;0;7.6;11.6;9.6;7.3;83.6;0;7.8;11.8;12.2;7.3;6.2;280.5555556;0;0;1.8
22825800;8;10;0;0;7.6;11;9.4;7;83.6;0;7.7;11.7;12.3;7.2;6.2;280.5555556;0;0;1.8
22826700;7;9;0;0;7.6;10.8;9.3;6.7;83.6;0;7.6;11.5;12.1;7.1;6.2;280.5555556;0;0;1.8
22827600;7;9;0;0;7.6;10.8;9.3;6.8;84;0;7.6;11.4;12;7.2;6.6;280.5555556;41.66666667;50;2.2
22828500;7;9;0;0;7.6;10.8;9.3;6.8;84.1;0;7.6;11.4;11.9;7.1;6.6;280.5555556;41.66666667;50;2.2
22829400;7;9;0;0;7.6;10.3;9.3;6.8;84.1;0;7.7;11.4;11.9;7.1;6.6;280.5555556;41.66666667;50;2.2
22830300;7;9;0;0;7.6;10.3;9.5;6.8;84.1;0;7.8;11.4;11.9;7.3;6.6;280.5555556;41.66666667;50;2.2
22831200;7;10;0;0;7.6;10.9;10;7.2;83.9;21.6;8.3;11.3;11.9;7.6;8.4;283.3333333;116.6666667;188.8888889;2
22832100;7;12;0;0;7.2;12.9;10.7;7.3;81.8;24.9;9.3;11.4;11.9;8.4;8.4;283.3333333;116.6666667;188.8888889;2
22833000;7;12;0;0;7.1;12.9;11.2;7;79.8;25.4;10.3;11.6;12;9.3;8.4;283.3333333;116.6666667;188.8888889;2
22833900;7;12;0;0;7.2;12.9;11.6;6.6;78.1;25.9;11.2;12;12.2;10.3;8.4;283.3333333;116.6666667;188.8888889;2
22834800;7;11;0;0;7.6;12.1;12;7.8;76;118.3;12.1;12.4;12.5;11.1;10;291.6666667;172.2222222;313.8888889;1.7
22835700;7;11;0;0;7.7;11.9;12.3;8;75;132.5;13.3;12.7;12.9;12;10;291.6666667;172.2222222;313.8888889;1.7
22836600;7;11;0;0;8.1;11.9;12.8;7.9;73.8;132.5;14.5;13.1;13.5;12.7;10;291.6666667;172.2222222;313.8888889;1.7
22837500;7;11;0;0;8.1;11.9;13.2;7.8;72.3;132.5;15.6;13.7;14.4;13.3;10;291.6666667;172.2222222;313.8888889;1.7
22838400;8;13;0;0;8.6;13.4;13.8;9.2;70.8;239.8;15.6;13.9;14.6;13.4;12.3;300;211.1111111;436.1111111;2.1
22839300;8;14;0;0;9.1;15.4;14.5;9.4;69.6;256.3;17;14.5;15.8;13.4;12.3;300;211.1111111;436.1111111;2.1
22840200;8;14;0;0;9.2;15.1;14.8;9.6;67.4;256.3;19.2;15.7;17.2;13.6;12.3;300;211.1111111;436.1111111;2.1
22841100;8;15;0;0;9.6;15.3;15.3;9.8;63.7;256.3;20.6;17.5;18.2;13.9;12.3;300;211.1111111;436.1111111;2.1
22842000;11;16;0;1;12.9;16.2;16;11.3;60.9;317.2;20.9;18.7;18.9;15.5;14.7;308.3333333;225;536.1111111;1.8
22842900;11;16;0;0;12.5;17.1;16.4;11.5;58.8;326.6;22;18.9;19.5;14.7;14.7;308.3333333;225;536.1111111;1.8
22843800;17;19;22;68;18.3;20.6;16.6;11.6;55.9;323.5;25.3;24.8;25.2;23.2;14.7;308.3333333;225;536.1111111;1.8
22844700;20;22;33;66;21.5;23;16.9;11.7;54.6;319.9;25.1;25.5;25.5;23.8;14.7;308.3333333;225;536.1111111;1.8
22845600;20;22;33;66;21.5;23;17.3;13.1;53.2;403.6;25.3;25.5;25.5;24.2;16.6;308.3333333;169.4444444;619.4444444;1.4
22846500;21;23;33;67;21.7;23.4;17.4;13.5;53;424.5;25.8;25.9;25.9;24.9;16.6;308.3333333;169.4444444;619.4444444;1.4
22847400;21;23;33;69;22.4;24;17.7;13.7;52.4;422.3;26.3;26.4;26.5;25.4;16.6;308.3333333;169.4444444;619.4444444;1.4
22848300;22;24;31;69;22.6;24.5;17.9;14;49.5;419;26.9;27;27;25.9;16.6;308.3333333;169.4444444;619.4444444;1.4
22849200;22;25;26;75;23;25.3;18.3;15.2;49.2;485;27.7;28;27.9;26.8;16.6;316.6666667;225;625;1.4
22850100;21;25;26;112;22.4;26;18.6;15.5;49.6;501.5;28.1;28.4;28.1;27.3;16.6;316.6666667;225;625;1.4
22851000;20;25;32;153;21.7;25.8;19;15.8;49;501.5;27.6;27.8;27.6;26.8;16.6;316.6666667;225;625;1.4
22851900;20;24;35;150;21.3;25.3;19.3;16.1;48.8;501.5;27;27.3;27.2;26.2;16.6;316.6666667;225;625;1.4
22852800;21;24;33;109;21.7;24.7;19.5;16.7;48.2;524.2;26.4;26.8;26.6;25.4;17.4;322.2222222;269.4444444;491.6666667;1
22853700;21;23;33;72;22.5;24.5;19.7;17.1;48.4;539.4;26.6;26.9;26.7;25.6;17.4;322.2222222;269.4444444;491.6666667;1
22854600;22;24;29;68;22.9;24.5;20;17.4;47.8;539.4;26.7;27.2;27;25.7;17.4;322.2222222;269.4444444;491.6666667;1
22855500;22;24;31;67;22.9;24.5;20.2;17.6;48.2;539.4;26.5;26.9;26.8;25.7;17.4;322.2222222;269.4444444;491.6666667;1
22856400;21;24;32;73;22.9;24.5;20.6;17.7;48.4;455.3;26.5;26.7;26.8;25.5;18.1;319.4444444;197.2222222;413.8888889;0.9
22857300;22;24;31;71;22.9;24.5;20.8;17.8;48.8;424.7;26.7;26.8;26.9;25.6;18.1;319.4444444;197.2222222;413.8888889;0.9
22858200;22;24;28;69;22.9;24.7;20.9;17.4;47.5;424.7;27.2;27.3;27.3;26;18.1;319.4444444;197.2222222;413.8888889;0.9
22859100;22;25;24;69;22.9;25.4;20.9;16.9;48.1;424.7;27.7;27.8;27.7;26.3;18.1;319.4444444;197.2222222;413.8888889;0.9
22860000;19;23;36;197;20.1;24.4;20.4;17.1;48.7;382.9;25.7;25.8;25.8;24.8;18;316.6666667;136.1111111;325;0.6
22860900;18;21;43;128;19.5;21.9;20.3;17.1;49.6;382.9;23.7;23.8;23.9;22.7;18;316.6666667;136.1111111;325;0.6
22861800;18;20;43;116;19.3;21.4;20.6;17.4;49.7;382.9;23.2;23.3;23.4;22.1;18;316.6666667;136.1111111;325;0.6
22862700;18;20;43;106;18.9;21;20.8;17.6;49.3;382.9;23;23;23.1;21.9;18;316.6666667;136.1111111;325;0.6
22863600;18;20;43;98;18.9;20.8;20.7;17.5;48.8;320.9;22.6;22.7;22.8;21.6;17.4;311.1111111;69.44444444;155.5555556;0.6
22864500;18;19;43;81;18.9;20.3;20.3;17.4;49.1;298.4;22;22.1;22.2;21.1;17.4;311.1111111;69.44444444;155.5555556;0.6
22865400;17;19;38;54;18.5;19.7;19.9;17.7;49.8;298.4;21.4;21.4;21.6;20.6;17.4;311.1111111;69.44444444;155.5555556;0.6
22866300;17;19;0;0;18.4;19.6;19.6;18;51;298.4;21.2;21.3;21.7;20.5;17.4;311.1111111;69.44444444;155.5555556;0.6
22867200;17;19;22;45;18;20.1;19.2;17.5;52.3;213.8;21.1;21.2;21.3;20.3;16.4;308.3333333;19.44444444;36.11111111;1.3
22868100;17;18;0;0;18.1;19;18.9;17.4;53.6;192.6;20.4;20.4;20.6;19.8;16.4;308.3333333;19.44444444;36.11111111;1.3
22869000;17;18;0;0;18.4;19;18.5;17.5;55.4;192.6;20.4;20.4;20.4;19.9;16.4;308.3333333;19.44444444;36.11111111;1.3
22869900;16;18;16;40;17.2;18.7;18.1;17.5;59;192.6;20;19.9;20;19.4;16.4;308.3333333;19.44444444;36.11111111;1.3
22870800;17;17;0;0;17.4;17.5;17.2;17;63.1;100.4;19.3;18.8;19.2;18.9;15.2;305.5555556;0;0;1.4
22871700;17;17;0;0;17.7;17.8;16.5;16.8;65.7;66.9;19.4;18.5;19;19.1;15.2;305.5555556;0;0;1.4
22872600;17;17;0;0;17.6;18;16;16.8;66.8;66.9;19.6;17.9;19.4;19.2;15.2;305.5555556;0;0;1.4
22873500;16;17;0;0;17.4;18;15.7;16.8;67.3;66.9;19.8;17.2;19.5;19.3;15.2;305.5555556;0;0;1.4
22874400;16;17;0;0;16.9;18;15.3;16.1;69.1;24.5;20;16.5;19.6;19.4;14.4;302.7777778;0;0;0.9
22875300;16;18;0;0;16.9;18.9;14.9;15.8;70.7;3.3;20;15.8;19.7;19.5;14.4;302.7777778;0;0;0.9
22876200;16;17;0;0;16.9;18.4;14.6;15.7;72.3;3.3;19.9;15.3;19.8;19.8;14.4;302.7777778;0;0;0.9
22877100;16;15;0;0;16.9;16.3;14.3;15.5;73.6;3.3;19.7;14.8;19.9;20;14.4;302.7777778;0;0;0.9
22878000;16;15;0;0;16.9;16;14.1;14.7;74.7;0.4;19.5;14.5;19.7;20.1;13;300;0;0;0.9
22878900;16;14;0;0;16.9;15.8;13.8;14.6;75.8;0;19.8;14.2;18.4;20.1;13;300;0;0;0.9
22879800;16;14;0;0;16.9;15.5;13.6;14.4;76.9;0;19.9;13.9;16.7;19.9;13;300;0;0;0.9
22880700;16;14;0;0;17.2;14.6;13.4;14.3;77.6;0;18.4;13.7;14.8;19;13;300;0;0;0.9
22881600;15;13;0;0;17;14.3;13.4;13.7;77.9;0;16.9;13.4;13.6;17.8;11.7;294.4444444;0;0;1.7
22882500;15;14;0;0;16.1;15;13.2;13.5;78.3;0;15.9;13.1;13.1;17.1;11.7;294.4444444;0;0;1.7
22883400;15;15;0;0;15.5;15.1;13;13.5;79.4;0;16.3;12.8;12.8;16.7;11.7;294.4444444;0;0;1.7
22884300;15;15;0;0;14.9;16.2;12.8;13.6;79.7;0;16.5;12.5;12.6;16.9;11.7;294.4444444;0;0;1.7
22885200;15;14;0;0;14.9;15.3;12.8;12.7;79.7;0;15.7;12.2;12.5;17.1;10.5;294.4444444;0;0;2.4
22886100;15;13;0;0;14.6;14.3;12.6;12.6;80;0;15;11.9;12.3;16.4;10.5;294.4444444;0;0;2.4
22887000;14;12;0;0;14.4;13.9;12.4;12.2;80.7;0;14.9;11.6;12.2;15.9;10.5;294.4444444;0;0;2.4
22887900;14;12;0;0;14.15;13.7;12.3;12.15;81;0;14.55;11.35;11.95;15.65;10.5;294.4444444;0;0;2.4
22888800;14;12;0;0;13.9;13.5;12.2;12.1;81.3;0;14.2;11.1;11.7;15.4;10.4;286.1111111;0;0;3
22889700;14;12;0;0;13.7;13;12.1;12.1;81.4;0;13.9;10.9;11.5;15.2;10.4;286.1111111;0;0;3
22890600;14;11;0;0;13.4;13;11.9;12.1;82.2;0;13.8;10.7;11.3;15;10.4;286.1111111;0;0;3
22891500;13;11;0;0;13.4;12.7;11.8;12.1;82.2;0;13.6;10.5;11.1;14.8;10.4;286.1111111;0;0;3
22892400;13;13;0;0;12.9;13.6;11.7;11.7;82.4;0;13.4;10.3;10.9;14.6;9.4;286.1111111;0;0;2.3
22893300;13;13;0;0;12.9;13.8;11.5;11.7;82.7;0;13.2;10.2;10.7;14.4;9.4;286.1111111;0;0;2.3
22894200;13;11;0;0;12.9;12.9;11.4;11.7;82.7;0;13;9.9;10.5;14.3;9.4;286.1111111;0;0;2.3
22895100;13;11;0;0;12.4;12.2;11.3;11.7;83.2;0;13.1;9.7;10.3;14.1;9.4;286.1111111;0;0;2.3
22896000;12;10;0;0;12.4;11.9;11.2;11.4;83.2;0;13;9.6;10.2;14.2;9;283.3333333;0;0;1.9
22896900;12;10;0;0;12.2;11.5;11.1;11.3;83.4;0;12.6;9.4;10;14;9;283.3333333;0;0;1.9
22897800;12;10;0;0;11.9;11.5;11;11.3;83.3;0;12.3;9.3;10;13.7;9;283.3333333;0;0;1.9
22898700;12;10;0;0;11.9;11.1;11;11.3;83.5;0;12.1;9.2;9.9;13.6;9;283.3333333;0;0;1.9
22899600;12;10;0;0;11.6;11;10.8;9.2;83.7;0;12;9.1;9.8;13.4;8.5;283.3333333;0;0;1.5
22900500;11;10;0;0;11.4;11.3;10.7;9.2;83.9;0;11.9;9;9.7;13.2;8.5;283.3333333;0;0;1.5
22901400;11;12;0;0;11.4;12.5;10.6;9.1;83.9;0;11.8;8.9;9.6;13.1;8.5;283.3333333;0;0;1.5
22902300;12;10;0;0;11.4;12;10.5;8.9;84.5;0;11.7;8.9;9.5;13;8.5;283.3333333;0;0;1.5
22903200;11;9;0;0;11.4;10.9;10.3;8.7;84.7;0;11.6;8.7;9.4;13;8.3;283.3333333;0;0;1.9
22904100;11;9;0;0;11.4;10.5;10.3;8.6;84.7;0;11.8;8.6;9.2;12.9;8.3;283.3333333;0;0;1.9
22905000;11;9;0;0;11.4;10.5;10.2;8.6;84.7;0;11.8;8.5;9.1;13;8.3;283.3333333;0;0;1.9
22905900;11;9;0;0;11;10.5;10.1;8.6;84.8;0;11.5;8.3;9;12.9;8.3;283.3333333;0;0;1.9
22906800;11;9;0;0;10.9;10.4;10.1;8.5;85.2;0;11.3;8.2;8.8;12.7;7.5;280.5555556;0;0;2.1
22907700;11;9;0;0;10.9;10;10;8.5;84.9;0;11.1;8.1;8.7;12.5;7.5;280.5555556;0;0;2.1
22908600;11;9;0;0;10.9;10;9.9;8.4;85.1;0;11;8.1;8.7;12.4;7.5;280.5555556;0;0;2.1
22909500;10;11;0;0;10.4;11.4;9.8;8.3;84.9;0;10.9;8;8.5;12.2;7.5;280.5555556;0;0;2.1
22910400;11;10;0;0;10.4;11.4;9.7;8.2;85;0;10.8;8;8.5;12.1;7.6;277.7777778;0;0;1.4
22911300;11;9;0;0;10.4;10.4;9.7;8.2;85.2;0;10.7;7.8;8.3;12.1;7.6;277.7777778;0;0;1.4
22912200;11;8;0;0;10.4;9.9;9.6;8.1;84.9;0;10.8;7.6;8.2;12;7.6;277.7777778;0;0;1.4
22913100;10;8;0;0;10.4;9.5;9.7;8.1;84.7;0;11;7.6;8.1;12;7.6;277.7777778;0;0;1.4
22914000;10;8;0;0;10.4;9.5;9.6;8;84.7;0;10.7;7.6;8.1;12.1;8;277.7777778;25;47.22222222;1.9
22914900;10;8;0;0;9.9;9.5;9.5;8;84.7;0;10.5;7.5;8.1;11.9;8;277.7777778;25;47.22222222;1.9
22915800;10;8;0;0;9.9;9.4;9.6;7.7;85.1;0;10.3;7.5;8.2;11.8;8;277.7777778;25;47.22222222;1.9
22916700;10;8;0;0;9.9;9;9.9;7.3;85.2;0;10.3;7.7;8.5;11.6;8;277.7777778;25;47.22222222;1.9
22917600;9;9;0;0;9.7;9.7;10.4;7.8;84.8;33.4;10.3;8;9.3;11.5;9.3;280.5555556;52.77777778;202.7777778;3
22918500;9;10;0;0;9.4;10.9;10.9;7.8;83.5;33.4;10.4;8.4;10.4;11.5;9.3;280.5555556;52.77777778;202.7777778;3
22919400;9;10;0;0;9.4;10.5;11.4;8;81.6;33.9;10.7;8.9;11.5;11.6;9.3;280.5555556;52.77777778;202.7777778;3
22920300;10;10;0;0;9.6;10.4;11.7;8.1;80.3;34.2;11.1;9.4;12.5;11.6;9.3;280.5555556;52.77777778;202.7777778;3
22921200;9;8;0;0;9.9;9.6;12.1;9.5;79.1;135.4;11.8;10.3;13.3;11.8;13.2;286.1111111;61.11111111;363.8888889;3.6
22922100;9;8;0;0;9.9;9;12.5;9.9;77.7;160.7;13.4;11.7;14.2;12;13.2;286.1111111;61.11111111;363.8888889;3.6
22923000;9;8;0;0;10.2;9;13.2;9.8;76.5;160.7;15.5;13.4;15.1;12.2;13.2;286.1111111;61.11111111;363.8888889;3.6
22923900;14;9;0;0;13.8;9.3;13.7;9.7;74.6;160.7;17.2;15.5;17.5;12.9;13.2;286.1111111;61.11111111;363.8888889;3.6
22924800;14;12;0;0;15.4;12.7;14.4;11.7;72.5;316.9;17.3;16.6;18.6;13.1;15.4;294.4444444;66.66666667;494.4444444;3.5
22925700;14;11;0;0;14.6;12.5;14.9;11.7;70.5;316.9;19.9;18.1;19.8;13.3;15.4;294.4444444;66.66666667;494.4444444;3.5
22926600;13;13;20;101;14.3;15;15.7;11.5;68.4;316.9;22.2;20.8;21.5;17.4;15.4;294.4444444;66.66666667;494.4444444;3.5
22927500;12;18;44;248;13.6;18.7;16.1;11.2;66.7;316.9;20.3;20.4;20.6;19.2;15.4;294.4444444;66.66666667;494.4444444;3.5
22928400;15;18;36;101;15.8;18.3;16.7;13.1;64.9;446.5;20.7;20.9;20.9;19.3;17.4;302.7777778;66.66666667;600;3.8
22929300;15;18;39;151;15.6;19;17.2;13.6;63;478.9;21.5;21.6;21.5;20.2;17.4;302.7777778;66.66666667;600;3.8
22930200;17;19;33;105;18;19.9;17.8;14.6;61.2;477.4;22.8;22.9;22.8;21.3;17.4;302.7777778;66.66666667;600;3.8
22931100;19;21;33;73;20.2;22;18.2;15.4;59.6;476.1;24.6;24.8;24.8;23.2;17.4;302.7777778;66.66666667;600;3.8
22932000;19;23;38;127;20.9;23.5;18.6;16.6;58.1;501.4;25.8;26;26;24.7;19.2;308.3333333;63.88888889;658.3333333;2.9
22932900;20;23;39;150;20.8;23.8;19.3;17.4;54.9;518.3;26.1;26.3;26.3;25.1;19.2;308.3333333;63.88888889;658.3333333;2.9
22933800;20;23;39;150;20.8;24.2;20.1;17.5;52.2;524.6;26.5;26.7;26.6;25.5;19.2;308.3333333;63.88888889;658.3333333;2.9
22934700;20;24;38;151;20.8;24.3;20.7;17.5;49.6;528.8;26.7;26.9;26.8;25.8;19.2;308.3333333;63.88888889;658.3333333;2.9
22935600;20;24;36;152;21.3;24.9;21.1;19.3;49.9;613;27.3;27.4;27.3;26.4;21.3;316.6666667;61.11111111;663.8888889;2.6
22936500;21;25;33;153;21.4;25.5;21.4;19.3;49.6;613;27.9;28.1;27.9;27.1;21.3;316.6666667;61.11111111;663.8888889;2.6
22937400;21;25;30;154;21.8;26;21.7;19.3;47.3;613;28.4;28.6;28.6;27.5;21.3;316.6666667;61.11111111;663.8888889;2.6
22938300;21;26;27;157;21.8;26.7;21.9;19.3;47.1;613;29.1;29.3;29;28.3;21.3;316.6666667;61.11111111;663.8888889;2.6
22939200;22;27;18;97;22.6;27.4;22.2;20.6;40.8;611.2;30.1;30.4;30.1;29.2;21.8;319.4444444;58.33333333;616.6666667;2
22940100;22;28;10;73;22.9;28.8;22.7;20.6;40.2;611.2;31.7;32;32;30.8;21.8;319.4444444;58.33333333;616.6666667;2
22941000;21;29;22;227;21.1;29.5;23.2;20.6;39.2;611.2;31.7;31.9;31.6;30.9;21.8;319.4444444;58.33333333;616.6666667;2
22941900;22;28;11;69;23.4;29.2;23.4;20.6;40.5;611.2;32;32.5;32.4;31;21.8;319.4444444;58.33333333;616.6666667;2
22942800;21;29;19;221;21.8;30.1;23.6;21.2;42.6;561.3;32;32.6;32.3;30.8;22.1;325;61.11111111;513.8888889;1.9
22943700;21;28;13;111;22.8;28.5;23.6;21.2;43.6;557.7;31;31.4;31.2;29.8;22.1;325;61.11111111;513.8888889;1.9
22944600;22;29;10;70;23.4;29.3;23.7;21.7;43.2;557.7;32.1;32.4;32.4;30.5;22.1;325;61.11111111;513.8888889;1.9
22945500;22;29;9;74;22.9;30;23.8;21.9;44.1;557.7;32.5;33;32.8;31;22.1;325;61.11111111;513.8888889;1.9
22946400;21;28;26;285;21.2;29.6;23.8;22.3;44.9;455.1;31.1;31.5;31.2;29.9;21.9;322.2222222;52.77777778;380.5555556;1.5
22947300;20;24;43;206;21.1;25.3;23.7;22.3;46;455.1;26.8;27.1;27;25.5;21.9;322.2222222;52.77777778;380.5555556;1.5
22948200;19;23;43;177;20.3;23.9;23.6;22.3;44.8;455.1;25.6;25.7;25.8;24.4;21.9;322.2222222;52.77777778;380.5555556;1.5
22949100;19;22;43;157;20;23.2;23.5;22.3;43.7;455.1;25;25;25.1;23.9;21.9;322.2222222;52.77777778;380.5555556;1.5
22950000;19;22;44;142;19.8;22.7;23.6;22.1;39.8;360.8;24.5;24.5;24.6;23.4;22;313.8888889;41.66666667;225;2.2
22950900;18;21;44;128;19.8;22.3;23.5;22.1;38.2;354.1;24;24.1;24.2;23;22;313.8888889;41.66666667;225;2.2
22951800;18;21;44;115;19.7;21.8;23.3;22;33.8;354.1;23.6;23.6;23.8;22.6;22;313.8888889;41.66666667;225;2.2
22952700;18;20;44;101;19.3;21.4;23;22;32.6;354.1;23.1;23.1;23.3;22.2;22;313.8888889;41.66666667;225;2.2
22953600;17;20;29;90;18.5;21.2;22.5;21.6;36.1;222.2;22.8;22.8;23;22;20.5;311.1111111;22.22222222;66.66666667;3
22954500;18;19;23;52;18.7;20.2;21.8;21.5;38.6;201.9;21.9;21.9;22.2;21;20.5;311.1111111;22.22222222;66.66666667;3
22955400;18;19;0;0;18.9;19.8;21.4;21.4;38.8;201.9;22;22;22.4;20.9;20.5;311.1111111;22.22222222;66.66666667;3
22956300;18;19;23;55;18.5;20;20.8;21.4;40.3;201.9;21.7;21.4;22;21;20.5;311.1111111;22.22222222;66.66666667;3
22957200;18;19;0;0;18.9;19.8;20;20.7;43.7;66.5;21.2;20.9;21.5;20.6;18.1;311.1111111;0;0;2
22958100;18;19;0;0;18.9;19.8;19.1;20.7;47.2;66.5;21.1;20.8;21.1;20.7;18.1;311.1111111;0;0;2
22959000;18;19;11;34;18.2;19.6;18.4;20.9;49.2;66.5;20.8;20.6;20.8;20.5;18.1;311.1111111;0;0;2
22959900;15;17;13;38;16.7;17.9;18;21.3;50.3;66.5;19.2;18.8;19.2;18.9;18.1;311.1111111;0;0;2
22960800;16;17;0;0;17.4;17.8;17.7;20.2;53.1;17.7;19.1;18.6;19;19;16.8;311.1111111;0;0;1.7
22961700;16;18;0;0;17.4;18.6;17.2;19.8;54.6;0;19.2;18.5;19.2;19.2;16.8;311.1111111;0;0;1.7
22962600;16;19;0;0;17.4;19.3;16.8;19.5;56.7;0;19.4;18;19.3;19.3;16.8;311.1111111;0;0;1.7
22963500;16;17;0;0;17.4;18.9;16.4;19.1;59.2;0;19.5;17.5;19.4;19.5;16.8;311.1111111;0;0;1.7
22964400;16;18;0;0;17.4;18.6;16.3;18.1;61;0;19.6;17.2;19.4;19.8;17.1;313.8888889;0;0;2.9
22965300;16;16;0;0;17.4;17.5;16.3;17.9;61.5;0;19.7;16.9;19.1;20.2;17.1;313.8888889;0;0;2.9
22966200;16;16;0;0;17.4;17;16;17.5;63.1;0;19.9;16.5;18.6;20.5;17.1;313.8888889;0;0;2.9
22967100;16;16;0;0;17.4;16.8;15.8;17;64.4;0;20;16.2;17.7;20.4;17.1;313.8888889;0;0;2.9
22968000;16;16;0;0;17.4;16.3;15.8;16;65.5;0;20.1;15.9;16.7;20.4;16.2;313.8888889;0;0;2.8
22968900;16;15;0;0;17.4;16.1;15.9;15.9;65.8;0;20;15.8;16.5;20.1;16.2;313.8888889;0;0;2.8
22969800;16;15;0;0;17.4;16.4;15.8;15.8;66.3;0;18.8;15.7;16.3;19.4;16.2;313.8888889;0;0;2.8
22970700;16;16;0;0;17.3;17.3;15.5;15.7;68.2;0;18.1;15.5;15.9;18.9;16.2;313.8888889;0;0;2.8
22971600;16;16;0;0;16.9;17.2;15.3;15.1;69.7;0;18.2;15.2;15.7;18.6;14.5;308.3333333;0;0;2.2
22972500;16;15;0;0;16.9;16.6;15.3;14.9;70.3;0;18.2;15.1;15.6;18.6;14.5;308.3333333;0;0;2.2
22973400;16;15;0;0;16.9;16.3;15.1;15.5;71.3;0;17.9;15;15.6;18.5;14.5;308.3333333;0;0;2.2
22974300;16;15;0;0;16.7;16.1;14.9;14.35;71.85;0;17.6;14.8;15.45;18.25;14.5;308.3333333;0;0;2.2
22975200;16;15;0;0;16.5;15.9;14.7;13.2;72.4;0;17.3;14.6;15.3;18;15;305.5555556;0;0;2.6
22976100;16;15;0;0;16.4;15.8;14.3;12.1;74.5;0;17.1;14.2;15;17.8;15;305.5555556;0;0;2.6
22977000;16;14;0;0;16.4;15.8;14.1;12.1;75.4;0;16.8;13.9;14.7;17.5;15;305.5555556;0;0;2.6
22977900;16;14;0;0;16.8;14.9;14;12.1;76;0;16.6;13.8;14.7;17.4;15;305.5555556;0;0;2.6
22978800;16;15;0;0;17;15.1;14.2;11.8;76.5;0;16.6;13.8;14.7;17.2;15;302.7777778;0;0;1
22979700;16;15;0;0;16.5;15.8;14.2;11.7;76.8;0;16.5;13.7;14.6;17.2;15;302.7777778;0;0;1
22980600;16;14;0;0;16.1;15;14.1;11.7;76.8;0;16.3;13.6;14.5;17.1;15;302.7777778;0;0;1
22981500;16;13;0;0;15.9;14.8;14.4;11.7;76.6;0;15.9;13.6;14.5;16.9;15;302.7777778;0;0;1
22982400;16;13;0;0;15.7;14.8;14.3;11.3;76.2;0;15.8;13.7;14.6;16.6;13.3;300;0;0;1.9
22983300;15;13;0;0;15.4;14.8;14.2;11.3;77.2;0;15.8;13.6;14.6;16.6;13.3;300;0;0;1.9
22984200;15;13;0;0;15.4;14.3;14.4;11.3;76.3;0;15.7;13.6;14.6;16.5;13.3;300;0;0;1.9
22985100;15;13;0;0;15.4;14.3;14.2;11.3;75.9;0;15.7;13.5;14.4;16.5;13.3;300;0;0;1.9
22986000;15;13;0;0;15.4;14.3;13.9;13.1;76.3;0;15.7;13.3;14.1;16.5;14.5;302.7777778;0;0;1.8
22986900;15;14;0;0;15.4;14.6;13.7;13.8;77.2;0;15.7;12.9;13.7;16.4;14.5;302.7777778;0;0;1.8
22987800;16;14;0;0;16.1;14.6;13.4;14.1;77.4;0;15.6;12.6;13.3;16.4;14.5;302.7777778;0;0;1.8
22988700;17;13;0;0;16.8;13.7;13.1;14.5;78.9;0;15.6;12.2;12.9;16.3;14.5;302.7777778;0;0;1.8
22989600;16;12;0;0;15.8;13.8;12.9;14.1;79.9;0;15.5;11.9;12.7;16.2;13.9;302.7777778;0;0;1
22990500;16;12;0;0;15.3;13.8;12.8;14;79.8;0;15.4;11.9;12.6;16.2;13.9;302.7777778;0;0;1
22991400;15;12;0;0;14.9;13.8;12.9;13.6;80;0;14.8;11.9;12.6;16;13.9;302.7777778;0;0;1
22992300;15;12;0;0;14.5;13.3;13.2;13;80.5;0;14.5;12;12.7;15.5;13.9;302.7777778;0;0;1
22993200;14;12;0;0;14.4;13.3;13.4;12.8;79.7;0;14.3;12.1;12.9;15.2;13.3;302.7777778;0;0;1.3
22994100;14;12;0;0;14.4;13.3;13.4;12.7;78.9;0;14.3;12.2;13;15;13.3;302.7777778;0;0;1.3
22995000;15;11;0;0;15.6;11.8;13.5;13.2;79;0;14.2;12.3;12.9;15;13.3;302.7777778;0;0;1.3
22995900;16;13;0;0;16;12.7;13.8;14.2;78.7;0;14.3;12.4;12.9;15;13.3;302.7777778;0;0;1.3
22996800;17;12;0;0;16.6;13.2;13.8;13.9;78.4;0;14.4;12.4;13.1;15;13.1;302.7777778;0;0;1.6
22997700;18;11;0;0;17.2;12;13.9;13.9;77.5;0;14.4;12.5;13.1;15.1;13.1;302.7777778;0;0;1.6
22998600;14;10;1;0;14.5;11.3;14;13.7;77.4;0;14.2;12.5;13.2;15.2;13.1;302.7777778;0;0;1.6
22999500;14;10;0;0;14.9;11.3;14.1;13.6;76.8;0;14.6;12.5;13.2;15.2;13.1;302.7777778;0;0;1.6
23000400;14;11;0;0;14.9;11.3;13.9;13.3;77.1;0;14.6;12.5;13.1;15.2;12.4;313.8888889;25;41.66666667;1.8
23001300;13;11;1;0;14.2;11.6;13.8;13.3;77.3;0;14.4;12.4;13.2;15.2;12.4;313.8888889;25;41.66666667;1.8
23002200;12;11;0;0;13.1;11.3;13.8;13.2;77.3;0;14.4;12.4;13.1;15.3;12.4;313.8888889;25;41.66666667;1.8
23003100;13;11;0;0;13.5;11.3;13.9;13.1;77.2;0;14.7;12.5;13.3;15.1;12.4;313.8888889;25;41.66666667;1.8
23004000;13;12;0;0;13.6;12;14.2;13.3;76.7;21.3;14.8;12.6;13.9;15.2;14.1;308.3333333;58.33333333;188.8888889;2.1
23004900;13;13;0;0;13.6;13.8;14.6;13.4;76;26.6;14.8;12.8;14.9;15.2;14.1;308.3333333;58.33333333;188.8888889;2.1
23005800;13;13;0;0;13.7;13.7;15;13.4;74.8;25.9;15.1;13.1;16;15.3;14.1;308.3333333;58.33333333;188.8888889;2.1
23006700;12;13;0;0;13.6;13.2;15.6;13.5;73.6;25.1;16.6;13.8;17.5;15.5;14.1;308.3333333;58.33333333;188.8888889;2.1
23007600;13;12;0;0;14.1;13.5;16.2;14.2;72;107.5;16.6;15.1;18;15.5;16.3;319.4444444;113.8888889;361.1111111;2.3
23008500;13;12;0;0;14.1;12.8;16.7;14.4;70.9;128.1;17.9;16.9;19;15.6;16.3;319.4444444;113.8888889;361.1111111;2.3
23009400;13;12;0;0;14.1;12.7;17.2;14;68.7;128.1;19.9;18.5;20.1;15.8;16.3;319.4444444;113.8888889;361.1111111;2.3
23010300;15;15;24;63;15.7;16.1;17.8;13.3;67.1;128.1;21.9;21;22;19.2;16.3;319.4444444;113.8888889;361.1111111;2.3
23011200;15;18;39;146;16.3;19.4;18.4;14.3;65.8;214;21.3;21.3;21.5;20.3;17.3;338.8888889;186.1111111;411.1111111;3.3
23012100;17;19;25;57;18.1;19.7;19.1;14.7;63.5;245.3;22.1;22.3;22.3;21;17.3;338.8888889;186.1111111;411.1111111;3.3
23013000;18;20;33;66;19.4;21;19.4;15;62;245.3;23.6;23.6;23.8;22.4;17.3;338.8888889;186.1111111;411.1111111;3.3
23013900;20;22;33;67;20.9;22.5;19.8;15.4;60.8;245.3;25;25.1;25.2;23.7;17.3;338.8888889;186.1111111;411.1111111;3.3
23014800;20;21;33;59;20.9;22.4;19.5;16.5;61.1;340.8;24;24;24.2;22.8;18;336.1111111;166.6666667;411.1111111;3.1
23015700;20;21;33;65;20.6;22.2;19.9;16.9;60.6;375.5;24.7;24.7;24.9;23.8;18;336.1111111;166.6666667;411.1111111;3.1
23016600;22;24;31;71;22.6;24.4;20.8;17.3;57.3;373;27;27.1;27.3;25.8;18;336.1111111;166.6666667;411.1111111;3.1
23017500;22;24;28;66;23;25.1;21.2;17.8;56.2;369.2;27;27.1;27.2;26;18;336.1111111;166.6666667;411.1111111;3.1
23018400;21;25;30;135;22.1;25.9;21.8;18.7;54.1;432.7;28.5;28.4;28.4;27.7;19.4;333.3333333;144.4444444;663.8888889;3
23019300;21;26;27;159;21.9;26.8;22.6;19.2;52.9;464.4;29.3;29.2;29.2;28.4;19.4;333.3333333;144.4444444;663.8888889;3
23020200;21;27;22;155;21.9;28.1;22.8;19.1;51.3;467.8;30.8;30.9;30.7;29.8;19.4;333.3333333;144.4444444;663.8888889;3
23021100;21;28;18;155;21.9;29;22.9;18.9;50.4;472.8;31.4;31.7;31.4;30.4;19.4;333.3333333;144.4444444;663.8888889;3
23022000;21;28;18;152;21.9;29.1;22.7;19.6;50.7;517.2;31.5;31.7;31.5;30.6;20.5;333.3333333;108.3333333;630.5555556;1.9
23022900;21;28;15;111;22.3;29.1;22.5;19.9;51.7;533.3;31.6;31.7;31.6;30.7;20.5;333.3333333;108.3333333;630.5555556;1.9
23023800;21;29;22;280;21;29.6;22.5;19.6;51.3;533.3;31.6;31.8;31.8;31.1;20.5;333.3333333;108.3333333;630.5555556;1.9
23024700;22;28;11;80;23.2;28.9;22.8;19.1;49.5;533.3;31.8;32;31.9;31.1;20.5;333.3333333;108.3333333;630.5555556;1.9
23025600;21;29;21;245;21.5;29.7;22.9;19.8;48.6;530.1;31.9;31.9;31.8;31.1;21.9;333.3333333;77.77777778;569.4444444;1.2
23026500;21;28;13;93;23.2;28.7;23;20;48.6;528.9;31.6;31.6;31.6;30.7;21.9;333.3333333;77.77777778;569.4444444;1.2
23027400;22;29;11;102;22.9;29.8;23.2;20.1;48.1;528.9;32.7;32.8;32.6;31.5;21.9;333.3333333;77.77777778;569.4444444;1.2
23028300;21;28;20;242;21.4;28.8;23.4;20.2;46.6;528.9;30.9;31.2;30.8;29.9;21.9;333.3333333;77.77777778;569.4444444;1.2
23029200;22;28;10;70;23.4;29.3;23.4;20.5;46.9;509.6;32.1;32.4;32.4;30.8;22.1;338.8888889;77.77777778;480.5555556;1.6
23030100;22;29;8;71;23.4;30.1;23.7;20.6;46.5;502.6;32.8;33.3;33;31.2;22.1;338.8888889;77.77777778;480.5555556;1.6
23031000;22;30;5;161;22.4;30.6;24;20.7;46.2;502.6;32.8;33.3;32.8;31.2;22.1;338.8888889;77.77777778;480.5555556;1.6
23031900;21;28;14;200;22.2;28.9;24.2;20.9;46.1;502.6;31.2;31.4;31.2;29.9;22.1;338.8888889;77.77777778;480.5555556;1.6
23032800;20;27;34;281;21.2;27.9;24.2;21.1;45.6;452.1;29.3;29.6;29.5;27.9;21.8;336.1111111;63.88888889;352.7777778;3
23033700;19;24;43;200;20.7;24.7;24.3;21.2;45.8;433.8;26.5;26.7;26.5;25.1;21.8;336.1111111;63.88888889;352.7777778;3
23034600;19;23;43;178;20.2;23.9;24.4;21.6;45.6;433.8;25.7;25.7;25.7;24.5;21.8;336.1111111;63.88888889;352.7777778;3
23035500;19;22;43;159;20.1;23.3;24.3;22.2;46.8;433.8;25;25;25.1;23.9;21.8;336.1111111;63.88888889;352.7777778;3
23036400;19;22;43;140;19.9;22.7;24;22;47.8;341.9;24.4;24.4;24.6;23.4;21;333.3333333;47.22222222;197.2222222;2.9
23037300;18;21;43;124;19.6;22.1;23.8;21.9;49.1;308.5;23.9;23.9;24;22.9;21;333.3333333;47.22222222;197.2222222;2.9
23038200;18;20;43;108;19.6;21.6;23.5;21.9;50.1;308.5;23.4;23.4;23.5;22.4;21;333.3333333;47.22222222;197.2222222;2.9
23039100;18;20;43;93;19.3;21.1;23.2;21.9;51;308.5;22.9;22.9;23.1;21.9;21;333.3333333;47.22222222;197.2222222;2.9
23040000;18;19;43;77;19.1;20.6;22.7;21.4;52.2;203.4;22.3;22.3;22.5;21.4;19.6;325;19.44444444;52.77777778;2.5
23040900;18;19;39;54;19.1;20;22.2;21.3;53.2;177.1;21.8;21.7;22;21;19.6;325;19.44444444;52.77777778;2.5
23041800;18;19;9;28;18.7;19.7;21.7;21.3;54.4;177.1;21.9;21.7;22.1;21;19.6;325;19.44444444;52.77777778;2.5
23042700;16;18;24;79;16.9;19;21.1;21.3;55.5;177.1;20.4;20.1;20.6;19.8;19.6;325;19.44444444;52.77777778;2.5
23043600;17;17;0;0;17.9;18.6;20.5;20.5;58.1;77.7;20;19.9;20.3;19.5;17.7;319.4444444;0;0;3.5
23044500;17;18;0;0;18.3;18.6;19.8;20.3;60.1;52.8;20.1;20.5;20.3;19.6;17.7;319.4444444;0;0;3.5
23045400;17;18;0;0;18.1;18.6;19.1;20.3;62.7;52.8;20.2;20.3;20.3;19.8;17.7;319.4444444;0;0;3.5
23046300;17;18;0;0;17.9;18.6;18.6;20.2;64.1;52.8;20.2;19.9;20.3;19.9;17.7;319.4444444;0;0;3.5
23047200;17;18;0;0;17.9;18.8;18.2;19.3;65.4;14.1;20.3;19.4;20.4;20;17.2;316.6666667;0;0;4.2
23048100;16;18;17;50;16.6;18.5;17.7;19;67.4;0;19.6;18.6;19.6;19.1;17.2;316.6666667;0;0;4.2
23049000;14;16;6;17;15.2;16.7;17.3;18.8;68.9;0;17.6;17.2;17.5;17.5;17.2;316.6666667;0;0;4.2
23049900;15;16;0;0;15.8;17.1;16.9;18.6;70.4;0;17.7;17.1;17.5;17.6;17.2;316.6666667;0;0;4.2
23050800;15;16;0;0;16;17.1;16.7;17.7;72;0;17.9;17;17.4;17.9;17.2;313.8888889;0;0;3.5
23051700;15;16;0;0;16;17.1;16.4;17.3;73.4;0;18;16.7;17.7;18.1;17.2;313.8888889;0;0;3.5
23052600;15;16;0;0;16;17.1;16.2;16.9;74.3;0;18.2;16.4;17.8;18.4;17.2;313.8888889;0;0;3.5
23053500;15;16;0;0;16;17.1;16;16.5;75.3;0;18.3;16.1;17.5;18.9;17.2;313.8888889;0;0;3.5
23054400;15;16;0;0;16;17.1;15.8;15.8;76;0;18.5;15.8;17;19.6;14.8;308.3333333;0;0;3.9
23055300;15;16;0;0;16;16.8;15.6;15.6;76.6;0;18.6;15.6;16.6;19.8;14.8;308.3333333;0;0;3.9
23056200;15;16;0;0;16;16.7;15.5;15.8;77;0;18.8;15.3;16.1;19.6;14.8;308.3333333;0;0;3.9
23057100;15;17;0;0;16;17.6;15.3;16.2;77.7;0;19;15;15.7;19.2;14.8;308.3333333;0;0;3.9
23058000;15;16;0;0;16.3;17.6;15;15.5;78.1;0;18.7;14.6;15.2;18.8;14.2;308.3333333;0;0;3.9
23058900;16;15;0;0;16.5;16.2;14.9;15.4;79.1;0;17.9;14.3;14.8;18.4;14.2;308.3333333;0;0;3.9
23059800;16;14;0;0;16.5;15.7;14.7;15.9;79.7;0;17.7;14;14.5;18.1;14.2;308.3333333;0;0;3.9
23060700;16;14;0;0;16.25;15.4;14.55;14.45;80.2;0;17.25;13.8;14.3;18.05;14.2;308.3333333;0;0;3.9
23061600;16;14;0;0;16;15.1;14.4;13;80.7;0;16.8;13.6;14.1;18;13.6;305.5555556;0;0;3.2
23062500;15;14;0;0;16;15.1;14.3;12.1;80.6;0;16.3;13.4;14;17.5;13.6;305.5555556;0;0;3.2
23063400;15;14;0;0;15.5;15.1;14.3;12.1;80.9;0;15.9;13.2;13.9;17;13.6;305.5555556;0;0;3.2
23064300;15;13;0;0;15.5;14.8;14;12.1;81;0;15.7;13;13.6;16.7;13.6;305.5555556;0;0;3.2
23065200;15;15;0;0;15.1;15.3;13.9;11.8;81.1;0;15.5;12.7;13.4;16.5;12.5;302.7777778;0;0;3.8
23066100;15;14;0;0;15;15.6;13.8;11.7;81.6;0;15.3;12.5;13.2;16.4;12.5;302.7777778;0;0;3.8
23067000;15;13;0;0;15;14.9;13.7;11.7;82;0;15.2;12.3;13.1;16.2;12.5;302.7777778;0;0;3.8
23067900;15;13;0;0;15;14.3;13.5;11.7;82.2;0;15.2;12.2;12.9;16.1;12.5;302.7777778;0;0;3.8
23068800;15;13;0;0;14.6;14.1;13.4;11.4;82;0;15.2;12;12.7;16.2;11.8;297.2222222;0;0;3
23069700;14;12;0;0;14.5;13.7;13.3;11.3;82.5;0;14.9;11.9;12.5;16.1;11.8;297.2222222;0;0;3
23070600;15;11;0;0;16.1;12.3;13.2;11.3;82.5;0;14.6;11.8;12.4;15.8;11.8;297.2222222;0;0;3
23071500;15;12;0;0;14.9;12.4;13.1;11.3;82.8;0;14.5;11.7;12.3;15.5;11.8;297.2222222;0;0;3
23072400;15;12;0;0;14.4;12.6;12.9;12.3;83.3;0;14.3;11.5;12.1;15.3;11.2;297.2222222;0;0;2.5
23073300;15;13;0;0;14;13.1;12.8;12.3;83.4;0;14.1;11.4;12;15.2;11.2;297.2222222;0;0;2.5
23074200;14;13;0;0;13.8;14.5;12.8;12.1;83.3;0;13.9;11.2;11.8;15;11.2;297.2222222;0;0;2.5
23075100;14;12;0;0;13.4;13.9;12.7;12;83.7;0;13.8;11.1;11.7;14.8;11.2;297.2222222;0;0;2.5
23076000;14;12;0;0;13.4;13.1;12.6;11.5;83.6;0;13.7;11;11.7;14.7;10.7;294.4444444;0;0;2.7
23076900;13;11;0;0;13.4;12.7;12.5;11.5;83.8;0;13.9;11;11.7;14.7;10.7;294.4444444;0;0;2.7
23077800;13;11;0;0;13.9;12.4;12.3;11.4;84;0;13.8;10.9;11.6;14.8;10.7;294.4444444;0;0;2.7
23078700;16;10;0;0;15.2;10.5;12.3;11.3;84.5;0;13.7;10.8;11.5;14.7;10.7;294.4444444;0;0;2.7
23079600;15;11;0;0;13.5;11.3;12.2;11.1;84.5;0;13.5;10.8;11.4;14.5;10.5;294.4444444;0;0;3
23080500;15;11;0;0;13.3;11.7;12.2;11.1;84.4;0;13.2;10.7;11.4;14.4;10.5;294.4444444;0;0;3
23081400;14;11;1;0;13.1;11.8;12.1;11;84.3;0;13;10.6;11.2;14.3;10.5;294.4444444;0;0;3
23082300;13;12;0;0;14;11.7;11.9;10.9;84.3;0;13;10.5;11.1;14.2;10.5;294.4444444;0;0;3
23083200;14;12;0;0;14;12.6;11.8;10.7;84.2;0;13.1;10.4;11;14.1;9.9;288.8888889;0;0;2.1
23084100;13;11;0;0;13.2;12.2;11.6;10.6;84.5;0;13;10.3;10.8;14.2;9.9;288.8888889;0;0;2.1
23085000;13;10;0;0;12.9;11.7;11.4;10.5;84.8;0;12.9;10.2;10.7;14.1;9.9;288.8888889;0;0;2.1
23085900;13;10;0;0;12.8;11.6;11.3;10.4;84.5;0;12.6;10;10.5;13.8;9.9;288.8888889;0;0;2.1
23086800;12;9;1;0;12.5;10.6;11.4;10.3;84.5;0;12.4;9.9;10.4;13.6;10.1;288.8888889;22.22222222;41.66666667;1.8
23087700;12;9;0;0;12.5;9.5;11.4;10.2;84.5;0;12.7;9.9;10.5;13.6;10.1;288.8888889;22.22222222;41.66666667;1.8
23088600;12;9;0;0;12.9;10;11.4;10.2;84.5;0;12.6;9.9;10.6;13.7;10.1;288.8888889;22.22222222;41.66666667;1.8
23089500;13;9;0;0;12.7;10.2;11.7;10.2;84.5;0;12.5;10;10.9;13.7;10.1;288.8888889;22.22222222;41.66666667;1.8
23090400;12;11;0;0;12.1;11.3;11.9;10.8;84.3;29.9;12.3;10.2;11.4;13.5;11.7;291.6666667;44.44444444;194.4444444;1.1
23091300;12;12;0;0;11.9;12.5;12.3;10.8;83.6;29.9;12.2;10.3;12.3;13.1;11.7;291.6666667;44.44444444;194.4444444;1.1
23092200;11;12;0;0;11.9;12.5;12.8;10.6;81.6;28.9;12.3;10.6;13.4;13.1;11.7;291.6666667;44.44444444;194.4444444;1.1
23093100;11;12;0;0;11.9;12.4;13.3;10.4;80.3;28.3;12.7;11.1;14.3;13.1;11.7;291.6666667;44.44444444;194.4444444;1.1
23094000;11;10;0;0;11.9;11.5;13.8;11.8;78.8;140.6;13.5;11.9;15.2;13.3;13.9;300;58.33333333;352.7777778;1.4
23094900;11;10;0;0;11.9;11;14.3;11.9;77;148.6;14.9;13.3;16.2;13.5;13.9;300;58.33333333;352.7777778;1.4
23095800;11;10;0;0;11.9;11;14.9;11.7;75.2;148.6;17;15;17.1;13.7;13.9;300;58.33333333;352.7777778;1.4
23096700;11;10;0;0;12.4;11;15.4;11.5;73.4;148.6;19.1;16.2;18.2;14;13.9;300;58.33333333;352.7777778;1.4
23097600;11;10;0;0;12.4;11.1;16.1;13.3;71.7;261.3;20.8;17.8;19.2;14.2;16.7;311.1111111;66.66666667;477.7777778;1.8
23098500;12;11;0;0;12.7;11.5;16.5;13.7;69.6;289.5;22.5;19.4;20.3;14.5;16.7;311.1111111;66.66666667;477.7777778;1.8
23099400;16;17;34;109;16.5;17.9;17.1;13.7;68.7;289.5;23.2;22.5;23;20.2;16.7;311.1111111;66.66666667;477.7777778;1.8
23100300;18;20;43;107;18.8;20.8;17.7;13.8;67.4;289.5;23.1;23.2;23.5;21.8;16.7;311.1111111;66.66666667;477.7777778;1.8
23101200;18;21;43;127;18.8;21.4;18.5;15.6;65.2;443.1;23.7;23.9;23.9;22.5;19.1;325;75;575;1.9
23102100;18;21;43;142;19.1;21.9;19;16.1;63.8;481.5;24.1;24.5;24.4;23.1;19.1;325;75;575;1.9
23103000;18;22;43;156;19.3;22.4;19.5;16.1;62.8;479.9;24.8;25;25;23.6;19.1;325;75;575;1.9
23103900;19;22;43;169;19.6;22.9;20.2;16.2;61.9;478;25.3;25.4;25.4;24.1;19.1;325;75;575;1.9
23104800;19;22;43;176;19.6;23.2;20.9;17.8;60;507.8;25.5;25.6;25.7;24.5;21.8;333.3333333;80.55555556;630.5555556;1.7
23105700;19;23;43;182;19.8;23.6;21.5;18.4;58.3;518.6;25.8;25.9;25.9;24.7;21.8;333.3333333;80.55555556;630.5555556;1.7
23106600;19;23;43;187;20.1;23.7;21.9;18.7;56.5;523.2;26;26.2;26.1;25;21.8;333.3333333;80.55555556;630.5555556;1.7
23107500;19;23;43;193;20.1;24;22.2;19.1;55.1;530.2;26.2;26.4;26.4;25.3;21.8;333.3333333;80.55555556;630.5555556;1.7
23108400;19;23;43;198;20.1;24.2;22.5;20.3;52.5;598;26.4;26.6;26.6;25.5;23.1;338.8888889;72.22222222;633.3333333;2
23109300;19;24;43;204;20.2;24.4;23;20.8;51.9;622.7;26.7;26.8;26.8;25.8;23.1;338.8888889;72.22222222;633.3333333;2
23110200;20;24;43;208;20.6;24.7;23.4;20.8;50.5;622.7;26.8;27.1;27;26;23.1;338.8888889;72.22222222;633.3333333;2
23111100;20;24;43;213;20.6;24.7;23.7;20.8;50.2;622.7;27.1;27.3;27.2;26.2;23.1;338.8888889;72.22222222;633.3333333;2
23112000;20;24;43;216;20.6;25.1;24.2;21.8;49.7;623.1;27.3;27.5;27.3;26.3;24.2;344.4444444;88.88888889;555.5555556;1.7
23112900;20;24;43;219;20.6;25.2;24.6;22.1;49.1;623.3;27.5;27.6;27.5;26.4;24.2;344.4444444;88.88888889;555.5555556;1.7
23113800;20;25;43;221;20.6;25.2;25;22.5;48;623.3;27.6;27.8;27.6;26.4;24.2;344.4444444;88.88888889;555.5555556;1.7
23114700;20;25;43;225;21.1;25.5;25.4;23.1;45.9;623.3;27.8;28;27.8;26.5;24.2;344.4444444;88.88888889;555.5555556;1.7
23115600;20;25;43;221;21.1;25.7;25.6;23.5;45.1;579.8;27.7;27.9;27.8;26.3;24.3;358.3333333;188.8888889;308.3333333;0.9
23116500;20;24;43;181;21.1;24.8;25.7;23.7;45.2;564;26.5;26.6;26.6;25.2;24.3;358.3333333;188.8888889;308.3333333;0.9
23117400;19;23;43;156;20.7;24;25.9;23.8;44.2;564;25.7;25.7;25.8;24.6;24.3;358.3333333;188.8888889;308.3333333;0.9
23118300;19;22;43;152;20.6;23.7;26.3;23.9;43.6;564;25.6;25.6;25.7;24.5;24.3;358.3333333;188.8888889;308.3333333;0.9
23119200;19;23;43;175;20.6;24;26.8;24;41;508;26.4;26.5;26.5;25.2;25.2;358.3333333;144.4444444;355.5555556;2.2
23120100;20;24;43;195;20.7;24.7;27.2;24.1;40.3;487.6;27;27.1;27.1;25.7;25.2;358.3333333;144.4444444;355.5555556;2.2
23121000;20;24;43;186;21.1;24.7;27.5;24.3;41.3;487.6;26.9;26.9;26.9;25.6;25.2;358.3333333;144.4444444;355.5555556;2.2
23121900;20;23;43;170;21.1;24.5;27.4;24.6;39.8;487.6;26.4;26.4;26.4;25.2;25.2;358.3333333;144.4444444;355.5555556;2.2
23122800;20;23;43;151;21.1;24;27.2;24.2;40.8;371.9;25.8;25.8;25.8;24.6;23.4;369.4444444;69.44444444;94.44444444;2.5
23123700;19;22;43;131;20.6;23.4;26.8;24;40.5;329.8;25.2;25.1;25.2;24.1;23.4;369.4444444;69.44444444;94.44444444;2.5
23124600;19;21;43;105;20.6;22.5;26.3;24;41.8;329.8;24.3;24.2;24.4;23.3;23.4;369.4444444;69.44444444;94.44444444;2.5
23125500;19;21;43;87;20.1;21.8;25.9;23.9;43.9;329.8;23.7;23.6;23.8;22.7;23.4;369.4444444;69.44444444;94.44444444;2.5
23126400;19;20;43;72;20.1;21.4;25.4;23.2;45.7;219;23.2;23.1;23.3;22.3;22.6;375;36.11111111;44.44444444;3.4
23127300;19;20;43;61;19.9;21;25;23;47.9;178.7;22.8;22.7;23;22;22.6;375;36.11111111;44.44444444;3.4
23128200;18;20;30;42;19.6;20.7;24.6;23.6;49.7;178.7;22.7;22.5;22.8;21.8;22.6;375;36.11111111;44.44444444;3.4
23129100;18;20;0;0;19.6;20.7;24.3;24.4;51.8;178.7;22.9;22.9;23.2;21.9;22.6;375;36.11111111;44.44444444;3.4
23130000;19;20;23;51;19.4;20.9;23.6;23.4;54;78.2;22.9;22.7;22.9;22;21.2;355.5555556;0;0;1.8
23130900;19;20;0;0;19.6;20.7;22.8;23.1;56.7;41.6;22.4;22.2;22.4;21.6;21.2;355.5555556;0;0;1.8
23131800;18;19;23;33;19.2;20.3;22.1;22.7;58.5;41.6;22;21.8;22;21.3;21.2;355.5555556;0;0;1.8
23132700;18;19;0;0;19.2;19.7;21.5;22.3;60.8;41.6;21.6;21.4;21.6;21;21.2;355.5555556;0;0;1.8
23133600;18;19;0;0;19.6;19.7;21;21.5;62.8;8.3;21.6;21.3;21.5;21.1;20.2;372.2222222;0;0;1.2
23134500;19;20;0;0;19.6;20.5;20.8;21.3;64.5;0;21.6;21.3;21.4;21.2;20.2;372.2222222;0;0;1.2
23135400;19;21;0;0;19.6;21.2;20.6;21.6;65.5;0;21.6;21.3;21.5;21.3;20.2;372.2222222;0;0;1.2
23136300;19;20;0;0;19.9;21;20.8;21.8;65.7;0;21.8;21.5;21.6;21.4;20.2;372.2222222;0;0;1.2
23137200;19;20;0;0;20.1;20.7;20.9;20.2;66.1;0;21.8;21.5;21.6;21.5;19.6;361.1111111;0;0;2.3
23138100;19;20;0;0;20.1;20.7;20.7;20.2;67;0;21.9;21.4;21.6;21.6;19.6;361.1111111;0;0;2.3
23139000;19;20;0;0;20.1;20.7;20.4;20;67.9;0;22;21.1;21.5;21.7;19.6;361.1111111;0;0;2.3
23139900;19;20;0;0;20.1;20.7;20.2;19.8;68.8;0;22.1;20.8;21.3;21.7;19.6;361.1111111;0;0;2.3
23140800;19;20;0;0;20.1;20.7;20;19.1;69.8;0;22.2;20.6;21.1;21.6;18.8;358.3333333;0;0;2.7
23141700;19;20;0;0;20.1;20.7;19.7;19;70.9;0;22.2;20.3;20.8;21.7;18.8;358.3333333;0;0;2.7
23142600;19;20;0;0;20.1;20.7;19.4;19.3;72.2;0;22.2;20;20.4;21.7;18.8;358.3333333;0;0;2.7
23143500;19;21;0;0;20.1;21.2;19.4;19.5;72.7;0;22.3;19.7;20.2;21.8;18.8;358.3333333;0;0;2.7
23144400;19;20;0;0;20.1;21.2;19.4;18.8;72.7;0;22.3;19.6;20;21.7;17.4;358.3333333;0;0;1.1
23145300;19;19;0;0;20.1;20.6;19.3;18.7;73.1;0;22;19.4;19.9;21.7;17.4;358.3333333;0;0;1.1
23146200;19;19;0;0;20.1;20.2;19.2;18.8;73.7;0;21.9;19.2;19.7;21.6;17.4;358.3333333;0;0;1.1
23147100;19;19;0;0;20.1;20.05;19.15;16.15;74;0;21.55;19.05;19.55;21.5;17.4;358.3333333;0;0;1.1
23148000;19;19;0;0;20.1;19.9;19.1;13.5;74.3;0;21.2;18.9;19.4;21.4;18.1;377.7777778;0;0;1.4
23148900;19;18;0;0;19.9;19.7;19.2;12.1;74.4;0;20.8;18.8;19.3;21.1;18.1;377.7777778;0;0;1.4
23149800;19;18;0;0;19.6;19.5;19.4;12.1;74.1;0;20.7;18.8;19.3;20.9;18.1;377.7777778;0;0;1.4
23150700;19;18;0;0;19.6;19.2;19.4;12.1;74.2;0;20.6;18.8;19.3;20.7;18.1;377.7777778;0;0;1.4
23151600;19;19;0;0;19.5;19.9;19.5;11.8;73.8;0;20.5;18.8;19.3;20.5;17.7;380.5555556;0;0;2.1
23152500;19;19;0;0;19.1;20.2;19.5;11.7;73.7;0;20.4;18.8;19.3;20.5;17.7;380.5555556;0;0;2.1
23153400;19;18;0;0;19.1;19.5;19.5;11.7;73.2;0;20.3;18.8;19.4;20.4;17.7;380.5555556;0;0;2.1
23154300;19;18;0;0;19.1;19.2;19.5;11.7;73.4;0;20.3;18.8;19.3;20.3;17.7;380.5555556;0;0;2.1
23155200;19;18;0;0;19.1;19.2;19.6;16.6;73;0;20.2;18.9;19.4;20.3;18.7;361.1111111;0;0;2.2
23156100;19;18;0;0;19.1;19.2;20;16.6;72;0;20.4;19.2;19.7;20.2;18.7;361.1111111;0;0;2.2
23157000;19;18;0;0;19.1;18.7;20.3;16.6;71.2;0;20.5;19.5;20;20.3;18.7;361.1111111;0;0;2.2
23157900;19;18;0;0;19.1;18.7;19.9;16.6;71.7;0;20.5;19.6;20.1;20.4;18.7;361.1111111;0;0;2.2
23158800;19;18;0;0;19.1;18.7;19.6;17.1;72.9;0;20.5;19.5;19.9;20.4;16.6;355.5555556;0;0;2
23159700;18;19;0;0;19.1;19;19.4;17.2;73.6;0;20.5;19.3;19.7;20.4;16.6;355.5555556;0;0;2
23160600;19;19;0;0;19.1;19.8;19.3;17.2;74.1;0;20.5;19.1;19.6;20.4;16.6;355.5555556;0;0;2
23161500;19;19;0;0;19.1;20;18.9;17.2;75.4;0;20.5;18.9;19.4;20.3;16.6;355.5555556;0;0;2
23162400;19;18;0;0;19.1;19.7;18.5;17;76.7;0;20.5;18.6;19;20.3;17.1;344.4444444;0;0;1.4
23163300;19;18;0;0;19.1;19.7;18.3;16.9;77.6;0;20.4;18.2;18.7;20.3;17.1;344.4444444;0;0;1.4
23164200;19;18;0;0;19.1;19.2;18.1;17.6;78.3;0;20.5;17.9;18.4;20.3;17.1;344.4444444;0;0;1.4
23165100;19;18;0;0;19.1;19.2;17.9;18.5;79.1;0;20.6;17.6;18.1;20.4;17.1;344.4444444;0;0;1.4
23166000;19;18;0;0;19.1;19.2;17.7;18.1;79.8;0;20.5;17.3;17.9;20.5;16.8;341.6666667;0;0;2.1
23166900;19;17;0;0;19.1;18.7;17.5;18;80.2;0;20;17.1;17.6;20.4;16.8;341.6666667;0;0;2.1
23167800;19;17;0;0;18.8;18.5;17.4;17.3;80.4;0;19.6;16.9;17.4;20.1;16.8;341.6666667;0;0;2.1
23168700;18;18;0;0;18.6;19;17.2;16.5;80.5;0;19.3;16.6;17.2;19.8;16.8;341.6666667;0;0;2.1
23169600;18;18;0;0;18.1;19.1;17;15.9;81.1;0;19.1;16.5;17;19.5;15.3;333.3333333;0;0;3.1
23170500;18;17;0;0;18.1;18.2;16.9;15.8;81.5;0;18.8;16.3;16.9;19.2;15.3;333.3333333;0;0;3.1
23171400;18;16;0;0;18.1;17.7;16.9;16.1;82.1;0;18.8;16.1;16.7;19.1;15.3;333.3333333;0;0;3.1
23172300;18;16;0;0;17.9;17.3;16.8;16.5;82.5;0;18.7;16;16.6;19;15.3;333.3333333;0;0;3.1
23173200;18;16;0;0;17.6;17.2;16.7;16.2;82.8;0;18.4;15.9;16.4;19;15.8;330.5555556;25;30.55555556;2.7
23174100;18;16;0;0;17.6;17.2;16.5;16.1;82.3;0;18.2;15.8;16.3;18.8;15.8;330.5555556;25;30.55555556;2.7
23175000;17;16;0;0;17.4;16.7;16.5;16.3;82.9;0;18;15.6;16.1;18.6;15.8;330.5555556;25;30.55555556;2.7
23175900;17;15;0;0;17.1;16.7;16.7;16.5;82.7;0;17.8;15.6;16.1;18.4;15.8;330.5555556;25;30.55555556;2.7
23176800;17;16;0;0;16.9;17;16.9;16.7;82.7;13.8;17.8;15.6;16.3;18.3;16.4;333.3333333;88.88888889;152.7777778;2.9
23177700;17;17;0;0;16.6;17.7;17.2;16.7;82.7;17.3;17.8;15.9;17;18.2;16.4;333.3333333;88.88888889;152.7777778;2.9
23178600;17;17;0;0;16.6;17.7;17.7;16.2;82.3;16.7;17.8;16.3;17.8;18.1;16.4;333.3333333;88.88888889;152.7777778;2.9
23179500;16;17;0;0;16.6;17.6;18.4;15.6;81.1;16.1;18;16.8;18.6;18.1;16.4;333.3333333;88.88888889;152.7777778;2.9
23180400;16;15;0;0;16.6;16.8;19;16.3;79.5;85.9;18.4;17.6;19.5;18.1;18.1;352.7777778;141.6666667;194.4444444;2.9
23181300;16;15;0;0;16.6;15.8;19.6;16.6;77.7;111.3;19.5;18.8;20.6;18.2;18.1;352.7777778;141.6666667;194.4444444;2.9
23182200;16;15;0;0;16.6;15.7;20.1;16.7;76.3;111.3;21.1;19.9;21.6;18.4;18.1;352.7777778;141.6666667;194.4444444;2.9
23183100;16;15;0;0;16.6;15.7;20.5;16.8;74.8;111.3;21.9;20.6;22;18.6;18.1;352.7777778;141.6666667;194.4444444;2.9
23184000;16;15;0;0;16.6;15.8;21.2;17.9;73.4;196.7;22.3;21.2;22.3;18.7;20;383.3333333;169.4444444;175;5.2
23184900;17;18;23;80;17.2;18.5;22.1;18.3;71.2;227.8;23.2;22.7;23.3;21.1;20;383.3333333;169.4444444;175;5.2
23185800;18;19;34;74;18.9;20.5;22.4;18.1;69.5;227.8;22.2;22.3;22.5;21.3;20;383.3333333;169.4444444;175;5.2
23186700;18;19;0;0;19;20.1;23.2;17.9;67.9;227.8;22.4;22.5;22.7;21.1;20;383.3333333;169.4444444;175;5.2
23187600;19;20;25;55;19.6;21.2;24;19.1;65.6;290.6;23.5;23.7;23.8;22.5;20.9;394.4444444;144.4444444;150;3.9
23188500;19;20;33;58;19.8;21.3;23.8;19.6;64.9;313.4;23;23;23.2;22.2;20.9;394.4444444;144.4444444;150;3.9
23189400;19;20;33;60;19.4;21.1;23.8;19.7;62.6;320.7;23.2;23.1;23.3;22.4;20.9;394.4444444;144.4444444;150;3.9
23190300;19;20;33;59;19.4;21.1;24;19.8;61;331.7;23;22.9;23.1;22.2;20.9;394.4444444;144.4444444;150;3.9
23191200;18;20;33;57;19.2;20.6;23.8;20.8;61.6;378;22.3;22.3;22.5;21.6;19.4;388.8888889;144.4444444;144.4444444;2.3
23192100;17;18;33;54;18.3;19.6;23.1;21.3;65.5;401.2;21.2;21.1;21.3;20.4;19.4;388.8888889;144.4444444;144.4444444;2.3
23193000;16;18;19;31;17.4;18.7;22.8;21.3;67.9;401.4;20.3;20.3;20.5;19.6;19.4;388.8888889;144.4444444;144.4444444;2.3
23193900;17;18;0;0;17.8;18.6;23.1;21.4;66.3;401.8;20.5;20.5;20.6;19.6;19.4;388.8888889;144.4444444;144.4444444;2.3
23194800;17;18;0;0;17.9;18.6;22.7;22.1;66.8;453.9;20.6;20.5;20.7;19.7;18.8;386.1111111;94.44444444;94.44444444;1.2
23195700;17;19;0;0;17.9;19.9;22.2;22.1;68.6;453.9;20.7;20.6;20.8;19.8;18.8;386.1111111;94.44444444;94.44444444;1.2
23196600;17;18;0;0;17.9;19.6;22.1;21.9;70.3;453.9;20.7;20.6;20.9;19.9;18.8;386.1111111;94.44444444;94.44444444;1.2
23197500;17;17;0;0;17.9;18.5;22.1;21.7;70;453.9;20.8;20.7;20.9;20;18.8;386.1111111;94.44444444;94.44444444;1.2
23198400;17;17;0;0;18.2;18.1;22.4;22.4;69.9;424;21.1;20.9;21.2;20.1;21.2;366.6666667;291.6666667;388.8888889;1.1
23199300;17;17;0;0;18.4;18.1;23.6;22.4;66.3;421.9;22.1;21.7;22.2;20.2;21.2;366.6666667;291.6666667;388.8888889;1.1
23200200;18;21;40;146;19.4;22.1;24.2;21.2;64.1;421.9;25.1;24.9;25.2;24.2;21.2;366.6666667;291.6666667;388.8888889;1.1
23201100;19;23;36;150;19.9;23.6;24.7;20.1;62.3;421.9;25.9;26;26;24.9;21.2;366.6666667;291.6666667;388.8888889;1.1
23202000;19;22;42;144;20.1;22.9;24.7;20.1;62;322.2;24.7;24.7;24.8;23.5;21.8;388.8888889;247.2222222;269.4444444;1.2
23202900;19;21;43;87;20.2;22;25;20.1;61;322.2;23.8;23.8;23.9;22.8;21.8;388.8888889;247.2222222;269.4444444;1.2
23203800;19;21;43;85;20.2;21.7;25.1;19;60.1;322.2;23.5;23.5;23.7;22.7;21.8;388.8888889;247.2222222;269.4444444;1.2
23204700;19;20;43;81;20.2;21.5;25.1;18.5;61.3;322.2;23.5;23.4;23.6;22.6;21.8;388.8888889;247.2222222;269.4444444;1.2
23205600;19;21;43;96;20.2;21.6;25.8;18.5;59.4;270;23.9;23.9;24.1;23.1;20.7;372.2222222;191.6666667;205.5555556;2.2
23206500;19;21;43;95;20.2;22;25.4;18.5;57.8;256.9;24;24;24.1;23.1;20.7;372.2222222;191.6666667;205.5555556;2.2
23207400;19;22;28;125;19.7;22.6;25.2;19.9;57.3;256.9;24.8;24.9;25;23.6;20.7;372.2222222;191.6666667;205.5555556;2.2
23208300;19;21;43;102;20.3;22.5;24.9;20.9;56.7;256.9;24.3;24.3;24.5;23.3;20.7;372.2222222;191.6666667;205.5555556;2.2
23209200;19;21;43;77;20.3;21.8;23.7;20.2;62.8;157.5;23.4;23.4;23.6;22.5;19;377.7777778;55.55555556;55.55555556;1.2
23210100;19;20;23;32;19.9;21;22.9;20.2;65.2;157.5;22.8;22.8;23;22;19;377.7777778;55.55555556;55.55555556;1.2
23211000;18;20;21;79;18.5;20.9;22.3;20.6;67.2;157.5;22.6;22.7;22.8;21.8;19;377.7777778;55.55555556;55.55555556;1.2
23211900;16;18;21;72;17.2;19.1;21.9;21.1;68.7;157.5;20.6;20.6;20.7;20;19;377.7777778;55.55555556;55.55555556;1.2
23212800;17;20;0;0;18.3;19.8;21.6;20.1;69.3;101.9;20.4;20.6;20.7;19.8;18.5;388.8888889;8.333333333;8.333333333;2.2
23213700;17;19;0;0;18.3;20.4;21.5;19.9;69.5;88;20.5;21.3;20.9;20;18.5;388.8888889;8.333333333;8.333333333;2.2
23214600;17;19;0;0;18.3;20;21.5;19.7;69.3;88;20.7;21.8;20.9;20.1;18.5;388.8888889;8.333333333;8.333333333;2.2
23215500;17;19;0;0;18.3;20;21.3;19.6;69.9;88;20.8;21.7;20.9;20.2;18.5;388.8888889;8.333333333;8.333333333;2.2
23216400;17;19;0;0;18.3;20;21.1;18.5;69.4;9;20.9;21.5;20.9;20.3;17.6;380.5555556;0;0;1.4
23217300;17;19;0;0;18.3;20;20.9;18.5;69.1;9;20.8;21.2;20.8;20.4;17.6;380.5555556;0;0;1.4
23218200;18;19;0;0;18.3;20;20.7;18.3;70;9;20.7;20.9;20.8;20.5;17.6;380.5555556;0;0;1.4
23219100;18;19;0;0;18.3;20;20.5;17.9;70.6;9;20.7;20.7;20.9;20.6;17.6;380.5555556;0;0;1.4
23220000;18;19;0;0;18.5;20;20.3;17.3;71.7;1.8;20.8;20.3;20.9;20.7;16.9;369.4444444;0;0;2.5
23220900;18;20;0;0;18.8;20.8;20;17.2;73.4;0;20.9;19.8;21;20.8;16.9;369.4444444;0;0;2.5
23221800;18;21;0;0;18.8;21.6;19.6;17.6;75.2;0;21.2;19.4;21.2;20.9;16.9;369.4444444;0;0;2.5
23222700;18;18;0;0;18.8;19.5;19.5;17.8;75.5;0;21.4;19;21.3;21.2;16.9;369.4444444;0;0;2.5
23223600;18;16;0;0;18.8;18.5;19.3;17.3;75.6;0;21.4;18.6;21.1;21.3;16.7;369.4444444;0;0;2.3
23224500;18;17;0;0;18.8;18.1;19.2;17;75.6;0;21.5;18.4;20.6;21.3;16.7;369.4444444;0;0;2.3
23225400;18;17;0;0;18.8;18;19;16.9;76.7;0;21.9;18.2;19.5;21.2;16.7;369.4444444;0;0;2.3
23226300;18;17;0;0;18.8;18;19.1;16.8;76.8;0;22.5;18.1;18.7;21.5;16.7;369.4444444;0;0;2.3
23227200;18;17;0;0;18.8;18;19;16.3;76.9;0;21.3;18.1;18.6;21.7;17;361.1111111;0;0;2.1
23228100;17;17;0;0;18.7;17.5;18.8;16.3;77.4;0;20.4;18;18.4;21.4;17;361.1111111;0;0;2.1
23229000;17;17;0;0;18.6;17.6;18.7;16.3;77.8;0;20.2;17.9;18.3;20.6;17;361.1111111;0;0;2.1
23229900;17;18;0;0;18.3;18;18.6;16.3;78.2;0;20.3;17.8;18.1;20.3;17;361.1111111;0;0;2.1
23230800;17;17;0;0;18.3;18;18.6;15.9;77.8;0;20.1;17.7;18.1;20.2;16.2;366.6666667;0;0;2.7
23231700;17;17;0;0;18.3;18;18.4;15.8;78.3;0;19.7;17.6;18;20.1;16.2;366.6666667;0;0;2.7
23232600;17;17;0;0;18.3;18;18.5;16;78.3;0;19.4;17.5;17.9;19.8;16.2;366.6666667;0;0;2.7
23233500;17;17;0;0;18.3;18;18.6;16.6;78.2;0;19.4;17.5;17.95;19.7;16.2;366.6666667;0;0;2.7
23234400;17;17;0;0;18.3;18;18.7;17.2;78.1;0;19.4;17.5;18;19.6;16.1;355.5555556;0;0;2.7
23235300;17;17;0;0;18.3;18;18.8;17.4;77.4;0;19.3;17.6;18;19.5;16.1;355.5555556;0;0;2.7
23236200;17;16;0;0;18.3;17.6;18.5;17.4;77.4;0;19.1;17.5;18;19.4;16.1;355.5555556;0;0;2.7
23237100;17;16;0;0;18.3;17.3;18.2;17.4;78.2;0;19.1;17.4;17.9;19.3;16.1;355.5555556;0;0;2.7
23238000;17;18;0;0;18.3;17.7;17.9;17;78.8;0;19.1;17.2;17.7;19.3;16.2;341.6666667;0;0;2.1
23238900;17;17;0;0;18.3;18.2;17.8;16.9;79;0;19;16.9;17.5;19.2;16.2;341.6666667;0;0;2.1
23239800;17;16;0;0;18.3;17;17.6;16.9;79.8;0;18.9;16.7;17.3;19.2;16.2;341.6666667;0;0;2.1
23240700;17;16;0;0;18.3;17;17.4;16.9;80;0;18.9;16.6;17.1;19.1;16.2;341.6666667;0;0;2.1
23241600;17;16;0;0;18.1;17;17.3;16.7;80.5;0;18.9;16.4;17;19.1;15.8;333.3333333;0;0;2.5
23242500;17;16;0;0;17.8;17;17.3;16.6;80.8;0;18.8;16.3;16.9;19.1;15.8;333.3333333;0;0;2.5
23243400;17;16;0;0;17.8;17;17.3;16.6;81.2;0;18.6;16.2;16.9;19;15.8;333.3333333;0;0;2.5
23244300;17;16;0;0;17.8;17;17.2;16.6;81.5;0;18.4;16.1;16.7;18.9;15.8;333.3333333;0;0;2.5
23245200;17;16;0;0;17.8;17;16.9;15.4;82;0;18.2;15.9;16.5;18.7;15.2;358.3333333;0;0;1.8
23246100;17;16;0;0;17.3;17.1;16.8;15.1;82.3;0;18;15.7;16.3;18.6;15.2;358.3333333;0;0;1.8
23247000;17;17;0;0;17.3;18;17;15.4;82.3;0;18;15.6;16.2;18.4;15.2;358.3333333;0;0;1.8
23247900;17;15;0;0;18.3;16.1;17.2;15.7;82.3;0;17.9;15.7;16.2;18.3;15.2;358.3333333;0;0;1.8
23248800;17;14;0;0;17.7;15.3;17.4;15.3;82;0;17.8;15.8;16.3;18.2;15.1;363.8888889;0;0;1.9
23249700;17;15;0;0;17.3;15.3;17.3;15.2;81.8;0;17.8;15.8;16.3;18.2;15.1;363.8888889;0;0;1.9
23250600;17;15;0;0;17.1;15.3;17.2;15.3;81.8;0;17.9;15.8;16.3;18.2;15.1;363.8888889;0;0;1.9
23251500;17;15;0;0;16.8;15.7;17.3;15.4;81.8;0;17.6;15.8;16.3;18.2;15.1;363.8888889;0;0;1.9
23252400;17;15;0;0;16.8;15.8;17.3;15.1;81.8;0;17.4;15.8;16.3;18;15;375;0;0;1.9
23253300;16;15;0;0;16.8;15.8;17.5;15;81.7;0;17.3;15.9;16.4;17.8;15;375;0;0;1.9
23254200;16;15;0;0;16.8;15.8;17.7;14.9;81.3;0;17.3;16;16.5;17.7;15;375;0;0;1.9
23255100;16;16;0;0;16.8;16.8;17.8;14.9;81.2;0;17.4;16;16.5;17.7;15;375;0;0;1.9
23256000;17;15;0;0;17.8;16.1;17.9;14.4;80.8;0;17.4;16.1;16.6;17.8;14.4;336.1111111;0;0;1.9
23256900;17;15;0;0;17.5;15.3;17.9;14.4;80.5;0;17.5;16.2;16.7;17.9;14.4;336.1111111;0;0;1.9
23257800;17;15;0;0;17;15.4;17.5;14.5;80.7;0;17.6;16.1;16.6;17.9;14.4;336.1111111;0;0;1.9
23258700;17;15;0;0;16.9;15.8;16.9;14.7;81.3;0;17.6;15.9;16.4;17.9;14.4;336.1111111;0;0;1.9
23259600;17;15;0;0;16.9;15.8;16.4;14.1;82.1;0;17.7;15.6;16.1;17.9;14.5;319.4444444;22.22222222;30.55555556;2.3
23260500;17;15;0;0;16.9;15.8;16.2;14.1;82.7;0;17.7;15.3;15.7;18.1;14.5;319.4444444;22.22222222;30.55555556;2.3
23261400;16;15;0;0;17.1;15.4;16;14.4;82.9;0;17.5;15.1;15.5;18;14.5;319.4444444;22.22222222;30.55555556;2.3
23262300;17;14;0;0;17.4;14.8;16;14.6;83.4;0;17.5;14.9;15.5;17.9;14.5;319.4444444;22.22222222;30.55555556;2.3
23263200;16;15;0;0;16.8;15.3;16.1;14.7;83.8;13.9;17.5;14.9;15.7;17.8;15.7;322.2222222;72.22222222;163.8888889;2.6
23264100;16;16;0;0;16.4;16.8;16.7;14.7;83.6;17.4;17.5;15.1;16.5;17.8;15.7;322.2222222;72.22222222;163.8888889;2.6
23265000;16;16;0;0;16.4;16.8;17.3;14.6;81.9;15.9;17.5;15.6;17.8;17.7;15.7;322.2222222;72.22222222;163.8888889;2.6
23265900;16;16;0;0;16.4;16.6;17.7;14.5;79.4;14.5;17.5;16.1;18.9;17.6;15.7;322.2222222;72.22222222;163.8888889;2.6
23266800;17;14;0;0;16.8;15;18.2;15.3;77.4;104;18.3;16.8;19.9;17.7;17.4;322.2222222;69.44444444;327.7777778;1.5
23267700;16;14;0;0;16.9;14.8;18.5;15.4;76.8;110.4;19.3;18;20.4;17.7;17.4;322.2222222;69.44444444;327.7777778;1.5
23268600;16;14;0;0;16.9;14.8;18.8;15.4;75.9;110.4;20.9;19.3;21.3;17.8;17.4;322.2222222;69.44444444;327.7777778;1.5
23269500;16;14;0;0;16.9;14.9;19.4;15.4;74.1;110.4;22.8;20.7;22.4;18;17.4;322.2222222;69.44444444;327.7777778;1.5
23270400;18;19;27;64;19.1;20.3;19.9;16.5;72.4;209.8;24.6;24.1;24.7;23;19.9;333.3333333;94.44444444;461.1111111;0.8
23271300;20;22;33;67;20.9;22.6;20.5;16.7;70.5;225.1;25.1;25.1;25.3;23.7;19.9;333.3333333;94.44444444;461.1111111;0.8
23272200;21;23;33;69;21.9;23.5;20.9;16.9;66.9;225.1;26.1;26.1;26.3;24.7;19.9;333.3333333;94.44444444;461.1111111;0.8
23273100;22;24;31;71;22.8;24.6;21.4;17.1;64.4;225.1;27.2;27.3;27.4;26;19.9;333.3333333;94.44444444;461.1111111;0.8
23274000;22;25;21;71;23.2;26.1;21.8;18.3;62.5;316.8;29;29;28.9;27.5;20.8;358.3333333;188.8888889;550;0.7
23274900;22;27;14;70;23.2;27.4;22.1;18.6;60.4;339.7;30.3;30.3;30.3;28.7;20.8;358.3333333;188.8888889;550;0.7
23275800;22;28;11;71;23.2;28.8;22.4;18.8;59;337.8;32.1;32.2;32.2;30.4;20.8;358.3333333;188.8888889;550;0.7
23276700;22;29;8;75;23.2;30.2;23.1;19;57.9;334.9;33.4;33.8;33.5;31.9;20.8;358.3333333;188.8888889;550;0.7
23277600;21;29;21;233;21.7;30.5;23.6;19.9;55.5;370;32.8;32.8;32.9;31.8;20.9;366.6666667;197.2222222;319.4444444;1.5
23278500;21;30;17;192;22.4;30.9;23.7;20.3;53.6;387.5;33.7;33.9;33.9;32.6;20.9;366.6666667;197.2222222;319.4444444;1.5
23279400;22;29;10;109;23;30.3;24.6;20.8;51.3;402;33.5;33.7;33.6;32.2;20.9;366.6666667;197.2222222;319.4444444;1.5
23280300;21;30;15;200;21.9;30.5;25.3;21.5;48.8;423.8;32.9;33.2;32.8;31.5;20.9;366.6666667;197.2222222;319.4444444;1.5
23281200;21;30;11;178;22.1;30.6;25.5;22.2;46.1;466.5;33.1;33.6;33.2;32;22.3;358.3333333;216.6666667;405.5555556;2.4
23282100;22;30;8;68;23.5;30.5;25.2;22.3;47.3;469.5;33.7;34.3;33.9;32.7;22.3;358.3333333;216.6666667;405.5555556;2.4
23283000;22;31;7;69;23.4;31.5;24.3;22.2;48.7;469.5;33.6;34.3;34;33;22.3;358.3333333;216.6666667;405.5555556;2.4
23283900;21;30;20;210;22.2;31;24.6;21.8;48.6;469.5;32.3;32.7;32.6;31.7;22.3;358.3333333;216.6666667;405.5555556;2.4
23284800;21;24;43;175;22;25.6;25.2;22.4;48.2;473;27;27.2;27.1;26;22.1;380.5555556;233.3333333;288.8888889;2.1
23285700;20;23;43;148;21.3;24.2;25.4;22.5;47.7;473.9;25.9;26;26;24.9;22.1;380.5555556;233.3333333;288.8888889;2.1
23286600;20;23;25;81;21.4;24.2;25.6;22.2;46.6;473.9;26.3;26.3;26.4;25.2;22.1;380.5555556;233.3333333;288.8888889;2.1
23287500;22;24;31;69;22.5;24.5;25.7;21.7;45.4;473.9;26.7;26.8;26.8;25.7;22.1;380.5555556;233.3333333;288.8888889;2.1
23288400;20;24;34;146;21.3;24.5;25.2;21.9;45.9;416.3;26.4;26.4;26.5;25.5;21.3;386.1111111;155.5555556;161.1111111;1.8
23289300;20;22;43;101;20.8;22.9;24.6;21.9;49.2;412.2;24.5;24.5;24.7;23.6;21.3;386.1111111;155.5555556;161.1111111;1.8
23290200;19;21;43;87;20.4;22.1;24.7;22.1;50.1;412.2;23.9;23.9;24.1;23.1;21.3;386.1111111;155.5555556;161.1111111;1.8
23291100;19;21;43;87;20.3;22;24.9;22.5;50;412.2;23.9;23.9;24;23;21.3;386.1111111;155.5555556;161.1111111;1.8
23292000;19;21;43;80;20.3;22;24.7;22.5;50;330.4;23.7;23.6;23.8;22.8;21.3;380.5555556;152.7777778;158.3333333;2.6
23292900;19;21;43;75;20.3;21.5;24.7;22.5;51.3;324.6;23.5;23.5;23.7;22.6;21.3;380.5555556;152.7777778;158.3333333;2.6
23293800;19;20;43;69;20.3;21.5;24.7;22.3;50.9;324.6;23.3;23.3;23.5;22.5;21.3;380.5555556;152.7777778;158.3333333;2.6
23294700;19;20;43;68;20.3;21.5;24.7;22.1;50.9;324.6;23.3;23.3;23.5;22.5;21.3;380.5555556;152.7777778;158.3333333;2.6
23295600;19;20;43;61;20.3;21.3;24.6;21.7;51.6;250.5;23.1;23;23.3;22.2;20.8;383.3333333;58.33333333;58.33333333;1.7
23296500;19;20;12;15;20.3;21;24.3;21.6;52;223.6;23.1;23.1;23.4;22.1;20.8;383.3333333;58.33333333;58.33333333;1.7
23297400;19;20;6;18;20.2;21.1;24;21.3;53.1;223.6;23.4;23.6;23.8;22.4;20.8;383.3333333;58.33333333;58.33333333;1.7
23298300;17;20;29;107;18.7;21.2;23.8;20.9;53.9;223.6;22.8;22.7;22.9;22.1;20.8;383.3333333;58.33333333;58.33333333;1.7
23299200;18;19;21;13;19.5;19.6;23.5;20.5;56.5;138.6;21.5;21.5;21.8;20.6;20.6;383.3333333;36.11111111;36.11111111;6.4
23300100;18;19;0;0;19.5;19.8;23.2;20.4;58.2;107.7;21.9;21.9;22.1;20.7;20.6;383.3333333;36.11111111;36.11111111;6.4
23301000;18;19;0;0;19.5;20;23.2;20.6;58.9;107.7;22.3;22.1;22.3;20.9;20.6;383.3333333;36.11111111;36.11111111;6.4
23301900;19;19;0;0;19.5;20;23;20.8;60.2;107.7;22.7;22.2;22.5;21.1;20.6;383.3333333;36.11111111;36.11111111;6.4
23302800;19;19;0;0;19.5;20;22.8;19.8;60.7;21.3;22.9;22.2;22.6;21.4;19.7;358.3333333;0;0;6.3
23303700;18;19;15;55;19;20.5;22.4;19.8;59;21.3;22.9;22.5;22.7;21.7;19.7;358.3333333;0;0;6.3
23304600;17;18;21;71;17.5;19.4;22;19.8;59.7;21.3;20.8;20.7;21;20.3;19.7;358.3333333;0;0;6.3
23305500;18;18;0;0;18.5;19;21.4;19.8;61.4;21.3;20.6;20.6;20.8;20;19.7;358.3333333;0;0;6.3
23306400;18;18;0;0;18.5;19;20.7;19;64;4.3;20.6;21.2;20.9;20.2;19;352.7777778;0;0;3.8
23307300;18;19;0;0;18.3;19.6;20.4;18.8;65.4;0;20.7;21.1;20.9;20.3;19;352.7777778;0;0;3.8
23308200;17;19;0;0;17.5;20.1;20.1;19.2;66.4;0;20.9;20.9;20.8;20.4;19;352.7777778;0;0;3.8
23309100;17;17;0;0;17.5;19.3;19.8;19.6;68;0;20.9;20.6;20.7;20.5;19;352.7777778;0;0;3.8
23310000;17;17;0;0;18;19;19.9;18.5;68.7;0;20.9;20.4;20.8;20.7;18.8;358.3333333;0;0;2.4
23310900;17;17;0;0;18;19;19.6;18.5;69.9;0;21;20.1;21;20.8;18.8;358.3333333;0;0;2.4
23311800;17;18;0;0;18.5;19;19.5;18.6;70.5;0;21;19.8;21.1;21;18.8;358.3333333;0;0;2.4
23312700;18;18;0;0;18.8;19.5;19.7;18.7;70.4;0;21.2;19.7;21.1;21.2;18.8;358.3333333;0;0;2.4
23313600;17;18;0;0;18.5;19;19.5;18.2;70.6;0;21.4;19.6;21.3;21.4;18.1;377.7777778;0;0;1.5
23314500;17;18;0;0;18.5;19;19.5;18.1;71.1;0;21.5;19.4;21.4;21.4;18.1;377.7777778;0;0;1.5
23315400;17;18;0;0;18.5;19.2;19.6;18.3;71;0;21.8;19.3;21.6;21.4;18.1;377.7777778;0;0;1.5
23316300;18;18;0;0;18.5;19.5;19.7;18.5;70.9;0;22;19.3;21.5;21.5;18.1;377.7777778;0;0;1.5
23317200;18;17;0;0;18.8;19;19.9;18;69.9;0;21.9;19.3;21.3;21.5;17.9;377.7777778;0;0;2.5
23318100;18;17;0;0;19;18.3;20;17.7;69.1;0;21.7;19.4;21;21.5;17.9;377.7777778;0;0;2.5
23319000;18;17;0;0;19;18;19.9;17.9;68.8;0;21.5;19.4;20.9;21.4;17.9;377.7777778;0;0;2.5
23319900;18;17;0;0;19;18;20;17.7;68.15;0;21.45;19.4;20.75;21.25;17.9;377.7777778;0;0;2.5
23320800;18;17;0;0;19;18;20.1;17.5;67.5;0;21.4;19.4;20.6;21.1;17.6;383.3333333;0;0;2.1
23321700;18;17;0;0;19;18;20.2;17.4;66.7;0;21.5;19.5;20.5;21.1;17.6;383.3333333;0;0;2.1
23322600;18;17;0;0;19;18;20.3;17.4;66.4;0;21.7;19.7;20.3;21.2;17.6;383.3333333;0;0;2.1
23323500;18;17;0;0;19;18.5;20.3;17.4;66;0;21.7;19.7;20.2;21.2;17.6;383.3333333;0;0;2.1
23324400;18;19;0;0;19;19.2;20.1;17;67.2;0;21.5;19.8;20.2;21;15.4;383.3333333;0;0;0.8
23325300;18;19;0;0;19.3;20;19.1;16.9;69.1;0;21.3;19.8;20.1;20.9;15.4;383.3333333;0;0;0.8
23326200;18;18;0;0;19.5;19.6;18.6;16.9;70.4;0;21;19.5;19.9;20.7;15.4;383.3333333;0;0;0.8
23327100;18;18;0;0;19.5;19.5;18.2;16.9;70.3;0;20.8;19.2;19.5;20.6;15.4;383.3333333;0;0;0.8
23328000;18;18;0;0;19.5;19.5;17.8;16.6;72.1;0;20.6;18.8;19;20.6;12.8;372.2222222;0;0;1.4
23328900;18;18;0;0;19.5;19.5;17.1;16.6;74.7;0;20.7;18.1;18.3;20.6;12.8;372.2222222;0;0;1.4
23329800;19;18;0;0;19.5;19.5;16.4;16.6;75.2;0;20.9;17.3;17.6;20.7;12.8;372.2222222;0;0;1.4
23330700;19;18;0;0;19.5;19.5;16;16.6;75.4;0;20.8;16.7;16.9;20.7;12.8;372.2222222;0;0;1.4
23331600;18;18;0;0;19.1;19.3;15.8;16.5;76.2;0;20.1;16;16.2;20.7;12.5;361.1111111;0;0;2.1
23332500;18;18;0;0;18.4;18.8;15.8;16.4;75.9;0;19.3;15.4;15.7;20.3;12.5;361.1111111;0;0;2.1
23333400;18;18;0;0;17.9;19.2;15.8;15.7;76;0;18.6;15;15.4;19.6;12.5;361.1111111;0;0;2.1
23334300;18;16;0;0;17.4;18;15.8;14.8;74.8;0;18;14.8;15.1;19;12.5;361.1111111;0;0;2.1
23335200;17;15;0;0;16.6;16.7;15.7;14.4;74;0;17.8;14.6;15;18.5;12.5;358.3333333;0;0;1.9
23336100;17;15;0;0;16.5;16;15.7;14.4;73.5;0;17.5;14.5;14.9;18.3;12.5;358.3333333;0;0;1.9
23337000;17;14;0;0;16.4;16;15.7;13.3;73.2;0;17;14.4;14.9;18;12.5;358.3333333;0;0;1.9
23337900;16;14;0;0;16;15.5;15.8;12.5;73.4;0;16.8;14.4;14.9;17.7;12.5;358.3333333;0;0;1.9
23338800;16;14;0;0;16;15.5;15.5;12.2;73.7;0;16.5;14.3;14.9;17.4;12.3;325;0;0;1.6
23339700;16;14;0;0;16;15.5;15.2;12.1;74.6;0;16.4;14.2;14.7;17.2;12.3;325;0;0;1.6
23340600;16;14;0;0;15.6;15.5;15;12.1;75.6;0;16.3;13.9;14.5;17;12.3;325;0;0;1.6
23341500;15;16;0;0;15.5;16.3;14.9;12;76.3;0;16.2;13.7;14.2;17;12.3;325;0;0;1.6
23342400;16;15;0;0;15.5;16.5;14.7;11.7;76.9;0;16.1;13.5;14;16.9;11.5;294.4444444;0;0;1.9
23343300;16;14;0;0;15.5;15.7;14.3;11.6;77.8;0;16;13.2;13.7;16.9;11.5;294.4444444;0;0;1.9
23344200;15;14;0;0;15.5;15;14.1;11.7;79.1;0;16.1;12.9;13.4;16.8;11.5;294.4444444;0;0;1.9
23345100;15;14;0;0;15.1;14.8;13.8;11.9;80;0;16.1;12.6;13.1;16.8;11.5;294.4444444;0;0;1.9
23346000;15;14;0;0;14.5;14.9;13.6;11.6;81.2;0;15.6;12.4;12.9;16.7;11;288.8888889;25;30.55555556;2
23346900;15;13;0;0;14.5;14.4;13.6;11.5;81.1;0;15.3;12.1;12.6;16.3;11;288.8888889;25;30.55555556;2
23347800;14;13;0;0;14.5;14;13.4;11.6;81.1;0;15.1;12;12.5;16;11;288.8888889;25;30.55555556;2
23348700;14;12;0;0;14.1;13.9;13.5;11.7;81.1;0;15;11.9;12.4;15.9;11;288.8888889;25;30.55555556;2
23349600;14;13;0;0;13.9;14.1;13.5;11.6;81.8;7;14.7;11.9;12.5;15.8;11.9;300;108.3333333;152.7777778;1.9
23350500;14;14;0;0;13.8;14.6;14;11.6;81.1;9.6;14.6;12.1;13.1;15.5;11.9;300;108.3333333;152.7777778;1.9
23351400;16;13;0;0;15.6;13.6;14.5;11.4;78.3;9.8;14.6;12.5;14.1;15.4;11.9;300;108.3333333;152.7777778;1.9
23352300;14;14;0;0;13.6;14.8;14.9;11.3;76.8;9.9;14.6;13.1;14.8;15.3;11.9;300;108.3333333;152.7777778;1.9
23353200;14;12;0;0;13.6;13.5;15.2;11.6;76;52.1;14.5;13.5;15.2;15.3;13;330.5555556;197.2222222;266.6666667;1.6
23354100;14;12;0;0;13.6;13;15.7;11.8;73.8;73.2;14.7;14.2;15.5;15.4;13;330.5555556;197.2222222;266.6666667;1.6
23355000;13;12;0;0;13.6;13;16.2;11.6;72.1;73.2;15;15.1;16.2;15.7;13;330.5555556;197.2222222;266.6666667;1.6
23355900;13;12;0;0;13.6;13;16.8;11.5;69.9;73.2;15.5;15.9;16.9;15.8;13;330.5555556;197.2222222;266.6666667;1.6
23356800;15;13;0;0;15.8;13.2;16.8;12.4;68.6;172;16.3;16.7;17.6;15.9;13.9;338.8888889;244.4444444;411.1111111;1.5
23357700;14;15;0;0;15.4;15.4;16.4;12.4;69;172;16.9;17.4;18.1;16;13.9;338.8888889;244.4444444;411.1111111;1.5
23358600;15;15;0;0;16.3;15.5;16.6;12.6;67.7;172;18.6;18.7;19.2;16.3;13.9;338.8888889;244.4444444;411.1111111;1.5
23359500;15;17;0;0;15.9;17.5;17.3;12.8;66.6;172;19.1;19.3;19.4;16.3;13.9;338.8888889;244.4444444;411.1111111;1.5
23360400;15;17;0;0;15.9;18;17.4;13.7;64.5;284.4;20.9;20.6;20.5;16.5;14.7;325;227.7777778;633.3333333;1.8
23361300;15;17;0;0;15.9;18;18;13.8;61.7;292.4;23.3;22.1;22.1;16.7;14.7;325;227.7777778;633.3333333;1.8
23362200;17;20;34;137;18.4;21.5;17.8;13.9;62.1;295.2;25.7;25.8;25.3;23.2;14.7;325;227.7777778;633.3333333;1.8
23363100;19;22;43;116;20.6;22.8;17.3;14;61.4;298.4;24.8;25.3;25.1;23.6;14.7;325;227.7777778;633.3333333;1.8
23364000;19;22;43;127;20.5;22.8;17.8;14.8;58.5;381.4;25;25.3;25.3;24;15.9;330.5555556;261.1111111;638.8888889;1.5
23364900;19;22;43;114;20.5;22.8;18.2;14.9;56.6;394.2;24.7;24.8;24.8;23.7;15.9;330.5555556;261.1111111;638.8888889;1.5
23365800;19;21;43;97;20.5;22.4;18.3;14.9;56.1;388.2;24.2;24.2;24.3;23.2;15.9;330.5555556;261.1111111;638.8888889;1.5
23366700;19;21;43;81;20.3;21.9;18;14.9;54.4;379.1;23.6;23.8;24;22.9;15.9;330.5555556;261.1111111;638.8888889;1.5
23367600;18;22;32;140;19.1;22.4;18.2;15.5;54.5;425.3;24.5;24.8;24.8;23.9;16.3;322.2222222;241.6666667;586.1111111;1.3
23368500;18;22;39;173;18.7;22.8;19.1;15.7;52.7;436.9;24.5;24.8;24.8;23.8;16.3;322.2222222;241.6666667;586.1111111;1.3
23369400;18;22;34;138;19.3;22.7;19.5;15.6;52;436.9;24.3;24.7;24.7;23.5;16.3;322.2222222;241.6666667;586.1111111;1.3
23370300;20;21;25;53;20.8;22.1;18.7;15.4;53.3;436.9;24;24.3;24.5;23;16.3;322.2222222;241.6666667;586.1111111;1.3
23371200;20;21;33;65;20.5;22.2;18.5;15.8;53.3;458.2;24.2;24.3;24.5;23.3;16.5;325;263.8888889;394.4444444;0.7
23372100;20;22;33;65;20.8;22.5;18.7;15.9;52.4;463.5;24.9;24.9;25.1;24;16.5;325;263.8888889;394.4444444;0.7
23373000;21;23;33;68;21.9;23.6;19.2;16.1;51.4;463.5;25.9;25.9;26.1;24.9;16.5;325;263.8888889;394.4444444;0.7
23373900;21;23;33;66;22;23.8;19.6;16.3;50.1;463.5;26;26;26.1;24.9;16.5;325;263.8888889;394.4444444;0.7
23374800;20;23;35;122;21;23.7;20;16.6;50;422.5;25.5;25.5;25.6;24.5;17;330.5555556;238.8888889;302.7777778;0.6
23375700;19;21;43;88;20.7;22.4;20.3;16.7;49;412.3;24.1;24.2;24.4;23;17;330.5555556;238.8888889;302.7777778;0.6
23376600;19;21;43;83;20.5;22;20.4;16.7;48.5;412.3;23.8;23.9;24;22.7;17;330.5555556;238.8888889;302.7777778;0.6
23377500;19;21;43;73;20.2;21.8;20.3;16.7;48.1;412.3;23.4;23.5;23.6;22.5;17;330.5555556;238.8888889;302.7777778;0.6
23378400;19;20;35;50;20.2;21.3;20.1;16.9;48.9;368.5;23;23.1;23.3;22.1;16.9;330.5555556;186.1111111;208.3333333;1.2
23379300;19;20;2;2;19.8;21.3;20;17;49.3;357.5;23.2;23.5;23.7;22.3;16.9;330.5555556;186.1111111;208.3333333;1.2
23380200;18;20;23;56;19.1;21.4;20.1;16.9;49.1;357.5;23.3;23.6;23.6;22.5;16.9;330.5555556;186.1111111;208.3333333;1.2
23381100;19;20;0;0;19.9;20.8;19.8;16.7;49.3;357.5;22.7;22.9;23;21.9;16.9;330.5555556;186.1111111;208.3333333;1.2
23382000;19;20;23;43;19.7;20.8;19.7;16.7;51.2;275.2;22.7;22.9;23;21.9;16.4;330.5555556;97.22222222;105.5555556;1.3
23382900;19;20;0;0;19.9;20.8;19.6;16.7;50.9;254.6;22.3;22.4;22.5;21.6;16.4;330.5555556;97.22222222;105.5555556;1.3
23383800;19;20;0;0;19.9;20.8;19.3;16.8;51.2;254.6;22.3;22.5;22.4;21.7;16.4;330.5555556;97.22222222;105.5555556;1.3
23384700;19;20;0;0;19.9;20.8;19.1;16.9;51.9;254.6;22.2;22.5;22.4;21.8;16.4;330.5555556;97.22222222;105.5555556;1.3
23385600;19;21;0;0;20.1;21.7;19;16.6;53;169;22;22.3;22.3;21.9;15.3;322.2222222;25;27.77777778;1.1
23386500;19;21;0;0;20.4;21.8;18.6;16.5;54.5;137.9;21.8;22.1;21.9;21.9;15.3;322.2222222;25;27.77777778;1.1
23387400;19;20;0;0;20.4;21.8;18.3;16.5;54.8;137.9;21.9;21.8;21.4;22;15.3;322.2222222;25;27.77777778;1.1
23388300;19;20;0;0;20.4;21.8;18;16.5;55.6;137.9;22.4;21.3;20.7;22.1;15.3;322.2222222;25;27.77777778;1.1
23389200;19;20;0;0;20.4;21.8;17.6;16;57.2;29.1;22.5;20.3;19.8;22.1;14.2;319.4444444;0;0;2.1
23390100;19;20;0;0;20.4;21.8;17.2;16;60.4;21.3;22.6;19.2;19;21.9;14.2;319.4444444;0;0;2.1
23391000;20;20;0;0;20.4;21.4;16.6;15.9;63.4;21.3;22.8;18.4;18.4;21.8;14.2;319.4444444;0;0;2.1
23391900;20;20;0;0;20.4;21.1;16.2;15.8;65;21.3;22.4;17.7;17.8;22.1;14.2;319.4444444;0;0;2.1
23392800;19;19;0;0;19.9;20.2;15.9;15.2;66.1;2.8;21.2;17.2;17.5;22.1;13.5;319.4444444;0;0;3.7
23393700;19;19;0;0;19.1;20.1;15.7;15.1;67.4;0;20.2;16.8;17.2;21.4;13.5;319.4444444;0;0;3.7
23394600;19;19;0;0;18.6;19.9;15.3;14.8;69;0;19.5;16.3;16.9;20.4;13.5;319.4444444;0;0;3.7
23395500;19;17;0;0;18.4;18.8;15.2;14.5;69.6;0;19;15.9;16.6;19.8;13.5;319.4444444;0;0;3.7
23396400;18;16;0;0;18;18;15.2;14;70;0;18.9;15.6;16.3;19.4;13.4;327.7777778;0;0;2.2
23397300;18;16;0;0;17.7;17.5;15.1;13.9;70.6;0;18.6;15.3;16;19.3;13.4;327.7777778;0;0;2.2
23398200;18;16;0;0;17.4;17.2;15.2;13.7;70.7;0;18.2;15.1;15.8;19;13.4;327.7777778;0;0;2.2
23399100;18;15;0;0;17.1;16.8;15.1;13.5;71.5;0;17.9;14.9;15.7;18.7;13.4;327.7777778;0;0;2.2
23400000;17;15;0;0;16.9;16.5;15.2;13.2;71.6;0;17.6;14.7;15.5;18.4;12.8;330.5555556;0;0;1.6
23400900;17;15;0;0;16.6;16.3;15.1;13.1;72;0;17.4;14.6;15.4;18.2;12.8;330.5555556;0;0;1.6
23401800;17;16;0;0;16.4;16.5;15;13.1;72.1;0;17.1;14.4;15.2;18;12.8;330.5555556;0;0;1.6
23402700;16;16;0;0;16.4;17.3;15;13;72.5;0;17;14.3;15;17.8;12.8;330.5555556;0;0;1.6
23403600;16;16;0;0;15.9;17;14.9;12.7;72.9;0;16.9;14.1;14.8;17.7;12.3;338.8888889;0;0;1.9
23404500;16;15;0;0;15.9;16;14.9;12.7;73.5;0;16.7;14;14.7;17.5;12.3;338.8888889;0;0;1.9
23405400;16;14;0;0;15.9;15.7;14.9;12.8;73.4;0;16.8;13.9;14.6;17.4;12.3;338.8888889;0;0;1.9
23406300;16;14;0;0;15.75;15.5;15.05;14.8;73.5;0;16.6;13.9;14.55;17.35;12.3;338.8888889;0;0;1.9
23407200;16;14;0;0;15.6;15.3;15.2;16.8;73.6;0;16.4;13.9;14.5;17.3;12.4;369.4444444;0;0;1.9
23408100;15;14;0;0;15.4;15;15.5;17.4;73.1;0;16.2;14;14.6;17.1;12.4;369.4444444;0;0;1.9
23409000;15;13;0;0;15.4;14.8;15.8;17.4;72.5;0;16.1;14.1;14.7;17;12.4;369.4444444;0;0;1.9
23409900;15;13;0;0;15.4;14.8;15.9;17.4;71.7;0;16;14.2;14.9;16.8;12.4;369.4444444;0;0;1.9
23410800;15;15;0;0;15;15.8;15.9;17;70.2;0;16;14.5;15.1;16.7;12.1;369.4444444;0;0;2.5
23411700;15;15;0;0;14.9;16.3;15.9;16.9;71.9;0;16;14.6;15.1;16.7;12.1;369.4444444;0;0;2.5
23412600;15;14;0;0;14.9;15.5;15.9;16.9;73.6;0;16;14.6;15.1;16.7;12.1;369.4444444;0;0;2.5
23413500;15;14;0;0;14.9;15.3;16;16.9;73.4;0;16;14.5;15;16.7;12.1;369.4444444;0;0;2.5
23414400;15;14;0;0;14.9;15.3;16;16.6;74.5;0;16;14.5;14.9;16.8;12.3;358.3333333;0;0;3
23415300;15;14;0;0;14.9;15.3;16;16.6;74.8;0;16.2;14.4;14.9;16.9;12.3;358.3333333;0;0;3
23416200;15;14;0;0;14.9;15.3;15.9;16.6;75;0;16.4;14.4;14.8;17.1;12.3;358.3333333;0;0;3
23417100;15;14;0;0;15.4;15.3;15.6;16.6;76.2;0;16.4;14.3;14.7;17;12.3;358.3333333;0;0;3
23418000;15;14;0;0;15.4;15.3;15.5;13;76.4;0;16.4;14.2;14.6;17;12.5;352.7777778;0;0;3.4
23418900;15;15;0;0;15.4;15.4;15.5;12.1;76.2;0;16.4;14.1;14.5;16.9;12.5;352.7777778;0;0;3.4
23419800;15;15;0;0;15.4;16.3;15.4;12.1;76.1;0;16.3;14;14.5;16.9;12.5;352.7777778;0;0;3.4
23420700;15;15;0;0;15.4;16;15.5;12;76.3;0;16.2;14;14.5;16.8;12.5;352.7777778;0;0;3.4
23421600;15;14;0;0;15.4;15.2;15.6;12.2;76.1;0;16.1;14;14.6;16.8;12.8;363.8888889;0;0;3.3
23422500;15;14;0;0;15.4;14.8;15.8;12.2;74.8;0;16.2;14.2;14.7;16.7;12.8;363.8888889;0;0;3.3
23423400;15;13;0;0;15.4;14.8;15.9;12.3;73.4;0;16.4;14.3;14.8;16.7;12.8;363.8888889;0;0;3.3
23424300;15;13;0;0;15.4;14.8;16;12.5;72.2;0;16.3;14.4;14.9;16.8;12.8;363.8888889;0;0;3.3
23425200;15;13;0;0;15.4;14.8;16.1;12.5;71.1;0;16.1;14.6;15.1;16.7;13.3;350;0;0;3.6
23426100;15;13;0;0;15.4;14.8;15.8;12.5;71.7;0;16.1;14.6;15.1;16.5;13.3;350;0;0;3.6
23427000;15;13;0;0;15.4;14.8;15.6;12.5;71.4;0;16;14.6;15;16.6;13.3;350;0;0;3.6
23427900;15;15;0;0;15.4;15.9;15.3;12.5;72.4;0;16.1;14.4;14.8;16.6;13.3;350;0;0;3.6
23428800;15;15;0;0;15.4;16.3;15.5;12.5;72.9;0;16.1;14.3;14.8;16.6;12.5;327.7777778;0;0;3.5
23429700;15;14;0;0;15.4;15.7;15.7;12.5;71.8;0;16.2;14.4;14.8;16.7;12.5;327.7777778;0;0;3.5
23430600;15;14;0;0;15.4;15.3;15.7;12.6;71.8;0;16.3;14.4;14.9;16.7;12.5;327.7777778;0;0;3.5
23431500;15;14;0;0;15.4;15.3;15.4;12.8;72.4;0;16.3;14.4;14.8;16.7;12.5;327.7777778;0;0;3.5
23432400;15;14;0;0;15.4;15.1;15.3;12.7;72.7;0;16.6;14.3;14.7;16.9;13;300;19.44444444;25;4.7
23433300;14;15;0;0;15.1;15.6;15.4;12.7;72.3;0;16.5;14.3;14.7;16.9;13;300;19.44444444;25;4.7
23434200;14;14;0;0;14.9;15.4;15.1;12.9;72.7;0;16.3;14.2;14.7;16.8;13;300;19.44444444;25;4.7
23435100;14;14;0;0;14.9;14.8;14.9;13.3;73.3;0;16.2;14.1;14.6;16.7;13;300;19.44444444;25;4.7
23436000;14;15;0;0;14.9;15.1;15.1;13.5;73.2;11.6;16.2;14.1;14.9;16.6;14.2;305.5555556;63.88888889;161.1111111;6.7
23436900;14;15;0;0;14.9;16.3;15.7;13.6;72.3;15.8;16.4;14.3;15.8;16.6;14.2;305.5555556;63.88888889;161.1111111;6.7
23437800;14;15;0;0;14.9;16.1;16;13.3;70.1;16.2;16.7;14.8;17.1;16.8;14.2;305.5555556;63.88888889;161.1111111;6.7
23438700;17;14;0;0;17.7;14.7;15.9;12.8;70.2;17;16.8;15.2;17.5;16.9;14.2;305.5555556;63.88888889;161.1111111;6.7
23439600;16;14;0;0;16.6;14.6;16.3;13.1;69.5;87.1;17.2;15.8;18.2;16.9;16.1;308.3333333;94.44444444;316.6666667;6.8
23440500;16;13;0;0;16.2;14.8;16.7;13.2;67.2;112.6;17.9;16.9;18.8;17;16.1;308.3333333;94.44444444;316.6666667;6.8
23441400;15;13;0;0;16.2;14.8;17.2;13.3;64.2;112.6;18.9;18.9;19.3;17.1;16.1;308.3333333;94.44444444;316.6666667;6.8
23442300;15;14;0;0;16.2;14.8;18.1;13.4;59.9;112.6;20.6;20.2;20.4;17.2;16.1;308.3333333;94.44444444;316.6666667;6.8
23443200;15;14;0;0;16.2;14.8;18.2;14;59.4;207.7;22.4;21.6;21.5;17.4;17.1;305.5555556;72.22222222;466.6666667;4.9
23444100;15;14;0;0;16.2;14.9;18.3;14.2;59.5;242.3;23.9;22.9;22.4;17.6;17.1;305.5555556;72.22222222;466.6666667;4.9
23445000;17;18;26;77;17.8;19;18.5;14.5;57;242.3;24.9;24.6;24.2;21.4;17.1;305.5555556;72.22222222;466.6666667;4.9
23445900;19;21;43;82;20.5;21.8;18.4;15;56.7;242.3;23.7;24.2;24.2;22.7;17.1;305.5555556;72.22222222;466.6666667;4.9
23446800;19;21;29;63;20.3;22;18.6;15.7;57.1;312.1;24.1;24.4;24.5;23.2;17.8;350;202.7777778;352.7777778;3.6
23447700;19;21;33;59;20.5;22;18.7;16;55.3;337.5;23.7;23.9;24;22.8;17.8;350;202.7777778;352.7777778;3.6
23448600;19;21;33;62;20.3;21.8;19.2;16.4;53.5;340.8;24;24.1;24.2;23.1;17.8;350;202.7777778;352.7777778;3.6
23449500;20;22;33;63;21;22.6;20.4;17.2;50.9;347.5;24.6;24.7;24.8;23.7;17.8;350;202.7777778;352.7777778;3.6
23450400;19;21;33;61;20.5;22;20.7;17.7;50.5;363.9;24.1;24.2;24.3;23.3;17.5;372.2222222;208.3333333;230.5555556;4
23451300;21;23;33;70;22;23.7;21.7;17.9;47.2;372.1;26.2;26.5;26.5;25.4;17.5;372.2222222;208.3333333;230.5555556;4
23452200;22;24;30;65;22.9;24.7;21.4;18.1;44.9;365.9;26.1;26.4;26.5;25.2;17.5;372.2222222;208.3333333;230.5555556;4
23453100;20;21;33;57;20.8;22.3;20.4;18.2;48.4;362.8;23.7;23.7;23.9;22.9;17.5;372.2222222;208.3333333;230.5555556;4
23454000;18;20;33;50;19.6;20.8;20.7;18.5;49;369;22.5;22.5;22.7;21.9;18.5;350;211.1111111;411.1111111;4
23454900;19;21;0;0;19.7;21.4;20.4;18.7;48.8;373.2;22.8;22.9;22.9;21.7;18.5;350;211.1111111;411.1111111;4
23455800;19;21;31;99;19.7;22.2;20.8;18.6;48;373.2;24.2;24.4;24.2;23.2;18.5;350;211.1111111;411.1111111;4
23456700;19;21;43;73;20.4;21.7;21.3;18.5;46.5;373.2;23.5;23.7;23.9;22.8;18.5;350;211.1111111;411.1111111;4
23457600;19;21;43;76;20.2;21.7;21.6;18.5;45.1;365.3;23.6;23.7;23.8;22.8;19.5;352.7777778;227.7777778;522.2222222;2.5
23458500;19;22;43;112;20.2;22.3;21.5;18.5;44.6;361.3;24.7;24.9;24.9;23.9;19.5;352.7777778;227.7777778;522.2222222;2.5
23459400;19;23;30;136;19.6;23.4;21.9;18.3;44.5;361.3;25.6;25.9;25.7;24.8;19.5;352.7777778;227.7777778;522.2222222;2.5
23460300;20;22;32;96;20.6;22.8;21.6;17.6;44.6;361.3;24.2;24.4;24.4;23.3;19.5;352.7777778;227.7777778;522.2222222;2.5
23461200;20;21;0;0;20.5;21.7;21.2;17.4;45.9;338.3;23.5;23.7;23.9;22.5;15.8;366.6666667;194.4444444;230.5555556;3.5
23462100;19;21;32;81;20.3;22.1;21.2;17.3;47.4;326.8;24;24.1;24.2;23.1;15.8;366.6666667;194.4444444;230.5555556;3.5
23463000;19;21;0;0;20.5;21.8;20.6;17.5;50.3;326.8;23.1;23.3;23.4;22.3;15.8;366.6666667;194.4444444;230.5555556;3.5
23463900;19;20;22;11;20;20.8;19.4;18.2;61;326.8;21.3;21.5;21.6;20.8;15.8;366.6666667;194.4444444;230.5555556;3.5
23464800;18;17;0;0;19.5;18.2;18.7;17.8;64.1;301.3;19.7;20;20.1;19.4;13.4;366.6666667;63.88888889;66.66666667;3.9
23465700;18;18;0;0;19.5;18.6;18.3;17.6;64.6;292;19.4;20.1;20.2;19.2;13.4;366.6666667;63.88888889;66.66666667;3.9
23466600;19;18;0;0;19.8;18.7;17.1;18;67.9;292;18.5;20.1;19.6;18.5;13.4;366.6666667;63.88888889;66.66666667;3.9
23467500;19;18;0;0;20;18.7;16.4;19;70.9;292;16.9;20.3;18.2;17;13.4;366.6666667;63.88888889;66.66666667;3.9
23468400;19;17;0;0;19.4;18.7;16.2;18.4;70.5;248.4;15.9;20.6;19.2;15.5;13.3;350;50;52.77777778;3.9
23469300;18;17;0;0;18.2;18.7;15.9;18.2;69.1;232.6;15.3;20.7;20.5;14.5;13.3;350;50;52.77777778;3.9
23470200;18;17;0;0;18;18.4;15.7;16.8;67.5;232.6;15.1;20.1;20.7;14.2;13.3;350;50;52.77777778;3.9
23471100;17;17;0;0;17;18.2;15.8;15.2;67.2;232.6;15.1;19.3;19.9;14.3;13.3;350;50;52.77777778;3.9
23472000;17;17;0;0;16.8;18;15.9;14.6;65.8;160.3;15.3;18.7;19.5;14.7;13.4;336.1111111;13.88888889;19.44444444;3.3
23472900;16;17;0;0;15.5;17.4;15.5;14.5;67.1;142.2;15.3;18.1;18.8;14.8;13.4;336.1111111;13.88888889;19.44444444;3.3
23473800;15;16;0;0;14.8;17;15.5;14;67.3;142.2;15.2;17.6;18.3;14.8;13.4;336.1111111;13.88888889;19.44444444;3.3
23474700;15;15;0;0;14.8;16.6;15.7;12.6;66.1;142.2;15.1;17.5;18;14.6;13.4;336.1111111;13.88888889;19.44444444;3.3
23475600;15;15;0;0;14.8;16.6;15.5;12;66.3;66.3;15;17.4;18;14.5;13.2;338.8888889;0;0;2.9
23476500;15;15;0;0;14.8;16.6;15.4;11.7;66.7;28.3;14.8;17.3;17.8;14.2;13.2;338.8888889;0;0;2.9
23477400;15;15;0;0;14.8;16.6;15.2;11.8;67.1;28.3;14.7;17.3;17.7;14;13.2;338.8888889;0;0;2.9
23478300;14;15;0;0;14.8;16.6;15.2;12.2;66.8;28.3;14.6;17.4;17.8;13.9;13.2;338.8888889;0;0;2.9
23479200;14;15;0;0;14.8;16.6;15.2;11.5;66.7;9.4;14.5;17.4;17.8;13.8;12.3;333.3333333;0;0;2.7
23480100;14;16;0;0;14.6;17.2;15.1;11.1;66.7;0;14.5;17.3;17.8;13.9;12.3;333.3333333;0;0;2.7
23481000;15;17;0;0;14.7;16.9;14.9;11.4;67.2;0;14.5;17.2;17.7;13.8;12.3;333.3333333;0;0;2.7
23481900;14;16;0;0;14.6;16.8;14.5;12.1;68.8;0;14.3;17.2;17.6;13.6;12.3;333.3333333;0;0;2.7
23482800;13;15;0;0;14;16.8;13.8;11.9;71;0;13.4;17.1;17.6;12.8;10.8;297.2222222;0;0;2.3
23483700;13;15;0;0;14;16.1;13.4;11.8;72.7;0;12.8;17.2;17.6;12;10.8;297.2222222;0;0;2.3
23484600;13;15;0;0;14;16;13.1;12.1;74;0;12.4;16.6;17.3;11.7;10.8;297.2222222;0;0;2.3
23485500;13;15;0;0;13.6;15.8;12.9;12.8;74.3;0;12.1;16.4;16.9;11.4;10.8;297.2222222;0;0;2.3
23486400;13;14;0;0;13.3;15.5;13;12.1;73.5;0;11.9;16.1;16.7;11.3;10.9;302.7777778;0;0;2.2
23487300;13;14;0;0;13.2;15;13;11.8;72.2;0;11.9;15.6;16.3;11.3;10.9;302.7777778;0;0;2.2
23488200;13;15;0;0;13;14.5;13;11.7;70.1;0;11.9;15.3;15.9;11.4;10.9;302.7777778;0;0;2.2
23489100;11;16;0;0;11.2;17.6;12.7;11.4;70.5;0;11.8;14.9;15.6;11.3;10.9;302.7777778;0;0;2.2
23490000;11;15;0;0;11.2;16;12.7;11;71.5;0;11.7;15.5;15.6;11.1;10.5;294.4444444;0;0;1.8
23490900;11;13;0;0;11.2;14.6;12.5;10.8;71.9;0;11.6;15.3;16;11;10.5;294.4444444;0;0;1.8
23491800;11;13;0;0;11.2;14.2;12.3;10.6;72.3;0;11.4;14.8;15.6;10.8;10.5;294.4444444;0;0;1.8
23492700;11.5;13;0;0;11.95;13.85;12.4;12.8;71.9;0;11.3;14.7;15.35;10.75;10.5;294.4444444;0;0;1.8
23493600;12;13;0;0;12.7;13.5;12.5;15;71.5;0;11.2;14.6;15.1;10.7;10.6;291.6666667;0;0;2.2
23494500;11;14;0;0;11.3;14;12.6;17.4;71.4;0;11.3;14.5;15;10.7;10.6;291.6666667;0;0;2.2
23495400;10;15;0;0;10.7;15.2;12.8;17.4;70.3;0;11.4;14.6;14.9;10.8;10.6;291.6666667;0;0;2.2
23496300;10;14;0;0;10.7;15.2;12.5;17.4;70.1;0;11.5;15;15.2;10.9;10.6;291.6666667;0;0;2.2
23497200;11;14;0;1;12;14.6;12.2;17.1;70.7;0;11.4;15.1;15.5;10.8;9.8;-2775;0;0;1.5
23498100;12;15;0;0;12.3;15.3;12;16.9;71.6;0;11.2;14.8;15.5;10.6;9.8;-2775;0;0;1.5
23499000;10;13;0;0;10.8;14.8;11.9;16.9;72;0;11;14.5;15.1;10.4;9.8;-2775;0;0;1.5
23499900;10;13;0;0;10.8;13.8;11.8;16.9;71.6;0;10.9;14.7;15.1;10.2;9.8;-2775;0;0;1.5
23500800;10;12;0;0;10.8;13.6;11.7;9.7;72.1;0;10.8;14.2;15;10.1;9.3;272.2222222;0;0;1.3
23501700;11;12;0;0;12.2;12.6;11.4;9.7;73;0;10.6;13.8;14.5;10;9.3;272.2222222;0;0;1.3
23502600;11;13;0;0;12.3;13.1;11.3;9.7;73.3;0;10.5;13.9;14.5;9.9;9.3;272.2222222;0;0;1.3
23503500;9;14;0;0;10.5;14.6;11.2;9.7;73.5;0;10.4;13.9;14.3;9.8;9.3;272.2222222;0;0;1.3
23504400;9;14;0;0;10;14.6;11.2;9.7;74;0;10.3;14.3;14.5;9.7;9.1;272.2222222;0;0;1.8
23505300;9;13;0;0;10;13.8;11.1;9.7;74;0;10.2;14.1;14.8;9.5;9.1;272.2222222;0;0;1.8
23506200;9;14;0;0;9.9;15.2;11;9.4;74.6;0;10.1;13.5;14.4;9.4;9.1;272.2222222;0;0;1.8
23507100;9;13;0;0;9.5;14.3;10.8;9.3;75.4;0;9.9;13.7;14;9.3;9.1;272.2222222;0;0;1.8
23508000;9;12;0;0;9.5;13.3;10.7;9;76.1;0;9.8;13.6;14.1;9.2;8.5;269.4444444;0;0;2.2
23508900;9;11;0;0;9.5;12.7;10.6;8.9;76.3;0;9.6;13.4;14;9;8.5;269.4444444;0;0;2.2
23509800;9;11;0;0;9.5;12.7;10.5;8.9;76.4;0;9.5;13.2;13.8;8.9;8.5;269.4444444;0;0;2.2
23510700;9;11;0;0;9.5;12.3;10.4;8.9;76.7;0;9.3;13.1;13.6;8.8;8.5;269.4444444;0;0;2.2
23511600;9;11;0;0;9.5;12.2;10.3;8.5;77;0;9.2;13;13.5;8.6;8.1;266.6666667;0;0;2
23512500;9;11;0;0;9.5;12.2;10.1;8.4;77.3;0;9;12.8;13.4;8.5;8.1;266.6666667;0;0;2
23513400;9;11;0;0;9.5;12.2;9.8;8.5;77.9;0;8.9;12.7;13.2;8.3;8.1;266.6666667;0;0;2
23514300;9;13;0;0;8.8;13.3;9.8;8.6;78.6;0;8.7;12.6;13.1;8.1;8.1;266.6666667;0;0;2
23515200;9;13;0;0;8.5;13.7;9.7;8.2;78.6;0;8.5;12.5;13;8;6.9;266.6666667;0;0;1.8
23516100;9;11;0;0;8.5;12.6;9.6;8;78.9;0;8.3;12.7;13.1;7.9;6.9;266.6666667;0;0;1.8
23517000;8;11;0;0;8.5;11.8;9.4;7.9;79.1;0;8.2;12.5;13.1;7.7;6.9;266.6666667;0;0;1.8
23517900;8;10;0;0;8.5;11.7;9.4;7.9;79.1;0;8;12.2;12.9;7.6;6.9;266.6666667;0;0;1.8
23518800;8;10;0;0;8.5;11.2;9.4;7.7;79;0;7.8;12;12.7;7.5;7.3;266.6666667;16.66666667;25;1.8
23519700;8;10;0;0;8.5;11.2;9.1;7.6;79.3;0;7.6;11.9;12.5;7.2;7.3;266.6666667;16.66666667;25;1.8
23520600;8;10;0;0;8.4;11.1;8.8;7.7;80.4;0;7.4;11.7;12.3;7;7.3;266.6666667;16.66666667;25;1.8
23521500;8;10;0;0;8;10.7;9.2;7.7;80.4;0;7.7;11.6;12.1;7.3;7.3;266.6666667;16.66666667;25;1.8
23522400;7;10;0;0;7.8;11.4;9.6;7.9;78.9;14.1;8.4;11.5;12.1;7.9;9.6;269.4444444;44.44444444;163.8888889;1.7
23523300;7;12;0;0;7;12.7;9.9;7.9;78;14.1;9.4;11.4;12;8.7;9.6;269.4444444;44.44444444;163.8888889;1.7
23524200;8;13;0;0;7;13.5;10.3;7.5;76.9;14.2;10.6;11.6;12;9.5;9.6;269.4444444;44.44444444;163.8888889;1.7
23525100;6;15;0;0;6.6;16.3;10.8;7.1;75.8;14.2;11.5;12.1;12.2;10.4;9.6;269.4444444;44.44444444;163.8888889;1.7
23526000;6;13;0;0;6.9;14.2;11.4;7.6;74.1;120.6;13.4;14.2;12.7;11.6;11;272.2222222;66.66666667;333.3333333;1.4
23526900;6;11;0;0;7.2;12.8;12;7.6;72;128.2;15.6;15.4;13.9;12.9;11;272.2222222;66.66666667;333.3333333;1.4
23527800;11;14;1;0;11.8;14.9;12.5;7.7;69.9;128.2;17;15.9;16;14.3;11;272.2222222;66.66666667;333.3333333;1.4
23528700;10;17;0;0;10.6;18.1;13;7.8;65.5;128.2;15.5;15.8;14.4;14.1;11;272.2222222;66.66666667;333.3333333;1.4
23529600;12;17;1;3;12.6;17.5;13.4;8.9;63.3;246.8;17.5;16.6;16.6;14.8;12.3;294.4444444;175;361.1111111;1.2
23530500;10;17;0;0;11.4;18.4;14.1;9;59.8;255.3;17.1;15.9;15.7;14.3;12.3;294.4444444;175;361.1111111;1.2
23531400;10;16;0;0;11.3;17.8;14.3;9.8;56.8;255.3;18.9;16.3;16.8;14.3;12.3;294.4444444;175;361.1111111;1.2
23532300;10;17;0;0;11.3;17.8;15;10.7;54.5;255.3;20.3;17.1;17.8;14.5;12.3;294.4444444;175;361.1111111;1.2
23533200;10;18;0;0;11.3;18.4;15.3;11.8;53;373.6;20.8;18;18.2;14.7;13.5;302.7777778;250;469.4444444;1.1
23534100;10;17;0;0;11.7;18.4;15.9;12;50.1;391.8;21.3;18.9;18.9;14.9;13.5;302.7777778;250;469.4444444;1.1
23535000;11;16;0;0;12;17.9;16;12.2;46.6;390.4;22.3;19.7;19.8;15.1;13.5;302.7777778;250;469.4444444;1.1
23535900;11;16;1;5;12.5;17.9;15.9;12.4;43.1;388.4;23.6;21;21.1;15.9;13.5;302.7777778;250;469.4444444;1.1
23536800;18;20;33;92;18.9;21.4;15.9;13.3;45.7;429;24.3;24.9;24.9;23.6;12.9;288.8888889;169.4444444;436.1111111;1.1
23537700;19;21;33;87;19.6;22.1;16.2;13.5;45.1;439.2;23.8;24.3;24.3;22.9;12.9;288.8888889;169.4444444;436.1111111;1.1
23538600;19;22;33;85;20.2;22.4;17.1;13.6;43.8;435.4;24.5;24.9;24.9;23.7;12.9;288.8888889;169.4444444;436.1111111;1.1
23539500;20;22;33;81;20.5;22.7;17.1;13.7;39.5;427.8;24.9;25.1;25.1;24.1;12.9;288.8888889;169.4444444;436.1111111;1.1
23540400;18;22;39;154;19.7;23;16.9;14.3;42.1;464.6;25.2;25.1;25.1;24.4;14.4;291.6666667;161.1111111;627.7777778;1.4
23541300;19;22;24;97;20.5;23;17.1;14.5;42.3;478;25;25.1;25;24.2;14.4;291.6666667;161.1111111;627.7777778;1.4
23542200;20;22;32;95;21.2;23.5;17.3;14.4;42.1;478;25.5;25.7;25.6;24.6;14.4;291.6666667;161.1111111;627.7777778;1.4
23543100;20;22;33;83;21.2;23.4;17.1;14.4;41.5;478;24.9;25.2;25.2;24.1;14.4;291.6666667;161.1111111;627.7777778;1.4
23544000;19;21;33;75;20.5;22.5;16.9;14.7;41.9;471.8;24.4;24.5;24.6;23.6;14.8;286.1111111;66.66666667;586.1111111;0.8
23544900;20;22;33;73;20.8;22.5;17;14.8;41.5;470.3;24.9;25;25;24;14.8;286.1111111;66.66666667;586.1111111;0.8
23545800;20;22;33;72;21.4;23.2;16.8;14.3;40.7;470.3;25.6;25.6;25.7;24.5;14.8;286.1111111;66.66666667;586.1111111;0.8
23546700;21;23;33;68;21.8;23.5;16.9;13.5;41.5;470.3;25.7;25.6;25.8;24.6;14.8;286.1111111;66.66666667;586.1111111;0.8
23547600;21;22;33;70;21.8;23.5;17;13.7;41.6;442.8;25.6;25.6;25.7;24.6;14.8;288.8888889;86.11111111;472.2222222;0.7
23548500;19;22;31;143;19.9;23.1;17.3;13.8;40.7;435.9;25.3;25.2;24.9;24.3;14.8;288.8888889;86.11111111;472.2222222;0.7
23549400;20;22;33;65;21.3;23;17.3;14.2;41;435.9;25;25;25;23.6;14.8;288.8888889;86.11111111;472.2222222;0.7
23550300;20;22;33;64;21.3;23;17.5;14.7;40.6;435.9;25.1;25.1;25.2;23.9;14.8;288.8888889;86.11111111;472.2222222;0.7
23551200;20;22;33;122;20.4;22.9;17.7;15;40.2;388;25;24.9;25.2;24;15;291.6666667;91.66666667;297.2222222;1.9
23552100;19;21;43;93;20;22;17.8;15.1;39.6;376;23.7;23.8;24;22.7;15;291.6666667;91.66666667;297.2222222;1.9
23553000;19;20;20;36;20;21;17.5;15.2;40.3;376;22.6;22.7;23;21.7;15;291.6666667;91.66666667;297.2222222;1.9
23553900;18;20;20;74;19.4;20.9;17.5;15.2;39.7;376;22.9;22.9;23.3;22;15;291.6666667;91.66666667;297.2222222;1.9
23554800;18;19;26;49;19.1;20.4;17.4;15.1;39.3;312.5;22;22;22.4;21.2;15.2;291.6666667;55.55555556;158.3333333;2.8
23555700;18;19;0;0;19.1;20;17.3;15;40.6;280.8;21.8;22.1;22.6;21.1;15.2;291.6666667;55.55555556;158.3333333;2.8
23556600;18;19;0;0;19.3;20;17.2;14.9;40.5;280.8;21.9;22.3;22.3;21.2;15.2;291.6666667;55.55555556;158.3333333;2.8
23557500;18;19;0;0;19.6;20.1;16.9;14.7;41;280.8;21.8;22.3;21.4;21.2;15.2;291.6666667;55.55555556;158.3333333;2.8
23558400;18;21;0;0;19.6;21.4;16.4;14.4;43.3;173.3;21.8;21.9;21;21.3;13.4;297.2222222;22.22222222;33.33333333;3.2
23559300;19;21;0;0;19.6;21.8;15.9;14.3;49;156.8;22;21.6;20.6;21.4;13.4;297.2222222;22.22222222;33.33333333;3.2
23560200;19;20;0;0;19.6;21.5;15.5;14.5;52.5;156.8;22.1;22.2;20.3;21.4;13.4;297.2222222;22.22222222;33.33333333;3.2
23561100;19;20;0;0;20;21.4;15;14.6;53.7;156.8;22.1;22.1;19.6;21.5;13.4;297.2222222;22.22222222;33.33333333;3.2
23562000;19;20;0;0;20.1;21;14.5;14.2;53.3;65.3;22.1;21.9;18.5;21.5;12.4;300;0;0;3.2
23562900;19;20;0;0;20.1;21;13.8;14;57.3;19.5;22.1;20.8;17.3;21.5;12.4;300;0;0;3.2
23563800;19;19;0;0;20.1;20.7;13.4;14.3;58.6;19.5;22.2;20;16.5;21.5;12.4;300;0;0;3.2
23564700;19;19;0;0;20;20.1;13.2;14.6;59.3;19.5;22.6;19.4;16;21.2;12.4;300;0;0;3.2
23565600;18;19;0;0;18.5;19.8;12.7;13.6;59.9;1.3;20.7;19.7;15.6;21.4;11.5;286.1111111;0;0;3.4
23566500;17;18;0;0;17.7;18.8;12.4;13.5;60.9;0;19.1;18.9;15.3;21.1;11.5;286.1111111;0;0;3.4
23567400;17;16;0;0;17.3;17.6;12;12.8;61;0;19.1;16.8;14.9;19.8;11.5;286.1111111;0;0;3.4
23568300;17;15;0;0;16.7;17;11.7;12.3;63.7;0;18.4;14.2;14.6;19.4;11.5;286.1111111;0;0;3.4
23569200;17;15;0;0;16.1;16.5;11.5;11.8;66;0;17.4;12.8;14.1;18.7;10.3;283.3333333;0;0;2.1
23570100;16;15;0;0;15.6;16;11.4;11.6;67.1;0;16.8;12.1;13.6;17.8;10.3;283.3333333;0;0;2.1
23571000;16;13;0;0;16.2;13.6;11.2;11.6;68.4;0;16.7;11.5;13.1;17.5;10.3;283.3333333;0;0;2.1
23571900;14;13;0;0;14.8;14.3;10.9;11.6;69.4;0;15.9;11.1;12.6;17.2;10.3;283.3333333;0;0;2.1
23572800;14;13;0;0;14.2;14.2;10.8;10.9;70;0;15.1;10.8;12.1;16.7;8.3;280.5555556;0;0;2
23573700;14;12;0;0;13.9;13.8;10.6;10.8;71.7;0;14.5;10.5;11.7;15.9;8.3;280.5555556;0;0;2
23574600;14;13;0;0;13.5;13.6;10.4;10.8;72.6;0;14.1;10.2;11.3;15.4;8.3;280.5555556;0;0;2
23575500;13;13;0;0;13.1;14.5;10.3;10.7;73.4;0;13.8;9.9;11.1;15.2;8.3;280.5555556;0;0;2
23576400;13;12;0;0;12.7;13.8;10.3;10.1;73.6;0;13.5;9.7;10.8;14.9;8.1;280.5555556;0;0;2
23577300;13;11;0;0;12.7;12.7;10.2;9.9;73.7;0;13.3;9.5;10.5;14.6;8.1;280.5555556;0;0;2
23578200;13;11;0;0;12.7;12.2;10.1;9.7;74.2;0;13.4;9.3;10.2;14.5;8.1;280.5555556;0;0;2
23579100;12.5;10.5;0;0;12.45;11.95;9.95;9.4;74.95;0;12.9;9.05;9.9;14.25;8.1;280.5555556;0;0;2
23580000;12;10;0;0;12.2;11.7;9.8;9.1;75.7;0;12.4;8.8;9.6;14;8;277.7777778;0;0;2.5
23580900;12;10;0;0;11.8;11.2;9.7;9.1;75.9;0;12.1;8.6;9.5;13.7;8;277.7777778;0;0;2.5
23581800;12;10;0;0;11.7;11.1;9.7;9.1;75.8;0;11.9;8.5;9.4;13.5;8;277.7777778;0;0;2.5
23582700;12;9;0;0;11.4;10.7;9.6;9.1;76.3;0;11.7;8.4;9.2;13.2;8;277.7777778;0;0;2.5
23583600;11;11;0;0;11.2;11.9;9.6;8.7;76.3;0;11.5;8.1;9.1;13.1;7.9;286.1111111;0;0;3.1
23584500;11;11;0;0;11.2;12;9.6;8.6;76.3;0;11.4;8.1;9;12.9;7.9;286.1111111;0;0;3.1
23585400;11;9;0;0;11.2;11.1;9.6;8.6;76.5;0;11.3;8;8.9;12.7;7.9;286.1111111;0;0;3.1
23586300;11;9;0;0;11;10.3;9.3;8.6;77.1;0;11.2;7.8;8.8;12.7;7.9;286.1111111;0;0;3.1
23587200;11;9;0;0;10.7;10.2;9.3;8.2;77.7;0;11.4;7.7;8.6;12.8;7.1;283.3333333;0;0;2.3
23588100;11;8;0;0;10.7;9.8;9.2;8;77.8;0;11;7.5;8.4;12.6;7.1;283.3333333;0;0;2.3
23589000;10;8;0;0;10.7;9.8;9.1;8;78.2;0;10.8;7.4;8.2;12.4;7.1;283.3333333;0;0;2.3
23589900;10;8;0;0;10.3;9.8;9;8;78.8;0;10.6;7.3;8.1;12.1;7.1;283.3333333;0;0;2.3
23590800;10;8;0;0;10.2;9.3;8.8;7.3;79.2;0;10.5;7.1;8;12;6.9;280.5555556;0;0;2.9
23591700;10;9;0;0;10;9.8;8.8;7.1;79.5;0;10.3;7;7.9;11.8;6.9;280.5555556;0;0;2.9
23592600;10;10;0;0;9.7;11;8.7;7.3;79.7;0;10.2;6.9;7.7;11.7;6.9;280.5555556;0;0;2.9
23593500;10;9;0;0;9.7;10.4;8.6;7.5;80.2;0;10.1;6.8;7.6;11.6;6.9;280.5555556;0;0;2.9
23594400;10;8;0;0;9.7;9.4;8.5;7.4;80.3;0;10;6.7;7.5;11.5;6.6;277.7777778;0;0;2.1
23595300;10;8;0;0;9.7;9;8.4;7.4;80.7;0;10.2;6.6;7.3;11.5;6.6;277.7777778;0;0;2.1
23596200;9;7;0;0;9.7;8.8;8.3;7.2;80.7;0;10.1;6.5;7.3;11.5;6.6;277.7777778;0;0;2.1
23597100;9;7;0;0;9.2;8.7;8.3;6.9;81.2;0;9.7;6.4;7.2;11.3;6.6;277.7777778;0;0;2.1
23598000;9;7;0;0;9.2;8.3;8.2;6.9;81.4;0;9.5;6.3;7.2;11.1;6.2;277.7777778;0;0;2.6
23598900;9;7;0;0;9.2;8.3;8.2;6.9;81.3;0;9.4;6.3;7.1;11;6.2;277.7777778;0;0;2.6
23599800;9;7;0;0;9.2;8.3;8.2;6.8;81.4;0;9.4;6.2;7;10.9;6.2;277.7777778;0;0;2.6
23600700;9;9;0;0;8.7;9.8;8.1;6.8;81.5;0;9.3;6.1;6.9;10.8;6.2;277.7777778;0;0;2.6
23601600;9;9;0;0;8.7;9.8;8;6.7;81.7;0;9.3;6.1;6.8;10.8;5.7;-2775;0;0;2.5
23602500;9;7;0;0;8.7;8.9;7.9;6.7;82.2;0;9.2;5.9;6.6;10.7;5.7;-2775;0;0;2.5
23603400;9;7;0;0;8.7;8.3;7.8;6.6;81.9;0;9.2;5.8;6.5;10.6;5.7;-2775;0;0;2.5
23604300;9;7;0;0;8.7;8;7.8;6.4;82;0;9.5;5.8;6.5;10.8;5.7;-2775;0;0;2.5
23605200;9;6;0;0;8.7;7.8;7.8;6.3;81.7;0;9.2;5.8;6.4;10.7;5.7;272.2222222;19.44444444;22.22222222;3.2
23606100;9;9;0;0;8.3;8.3;7.7;6.3;82.2;0;9;5.7;6.3;10.5;5.7;272.2222222;19.44444444;22.22222222;3.2
23607000;8;9;0;0;7.7;8.8;7.6;6.1;82.2;0;8.7;5.6;6.3;10.3;5.7;272.2222222;19.44444444;22.22222222;3.2
23607900;7;7;0;0;7.7;8.5;7.7;6;82.7;0;8.6;5.7;6.4;10.1;5.7;272.2222222;19.44444444;22.22222222;3.2
23608800;7;8;0;0;7.7;8.5;8;6.4;82.7;13.1;8.7;5.8;6.7;10;7.9;272.2222222;58.33333333;141.6666667;2.6
23609700;12;7;1;0;12.6;7.3;8.3;6.5;82.6;16.4;9.1;6.1;7.4;10.1;7.9;272.2222222;58.33333333;141.6666667;2.6
23610600;13;8;0;0;12.5;8;8.9;6.2;80.7;15;9.7;6.4;8.2;10.7;7.9;272.2222222;58.33333333;141.6666667;2.6
23611500;12;8;0;0;10.1;8.8;9.5;6;78.1;13.8;9.9;7;9.7;11.2;7.9;272.2222222;58.33333333;141.6666667;2.6
23612400;11;7;0;0;9.5;8.7;10.1;7.5;75.3;138.2;9.8;7.6;11;11.2;9.7;277.7777778;77.77777778;305.5555556;2.2
23613300;10;7;1;0;9.4;7.9;10.2;7.5;74.1;138.2;10.5;8.8;12.1;11.1;9.7;277.7777778;77.77777778;305.5555556;2.2
23614200;13;9;0;0;13.7;8.4;10.9;7.4;72.7;138.2;12.4;10.8;13.6;11.2;9.7;277.7777778;77.77777778;305.5555556;2.2
23615100;12;9;0;0;12.5;9.6;11.4;7.1;70.7;138.2;13.1;12.4;14.6;11.2;9.7;277.7777778;77.77777778;305.5555556;2.2
23616000;11;8;0;0;12.2;9.1;12;8.9;69.4;250.9;14.9;14.3;15.5;11.3;12.8;283.3333333;86.11111111;455.5555556;1.4
23616900;11;8;0;0;12.2;9.2;12.8;9.3;66.5;279.1;16.8;15.9;16.6;11.5;12.8;283.3333333;86.11111111;455.5555556;1.4
23617800;11;9;0;0;12.2;9.7;13.2;9.6;65.2;279.1;18.8;17.7;17.7;11.8;12.8;283.3333333;86.11111111;455.5555556;1.4
23618700;11;10;0;0;12.2;11.2;14;9.9;63.6;279.1;20.6;19.3;18.6;12.2;12.8;283.3333333;86.11111111;455.5555556;1.4
23619600;11;12;0;0;12.2;12.7;14.7;11.5;62.1;357.7;22.4;20.8;19.5;12.6;15.3;291.6666667;91.66666667;538.8888889;2.3
23620500;15;16;30;93;16;17.6;15.4;12.3;60.2;397;24;23.5;22.9;19.4;15.3;291.6666667;91.66666667;538.8888889;2.3
23621400;18;20;43;85;19.5;21;15.8;12.1;59.2;396.9;23.3;23.6;23.7;21.9;15.3;291.6666667;91.66666667;538.8888889;2.3
23622300;19;21;43;101;19.5;21.5;16.3;11.9;57.8;396.7;23.7;24;24;22.5;15.3;291.6666667;91.66666667;538.8888889;2.3
23623200;19;21;43;108;19.5;21.6;16.7;13.8;57;472.1;24;24.2;24.2;23;18;300;88.88888889;600;3.1
23624100;19;21;43;122;19.8;22.1;17.3;14.1;56.6;483.7;24.5;24.6;24.7;23.5;18;300;88.88888889;600;3.1
23625000;19;22;43;131;20;22.5;17.8;14.6;54.4;486.6;24.8;24.9;25;23.9;18;300;88.88888889;600;3.1
23625900;19;22;43;136;20;22.8;18.3;14.9;51.8;488.6;25.1;25.1;25.2;24.1;18;300;88.88888889;600;3.1
23626800;19;22;43;139;20;23;18.9;16.7;48.5;601.3;25.2;25.3;25.3;24.2;19.3;308.3333333;94.44444444;611.1111111;1.9
23627700;19;22;43;142;20.1;23;19.4;16.8;47.9;609.3;25.3;25.4;25.4;24.5;19.3;308.3333333;94.44444444;611.1111111;1.9
23628600;19;22;43;147;20.5;23.2;19.8;17;45.7;609.3;25.5;25.6;25.7;24.6;19.3;308.3333333;94.44444444;611.1111111;1.9
23629500;20;23;43;152;20.5;23.5;20.1;17.2;43.2;609.3;25.8;25.8;25.9;24.8;19.3;308.3333333;94.44444444;611.1111111;1.9
23630400;20;23;43;156;20.5;23.5;20.7;18.4;41;615.2;26;26;26;24.9;20.6;311.1111111;125;538.8888889;1.9
23631300;20;23;43;157;20.5;23.8;21;18.6;38.6;616.1;26;26.1;26.1;25;20.6;311.1111111;125;538.8888889;1.9
23632200;20;23;43;155;20.5;24;21.5;19;37.1;616.1;26;26.1;26.2;24.9;20.6;311.1111111;125;538.8888889;1.9
23633100;20;23;43;157;20.5;24;21.8;19.4;37.3;616.1;26.2;26.2;26.2;24.9;20.6;311.1111111;125;538.8888889;1.9
23634000;20;23;43;154;20.5;24;21.9;20.3;37;526.2;26.1;26.2;26.2;24.8;21.2;316.6666667;111.1111111;433.3333333;2.8
23634900;20;23;43;148;20.5;24;22.2;20.5;36.7;503.7;25.9;26;26.1;24.6;21.2;316.6666667;111.1111111;433.3333333;2.8
23635800;20;23;43;140;20.5;24;22.3;20.5;36.8;503.7;25.7;25.8;25.9;24.5;21.2;316.6666667;111.1111111;433.3333333;2.8
23636700;20;23;43;138;20.5;23.9;22.5;20.5;38.2;503.7;25.7;25.7;25.8;24.5;21.2;316.6666667;111.1111111;433.3333333;2.8
23637600;20;22;43;130;20.5;23.5;22.6;20.8;40.7;474.7;25.4;25.4;25.5;24.3;21.4;325;83.33333333;319.4444444;2.8
23638500;20;22;43;117;20.5;23.2;22.6;20.9;41.9;464.2;25;25;25.2;24;21.4;325;83.33333333;319.4444444;2.8
23639400;20;22;43;117;20.5;23;22.9;21;42.6;464.2;25;25;25.2;23.9;21.4;325;83.33333333;319.4444444;2.8
23640300;20;22;43;112;20.5;23;23;21.2;43;464.2;24.9;24.9;25.1;23.8;21.4;325;83.33333333;319.4444444;2.8
23641200;20;22;43;106;20.5;23;23.2;20.7;41.8;371.3;24.7;24.7;24.9;23.7;21.6;325;50;158.3333333;2
23642100;19;21;43;93;20.5;22.5;23;20.6;40.7;348.1;24.3;24.3;24.5;23.3;21.6;325;50;158.3333333;2
23643000;19;21;43;79;20.5;22;22.9;20.7;40.4;348.1;23.8;23.8;24;22.9;21.6;325;50;158.3333333;2
23643900;19;20;43;65;20.5;21.6;22.7;20.8;41.2;348.1;23.4;23.2;23.6;22.5;21.6;325;50;158.3333333;2
23644800;19;20;9;12;20.5;21.1;22.2;20;42.1;202.8;23.1;22.9;23.4;22.2;18.7;316.6666667;11.11111111;13.88888889;2
23645700;19;21;14;30;20.2;21.5;21.5;19.8;45.2;166.5;23.1;23;23.4;22.3;18.7;316.6666667;11.11111111;13.88888889;2
23646600;19;19;9;11;19.9;20.5;20.7;20.2;47;166.5;22;21.7;22.2;21.3;18.7;316.6666667;11.11111111;13.88888889;2
23647500;19;19;0;0;20;20.5;19.9;20.6;48.6;166.5;21.7;21.5;21.9;21.3;18.7;316.6666667;11.11111111;13.88888889;2
23648400;19;20;0;0;20;20.5;19.2;19.9;50.2;64.8;21.4;21.1;21.5;21.4;17.1;311.1111111;0;0;1.4
23649300;19;20;0;0;20;20.5;18.6;19.6;52;27.8;21.5;20.8;21;21.5;17.1;311.1111111;0;0;1.4
23650200;19;20;0;0;20;20.5;18;20.1;54.7;27.8;21.9;20.1;20.6;21.6;17.1;311.1111111;0;0;1.4
23651100;19;20;0;0;20.4;20.5;17.2;20.9;57.9;27.8;22.1;19.3;20;21.7;17.1;311.1111111;0;0;1.4
23652000;19;20;0;0;20.5;20.5;16.6;19.9;61.1;7.4;22.3;18.6;19.2;21.6;15.8;319.4444444;0;0;1.2
23652900;19;21;0;0;20.5;20.8;16.3;19.6;63.4;0;22.3;18;18.5;21.6;15.8;319.4444444;0;0;1.2
23653800;19;20;0;0;20.4;21;16.1;18.8;65.2;0;21.8;17.5;18;21.6;15.8;319.4444444;0;0;1.2
23654700;19;18;0;0;19.7;20;15.8;17.6;66.8;0;21.2;17.1;17.5;21.5;15.8;319.4444444;0;0;1.2
23655600;19;18;0;0;19.1;19.2;15.5;16.7;67.7;0;20.4;16.7;17.3;21.1;17;330.5555556;0;0;2
23656500;18;17;0;0;18.6;18.6;15.4;16.4;68.3;0;19.6;16.5;17.1;20.5;17;330.5555556;0;0;2
23657400;18;17;0;0;18.5;18.1;15.4;16.2;69;0;19.1;16.2;16.9;19.9;17;330.5555556;0;0;2
23658300;18;16;0;0;18;17.6;15.2;16.1;70;0;18.8;15.9;16.7;19.3;17;330.5555556;0;0;2
23659200;18;16;0;0;17.8;17.5;14.9;15.5;71;0;18.4;15.6;16.3;19;14.3;327.7777778;0;0;1.2
23660100;18;16;0;0;17.5;17.1;14.8;15.4;71.6;0;18.2;15.4;16.1;18.8;14.3;327.7777778;0;0;1.2
23661000;17;16;0;0;17.3;17.1;14.9;15.3;71.9;0;18;15.3;16;18.6;14.3;327.7777778;0;0;1.2
23661900;17;17;0;0;17;18;14.9;15.2;72.2;0;17.8;15.1;15.8;18.4;14.3;327.7777778;0;0;1.2
23662800;17;16;0;0;17;17.4;14.6;14.7;73.3;0;17.6;14.9;15.7;18.2;14.2;325;0;0;1.7
23663700;17;15;0;0;16.9;16.6;14.5;14.6;74.1;0;17.5;14.6;15.4;18.1;14.2;325;0;0;1.7
23664600;17;15;0;0;16.5;16.2;14.6;15.6;74.3;0;17.5;14.4;15.2;17.9;14.2;325;0;0;1.7
23665500;16.5;14.5;0;0;16.5;15.95;14.55;12.85;74.45;0;17.25;14.25;15.05;17.85;14.2;325;0;0;1.7
23666400;16;14;0;0;16.5;15.7;14.5;10.1;74.6;0;17;14.1;14.9;17.8;14.8;344.4444444;0;0;2.2
23667300;16;14;0;0;16.1;15.5;14.7;9.1;75.1;0;16.8;14;14.9;17.6;14.8;344.4444444;0;0;2.2
23668200;16;14;0;0;16;15.5;15;9.1;74.7;0;16.7;14.1;15;17.4;14.8;344.4444444;0;0;2.2
23669100;16;14;0;0;16;15;15.3;9.1;74;0;16.5;14.3;15.2;17.2;14.8;344.4444444;0;0;2.2
23670000;15;16;0;0;15.6;16;15.5;8.7;73.3;0;16.5;14.4;15.3;17.1;12.7;347.2222222;0;0;2.9
23670900;16;15;0;0;15.5;16.5;15.7;8.6;72.7;0;16.5;14.5;15.3;17;12.7;347.2222222;0;0;2.9
23671800;16;14;0;0;15.5;15.6;15.8;8.6;72.8;0;16.5;14.7;15.4;16.9;12.7;347.2222222;0;0;2.9
23672700;15;14;0;0;15.5;15.2;15.9;8.6;72.3;0;16.4;14.8;15.5;16.9;12.7;347.2222222;0;0;2.9
23673600;15;14;0;0;15.5;15;15.7;8.1;72.8;0;16.4;14.8;15.4;16.9;13;341.6666667;0;0;2.5
23674500;15;14;0;0;15.5;15;15.3;8;73.9;0;16.4;14.6;15.2;17;13;341.6666667;0;0;2.5
23675400;15;14;0;0;15.5;15;15.3;8;74.1;0;16.5;14.4;15;17.2;13;341.6666667;0;0;2.5
23676300;15;14;0;0;15.5;15;15.2;8;74.4;0;16.7;14.2;14.8;17.1;13;341.6666667;0;0;2.5
23677200;15;14;0;0;15.7;15;15.2;13.9;74.6;0;16.6;14.1;14.7;17;12.4;347.2222222;0;0;2.1
23678100;15;15;0;0;16;15.3;15.2;13.9;74.7;0;16.5;14;14.6;17;12.4;347.2222222;0;0;2.1
23679000;15;15;0;0;16;16.5;15.2;13;75.1;0;16.5;14;14.5;16.9;12.4;347.2222222;0;0;2.1
23679900;16;15;0;0;16;15.9;14.9;12.4;75.8;0;16.3;13.9;14.5;16.9;12.4;347.2222222;0;0;2.1
23680800;16;14;0;0;15.6;15.2;14.9;12.3;76.4;0;16.2;13.8;14.4;16.8;12.2;347.2222222;0;0;2.5
23681700;15;14;0;0;15.5;15;14.9;12.3;76.6;0;16.2;13.8;14.5;16.7;12.2;347.2222222;0;0;2.5
23682600;15;13;0;0;15.5;14.9;14.9;12.6;76.6;0;16.2;13.8;14.4;16.6;12.2;347.2222222;0;0;2.5
23683500;15;13;0;0;15.5;14.5;14.9;12.9;76.8;0;16;13.7;14.4;16.7;12.2;347.2222222;0;0;2.5
23684400;15;13;0;0;15.5;14.5;14.9;12.8;76.8;0;15.8;13.7;14.4;16.5;11.4;344.4444444;0;0;3.2
23685300;15;13;0;0;15.2;14.5;14.7;12.8;77.1;0;15.7;13.7;14.3;16.4;11.4;344.4444444;0;0;3.2
23686200;15;13;0;0;15;14.5;14.7;12.6;77.4;0;15.7;13.7;14.3;16.3;11.4;344.4444444;0;0;3.2
23687100;15;15;0;0;15;15.3;14.6;12.4;77.6;0;15.7;13.6;14.2;16.3;11.4;344.4444444;0;0;3.2
23688000;15;15;0;0;15;15.5;14.4;12;77.9;0;15.7;13.5;14.1;16.2;11.3;338.8888889;0;0;3.6
23688900;15;14;0;0;15;15.1;14.5;11.9;77.8;0;15.6;13.4;14;16.2;11.3;338.8888889;0;0;3.6
23689800;15;13;0;0;15;14.5;14.4;11.9;78.1;0;15.6;13.4;13.9;16.2;11.3;338.8888889;0;0;3.6
23690700;15;13;0;0;15;14.5;14.2;11.8;78.6;0;15.8;13.3;13.9;16.2;11.3;338.8888889;0;0;3.6
23691600;15;13;0;0;15;14.5;14.2;11.7;78.6;0;15.8;13.1;13.7;16.3;11.1;333.3333333;30.55555556;30.55555556;3.7
23692500;15;13;0;0;15;14.1;14.1;11.6;79;0;15.5;13.1;13.6;16.3;11.1;333.3333333;30.55555556;30.55555556;3.7
23693400;14;13;0;0;14.5;14;14.1;11.3;79.6;0;15.4;13;13.6;16.1;11.1;333.3333333;30.55555556;30.55555556;3.7
23694300;14;13;0;0;14.5;14;14.4;11.2;79.3;0;15.3;13.1;13.7;16;11.1;333.3333333;30.55555556;30.55555556;3.7
23695200;14;14;0;0;14.5;14.3;14.8;11.5;78.3;7.9;15.3;13.4;14.1;15.9;12.5;302.7777778;86.11111111;91.66666667;3.5
23696100;14;14;0;0;14.5;15.4;14.9;11.5;77.2;7.9;15.3;13.7;14.5;15.8;12.5;302.7777778;86.11111111;91.66666667;3.5
23697000;14;14;0;0;14.5;15;14.8;11.6;77.6;7.4;15.3;13.9;14.7;15.8;12.5;302.7777778;86.11111111;91.66666667;3.5
23697900;14;14;0;0;14.5;15;15;11.6;77.3;7;15.4;14.2;14.9;15.8;12.5;302.7777778;86.11111111;91.66666667;3.5
23698800;14;13;0;0;14.5;14.6;15.2;12.6;76.9;95.2;15.5;14.6;15.3;15.9;14.2;300;119.4444444;233.3333333;4.2
23699700;14;13;0;0;14.5;14.1;15.6;12.7;75.3;108.8;15.8;15.2;16;15.9;14.2;300;119.4444444;233.3333333;4.2
23700600;14;13;0;0;14.5;14;15.7;12.4;74.8;108.8;16;15.9;16.9;16;14.2;300;119.4444444;233.3333333;4.2
23701500;14;13;0;0;14.5;14;15.7;12.2;74.4;108.8;16.7;16.8;17.6;16.2;14.2;300;119.4444444;233.3333333;4.2
23702400;14;13;0;0;14.5;14;16.1;13.8;73.4;218.1;18.3;18.1;18.5;16.4;16.1;308.3333333;122.2222222;416.6666667;4.7
23703300;14;13;0;0;14.5;14;16.7;14;71.2;234.9;20.1;19.4;19.6;16.6;16.1;308.3333333;122.2222222;416.6666667;4.7
23704200;14;13;0;0;15;14.4;17.3;14.2;68;234.9;21.7;20.8;20.7;16.8;16.1;308.3333333;122.2222222;416.6666667;4.7
23705100;14;15;0;0;15;15.2;17.8;14.4;65.5;234.9;23.5;22.6;21.7;17;16.1;308.3333333;122.2222222;416.6666667;4.7
23706000;15;16;8;11;15.6;17;18.4;16;63.7;329.1;25.4;24.7;23.6;18.7;19;316.6666667;113.8888889;513.8888889;4.4
23706900;19;23;43;157;20.4;23.5;18.9;16.3;60.9;343.6;25.1;25.7;25.6;23.9;19;316.6666667;113.8888889;513.8888889;4.4
23707800;20;22;43;123;20.7;23.2;19.4;16.2;57.7;342.3;25.3;25.5;25.6;24;19;316.6666667;113.8888889;513.8888889;4.4
23708700;20;23;43;132;20.7;23.3;20;16.1;50.3;341.2;25.7;25.9;25.9;24.4;19;316.6666667;113.8888889;513.8888889;4.4
23709600;20;23;43;138;20.7;23.7;20.6;17.7;49.3;424.2;26;26.1;26.1;24.9;21.2;325;113.8888889;588.8888889;4.5
23710500;20;23;43;146;21.2;24.1;21.1;18.1;49.2;444.9;26.3;26.4;26.4;25.1;21.2;325;113.8888889;588.8888889;4.5
23711400;20;23;43;146;21.2;24.2;21.4;18.1;48.4;443.2;26.3;26.4;26.4;25.2;21.2;325;113.8888889;588.8888889;4.5
23712300;19;23;31;142;20.7;24.5;21.6;18.1;48;441.7;26.8;27;27;25.9;21.2;325;113.8888889;588.8888889;4.5
23713200;20;23;39;168;20.7;24.6;21.8;19.6;48.2;546.2;26.2;26.3;26.4;25.4;21.7;330.5555556;166.6666667;619.4444444;2.5
23714100;20;24;17;129;21.6;24.8;22.1;19.8;46.7;562.3;27.5;27.7;27.7;26.2;21.7;330.5555556;166.6666667;619.4444444;2.5
23715000;22;25;11;81;22.8;26.2;22.6;20.2;46.1;562.3;28.9;29.1;29;27.9;21.7;330.5555556;166.6666667;619.4444444;2.5
23715900;20;24;2;36;20.1;25.6;23.2;20.6;44.5;562.3;30.6;31;30.7;29.3;21.7;330.5555556;166.6666667;619.4444444;2.5
23716800;19;27;13;144;20.3;27.9;23.3;21.5;44.8;553.3;32.6;32.9;32.7;31.3;21.4;336.1111111;191.6666667;447.2222222;2.7
23717700;22;30;9;82;22.6;30.3;23.4;21.6;43.5;551.9;33;33.5;33.2;32.2;21.4;336.1111111;191.6666667;447.2222222;2.7
23718600;22;30;8;73;23;30.5;23.7;21.9;43.6;551.9;32.4;32.9;32.6;31.7;21.4;336.1111111;191.6666667;447.2222222;2.7
23719500;22;29;9;68;23;29.9;23.7;22.3;43.3;551.9;30.8;31.4;31.3;29.9;21.4;336.1111111;191.6666667;447.2222222;2.7
23720400;22;28;10;69;23;29;24.5;23;42.3;440.9;31;31.5;31.4;29.6;22.5;338.8888889;158.3333333;419.4444444;3.4
23721300;22;28;10;69;23;29;24.8;23.1;41.1;423.8;31.5;31.9;31.8;29.9;22.5;338.8888889;158.3333333;419.4444444;3.4
23722200;22;29;9;70;23;29.5;24.8;22.8;40.6;423.8;32.1;32.5;32.3;30.6;22.5;338.8888889;158.3333333;419.4444444;3.4
23723100;22;29;9;69;23;29.5;24.6;22.6;40.4;423.8;31.4;31.9;31.7;29.9;22.5;338.8888889;158.3333333;419.4444444;3.4
23724000;21;26;33;229;21.7;27.8;24.5;22.9;41.2;381.4;28.9;29.2;29.1;27.6;22.8;336.1111111;127.7777778;286.1111111;3.9
23724900;21;24;43;143;22;24.7;24.7;22.9;39.5;374.9;26.5;26.6;26.6;25.2;22.8;336.1111111;127.7777778;286.1111111;3.9
23725800;20;23;43;118;21.4;23.7;24.5;22.3;39.8;374.9;25.6;25.6;25.7;24.5;22.8;336.1111111;127.7777778;286.1111111;3.9
23726700;20;22;43;108;21.4;23.4;24.4;21.8;40.7;374.9;25.2;25.2;25.3;24.2;22.8;336.1111111;127.7777778;286.1111111;3.9
23727600;20;22;43;97;21.1;23;24.2;21.4;42.2;291.7;24.8;24.8;25;23.8;21.7;336.1111111;77.77777778;102.7777778;3.6
23728500;20;22;43;83;20.9;22.5;24;21.3;43.2;278.9;24.4;24.3;24.5;23.5;21.7;336.1111111;77.77777778;102.7777778;3.6
23729400;20;21;43;66;20.9;22.1;23.8;21.7;43.9;278.9;23.8;23.7;24;22.9;21.7;336.1111111;77.77777778;102.7777778;3.6
23730300;18;21;27;97;19.2;21.4;23.4;22;44.6;278.9;23.3;23.2;23.5;22.6;21.7;336.1111111;77.77777778;102.7777778;3.6
23731200;18;20;8;28;19.4;20.5;23;21.3;45.5;172.6;22.1;22;22.3;21.4;20.5;338.8888889;19.44444444;19.44444444;2.3
23732100;19;20;0;0;20.1;20.9;22.8;21.2;46.4;156.3;22.1;22.6;22.6;21.5;20.5;338.8888889;19.44444444;19.44444444;2.3
23733000;19;20;0;0;20.1;21;22.4;21.7;47.9;156.3;22.2;23.6;22.6;21.6;20.5;338.8888889;19.44444444;19.44444444;2.3
23733900;19;20;0;0;19.7;21;22.1;22.1;49.8;156.3;22.3;23.6;22.4;21.7;20.5;338.8888889;19.44444444;19.44444444;2.3
23734800;19;20;0;0;19.6;21;21.6;21.5;51.9;52.5;22.3;23.2;22.4;21.8;19.2;350;0;0;1.8
23735700;18;20;18;68;18.3;20.8;21.5;21.3;52.7;26.6;22.1;22.4;22.2;21.5;19.2;350;0;0;1.8
23736600;17;19;5;13;17.7;19.5;21.4;21.2;53.3;26.6;20.8;20.7;21;20.3;19.2;350;0;0;1.8
23737500;17;19;0;0;18.1;19.5;21.1;21;53.6;26.6;20.9;20.9;21.2;20.4;19.2;350;0;0;1.8
23738400;17;19;0;0;18.1;19.5;20.9;20.1;55.2;5.3;20.9;21.3;21.3;20.5;17.8;347.2222222;0;0;2.9
23739300;17;20;0;0;18.1;20.1;20.4;19.9;57.2;0;21;21.2;21.2;20.6;17.8;347.2222222;0;0;2.9
23740200;17;20;0;0;18.1;21;19.8;19.7;59.1;0;21;21;21.2;20.7;17.8;347.2222222;0;0;2.9
23741100;17;19;0;0;18.1;20.6;19.5;19.4;60.5;0;21.1;20.7;21.2;20.8;17.8;347.2222222;0;0;2.9
23742000;17;19;0;0;18.1;20.5;19.3;18.7;61.8;0;21.2;20.3;21.3;20.9;17;341.6666667;0;0;4
23742900;17;19;0;0;18.1;20.1;19.1;18.7;62.8;0;21.3;20.2;21.3;21;17;341.6666667;0;0;4
23743800;17;18;0;0;18.1;19.8;19.1;18.7;63.5;0;21.4;20;21.4;21.1;17;341.6666667;0;0;4
23744700;17;18;0;0;18.3;19.5;18.7;18.7;64.5;0;21.4;19.7;21.4;21.2;17;341.6666667;0;0;4
23745600;17;18;0;0;18.6;19.5;18.5;18;65;0;21.5;19.3;21.5;21.3;17;333.3333333;0;0;4
23746500;17;18;0;0;18.6;19.5;18.3;17.7;65.9;0;21.6;18.9;21.5;21.5;17;333.3333333;0;0;4
23747400;18;19;0;0;18.8;19.5;18;17.3;66.7;0;21.7;18.5;21.5;21.6;17;333.3333333;0;0;4
23748300;18;19;0;0;18.6;20;17.9;16.9;67.6;0;22.1;18.2;21.4;21.5;17;333.3333333;0;0;4
23749200;18;17;0;0;18.6;18.9;17.9;16.7;68;0;22.2;17.9;20.4;21.4;17;338.8888889;0;0;3.4
23750100;18;17;0;0;18.6;18.5;17.9;16.7;68.1;0;21.6;17.7;18.9;21.5;17;338.8888889;0;0;3.4
23751000;18;17;0;0;18.6;18.5;17.9;16.7;68;0;21.3;17.6;18.3;21.5;17;338.8888889;0;0;3.4
23751900;18;17;0;0;18.6;18.5;17.85;13.4;68.55;0;20.45;17.5;18.1;21.05;17;338.8888889;0;0;3.4
23752800;18;17;0;0;18.6;18.5;17.8;10.1;69.1;0;19.6;17.4;17.9;20.6;16.7;366.6666667;0;0;4.2
23753700;18;17;0;0;18.6;18.5;17.8;9.1;69;0;19.8;17.4;17.8;20;16.7;366.6666667;0;0;4.2
23754600;18;17;0;0;18.4;18.5;18;9.1;68.1;0;20;17.4;17.8;19.9;16.7;366.6666667;0;0;4.2
23755500;18;17;0;0;18.1;18;18.2;9.1;67.7;0;19.7;17.5;17.9;20;16.7;366.6666667;0;0;4.2
23756400;17;18;0;0;18.1;18.6;18.3;8.6;67.5;0;19.4;17.4;17.9;19.9;16.3;358.3333333;0;0;4.2
23757300;18;17;0;0;18.8;17.7;17.9;8.6;68.2;0;19.2;17.4;17.9;19.7;16.3;358.3333333;0;0;4.2
23758200;18;16;0;0;19;17.3;17.5;8.6;69.7;0;19.1;17.3;17.7;19.4;16.3;358.3333333;0;0;4.2
23759100;18;16;0;0;18.6;16.9;17.4;8.6;70.5;0;19;17.1;17.5;19.3;16.3;358.3333333;0;0;4.2
23760000;18;16;0;0;18.3;16.9;17.3;8.2;70.5;0;18.9;16.9;17.4;19.2;16.4;369.4444444;0;0;3.3
23760900;18;16;0;0;18.1;16.9;17.3;8;71.2;0;19;16.7;17.2;19.2;16.4;369.4444444;0;0;3.3
23761800;18;16;0;0;18.1;16.9;17;8;71.8;0;18.8;16.5;17.1;19.2;16.4;369.4444444;0;0;3.3
23762700;18;16;0;0;18.1;16.9;17;8;72;0;18.7;16.4;17;19.1;16.4;369.4444444;0;0;3.3
23763600;17;16;0;0;18.1;16.9;17.2;15.7;71.8;0;18.6;16.3;17;19;16.1;372.2222222;0;0;2.5
23764500;17;16;0;0;17.8;17.1;17.4;15.7;70.9;0;18.4;16.3;17;18.8;16.1;372.2222222;0;0;2.5
23765400;17;17;0;0;17.6;17.9;17.4;15.8;70.8;0;18.3;16.4;17;18.7;16.1;372.2222222;0;0;2.5
23766300;18;16;0;0;18.4;16.7;17.3;16;70.9;0;18.3;16.4;17;18.6;16.1;372.2222222;0;0;2.5
23767200;18;15;0;0;18.3;15.9;17.3;15.8;71;0;18.2;16.4;16.9;18.5;16.2;363.8888889;0;0;2.5
23768100;18;15;0;0;17.7;15.9;17.2;15.8;71.7;0;18.1;16.3;16.9;18.5;16.2;363.8888889;0;0;2.5
23769000;17;15;0;0;17.6;15.9;17.2;16;72;0;18.2;16.3;16.9;18.4;16.2;363.8888889;0;0;2.5
23769900;17;15;0;0;17.6;16.2;17.1;16.2;72;0;18.2;16.3;16.9;18.5;16.2;363.8888889;0;0;2.5
23770800;17;15;0;0;17.6;16.4;16.8;15.7;72.5;0;18;16.2;16.7;18.5;15.7;358.3333333;0;0;1.1
23771700;17;15;0;0;17.6;16.4;16.6;15.7;73.3;0;17.9;16;16.6;18.3;15.7;358.3333333;0;0;1.1
23772600;17;15;0;0;17.2;16.4;16.7;15.7;73.3;0;17.9;15.8;16.4;18.3;15.7;358.3333333;0;0;1.1
23773500;17;17;0;0;17.1;17.2;16.8;15.7;72.7;0;17.9;15.8;16.4;18.2;15.7;358.3333333;0;0;1.1
23774400;18;16;0;0;18;16.3;16.6;15.5;72.7;0;17.9;15.7;16.3;18.2;16.1;361.1111111;0;0;1.5
23775300;18;15;0;0;17.9;15.9;16.3;15.4;73.5;0;17.8;15.6;16.1;18.1;16.1;361.1111111;0;0;1.5
23776200;17;15;0;0;17.3;15.9;16.2;15.7;74.3;0;17.8;15.5;16.1;18.1;16.1;361.1111111;0;0;1.5
23777100;17;15;0;0;17.2;15.9;16.4;15.9;73.6;0;17.9;15.5;16;18.1;16.1;361.1111111;0;0;1.5
23778000;17;15;0;0;17.1;15.9;16.5;15.6;73;0;17.6;15.5;16;18.1;16.7;375;11.11111111;11.11111111;1.7
23778900;17;15;0;0;16.7;15.9;16.8;15.6;71.3;0;17.4;15.6;16.2;18;16.7;375;11.11111111;11.11111111;1.7
23779800;16;15;0;0;16.7;15.9;17;15.6;70.8;0;17.3;15.8;16.3;17.8;16.7;375;11.11111111;11.11111111;1.7
23780700;16;15;0;0;16.7;15.9;17.2;15.5;69.1;0;17.3;16;16.5;17.7;16.7;375;11.11111111;11.11111111;1.7
23781600;16;16;0;0;16.7;16.2;17.5;15.8;66.5;4.1;17.4;16.3;16.8;17.7;16.6;369.4444444;97.22222222;100;1.2
23782500;18;16;0;0;18;16;17.8;15.9;66;5.1;17.4;16.6;17.1;17.7;16.6;369.4444444;97.22222222;100;1.2
23783400;18;16;0;0;17.3;16.8;18.4;16.3;65.4;7.2;17.6;17.1;17.6;17.7;16.6;369.4444444;97.22222222;100;1.2
23784300;17;16;0;0;17.2;16.8;18.9;16.5;63;8.6;17.9;17.9;18.4;17.8;16.6;369.4444444;97.22222222;100;1.2
23785200;17;15;0;0;17.2;16.4;19.5;17.2;59.3;59.6;18.3;18.7;19.2;17.8;18;377.7777778;97.22222222;97.22222222;1.5
23786100;17;15;0;0;17.2;16.3;19.7;17.5;58.4;85.1;18.8;19.3;19.7;18;18;377.7777778;97.22222222;97.22222222;1.5
23787000;17;15;0;0;17.2;16.3;20;17.7;57;85.1;19.4;19.6;20.1;18.1;18;377.7777778;97.22222222;97.22222222;1.5
23787900;17;15;0;0;17.8;16.3;20.4;17.8;54.4;85.1;19.9;20.1;20.5;18.2;18;377.7777778;97.22222222;97.22222222;1.5
23788800;17;16;0;0;18.6;16.3;20.6;18.6;54.6;156;20.4;20.5;20.7;18.3;18.6;380.5555556;91.66666667;91.66666667;2.3
23789700;17;16;0;0;18.3;16.6;20.6;18.8;55;173.7;20.9;20.8;21.2;18.4;18.6;380.5555556;91.66666667;91.66666667;2.3
23790600;17;16;0;0;18.3;16.8;20.9;18.3;54.2;173.7;21.4;21.2;21.5;18.6;18.6;380.5555556;91.66666667;91.66666667;2.3
23791500;17;17;0;0;18.3;17.2;21.3;17.8;56.4;173.7;21.8;21.6;21.8;18.7;18.6;380.5555556;91.66666667;91.66666667;2.3
23792400;17;18;0;0;18.3;18.4;21.5;18.9;55.8;277.9;22.2;22.1;22;19.1;19.2;383.3333333;77.77777778;77.77777778;2.1
23793300;17;17;0;0;18.3;18.8;21.3;19.2;54.5;303.9;22.2;22.1;22.1;19.2;19.2;383.3333333;77.77777778;77.77777778;2.1
23794200;17;17;0;0;18.3;18.8;21.2;19.3;54.1;303.5;22.4;22.2;22.3;19.2;19.2;383.3333333;77.77777778;77.77777778;2.1
23795100;18;18;12;22;18.4;18.8;21.7;19.4;56;303.1;23.1;22.7;23;20.6;19.2;383.3333333;77.77777778;77.77777778;2.1
23796000;18;19;33;56;19.2;20.7;21.8;20.1;57.5;333.8;22.2;22.3;22.5;21.5;20.2;380.5555556;161.1111111;161.1111111;1.4
23796900;17;19;33;56;18.8;20;22.2;20.6;57.9;354.2;21.9;21.9;22.2;21.2;20.2;380.5555556;161.1111111;161.1111111;1.4
23797800;18;19;18;31;19.4;19.9;23;20.3;54.9;347.7;22.2;22.2;22.4;21.3;20.2;380.5555556;161.1111111;161.1111111;1.4
23798700;16;19;33;127;17.4;20.4;23.2;19.8;52.5;334.6;22.4;22.2;22.5;21.6;20.2;380.5555556;161.1111111;161.1111111;1.4
23799600;18;19;5;16;18.9;19.5;23.5;20.7;50.8;323.8;21.5;21.6;21.8;20.6;20.3;388.8888889;94.44444444;94.44444444;3.8
23800500;18;20;13;33;19;20.3;23;20.8;52.2;322.1;22.2;22.7;22.6;21.3;20.3;388.8888889;94.44444444;94.44444444;3.8
23801400;18;19;33;57;18.8;20.4;22.9;20.3;55;322.1;22;22;22.2;21.1;20.3;388.8888889;94.44444444;94.44444444;3.8
23802300;17;19;33;55;18.6;19.9;22.9;20;56.2;322.1;21.7;21.6;21.9;20.8;20.3;388.8888889;94.44444444;94.44444444;3.8
23803200;18;19;7;10;19;19.5;23;20.2;54.4;332.9;21.6;21.7;21.9;20.6;20.7;391.6666667;122.2222222;122.2222222;2.2
23804100;18;19;0;0;19.2;19.4;23.5;20.3;56.1;336.8;21.9;22.4;22.5;20.8;20.7;391.6666667;122.2222222;122.2222222;2.2
23805000;18;19;0;0;19.5;19.4;23.9;20.3;57.6;336.8;22.1;23.2;23.1;20.9;20.7;391.6666667;122.2222222;122.2222222;2.2
23805900;18;20;21;96;18.9;20.7;24.1;20.3;56.6;336.8;23.7;24.3;24.2;22.5;20.7;391.6666667;122.2222222;122.2222222;2.2
23806800;17;20;29;97;18.7;21.1;24.2;20.3;55.5;316.6;22.7;22.7;22.9;21.9;21.3;394.4444444;47.22222222;50;1.3
23807700;19;20;0;0;20.3;20.5;24.1;20.3;56.1;315.2;22.5;22.9;23;21.5;21.3;394.4444444;47.22222222;50;1.3
23808600;19;20;21;48;19.9;20.8;23.5;20.2;57.5;315.2;22.9;23.4;23.3;21.9;21.3;394.4444444;47.22222222;50;1.3
23809500;19;20;0;0;20.3;21;23.3;20.2;58.6;315.2;22.8;22.8;23;21.6;21.3;394.4444444;47.22222222;50;1.3
23810400;19;20;0;0;20.3;21;23;20.1;59.8;231.8;23;23.1;23.2;21.7;19.8;391.6666667;25;25;2.1
23811300;19;20;23;43;19.7;21.1;22.9;20.1;59.7;201.5;22.9;22.8;23.1;22;19.8;391.6666667;25;25;2.1
23812200;18;20;9;39;19.2;21;22.5;20.2;59.3;201.5;22.7;22.7;22.9;21.9;19.8;391.6666667;25;25;2.1
23813100;16;19;22;79;16.9;19.6;22.3;20.4;62.4;201.5;21.2;21;21.2;20.6;19.8;391.6666667;25;25;2.1
23814000;16;18;0;0;17.2;19.5;22;20;63.5;147.6;20.9;20.9;21.1;20.3;18.1;386.1111111;13.88888889;16.66666667;2.4
23814900;16;18;0;0;17.2;19.5;21.8;20;62.8;143.7;21;21.3;21.2;20.4;18.1;386.1111111;13.88888889;16.66666667;2.4
23815800;16;18;0;0;17.2;19.5;21.4;20.3;62.9;143.7;21;21.6;21.2;20.5;18.1;386.1111111;13.88888889;16.66666667;2.4
23816700;16;18;0;0;17.4;19.5;21.1;20.8;63.5;143.7;21;21.5;21.2;20.6;18.1;386.1111111;13.88888889;16.66666667;2.4
23817600;17;20;0;0;17.7;20.3;20.5;20.2;66.6;78.1;20.8;21;20.9;20.7;16.9;380.5555556;2.777777778;2.777777778;1.7
23818500;17;19;0;0;17.7;19.8;20.1;20.1;71.6;61.7;21.1;21.1;21.1;20.8;16.9;380.5555556;2.777777778;2.777777778;1.7
23819400;17;18;0;0;17.7;19.3;19.7;19.6;74.6;61.7;21.2;21.4;21;20.8;16.9;380.5555556;2.777777778;2.777777778;1.7
23820300;17;17;0;0;17.7;18.6;19.5;19.1;76.4;61.7;20.8;20.9;20.4;20.9;16.9;380.5555556;2.777777778;2.777777778;1.7
23821200;17;17;0;0;17.9;18.5;19.4;18.4;76.2;5.4;20.5;20.7;19.9;21;16.9;380.5555556;0;0;2.5
23822100;17;17;0;0;18.2;18.5;19.2;18.3;77.9;1.4;20.5;21.2;19.2;21.1;16.9;380.5555556;0;0;2.5
23823000;17;17;0;0;18.5;18.5;19;17.8;78.8;1.4;20.8;21.8;18.6;21.2;16.9;380.5555556;0;0;2.5
23823900;17;17;0;0;18.7;18.5;18.9;17.3;79.9;1.4;21.4;21.8;18.3;21.2;16.9;380.5555556;0;0;2.5
23824800;17;18;0;0;18.7;18.9;18.8;16.5;81;0.1;21.7;21.7;18.2;21;15.9;377.7777778;0;0;2.5
23825700;17;19;0;0;18.7;19.1;18.7;16.4;78;0;21.7;20.9;18;20.9;15.9;377.7777778;0;0;2.5
23826600;17;18;0;0;18.7;19.5;18;16.1;79.7;0;21.9;19.7;17.7;21;15.9;377.7777778;0;0;2.5
23827500;18;18;0;0;18.6;18.9;17.4;15.8;84.3;0;21.5;19.6;17.2;21.2;15.9;377.7777778;0;0;2.5
23828400;17;18;0;0;17.8;19.3;17.2;15.2;85.3;0;20;20.9;17;21;15.2;375;0;0;3.3
23829300;17;16;0;0;17.7;17.4;17;15.2;84.3;0;19.4;19.8;16.8;20.4;15.2;375;0;0;3.3
23830200;17;16;0;0;17.7;16.9;17.1;15.7;83.5;0;19.5;18.3;16.7;19.8;15.2;375;0;0;3.3
23831100;17;16;0;0;17.7;16.9;17.3;16.1;83.1;0;19.7;16.8;16.7;19.6;15.2;375;0;0;3.3
23832000;17;16;0;0;17.4;16.9;17.3;15.3;83.7;0;19.1;16.3;16.6;19.7;15.1;372.2222222;0;0;2.3
23832900;17;16;0;0;17.2;16.9;17.3;15.2;83.1;0;18.3;16.1;16.5;19.2;15.1;372.2222222;0;0;2.3
23833800;16;16;0;0;17.2;16.7;17.3;15;82.7;0;18;16.1;16.5;18.7;15.1;372.2222222;0;0;2.3
23834700;17;16;0;0;17.4;16.7;17.4;14.9;82.3;0;18.1;16;16.4;18.5;15.1;372.2222222;0;0;2.3
23835600;16;16;0;0;16.7;17.6;17.4;14.4;81.9;0;18.3;16;16.4;18.5;14.9;369.4444444;0;0;1
23836500;16;15;0;0;16.7;16.6;17.3;14.2;80.2;0;18.1;15.9;16.4;18.6;14.9;369.4444444;0;0;1
23837400;16;15;0;0;16.7;16.4;17.4;14.3;78.8;0;17.8;16;16.4;18.4;14.9;369.4444444;0;0;1
23838300;16;15;0;0;16.7;16.4;17.4;12.55;76.65;0;17.75;16;16.45;18.25;14.9;369.4444444;0;0;1
23839200;16;15;0;0;16.7;16.4;17.4;10.8;74.5;0;17.7;16;16.5;18.1;14.4;361.1111111;0;0;0.8
23840100;16;15;0;0;16.7;16.4;17.4;9.1;73.7;0;17.7;16;16.4;18.1;14.4;361.1111111;0;0;0.8
23841000;16;15;0;0;16.7;16.4;17.2;9.1;72.4;0;17.6;16;16.4;18;14.4;361.1111111;0;0;0.8
23841900;17;14;0;0;16.9;15.3;16.9;9.1;71.9;0;17.6;15.9;16.3;18;14.4;361.1111111;0;0;0.8
23842800;17;16;0;0;17;16.3;16.9;8.8;71.7;0;17.6;15.8;16.3;17.9;13.9;366.6666667;0;0;1
23843700;16;16;0;0;16.7;16.9;16.9;8.6;70.7;0;17.6;15.7;16.2;17.9;13.9;366.6666667;0;0;1
23844600;16;15;0;0;16.7;16.5;17;8.6;70.6;0;17.6;15.6;16.1;17.9;13.9;366.6666667;0;0;1
23845500;16;15;0;0;16.7;16.4;16.9;8.6;71.5;0;17.6;15.5;15.9;17.9;13.9;366.6666667;0;0;1
23846400;16;15;0;0;16.7;16.4;16.7;8.2;73.1;0;17.5;15.4;15.9;17.8;13.2;363.8888889;0;0;1.8
23847300;16;15;0;0;16.7;16.1;16.8;8;72.8;0;17.6;15.3;15.8;17.8;13.2;363.8888889;0;0;1.8
23848200;16;15;0;0;16.7;15.9;16.6;8;73.5;0;17.5;15.3;15.7;17.8;13.2;363.8888889;0;0;1.8
23849100;16;15;0;0;16.5;15.9;16.4;8;73.4;0;17.3;15.2;15.7;17.7;13.2;363.8888889;0;0;1.8
23850000;16;15;0;0;16.6;15.4;16.3;13.2;73.3;0;17.2;15.2;15.6;17.6;12.5;361.1111111;0;0;2.8
23850900;16;15;0;0;16.9;15.1;16.3;13.2;74;0;17.2;15.1;15.5;17.5;12.5;361.1111111;0;0;2.8
23851800;16;16;0;0;16.3;16.8;16.2;13.3;72.9;0;17.1;15;15.5;17.4;12.5;361.1111111;0;0;2.8
23852700;16;15;0;0;16.3;16.6;15.9;13.3;73.4;0;17;14.9;15.4;17.4;12.5;361.1111111;0;0;2.8
23853600;16;15;0;0;16.3;15.9;15.8;12.8;74;0;16.9;14.9;15.3;17.3;11.9;361.1111111;0;0;2
23854500;16;14;0;0;16.3;15.8;15.6;12.8;75.3;0;16.8;14.8;15.2;17.2;11.9;361.1111111;0;0;2
23855400;16;14;0;0;16;15.4;15.5;12.8;77;0;17;14.6;15.1;17.2;11.9;361.1111111;0;0;2
23856300;16;14;0;0;15.8;15.4;15.3;12.8;78.1;0;16.9;14.4;14.8;17.3;11.9;361.1111111;0;0;2
23857200;15;14;0;0;15.8;15.4;15;12.6;78.5;0;16.7;14.2;14.6;17.2;11.4;363.8888889;0;0;1.1
23858100;16;14;0;0;16.7;14.5;15;12.6;78.2;0;16.5;14;14.4;17;11.4;363.8888889;0;0;1.1
23859000;16;14;0;0;16;14.4;14.9;12.5;78.3;0;16.4;13.9;14.2;16.9;11.4;363.8888889;0;0;1.1
23859900;15;15;0;0;15.4;15.9;14.9;12.3;79.2;0;16.3;13.7;14.1;16.8;11.4;363.8888889;0;0;1.1
23860800;15;15;0;0;15.4;16.1;15;12;80.1;0;16.2;13.7;14;16.7;11.3;366.6666667;0;0;1.3
23861700;15;14;0;0;15.4;15.3;15.1;11.9;80.6;0;15.9;13.7;14;16.6;11.3;366.6666667;0;0;1.3
23862600;15;13;0;0;15.2;14.8;15.2;11.7;80.4;0;15.9;13.7;14.1;16.5;11.3;366.6666667;0;0;1.3
23863500;15;13;0;0;14.9;14.4;15.1;11.5;80.8;0;16;13.6;14.1;16.4;11.3;366.6666667;0;0;1.3
23864400;15;13;0;0;14.9;14.4;15;11.2;81.7;0;15.8;13.7;14;16.4;11.4;363.8888889;2.777777778;2.777777778;1.3
23865300;15;13;0;0;15.3;14.2;14.9;11.1;81.7;0;15.7;13.6;14;16.3;11.4;363.8888889;2.777777778;2.777777778;1.3
23866200;16;13;0;0;16.1;13.3;14.9;11;81.6;0;15.6;13.6;14;16.2;11.4;363.8888889;2.777777778;2.777777778;1.3
23867100;15;13;0;0;15.2;13.9;14.9;10.9;80.8;0;15.5;13.6;14;16.1;11.4;363.8888889;2.777777778;2.777777778;1.3
23868000;15;14;0;0;14.9;14.5;14.7;11;84.3;0.9;15.5;13.6;14;16.1;11.5;363.8888889;25;25;1.1
23868900;15;15;0;0;14.7;15.8;14.1;11;89.6;1.4;15.4;13.6;14;16.1;11.5;363.8888889;25;25;1.1
23869800;15;15;0;0;14.7;15.4;14.1;11.1;91.1;1.4;15.5;13.7;14;16;11.5;363.8888889;25;25;1.1
23870700;16;13;0;0;16.5;13.5;14;11.2;91.6;1.5;15.5;13.8;14.2;16;11.5;363.8888889;25;25;1.1
23871600;16;13;0;0;15.6;13.8;14.1;11.3;91.1;9.9;15.6;13.9;14.3;16.1;11.5;366.6666667;58.33333333;58.33333333;1.2
23872500;15;13;0;0;15.1;13.8;14.3;11.3;91;14.1;15.7;14.1;14.4;16.1;11.5;366.6666667;58.33333333;58.33333333;1.2
23873400;15;13;0;0;15;13.8;14.2;11.3;91.2;14.1;15.9;14.2;14.6;16.3;11.5;366.6666667;58.33333333;58.33333333;1.2
23874300;15;13;0;0;15;13.8;13.9;11.4;91.6;14.1;15.9;14.3;14.7;16.4;11.5;366.6666667;58.33333333;58.33333333;1.2
23875200;15;13;0;0;15;13.8;14.1;11.5;91.9;47.9;15.7;14.4;14.8;16.2;11.5;363.8888889;83.33333333;83.33333333;1
23876100;15;13;0;0;15;13.9;14.2;11.6;92.1;64.8;15.6;14.5;14.8;16.1;11.5;363.8888889;83.33333333;83.33333333;1
23877000;15;13;0;0;15;14.3;13.9;11.6;91.9;64.8;15.7;14.6;15;16.1;11.5;363.8888889;83.33333333;83.33333333;1
23877900;14;14;0;0;15;14.8;13.9;11.7;92.3;64.8;15.7;14.6;15;16.1;11.5;363.8888889;83.33333333;83.33333333;1
23878800;14;15;0;0;15;15.8;14.2;11.9;92.1;100.2;15.8;14.7;15.1;16.2;12;363.8888889;130.5555556;130.5555556;1.3
23879700;15;14;0;0;15;15.5;14.4;12;92.1;117.9;16;14.9;15.3;16.3;12;363.8888889;130.5555556;130.5555556;1.3
23880600;16;13;0;0;16.4;14.1;14.7;11.9;92.1;117.7;16.1;15.2;15.6;16.4;12;363.8888889;130.5555556;130.5555556;1.3
23881500;15;14;0;0;15.8;14.5;14.8;11.8;92.1;117.3;16.3;15.4;15.7;16.5;12;363.8888889;130.5555556;130.5555556;1.3
23882400;15;14;0;0;15.6;14.8;15.1;11.9;92;121.7;16.4;15.8;16;16.6;12.8;363.8888889;216.6666667;216.6666667;1.6
23883300;15;14;0;0;15.6;14.8;15.4;12;92.2;124.6;16.5;16.1;16.5;16.7;12.8;363.8888889;216.6666667;216.6666667;1.6
23884200;15;14;0;0;15.6;14.8;15.2;12;91.9;116.3;16.7;16.6;17.1;16.9;12.8;363.8888889;216.6666667;216.6666667;1.6
23885100;15;14;0;0;15.6;14.8;15.2;12;91.6;112.1;16.9;17;17.4;17;12.8;363.8888889;216.6666667;216.6666667;1.6
23886000;15;14;0;0;15.6;14.8;15.3;12.1;91.7;122.2;17.2;17.3;17.8;17.2;13;361.1111111;213.8888889;213.8888889;1.2
23886900;15;16;0;0;15.6;16.4;15.5;12.2;91.5;127.2;17.6;17.7;18.2;17.2;13;361.1111111;213.8888889;213.8888889;1.2
23887800;15;16;0;0;15.6;16.8;15.6;12.2;91.4;127.2;17.9;18.1;18.5;17.4;13;361.1111111;213.8888889;213.8888889;1.2
23888700;15;15;0;0;15.8;16.4;15.7;12.2;91.1;127.2;18.3;18.2;18.8;17.5;13;361.1111111;213.8888889;213.8888889;1.2
23889600;15;15;0;0;16.1;16.3;15.8;12.3;90.9;161.1;18.7;18.4;18.9;17.6;13.4;358.3333333;244.4444444;244.4444444;1.2
23890500;15;15;0;0;16.1;16.3;16;12.3;90.1;178.1;19.2;18.8;19.2;17.7;13.4;358.3333333;244.4444444;244.4444444;1.2
23891400;15;15;0;0;16.2;16.3;16.3;12.7;90.9;178.1;19.6;19.2;19.6;17.8;13.4;358.3333333;244.4444444;244.4444444;1.2
23892300;16;16;0;0;17.4;16.3;16.8;12.9;90.7;178.1;19.8;19.7;19.7;17.7;13.4;358.3333333;244.4444444;244.4444444;1.2
23893200;16;16;0;0;17.6;16.8;16.8;12.8;89.7;176.6;20.2;19.9;19.8;18;13.8;358.3333333;186.1111111;188.8888889;1.5
23894100;16;16;0;0;17.6;16.8;16.2;12.7;89;175.8;20.5;20;20.1;18;13.8;358.3333333;186.1111111;188.8888889;1.5
23895000;16;17;0;0;17.6;17.2;16;12.8;89.6;175.8;20.6;20.2;20.1;18.2;13.8;358.3333333;186.1111111;188.8888889;1.5
23895900;16;18;0;0;17.6;18.2;16.6;12.8;90.7;175.8;20.6;20.3;20.3;18.3;13.8;358.3333333;186.1111111;188.8888889;1.5
23896800;17;17;0;0;17.6;18.3;16.9;12.9;89.2;116.1;20.9;20.5;20.5;18.3;13.8;361.1111111;116.6666667;116.6666667;1.6
23897700;17;17;0;0;17.6;18.3;16.4;13;88.4;86.2;20.9;20.4;20.5;18.4;13.8;361.1111111;116.6666667;116.6666667;1.6
23898600;17;17;0;0;17.6;18.3;16.2;13.5;89;86.2;20.8;20.3;20.4;18.5;13.8;361.1111111;116.6666667;116.6666667;1.6
23899500;17;17;0;0;17.9;18.3;16.4;13.7;89.1;86.2;20.6;20.2;20.2;18.6;13.8;361.1111111;116.6666667;116.6666667;1.6
23900400;17;17;0;0;18.1;18.3;16.4;13.8;89.2;90.9;20.4;20;20.1;18.6;13.3;358.3333333;44.44444444;44.44444444;1.7
23901300;17;17;0;0;18.1;18.3;16.6;13.8;89.6;93.2;20.2;19.8;19.9;18.7;13.3;358.3333333;44.44444444;44.44444444;1.7
23902200;17;18;0;0;18.1;18.3;16.5;14;88.4;93.2;19.8;19.6;19.8;18.7;13.3;358.3333333;44.44444444;44.44444444;1.7
23903100;17;18;0;0;18.3;18.5;16.5;14.1;87.3;93.2;19.4;19.4;19.3;18.6;13.3;358.3333333;44.44444444;44.44444444;1.7
23904000;18;19;0;0;18.6;19.7;16.5;13.8;80.1;62.5;19.3;19.2;19.3;18.5;12.6;355.5555556;8.333333333;8.333333333;1.4
23904900;18;18;0;0;18.6;19.5;16.3;13.7;73.5;47.2;19;19.2;19.2;18.6;12.6;355.5555556;8.333333333;8.333333333;1.4
23905800;18;17;0;0;18.6;19.3;16;13.6;75.4;47.2;18.7;19.7;18.4;18.5;12.6;355.5555556;8.333333333;8.333333333;1.4
23906700;18;17;0;0;19;19.3;15.8;13.5;76.1;47.2;18.3;20;17.6;18.1;12.6;355.5555556;8.333333333;8.333333333;1.4
23907600;18;18;0;0;19.1;19.3;15.5;13.2;77;1.3;18.5;19.9;16.7;17.8;12.2;355.5555556;0;0;1.2
23908500;18;18;0;0;19.1;19.3;15.6;13.2;77.7;1.3;20;19.6;16.2;17.8;12.2;355.5555556;0;0;1.2
23909400;18;18;0;0;19;19.3;15.6;13.1;77.6;1.3;20.5;19.2;15.9;17.1;12.2;355.5555556;0;0;1.2
23910300;17;17;0;0;18.6;18.7;15.6;13.1;77.7;1.3;19.6;18.2;15.7;15.5;12.2;355.5555556;0;0;1.2
23911200;17;16;0;0;18.6;17.6;15.5;12.9;78.1;0.1;20.6;17.2;15.5;14.5;12;350;0;0;0.8
23912100;17;17;0;0;17.3;17.3;15.5;12.9;78;0;20.9;16.5;15.3;14.2;12;350;0;0;0.8
23913000;16;17;0;0;16.2;17.8;15.4;12.7;79;0;19.6;16.2;15.2;14;12;350;0;0;0.8
23913900;16;15;0;0;15.9;16.7;15.3;12.4;80;0;20.1;15.9;15.1;14.1;12;350;0;0;0.8
23914800;17;14;0;0;16.5;15.4;15.3;12.2;80.3;0;20.1;15.8;15.1;14.2;12;361.1111111;0;0;1.2
23915700;16;14;0;0;16;14.8;15.4;12.2;80.3;0;19.2;15.9;15.1;14.3;12;361.1111111;0;0;1.2
23916600;16;14;0;0;15.3;14.8;15.4;12.2;79.3;0;18.1;15.8;15.1;14.3;12;361.1111111;0;0;1.2
23917500;15;14;0;0;15.2;14.8;15.3;12.1;79.1;0;17.5;15.6;15;14.4;12;361.1111111;0;0;1.2
23918400;15;14;0;0;15.2;14.8;15.3;11.5;79.6;0;17.5;15.6;15;14.3;11.8;347.2222222;0;0;1.9
23919300;15;14;0;0;15.2;14.8;15;11.4;80.2;0;17.5;15.6;14.9;14.2;11.8;347.2222222;0;0;1.9
23920200;15;14;0;0;15.1;15;15;11.4;80.3;0;17.6;15.5;14.8;14;11.8;347.2222222;0;0;1.9
23921100;17;15;0;0;16.6;15.3;14.9;11.3;80.3;0;17.7;15.6;14.6;13.8;11.8;347.2222222;0;0;1.9
23922000;16;15;0;0;15.8;15.8;14.9;11;80.4;0;17.7;15.7;14.5;13.6;11.3;341.6666667;0;0;1.5
23922900;16;14;0;0;15.4;15.5;14.7;10.9;81.2;0;17.7;15.6;14.3;13.4;11.3;341.6666667;0;0;1.5
23923800;15;14;0;0;15.1;15.3;14.7;11.1;81.3;0;17.7;15.5;14.1;13.3;11.3;341.6666667;0;0;1.5
23924700;15.5;14;0;0;15.6;15.05;14.7;10.55;81.3;0;17.65;15.4;13.95;13.15;11.3;341.6666667;0;0;1.5
23925600;16;14;0;0;16.1;14.8;14.7;10;81.3;0;17.6;15.3;13.8;13;11.3;350;0;0;1.4
23926500;16;13;0;0;15.1;14.8;14.6;9.1;81.3;0;17.4;14.9;13.7;12.9;11.3;350;0;0;1.4
23927400;15;13;0;0;14.7;14.7;14.5;9.1;81.7;0;17.1;14.7;13.7;12.9;11.3;350;0;0;1.4
23928300;15;13;0;0;14.3;14.3;14.5;9.1;82;0;16.9;14.5;13.6;12.9;11.3;350;0;0;1.4
23929200;14;15;0;0;13.9;15.5;14.4;8.6;82.5;0;16.9;14.4;13.6;12.9;11.2;358.3333333;0;0;1.3
23930100;14;15;0;0;13.8;16.3;14.4;8.6;82.8;0;16.9;14.4;13.6;12.9;11.2;358.3333333;0;0;1.3
23931000;14;14;0;0;13.8;15.3;14.5;8.6;82.3;0;16.9;14.4;13.6;12.9;11.2;358.3333333;0;0;1.3
23931900;14;13;0;0;13.8;14.6;14.5;8.6;82.3;0;17;14.4;13.6;12.8;11.2;358.3333333;0;0;1.3
23932800;14;13;0;0;13.8;14.3;14.4;8;82.8;0;17;14.4;13.6;12.8;11.1;361.1111111;0;0;0.7
23933700;13;13;0;0;13.8;14.3;14.4;8;84.2;0;16.8;14.3;13.6;12.7;11.1;361.1111111;0;0;0.7
23934600;13;13;0;0;13.8;14.3;13.9;8;88.3;0;16.7;14.4;13.5;12.7;11.1;361.1111111;0;0;0.7
23935500;15;13;0;0;15.1;13.9;13.8;8;90.3;0;16.6;14.3;13.6;12.7;11.1;361.1111111;0;0;0.7
23936400;14;13;0;0;14.4;14;13.7;10.6;90.8;0;16.6;14.4;13.5;12.7;11;361.1111111;0;0;1.3
23937300;14;14;0;0;14;14.5;13.5;11.3;90.9;0;16.6;14.4;13.6;12.7;11;361.1111111;0;0;1.3
23938200;14;15;0;0;13.7;15.8;13.3;11.3;91.3;0;16.6;14.3;13.5;12.6;11;361.1111111;0;0;1.3
23939100;14;14;0;0;13.5;15.6;13.4;11.2;91.3;0;16.7;14.4;13.5;12.6;11;361.1111111;0;0;1.3
23940000;14;13;0;0;13.5;14.7;13.4;11.3;91.3;0;16.8;14.4;13.5;12.6;11;363.8888889;0;0;1.6
23940900;13;13;0;0;13.5;14.3;13.5;11.3;91.8;0;16.9;14.4;13.5;12.6;11;363.8888889;0;0;1.6
23941800;13;13;0;0;13.5;14.3;13.4;11.3;92.6;0;16.7;14.4;13.5;12.6;11;363.8888889;0;0;1.6
23942700;13;13;0;0;13.5;14.3;13.5;11.2;92.8;0;16.6;14.3;13.5;12.6;11;363.8888889;0;0;1.6
23943600;14;13;0;0;14;14.2;13.4;11.3;92.8;0;16.5;14.3;13.5;12.6;10.9;363.8888889;0;0;2.8
23944500;17;13;0;0;16.2;13.3;13.3;11.3;92.8;0;16.5;14.3;13.5;12.6;10.9;363.8888889;0;0;2.8
23945400;15;13;0;0;14.6;13.3;13.3;11.2;92.8;0;16.4;14.4;13.5;12.6;10.9;363.8888889;0;0;2.8
23946300;15;15;0;0;14;15.2;13.3;11.1;92.8;0;16.4;14.3;13.5;12.6;10.9;363.8888889;0;0;2.8
23947200;15;13;1;0;15.3;14.5;13.4;11.3;92.8;0;16.2;14.1;13.6;12.6;10.9;361.1111111;0;0;2.2
23948100;15;12;0;0;16;13.3;13.3;11.3;92.8;0;16.3;14.3;13.6;12.6;10.9;361.1111111;0;0;2.2
23949000;15;12;0;0;14.9;13.3;13.3;11.3;93.2;0;16.6;14.5;13.5;12.6;10.9;361.1111111;0;0;2.2
23949900;15;12;0;0;14.3;13.3;13.2;11.2;93.3;0;16.3;14.3;13.5;12.6;10.9;361.1111111;0;0;2.2
23950800;14;12;0;0;14.2;13.3;13.1;11.2;93.3;0;16.1;14.1;13.5;12.5;10.9;361.1111111;2.777777778;2.777777778;2.2
23951700;14;12;1;0;13.8;13.3;13.1;11.2;93.3;0;16;14.1;13.4;12.5;10.9;361.1111111;2.777777778;2.777777778;2.2
23952600;13;12;0;0;14.2;13.3;13.3;11.1;92.4;0;16;13.9;13.4;12.5;10.9;361.1111111;2.777777778;2.777777778;2.2
23953500;14;12;0;0;14.2;12.8;13.4;10.9;92.3;0;16.2;14.3;13.4;12.5;10.9;361.1111111;2.777777778;2.777777778;2.2
23954400;14;13;0;0;14.3;13.1;13.4;11.2;92.3;1.3;16.2;14.3;13.4;12.5;11.2;361.1111111;50;50;3
23955300;14;14;0;0;14.7;14.3;13.6;11.2;92.3;1.3;16.1;14.2;13.5;12.6;11.2;361.1111111;50;50;3
23956200;15;14;0;0;15;14.3;14;11.2;92.3;1.4;16;14.2;13.8;12.8;11.2;361.1111111;50;50;3
23957100;15;14;0;0;15.2;14.3;14;11.2;92.1;1.6;16.1;14.2;14.1;13.2;11.2;361.1111111;50;50;3
23958000;15;12;0;0;14.4;13.8;14.1;11.5;92.1;15.8;16.3;14.2;14.3;13.4;11.8;361.1111111;108.3333333;108.3333333;3.5
23958900;14;12;1;0;14.2;13.5;14.3;11.7;91.8;22.9;16.4;14.3;14.7;13.8;11.8;361.1111111;108.3333333;108.3333333;3.5
23959800;13;12;0;0;13.7;13.3;14.4;11.4;91.8;22.9;16.5;14.6;15;14.1;11.8;361.1111111;108.3333333;108.3333333;3.5
23960700;13;12;1;0;13.7;13.3;14.7;11.2;92.1;22.9;16.6;15;15.2;14.3;11.8;361.1111111;108.3333333;108.3333333;3.5
23961600;13;12;0;0;13.7;13.3;14.9;11.8;91.9;98.4;16.7;15.6;15.7;14.8;12.4;361.1111111;161.1111111;161.1111111;3.1
23962500;13;13;1;0;14;13.3;15.1;11.8;91.9;103.8;16.8;15.8;16;15.1;12.4;361.1111111;161.1111111;161.1111111;3.1
23963400;14;13;0;0;14.7;13.5;15;11.8;91.3;103.8;16.9;15.9;16.3;15.4;12.4;361.1111111;161.1111111;161.1111111;3.1
23964300;14;14;0;0;14.7;14.2;15.3;11.8;91.8;103.8;17;16.2;16.6;15.5;12.4;361.1111111;161.1111111;161.1111111;3.1
23965200;14;15;0;0;14.7;15.3;15.4;12.7;90.8;167.2;17.1;16.6;17;15.6;13.5;363.8888889;197.2222222;197.2222222;1.9
23966100;14;14;0;0;14.7;15.3;15.5;12.8;91.9;177;17.1;16.7;17.2;15.8;13.5;363.8888889;197.2222222;197.2222222;1.9
23967000;14;14;0;0;14.7;15.3;15.8;12.8;91;174.8;17.2;16.8;17.6;16;13.5;363.8888889;197.2222222;197.2222222;1.9
23967900;14;14;0;0;14.7;15.3;16.2;12.8;91.4;171.6;17.6;17;18;16.2;13.5;363.8888889;197.2222222;197.2222222;1.9
23968800;14;15;0;0;14.8;15.3;16.4;13.6;91.2;244.9;18.6;18.1;18.6;17.4;13.6;363.8888889;236.1111111;236.1111111;2.9
23969700;14;14;0;0;15.2;15.3;16.8;13.9;90.7;271.5;18.7;18.4;18.7;18;13.6;363.8888889;236.1111111;236.1111111;2.9
23970600;14;14;0;0;15.2;15.3;16.9;13.8;90.6;268.4;19.2;18.6;19.1;18.1;13.6;363.8888889;236.1111111;236.1111111;2.9
23971500;14;14;0;0;15.2;15.3;17.6;13.5;90.6;262.1;19.5;18.7;19.3;18.2;13.6;363.8888889;236.1111111;236.1111111;2.9
23972400;14;14;1;1;15.2;15.5;17.7;14.2;90.2;292.5;19.6;18.9;19.4;18.3;14.6;361.1111111;252.7777778;261.1111111;2.8
23973300;15;17;0;0;15.7;17.7;17.9;14.4;90;303.5;19.5;19.3;19.6;18.6;14.6;361.1111111;252.7777778;261.1111111;2.8
23974200;15;16;0;0;15.7;17.5;17.9;14.4;89.6;303.5;19.9;19.5;19.8;18.6;14.6;361.1111111;252.7777778;261.1111111;2.8
23975100;15;15;0;0;15.7;16.8;18.1;14.3;89.5;303.5;20.7;20;20.4;18.6;14.6;361.1111111;252.7777778;261.1111111;2.8
23976000;15;15;0;0;15.7;16.8;17.9;14.9;89.1;318;21.1;20.2;20.7;18.7;15.2;352.7777778;280.5555556;291.6666667;2.6
23976900;15;15;0;0;16;16.8;18.5;15;89.4;321.6;21.6;20.6;21.1;18.8;15.2;352.7777778;280.5555556;291.6666667;2.6
23977800;15;15;0;0;16.2;16.8;18.5;14.7;77.3;321.6;22.1;21.1;21.6;18.9;15.2;352.7777778;280.5555556;291.6666667;2.6
23978700;15;16;0;0;16.2;16.8;19.2;14.2;68.4;321.6;22.3;21.4;21.8;18.9;15.2;352.7777778;280.5555556;291.6666667;2.6
23979600;15;17;22;80;16.3;18.5;19.6;14.9;65.7;298.6;22.6;22.5;22.5;20.6;16.2;322.2222222;180.5555556;400;3.6
23980500;16;19;39;152;16.8;20.4;19.6;15.1;63.9;290.3;22;22.5;22.3;21.2;16.2;322.2222222;180.5555556;400;3.6
23981400;17;19;41;125;17.6;20.4;19.4;15.1;63.3;290.3;22.3;22.5;22.5;21;16.2;322.2222222;180.5555556;400;3.6
23982300;18;20;43;85;18.9;20.5;20.1;15.3;61.9;290.3;22.9;23;23.1;21.6;16.2;322.2222222;180.5555556;400;3.6
23983200;18;19;26;50;18.9;20.6;19.7;15.8;60.8;224.8;22.3;22.4;22.6;21.3;16.7;316.6666667;119.4444444;322.2222222;3.1
23984100;18;19;0;0;18.9;20.4;19.5;15.8;61;224.8;22;22.1;22.7;21.1;16.7;316.6666667;119.4444444;322.2222222;3.1
23985000;18;20;38;93;18.9;21;19.4;15.6;59.3;224.8;22.9;23.1;23.2;22.1;16.7;316.6666667;119.4444444;322.2222222;3.1
23985900;18;19;43;66;19.4;20.4;19.2;15.5;60.4;224.8;22.2;22.4;22.5;21.3;16.7;316.6666667;119.4444444;322.2222222;3.1
23986800;18;19;29;40;18.9;20.2;19.1;15.7;60;176.9;21.9;21.9;22.2;21;16.7;311.1111111;44.44444444;127.7777778;2.3
23987700;18;19;0;0;18.9;19.9;18.7;15.7;61.3;173.5;21.6;21.7;22.3;21;16.7;311.1111111;44.44444444;127.7777778;2.3
23988600;16;18;28;74;17.3;19.5;18.4;16;62.5;173.5;21.1;21.1;21.4;20.4;16.7;311.1111111;44.44444444;127.7777778;2.3
23989500;16;17;33;40;16.8;17.7;18.5;16.2;62;173.5;19.4;19.2;19.6;18.7;16.7;311.1111111;44.44444444;127.7777778;2.3
23990400;17;17;0;0;17.7;17.4;18.1;15.6;62.9;80.2;19.4;19.3;19.9;18.5;15.6;347.2222222;8.333333333;8.333333333;2.2
23991300;17;16;0;0;17.7;17.4;17.8;15.6;65.9;73.5;19.3;19.3;19.9;18.7;15.6;347.2222222;8.333333333;8.333333333;2.2
23992200;17;16;0;0;17.7;17.4;17.3;15.8;68;73.5;18.9;19.4;20;18.8;15.6;347.2222222;8.333333333;8.333333333;2.2
23993100;17;16;0;0;17.8;17.4;16.9;16;68.6;73.5;18.4;19.6;20.1;18.8;15.6;347.2222222;8.333333333;8.333333333;2.2
23994000;17;16;0;0;18.2;17.4;16.9;15.3;68.9;13;18.1;19.6;20.1;18.5;14.7;366.6666667;0;0;2.7
23994900;17;16;0;0;18.2;17.4;16.8;15.2;68.4;3.7;17.7;19.9;20.1;17.6;14.7;366.6666667;0;0;2.7
23995800;17;16;0;0;18.2;17.4;17.2;15.5;63.1;3.7;17.3;20;20.2;16.9;14.7;366.6666667;0;0;2.7
23996700;17;17;0;0;17.8;17.6;17.2;15.9;64.4;3.7;16.5;20;20.3;16.1;14.7;366.6666667;0;0;2.7
23997600;16;17;0;0;17.1;17.9;16.9;15.1;66;0.7;15.7;19.9;20.3;15.2;13.1;366.6666667;0;0;1.8
23998500;16;17;0;0;16.8;17.4;16.6;14.9;68.5;0;15;19.2;19.9;14.4;13.1;366.6666667;0;0;1.8
23999400;16;17;0;0;15.9;17.7;16.4;14.8;70.6;0;14.7;18.8;19.3;14;13.1;366.6666667;0;0;1.8
24000300;16;16;0;0;15.6;17.5;16.2;14.7;71.6;0;14.4;18.5;19.1;13.7;13.1;366.6666667;0;0;1.8
24001200;15;16;0;0;15.5;16.9;16.1;14.3;71.5;0;14.2;17.9;18.6;13.6;13.2;355.5555556;0;0;3.3
24002100;15;15;0;0;15.1;16.7;16;14.1;71.3;0;14.2;17.4;18.1;13.5;13.2;355.5555556;0;0;3.3
24003000;15;14;0;0;16.1;14.7;16;14.1;70.8;0;14.4;17.2;17.8;13.7;13.2;355.5555556;0;0;3.3
24003900;13;15;0;0;14.2;15.4;15.9;14.2;71;0;14.5;16.9;17.5;13.9;13.2;355.5555556;0;0;3.3
24004800;13;14;0;0;14.1;15.4;15.9;13.5;71.3;0;14.6;16.6;17.3;14;12.8;347.2222222;0;0;3.1
24005700;13;14;0;0;14.1;15.4;15.9;13.4;71.1;0;14.6;16.7;17.1;14;12.8;347.2222222;0;0;3.1
24006600;13;15;0;0;14.1;15.5;15.8;13;70;0;14.5;16.6;17.1;14;12.8;347.2222222;0;0;3.1
24007500;13;16;0;0;14.1;16.9;15.4;12.4;69.9;0;14.5;16.5;17;13.9;12.8;347.2222222;0;0;3.1
24008400;13;16;0;0;14.1;16.8;15.2;12;69.1;0;14.3;16.6;17;13.7;11.8;302.7777778;0;0;3.2
24009300;13;15;0;0;14.1;16.3;14.8;11.9;69.5;0;14.1;16.9;17;13.5;11.8;302.7777778;0;0;3.2
24010200;14;15;0;0;14.1;15.9;14.3;12.2;69.9;0;13.7;16.9;17.2;13.2;11.8;302.7777778;0;0;3.2
24011100;13.5;15;0;0;14.1;15.9;14.15;11;70.35;0;13.5;16.75;17.15;12.95;11.8;302.7777778;0;0;3.2
24012000;13;15;0;0;14.1;15.9;14;9.8;70.8;0;13.3;16.6;17.1;12.7;11.3;286.1111111;0;0;4.2
24012900;13;14;0;0;14.3;15.4;13.7;9.1;72.3;0;13.1;16.5;17;12.4;11.3;286.1111111;0;0;4.2
24013800;14;14;0;0;14.9;14.4;13.3;9.1;73.7;0;12.8;16.3;16.8;12.2;11.3;286.1111111;0;0;4.2
24014700;12;15;0;0;13.2;15.4;13.1;9.1;75.8;0;12.4;15.9;16.6;11.8;11.3;286.1111111;0;0;4.2
24015600;12;15;0;0;12.8;15.9;12.9;8.7;76.5;0;12.2;15.9;16.3;11.6;10.7;283.3333333;0;0;4.7
24016500;12;15;0;0;12.2;16.3;12.8;8.6;77.2;0;11.9;15.6;16.2;11.4;10.7;283.3333333;0;0;4.7
24017400;12;14;0;0;12.1;15.3;12.7;8.6;77.7;0;11.8;15.5;16;11.2;10.7;283.3333333;0;0;4.7
24018300;12;13;0;0;12.1;14.6;12.5;8.6;78.2;0;11.6;15.3;15.8;11.1;10.7;283.3333333;0;0;4.7
24019200;12;13;0;0;12.1;14.4;12.4;8.1;78.6;0;11.5;15;15.6;10.9;10.4;283.3333333;0;0;4.4
24020100;12;13;0;0;12.1;14;12.4;8;78.7;0;11.4;14.7;15.4;10.8;10.4;283.3333333;0;0;4.4
24021000;12;13;0;0;12.1;13.9;12.3;8;78.7;0;11.3;14.6;15.2;10.7;10.4;283.3333333;0;0;4.4
24021900;12;12;0;0;11.9;13.9;12.1;8;79.1;0;11.2;14.5;15;10.6;10.4;283.3333333;0;0;4.4
24022800;11;12;0;0;11.6;13.4;12.1;10.2;79.5;0;11;14.4;14.8;10.4;9.4;280.5555556;0;0;3.4
24023700;14;13;0;0;13.2;13.2;12;10.7;78.9;0;10.9;14.3;14.8;10.3;9.4;280.5555556;0;0;3.4
24024600;10;15;0;0;10.5;16.4;11.9;10.6;79.6;0;10.8;14.2;14.7;10.2;9.4;280.5555556;0;0;3.4
24025500;9;14;0;0;10.2;15.7;11.6;10.4;80.1;0;10.6;14.7;14.8;10;9.4;280.5555556;0;0;3.4
24026400;10;14;0;1;10.4;15;11.3;10.3;81.4;0;10.3;14.7;15.2;9.7;9.4;288.8888889;0;0;2.7
24027300;12;13;0;0;12.8;12.7;11.3;10.3;81.8;0;10;14.6;15.1;9.5;9.4;288.8888889;0;0;2.7
24028200;9;13;0;0;10.3;14.1;11.2;10.3;82.3;0;10;13.9;14.7;9.6;9.4;288.8888889;0;0;2.7
24029100;9;12;0;0;10.3;13.1;10.9;10.2;82.8;0;9.9;14;14.4;9.6;9.4;288.8888889;0;0;2.7
24030000;9;11;0;0;10.1;12.6;11.2;10.1;82.5;0;9.9;13.3;14.2;9.5;9.8;316.6666667;0;0;2.2
24030900;9;11;0;0;9.8;12.3;11.5;10;81.6;0;10.1;13;13.7;9.7;9.8;316.6666667;0;0;2.2
24031800;9;11;0;0;9.8;12.3;11.8;9.7;80.4;0;10.2;13;13.4;9.8;9.8;316.6666667;0;0;2.2
24032700;11;12;1;0;12;12.3;12;9.1;79.4;0;10.4;12.9;13.3;9.9;9.8;316.6666667;0;0;2.2
24033600;9;14;0;0;10.1;14.7;12.2;9;78.4;0;10.6;13.1;13.6;10.1;9.5;333.3333333;0;0;2.4
24034500;8;13;0;0;9.2;14;12.1;8.9;78.4;0;10.7;13.4;13.7;10.2;9.5;333.3333333;0;0;2.4
24035400;9;12;0;0;9.6;12.9;12.3;8.9;77.6;0;10.8;14.2;13.9;10.2;9.5;333.3333333;0;0;2.4
24036300;11;11;1;2;11.8;11.6;12.5;9;76.5;0;10.9;13.9;14.1;10.2;9.5;333.3333333;0;0;2.4
24037200;11;12;0;0;11.7;12.6;12.7;8.9;74.9;0;11;13.6;14.6;10.3;9.7;327.7777778;5.555555556;5.555555556;4.1
24038100;10;11;0;0;10.7;12.7;12.6;8.8;74.5;0;11.1;13.3;14.1;10.4;9.7;327.7777778;5.555555556;5.555555556;4.1
24039000;10;11;1;0;10.8;12;12.3;9;74.8;0;11.2;13.5;13.7;10.5;9.7;327.7777778;5.555555556;5.555555556;4.1
24039900;12;11;0;0;12.8;11.2;12;9.4;76;0;11.2;13.5;13.8;10.6;9.7;327.7777778;5.555555556;5.555555556;4.1
24040800;11;13;0;0;11.5;13;12;9.5;76;2.9;11.2;13.5;14.1;10.6;9.8;297.2222222;52.77777778;58.33333333;1.9
24041700;11;14;0;0;10.8;14.2;11.7;9.5;76.4;4;11.2;13.3;14.1;10.6;9.8;297.2222222;52.77777778;58.33333333;1.9
24042600;11;13;0;1;11.7;13.3;11.6;9.5;77.2;4.1;11.1;13.4;13.8;10.5;9.8;297.2222222;52.77777778;58.33333333;1.9
24043500;12;12;0;0;12.8;12.7;11.7;9.5;77;4.4;11.3;13.8;14.1;10.6;9.8;297.2222222;52.77777778;58.33333333;1.9
24044400;11;12;0;0;12;13;12.1;9.7;75.8;54.4;11.5;13.7;14.4;10.8;10.9;330.5555556;125;152.7777778;3.1
24045300;11;11;0;0;11.5;12.6;12.3;9.8;74.8;79.4;12;13.7;14.3;11.1;10.9;330.5555556;125;152.7777778;3.1
24046200;12;11;1;0;12.4;11.8;12.9;9.9;72.8;79.4;13.6;14;14.6;12.4;10.9;330.5555556;125;152.7777778;3.1
24047100;11;12;0;0;12.3;12.7;14.1;10;68.9;79.4;14.7;14.3;14.7;13.6;10.9;330.5555556;125;152.7777778;3.1
24048000;12;13;1;1;12.7;13;14.7;10.7;66.2;187.4;15.4;14.6;15.1;14.6;11.4;347.2222222;122.2222222;130.5555556;2.2
24048900;12;15;0;0;12.7;15.5;14.9;10.7;64.5;187.4;15.4;14.5;15.2;14.8;11.4;347.2222222;122.2222222;130.5555556;2.2
24049800;11;15;0;0;12.6;15.5;14.8;10.6;64;187.4;15.7;14.6;15.3;14.8;11.4;347.2222222;122.2222222;130.5555556;2.2
24050700;11;15;0;0;12.2;15.8;14.6;10.5;64.2;187.4;15.8;14.6;15.4;14.9;11.4;347.2222222;122.2222222;130.5555556;2.2
24051600;11;16;0;0;12.1;16.5;14.9;11.4;63.6;292.8;15.9;14.9;15.6;15;12.3;350;186.1111111;200;3.3
24052500;11;15;0;0;12.1;16.5;15.2;11.5;62.9;300.3;16.5;15.3;16.1;15;12.3;350;186.1111111;200;3.3
24053400;11;15;0;0;12.5;16.5;15.6;11.7;60.5;298.3;17.1;15.7;16.7;15.2;12.3;350;186.1111111;200;3.3
24054300;12;15;0;0;12.6;16.5;15.9;11.9;56.9;296.1;17.9;16.4;17.3;15.3;12.3;350;186.1111111;200;3.3
24055200;12;15;0;0;12.6;16.5;15.4;12.6;62.7;318.2;18.1;16.6;17.3;15.4;12.6;313.8888889;188.8888889;408.3333333;2.6
24056100;12;15;0;0;12.8;16.5;13.5;12.7;74.1;321.6;17.2;15.9;16.4;15.5;12.6;313.8888889;188.8888889;408.3333333;2.6
24057000;12;16;0;0;13.1;16.5;13.8;12.5;77.7;330.2;17.5;16.2;16.9;15.5;12.6;313.8888889;188.8888889;408.3333333;2.6
24057900;12;16;0;0;13.1;16.5;14.3;12.2;74.7;343.1;18.6;16.7;17.4;15.6;12.6;313.8888889;188.8888889;408.3333333;2.6
24058800;12;16;0;0;13.4;16.5;14.9;12.8;70.4;370.6;18.5;16.6;17.2;15.7;13.6;308.3333333;169.4444444;511.1111111;1.9
24059700;12;17;0;0;13.6;17.7;15.6;12.9;64.8;377.5;18.8;17;17.4;15.8;13.6;308.3333333;169.4444444;511.1111111;1.9
24060600;13;17;0;0;13.6;18.3;15.8;12.9;62;377.5;20.2;17.9;18.5;15.8;13.6;308.3333333;169.4444444;511.1111111;1.9
24061500;13;17;0;0;14;18.1;15.8;12.9;60.2;377.5;21.7;18.6;19.4;16;13.6;308.3333333;169.4444444;511.1111111;1.9
24062400;13;17;0;0;14.1;18;16;13.1;57.1;377.6;23.4;19.8;20.3;16.2;11.9;311.1111111;105.5555556;372.2222222;2.5
24063300;13;17;0;0;14.1;18;15.5;13.2;60.7;377.7;22.9;19.7;19.8;16.6;11.9;311.1111111;105.5555556;372.2222222;2.5
24064200;13;17;0;0;14.1;18;13.7;13.1;77.7;377.7;20.9;17.6;18.5;17.3;11.9;311.1111111;105.5555556;372.2222222;2.5
24065100;13;17;0;0;14.6;18;13.8;12.9;80.8;377.7;21;17.5;18.7;17.7;11.9;311.1111111;105.5555556;372.2222222;2.5
24066000;14;17;0;0;14.6;18;14.4;13;79.1;323.7;22.8;18;19.1;17.5;13.3;325;216.6666667;288.8888889;2.3
24066900;14;17;0;0;14.8;18;15.7;13;72.3;323.7;23.8;18.6;19.4;17.7;13.3;325;216.6666667;288.8888889;2.3
24067800;14;18;0;0;15.1;18.4;15.9;13.4;63;323.7;23.4;18.9;19.6;18.3;13.3;325;216.6666667;288.8888889;2.3
24068700;14;19;0;0;15.1;19.4;16.3;13.6;58.4;323.7;22.8;18.9;19.4;18.5;13.3;325;216.6666667;288.8888889;2.3
24069600;14;18;0;0;15.1;19.5;16.4;13.6;57.5;236.4;22.5;19.1;19.5;18.5;12.8;341.6666667;108.3333333;108.3333333;2.2
24070500;14;18;0;0;15.6;19.5;16.1;13.6;57.5;236.4;22;19.1;19.3;18.5;12.8;341.6666667;108.3333333;108.3333333;2.2
24071400;14;18;0;0;15.6;19.5;15.9;12.7;58.5;236.4;21.4;19;19.1;18.5;12.8;341.6666667;108.3333333;108.3333333;2.2
24072300;14;18;0;0;15.6;19.5;15.5;11.9;59.1;236.4;20.8;19.1;18.9;18.4;12.8;341.6666667;108.3333333;108.3333333;2.2
24073200;14;18;0;0;15.8;19.5;15.5;11.7;59.1;184.3;20.3;19.2;18.7;18.3;11.1;350;36.11111111;36.11111111;2
24074100;15;18;0;0;16.1;19.5;15.5;11.7;58.4;171.3;19.9;19.6;18.4;18.2;11.1;350;36.11111111;36.11111111;2
24075000;15;18;0;0;16.1;19.5;15.3;12.1;59;171.3;19.3;20.1;17.7;18.1;11.1;350;36.11111111;36.11111111;2
24075900;15;18;0;0;16.1;19.5;14.8;12.9;62.4;171.3;18.3;20.4;17.2;17.8;11.1;350;36.11111111;36.11111111;2
24076800;15;20;0;0;16.3;20.1;14.3;12.5;61.3;93.4;17.4;20.3;16.4;16.4;10.9;344.4444444;8.333333333;8.333333333;2.4
24077700;15;19;0;0;16.6;20.3;13.7;12.4;60.6;65.1;16.9;20.1;15.6;14.8;10.9;344.4444444;8.333333333;8.333333333;2.4
24078600;15;18;0;0;16.6;19.6;13.5;12.3;62.8;65.1;19.3;19.9;14.8;13.7;10.9;344.4444444;8.333333333;8.333333333;2.4
24079500;15;18;0;0;16.1;19;13.9;12.2;63.4;65.1;19.2;19;14.3;13.2;10.9;344.4444444;8.333333333;8.333333333;2.4
24080400;15;18;0;0;15.6;19;14;11.9;62.6;26.6;18.3;17.7;14;12.9;10.5;347.2222222;0;0;1.2
24081300;15;18;0;0;15.6;19;13.9;11.7;63.7;7.3;19.1;16.9;13.8;12.9;10.5;347.2222222;0;0;1.2
24082200;15;17;0;0;15.2;18.5;13.8;11;64.1;7.3;19.2;16.3;13.6;12.8;10.5;347.2222222;0;0;1.2
24083100;14;17;0;0;14.7;18.2;13.9;10.6;63.8;7.3;18.2;15.6;13.4;12.8;10.5;347.2222222;0;0;1.2
24084000;14;16;0;0;14.6;17.7;13.9;10.2;63.9;2.4;17.3;15.2;13.3;12.8;10.6;347.2222222;0;0;1.5
24084900;14;18;0;0;14.2;18.1;13.8;10;64.5;0;16.8;15.1;13.1;12.7;10.6;347.2222222;0;0;1.5
24085800;14;18;0;0;13.7;18.5;13.8;10.1;64.8;0;16.6;14.9;13;12.5;10.6;347.2222222;0;0;1.5
24086700;14;16;0;0;13.6;17.6;13.7;10.1;64.7;0;16.9;14.7;13;12.5;10.6;347.2222222;0;0;1.5
24087600;14;15;0;0;13.6;16.4;13.6;10;65.6;0;17.2;14.4;12.8;12.3;10.3;347.2222222;0;0;1.7
24088500;13;14;0;0;13.3;15.5;13.6;9.9;66.3;0;17.2;14.2;12.8;12.2;10.3;347.2222222;0;0;1.7
24089400;13;13;0;0;13.1;14.7;13.4;10;67;0;17.1;14;12.7;12.1;10.3;347.2222222;0;0;1.7
24090300;13;13;0;0;13.1;14.1;13.3;10.1;67.8;0;16.9;13.8;12.6;11.9;10.3;347.2222222;0;0;1.7
24091200;13;13;0;0;12.7;13.9;13.5;9.9;67.7;0;16.7;13.7;12.6;11.9;10.4;347.2222222;0;0;1
24092100;13;12;0;0;12.6;13.5;13.5;9.8;67.7;0;16.5;13.6;12.5;11.9;10.4;347.2222222;0;0;1
24093000;12;13;0;0;12.6;13.8;13.6;10.1;67.5;0;16.3;13.5;12.6;11.9;10.4;347.2222222;0;0;1
24093900;12;15;0;0;12.6;15.5;13.7;10.2;67.7;0;16.2;13.5;12.6;11.9;10.4;347.2222222;0;0;1
24094800;12;14;0;0;12.6;15;13.6;9.9;67.6;0;16.2;13.5;12.7;12;10.3;350;0;0;1
24095700;12;12;0;0;12.6;13.7;13.3;9.7;68.8;0;16.4;13.5;12.7;12;10.3;350;0;0;1
24096600;12;12;0;0;12.6;13.3;13.2;9.8;69.8;0;16.4;13.5;12.6;11.9;10.3;350;0;0;1
24097500;12;12;0;0;12.6;13.15;13.2;9.6;70.95;0;16.2;13.5;12.6;11.9;10.3;350;0;0;1
24098400;12;12;0;0;12.6;13;13.2;9.4;72.1;0;16;13.5;12.6;11.9;10;344.4444444;0;0;0.9
24099300;12;12;0;0;12.6;13;13.1;9.1;72.3;0;15.9;13.5;12.5;11.8;10;344.4444444;0;0;0.9
24100200;12;12;0;0;12.6;13;13.1;9.1;72.6;0;15.9;13.5;12.5;11.7;10;344.4444444;0;0;0.9
24101100;12;12;0;0;12.6;13;13;9.1;72.9;0;15.8;13.5;12.5;11.7;10;344.4444444;0;0;0.9
24102000;12;14;0;0;12.6;14.3;12.9;8.8;73.9;0;15.8;13.5;12.4;11.6;9.9;338.8888889;0;0;0.5
24102900;12;14;0;0;12.6;15;12.7;8.6;75.2;0;15.8;13.5;12.4;11.6;9.9;338.8888889;0;0;0.5
24103800;12;13;0;0;12.6;14.3;12.7;8.6;75.8;0;15.8;13.5;12.4;11.5;9.9;338.8888889;0;0;0.5
24104700;12;12;0;0;12.6;13.5;12.7;8.6;75.9;0;16.1;13.4;12.3;11.5;9.9;338.8888889;0;0;0.5
24105600;12;12;0;0;12.6;13.5;12.8;8.2;75.7;0;16;13.3;12.3;11.4;9.6;338.8888889;0;0;1.2
24106500;12;12;0;0;12.6;13.1;12.8;8;75.4;0;15.8;13.3;12.2;11.4;9.6;338.8888889;0;0;1.2
24107400;12;12;0;0;12.6;13;12.9;8;75.4;0;15.7;13.3;12.2;11.4;9.6;338.8888889;0;0;1.2
24108300;12;12;0;0;12.6;13;12.9;8;75.5;0;15.6;13.2;12.2;11.4;9.6;338.8888889;0;0;1.2
24109200;12;12;0;0;12.6;13;13;10;75.5;0;15.6;13.1;12.1;11.3;9.9;350;0;0;1.4
24110100;12;13;0;0;12.4;13.3;13.1;10;75.2;0;15.5;13.1;12;11.3;9.9;350;0;0;1.4
24111000;12;14;0;0;12.1;15;13.2;9.9;74.9;0;15.5;13.2;12.1;11.4;9.9;350;0;0;1.4
24111900;12;13;0;0;12.1;14.6;13.3;9.9;74.8;0;15.5;13.2;12.1;11.4;9.9;350;0;0;1.4
24112800;12;12;0;0;12.1;13.6;13.2;9.9;74.6;0;15.7;13.1;12.2;11.5;9.7;344.4444444;0;0;1.1
24113700;12;12;0;0;12.1;13;13.3;9.9;75;0;15.8;13;12.2;11.5;9.7;344.4444444;0;0;1.1
24114600;12;12;0;0;12.1;13;13.2;9.7;74.8;0;15.7;13;12.2;11.5;9.7;344.4444444;0;0;1.1
24115500;12;12;0;0;12.1;13;12.9;9.6;75.9;0;15.5;13;12.1;11.4;9.7;344.4444444;0;0;1.1
24116400;12;12;0;0;12.1;13;13;9.7;76;0;15.4;13;12;11.4;9.7;350;0;0;1.2
24117300;12;12;0;0;12.1;13;13.2;9.7;75.8;0;15.4;13;12;11.3;9.7;350;0;0;1.2
24118200;12;12;0;0;12.1;13;13.2;9.8;75.8;0;15.4;13;12;11.3;9.7;350;0;0;1.2
24119100;12;14;0;0;12.1;14;13.2;9.9;75.8;0;15.4;13;12;11.3;9.7;350;0;0;1.2
24120000;12;14;0;0;12.1;14.5;13.1;9.9;76;0;15.4;13.1;12;11.3;9.8;341.6666667;0;0;1.1
24120900;12;12;0;0;12.1;13.8;13.1;9.9;76;0;15.5;13.1;11.9;11.3;9.8;341.6666667;0;0;1.1
24121800;12;12;0;0;12.1;13.1;13;9.8;76.4;0;15.7;13;11.9;11.2;9.8;341.6666667;0;0;1.1
24122700;12;12;0;0;12.1;13;13;9.6;76.5;0;15.7;12.9;11.9;11.2;9.8;341.6666667;0;0;1.1
24123600;12;12;0;0;12.1;13;13.1;9.4;76.5;0;15.5;12.9;11.9;11.2;9.8;350;5.555555556;5.555555556;1.7
24124500;12;11;0;0;12.1;12.6;13.1;9.4;77;0;15.4;12.9;11.9;11.2;9.8;350;5.555555556;5.555555556;1.7
24125400;12;11;0;0;12.1;12.5;13.1;9.4;77.3;0;15.3;12.8;11.9;11.2;9.8;350;5.555555556;5.555555556;1.7
24126300;11;11;0;0;12.1;12.5;13.1;9.4;77.5;0;15.3;12.8;12;11.3;9.8;350;5.555555556;5.555555556;1.7
24127200;11;12;0;0;11.9;13.1;13.3;9.5;76.6;2.2;15.3;12.8;12.1;11.4;10.3;350;41.66666667;44.44444444;2.1
24128100;11;14;0;0;11.6;14.5;13.3;9.5;75.7;2.5;15.2;12.9;12.2;11.6;10.3;350;41.66666667;44.44444444;2.1
24129000;12;14;0;0;11.6;14.5;13.6;9.7;76.1;2.1;15.3;13;12.4;11.8;10.3;350;41.66666667;44.44444444;2.1
24129900;12;14;0;0;11.6;14.5;13.7;9.9;74.9;1.6;15.4;13.1;12.7;12;10.3;350;41.66666667;44.44444444;2.1
24130800;12;12;0;0;11.6;13.7;13.8;10.1;74.8;37;15.6;13.1;12.8;12.2;10.4;355.5555556;72.22222222;72.22222222;2.3
24131700;12;12;0;0;11.8;13;13.8;10.1;73.5;37;15.7;13.2;13;12.3;10.4;355.5555556;72.22222222;72.22222222;2.3
24132600;12;12;0;0;12.1;13;13.9;10.1;73.2;37;15.8;13.3;13.2;12.4;10.4;355.5555556;72.22222222;72.22222222;2.3
24133500;12;12;0;0;12.1;13;14.4;10;71.7;37;15.8;13.5;13.5;12.6;10.4;355.5555556;72.22222222;72.22222222;2.3
24134400;12;12;0;0;12.1;13;14.8;10.4;70.5;87.8;15.8;13.7;13.9;13;11.7;341.6666667;238.8888889;283.3333333;1.9
24135300;12;12;0;0;12.1;13;15;10.6;69;113.2;15.9;13.9;14.5;13.5;11.7;341.6666667;238.8888889;283.3333333;1.9
24136200;12;12;0;0;12.1;13;15.2;10.7;67.5;113.2;16;14.3;15.2;14.1;11.7;341.6666667;238.8888889;283.3333333;1.9
24137100;12;13;0;0;12.6;13.8;15.6;10.9;67.4;113.2;16.2;15;16.2;15;11.7;341.6666667;238.8888889;283.3333333;1.9
24138000;12;15;0;0;12.6;15.3;15.7;11.6;65.2;159.1;16.5;15.7;16.8;15.8;12;355.5555556;152.7777778;152.7777778;1.8
24138900;12;14;0;0;12.6;15.5;15.3;11.8;65.2;175.8;16.8;15.8;17.3;16.4;12;355.5555556;152.7777778;152.7777778;1.8
24139800;12;14;0;0;12.8;15.5;15.4;11.7;66.4;175.6;17.2;16;17.5;16.7;12;355.5555556;152.7777778;152.7777778;1.8
24140700;12;14;0;0;13.1;15.5;15.5;11.4;64.8;175.2;17.6;16.3;17.6;16.8;12;355.5555556;152.7777778;152.7777778;1.8
24141600;12;14;0;0;13.1;15.5;15.9;11.9;64.1;257.3;18;16.7;17.9;16.8;12.2;350;250;250;2
24142500;12;14;0;0;13.5;15.5;16.5;12.2;62.2;298.4;18.5;17.2;18.3;16.8;12.2;350;250;250;2
24143400;13;14;0;0;13.6;15.5;16.5;12.3;63.2;298.1;18.8;17.5;18.5;16.9;12.2;350;250;250;2
24144300;13;15;0;0;13.6;15.5;16.9;12.7;62;297.3;19.1;17.8;18.7;16.9;12.2;350;250;250;2
24145200;13;15;0;0;14;15.5;17.1;13;60.2;323.4;19.9;18.6;19.4;17;12.9;352.7777778;266.6666667;319.4444444;2.5
24146100;13;16;0;0;14.1;16.7;17.2;13.1;59.4;336.4;20.5;19.3;19.8;17.2;12.9;352.7777778;266.6666667;319.4444444;2.5
24147000;13;17;0;0;14.1;17.5;16.6;12.9;60.5;336.4;20.6;19.5;20;17.3;12.9;352.7777778;266.6666667;319.4444444;2.5
24147900;13;16;0;0;14.3;17.5;16.9;12.4;60;336.4;20.7;19.6;20.1;17.4;12.9;352.7777778;266.6666667;319.4444444;2.5
24148800;14;16;0;0;14.6;17.5;17;12.9;59.9;315.5;21.1;20;20.4;17.5;13;355.5555556;166.6666667;166.6666667;1.9
24149700;14;16;0;0;14.6;17.5;17.4;13.1;58.6;305.1;21.5;20.5;20.7;17.6;13;355.5555556;166.6666667;166.6666667;1.9
24150600;14;16;0;0;14.7;17.5;17.2;13;58.5;305.1;22;20.9;21.1;17.8;13;355.5555556;166.6666667;166.6666667;1.9
24151500;15;17;20;51;16.1;18.2;17;12.8;59.9;305.1;22.4;22;22.1;19.6;13;355.5555556;166.6666667;166.6666667;1.9
24152400;17;18;6;14;18.4;19.1;16.6;13;61.1;300;20.3;20.8;20.9;19.9;13.4;333.3333333;194.4444444;275;1.4
24153300;17;18;0;0;18.5;19;16.8;13.1;59.9;297.4;20.2;20.8;20.6;20;13.4;333.3333333;194.4444444;275;1.4
24154200;17;19;0;0;18.5;19.1;16.9;13.1;59.8;297.4;20.1;20.7;20.6;20.1;13.4;333.3333333;194.4444444;275;1.4
24155100;17;19;0;0;18.5;19.7;16.4;13.1;61;297.4;20;20.6;20.4;20.3;13.4;333.3333333;194.4444444;275;1.4
24156000;17;19;0;0;18.5;19.8;16.1;13.2;60.7;269;19.7;20.8;20.2;20.4;13.7;325;102.7777778;177.7777778;1
24156900;17;18;0;0;18.5;19.5;17;13.3;57.4;254.8;20.1;21.1;20.5;20.4;13.7;325;102.7777778;177.7777778;1
24157800;17;18;0;0;18.5;19.5;16.5;13.2;56.1;254.8;20.6;21.1;20.9;20.3;13.7;325;102.7777778;177.7777778;1
24158700;17;18;0;0;18.5;19.5;15.9;13.1;58.1;254.8;20.4;21;20.6;20.3;13.7;325;102.7777778;177.7777778;1
24159600;17;18;0;0;18.5;19.5;15.9;13;59.6;210.7;20.1;20.8;20.1;20.3;14.1;341.6666667;77.77777778;147.2222222;1.8
24160500;17;19;0;0;18.5;19.5;16;13;60.3;188.7;20.2;20.9;19.7;20.3;14.1;341.6666667;77.77777778;147.2222222;1.8
24161400;17;19;0;0;18.5;19.5;16.5;13.1;58.7;188.7;20.7;21;19.8;20.3;14.1;341.6666667;77.77777778;147.2222222;1.8
24162300;17;19;0;0;18.5;19.5;16.8;13.2;57.7;188.7;20.9;21;19.9;20.3;14.1;341.6666667;77.77777778;147.2222222;1.8
24163200;17;20;0;0;18.5;20.3;16.3;12.9;58.7;129;20.7;21;19.6;20.3;12.6;330.5555556;8.333333333;11.11111111;2
24164100;18;19;0;0;18.5;20.5;16;12.7;57.5;99.1;20.8;20.8;18.9;20.3;12.6;330.5555556;8.333333333;11.11111111;2
24165000;18;19;0;0;18.5;20.2;15.8;12.8;59.3;99.1;20.9;20.5;18.1;20.1;12.6;330.5555556;8.333333333;11.11111111;2
24165900;18;19;0;0;18.7;20;15.3;13.2;62.2;99.1;21.1;20;17.3;19.7;12.6;330.5555556;8.333333333;11.11111111;2
24166800;18;18;0;0;19;19.4;15.1;12.8;64;47.3;21.7;19.7;16.5;18.8;11.4;291.6666667;0;0;1.9
24167700;18;17;0;0;18.8;18.5;14.7;12.6;65.9;12.7;21.2;19;15.9;16.8;11.4;291.6666667;0;0;1.9
24168600;18;16;0;0;17.4;17.4;14.4;12.8;67.7;12.7;20.4;17.8;15.3;15;11.4;291.6666667;0;0;1.9
24169500;17;15;0;0;16.7;16.6;14;13.5;69.7;12.7;19.7;16.6;14.8;13.9;11.4;291.6666667;0;0;1.9
24170400;17;15;0;0;16.1;16.2;13.3;12.9;72.9;0;19.5;16;14.4;13.3;10.9;291.6666667;0;0;2.5
24171300;16;17;0;0;15.5;17;12.8;12.9;75.3;0;19.7;15.6;14;12.9;10.9;291.6666667;0;0;2.5
24172200;16;17;0;0;15;17.5;12.5;12.4;76.4;0;20.2;15.4;13.5;12.7;10.9;291.6666667;0;0;2.5
24173100;16;15;0;0;14.4;16;12.2;12;77.2;0;19.5;15.2;13;12.4;10.9;291.6666667;0;0;2.5
24174000;15;14;0;0;14;15.1;11.9;11.3;77.9;0;18.1;14.7;12.5;12.1;10.1;291.6666667;0;0;2.3
24174900;15;13;0;0;13.6;14.5;11.6;11.3;79;0;17.4;14.1;12.1;11.8;10.1;291.6666667;0;0;2.3
24175800;14;13;0;0;13.2;14.2;11.4;11;79.9;0;17;13.7;11.7;11.5;10.1;291.6666667;0;0;2.3
24176700;14;13;0;0;12.8;13.9;11.3;10.7;80;0;16.8;13.4;11.4;11.2;10.1;291.6666667;0;0;2.3
24177600;13;12;0;0;12.5;13.5;11.2;10.2;80.2;0;16.5;13;11.1;10.9;9.2;288.8888889;0;0;2.4
24178500;13;12;0;0;12;13.1;11.1;10.2;80.5;0;16.3;12.7;10.9;10.6;9.2;288.8888889;0;0;2.4
24179400;13;12;0;0;11.8;13.1;11;10.3;81;0;16;12.4;10.6;10.4;9.2;288.8888889;0;0;2.4
24180300;12;14;0;0;11.4;14.5;10.9;10.3;81.5;0;15.7;12.2;10.5;10.3;9.2;288.8888889;0;0;2.4
24181200;12;13;0;0;11;13.9;10.9;10;81.9;0;15.7;12;10.3;10.2;9.2;294.4444444;0;0;2.5
24182100;12;11;0;0;11;12.4;10.9;10;82;0;15.7;11.8;10.1;10;9.2;294.4444444;0;0;2.5
24183000;11;10;0;0;11;11.9;10.7;9.8;82.1;0;15.4;11.6;10;9.8;9.2;294.4444444;0;0;2.5
24183900;11;10;0;0;10.8;11.7;10.7;9.5;82.4;0;15.1;11.45;9.8;9.6;9.2;294.4444444;0;0;2.5
24184800;11;10;0;0;10.6;11.5;10.7;9.2;82.7;0;14.8;11.3;9.6;9.4;8.9;325;0;0;2.5
24185700;11;10;0;0;10.5;11.2;11.1;9.1;81.9;0;14.7;11.1;9.7;9.5;8.9;325;0;0;2.5
24186600;10;10;0;0;10.5;11;11.5;9.1;81.3;0;14.5;11;9.8;9.6;8.9;325;0;0;2.5
24187500;10;10;0;0;10.3;11;12;9.1;80.3;0;14.4;10.9;10;9.8;8.9;325;0;0;2.5
24188400;10;12;0;0;10;12.3;12.3;8.7;79.4;0;14.3;10.8;10.1;10;8.9;341.6666667;0;0;2.2
24189300;10;12;0;0;10;13;12.5;8.6;78.2;0;14.3;10.9;10.3;10.2;8.9;341.6666667;0;0;2.2
24190200;10;10;0;0;10;11.7;12.6;8.6;77.8;0;14.3;10.9;10.6;10.4;8.9;341.6666667;0;0;2.2
24191100;10;10;0;0;10;11;12.6;8.6;77.4;0;14.5;11;10.7;10.5;8.9;341.6666667;0;0;2.2
24192000;10;9;0;0;10;10.7;12.5;8.2;77.4;0;14.5;11.2;10.8;10.6;8.3;291.6666667;0;0;1.6
24192900;10;9;0;0;10.2;10.5;12.3;8;77.7;0;14.3;11.3;10.8;10.6;8.3;291.6666667;0;0;1.6
24193800;10;10;0;0;10.5;10.5;11.8;8;78.6;0;14.3;11.3;10.6;10.5;8.3;291.6666667;0;0;1.6
24194700;10;10;0;0;10.5;10.5;11.2;8;79.8;0;14.3;11.5;10.3;10.1;8.3;291.6666667;0;0;1.6
24195600;10;10;0;0;10.5;10.5;10.9;8.5;80.9;0;14.3;11.6;10.1;9.7;8;283.3333333;0;0;1.2
24196500;10;11;0;0;10.8;11.4;10.6;8.5;81.3;0;14.3;11.7;9.8;9.3;8;283.3333333;0;0;1.2
24197400;11;12;0;0;10.7;13;10.5;8.6;82.3;0;14.4;11.7;9.5;9.1;8;283.3333333;0;0;1.2
24198300;11;12;0;0;10.5;12.9;10.2;8.7;82.5;0;14.4;11.4;9.3;8.9;8;283.3333333;0;0;1.2
24199200;11;11;0;0;10.5;12.1;10.1;8.6;82.6;0;14.6;11.1;9.1;8.7;7.2;280.5555556;0;0;1.8
24200100;10;10;0;0;10.5;11.5;9.9;8.6;83.2;0;14.5;10.8;8.8;8.6;7.2;280.5555556;0;0;1.8
24201000;10;10;0;0;10;11.3;9.7;8.4;83.8;0;14.2;10.5;8.7;8.4;7.2;280.5555556;0;0;1.8
24201900;10;10;0;0;10;11;9.6;8.2;84;0;13.8;10.2;8.5;8.2;7.2;280.5555556;0;0;1.8
24202800;10;9;0;0;9.7;10.6;9.4;8.1;84;0;13.6;10.1;8.3;8.1;6.9;280.5555556;0;0;2.2
24203700;10;9;0;0;9.5;10.5;9.4;8.1;84.4;0;13.4;9.8;8.2;8.1;6.9;280.5555556;0;0;2.2
24204600;9;9;0;0;9.5;10.1;9.4;8;84.4;0;13.2;9.7;8.2;8;6.9;280.5555556;0;0;2.2
24205500;9;11;0;0;9;11.8;9.5;7.9;84.5;0;13.1;9.6;8.1;7.9;6.9;280.5555556;0;0;2.2
24206400;9;11;0;0;9;12.2;9.5;7.8;83.9;0;13;9.6;8.1;7.8;6.7;280.5555556;0;0;2.9
24207300;9;9;0;0;9;10.5;9.3;7.8;83.9;0;13.2;9.5;8;7.8;6.7;280.5555556;0;0;2.9
24208200;9;8;0;0;9;9.8;9.2;7.6;83.9;0;13.2;9.4;8;7.8;6.7;280.5555556;0;0;2.9
24209100;9;8;0;0;9;9.5;9.2;7.1;83.9;0;13;9.3;7.9;7.7;6.7;280.5555556;0;0;2.9
24210000;9;8;0;0;8.9;9.5;9.2;7;84.2;0;12.8;9.3;7.9;7.6;6.4;280.5555556;11.11111111;11.11111111;3.1
24210900;9;9;0;0;8.3;9.5;9.2;7;84.3;0;12.7;9.2;7.8;7.6;6.4;280.5555556;11.11111111;11.11111111;3.1
24211800;7;11;0;0;7.5;10.9;9.2;6.7;83.9;0;12.6;9.1;7.8;7.5;6.4;280.5555556;11.11111111;11.11111111;3.1
24212700;7;9;0;0;7.5;10.5;9.1;6.6;84.2;0;12.8;9;7.8;7.5;6.4;280.5555556;11.11111111;11.11111111;3.1
24213600;7;10;0;0;7.5;10.4;9.3;7.1;84.7;3.7;13.6;9.1;8;7.7;7.5;280.5555556;44.44444444;111.1111111;3.3
24214500;10;10;1;1;10.1;10.2;9.7;7.1;84.8;3.7;13.4;8.9;8.5;8.2;7.5;280.5555556;44.44444444;111.1111111;3.3
24215400;11;10;0;0;11.3;10;10;7;84.2;3.6;13.1;8.6;9.2;8.6;7.5;280.5555556;44.44444444;111.1111111;3.3
24216300;10;10;0;0;9.4;10.8;10.5;7;82.9;3.6;12.9;9.2;10.2;9.3;7.5;280.5555556;44.44444444;111.1111111;3.3
24217200;9;8;0;0;9.3;9.6;10.9;8.1;81;62.1;12.4;9.8;11.7;10;9.9;286.1111111;72.22222222;266.6666667;2.9
24218100;11;8;1;0;11.4;8.9;11.3;8.2;80;66.3;13;10;12.6;11.3;9.9;286.1111111;72.22222222;266.6666667;2.9
24219000;11;8;0;0;12.1;8.9;11.7;7.9;78.7;66.3;12.7;10.7;13.1;11.9;9.9;286.1111111;72.22222222;266.6666667;2.9
24219900;11;8;0;0;11.2;9.2;12;7.6;77;66.3;12.9;13;13.9;12;9.9;286.1111111;72.22222222;266.6666667;2.9
24220800;10;9;0;0;10.7;9.4;12.4;8.7;75.9;160.8;13.4;15;15.1;12.1;11.3;313.8888889;188.8888889;366.6666667;2.7
24221700;11;12;1;0;11.9;11.9;12.8;8.9;74.5;175.3;16.4;16.8;18.1;15;11.3;313.8888889;188.8888889;366.6666667;2.7
24222600;12;13;0;0;12.3;14.3;13.4;8.8;72.9;175.3;16.3;17.2;18.2;15.5;11.3;313.8888889;188.8888889;366.6666667;2.7
24223500;12;13;0;0;12.3;14;14.5;8.7;70;175.3;18.3;18.5;19.2;15.5;11.3;313.8888889;188.8888889;366.6666667;2.7
24224400;12;14;0;0;12.3;14.5;15.2;10;67.7;223.1;19.3;19.2;19.4;15.8;11.9;352.7777778;208.3333333;208.3333333;2
24225300;12;15;4;12;13.1;15.4;14.9;10.3;67.5;235.1;20.2;19.8;20.6;18;11.9;352.7777778;208.3333333;208.3333333;2
24226200;12;15;20;122;13.2;15.9;15.1;10.7;67.8;236.2;17.5;17.7;18;17;11.9;352.7777778;208.3333333;208.3333333;2
24227100;14;14;0;0;14.9;15.6;15.4;11.4;67.8;238.5;17;17.5;17.5;16.4;11.9;352.7777778;208.3333333;208.3333333;2
24228000;14;15;0;0;14.8;16.3;15.9;12.4;66.7;313.2;17.2;18.5;17.6;16.6;13.1;358.3333333;222.2222222;222.2222222;1.7
24228900;13;16;0;0;13.9;17.1;16;12.8;66.6;340.3;17.3;18.6;17.6;16.8;13.1;358.3333333;222.2222222;222.2222222;1.7
24229800;12;16;0;0;13.4;17;16.2;12.8;66.4;343.6;17.5;18.2;17.8;17;13.1;358.3333333;222.2222222;222.2222222;1.7
24230700;12;15;0;0;13.4;16;16.6;12.8;65.7;352.6;17.7;18.4;18;17.1;13.1;358.3333333;222.2222222;222.2222222;1.7
24231600;13;15;0;0;13.5;15.7;16.3;13.5;65.9;363.8;17.8;18.8;18.1;17.3;13.5;358.3333333;255.5555556;255.5555556;2.5
24232500;13;16;0;0;13.9;17.1;16.2;13.9;66.5;369.4;18.1;19;18.3;17.3;13.5;358.3333333;255.5555556;255.5555556;2.5
24233400;13;16;0;0;13.9;17;16.5;13.5;65.6;369.4;18.6;19.2;18.8;17.4;13.5;358.3333333;255.5555556;255.5555556;2.5
24234300;13;15;1;4;14;16.6;16.6;13.3;65.5;369.4;19.1;19.4;19.1;17.5;13.5;358.3333333;255.5555556;255.5555556;2.5
24235200;14;16;0;0;14.9;17.3;16.5;14.3;66.1;330.5;19.3;19.7;19.3;17.7;13.9;352.7777778;241.6666667;241.6666667;2.2
24236100;14;14;0;0;14.9;15.7;16.9;14.3;65.5;330.5;19.2;19.7;19.1;17.7;13.9;352.7777778;241.6666667;241.6666667;2.2
24237000;14;13;0;0;14.9;15.1;16.9;14.1;65.1;330.5;19.3;19.7;19.3;17.8;13.9;352.7777778;241.6666667;241.6666667;2.2
24237900;14;13;0;0;14.9;15.1;16.9;13.9;65.8;330.5;19.4;19.7;19.4;17.8;13.9;352.7777778;241.6666667;241.6666667;2.2
24238800;13;16;0;0;14.4;17.4;17.3;14.5;64.4;271.3;19.5;19.9;19.6;18.2;14.5;355.5555556;211.1111111;213.8888889;2.3
24239700;13;15;11;39;14.2;16.8;17.2;14.5;64.6;267.1;19.5;20;19.6;18.3;14.5;355.5555556;211.1111111;213.8888889;2.3
24240600;15;16;14;42;15.1;16.8;17.2;14.2;64.9;267.1;18;18.3;18.4;17.6;14.5;355.5555556;211.1111111;213.8888889;2.3
24241500;15;16;0;0;15.7;16.9;17.2;13.9;64.5;267.1;18.1;18.5;18.5;17.5;14.5;355.5555556;211.1111111;213.8888889;2.3
24242400;15;16;0;0;15.7;17.1;17.2;14.2;63.2;245.3;18.2;18.9;18.7;17.7;14.5;358.3333333;125;125;2.5
24243300;15;16;0;0;15.7;17.1;17.3;14.2;63.5;241.9;18.4;19.3;19;17.8;14.5;358.3333333;125;125;2.5
24244200;15;16;0;0;15.7;17.1;17;14.1;63.8;241.9;18.7;19.4;19.1;17.9;14.5;358.3333333;125;125;2.5
24245100;15;16;0;0;16;17.1;17;14;64.6;241.9;18.8;19.5;19;17.9;14.5;358.3333333;125;125;2.5
24246000;15;16;0;0;15.7;16.7;16.9;13.9;65.4;195.7;18.7;19.1;18.9;18.1;14;336.1111111;63.88888889;66.66666667;2.5
24246900;15;13;0;0;15.7;15.1;16.8;13.9;66;184.1;18.7;19;18.9;18.3;14;336.1111111;63.88888889;66.66666667;2.5
24247800;15;13;0;0;15.7;14.6;16.7;14;66;184.1;18.5;18.9;18.8;18.3;14;336.1111111;63.88888889;66.66666667;2.5
24248700;15;14;0;0;15.7;14.8;16.5;14.2;66.3;184.1;18.4;18.8;18.7;18.4;14;336.1111111;63.88888889;66.66666667;2.5
24249600;15;16;0;0;16.2;16.5;16.2;14;67.3;126.3;18.2;18.6;18.6;18.5;13.5;336.1111111;8.333333333;8.333333333;2.2
24250500;15;16;0;0;16.2;16.9;16;13.9;68.2;105.3;18;18.4;18.4;18.5;13.5;336.1111111;8.333333333;8.333333333;2.2
24251400;15;16;0;0;16.2;17.1;15.9;14;68.6;105.3;17.7;18.4;18.4;18.6;13.5;336.1111111;8.333333333;8.333333333;2.2
24252300;15;16;0;0;16.3;17.1;15.8;14.1;68.9;105.3;17.5;18.4;18.3;18.7;13.5;336.1111111;8.333333333;8.333333333;2.2
24253200;15;16;0;0;16.7;17.1;15.5;13.6;69.9;47;17.3;18.5;18;18.7;12.8;294.4444444;0;0;2.4
24254100;15;16;0;0;16.7;17.1;15;13.3;71.6;17.8;16.7;19;17.1;18.7;12.8;294.4444444;0;0;2.4
24255000;15;16;0;0;16.7;17.1;14.5;13.2;73.9;17.8;16;19.7;16.1;18.6;12.8;294.4444444;0;0;2.4
24255900;16;16;0;0;16.7;17.6;14.4;13.2;74.6;17.8;15.4;19.9;15.1;18.8;12.8;294.4444444;0;0;2.4
24256800;16;16;0;0;17;17.6;14.3;12.5;74.6;0;14.7;19.4;14.4;19.3;11.7;300;0;0;2.1
24257700;16;17;0;0;17.2;18.1;13.8;12.5;75.9;0;14.2;18.2;14;19.4;11.7;300;0;0;2.1
24258600;16;18;0;0;17.2;18.6;13.3;12.7;77.2;0;13.6;16.7;13.6;18.6;11.7;300;0;0;2.1
24259500;16;17;0;0;17.2;18.4;12.8;12.8;78.6;0;13.2;16;13.3;18.4;11.7;300;0;0;2.1
24260400;16;16;0;0;17.2;17.6;12.4;12.3;79.7;0;12.7;15.7;12.8;19.1;10.8;286.1111111;0;0;2.4
24261300;16;16;0;0;17.1;16.9;12.2;12.2;80.8;0;12.4;15.1;12.4;18.7;10.8;286.1111111;0;0;2.4
24262200;16;15;0;0;16.6;16.1;11.9;12.2;81.2;0;12.2;14.8;12;17;10.8;286.1111111;0;0;2.4
24263100;16;14;0;0;16.1;15.5;11.7;12.2;81.9;0;12;14.5;11.6;15.9;10.8;286.1111111;0;0;2.4
24264000;15;14;0;0;15.7;15.1;11.5;11.3;82.4;0;11.7;14.1;11.3;15.5;10.1;280.5555556;0;0;2.2
24264900;15;13;0;0;15.3;14.6;11.3;11.2;82.8;0;11.5;13.6;11;15.2;10.1;280.5555556;0;0;2.2
24265800;15;14;0;0;15;14.6;11.2;11;83.4;0;11.3;13.3;10.8;15;10.1;280.5555556;0;0;2.2
24266700;15;15;0;0;14.6;16.1;11.1;10.7;83.7;0;11;13;10.5;14.9;10.1;280.5555556;0;0;2.2
24267600;15;14;0;0;14.2;15.6;10.9;10;83.9;0;10.8;12.8;10.4;14.7;9.2;277.7777778;0;0;2
24268500;14;13;0;0;14.2;14.4;10.8;10;84.3;0;10.6;12.4;10.2;14.6;9.2;277.7777778;0;0;2
24269400;14;13;0;0;14;13.9;10.8;10;85.4;0;10.5;12.1;10.2;14.5;9.2;277.7777778;0;0;2
24270300;14;12.5;0;0;13.8;13.65;10.7;9.6;85.15;0;10.35;11.9;10.15;14.35;9.2;277.7777778;0;0;2
24271200;14;12;0;0;13.6;13.4;10.6;9.2;84.9;0;10.2;11.7;10.1;14.2;8.5;272.2222222;0;0;1.8
24272100;13;12;0;0;13.2;13.1;10.5;9.1;85;0;10.2;11.5;10.1;14;8.5;272.2222222;0;0;1.8
24273000;13;12;0;0;13.2;13.1;10.5;9.1;85.1;0;10.1;11.4;10;13.9;8.5;272.2222222;0;0;1.8
24273900;13;12;0;0;13.2;12.7;10.4;9.1;84.7;0;10;11.3;9.9;13.7;8.5;272.2222222;0;0;1.8
24274800;13;13;0;0;12.7;13.9;10.2;8.7;84.6;0;9.8;11.2;9.7;13.6;8.4;272.2222222;0;0;1.9
24275700;13;13;0;0;12.7;14.5;10.1;8.6;85;0;9.6;11.2;9.5;13.5;8.4;272.2222222;0;0;1.9
24276600;13;12;0;0;12.7;13.2;10.2;8.6;84.3;0;9.5;11.1;9.4;13.5;8.4;272.2222222;0;0;1.9
24277500;12;11;0;0;12.7;12.4;9.9;8.6;84.2;0;9.4;10.9;9.3;13.4;8.4;272.2222222;0;0;1.9
24278400;12;11;0;0;12.4;12.1;10;8.2;84.3;0;9.3;10.7;9.2;13.5;8;269.4444444;0;0;1.6
24279300;12;10;0;0;12.2;11.7;9.8;8;84.1;0;9.2;10.6;9;13.4;8;269.4444444;0;0;1.6
24280200;12;10;0;0;12.2;11.6;9.5;8;84.1;0;9;10.4;8.8;13.2;8;269.4444444;0;0;1.6
24281100;12;10;0;0;12.2;11.3;9.2;8;84.1;0;8.7;10.2;8.6;13;8;269.4444444;0;0;1.6
24282000;12;10;0;0;11.8;11.1;9.1;7.5;84.5;0;8.5;10.1;8.3;12.8;7.5;269.4444444;0;0;1.3
24282900;12;11;0;0;11.7;11.4;8.8;7.3;84.6;0;8.3;10;8.1;12.7;7.5;269.4444444;0;0;1.3
24283800;12;12;0;0;11.3;13.1;8.6;7.5;84.6;0;8;9.7;7.8;12.5;7.5;269.4444444;0;0;1.3
24284700;12;11;0;0;11.2;12.2;8.6;7.9;85.2;0;7.7;9.5;7.6;12.4;7.5;269.4444444;0;0;1.3
24285600;11;10;0;0;11.2;10.9;8.4;7.6;85.1;0;7.6;9.2;7.5;12.3;7.2;269.4444444;0;0;2
24286500;11;9;0;0;11.2;10.5;8.3;7.5;85.1;0;7.4;9;7.3;12.3;7.2;269.4444444;0;0;2
24287400;11;9;0;0;11;10.1;8.2;7.5;85.1;0;7.2;8.8;7.1;12.2;7.2;269.4444444;0;0;2
24288300;11;9;0;0;10.7;9.9;8.1;7.6;85.1;0;7.1;8.6;6.9;11.9;7.2;269.4444444;0;0;2
24289200;11;8;0;0;10.7;9.6;7.9;7.5;85.1;0;7;8.4;6.7;11.7;6.7;266.6666667;0;0;2.3
24290100;10;8;0;0;10.4;9.5;7.8;7.4;85.1;0;6.7;8.3;6.6;11.4;6.7;266.6666667;0;0;2.3
24291000;10;8;0;0;10.2;9.1;7.8;7.4;85.1;0;6.6;8.2;6.4;11.3;6.7;266.6666667;0;0;2.3
24291900;10;10;0;0;9.8;10.7;7.7;7.3;85.4;0;6.6;8;6.3;11.2;6.7;266.6666667;0;0;2.3
24292800;10;10;0;0;9.7;11;7.6;7;85.6;0;6.5;8;6.3;11;6.4;266.6666667;0;0;2.5
24293700;10;8;0;0;9.7;9.6;7.6;6.9;86;0;6.4;7.8;6.2;10.9;6.4;266.6666667;0;0;2.5
24294600;10;7;0;0;9.7;8.9;7.6;6.9;85.6;0;6.3;7.6;6.2;10.8;6.4;266.6666667;0;0;2.5
24295500;10;7;0;0;9.7;8.6;7.4;6.8;85.7;0;6.3;7.5;6.2;10.9;6.4;266.6666667;0;0;2.5
24296400;9;7;0;0;9.4;8.1;7.4;6.7;86.1;0;6.4;7.4;6.2;10.8;6.1;266.6666667;11.11111111;11.11111111;2.7
24297300;9;7;0;0;9.2;8.1;7.4;6.6;85.7;0;6.4;7.4;6.2;10.6;6.1;266.6666667;11.11111111;11.11111111;2.7
24298200;9;7;0;0;9.2;8.1;7.5;6.5;85.6;0;6.3;7.4;6.1;10.5;6.1;266.6666667;11.11111111;11.11111111;2.7
24299100;9;7;0;0;9.2;7.9;7.5;6.4;85.3;0;6.3;7.3;6.1;10.5;6.1;266.6666667;11.11111111;11.11111111;2.7
24300000;9;8;0;0;9;8.4;7.6;6.7;85.1;4.5;6.5;7.4;6.1;10.4;7.1;266.6666667;47.22222222;113.8888889;3.1
24300900;9;9;0;0;8.7;10.1;7.8;6.8;85.1;6.8;7;7.4;6.3;10.4;7.1;266.6666667;47.22222222;113.8888889;3.1
24301800;9;9;0;0;8.7;10.1;8.3;6.7;85.1;5.6;7.7;7.5;7.1;10.3;7.1;266.6666667;47.22222222;113.8888889;3.1
24302700;9;9;0;0;8.7;9.9;8.8;6.6;84.8;5;8.7;7.6;8.2;10.3;7.1;266.6666667;47.22222222;113.8888889;3.1
24303600;9;7;0;0;8.7;8.5;9.5;7.2;83.4;65.3;9.9;7.9;9.4;10.4;8.7;266.6666667;72.22222222;275;3.4
24304500;9;6;0;0;8.7;7.8;10;7.5;80.7;95.4;10.9;8.7;10.6;10.7;8.7;266.6666667;72.22222222;275;3.4
24305400;8;6;0;0;8.7;7.6;10.3;7.2;80.2;95.4;12.1;9.6;11.6;11;8.7;266.6666667;72.22222222;275;3.4
24306300;8;6;0;0;8.7;7.6;10.7;7.1;79.4;95.4;13.4;10.5;12.6;11.2;8.7;266.6666667;72.22222222;275;3.4
24307200;8;6;0;0;9;7.6;11.1;8;77.5;193.6;15.1;11.5;13.8;11.4;10.7;269.4444444;88.88888889;408.3333333;2.8
24308100;8;7;0;0;9.2;7.6;11.5;8.4;76.3;242.7;16.9;13;14.9;11.6;10.7;269.4444444;88.88888889;408.3333333;2.8
24309000;8;7;0;0;9.3;8.1;11.8;8.4;74.4;242.7;18.3;14.7;15.8;11.9;10.7;269.4444444;88.88888889;408.3333333;2.8
24309900;9;9;0;0;9.7;9.4;12.1;8.4;73.3;242.7;19.3;16.3;16.4;12;10.7;269.4444444;88.88888889;408.3333333;2.8
24310800;9;11;0;0;9.7;11.3;12.4;9.5;72.4;310;20.2;17.7;16.9;12.3;13.2;-2775;91.66666667;513.8888889;2.4
24311700;9;10;0;0;9.9;11.6;12.7;10.1;71.9;343.6;21.4;18.8;17.8;12.5;13.2;-2775;91.66666667;513.8888889;2.4
24312600;12;12;20;48;12.5;13.7;13.3;10.3;69.7;345.1;22;21;19.8;16.3;13.2;-2775;91.66666667;513.8888889;2.4
24313500;16;18;11;24;17.6;18.7;13.9;10.4;67.7;345.8;20.6;21.4;21.2;19.3;13.2;-2775;91.66666667;513.8888889;2.4
24314400;16;17;12;38;17.5;18.8;14.3;11.5;65.5;408.6;22.3;22.8;22;20;13.8;283.3333333;91.66666667;566.6666667;2.2
24315300;17;19;43;111;18;20.1;14.8;12;63.7;440;21.9;22.3;22.2;20.8;13.8;283.3333333;91.66666667;566.6666667;2.2
24316200;17;19;43;97;18.2;19.6;15.1;12.1;61.8;443.9;21.8;22.1;22.1;21;13.8;283.3333333;91.66666667;566.6666667;2.2
24317100;17;19;43;97;18.2;19.6;15.3;12.3;60.9;454.8;21.9;22.1;22.1;21.2;13.8;283.3333333;91.66666667;566.6666667;2.2
24318000;17;19;43;102;18.2;20;15.8;13.2;57.3;484.2;22.1;22.3;22.3;21.3;15;286.1111111;83.33333333;572.2222222;2.1
24318900;17;19;43;106;18.2;20.1;16;13.7;57.6;498.9;22.2;22.5;22.4;21.6;15;286.1111111;83.33333333;572.2222222;2.1
24319800;17;20;43;111;18.2;20.1;16.3;13.9;56.5;498.9;22.5;22.6;22.6;21.7;15;286.1111111;83.33333333;572.2222222;2.1
24320700;17;20;43;111;18.2;20.1;16.5;14.5;54.6;498.9;22.5;22.8;22.7;21.7;15;286.1111111;83.33333333;572.2222222;2.1
24321600;17;20;43;112;18.2;20.4;16.9;15;53.2;486.8;22.7;22.8;22.6;21.7;15.8;288.8888889;77.77777778;522.2222222;2.3
24322500;17;20;43;109;18.2;20.6;17.2;15.2;51.9;480.7;22.6;22.8;22.7;21.6;15.8;288.8888889;77.77777778;522.2222222;2.3
24323400;17;20;43;108;18.2;20.6;17.4;14.7;50.9;480.7;22.5;22.8;22.7;21.5;15.8;288.8888889;77.77777778;522.2222222;2.3
24324300;17;20;43;107;18.2;20.6;17.5;14.5;51.1;480.7;22.5;22.8;22.7;21.5;15.8;288.8888889;77.77777778;522.2222222;2.3
24325200;17;20;43;106;18.2;20.6;17.5;15;50.3;462.8;22.5;22.8;22.7;21.4;16.2;288.8888889;72.22222222;419.4444444;2
24326100;17;20;43;103;18.2;20.6;17.6;15.2;50.7;453.9;22.4;22.8;22.7;21.3;16.2;288.8888889;72.22222222;419.4444444;2
24327000;17;19;43;95;18.2;20.5;17.7;15.5;49.4;453.9;22.3;22.5;22.4;21.1;16.2;288.8888889;72.22222222;419.4444444;2
24327900;17;19;43;88;18.2;20.1;17.6;15.6;50.5;453.9;22;22.2;22.2;21;16.2;288.8888889;72.22222222;419.4444444;2
24328800;17;19;43;80;18.2;20;17.6;15.8;50.2;395.3;21.8;21.9;21.9;20.7;16;288.8888889;61.11111111;283.3333333;1.1
24329700;17;19;43;72;18.2;19.6;17.7;15.9;49.6;366;21.5;21.6;21.7;20.5;16;288.8888889;61.11111111;283.3333333;1.1
24330600;17;18;43;60;18.2;19.3;17.5;16;50;366;21;21.2;21.3;20.2;16;288.8888889;61.11111111;283.3333333;1.1
24331500;17;18;0;0;18.2;19.1;17.6;16.1;49.6;366;20.8;20.9;21.5;20.1;16;288.8888889;61.11111111;283.3333333;1.1
24332400;17;18;22;55;17.8;19.3;17.5;16;49;307.9;21;21.3;21.5;20.3;15;288.8888889;41.66666667;125;0.9
24333300;17;18;1;3;18.2;19.1;17.3;16;49.2;293.4;20.2;20.5;20.8;19.8;15;288.8888889;41.66666667;125;0.9
24334200;17;18;0;0;18.2;19.1;17.3;16.1;48.3;293.4;20;20.4;20.3;19.8;15;288.8888889;41.66666667;125;0.9
24335100;17;18;0;0;18.2;19.1;17.1;16.2;48.4;293.4;19.7;20.2;20.2;20;15;288.8888889;41.66666667;125;0.9
24336000;17;19;0;0;18.2;19.8;16.8;15.8;48.9;193.8;19.4;19.9;19.7;20;13.2;286.1111111;8.333333333;13.88888889;1.1
24336900;17;19;0;0;18.2;20.1;16.3;15.6;53.7;157.6;19.1;20.4;19.1;20.1;13.2;286.1111111;8.333333333;13.88888889;1.1
24337800;17;19;0;0;18.4;19.9;15.8;15.6;58;157.6;18.8;20.8;18.2;20.2;13.2;286.1111111;8.333333333;13.88888889;1.1
24338700;18;19;0;0;18.7;19.6;15.4;15.5;60.3;157.6;17.8;20.7;17.2;20.3;13.2;286.1111111;8.333333333;13.88888889;1.1
24339600;18;19;0;0;18.7;19.6;14.7;14.3;62.8;31.6;16.6;19.7;16.3;20;11.6;283.3333333;0;0;0.6
24340500;18;18;0;0;18.7;19.4;14;14.3;66.3;31.6;15.6;18.1;15.7;19.7;11.6;283.3333333;0;0;0.6
24341400;18;17;0;0;18.7;18.8;13.6;14.1;67.1;31.6;14.9;17.1;15.1;20.2;11.6;283.3333333;0;0;0.6
24342300;18;17;0;0;18.6;18.2;13.3;13.9;68.5;31.6;14.4;16.5;14.7;20.2;11.6;283.3333333;0;0;0.6
24343200;18;16;0;0;18;17.7;12.6;12.8;71.3;2.1;13.9;16.1;14.1;20.1;11.3;280.5555556;0;0;0.9
24344100;17;18;0;0;17.1;18;12.1;12.7;72.9;0;13.3;15.7;13.5;19.7;11.3;280.5555556;0;0;0.9
24345000;17;17;0;0;16.5;18.3;11.7;12.4;73.8;0;12.9;15.3;13;18.1;11.3;280.5555556;0;0;0.9
24345900;17;15;0;0;16.2;16.9;11.4;12;74.5;0;12.6;14.7;12.5;17.1;11.3;280.5555556;0;0;0.9
24346800;16;15;0;0;16;15.9;11.2;11;75.1;0;12.3;14.1;12.1;16.8;10.3;277.7777778;0;0;1.2
24347700;16;14;0;0;15.7;15.3;11.1;10.9;74.9;0;11.9;13.6;11.7;16.7;10.3;277.7777778;0;0;1.2
24348600;16;14;0;0;15.3;14.8;10.9;10.7;75.2;0;11.7;13.2;11.4;16.4;10.3;277.7777778;0;0;1.2
24349500;15;13;0;0;15;14.4;10.7;10.5;76.5;0;11.4;12.9;11.2;16;10.3;277.7777778;0;0;1.2
24350400;15;13;0;0;14.7;14;10.4;9.6;77.5;0;11.2;12.5;10.9;15.7;8.3;272.2222222;0;0;1.9
24351300;15;12;0;0;14.4;13.6;10.3;9.5;77.8;0;10.8;12.2;10.6;15.4;8.3;272.2222222;0;0;1.9
24352200;14;13;0;0;14;13.5;10.1;9.9;78.2;0;10.5;12;10.3;15.1;8.3;272.2222222;0;0;1.9
24353100;14;14;0;0;13.7;15.2;10;10.2;78.1;0;10.3;11.7;10;14.9;8.3;272.2222222;0;0;1.9
24354000;14;13;0;0;13.7;14.5;10.2;9.2;77;0;10.3;11.6;10;14.6;8.9;272.2222222;0;0;1.3
24354900;14;12;0;0;13.3;13.1;10.2;9.1;76.1;0;10.4;11.3;10.1;14.4;8.9;272.2222222;0;0;1.3
24355800;13;11;0;0;13.2;12.6;10;9.2;76.1;0;10.3;11.1;10.1;14.4;8.9;272.2222222;0;0;1.3
24356700;13;11;0;0;13.1;12.4;9.7;9.15;77.15;0;9.9;10.95;9.75;14.25;8.9;272.2222222;0;0;1.3
24357600;13;11;0;0;13;12.2;9.4;9.1;78.2;0;9.5;10.8;9.4;14.1;8.5;269.4444444;0;0;1
24358500;13;11;0;0;12.7;11.7;9.2;9.1;79;0;9.1;10.8;9;13.8;8.5;269.4444444;0;0;1
24359400;13;10;0;0;12.7;11.7;9;9.1;79.5;0;8.9;10.8;8.6;13.6;8.5;269.4444444;0;0;1
24360300;13;10;0;0;12.7;11.7;8.8;9.1;79.7;0;8.5;10.5;8.2;13.5;8.5;269.4444444;0;0;1
24361200;12;13;0;0;12.3;12.8;8.6;8.7;80.1;0;8.2;10.1;7.9;13.3;7.3;266.6666667;0;0;1.3
24362100;13;13;0;0;12.2;13.5;8.3;8.6;80.7;0;7.9;9.9;7.6;13.1;7.3;266.6666667;0;0;1.3
24363000;13;11;0;0;12.2;12.3;8.2;8.6;81.1;0;7.8;9.6;7.4;12.8;7.3;266.6666667;0;0;1.3
24363900;12;10;0;0;12.2;11.5;8.1;8.6;81.5;0;7.6;9.4;7.1;12.5;7.3;266.6666667;0;0;1.3
24364800;12;10;0;0;11.7;11.2;7.9;8.2;82.1;0;7.4;9.1;6.9;12.4;7.1;263.8888889;0;0;0.9
24365700;12;10;0;0;11.7;10.8;7.8;8;82.4;0;7.2;8.8;6.8;12.1;7.1;263.8888889;0;0;0.9
24366600;12;9;0;0;11.5;10.7;7.8;8;83;0;7.2;8.6;6.7;11.9;7.1;263.8888889;0;0;0.9
24367500;11;9;0;0;11.2;10.3;7.7;8;82.7;0;7;8.4;6.5;11.6;7.1;263.8888889;0;0;0.9
24368400;11;9;0;0;11.2;10.2;7.5;6.8;83.2;0;6.8;8.3;6.3;11.4;5.4;261.1111111;0;0;1.4
24369300;11;10;0;0;10.9;10.6;7.3;6.8;83.4;0;6.6;8.1;6.1;11.4;5.4;261.1111111;0;0;1.4
24370200;11;11;0;0;10.6;12.2;7.2;6.8;83.7;0;6.5;8.1;5.9;11.2;5.4;261.1111111;0;0;1.4
24371100;11;10;0;0;10.2;11.5;7.1;6.8;83.7;0;6.3;8;5.8;11;5.4;261.1111111;0;0;1.4
24372000;11;9;0;0;10.2;10.3;7.1;6.1;83.7;0;6.1;7.8;5.6;10.9;4.4;255.5555556;0;0;1.3
24372900;11;8;0;0;10.2;9.7;6.9;6.1;83.9;0;5.9;7.6;5.5;11;4.4;255.5555556;0;0;1.3
24373800;10;8;0;0;10.2;9.6;6.7;6.3;84.2;0;5.8;7.4;5.3;10.9;4.4;255.5555556;0;0;1.3
24374700;10;8;0;0;10.1;9.2;6.6;6.5;84.2;0;5.7;7.3;5.2;10.6;4.4;255.5555556;0;0;1.3
24375600;10;8;0;0;9.7;9.2;6.7;6.2;84.2;0;5.6;7.1;5.2;10.4;4.4;255.5555556;0;0;1.8
24376500;10;8;0;0;9.7;8.9;6.6;6.2;84.6;0;5.6;7;5.2;10.2;4.4;255.5555556;0;0;1.8
24377400;9;7;0;0;9.5;8.7;6.5;5.8;84.7;0;5.5;6.9;5.1;10.1;4.4;255.5555556;0;0;1.8
24378300;9;10;0;0;8.9;10.3;6.3;5.3;84.6;0;5.3;6.8;4.9;10;4.4;255.5555556;0;0;1.8
24379200;10;10;0;0;8.7;10.6;6.2;5;84.2;0;5;6.7;4.7;9.9;3.8;255.5555556;0;0;2
24380100;9;8;0;0;8.7;9.2;6;4.9;84.7;0;4.8;6.6;4.5;9.8;3.8;255.5555556;0;0;2
24381000;9;7;0;0;8.7;8.4;5.9;4.6;84.8;0;4.6;6.4;4.3;9.8;3.8;255.5555556;0;0;2
24381900;9;7;0;0;8.7;7.9;5.8;4;85.2;0;4.4;6.2;4.1;10;3.8;255.5555556;0;0;2
24382800;9;6;0;0;8.7;7.7;5.7;3.6;85.2;0;4.2;6;3.9;9.7;3.3;252.7777778;11.11111111;11.11111111;1.6
24383700;8;6;0;0;8.3;7.2;5.6;3.5;85.4;0;4.2;5.8;3.7;9.5;3.3;252.7777778;11.11111111;11.11111111;1.6
24384600;8;6;0;0;8.2;7.2;5.6;3.6;85.2;0;4.2;5.5;3.7;9.2;3.3;252.7777778;11.11111111;11.11111111;1.6
24385500;8;6;0;0;8;6.7;5.6;3.8;84.9;0;4.2;5.3;3.6;9.1;3.3;252.7777778;11.11111111;11.11111111;1.6
24386400;8;7;0;0;7.6;7.4;5.7;3.9;84.7;4.5;4.4;5.2;3.8;9;3.5;252.7777778;47.22222222;108.3333333;1.5
24387300;8;8;0;0;7.2;9.1;6;3.9;85;6.7;5;5.2;4.3;8.8;3.5;252.7777778;47.22222222;108.3333333;1.5
24388200;8;8;0;0;7.2;8.7;6.6;4;84.2;6.6;5.8;5.3;5.1;8.8;3.5;252.7777778;47.22222222;108.3333333;1.5
24389100;8;7;0;0;7.2;8.3;6.9;4;83;6.6;6.9;5.5;6.3;8.8;3.5;252.7777778;47.22222222;108.3333333;1.5
24390000;7;5;0;0;7.2;6.4;7.1;5.1;82.4;102.9;8;5.9;7.6;8.9;6.3;255.5555556;69.44444444;266.6666667;1.8
24390900;7;4;0;0;7.2;5.6;7.5;5.1;81.9;102.9;9;6.8;8.7;9.2;6.3;255.5555556;69.44444444;266.6666667;1.8
24391800;6;10;0;0;6.7;8.2;8.1;4.7;80.5;102.9;10;7.4;9.5;9.5;6.3;255.5555556;69.44444444;266.6666667;1.8
24392700;6;9;0;0;6.7;8.7;8.5;4.4;78.7;102.9;11.6;8.8;10.2;9.6;6.3;255.5555556;69.44444444;266.6666667;1.8
24393600;6;9;0;0;6.8;9.2;8.9;5.8;76.8;234.4;13.6;10.5;11.6;9.8;8.5;261.1111111;77.77777778;402.7777778;1.5
24394500;6;10;0;0;7.2;10.7;9.3;5.9;75.9;243.8;15.2;11.6;12.6;10.1;8.5;261.1111111;77.77777778;402.7777778;1.5
24395400;7;11;0;0;7.7;11.9;9.8;5.4;74.1;243.8;16.7;12.3;13.3;10.4;8.5;261.1111111;77.77777778;402.7777778;1.5
24396300;7;12;0;0;8;12.9;10.2;4.9;71.5;243.8;18.2;13.3;14.2;10.6;8.5;261.1111111;77.77777778;402.7777778;1.5
24397200;7;13;0;0;8.2;13.9;10.6;6.6;69.2;363.1;19.5;14.8;15.1;10.9;10.5;266.6666667;83.33333333;505.5555556;1.6
24398100;7;13;0;0;8.5;14.2;11;6.9;67.9;381.4;20.9;16.6;16.1;11.1;10.5;266.6666667;83.33333333;505.5555556;1.6
24399000;8;12;3;3;9.1;13.9;11.3;7.4;66.4;379.2;22.2;18.6;17.7;12.2;10.5;266.6666667;83.33333333;505.5555556;1.6
24399900;14;17;33;105;15.7;17.9;11.7;8.1;64.6;376;20.9;21.1;21.1;19.6;10.5;266.6666667;83.33333333;505.5555556;1.6
24400800;14;17;40;159;14.7;18.3;12.2;9.4;63.2;427.1;20.1;20.2;20.2;19;12.2;269.4444444;83.33333333;566.6666667;2.1
24401700;12;16;23;117;12.8;17.1;12.5;9.9;61.3;445.7;18.9;19;19;17.9;12.2;269.4444444;83.33333333;566.6666667;2.1
24402600;12;16;0;0;13.3;16.9;12.8;10;60.6;450.1;18.9;19.3;19.1;17.8;12.2;269.4444444;83.33333333;566.6666667;2.1
24403500;12;16;0;0;13.3;16.9;13.1;10.3;60.6;458.8;19.2;19.3;19.3;17.9;12.2;269.4444444;83.33333333;566.6666667;2.1
24404400;12;16;4;17;13.2;16.7;13.6;11.4;60;500.6;20.2;20.3;20.4;18.9;12.9;-2775;80.55555556;566.6666667;1.5
24405300;18;20;30;91;18.8;21.1;13.9;11.8;57.5;515.8;23.2;23.3;23.4;22.3;12.9;-2775;80.55555556;566.6666667;1.5
24406200;17;20;33;87;18.8;20.8;14.2;11.9;55.7;515.8;22.7;22.8;22.9;21.7;12.9;-2775;80.55555556;566.6666667;1.5
24407100;17;20;33;84;18.7;20.8;14.3;12;51.7;515.8;22.5;22.7;22.7;21.7;12.9;-2775;80.55555556;566.6666667;1.5
24408000;18;20;33;80;18.7;20.8;14.6;12.7;50.8;500;22.6;22.9;22.9;21.8;14.1;277.7777778;80.55555556;511.1111111;1.4
24408900;18;20;33;76;18.7;20.8;14.8;13;50.3;494.3;22.8;23.1;23;22;14.1;277.7777778;80.55555556;511.1111111;1.4
24409800;18;20;33;76;18.7;20.8;14.9;13.1;47.5;494.3;23;23.2;23.2;22.1;14.1;277.7777778;80.55555556;511.1111111;1.4
24410700;18;20;33;75;19.1;20.8;15.2;13.2;46.6;494.3;23.2;23.4;23.3;22.3;14.1;277.7777778;80.55555556;511.1111111;1.4
24411600;18;20;33;74;19.2;21;15.3;13.6;46.3;454.6;23.3;23.5;23.5;22.3;13.7;277.7777778;75;411.1111111;1.1
24412500;18;20;33;73;19.2;21.3;15.4;13.8;47.8;440.1;23.4;23.6;23.6;22.3;13.7;277.7777778;75;411.1111111;1.1
24413400;18;21;33;79;19.2;21.3;15.8;13.7;46.9;440.1;23.5;23.6;23.6;22.3;13.7;277.7777778;75;411.1111111;1.1
24414300;18;20;33;72;19.2;21.3;15.9;13.6;47.1;440.1;23.2;23.3;23.4;22;13.7;277.7777778;75;411.1111111;1.1
24415200;18;20;28;83;19.1;20.9;15.9;13.6;48.1;371.6;22.8;23;23.1;21.7;14.3;277.7777778;66.66666667;277.7777778;1.6
24416100;16;19;34;122;16.8;19.7;15.9;13.6;47.8;361.1;21.2;21.3;21.5;20.4;14.3;277.7777778;66.66666667;277.7777778;1.6
24417000;16;17;21;42;17.1;18.4;15.8;13.8;48;361.1;20;20.1;20.5;19;14.3;277.7777778;66.66666667;277.7777778;1.6
24417900;16;17;0;0;17.3;18.3;15.7;14;47.5;361.1;19.8;20.1;20.8;19;14.3;277.7777778;66.66666667;277.7777778;1.6
24418800;17;17;0;0;17.6;18.3;15.5;13.6;48.3;287.8;20.2;20.6;20.8;19.1;13.2;-2775;36.11111111;122.2222222;2.1
24419700;17;17;0;0;17.6;18.3;15.4;13.5;48.3;276.5;20.3;20.7;20.6;19.2;13.2;-2775;36.11111111;122.2222222;2.1
24420600;17;18;0;0;17.6;18.3;15.1;13.4;48.2;276.5;20.1;20.4;20.2;19.3;13.2;-2775;36.11111111;122.2222222;2.1
24421500;17;18;0;0;17.8;18.4;14.8;13.3;48.7;276.5;19.9;19.9;19.3;19.4;13.2;-2775;36.11111111;122.2222222;2.1
24422400;17;19;0;0;18.1;19.7;14.1;12.8;52.8;159.9;19.7;19.4;18.3;19.4;11.3;-2775;8.333333333;11.11111111;2.2
24423300;14;16;25;64;14.4;16.7;13.2;12.7;58.3;142;17.7;17.1;17.9;17.1;11.3;-2775;8.333333333;11.11111111;2.2
24424200;12;16;0;0;13;16.3;12.5;13.2;61.9;142;17.1;16.1;16.9;17.1;11.3;-2775;8.333333333;11.11111111;2.2
24425100;11;16;0;0;12.4;16.3;11.7;13.8;64.6;142;17.6;16.3;17.1;17.3;11.3;-2775;8.333333333;11.11111111;2.2
24426000;11;14;0;0;12.2;16.3;11.3;12.8;64.7;38.2;17.8;15;16.2;17.5;9.9;283.3333333;0;0;1.8
24426900;12;14;1;1;13.3;16;10.9;12.7;67.8;22.2;18.1;13.3;14.5;17.5;9.9;283.3333333;0;0;1.8
24427800;12;16;0;0;13.3;16.7;10.6;12.5;69.5;22.2;18.7;12.3;13.3;17.9;9.9;283.3333333;0;0;1.8
24428700;12;13;1;0;13.3;14.8;10.8;12.3;69.5;22.2;18.4;11.7;12.5;18;9.9;283.3333333;0;0;1.8
24429600;12;14;0;0;13.1;13.9;10.7;11.4;70.8;3;17.9;11.3;11.9;18.2;9.4;269.4444444;0;0;3.3
24430500;12;15;0;0;12.8;16;10.4;11.3;71.6;0;16.5;10.9;11.4;18.1;9.4;269.4444444;0;0;3.3
24431400;12;15;0;0;12.8;16.7;10.1;10.9;72.8;0;14.9;10.4;10.9;17.1;9.4;269.4444444;0;0;3.3
24432300;12;12;0;0;12.8;13.9;9.7;10.4;74;0;14.3;10;10.5;15.6;9.4;269.4444444;0;0;3.3
24433200;12;12;0;0;12.6;12.9;9.3;9.6;75.3;0;14;9.6;10.2;15;8;266.6666667;0;0;3.7
24434100;12;9;1;0;12.6;10.7;9;9.4;76.6;0;13.5;9.2;9.9;14.8;8;266.6666667;0;0;3.7
24435000;12;9;0;0;12.8;9.8;8.8;9.2;76.8;0;13.4;8.9;9.6;14.6;8;266.6666667;0;0;3.7
24435900;12;9;0;0;12.7;10.2;8.6;8.9;77.7;0;12.8;8.5;9.3;14.2;8;266.6666667;0;0;3.7
24436800;12;9;0;0;12.1;10.2;8.6;8.3;78.2;0;12;8.2;9.1;13.6;6.6;263.8888889;0;0;3.5
24437700;12;9;0;0;11.8;10.2;8.3;8.1;79.1;0;11.2;7.8;8.6;12.8;6.6;263.8888889;0;0;3.5
24438600;11;9;1;0;11.3;10.2;8.2;8.3;79.1;0;11;7.4;8.4;12.3;6.6;263.8888889;0;0;3.5
24439500;11;8;0;0;11.9;8.5;7.9;8.5;80.2;0;10.9;7.2;8.1;12.3;6.6;263.8888889;0;0;3.5
24440400;11;8;0;0;11.9;9.4;7.7;7.7;80.6;0;11;7;7.8;12.2;5.7;261.1111111;0;0;3.8
24441300;11;8;0;0;11.5;8.6;7.7;7.5;80.9;0;10.7;6.7;7.6;12.3;5.7;261.1111111;0;0;3.8
24442200;11;8;0;0;10.6;9.1;7.4;7.3;81.6;0;9.9;6.4;7.4;11.8;5.7;261.1111111;0;0;3.8
24443100;10.5;7;0;0;10.9;7.9;7.3;8;81.85;0;9.75;6.2;7.15;11.4;5.7;261.1111111;0;0;3.8
24444000;10;6;0;0;11.2;6.7;7.2;8.7;82.1;0;9.6;6;6.9;11;5.6;255.5555556;0;0;2.4
24444900;10;5;0;0;10.4;6.5;7.1;9.1;82.2;0;9.3;5.8;6.8;11;5.6;255.5555556;0;0;2.4
24445800;10;5;0;0;11;6.1;6.9;9.1;82.6;0;9.5;5.7;6.5;11.1;5.6;255.5555556;0;0;2.4
24446700;10;6;0;0;10;7.3;6.8;9.1;83.1;0;8.9;5.6;6.4;10.8;5.6;255.5555556;0;0;2.4
24447600;10;6;0;0;10.3;6.3;6.7;8.7;83.4;0;8.4;5.4;6.3;10.5;4.8;258.3333333;0;0;2.3
24448500;10;7;0;0;11.1;7.7;6.5;8.6;84;0;8.6;5.3;6.1;10.1;4.8;258.3333333;0;0;2.3
24449400;10;5;0;0;10.8;6.6;6.3;8.6;84.1;0;8.3;5.1;5.9;9.9;4.8;258.3333333;0;0;2.3
24450300;10;6;0;0;8.9;6.8;6.2;8.6;84.1;0;8.1;5;5.8;9.9;4.8;258.3333333;0;0;2.3
24451200;10;5;1;0;9.5;5.5;6.2;8.2;84.6;0;7.7;4.8;5.7;9.6;3.7;255.5555556;0;0;2.9
24452100;10;4;0;0;10.4;5.4;6.1;8;84.6;0;7.9;4.7;5.4;9.4;3.7;255.5555556;0;0;2.9
24453000;10;4;0;0;10.1;5.7;6;8;84.7;0;7.8;4.5;5.3;9.4;3.7;255.5555556;0;0;2.9
24453900;9;5;0;0;8.3;6.5;6;8;85.1;0;7.6;4.4;5.2;9.4;3.7;255.5555556;0;0;2.9
24454800;10;4;1;0;10.5;5.3;5.8;5.6;84.9;0;7.1;4.2;5;9.1;4;252.7777778;0;0;1.7
24455700;11;5;0;0;11.2;4.9;5.8;4.4;84.7;0;7.4;4.2;4.9;9;4;252.7777778;0;0;1.7
24456600;10;7;0;0;8.4;8.1;5.7;4.3;84.6;0;7.3;4.1;4.9;9;4;252.7777778;0;0;1.7
24457500;11;4;1;0;10.5;4.9;5.6;4.2;84.6;0;7.1;4;4.8;9.1;4;252.7777778;0;0;1.7
24458400;11;4;0;0;11.1;4.8;5.4;3.8;85;0;7.2;3.9;4.6;8.9;3.4;252.7777778;0;0;1.2
24459300;11;3;0;0;10.5;4.1;5.3;3.8;84.6;0;6.9;3.8;4.5;8.6;3.4;252.7777778;0;0;1.2
24460200;10;4;0;0;7.8;5.3;5.2;3.5;84.6;0;6.9;3.7;4.4;8.6;3.4;252.7777778;0;0;1.2
24461100;9;3;1;0;8.6;4.2;5.1;3.3;85.1;0;6.4;3.6;4.4;8.4;3.4;252.7777778;0;0;1.2
24462000;9;3;0;0;9.9;4;5.1;3.1;85.1;0;6.7;3.6;4.3;8.2;3.2;250;0;0;1.2
24462900;10;3;0;0;9.7;4.1;4.9;3.1;85.1;0;6.6;3.5;4.2;8.2;3.2;250;0;0;1.2
24463800;9;4;0;0;7.7;5.1;4.8;3.4;84.8;0;6.5;3.4;4.1;8.4;3.2;250;0;0;1.2
24464700;9;5;0;0;8.5;4.6;4.8;3.7;85.1;0;6.2;3.2;3.9;8.2;3.2;250;0;0;1.2
24465600;9;5;0;0;10;5;4.7;3.6;85.1;0;6.5;3;3.7;7.9;3;255.5555556;0;0;1.7
24466500;10;2;0;0;10;3.3;4.7;3.6;84.8;0;6.3;3;3.8;7.9;3;255.5555556;0;0;1.7
24467400;9;3;0;0;7.6;4.3;4.8;3.5;84.6;0;6.2;3;3.9;8;3;255.5555556;0;0;1.7
24468300;8;3;0;0;8;3.8;4.7;3.3;84.6;0;5.9;3;3.9;7.8;3;255.5555556;0;0;1.7
24469200;9;2;0;0;9.4;2.9;4.6;3.1;84.8;0;6.1;3;3.8;7.6;3;255.5555556;11.11111111;11.11111111;3.1
24470100;9;2;0;0;9.7;2.8;4.7;3.1;85.1;0;6;3.1;3.9;7.5;3;255.5555556;11.11111111;11.11111111;3.1
24471000;9;3;0;0;7.8;3.6;4.8;3.1;84.9;0;5.8;3.1;3.9;7.7;3;255.5555556;11.11111111;11.11111111;3.1
24471900;8;3;0;0;7.8;3.8;4.8;3;84.6;0;5.7;3.1;3.9;7.6;3;255.5555556;11.11111111;11.11111111;3.1
24472800;9;3;0;0;9.4;3.2;5;3.1;84.6;2.7;5.9;3.2;3.9;7.5;4.2;252.7777778;61.11111111;97.22222222;3.9
24473700;9;4;0;0;9.7;5;5.3;3.2;84.6;3.7;6.1;3.4;4.5;7.3;4.2;252.7777778;61.11111111;97.22222222;3.9
24474600;9;5;0;0;7.8;5.1;5.7;3.3;84.6;3.9;6.1;3.8;5.2;7.6;4.2;252.7777778;61.11111111;97.22222222;3.9
24475500;8;5;1;0;7.4;5.6;6.1;3.3;84.4;4;6.2;4.1;5.9;7.7;4.2;252.7777778;61.11111111;97.22222222;3.9
24476400;9;3;0;0;9.2;3.7;6.8;4.1;82.9;59;6.7;4.7;6.7;7.8;6.1;261.1111111;130.5555556;272.2222222;4.6
24477300;9;4;0;0;9.3;4.7;7.5;4.5;80.4;86.5;7;5.9;7.9;7.6;6.1;261.1111111;130.5555556;272.2222222;4.6
24478200;8;4;0;0;8.2;5.1;7.9;4.4;78.5;86.5;7.5;7.6;9;7.7;6.1;261.1111111;130.5555556;272.2222222;4.6
24479100;8;4;0;0;8;5.1;8.4;4.3;76.4;86.5;8.7;9;9.8;8.1;6.1;261.1111111;130.5555556;272.2222222;4.6
24480000;13;6;3;0;13.6;6.1;8.8;5.9;75.1;224.1;12.1;11.2;12;10.5;8.3;272.2222222;200;352.7777778;4.1
24480900;12;7;0;0;12.4;7.5;9.2;5.9;73.5;224.1;12.1;12.6;12.5;10;8.3;272.2222222;200;352.7777778;4.1
24481800;12;7;0;0;11.8;8.1;9.6;5.8;72.4;224.1;12.2;13.6;12.6;9.7;8.3;272.2222222;200;352.7777778;4.1
24482700;12;9;0;0;11.8;9.2;10.2;5.8;70.7;224.1;13.5;14.9;13.2;9.8;8.3;272.2222222;200;352.7777778;4.1
24483600;12;10;0;0;11.8;11.2;11.2;7.8;69.3;325.4;15.3;16;14.3;10;9.8;-2775;208.3333333;408.3333333;3.6
24484500;12;10;0;0;11.8;11.6;11.5;7.9;67;332.6;16.5;17.1;15.2;10.2;9.8;-2775;208.3333333;408.3333333;3.6
24485400;12;10;0;0;12;11.6;11.7;8;66.6;325.6;17.4;17.8;15.8;10.5;9.8;-2775;208.3333333;408.3333333;3.6
24486300;12;11;11;26;12.3;12.4;12;8.2;66.4;317.7;19;19.2;17.7;13.2;9.8;-2775;208.3333333;408.3333333;3.6
24487200;13;16;33;90;14.6;16.8;12.4;9.6;65;353.6;18.6;19.2;19.1;17.5;11.6;280.5555556;205.5555556;494.4444444;2.9
24488100;14;16;33;89;14.5;16.9;12.8;9.9;63.8;362.6;19.1;19.3;19.4;18.1;11.6;280.5555556;205.5555556;494.4444444;2.9
24489000;14;16;33;87;14.8;16.9;13.2;10;62.3;359.1;19.1;19.2;19.3;18.1;11.6;280.5555556;205.5555556;494.4444444;2.9
24489900;14;16;33;91;15;17.2;13.7;10.2;60.9;355.2;19.5;19.7;19.7;18.7;11.6;280.5555556;205.5555556;494.4444444;2.9
24490800;14;17;33;89;15.3;17.4;14.1;11.4;60.1;410.7;19.6;19.6;19.7;18.7;12.5;286.1111111;211.1111111;463.8888889;2.9
24491700;14;17;33;89;15.3;17.6;14.7;11.7;59.4;424.6;19.9;19.9;19.9;19;12.5;286.1111111;211.1111111;463.8888889;2.9
24492600;13;17;39;135;14.5;17.7;14.7;11.5;57.4;424.6;19.5;19.5;19.6;18.7;12.5;286.1111111;211.1111111;463.8888889;2.9
24493500;13;16;40;130;14.4;17.1;14.8;11.3;56.1;424.6;18.9;19;19;18.1;12.5;286.1111111;211.1111111;463.8888889;2.9
24494400;15;16;31;71;15.8;17.2;14.9;12.3;55.2;421.7;19.7;19.6;19.8;18.7;13;297.2222222;216.6666667;422.2222222;2.6
24495300;12;16;37;171;13.2;16.9;15.1;12.5;55.4;421;18.7;18.7;18.8;18.1;13;297.2222222;216.6666667;422.2222222;2.6
24496200;14;16;33;75;14.9;16.4;15.4;12.6;56.1;421;18.5;18.7;18.8;17.5;13;297.2222222;216.6666667;422.2222222;2.6
24497100;13;15;33;80;14;16.1;15.4;12.7;56.2;421;17.8;17.9;18;17;13;297.2222222;216.6666667;422.2222222;2.6
24498000;14;15;37;58;15;16.2;16.1;12.9;55;339.6;18.6;18.7;18.8;17.6;12.8;338.8888889;169.4444444;197.2222222;2.1
24498900;15;16;24;41;15.9;17.3;16.4;12.9;53.7;319.3;19.1;19.3;19.5;18.2;12.8;338.8888889;169.4444444;197.2222222;2.1
24499800;15;17;0;0;16;17.5;16.5;12.8;55.7;319.3;19.2;19.7;19.8;18.1;12.8;338.8888889;169.4444444;197.2222222;2.1
24500700;14;16;30;94;15.3;17.2;16.2;12.7;56.3;319.3;19;19;19.2;18.3;12.8;338.8888889;169.4444444;197.2222222;2.1
24501600;15;15;0;0;15.7;15.9;15.6;12.7;59.4;275;17.6;17.8;18;16.9;11.4;355.5555556;66.66666667;66.66666667;1.3
24502500;15;15;0;0;15.7;15.9;14.9;12.7;62.3;263.9;17.4;17.7;17.6;17;11.4;355.5555556;66.66666667;66.66666667;1.3
24503400;15;15;6;5;15.6;15.9;14.8;12.8;62.6;263.9;17.2;17.7;17.3;16.9;11.4;355.5555556;66.66666667;66.66666667;1.3
24504300;10;13;22;107;11;14.4;14.4;13;64.2;263.9;15.5;15.4;15.5;15.2;11.4;355.5555556;66.66666667;66.66666667;1.3
24505200;10;14;0;0;11.1;14.9;14;12.5;65.3;169.1;14.9;14.9;15;14.9;10.8;355.5555556;11.11111111;11.11111111;0.8
24506100;9;14;0;0;10.4;14.9;14;12.4;65.4;145.4;15.2;15.1;15.2;15.2;10.8;355.5555556;11.11111111;11.11111111;0.8
24507000;10;14;0;0;10.4;15.1;13.7;12.3;67.2;145.4;15.3;15.9;15.1;15.5;10.8;355.5555556;11.11111111;11.11111111;0.8
24507900;12;15;1;2;12.5;15.4;13.7;12.2;67.7;145.4;15;15.5;14.8;15.4;10.8;355.5555556;11.11111111;11.11111111;0.8
24508800;11;14;0;0;12.2;15.9;13.6;11.9;68;69;15.6;16.3;15.1;15.9;10.5;355.5555556;0;0;1.3
24509700;11;13;0;0;12.1;15.4;13.5;11.9;68.5;57.2;15.6;16;14.6;16.1;10.5;355.5555556;0;0;1.3
24510600;11;13;0;0;12.4;14.9;13.4;11.6;70;57.2;15.4;15.6;14.3;16.4;10.5;355.5555556;0;0;1.3
24511500;12;14;1;1;12.7;15.2;13.4;11.1;70.5;57.2;14.6;14.4;14;16.4;10.5;355.5555556;0;0;1.3
24512400;12;13;0;0;13.1;14.7;13.4;10.8;70.8;21.6;15.9;13.9;13.8;16.9;10.3;350;0;0;2.2
24513300;12;12;0;0;13.1;13.6;13.4;10.7;71.6;8.7;16.9;13.5;13.6;16.9;10.3;350;0;0;2.2
24514200;12;12;0;0;13.1;13.4;13.3;10.6;72;8.7;17.6;13.3;13.4;17;10.3;350;0;0;2.2
24515100;12;12;1;0;12.7;13;13.3;10.5;72.3;8.7;17.3;13.1;13.3;17.2;10.3;350;0;0;2.2
24516000;12;12;0;0;12.9;12.7;13.3;10.1;72.5;2.3;17;13;13.2;17.3;10.1;333.3333333;0;0;2.2
24516900;12;13;0;0;13.1;13.7;13.2;9.9;72.5;0;16.1;12.9;13;17;10.1;333.3333333;0;0;2.2
24517800;12;13;0;0;13.1;14.4;13.1;9.9;73;0;15.3;12.7;12.9;16.3;10.1;333.3333333;0;0;2.2
24518700;12;12;1;0;13.1;13.1;13;9.8;73.4;0;14.8;12.6;12.8;15.6;10.1;333.3333333;0;0;2.2
24519600;12;11;0;0;13.1;11.9;12.9;9.6;74.1;0;14.7;12.4;12.7;15.4;9.3;291.6666667;0;0;1.4
24520500;12;11;0;0;13.1;11.9;12.6;9.5;74.7;0;14.8;12.2;12.5;15.2;9.3;291.6666667;0;0;1.4
24521400;12;11;0;0;13.1;11.9;12.1;9.7;76.1;0;14.8;12;12.3;15.2;9.3;291.6666667;0;0;1.4
24522300;12;10;1;0;13.1;11.9;11.7;10;77.1;0;14.6;11.5;11.9;15.2;9.3;291.6666667;0;0;1.4
24523200;11;10;1;0;11.8;10.9;11.3;9.7;78.1;0;14.3;11.1;11.5;15.1;9.1;322.2222222;0;0;1.2
24524100;11;10;0;0;12.1;10.9;10.9;9.6;79.2;0;14.3;10.8;11.2;14.8;9.1;322.2222222;0;0;1.2
24525000;11;11;0;0;12.1;11;11.1;9.6;79.6;0;14;10.5;11;14.6;9.1;322.2222222;0;0;1.2
24525900;11;12;0;0;12.6;12.8;11.4;9.7;79.1;0;13.6;10.4;11;14.4;9.1;322.2222222;0;0;1.2
24526800;11;9;1;0;12.2;10.5;11.6;9.3;78.8;0;13.3;10.5;11.1;14.2;9.5;338.8888889;0;0;1.5
24527700;11;9;0;0;12.1;10;11.8;9.1;78.6;0;13.3;10.5;11.2;13.8;9.5;338.8888889;0;0;1.5
24528600;11;9;0;0;12.1;10;11.9;9;78.2;0;13;10.6;11.3;13.7;9.5;338.8888889;0;0;1.5
24529500;11;9;0;0;12.1;10.2;11.95;9;78.15;0;12.85;10.65;11.35;13.6;9.5;338.8888889;0;0;1.5
24530400;11;9;0;0;12.1;10.4;12;9;78.1;0;12.7;10.7;11.4;13.5;8.9;319.4444444;0;0;1.5
24531300;11;10;0;0;12.1;10.5;12;9.1;78.1;0;12.4;10.7;11.4;13.2;8.9;319.4444444;0;0;1.5
24532200;11;10;0;0;12;10.5;11.7;9.1;77.9;0;12.4;10.7;11.3;13;8.9;319.4444444;0;0;1.5
24533100;11;9;0;0;11.6;10.1;11.4;9.1;78.6;0;12.2;10.5;11.1;13.1;8.9;319.4444444;0;0;1.5
24534000;11;11;0;0;11.6;11;11.2;8.7;79.3;0;12.6;10.3;10.9;13.3;8.6;311.1111111;0;0;1.9
24534900;11;11;0;0;12.1;11.9;11.1;8.6;79.9;0;12.8;10.1;10.7;13.3;8.6;311.1111111;0;0;1.9
24535800;11;10;0;0;12.1;11.1;10.8;8.6;80.3;0;12.8;9.9;10.5;13.5;8.6;311.1111111;0;0;1.9
24536700;11;9;1;0;11.4;9.9;10.5;8.6;80.9;0;12.6;9.6;10.2;13.5;8.6;311.1111111;0;0;1.9
24537600;11;9;0;0;11.2;9.5;10.7;8.2;81.1;0;12.8;9.5;10;13.5;8.5;316.6666667;0;0;2.6
24538500;11;9;0;0;11.6;9.5;10.8;8;81.1;0;12.6;9.4;10;13.3;8.5;316.6666667;0;0;2.6
24539400;11;9;0;0;11.6;9.5;10.8;8;81.1;0;12.3;9.3;10;13.2;8.5;316.6666667;0;0;2.6
24540300;10;8;1;0;10.9;8.8;10.8;8;81.1;0;11.9;9.3;10;13.1;8.5;316.6666667;0;0;2.6
24541200;10;8;0;0;10.9;8.5;10.8;8.2;81.1;0;12;9.3;9.9;12.8;8.7;325;0;0;2.1
24542100;10;9;0;0;11.1;9;10.8;8.3;81.1;0;11.8;9.3;9.9;12.6;8.7;325;0;0;2.1
24543000;10;10;0;0;11.1;11;10.7;8.3;81.1;0;11.7;9.2;9.8;12.6;8.7;325;0;0;2.1
24543900;10;9;1;0;10.8;9.4;10.9;8.4;81.1;0;11.5;9.3;9.9;12.6;8.7;325;0;0;2.1
24544800;10;8;0;0;10.8;8.8;11;8.4;81.1;0;11.7;9.4;10;12.4;8.3;333.3333333;0;0;1.9
24545700;10;8;0;0;11.1;8.9;11.1;8.4;80.6;0;11.6;9.5;10.1;12.3;8.3;333.3333333;0;0;1.9
24546600;10;8;0;0;11.1;9.2;11.2;8.5;80.6;0;11.6;9.5;10.2;12.4;8.3;333.3333333;0;0;1.9
24547500;10;9;0;0;11.1;9.4;11.1;8.6;80.1;0;11.7;9.5;10.2;12.5;8.3;333.3333333;0;0;1.9
24548400;10;8;1;0;10.7;8.7;11;8.5;80.4;0;11.4;9.5;10.1;12.5;8.3;333.3333333;0;0;3.2
24549300;10;8;0;0;10.8;8.8;11;8.5;80.6;0;11.8;9.5;10.1;12.3;8.3;333.3333333;0;0;3.2
24550200;10;8;0;0;11.1;8.9;11.1;8.6;80.6;0;11.7;9.5;10.1;12.3;8.3;333.3333333;0;0;3.2
24551100;10;10;0;0;11.1;10.4;11.3;8.7;80.5;0;11.7;9.6;10.1;12.5;8.3;333.3333333;0;0;3.2
24552000;10;9;1;0;10.8;9.7;11.2;8.7;80.5;0;11.6;9.7;10.2;12.5;8.3;347.2222222;0;0;4.5
24552900;10;8;0;0;10.8;9;11.4;8.7;80.6;0;11.9;9.7;10.3;12.5;8.3;347.2222222;0;0;4.5
24553800;10;8;0;0;11.1;9.4;11.6;8.5;80.3;0;11.9;9.8;10.4;12.4;8.3;347.2222222;0;0;4.5
24554700;10;8;0;0;11.1;9.4;11.3;8.4;83.6;0;11.8;9.9;10.4;12.6;8.3;347.2222222;0;0;4.5
24555600;10;8;1;0;10.8;9.1;11.2;8.2;85.8;0;11.7;10;10.5;12.6;8.2;347.2222222;2.777777778;2.777777778;4.9
24556500;10;8;0;0;10.6;8.9;11;8.1;86.4;0;12;10;10.4;12.7;8.2;347.2222222;2.777777778;2.777777778;4.9
24557400;10;8;0;0;11.1;9;10.9;8.1;88.9;0;12;10.1;10.5;12.6;8.2;347.2222222;2.777777778;2.777777778;4.9
24558300;10;9;0;0;11.1;9.4;10.6;8.1;90.3;0;11.9;10.1;10.5;12.6;8.2;347.2222222;2.777777778;2.777777778;4.9
24559200;10;10;2;0;10.8;9.5;10.6;8.1;90.6;0.2;11.7;10.1;10.5;12.6;8.3;344.4444444;22.22222222;22.22222222;4.7
24560100;10;11;0;0;10.6;11.7;10.7;8.1;90.3;0.3;12.1;10.1;10.5;12.7;8.3;344.4444444;22.22222222;22.22222222;4.7
24561000;10;11;0;0;11.1;11.7;11;8.1;89.5;0.3;12.2;10.2;10.6;12.7;8.3;344.4444444;22.22222222;22.22222222;4.7
24561900;10;10;0;0;11.1;11.3;11.1;8.3;88.9;0.3;12.2;10.3;10.7;12.7;8.3;344.4444444;22.22222222;22.22222222;4.7
24562800;10;8;0;0;10.7;9.7;11.2;8.4;88.8;12;12.1;10.4;10.8;12.8;8.6;341.6666667;52.77777778;52.77777778;4.4
24563700;10;9;0;0;10.7;9.4;11.4;8.5;89.1;17.9;12.5;10.5;10.9;12.9;8.6;341.6666667;52.77777778;52.77777778;4.4
24564600;10;9;0;0;11.1;9.4;11.3;8.5;88.4;17.9;12.5;10.7;11.1;12.8;8.6;341.6666667;52.77777778;52.77777778;4.4
24565500;10;9;0;0;11.1;9.4;11.5;8.5;88.3;17.9;12.5;10.8;11.3;13;8.6;341.6666667;52.77777778;52.77777778;4.4
24566400;10;9;1;0;10.7;9.5;11.6;8.8;88.2;52.7;12.5;11.1;11.5;13;9.3;341.6666667;111.1111111;111.1111111;3.3
24567300;10;9;0;0;10.7;9.6;12.1;8.9;88.3;70.1;12.9;11.4;11.7;13.1;9.3;341.6666667;111.1111111;111.1111111;3.3
24568200;10;9;0;0;11.1;9.9;12.6;8.9;87.8;70.1;13;11.8;12.1;13.1;9.3;341.6666667;111.1111111;111.1111111;3.3
24569100;10;10;0;0;11.1;10.5;12.7;8.8;85.5;70.1;13.1;12.3;12.7;13.1;9.3;341.6666667;111.1111111;111.1111111;3.3
24570000;10;10;1;0;11.1;11;12.8;9.1;85.2;101.4;13.3;12.8;13.1;13.2;10;341.6666667;175;177.7777778;2.9
24570900;10;10;0;0;11.2;11.6;13.4;9.3;85.2;117.1;13.6;13.2;13.5;13.4;10;341.6666667;175;177.7777778;2.9
24571800;10;10;0;0;11.6;11.3;13.3;9.2;82.8;117.2;13.8;13.6;14;13.5;10;341.6666667;175;177.7777778;2.9
24572700;11;10;0;0;11.6;10.9;13.2;9.2;83.4;117.3;14.1;13.9;14.3;13.6;10;341.6666667;175;177.7777778;2.9
24573600;10;11;1;0;11.2;11.1;12.9;9.6;85.1;140;14.1;13.9;14.2;13.6;10.6;347.2222222;177.7777778;180.5555556;3.7
24574500;10;10;0;0;11.2;11.4;13.2;9.8;84.6;155.2;14.3;13.9;14.2;13.9;10.6;347.2222222;177.7777778;180.5555556;3.7
24575400;11;10;0;0;11.9;11.4;14.2;10;84.2;163.4;14.8;14.3;14.8;14.1;10.6;347.2222222;177.7777778;180.5555556;3.7
24576300;11;10;0;0;12.1;11.4;14.8;10.1;81.9;168.9;15.9;15;15.6;14.2;10.6;347.2222222;177.7777778;180.5555556;3.7
24577200;10;12;1;0;11.1;12.4;14.4;10.6;81.5;193.1;16.2;15.8;16.3;14.5;11.1;338.8888889;238.8888889;250;3.7
24578100;10;13;0;0;11.4;14.4;14.2;10.6;76.9;193.1;16;15.6;16.2;14.5;11.1;338.8888889;238.8888889;250;3.7
24579000;11;12;0;0;11.6;13.6;14.7;10.5;72.4;193.1;16.2;15.7;16.3;14.7;11.1;338.8888889;238.8888889;250;3.7
24579900;11;11;3;5;12.1;13;15.1;10.5;69.3;193.1;17.3;16.4;17;15;11.1;338.8888889;238.8888889;250;3.7
24580800;9;13;26;126;10.2;14.1;14.6;10.9;68.7;159.4;15.9;15.9;16;15.3;11.1;341.6666667;208.3333333;230.5555556;4.2
24581700;9;13;0;0;10;13.5;14.6;10.9;67.1;157;15.4;15.5;15.5;14.8;11.1;341.6666667;208.3333333;230.5555556;4.2
24582600;9;13;0;0;10.1;13.5;14.8;10.9;65.6;157;15.6;15.6;15.7;15;11.1;341.6666667;208.3333333;230.5555556;4.2
24583500;9;12;1;3;10.4;13.6;14.8;10.9;66.6;157;15.9;15.8;15.9;15.2;11.1;341.6666667;208.3333333;230.5555556;4.2
24584400;10;13;18;90;11;14.2;15.1;10.9;64.8;151.5;16.7;16.4;16.7;15.3;11.2;350;147.2222222;150;4.2
24585300;9;12;11;47;9.6;13.1;15.1;10.9;63.5;150.6;14.8;14.9;15.1;14;11.2;350;147.2222222;150;4.2
24586200;10;13;0;0;9.7;13.4;15.1;11;63.3;150.6;15;15.5;15.4;14.1;11.2;350;147.2222222;150;4.2
24587100;10;14;0;2;10.6;13.9;14.9;11.1;62.4;150.6;15.4;16.2;15.9;14.3;11.2;350;147.2222222;150;4.2
24588000;11;13;0;0;11.9;14;14.5;11.2;62.3;113.5;15.6;16.2;15.9;14.4;10.8;350;66.66666667;66.66666667;3.7
24588900;10;12;0;0;10.9;13.2;14.6;11.2;62.3;104.2;15.6;15.9;15.7;14.6;10.8;350;66.66666667;66.66666667;3.7
24589800;10;10;0;0;10.9;12;14.2;11.3;63.3;104.2;15.8;15.8;15.8;14.8;10.8;350;66.66666667;66.66666667;3.7
24590700;10;10;0;0;11.1;12;13.9;11.4;65.3;104.2;15.8;15.6;15.6;14.9;10.8;350;66.66666667;66.66666667;3.7
24591600;10;11;0;0;11.4;12;13.9;11.1;65.9;90.1;16;15.5;15.5;15.1;10.8;352.7777778;16.66666667;16.66666667;3.7
24592500;10;11;0;0;11.4;12.2;13.8;11;66.7;83.1;16.1;15.4;15.6;15.2;10.8;352.7777778;16.66666667;16.66666667;3.7
24593400;11;14;1;0;11.7;14.6;13.6;11;66.6;83.1;15.3;15.2;15.3;14.4;10.8;352.7777778;16.66666667;16.66666667;3.7
24594300;11;13;0;0;12;14.2;13.4;10.9;67.3;83.1;16.1;15.7;15.9;15.2;10.8;352.7777778;16.66666667;16.66666667;3.7
24595200;11;13;1;3;12.4;14.4;13.3;10.6;68.1;47.6;16.3;16;16.1;15.5;10;352.7777778;0;0;3
24596100;9;11;24;66;9.8;11.7;13.1;10.5;70.8;29.9;12.9;12.7;12.9;12.4;10;352.7777778;0;0;3
24597000;10;12;0;0;10.5;11.9;13;10.5;72.5;29.9;12.3;12.1;12.4;12.2;10;352.7777778;0;0;3
24597900;10;12;0;0;11.2;13;12.9;10.4;74.6;29.9;12.7;11.9;12.5;12.5;10;352.7777778;0;0;3
24598800;10;10;0;0;10.9;11.7;12.7;9.9;77.6;11.2;13;11.7;12.5;12.8;9.3;350;0;0;3.4
24599700;10;9;1;0;10.9;11.1;12.1;9.6;83.9;1.9;13.1;11.4;12.5;13;9.3;350;0;0;3.4
24600600;10;10;0;0;10.5;11;11.9;9.9;84.8;1.9;12.6;11.2;11.7;13;9.3;350;0;0;3.4
24601500;10;10;0;0;11.3;11;11.9;10.1;84.1;1.9;13.6;11.1;11.5;13.9;9.3;350;0;0;3.4
24602400;10;11;0;0;11.4;11;11.9;9.8;83.3;0.6;14;11;11.4;14.6;9.2;350;0;0;2.7
24603300;10;11;0;0;11.4;11.3;11.8;9.6;82.7;0;14.4;11;11.3;15;9.2;350;0;0;2.7
24604200;11;11;0;0;11.4;11.6;12;9.6;83.2;0;13.9;11;11.3;15;9.2;350;0;0;2.7
24605100;11;12;0;0;11.4;12.9;11.9;9.6;82.8;0;13.6;10.9;11.2;14.4;9.2;350;0;0;2.7
24606000;10;10;0;0;11.4;12;11.8;9.2;83.6;0;13.7;10.9;11.2;14.1;9.2;352.7777778;0;0;2.9
24606900;10;9;0;0;11.4;10.7;11.9;9;82.4;0;13.6;10.9;11.2;14.1;9.2;352.7777778;0;0;2.9
24607800;11;9;0;0;11.4;10.5;12;8.9;81.2;0;13.4;10.9;11.2;14;9.2;352.7777778;0;0;2.9
24608700;11;9;0;0;11.4;10.5;12;8.8;81.9;0;13.3;10.9;11.3;13.8;9.2;352.7777778;0;0;2.9
24609600;10;9;0;0;10.5;10;11.4;8.2;85.6;0;12.9;10.9;11.3;13.8;8.5;338.8888889;0;0;3.2
24610500;10;9;0;0;10.8;10;11.1;8.2;86.8;0;13.3;10.9;11.2;13.8;8.5;338.8888889;0;0;3.2
24611400;10;9;0;0;11;10;11;8.4;86.7;0;13.2;10.8;11.1;13.7;8.5;338.8888889;0;0;3.2
24612300;10;9;0;0;11.4;10;11;8.7;87.5;0;13.1;10.6;10.9;13.7;8.5;338.8888889;0;0;3.2
24613200;10;10;1;0;10.7;10.1;10.7;8.2;88.5;0;12.6;10.4;10.7;13.6;7.8;286.1111111;0;0;2.8
24614100;10;11;0;0;10.7;11.4;10.7;8.1;87.7;0;13;10.3;10.6;13.5;7.8;286.1111111;0;0;2.8
24615000;10;9;0;0;10.9;10.6;10.2;8.3;87.6;0;12.9;10.1;10.4;13.4;7.8;286.1111111;0;0;2.8
24615900;10;9;0;0;11.15;10.3;9.95;8.65;87.6;0;12.7;9.8;10.1;13.35;7.8;286.1111111;0;0;2.8
24616800;10;9;0;0;11.4;10;9.7;9;87.6;0;12.5;9.5;9.8;13.3;7.2;266.6666667;0;0;2.7
24617700;10;9;1;0;11.4;10;9.4;9.1;87.6;0;12.2;9.1;9.6;13.1;7.2;266.6666667;0;0;2.7
24618600;10;8;0;0;10.3;8.6;9.1;9.1;87.6;0;11.9;8.7;9.2;12.9;7.2;266.6666667;0;0;2.7
24619500;10;8;0;0;10.5;8.5;8.9;9.1;88.1;0;12.2;8.5;9;12.8;7.2;266.6666667;0;0;2.7
24620400;10;8;0;0;10.8;8.5;8.9;8.7;88.1;0;12;8.3;8.8;12.8;6.9;294.4444444;0;0;2.3
24621300;10;8;0;0;10.8;8.7;9.2;8.6;88.1;0;11.5;8.3;8.8;12.6;6.9;294.4444444;0;0;2.3
24622200;9;8;1;0;10;8.5;9.2;8.6;88.1;0;11;8.3;8.9;12.3;6.9;294.4444444;0;0;2.3
24623100;9;8;0;0;9.8;8.8;9.4;8.6;87.2;0;11.2;8.5;9;11.9;6.9;294.4444444;0;0;2.3
24624000;9;7;0;0;10.3;8.6;9.2;8.2;86.6;0;11;8.6;9.1;11.8;6.4;302.7777778;0;0;2.2
24624900;9;7;0;0;10.3;8.3;8.8;8;86.6;0;10.9;8.4;8.9;11.8;6.4;302.7777778;0;0;2.2
24625800;9;7;1;0;9.7;8;8.8;8;87.1;0;10.4;8.1;8.6;11.7;6.4;302.7777778;0;0;2.2
24626700;9;7;0;0;9.6;7.9;8.8;8;87.1;0;10.8;8.1;8.6;11.6;6.4;302.7777778;0;0;2.2
24627600;9;8;0;0;9.8;8.4;9.2;7.1;86.1;0;10.9;8.2;8.6;11.5;6.4;333.3333333;0;0;2.9
24628500;10;7;2;0;10.4;8;9.4;6.7;84.7;0;10.6;8.4;8.8;11.5;6.4;333.3333333;0;0;2.9
24629400;10;6;0;0;10.8;7.3;9.6;6.6;83.6;0;10.9;8.5;8.9;11.7;6.4;333.3333333;0;0;2.9
24630300;10;9;0;0;10.8;8.4;9.6;6.5;83;0;10.9;8.6;8.9;11.6;6.4;333.3333333;0;0;2.9
24631200;10;9;0;0;10.8;9.3;9.5;6.5;82.5;0;10.8;8.6;9;11.6;6.2;313.8888889;0;0;2.3
24632100;10;8;1;0;10.2;9;9.5;6.5;82.2;0;10.6;8.5;9;11.4;6.2;313.8888889;0;0;2.3
24633000;9;7;0;0;9.5;7.8;9.7;6.4;82.1;0;10.5;8.5;9;11.5;6.2;313.8888889;0;0;2.3
24633900;9;7;0;0;9.7;7.8;9.7;6.3;81.6;0;10.8;8.5;9;11.3;6.2;313.8888889;0;0;2.3
24634800;9;7;0;0;9.7;7.8;9.5;6;81.7;0;10.8;8.5;9;11.4;5.9;308.3333333;0;0;2.7
24635700;9;7;0;0;9.7;7.8;9;6;82.8;0;10.8;8.4;8.8;11.6;5.9;308.3333333;0;0;2.7
24636600;9;7;1;0;9.3;7.4;8.9;6;83.1;0;10.6;8.2;8.7;11.7;5.9;308.3333333;0;0;2.7
24637500;9;7;0;0;9.7;7.3;8.8;6.1;83.6;0;11;8.1;8.5;11.6;5.9;308.3333333;0;0;2.7
24638400;9;8;0;0;9.7;7.9;8.8;5.9;83.8;0;10.9;7.9;8.3;11.5;5.9;327.7777778;0;0;3
24639300;9;9;0;0;9.7;9.3;9;5.9;83.5;0;10.7;7.7;8.2;11.6;5.9;327.7777778;0;0;3
24640200;9;7;1;0;9.4;8.2;9.2;5.9;82.6;0;10.5;7.7;8.2;11.5;5.9;327.7777778;0;0;3
24641100;9;6;0;0;9.2;7.2;9.2;5.9;82;0;10.7;7.8;8.3;11.4;5.9;327.7777778;0;0;3
24642000;9;6;0;0;9.7;7.2;9;5.7;82.1;0;10.6;7.9;8.4;11.3;5.7;325;5.555555556;5.555555556;3.8
24642900;9;7;0;0;9.7;7.2;8.8;5.6;82.5;0;10.5;7.9;8.4;11.3;5.7;325;5.555555556;5.555555556;3.8
24643800;9;7;0;0;9.6;7.5;8.8;5.6;82.6;0;10.4;7.9;8.4;11.3;5.7;325;5.555555556;5.555555556;3.8
24644700;8;6;0;0;9.2;6.7;9;5.5;82.2;0;10.4;8;8.5;11.3;5.7;325;5.555555556;5.555555556;3.8
24645600;8;6;0;0;9.2;7.2;9.3;5.5;81.5;1.3;10.5;8;8.5;11;6.2;316.6666667;69.44444444;69.44444444;3.6
24646500;9;6;0;0;9.7;7.2;9.6;5.5;80.6;2.2;10.3;8.2;8.6;11;6.2;316.6666667;69.44444444;69.44444444;3.6
24647400;9;9;0;0;9.7;8.9;10.1;5.7;79.7;2;10.3;8.4;8.9;11.1;6.2;316.6666667;69.44444444;69.44444444;3.6
24648300;9;8;2;0;9.3;7.9;10.1;5.9;78.6;1.8;10.3;8.9;9.4;11.2;6.2;316.6666667;69.44444444;69.44444444;3.6
24649200;8;7;0;0;9.2;8.2;10.2;6.1;78.4;29.8;10.7;9.2;9.7;11.2;6.8;316.6666667;141.6666667;166.6666667;3.9
24650100;9;7;0;0;9.5;8.2;10.2;6.2;78;48.4;10.9;9.6;10.2;11.1;6.8;316.6666667;141.6666667;166.6666667;3.9
24651000;9;7;0;0;9.7;8.2;10.1;6.1;78;48.4;10.9;9.9;10.5;11.3;6.8;316.6666667;141.6666667;166.6666667;3.9
24651900;9;7;1;0;9.5;8.2;10.9;6;77;48.4;11.9;11;11.9;11.5;6.8;316.6666667;141.6666667;166.6666667;3.9
24652800;8;9;0;0;9.4;9.2;11.2;6.7;74.7;129.6;12.4;12.1;12.6;11.7;8;330.5555556;230.5555556;288.8888889;4.1
24653700;9;9;0;0;9.8;9.7;11.1;6.7;75.7;129.6;12.4;12.3;12.8;11.8;8;330.5555556;230.5555556;288.8888889;4.1
24654600;9;8;0;0;10.2;9.7;12.3;6.8;71.9;129.6;13.5;13.2;13.6;12;8;330.5555556;230.5555556;288.8888889;4.1
24655500;9;9;1;0;10.2;9.6;12;6.9;71.3;129.6;15.2;14.1;14.2;12.2;8;330.5555556;230.5555556;288.8888889;4.1
24656400;9;11;0;0;9.7;11.8;12.3;7.7;70.3;223.2;15.4;14.8;15.4;12.5;8.6;333.3333333;244.4444444;269.4444444;3.2
24657300;9;10;0;0;10;11.7;12.1;7.8;70.2;229.9;14.7;14.5;15.2;12.6;8.6;333.3333333;244.4444444;269.4444444;3.2
24658200;9;9;0;0;10.5;10.3;12.4;7.8;69.2;228.2;14.7;14.5;15.1;12.7;8.6;333.3333333;244.4444444;269.4444444;3.2
24659100;10;8;0;0;10.7;10.2;12.8;7.7;67.6;226.3;15.6;14.9;15.5;12.9;8.6;333.3333333;244.4444444;269.4444444;3.2
24660000;8;12;40;171;9.5;13;13;8.5;67.4;283.1;15.6;15.6;15.8;14.3;9.3;327.7777778;272.2222222;305.5555556;2.2
24660900;8;11;23;107;8.7;12.4;13.2;8.6;65.1;291.8;14.2;14.3;14.4;13.3;9.3;327.7777778;272.2222222;305.5555556;2.2
24661800;8;11;0;0;9;11.9;13.5;8.8;63.6;287.8;14.4;14.6;14.6;13.2;9.3;327.7777778;272.2222222;305.5555556;2.2
24662700;8;12;0;0;9.1;12.2;13.2;9;64.8;281.8;14.6;14.6;14.7;13.4;9.3;327.7777778;272.2222222;305.5555556;2.2
24663600;8;12;0;0;9.1;12.3;13.2;9.6;64.4;315.7;14.9;14.7;14.9;13.7;10;308.3333333;222.2222222;408.3333333;1.9
24664500;11;14;27;48;12.2;14.5;13.4;9.7;62.7;324.2;17;17.1;17.3;15.9;10;308.3333333;222.2222222;408.3333333;1.9
24665400;8;12;40;159;9.8;13.5;12.9;9.6;64.8;324.2;14.9;14.9;15.1;14.3;10;308.3333333;222.2222222;408.3333333;1.9
24666300;11;11;17;2;11.3;11.3;13.1;9.3;64.6;324.2;14.1;14.2;14.4;12.6;10;308.3333333;222.2222222;408.3333333;1.9
24667200;11;11;0;0;11.3;11.3;13.6;9.7;57.2;320.6;16.2;15.6;15.8;13.3;9;316.6666667;180.5555556;350;2
24668100;9;13;43;191;10.1;13.8;13;9.8;58.4;319.3;16.1;16.3;16.1;15.5;9;316.6666667;180.5555556;350;2
24669000;8;11;8;32;9.1;12.2;13;9.9;58.8;319.3;13.8;14;14.1;13.2;9;316.6666667;180.5555556;350;2
24669900;8;10;0;0;9.2;11.9;12.5;9.9;62.3;319.3;14;14.4;14.3;13.3;9;316.6666667;180.5555556;350;2
24670800;9;12;9;24;10.2;12.4;12.6;10;63.9;272;15.3;15.8;15.7;14.1;9.6;291.6666667;125;238.8888889;1.9
24671700;9;12;41;140;10.7;13.6;12.7;10.1;63.5;248.4;15.1;15.2;15.4;14.4;9.6;291.6666667;125;238.8888889;1.9
24672600;8;12;0;0;8.5;12.5;12.5;10.2;62.3;248.4;13.8;13.9;14.1;13.2;9.6;291.6666667;125;238.8888889;1.9
24673500;8;11;0;0;8.9;12.5;13.7;10.2;59.3;248.4;14;14;14.4;13.4;9.6;291.6666667;125;238.8888889;1.9
24674400;8;10;0;0;9;12.1;13.7;10.3;58.7;232.7;14.6;14.5;15.2;13.7;9.7;286.1111111;113.8888889;255.5555556;1.2
24675300;9;12;40;188;9.8;13.9;13;10.3;58.6;232.7;16;16.2;16.2;15.1;9.7;286.1111111;113.8888889;255.5555556;1.2
24676200;8;11;2;9;8.6;11.8;12.1;9.7;61.9;232.7;13.5;13.5;13.7;12.8;9.7;286.1111111;113.8888889;255.5555556;1.2
24677100;8;10;0;0;8.8;11.8;11.6;9.1;64.6;232.7;13.6;13.4;13.6;13;9.7;286.1111111;113.8888889;255.5555556;1.2
24678000;8;10;1;2;9.2;11.8;11.7;9;66.8;178.2;13.7;13.7;13.7;13.1;9.3;288.8888889;44.44444444;88.88888889;2
24678900;9;12;0;0;10.3;12.7;11.4;9;68.3;174.3;13.8;14;13.8;13.2;9.3;288.8888889;44.44444444;88.88888889;2
24679800;9;11;0;0;10.1;12.3;11.2;9.2;68.7;174.3;14.3;14.1;14.1;13.5;9.3;288.8888889;44.44444444;88.88888889;2
24680700;9;11;0;0;10.1;12.3;11.6;9.4;68.7;174.3;14.5;14.1;14.4;13.9;9.3;288.8888889;44.44444444;88.88888889;2
24681600;9;12;0;0;10.4;12.3;11.9;9.3;67.6;74.2;14.6;13.7;13.9;14.1;8.6;297.2222222;8.333333333;8.333333333;2.4
24682500;10;11;0;0;10.7;12.3;11.8;9.3;67.7;67;14.7;13.1;13.5;14.4;8.6;297.2222222;8.333333333;8.333333333;2.4
24683400;10;11;1;2;11.1;12.3;11.2;9.4;68.6;67;14.4;12.3;12.9;14.7;8.6;297.2222222;8.333333333;8.333333333;2.4
24684300;10;11;0;0;11.2;12.2;10.8;9.5;70.7;67;14.1;11.5;12.2;15;8.6;297.2222222;8.333333333;8.333333333;2.4
24685200;11;9;0;0;11.6;10.8;10.7;9.2;71.5;13.4;15.3;11;11.6;15.3;8;322.2222222;0;0;1.7
24686100;11;8;0;0;11.6;10.3;10.3;9.2;73;5.2;15.4;10.5;11;15.3;8;322.2222222;0;0;1.7
24687000;11;8;1;0;11.1;10.2;10.4;9.1;73.3;5.2;14.9;10.1;10.6;15.1;8;322.2222222;0;0;1.7
24687900;9;9;0;0;9.9;9.8;10.7;8.9;72.6;5.2;14.6;10;10.4;15.1;8;322.2222222;0;0;1.7
24688800;10;9;0;0;11;9.8;11;8.5;70.9;1;14.2;9.9;10.3;14.7;7.4;300;0;0;1.8
24689700;10;10;0;0;11;10.3;11;8.4;71.1;0;13.6;9.8;10.3;14.3;7.4;300;0;0;1.8
24690600;10;10;1;0;10.9;10.7;10.6;8.3;72.4;0;12.6;9.7;10.1;13.8;7.4;300;0;0;1.8
24691500;9;8;0;0;9.2;8.9;10.1;8;74.2;0;12.4;9.3;9.9;13.5;7.4;300;0;0;1.8
24692400;9;8;0;0;9.6;8.8;9.7;7.7;75.2;0;12.4;9;9.6;12.9;7.1;283.3333333;0;0;2.9
24693300;9;8;0;0;10;8.8;9.6;7.6;76.3;0;12.2;8.8;9.4;12.8;7.1;283.3333333;0;0;2.9
24694200;9;7;0;0;10.1;8.8;9.6;7.6;76.5;0;12;8.7;9.3;12.9;7.1;283.3333333;0;0;2.9
24695100;9;7;1;0;9.7;8.3;9.3;7.6;76.8;0;11.5;8.4;9.1;12.6;7.1;283.3333333;0;0;2.9
24696000;8;7;0;0;9;7.8;8.9;7.3;77.4;0;11.7;8.1;8.8;12.5;6.4;283.3333333;0;0;2.9
24696900;8;7;0;0;9.4;7.8;8.5;7.2;78.8;0;11.5;7.7;8.4;12.3;6.4;283.3333333;0;0;2.9
24697800;9;8;0;0;9.4;8.1;8.3;7.1;79.7;0;11.2;7.3;8.1;12.2;6.4;283.3333333;0;0;2.9
24698700;9;9;1;0;9.3;9.5;8.3;7;80.1;0;10.7;7.1;7.8;11.9;6.4;283.3333333;0;0;2.9
24699600;8;7;0;0;8.6;7.3;8.2;6.7;80.4;0;10.6;7;7.8;11.8;6.5;286.1111111;0;0;2.4
24700500;8;6;0;0;8.9;7.6;8.3;6.6;80.8;0;10.6;6.9;7.8;11.5;6.5;286.1111111;0;0;2.4
24701400;8;6;0;0;8.9;7.6;8.3;6.6;80.5;0;10.4;6.9;7.7;11.4;6.5;286.1111111;0;0;2.4
24702300;8;6;0;0;8.9;7.6;8.3;6.45;80.4;0;10;6.85;7.65;11.1;6.5;286.1111111;0;0;2.4
24703200;8;6;0;0;8.9;7.6;8.3;6.3;80.3;0;9.6;6.8;7.6;10.8;5.8;263.8888889;0;0;2.6
24704100;8;7;0;0;8.9;7.6;7.8;6.3;80.5;0;9.3;6.7;7.5;10.4;5.8;263.8888889;0;0;2.6
24705000;8;5;1;0;8.6;6.3;7.4;6.3;81.6;0;9;6.4;7.2;10.5;5.8;263.8888889;0;0;2.6
24705900;8;5;0;0;8.9;6.1;7.1;6.3;81.8;0;9.6;6.1;6.8;10.5;5.8;263.8888889;0;0;2.6
24706800;8;7;0;0;8.9;7.6;6.9;6.1;82.2;0;9.5;5.8;6.6;10.7;5.4;263.8888889;0;0;2.9
24707700;8;8;0;0;8.9;9;6.7;6.1;82.6;0;9.4;5.5;6.2;10.7;5.4;263.8888889;0;0;2.9
24708600;8;6;0;0;8.9;7.8;6.5;6.1;83;0;8.9;5.3;6.1;10.3;5.4;263.8888889;0;0;2.9
24709500;7;4;2;0;8.1;5.4;6.5;6.1;83.3;0;8.7;5.2;6;10.1;5.4;263.8888889;0;0;2.9
24710400;7;4;0;0;8;4.9;6.3;5.9;83.3;0;8.9;5.1;5.8;9.9;5.1;263.8888889;0;0;3
24711300;7;4;0;0;8.4;5.3;6.2;5.9;83.3;0;8.7;4.9;5.7;9.9;5.1;263.8888889;0;0;3
24712200;7;4;0;0;8.4;5.4;6.1;5.9;83.3;0;8.4;4.7;5.5;9.9;5.1;263.8888889;0;0;3
24713100;7;5;0;0;7.9;5.5;6;5.9;83.3;0;7.9;4.5;5.4;9.4;5.1;263.8888889;0;0;3
24714000;7;3;1;0;7.4;4.5;5.9;5.8;83.3;0;7.6;4.4;5.3;9.2;4.7;272.2222222;0;0;3.3
24714900;7;4;0;0;7.5;4.6;5.8;5.7;83.5;0;7.9;4.3;5.1;9;4.7;272.2222222;0;0;3.3
24715800;7;6;0;0;7.9;7.2;6;5.6;84.2;0;7.8;4.3;5.1;9.2;4.7;272.2222222;0;0;3.3
24716700;7;6;0;0;7.9;7.1;6.1;5.4;84;0;7.7;4.3;5.1;9.2;4.7;272.2222222;0;0;3.3
24717600;7;5;0;0;7.7;6.2;6;5.5;83.8;0;7.3;4.2;5;8.7;4.2;266.6666667;0;0;2.4
24718500;6;3;1;0;7.2;4.4;5.8;5.5;83.8;0;6.9;4.1;4.9;8.5;4.2;266.6666667;0;0;2.4
24719400;6;3;0;0;7.4;3.8;5.7;5.4;83.8;0;7.3;4;4.8;8.5;4.2;266.6666667;0;0;2.4
24720300;7;3;0;0;7.4;3.8;5.5;5.2;83.8;0;7.3;3.9;4.6;8.6;4.2;266.6666667;0;0;2.4
24721200;7;3;0;0;7.4;4;5.6;5.3;84;0;7.2;3.8;4.5;8.7;3.8;272.2222222;0;0;2
24722100;7;4;0;0;7.3;4.4;5.7;5.3;84.3;0;7;3.8;4.5;8.4;3.8;272.2222222;0;0;2
24723000;6;3;1;0;6.9;4.1;5.7;5.1;84.3;0;6.6;3.8;4.5;8.1;3.8;272.2222222;0;0;2
24723900;6;6;0;0;6.9;5.4;5.7;4.8;84.3;0;6.9;3.8;4.5;8.1;3.8;272.2222222;0;0;2
24724800;6;6;0;0;6.9;6.8;5.7;4.9;84.2;0;6.9;3.9;4.7;8.1;4;302.7777778;0;0;2.4
24725700;6;4;0;0;6.9;6;5.8;5;83.8;0;6.9;3.9;4.6;8.3;4;302.7777778;0;0;2.4
24726600;6;4;1;0;6.6;5.4;6.1;4.7;83.8;0;6.8;3.8;4.7;8.2;4;302.7777778;0;0;2.4
24727500;6;3;0;0;6.9;3.3;6.3;4.2;83.4;0;6.8;4;4.9;8.1;4;302.7777778;0;0;2.4
24728400;6;3;0;0;7.2;3.8;6.7;4.4;83;0;7;4.1;5;8;4.3;305.5555556;5.555555556;5.555555556;2.6
24729300;6;3;0;0;7.4;3.8;6.9;4.5;82.2;0;7;4.5;5.3;8.2;4.3;305.5555556;5.555555556;5.555555556;2.6
24730200;6;3;0;0;7;4.2;7.3;4.3;80.8;0;7.1;4.9;5.7;8.4;4.3;305.5555556;5.555555556;5.555555556;2.6
24731100;6;4;0;0;6.9;4.6;7.4;3.8;80;0;7.1;5.1;5.9;8.2;4.3;305.5555556;5.555555556;5.555555556;2.6
24732000;6;4;2;0;6.8;4.6;7.6;4.2;80.5;1.3;6.9;5.3;6;8;5;308.3333333;63.88888889;69.44444444;2.4
24732900;7;5;0;0;7.3;5.6;7.7;4.3;80.5;1.8;7.2;5.6;6.2;8.2;5;308.3333333;63.88888889;69.44444444;2.4
24733800;7;6;0;0;7.4;6.8;8;4.3;79;1.9;7.6;6;6.6;8.1;5;308.3333333;63.88888889;69.44444444;2.4
24734700;7;6;0;0;7.4;7.3;8.2;4.2;78.3;2;7.7;6.4;7;8.6;5;308.3333333;63.88888889;69.44444444;2.4
24735600;7;5;0;0;7.9;6.4;8.7;4.8;76.7;29.9;7.8;6.8;7.6;8.9;5.9;313.8888889;127.7777778;152.7777778;1.3
24736500;7;5;1;0;7.6;6.1;9.1;5;74.8;40.1;8.2;7.6;8.3;9;5.9;313.8888889;127.7777778;152.7777778;1.3
24737400;7;5;0;0;7.4;5.5;9.5;5;74.3;40.1;8.9;8.3;9;9.2;5.9;313.8888889;127.7777778;152.7777778;1.3
24738300;7;5;0;0;7.4;6.1;10;4.9;71.9;40.1;9.1;9;9.8;9.3;5.9;313.8888889;127.7777778;152.7777778;1.3
24739200;7;6;0;0;7.8;6.3;10;5.7;71.3;103.7;9.6;9.9;10.5;9.4;8.3;311.1111111;225;305.5555556;1
24740100;7;6;0;0;7.9;6.7;10.3;6;71.4;126.8;10.8;11.1;11.3;9.6;8.3;311.1111111;225;305.5555556;1
24741000;7;6;1;0;8.2;6.8;11.1;6;70.4;126.8;12.7;12.7;12.8;10.1;8.3;311.1111111;225;305.5555556;1
24741900;7;10;21;104;8.1;10.6;11.8;5.9;67.3;126.8;15.5;15.2;15.8;13.3;8.3;311.1111111;225;305.5555556;1
24742800;8;11;42;164;8.8;12.5;12.6;7;64.1;174.1;14.2;14.3;14.4;13.2;10.6;305.5555556;213.8888889;391.6666667;1.3
24743700;10;11;33;56;10.7;12.1;13;7.4;62.5;191.3;14.6;14.7;14.8;13.4;10.6;305.5555556;213.8888889;391.6666667;1.3
24744600;10;12;33;80;10.6;12.7;12.8;7.3;63.1;191.3;15.1;15.2;15.3;14.1;10.6;305.5555556;213.8888889;391.6666667;1.3
24745500;10;13;33;85;11.3;13.6;13;7.2;63.1;191.3;16.2;16.2;16.2;15;10.6;305.5555556;213.8888889;391.6666667;1.3
24746400;12;14;33;89;12.6;14.8;13.4;8.4;62.1;314.3;17.4;17.5;17.5;16.3;12.4;305.5555556;186.1111111;505.5555556;1.2
24747300;13;15;33;92;13.8;16.1;13.8;8.8;59.8;359;18.7;18.8;18.8;17.6;12.4;305.5555556;186.1111111;505.5555556;1.2
24748200;14;16;33;93;14.5;16.9;14.2;9.1;55.4;352.6;19.4;19.4;19.5;18.3;12.4;305.5555556;186.1111111;505.5555556;1.2
24749100;14;17;33;95;15.2;17.6;14.8;9.7;53.7;339.9;20.1;20;20.1;19;12.4;305.5555556;186.1111111;505.5555556;1.2
24750000;14;17;33;94;15.4;17.7;15.3;10.6;52.2;358;20.1;20.1;20.2;19.1;12.7;347.2222222;327.7777778;413.8888889;1
24750900;15;17;33;94;15.8;18.1;15.3;10.9;53.2;364.6;20.2;20.2;20.4;19.4;12.7;347.2222222;327.7777778;413.8888889;1
24751800;15;17;30;62;16.3;18.2;15.8;11.2;53.2;339.4;20.2;20.2;20.3;19.4;12.7;347.2222222;327.7777778;413.8888889;1
24752700;13;17;32;185;13.9;18;16.6;11.7;51.4;288.9;19.8;19.8;20;19.2;12.7;347.2222222;327.7777778;413.8888889;1
24753600;12;16;33;166;13.2;17.2;17;12.3;49.3;313.7;19;19;18.9;18.2;13;350;294.4444444;308.3333333;0.8
24754500;12;15;35;101;13.6;16.3;17.3;12.5;50.4;322.7;18.1;18.1;18.2;17.2;13;350;294.4444444;308.3333333;0.8
24755400;10;15;34;198;10.9;15.8;17.6;12.8;49.6;322.7;17.5;17.5;17.6;16.7;13;350;294.4444444;308.3333333;0.8
24756300;10;13;38;164;10.9;14.4;17.4;13.3;49.3;322.7;16.2;16.2;16.2;15.2;13;350;294.4444444;308.3333333;0.8
24757200;11;13;43;95;11.9;13.7;17.3;13.5;50.6;323.6;15.8;15.8;15.9;14.8;13.5;322.2222222;194.4444444;341.6666667;1.5
24758100;11;13;37;85;11.9;13.7;16.9;13.6;51;324;15.9;15.9;16;15;13.5;322.2222222;194.4444444;341.6666667;1.5
24759000;8;12;43;201;9.5;13.4;16.6;13.5;51.4;324;15.3;15.2;15.4;14.6;13.5;322.2222222;194.4444444;341.6666667;1.5
24759900;9;12;33;102;10.3;12.7;16.3;13.2;52.6;324;14.8;14.8;14.9;13.8;13.5;322.2222222;194.4444444;341.6666667;1.5
24760800;10;13;35;104;11.1;13.4;16.4;13.5;53.8;273.1;16;15.9;16.1;14.8;14.1;294.4444444;63.88888889;269.4444444;2.6
24761700;10;13;39;133;11.3;14.2;16.5;13.7;52.7;247.7;16.3;16.3;16.6;15.3;14.1;294.4444444;63.88888889;269.4444444;2.6
24762600;8;13;43;205;9.8;13.8;16.4;13.7;52.8;247.7;15.6;15.6;15.7;14.7;14.1;294.4444444;63.88888889;269.4444444;2.6
24763500;10;12;38;81;11.2;13;16.3;13.6;53.3;247.7;15;14.9;15.1;13.8;14.1;294.4444444;63.88888889;269.4444444;2.6
24764400;10;12;43;74;11.5;12.7;16;13.5;54;189.3;15;14.9;15.2;14;13.5;291.6666667;33.33333333;105.5555556;3.2
24765300;10;12;38;89;10.9;12.7;15.9;13.5;54.6;168.1;14.9;14.7;15.1;14;13.5;291.6666667;33.33333333;105.5555556;3.2
24766200;7;11;40;157;8.2;11.6;15.5;13.5;59.8;168.1;13.3;12.7;13.3;12.5;13.5;291.6666667;33.33333333;105.5555556;3.2
24767100;9;9;17;3;10.1;10.3;15.1;13.5;60.8;168.1;12.6;12.2;12.9;11.3;13.5;291.6666667;33.33333333;105.5555556;3.2
24768000;9;12;0;0;10.1;12.1;14.5;12.9;62.4;110.7;13;12.5;13.3;11.7;11.5;288.8888889;5.555555556;8.333333333;3.2
24768900;9;11;0;0;10.5;12.2;13.9;12.7;66;89.8;13.2;12.6;13.4;11.9;11.5;288.8888889;5.555555556;8.333333333;3.2
24769800;9;11;0;0;10.6;12.2;13.1;13.2;69.3;89.8;13.2;12.6;13.5;12.3;11.5;288.8888889;5.555555556;8.333333333;3.2
24770700;9;10;0;0;10.6;11.3;12.4;13.5;72.1;89.8;13.2;13;13.6;13.1;11.5;288.8888889;5.555555556;8.333333333;3.2
24771600;9;8;0;0;10.6;10.7;11.9;12.8;74.2;38.3;13;12.7;13.6;13.2;11.1;286.1111111;0;0;3.6
24772500;10;7;0;0;10.6;9.4;11.4;12.4;75.5;12.6;12.9;12.4;13.7;13.3;11.1;286.1111111;0;0;3.6
24773400;10;7;0;0;10.8;9.2;11.2;12.5;75.8;12.6;12.9;12.1;13.8;13.3;11.1;286.1111111;0;0;3.6
24774300;10;8;0;0;11.1;9.2;10.9;12.6;77;12.6;12.5;11.7;14.2;13.2;11.1;286.1111111;0;0;3.6
24775200;10;8;0;0;11.6;9.2;10.6;11.9;77.7;4.2;12;11;14.3;13.1;9.4;283.3333333;0;0;3
24776100;11;9;0;0;11.6;10.8;10.4;11.6;78.3;0;11.6;10.2;14.3;12.9;9.4;283.3333333;0;0;3
24777000;11;10;0;0;12.1;11.7;10.2;10.9;79.2;0;11.2;9.8;14;12.7;9.4;283.3333333;0;0;3
24777900;10;10;2;2;11.1;11.8;10;10.6;80.5;0;10.6;9.6;13.1;11.6;9.4;283.3333333;0;0;3
24778800;9;12;0;0;9.8;13.2;9.8;10.2;81;0;10.2;9.4;12.9;9.6;8.2;280.5555556;0;0;3.1
24779700;10;12;0;0;11.1;13;9.8;10;80.7;0;9.8;9.2;12.1;9.2;8.2;280.5555556;0;0;3.1
24780600;11;10;0;0;11.8;12.4;9.7;10.3;81.1;0;9.5;9.1;12.4;8.8;8.2;280.5555556;0;0;3.1
24781500;10;8;0;0;11.1;10.5;9.5;10.5;81.5;0;9.2;8.9;14.3;8.5;8.2;280.5555556;0;0;3.1
24782400;9;9;0;1;9.6;10.2;9.3;10.1;81.9;0;8.9;8.5;14.7;8.3;7.4;277.7777778;0;0;3.7
24783300;9;9;0;0;9.3;10.2;9.1;9.9;82.1;0;8.7;8.2;13.9;8.3;7.4;277.7777778;0;0;3.7
24784200;9;9;0;0;10.2;9.8;9;9.6;82.2;0;8.4;8;12.4;8.2;7.4;277.7777778;0;0;3.7
24785100;10;9;0;0;9.3;10.1;8.8;8.9;82.4;0;8.2;7.7;12.1;8.1;7.4;277.7777778;0;0;3.7
24786000;9;9;0;0;8.7;10;8.7;8.5;82.7;0;8;7.7;11.9;7.9;7.2;-2775;0;0;2.8
24786900;8;8;0;0;8.5;9.2;8.6;8.3;82.7;0;7.8;7.2;12.1;7.8;7.2;-2775;0;0;2.8
24787800;8;8;0;0;9.1;9.2;8.5;7.8;82.7;0;7.6;6.9;11.6;7.5;7.2;-2775;0;0;2.8
24788700;8.5;7.5;0;0;8.95;8.9;8.4;7.25;82.85;0;7.4;6.85;11.35;7.35;7.2;-2775;0;0;2.8
24789600;9;7;0;0;8.8;8.6;8.3;6.7;83;0;7.2;6.8;11.1;7.2;6.4;266.6666667;0;0;1.8
24790500;8;6;0;0;8.3;8.2;8.2;6.3;83.2;0;7;7.5;11.4;7;6.4;266.6666667;0;0;1.8
24791400;8;7;0;0;7.8;8.2;8.1;6.3;83.2;0;6.9;8.3;11.4;6.8;6.4;266.6666667;0;0;1.8
24792300;7;7;2;0;8.2;8.2;7.8;6.3;83.4;0;6.7;6.6;11.3;6.5;6.4;266.6666667;0;0;1.8
24793200;8;8;0;0;8.6;8.4;7.7;6.2;83.7;0;6.6;6.1;11.3;6.5;6;269.4444444;0;0;3
24794100;8;8;0;0;8.2;8.7;7.6;6.1;83.7;0;6.5;5.9;10.9;6.4;6;269.4444444;0;0;3
24795000;7;7;0;0;7.4;8.4;7.6;6.1;83.9;0;6.4;5.7;10.5;6.3;6;269.4444444;0;0;3
24795900;7;6;0;0;7.3;7.9;7.5;6.1;83.7;0;6.4;6.4;10.6;6.2;6;269.4444444;0;0;3
24796800;7;7;2;0;7.6;7.7;7.3;6;83.7;0;6.4;5.9;10.6;6;5.6;266.6666667;0;0;3
24797700;7;7;0;0;8.1;7.7;7.2;5.9;84.1;0;6.1;5.4;10.5;5.8;5.6;266.6666667;0;0;3
24798600;8;7;0;0;8.3;7.7;7.1;5.9;84.2;0;6;5.3;9.9;5.7;5.6;266.6666667;0;0;3
24799500;8;7;0;0;8.2;7.7;6.9;5.9;84.2;0;6;5.1;9.7;5.6;5.6;266.6666667;0;0;3
24800400;7;6;0;0;7.2;7.7;6.9;5.5;84.6;0;6;5.7;9.8;5.4;5.2;266.6666667;0;0;2.5
24801300;6;6;1;0;7.1;7.3;6.7;5.5;84.7;0;5.9;5.3;9.8;5.4;5.2;266.6666667;0;0;2.5
24802200;7;7;0;0;7.7;7.2;6.7;5.5;84.9;0;5.8;5;10;5.3;5.2;266.6666667;0;0;2.5
24803100;8;6;0;0;8.3;7.2;6.6;5.5;85.2;0;5.7;4.9;9.4;5.2;5.2;266.6666667;0;0;2.5
24804000;9;6;0;0;8.5;7.2;6.6;5.2;85.5;0;5.6;4.9;9.2;5.1;4.6;266.6666667;0;0;2.4
24804900;9;6;0;0;8.2;7.2;6.4;5.2;85.4;0;5.5;5.2;9.3;4.9;4.6;266.6666667;0;0;2.4
24805800;7;6;1;0;6.8;7;6.3;5.2;85.2;0;5.3;5.6;9.2;4.9;4.6;266.6666667;0;0;2.4
24806700;6;5;0;0;7.1;6.5;6.2;5.3;85.2;0;5.1;4.7;9.5;4.8;4.6;266.6666667;0;0;2.4
24807600;7;5;0;0;7.8;6.2;6.2;5.1;85;0;5.1;4.5;9.2;4.7;4.3;263.8888889;0;0;1.4
24808500;9;5;0;0;8.4;6.2;6.1;5.1;84.7;0;5;4.4;8.9;4.6;4.3;263.8888889;0;0;1.4
24809400;10;5;0;0;8.8;6.2;5.9;5;84.7;0;4.9;4.4;8.7;4.4;4.3;263.8888889;0;0;1.4
24810300;7;7;0;0;5.6;7.7;5.8;4.9;84.9;0;4.8;5.2;8.8;4.3;4.3;263.8888889;0;0;1.4
24811200;6;5;1;0;6.6;6.4;5.8;4.6;85.2;0;4.7;4.4;8.7;4.2;3.9;263.8888889;0;0;3.1
24812100;7;5;0;0;7.7;5.7;5.8;4.5;85.4;0;4.7;4.1;8.8;4.2;3.9;263.8888889;0;0;3.1
24813000;8;5;0;0;8.2;5.7;5.7;4.3;85.7;0;4.7;4;8.5;4.2;3.9;263.8888889;0;0;3.1
24813900;10;5;0;0;9.1;5.7;5.7;4.1;85.7;0;4.7;3.9;8.3;4.1;3.9;263.8888889;0;0;3.1
24814800;10;5;0;0;8.2;5.7;5.8;3.8;85.4;0;4.6;4.2;8.3;4.1;3.9;272.2222222;11.11111111;11.11111111;3.4
24815700;7;5;1;0;6.2;5.7;5.7;3.7;85.2;0;4.6;5;8.2;4.1;3.9;272.2222222;11.11111111;11.11111111;3.4
24816600;6;4;0;0;6.5;5.4;5.7;3.7;85.2;0;4.6;4.1;8.3;4.1;3.9;272.2222222;11.11111111;11.11111111;3.4
24817500;7;4;0;0;7.4;5.2;5.8;3.8;85.2;0;4.7;4.1;8.4;4.1;3.9;272.2222222;11.11111111;11.11111111;3.4
24818400;8;6;0;0;8;5.3;6.1;4;85.2;2.6;4.9;4.2;8.3;4.3;4.4;272.2222222;52.77777778;72.22222222;3.9
24819300;10;5;0;0;9.1;5.7;6.4;4;84.9;3.2;5.6;4.3;8.2;4.8;4.4;272.2222222;52.77777778;72.22222222;3.9
24820200;11;5;0;0;9;5.8;6.6;4;84.7;3;6;4.5;8.1;5.2;4.4;272.2222222;52.77777778;72.22222222;3.9
24821100;8;6;0;0;5.7;7;6.8;4;84.4;2.8;6.2;5.1;8.2;5.5;4.4;272.2222222;52.77777778;72.22222222;3.9
24822000;6;5;1;0;6.4;5.9;7.3;4.6;83.1;62.2;6.7;5.3;8.4;6;7.1;-2775;105.5555556;258.3333333;3
24822900;6;5;0;0;7.3;5.7;8;4.8;81.7;77.1;8.2;6;8.7;6.9;7.1;-2775;105.5555556;258.3333333;3
24823800;8;5;0;0;8.1;6.1;8.8;4.8;80;77.1;9.5;6.8;9.1;8.2;7.1;-2775;105.5555556;258.3333333;3
24824700;9;6;0;0;8.5;6.7;9.5;4.7;77;77.1;11.2;7.9;9.5;9.4;7.1;-2775;105.5555556;258.3333333;3
24825600;10;6;0;0;8.7;7.2;9.6;6;75;169.6;12.5;9;10;10.5;8.7;280.5555556;127.7777778;358.3333333;3.1
24826500;8;5;1;0;8.1;7.2;9.7;6.3;74;192.7;13.2;10;10.8;10.9;8.7;280.5555556;127.7777778;358.3333333;3.1
24827400;7;9;31;84;7.3;9.4;9.9;6.2;73.4;192.7;12.8;12.1;13.1;12.2;8.7;280.5555556;127.7777778;358.3333333;3.1
24828300;7;8;34;63;7.7;9.2;10.1;6;72.6;192.7;11.1;11.1;11.3;10.4;8.7;280.5555556;127.7777778;358.3333333;3.1
24829200;7;9;1;4;8.2;9.2;10.8;7.6;71.5;253.8;13.2;13.1;13.5;11.5;11.1;286.1111111;111.1111111;477.7777778;1.9
24830100;8;11;29;118;8.5;11.7;11.4;8;70.4;269.1;15.6;15.6;15.8;14.1;11.1;286.1111111;111.1111111;477.7777778;1.9
24831000;9;12;40;140;10.3;13.2;11.9;8.4;68.6;266.7;15.5;15.5;15.6;14.2;11.1;286.1111111;111.1111111;477.7777778;1.9
24831900;8;12;43;203;9.2;13.3;12.3;9.1;68.1;263;15.3;15.2;15.3;14;11.1;286.1111111;111.1111111;477.7777778;1.9
24832800;10;12;35;99;11.4;13.4;13.3;10.5;66.2;310.8;16;16;15.9;14.5;13.3;291.6666667;130.5555556;458.3333333;1.5
24833700;12;14;33;84;12.5;14.6;13.9;10.9;64.2;322.7;17.1;17.1;17.2;15.8;13.3;291.6666667;130.5555556;458.3333333;1.5
24834600;12;15;33;88;13.1;15.3;14.2;10.8;62.7;318.5;17.8;17.9;18;16.8;13.3;291.6666667;130.5555556;458.3333333;1.5
24835500;13;16;33;92;14;16.4;14.7;10.6;60.5;312.1;18.9;19;19;17.9;13.3;291.6666667;130.5555556;458.3333333;1.5
24836400;14;17;33;94;14.9;17.4;15;11.8;59.5;378;19.8;19.8;19.8;18.8;13.2;302.7777778;172.2222222;413.8888889;1.1
24837300;14;17;33;93;15.1;17.6;15.4;12.1;58.5;394.5;19.9;19.9;20;19;13.2;302.7777778;172.2222222;413.8888889;1.1
24838200;14;17;33;92;15.6;17.6;15.7;12.3;56.5;394.5;20;20;20.2;19.3;13.2;302.7777778;172.2222222;413.8888889;1.1
24839100;15;17;33;92;15.6;18.1;15.9;12.6;57.3;394.5;20.3;20.3;20.6;19.6;13.2;302.7777778;172.2222222;413.8888889;1.1
24840000;15;18;38;133;15.8;18.4;16.2;13.6;55.8;392.5;20.5;20.5;20.9;19.7;14.2;316.6666667;233.3333333;413.8888889;0.7
24840900;13;17;39;152;13.9;17.8;16.7;13.8;54.7;392;19.4;19.5;19.6;18.7;14.2;316.6666667;233.3333333;413.8888889;0.7
24841800;13;16;34;85;14.6;16.8;16.5;14.1;54.6;392;18.5;18.5;18.6;17.5;14.2;316.6666667;233.3333333;413.8888889;0.7
24842700;13;16;33;86;14.4;16.6;16.7;14.5;54.5;392;18.9;18.9;19;17.8;14.2;316.6666667;233.3333333;413.8888889;0.7
24843600;14;16;33;82;14.6;16.6;17;14.5;54.2;358.8;18.7;18.7;18.9;17.7;13.8;319.4444444;194.4444444;261.1111111;1.4
24844500;10;14;38;198;11.4;15.7;17;14.5;53.2;350.5;17.1;17;17.1;16.5;13.8;319.4444444;194.4444444;261.1111111;1.4
24845400;10;13;43;118;11.3;13.7;16.8;14;54.5;350.5;15.6;15.6;15.8;14.8;13.8;319.4444444;194.4444444;261.1111111;1.4
24846300;10;13;39;112;11.2;13.6;17;13.3;54.6;350.5;15.8;15.8;15.9;14.9;13.8;319.4444444;194.4444444;261.1111111;1.4
24847200;8;12;43;195;9.3;13.1;16.7;13.5;54.6;274.3;14.9;14.9;15;14.1;13.7;311.1111111;133.3333333;161.1111111;1.6
24848100;8;11;37;115;9.4;11.6;16.4;13.6;55.6;255.2;13.4;13.4;13.5;12.5;13.7;311.1111111;133.3333333;161.1111111;1.6
24849000;9;11;22;57;9.8;11.6;16.3;14;55.5;255.2;14;13.9;14.2;12.9;13.7;311.1111111;133.3333333;161.1111111;1.6
24849900;9;11;35;90;9.9;12;16.3;14.5;55.4;255.2;13.8;13.7;14;13;13.7;311.1111111;133.3333333;161.1111111;1.6
24850800;6;10;43;175;7.5;11;16.1;14;53.3;189;12.8;12.6;12.8;12.1;12.6;302.7777778;55.55555556;58.33333333;2.1
24851700;8;9;26;26;9;9.8;15.7;13.9;54.5;172.5;11.8;11.8;12;10.8;12.6;302.7777778;55.55555556;58.33333333;2.1
24852600;8;9;0;0;9.5;9.6;15.3;13.7;56.9;172.5;12.4;12.4;12.7;11;12.6;302.7777778;55.55555556;58.33333333;2.1
24853500;9;9;0;0;9.5;9.9;14.7;13.3;59.7;172.5;12.6;12.8;12.9;11.3;12.6;302.7777778;55.55555556;58.33333333;2.1
24854400;9;11;9;20;9.4;12.2;14.1;12.8;63.3;93.1;12.9;13;13.2;11.7;11.3;291.6666667;5.555555556;5.555555556;1
24855300;6;9;25;102;7.3;10.3;13.4;12.7;66.8;73.2;11.7;11.5;11.8;11.2;11.3;291.6666667;5.555555556;5.555555556;1
24856200;6;8;0;0;7.5;9.3;12.9;12.8;67.4;73.2;11.2;11;11.3;10.8;11.3;291.6666667;5.555555556;5.555555556;1
24857100;6;9;0;0;7.5;9.5;12.5;13.1;69;73.2;11.5;11.2;11.5;11.1;11.3;291.6666667;5.555555556;5.555555556;1
24858000;6;9;0;0;7.5;10.1;12;12.4;71.1;21.8;11.8;11.4;11.8;11.5;10.4;286.1111111;0;0;1.5
24858900;7;9;0;0;7.7;10.2;11.4;12.2;73.3;8.9;12;11.8;12;11.8;10.4;286.1111111;0;0;1.5
24859800;5;8;28;110;6.1;9;11;12;74.6;8.9;10.5;10;10.4;10.3;10.4;286.1111111;0;0;1.5
24860700;4;8;0;0;5.2;8.5;10.9;11.7;74.5;8.9;9.4;8.9;9.3;9.2;10.4;286.1111111;0;0;1.5
24861600;4;7;0;0;5.3;8.2;10.7;11;75.4;2.4;9.6;9;9.3;9.4;10.3;297.2222222;0;0;1.9
24862500;6;8;0;0;6.6;9.4;10.3;10.7;76.4;0;9.6;9.2;9.6;9.6;10.3;297.2222222;0;0;1.9
24863400;6;9;0;0;7.2;10.6;10.1;10.6;77.4;0;10.1;9.1;9.7;10;10.3;297.2222222;0;0;1.9
24864300;6;9;0;0;7.2;9.9;10.3;10.3;77.8;0;10.5;9.1;10.2;10.3;10.3;297.2222222;0;0;1.9
24865200;7;7;0;0;7.7;9;10.3;9.9;77.6;0;10.7;9.1;10.3;11;8.7;302.7777778;0;0;0.9
24866100;7;8;1;0;7.8;8.6;10.1;9.7;77.8;0;10.3;8.8;9.7;11.3;8.7;302.7777778;0;0;0.9
24867000;8;9;0;0;8.7;9.2;9.8;9.7;78.6;0;10.9;8.6;9.8;12.3;8.7;302.7777778;0;0;0.9
24867900;8;8;0;0;9.2;9.4;9.6;9.7;79.6;0;11.5;8.5;10.6;13;8.7;302.7777778;0;0;0.9
24868800;8;6;0;0;9.2;7.9;9.5;9.4;80.1;0;11.8;8.2;10.4;13.3;8.4;291.6666667;0;0;0.7
24869700;7;6;1;0;8.4;7.4;9.6;9.3;80.1;0;11.5;8;9.5;13.3;8.4;291.6666667;0;0;0.7
24870600;6;7;0;0;7.8;7.4;9.5;9.5;80.1;0;12.2;7.8;8.7;13.3;8.4;291.6666667;0;0;0.7
24871500;8;9;0;0;9.1;9.5;9.2;9.8;80.8;0;13;7.7;8.5;12.9;8.4;291.6666667;0;0;0.7
24872400;8;8;0;0;9.1;9.4;9;9.4;81.3;0;12.3;7.5;8.3;12.6;7.5;297.2222222;0;0;1.7
24873300;8;6;0;0;9.1;7.8;8.9;9.3;81.6;0;11.2;7.4;8.2;12.1;7.5;297.2222222;0;0;1.7
24874200;8;6;0;0;9.1;7.4;8.8;8.9;81.6;0;11.1;7.3;8;11.7;7.5;297.2222222;0;0;1.7
24875100;8;6;0;0;9.1;7.4;9.05;7.85;81.45;0;10.75;7.25;7.9;11.65;7.5;297.2222222;0;0;1.7
24876000;8;6;0;0;9.1;7.4;9.3;6.8;81.3;0;10.4;7.2;7.8;11.6;8.5;344.4444444;0;0;1.4
24876900;8;6;0;0;8.6;7.1;9.7;6.3;81.1;0;10.1;7.5;7.9;11.2;8.5;344.4444444;0;0;1.4
24877800;7;6;0;0;7.6;6.4;10;6.3;80.6;0;10.2;7.8;8.3;11.2;8.5;344.4444444;0;0;1.4
24878700;7;5;0;0;8;6.4;10.3;6.3;80.5;0;10.3;8;8.6;11;8.5;344.4444444;0;0;1.4
24879600;7;6;0;0;8.2;6.9;10.7;6.2;79.7;0;10.4;8.3;8.8;11.1;8.1;344.4444444;0;0;1.5
24880500;7;7;0;0;8.6;8.2;10.8;6.1;78.7;0;10.3;8.4;9;11.1;8.1;344.4444444;0;0;1.5
24881400;7;6;1;0;8.4;7.6;10.8;6.1;78.6;0;10.3;8.5;9.1;11.1;8.1;344.4444444;0;0;1.5
24882300;6;6;0;0;7.1;7.4;10.7;6.1;78.6;0;10.1;8.5;9.1;11.1;8.1;344.4444444;0;0;1.5
24883200;6;6;0;0;7.6;7.4;10.5;6;78.6;0;10.5;8.5;9.1;11;7.6;302.7777778;0;0;0.6
24884100;7;5;0;0;8.6;6.8;10.3;5.9;78.8;0;10.6;8.4;9;11;7.6;302.7777778;0;0;0.6
24885000;7;5;0;0;9.1;6.4;9.9;5.9;79.3;0;10.7;8.2;8.8;11.3;7.6;302.7777778;0;0;0.6
24885900;7;5;1;0;8.8;6.5;9.5;5.9;80.4;0;10.5;8;8.6;11.4;7.6;302.7777778;0;0;0.6
24886800;6;7;0;0;7;7.4;9.3;7.4;81.3;0;10.4;7.8;8.4;11.5;7.6;319.4444444;0;0;0.7
24887700;6;6;0;0;8.1;7.2;8.9;8;82.5;0;10.9;7.7;8.3;11.5;7.6;319.4444444;0;0;0.7
24888600;7;8;0;0;9.2;8.6;8.8;7.9;82.9;0;11;7.6;8.2;11.5;7.6;319.4444444;0;0;0.7
24889500;8;7;0;0;9.5;8.3;9.2;7.7;82.9;0;11;7.5;8.1;11.6;7.6;319.4444444;0;0;0.7
24890400;8;5;1;0;8.9;7.3;9.5;7.7;82.6;0;10.7;7.6;8.1;11.4;7.3;338.8888889;0;0;0.7
24891300;6;6;0;0;6.9;6.9;9.8;7.7;82.3;0;10.7;7.7;8.3;11.3;7.3;338.8888889;0;0;0.7
24892200;6;5;0;0;7.9;6.9;10;7.7;82.1;0;10.7;7.9;8.5;11.1;7.3;338.8888889;0;0;0.7
24893100;7;5;0;0;8.4;6.4;10.2;7.6;81.7;0;10.6;8.1;8.8;11.2;7.3;338.8888889;0;0;0.7
24894000;7;5;0;0;8.7;6.4;10.3;7.5;81.1;0;10.5;8.3;8.9;11.2;7;316.6666667;0;0;0.7
24894900;8;5;0;0;8.9;6.4;10.3;7.4;81.1;0;10.4;8.5;9;11.1;7;316.6666667;0;0;0.7
24895800;8;5;0;0;8.9;6.4;10.3;7.4;81.5;0;10.2;8.6;9.1;10.9;7;316.6666667;0;0;0.7
24896700;8;7;0;0;8.9;7.5;10.4;7.3;81.4;0;10.2;8.6;9.2;10.8;7;316.6666667;0;0;0.7
24897600;7;7;2;0;7.6;7.9;10.4;7.2;81.1;0;10;8.7;9.2;10.9;7.5;333.3333333;0;0;0.9
24898500;7;6;0;0;7.8;7.8;10.5;7.1;81;0;10.4;8.8;9.3;11;7.5;333.3333333;0;0;0.9
24899400;7;5;0;0;8.5;7;10.7;7.1;80.7;0;10.8;8.9;9.4;11.1;7.5;333.3333333;0;0;0.9
24900300;7;5;0;0;8.9;6.5;10.6;7.1;80.5;0;10.9;8.9;9.4;11.4;7.5;333.3333333;0;0;0.9
24901200;8;5;0;0;9.4;6.5;10.6;7;80.5;0;11;8.9;9.4;11.5;7.3;347.2222222;2.777777778;2.777777778;1.4
24902100;6;7;2;0;7.4;7.3;10.8;6.9;79.7;0;10.8;9;9.5;11.6;7.3;347.2222222;2.777777778;2.777777778;1.4
24903000;6;6;0;0;7.5;7.5;10.9;6.9;78.5;0;11.3;9.1;9.6;11.7;7.3;347.2222222;2.777777778;2.777777778;1.4
24903900;7;5;0;0;9.3;6.6;10.9;6.8;78.2;0;11.5;9.1;9.7;11.7;7.3;347.2222222;2.777777778;2.777777778;1.4
24904800;9;5;0;0;9.8;6.2;11.1;6.8;77.6;1.9;11.6;9.2;9.7;11.7;7.5;347.2222222;25;25;1.1
24905700;9;7;0;0;9.8;8;11;6.8;77.6;3.1;11.6;9.3;9.8;11.9;7.5;347.2222222;25;25;1.1
24906600;7;8;1;0;7.6;8.2;10.8;7.3;78.1;3.1;11.4;9.4;9.9;11.9;7.5;347.2222222;25;25;1.1
24907500;6;7;0;0;7.8;8.5;10.9;7.6;78.2;3.1;11.9;9.6;10.1;12;7.5;347.2222222;25;25;1.1
24908400;8;5;0;0;9.7;7;11;7.8;77.7;34.4;12;9.7;10.3;12;8.1;350;55.55555556;55.55555556;1.5
24909300;9;5;0;0;9.9;6.2;11.3;7.9;77.2;50.1;12;9.9;10.4;12.1;8.1;350;55.55555556;55.55555556;1.5
24910200;9;5;0;0;9.9;6.1;11.6;7.8;76.5;50.1;12;10.2;10.7;12.1;8.1;350;55.55555556;55.55555556;1.5
24911100;5;7;29;93;6.4;8.2;11.8;7.7;75.7;50.1;10.6;10.2;10.5;10.5;8.1;350;55.55555556;55.55555556;1.5
24912000;5;7;0;0;5.6;8.2;11.8;8.2;75.3;114.3;9.8;9.6;9.9;9.5;8.9;352.7777778;75;75;1.5
24912900;5;8;0;0;6;8.3;12;8.4;75;146.4;10.1;9.9;10.2;9.9;8.9;352.7777778;75;75;1.5
24913800;5;6;0;0;6.1;7.7;12.2;8.3;75.2;146.4;10.4;10.2;10.5;10.2;8.9;352.7777778;75;75;1.5
24914700;5;7;0;1;6.5;7.3;12.3;8.3;75.3;146.4;11;10.7;11.1;10.4;8.9;352.7777778;75;75;1.5
24915600;5;8;28;112;6;9.4;12.3;9.1;75.5;206.4;11.1;10.9;11.2;10.5;8.9;352.7777778;50;50;2.1
24916500;4;7;0;6;5;8;12.7;9.5;74.9;236.4;10.2;10.2;10.3;9.7;8.9;352.7777778;50;50;2.1
24917400;5;7;0;0;5.4;7.7;13;9.4;74.3;237.9;10.5;10.5;10.7;10;8.9;352.7777778;50;50;2.1
24918300;5;5;0;1;5.9;7.3;13.4;9.3;73.5;238.6;11.1;11.1;11.3;10.3;8.9;352.7777778;50;50;2.1
24919200;5;8;43;170;6;9.4;13.8;10.5;71.4;330;11.3;11.3;11.5;10.8;9.6;350;102.7777778;102.7777778;2.2
24920100;4;7;10;36;5.3;8.3;13.8;10.5;70.8;330;10.3;10.3;10.4;9.5;9.6;350;102.7777778;102.7777778;2.2
24921000;5;7;0;0;5.7;7.9;14.3;10.3;69;325.6;10.7;10.7;10.8;9.7;9.6;350;102.7777778;102.7777778;2.2
24921900;5;8;0;0;5.9;8.5;14.1;10.1;69.3;321.7;11.1;11;11.2;10;9.6;350;102.7777778;102.7777778;2.2
24922800;8;11;30;83;9.6;11.7;14.8;11.3;68;373.5;14.9;14.9;14.9;13.9;11.7;311.1111111;238.8888889;463.8888889;1.7
24923700;11;13;36;71;12.6;14.1;15.4;11.4;65;377.2;17;16.9;16.9;15.7;11.7;311.1111111;238.8888889;463.8888889;1.7
24924600;10;15;41;195;11.4;15.6;15.3;10.8;66;377.2;17.7;17.7;17.8;16.6;11.7;311.1111111;238.8888889;463.8888889;1.7
24925500;9;14;40;226;10.3;15;14.9;10.2;66.8;377.2;17;17;16.9;15.9;11.7;311.1111111;238.8888889;463.8888889;1.7
24926400;11;14;35;123;11.8;14.8;14.8;11;67.4;355.1;17.1;17.2;17.2;15.9;12.6;288.8888889;133.3333333;397.2222222;1.6
24927300;12;15;41;148;12.8;15.5;15;11.1;66.4;351.7;18;18;18.1;16.9;12.6;288.8888889;133.3333333;397.2222222;1.6
24928200;10;14;42;200;11.3;15.6;15;10.8;66;351.7;17.4;17.5;17.4;16.4;12.6;288.8888889;133.3333333;397.2222222;1.6
24929100;11;14;39;129;12.3;15.4;15.2;10.4;65.2;351.7;17.7;17.7;17.7;16.3;12.6;288.8888889;133.3333333;397.2222222;1.6
24930000;11;15;40;216;11.5;15.8;15.4;11;64.4;351.9;18.1;18;18.1;16.9;13.4;288.8888889;94.44444444;338.8888889;1.1
24930900;10;14;38;182;10.7;14.8;15.6;11.1;64.5;351.9;16.6;16.6;16.6;15.5;13.4;288.8888889;94.44444444;338.8888889;1.1
24931800;8;12;38;175;9.5;13;15.6;11.5;64.6;351.9;15.1;14.9;14.9;13.9;13.4;288.8888889;94.44444444;338.8888889;1.1
24932700;9;12;43;135;9.9;12.9;15.8;12.2;64.2;351.9;15;14.9;15;13.7;13.4;288.8888889;94.44444444;338.8888889;1.1
24933600;9;12;38;117;9.9;12.9;15.9;12.4;63.4;306.1;15.1;15;15.2;13.9;13.4;288.8888889;63.88888889;238.8888889;0.7
24934500;8;12;43;196;8.9;12.7;16;12.5;62.7;289.4;14.7;14.7;14.8;13.6;13.4;288.8888889;63.88888889;238.8888889;0.7
24935400;8;11;40;146;8.3;11.7;16;12.6;63.2;289.4;13.7;13.6;13.7;12.5;13.4;288.8888889;63.88888889;238.8888889;0.7
24936300;8;10;39;108;8.9;11.4;15.9;12.8;63.4;289.4;13.6;13.4;13.6;12.4;13.4;288.8888889;63.88888889;238.8888889;0.7
24937200;8;10;38;89;9.2;11.3;15.8;12.7;64.2;225.1;13.3;13.2;13.5;12.3;12.6;286.1111111;36.11111111;86.11111111;0.5
24938100;7;10;38;139;7.9;10.8;15.5;12.7;65.3;193;12.8;12.5;13;11.9;12.6;286.1111111;36.11111111;86.11111111;0.5
24939000;6;8;39;120;7;9.2;15.2;13.1;66.4;193;11.2;10.8;11.2;10.2;12.6;286.1111111;36.11111111;86.11111111;0.5
24939900;7;8;9;5;8.1;8.9;14.8;13.3;68.1;193;11.3;10.9;11.5;10;12.6;286.1111111;36.11111111;86.11111111;0.5
24940800;8;10;0;0;8.6;11.2;14.3;12.7;70.4;92.2;11.7;11.3;11.8;10.3;10.5;283.3333333;2.777777778;5.555555556;1.1
24941700;5;8;31;108;6.5;9.6;13.5;12.7;73;92.2;11.2;10.6;11;10.3;10.5;283.3333333;2.777777778;5.555555556;1.1
24942600;5;7;0;0;6.4;8.4;12.8;12.8;75.1;92.2;10.3;10;10.3;9.8;10.5;283.3333333;2.777777778;5.555555556;1.1
24943500;5;7;1;1;6.2;8.2;12.2;12.9;76.8;92.2;10.5;10.2;10.5;10;10.5;283.3333333;2.777777778;5.555555556;1.1
24944400;5;7;0;0;6;9;11.8;12.2;78.4;23.4;10.6;10.5;10.6;10.2;9.7;280.5555556;0;0;0.6
24945300;5;7;0;0;6.4;8.7;11.4;12.1;79.7;18.5;10.9;10.4;10.5;10.6;9.7;280.5555556;0;0;0.6
24946200;6;7;0;0;6.7;8.5;11.3;12;80.7;18.5;11.1;10.3;10.4;10.8;9.7;280.5555556;0;0;0.6
24947100;7;8;1;2;7.7;9.2;11;11.9;81.3;18.5;10.5;9.9;10.5;10.7;9.7;280.5555556;0;0;0.6
24948000;7;8;0;0;8.2;9.2;10.8;11.1;82.1;2.5;11.4;9.7;10.9;11.3;9.2;277.7777778;0;0;1.6
24948900;5;7;26;79;6.4;8;10.5;11;82.5;0;9.9;8.9;9.7;9.6;9.2;277.7777778;0;0;1.6
24949800;4;7;0;0;5;7.6;10.3;10.4;82.6;0;8.7;8.2;8.7;8.4;9.2;277.7777778;0;0;1.6
24950700;5;7;0;0;5.4;8;10.1;9.6;82.9;0;9;8.3;8.9;8.8;9.2;277.7777778;0;0;1.6
24951600;5;8;0;0;5.9;8.3;9.9;9.1;83.1;0;9.3;8.6;9.2;9.1;8.2;277.7777778;0;0;2
24952500;6;7;0;0;6.4;8.2;9.8;9;83.6;0;9.5;8.8;9.4;9.5;8.2;277.7777778;0;0;2
24953400;6;7;0;0;7.2;7.5;9.7;9;83.6;0;9.7;9.1;9.6;10;8.2;277.7777778;0;0;2
24954300;7;6;0;0;8.3;7.1;9.5;8.9;83.6;0;9.5;9.2;9.4;10.9;8.2;277.7777778;0;0;2
24955200;7;5;0;0;8.4;6.5;9.3;8.4;83.6;0;8.8;8.7;8.7;11.7;8;-2775;0;0;1.6
24956100;6;7;2;0;6.9;8.1;9.1;8.2;84;0;8.5;7.8;8.4;11.9;8;-2775;0;0;1.6
24957000;6;7;0;0;7.9;8.2;9;8.3;84.1;0;8.4;7.5;8.2;12.4;8;-2775;0;0;1.6
24957900;6;8;0;0;8.4;8.5;8.9;8.4;84.1;0;8.1;7.3;8;12.5;8;-2775;0;0;1.6
24958800;6;6;0;0;8.4;8.2;8.7;8;84.5;0;8;7.1;7.8;12.3;7;272.2222222;0;0;0.8
24959700;7;5;2;0;8;7.2;8.5;7.8;84.6;0;8.6;6.8;7.6;11.9;7;272.2222222;0;0;0.8
24960600;5;5;0;0;6.4;6.2;8.4;7.6;84.6;0;7.7;6.7;7.5;11.8;7;272.2222222;0;0;0.8
24961500;5.5;5;0;0;6.8;6.1;8.35;7.35;84.85;0;7.6;6.6;7.45;11.65;7;272.2222222;0;0;0.8
24962400;6;5;0;0;7.2;6;8.3;7.1;85.1;0;7.5;6.5;7.4;11.5;5.9;269.4444444;0;0;1.2
24963300;6;4;0;0;7.7;6;8;7.1;85.1;0;7.3;6.4;7.2;11.3;5.9;269.4444444;0;0;1.2
24964200;7;4;0;0;7.9;6;7.9;7.1;85.1;0;7;6.3;7.1;11.2;5.9;269.4444444;0;0;1.2
24965100;5;5;1;0;6.4;6;7.8;7.1;85.1;0;6.8;6.1;6.8;11.2;5.9;269.4444444;0;0;1.2
24966000;6;5;0;0;6.7;6;7.7;6.6;85.2;0;6.6;6;6.6;11.1;5.5;269.4444444;0;0;1.5
24966900;7;5;0;0;8.1;6;7.6;6.6;85.5;0;6.5;5.9;6.5;10.9;5.5;269.4444444;0;0;1.5
24967800;8;5;0;0;9.2;5.7;7.4;6.6;85.1;0;6.5;5.8;6.4;10.8;5.5;269.4444444;0;0;1.5
24968700;9;4;0;0;9.9;5.5;7.3;6.6;85.1;0;6.4;5.7;6.3;10.4;5.5;269.4444444;0;0;1.5
24969600;9;4;0;0;9.7;5.5;7.4;6.3;85.4;0;6.4;5.6;6.2;10;4.7;269.4444444;0;0;2.4
24970500;5;4;2;0;5.9;5.2;7.6;6.2;85.7;0;6.5;5.6;6.2;9.9;4.7;269.4444444;0;0;2.4
24971400;6;4;0;0;7.2;5;7.8;6.2;85.7;0;6.5;5.6;6.2;9.8;4.7;269.4444444;0;0;2.4
24972300;8;4;0;0;8.8;5;7.8;6.2;85.1;0;6.4;5.5;6.2;9.8;4.7;269.4444444;0;0;2.4
24973200;8;4;0;0;8.8;5;7.8;5.1;85.1;0;6.4;5.6;6.3;9.8;5;272.2222222;0;0;1.9
24974100;7;5;0;0;8.5;5.5;7.6;4.8;85.1;0;6.4;5.7;6.3;9.7;5;272.2222222;0;0;1.9
24975000;5;5;2;0;6.2;5.5;7.3;4.8;85.2;0;6.3;5.6;6.3;9.6;5;272.2222222;0;0;1.9
24975900;6;4;0;0;6.9;5;7.3;4.9;85.6;0;6.3;5.5;6.2;9.6;5;272.2222222;0;0;1.9
24976800;8;4;0;0;8.8;5;7.6;4.7;85.6;0;6.3;5.5;6.2;9.6;4.5;294.4444444;0;0;1.4
24977700;9;4;0;0;9.7;5;7.6;4.7;85.6;0;6.4;5.6;6.3;9.7;4.5;294.4444444;0;0;1.4
24978600;9;4;0;0;10.1;5;7.5;4.6;85.1;0;6.4;5.7;6.3;9.6;4.5;294.4444444;0;0;1.4
24979500;8;4;0;0;8.4;5;7.5;4.4;85.1;0;6.3;5.7;6.3;9.4;4.5;294.4444444;0;0;1.4
24980400;4;4;0;0;5.3;5;7.7;4.4;85.1;0;6.4;5.8;6.5;9.5;3.8;286.1111111;0;0;1.6
24981300;7;4;0;0;7.5;5;7.7;4.4;85.1;0;6.4;5.8;6.5;9.5;3.8;286.1111111;0;0;1.6
24982200;8;4;0;0;8.8;5;7.5;4.6;84.7;0;6.3;5.8;6.4;9.6;3.8;286.1111111;0;0;1.6
24983100;9;5;0;0;9.5;5;7.3;4.9;85.4;0;6.2;5.8;6.3;9.5;3.8;286.1111111;0;0;1.6
24984000;9;5;0;0;9.9;5.3;7.1;4.8;85.6;0;6.1;5.7;6.3;9.4;2.9;291.6666667;0;0;2.4
24984900;7;4;2;0;8.1;5.5;7;4.7;85.6;0;6.1;5.6;6.7;9.3;2.9;291.6666667;0;0;2.4
24985800;5;4;0;0;5.6;5;7;4.6;85.6;0;6;5.5;6;9.5;2.9;291.6666667;0;0;2.4
24986700;7;4;0;0;7.7;5;7.2;4.3;85.6;0;6.1;5.5;6;9.5;2.9;291.6666667;0;0;2.4
24987600;8;4;0;0;9.1;5;7.5;4.2;85.6;0;6.2;5.6;6.1;9.5;3.5;311.1111111;5.555555556;5.555555556;2.8
24988500;9;4;0;0;9.7;5;7.8;4.2;84.7;0;6.3;5.8;6.2;9.6;3.5;311.1111111;5.555555556;5.555555556;2.8
24989400;9;4;0;0;9.9;4.8;8;4;83.8;0;6.5;5.9;6.4;9.4;3.5;311.1111111;5.555555556;5.555555556;2.8
24990300;9;4;0;0;9.5;4.6;7.9;3.6;83.3;0;6.5;6;6.5;9.3;3.5;311.1111111;5.555555556;5.555555556;2.8
24991200;4;4;1;0;4.9;5;7.7;3.8;82.9;1.8;6.6;6.1;6.5;9.3;4.1;311.1111111;52.77777778;52.77777778;3.1
24992100;6;4;0;0;6.7;5;8;3.9;82.9;2.5;6.7;6.2;6.7;9.3;4.1;311.1111111;52.77777778;52.77777778;3.1
24993000;8;5;0;0;8.1;5.2;8.2;3.6;81.6;2.4;6.9;6.4;6.8;9.4;4.1;311.1111111;52.77777778;52.77777778;3.1
24993900;8;5;0;0;8.5;5.9;8.3;3.1;81.3;2.3;7.1;6.7;7.1;9.5;4.1;311.1111111;52.77777778;52.77777778;3.1
24994800;8;4;0;0;9;5.7;8.5;3.7;81;40.6;7.5;7.1;7.4;9.4;5.3;311.1111111;141.6666667;144.4444444;3.6
24995700;8;4;0;0;9.3;5.5;8.8;3.9;80.3;54.5;7.9;7.6;7.9;9.4;5.3;311.1111111;141.6666667;144.4444444;3.6
24996600;5;5;1;0;6.4;5.5;8.8;3.9;79.6;54.5;8.4;8.1;8.3;9.6;5.3;311.1111111;141.6666667;144.4444444;3.6
24997500;5;5;0;0;5.4;5.6;8.8;4;80.2;54.5;8.9;8.6;8.8;9.8;5.3;311.1111111;141.6666667;144.4444444;3.6
24998400;5;5;0;0;5.9;6;8.8;4.9;80.8;125.4;9.6;9;9.5;10;5.3;338.8888889;147.2222222;147.2222222;2.8
24999300;5;5;12;44;5.8;6.4;9.3;5.2;80;151.2;10.2;9.6;10.2;10.1;5.3;338.8888889;147.2222222;147.2222222;2.8
25000200;3;6;16;55;4.1;7.4;9.8;5.2;78.6;151.2;9.2;9.1;9.2;8.8;5.3;338.8888889;147.2222222;147.2222222;2.8
25001100;3;7;0;0;3.8;7.4;10.4;5.1;77;151.2;9.4;9.6;9.6;8.8;5.3;338.8888889;147.2222222;147.2222222;2.8
25002000;4;7;7;29;5.5;8.1;11;6.3;75.8;210.1;10.5;10.6;10.7;9.3;6.7;341.6666667;183.3333333;183.3333333;2.6
25002900;3;7;33;124;4.7;7.9;11;6.7;74.8;231.5;9.6;9.5;9.6;9;6.7;341.6666667;183.3333333;183.3333333;2.6
25003800;3;6;0;0;4.2;7;11.3;6.7;74.3;226;9.4;9.3;9.5;8.6;6.7;341.6666667;183.3333333;183.3333333;2.6
25004700;4;6;0;0;4.8;7;11.6;6.7;73.7;215;9.7;9.6;9.8;8.9;6.7;341.6666667;183.3333333;183.3333333;2.6
25005600;5;8;25;87;6;8.6;11.6;8;73.6;254.2;11.2;11.3;11.5;10.4;7.4;344.4444444;219.4444444;219.4444444;2
25006500;6;8;33;72;7.4;9.2;12.2;8.5;72.5;268.5;11.2;11.2;11.3;10.4;7.4;344.4444444;219.4444444;219.4444444;2
25007400;6;8;33;72;7.4;9.2;12.5;8;71.9;266.2;11.4;11.4;11.5;10.5;7.4;344.4444444;219.4444444;219.4444444;2
25008300;7;9;33;73;7.5;9.4;12.8;6.9;71.2;261.6;11.8;11.8;11.9;10.9;7.4;344.4444444;219.4444444;219.4444444;2
25009200;7;9;33;73;7.9;9.7;13;8.1;70.5;325.2;12.1;12;12.2;11.2;8.4;350;205.5555556;205.5555556;1
25010100;7;9;33;72;7.9;9.7;12.7;8.7;72.5;357;12;11.9;12.1;11.1;8.4;350;205.5555556;205.5555556;1
25011000;7;9;33;72;7.9;9.7;12.9;8.6;71.8;357;12;12;12.2;11.2;8.4;350;205.5555556;205.5555556;1
25011900;7;9;33;73;7.9;9.7;13.3;8.3;71.3;357;12.1;12.1;12.2;11.2;8.4;350;205.5555556;205.5555556;1
25012800;7;9;39;88;8.4;10;13.4;9.2;70.5;353.8;12.4;12.3;12.5;11.5;8.5;350;194.4444444;194.4444444;1.2
25013700;5;8;43;166;6.2;9.6;13.3;9.7;70.4;352.2;11.3;11.2;11.4;10.6;8.5;350;194.4444444;194.4444444;1.2
25014600;6;8;28;58;7.2;8.7;13;9.4;72.1;352.2;10.7;10.6;10.9;9.7;8.5;350;194.4444444;194.4444444;1.2
25015500;7;8;0;0;7.8;8.7;13.3;8.6;71.6;352.2;11.3;11.4;11.5;9.8;8.5;350;194.4444444;194.4444444;1.2
25016400;6;9;40;150;6.6;9.6;13.4;9.3;71.2;317.7;11.8;11.8;12;10.9;8.8;350;125;125;0.9
25017300;4;7;43;157;4.9;8.1;13.2;9.7;72.2;300.5;9.8;9.8;9.9;9;8.8;350;125;125;0.9
25018200;6;8;6;20;6.7;8;13.2;9.6;72.3;300.5;9.5;9.6;9.7;8.3;8.8;350;125;125;0.9
25019100;6;9;0;0;7.1;9.6;13.2;9.2;72.4;300.5;9.9;10.6;10.6;8.6;8.8;350;125;125;0.9
25020000;5;8;40;141;5.8;9;12.8;9.6;73.2;268.7;10.8;10.8;11;10.1;9.1;350;80.55555556;80.55555556;1.4
25020900;4;6;26;93;5.1;7.4;12.8;9.8;73.6;252.8;9.3;9.2;9.4;8.4;9.1;350;80.55555556;80.55555556;1.4
25021800;5;6;0;0;6;7.1;12.6;9.5;73.6;252.8;9.5;9.5;9.6;8.4;9.1;350;80.55555556;80.55555556;1.4
25022700;5;6;0;0;5.6;7.3;12.6;8.7;74.1;252.8;9.7;9.7;9.9;8.7;9.1;350;80.55555556;80.55555556;1.4
25023600;5;6;1;4;5.5;7.4;12.3;8.9;74.7;186.4;10.2;10.1;10.3;9.1;8.7;347.2222222;22.22222222;22.22222222;1.3
25024500;4;8;43;169;5;8.5;12.2;9;75;162.3;10.3;10.3;10.5;9.6;8.7;347.2222222;22.22222222;22.22222222;1.3
25025400;3;6;3;13;4.1;7.1;12;8.9;75.3;162.3;9.1;9.2;9.2;8.3;8.7;347.2222222;22.22222222;22.22222222;1.3
25026300;4;6;0;0;4.7;6.6;12;8.6;75.6;162.3;9.4;9.4;9.5;8.6;8.7;347.2222222;22.22222222;22.22222222;1.3
25027200;4;8;0;0;5.1;8.8;11.8;8.4;76.3;99.9;9.7;9.7;9.8;8.8;8.3;350;0;0;1.3
25028100;4;7;9;37;5.2;8.3;11.7;8.3;77.2;68.7;10.2;10;10.2;9.3;8.3;350;0;0;1.3
25029000;3;6;20;76;4.2;7.3;11.6;8.3;77.6;68.7;9;9;9.1;8.5;8.3;350;0;0;1.3
25029900;3;6;0;0;4.2;6.8;11.6;8.3;77.8;68.7;9;9;9.2;8.4;8.3;350;0;0;1.3
25030800;3;6;1;2;4.5;7;11.7;7.8;77.8;29.8;9.5;9.4;9.7;8.6;8;352.7777778;0;0;2.1
25031700;3;6;0;0;4.4;7.6;11.4;7.6;78.6;10.4;9.7;9.6;9.9;8.9;8;352.7777778;0;0;2.1
25032600;4;6;21;81;4.8;7.5;11.3;7.6;79.3;10.4;9.8;9.7;9.9;9.2;8;352.7777778;0;0;2.1
25033500;3;6;8;24;3.7;6.9;11.2;7.6;80;10.4;8.7;8.6;8.8;8.1;8;352.7777778;0;0;2.1
25034400;3;5;0;0;4.4;6.5;11.3;7.1;79.8;3.5;9;8.9;9.1;8.4;8.1;341.6666667;0;0;1.8
25035300;4;5;0;0;4.8;6.5;11.4;6.9;79.2;0;9.3;9.1;9.4;8.7;8.1;341.6666667;0;0;1.8
25036200;4;7;2;1;5;7.7;11.4;7;79.1;0;9.5;9.3;9.6;8.9;8.1;341.6666667;0;0;1.8
25037100;4;7;20;75;4.8;7.9;11.3;7.3;79;0;9.6;9.4;9.8;8.7;8.1;341.6666667;0;0;1.8
25038000;2;5;9;27;3.4;6.4;11.2;7.2;78.4;0;8;8;8.2;7.6;7.8;325;0;0;1
25038900;3;5;0;0;3.8;6.3;10.7;7.1;78.6;0;8.3;8.1;8.4;7.8;7.8;325;0;0;1
25039800;3;5;0;0;4.4;6.2;10.4;7.2;79.4;0;8.6;8.3;8.6;8.2;7.8;325;0;0;1
25040700;4;3;1;0;4.6;5.4;10.2;7.5;79.6;0;8.7;8.2;8.6;8.5;7.8;325;0;0;1
25041600;4;7;0;0;4.5;7.5;9.9;7.2;80.4;0;8.5;8.4;8.7;8.4;7.8;330.5555556;0;0;1.7
25042500;4;6;0;0;5.1;7.4;9.9;7;80.6;0;9.1;8.5;9;9;7.8;330.5555556;0;0;1.7
25043400;5;6;0;0;6.2;6.8;9.8;7.1;80.6;0;9.6;8.6;9.5;9.4;7.8;330.5555556;0;0;1.7
25044300;5;6;7;25;6;6.9;9.7;7.4;81.1;0;8.2;7.9;8.2;7.6;7.8;330.5555556;0;0;1.7
25045200;6;6;0;0;6.4;7.1;9.9;7.1;81.1;0;8.2;7.8;8.2;7.6;7.7;338.8888889;0;0;1.8
25046100;4;6;1;0;5.6;6.8;10.1;6.9;81.1;0;8.3;8;8.3;7.7;7.7;338.8888889;0;0;1.8
25047000;6;4;0;0;6.9;6;10.2;7;81.1;0;8.7;8.1;8.7;8.1;7.7;338.8888889;0;0;1.8
25047900;6;3.5;0;0;6.9;5.4;10.25;7.05;80.9;0;9.1;8.25;9.1;8.4;7.7;338.8888889;0;0;1.8
25048800;6;3;0;0;6.9;4.8;10.3;7.1;80.7;0;9.5;8.4;9.5;8.7;7.3;330.5555556;0;0;0.7
25049700;6;3;0;0;7.4;4.8;10.3;7.1;80.1;0;9.8;8.5;9.7;9;7.3;330.5555556;0;0;0.7
25050600;6;3;0;0;7.4;4.8;10.2;7.1;79.6;0;10;8.6;9.8;9.4;7.3;330.5555556;0;0;0.7
25051500;5;5;26;70;5.7;5.9;9.8;7.1;80.4;0;9.1;8.4;9.1;8.8;7.3;330.5555556;0;0;0.7
25052400;3;6;4;13;3.7;6.8;9.5;6.8;80.9;0;7.3;7.2;7.5;7.1;6.3;291.6666667;0;0;0.7
25053300;3;6;0;0;4.1;7.2;9.2;6.6;81.7;0;7.6;7.4;7.7;7.4;6.3;291.6666667;0;0;0.7
25054200;3;6;0;0;4.2;7;8.8;6.6;82.8;0;7.9;7.6;7.9;7.8;6.3;291.6666667;0;0;0.7
25055100;4;6;0;0;4.7;6.3;8.6;6.6;83.9;0;8.3;7.8;8.2;8.2;6.3;291.6666667;0;0;0.7
25056000;4;3;0;0;5.4;4.8;8.4;6.4;84.6;0;8.2;7.8;8.1;8.6;5.7;300;0;0;1.1
25056900;3;5;1;1;5.1;5.9;8.4;6.2;84.6;0;7.9;7.5;7.9;8.7;5.7;300;0;0;1.1
25057800;4;6;0;0;5.5;6.6;8.4;6.2;84.4;0;7.9;7.4;8;9.6;5.7;300;0;0;1.1
25058700;6;5;0;0;7.5;6.1;8.5;6.2;84.1;0;8.6;7.3;8.5;10.6;5.7;300;0;0;1.1
25059600;4;5;21;68;5.6;5.9;8.5;6.3;83.9;0;8.1;7.1;8.1;9;5.6;305.5555556;0;0;2.2
25060500;1;5;6;20;2.1;5.1;8.6;6.4;83.6;0;6.4;6.1;6.4;6.2;5.6;305.5555556;0;0;2.2
25061400;2;6;0;0;2.5;6.5;8.6;5.9;83.3;0;6.6;6.2;6.7;6.5;5.6;305.5555556;0;0;2.2
25062300;3;6;1;9;3.8;6.4;8.6;5.7;83.1;0;6.7;6.6;6.9;6.5;5.6;305.5555556;0;0;2.2
25063200;4;6;0;0;4.6;7;8.7;5.5;82.7;0;7;6.7;7.2;7;5.1;288.8888889;0;0;3
25064100;4;5;0;0;4.6;6.2;8.4;5.4;82.9;0;7.6;6.7;7.5;7.4;5.1;288.8888889;0;0;3
25065000;4;5;0;0;5.2;5.4;8.5;5.3;83.1;0;8;6.7;7.9;7.8;5.1;288.8888889;0;0;3
25065900;5;5;0;0;6.5;5;8.9;5.3;83.1;0;8.3;6.7;8.2;8.7;5.1;288.8888889;0;0;3
25066800;6;5;0;0;7.1;5.1;9.2;5;82.8;0;8.6;7;8.5;10;5.9;341.6666667;0;0;2.9
25067700;6;2;0;0;7.1;4.2;9.3;5;82.5;0;8.5;7.4;8.3;10.8;5.9;341.6666667;0;0;2.9
25068600;6;3;0;0;7.1;4.1;9.2;5.2;82.3;0;8.4;7.6;8.2;11;5.9;341.6666667;0;0;2.9
25069500;6;4;0;0;7.6;5.4;9.4;5.3;82.1;0;9.1;7.8;8.2;11.1;5.9;341.6666667;0;0;2.9
25070400;4;6;26;75;5.5;7;9.4;4.9;82;0;8.6;7.8;8.1;9.2;6.2;341.6666667;0;0;1.8
25071300;2;5;5;12;3.4;5.7;9.6;4.9;82;0;7;7;7.2;6.8;6.2;341.6666667;0;0;1.8
25072200;3;5;0;0;3.9;6;9.7;4.8;81.6;0;7.4;7.2;7.5;7.1;6.2;341.6666667;0;0;1.8
25073100;3;5;0;0;4;6;9.8;4.7;81.6;0;7.7;7.5;7.8;7.5;6.2;341.6666667;0;0;1.8
25074000;4;5;0;0;4.3;5.5;10;4.5;81.5;0;8.1;7.8;8.1;7.9;6.4;341.6666667;2.777777778;2.777777778;1.6
25074900;4;4;0;0;4.8;4.7;10;4.5;81.1;0;8.4;8.1;8.4;8.3;6.4;341.6666667;2.777777778;2.777777778;1.6
25075800;4;2;0;0;5.7;4.1;10.2;4.9;81.1;0;8.5;8.2;8.5;8.8;6.4;341.6666667;2.777777778;2.777777778;1.6
25076700;3;5;1;0;4.7;5.7;10.3;5.6;81.1;0;8.5;8.3;8.7;8.8;6.4;341.6666667;2.777777778;2.777777778;1.6
25077600;3;6;21;78;3.8;6.6;10;5.6;81.5;1;8.5;8.3;8.6;8.6;7;341.6666667;27.77777778;27.77777778;1.3
25078500;1;5;8;28;2.5;5.8;9.9;5.6;82.1;1.3;7.4;7.3;7.5;7;7;341.6666667;27.77777778;27.77777778;1.3
25079400;2;5;0;0;3.2;6;10.3;6.1;81.4;1;7.8;7.6;7.8;7.3;7;341.6666667;27.77777778;27.77777778;1.3
25080300;3;5;0;0;3.8;6;10.8;6.3;80;0.8;8.1;7.9;8.1;7.7;7;341.6666667;27.77777778;27.77777778;1.3
25081200;3;2;0;0;4.2;4.9;11;6.7;78.8;26.5;8.5;8.2;8.6;8;7.8;344.4444444;72.22222222;72.22222222;1.5
25082100;3;6;10;41;3.7;6.6;10.9;6.9;78.8;39.3;9.2;9;9.2;8.1;7.8;344.4444444;72.22222222;72.22222222;1.5
25083000;2;5;25;85;3.2;6.4;11.2;7.1;78;39.3;8;8;8.2;7.6;7.8;344.4444444;72.22222222;72.22222222;1.5
25083900;2;5;0;0;3.1;5.6;11.5;7.2;75.8;39.3;8.1;8;8.3;7.5;7.8;344.4444444;72.22222222;72.22222222;1.5
25084800;2;5;31;114;3.5;6.5;11.4;8;75.4;101.4;8.6;8.3;8.8;7.9;8.3;347.2222222;69.44444444;69.44444444;1.2
25085700;2;5;0;0;2.4;6.1;11.6;8.4;75.6;132.4;8.3;8.4;8.6;7.5;8.3;347.2222222;69.44444444;69.44444444;1.2
25086600;2;5;0;1;3.4;6.1;11.9;8.4;74.5;132.4;8.8;9.3;9.5;8;8.3;347.2222222;69.44444444;69.44444444;1.2
25087500;3;6;32;121;4.1;7.1;11.9;8.4;73.9;132.4;9.2;9.2;9.5;8.4;8.3;347.2222222;69.44444444;69.44444444;1.2
25088400;2;5;15;50;3.1;6.2;12.1;9.5;74;185.7;8;7.9;8.1;7.2;8.5;347.2222222;127.7777778;127.7777778;1
25089300;2;5;0;0;3.3;5.6;12.2;10;73.1;212.3;8.3;8.2;8.4;7.4;8.5;347.2222222;127.7777778;127.7777778;1
25090200;3;5;0;0;3.9;5.6;12.2;9.9;72.9;212.3;8.7;8.5;8.8;7.7;8.5;347.2222222;127.7777778;127.7777778;1
25091100;3;2;0;0;4.3;4.3;12.2;9.5;72.5;212.3;9.4;9.2;9.6;8.1;8.5;347.2222222;127.7777778;127.7777778;1
25092000;5;7;29;66;6.2;7.8;12;10.6;72.5;277.6;10.7;10.9;11.1;10;9.1;344.4444444;230.5555556;238.8888889;0.9
25092900;6;8;33;71;7;8.7;12.5;11.1;71.8;310.3;10.7;10.7;10.8;9.9;9.1;344.4444444;230.5555556;238.8888889;0.9
25093800;6;8;33;72;7;8.7;13.4;10.3;68.9;310.1;11.2;11.1;11.3;10.3;9.1;344.4444444;230.5555556;238.8888889;0.9
25094700;7;9;33;76;7.7;9.6;14.1;9.9;66.6;310;12.3;12.2;12.2;11.5;9.1;344.4444444;230.5555556;238.8888889;0.9
25095600;8;11;33;82;9.3;11.4;14.3;11;64.8;367.7;14.2;13.9;14.1;13.2;10.3;291.6666667;186.1111111;516.6666667;1.7
25096500;10;12;33;85;10.8;12.9;13.6;11.5;67;396.6;15.5;15.5;15.6;14.5;10.3;291.6666667;186.1111111;516.6666667;1.7
25097400;11;13;33;87;11.7;14;12.9;10.4;68.7;402.1;16.5;16.5;16.6;15.5;10.3;291.6666667;186.1111111;516.6666667;1.7
25098300;12;14;33;89;12.5;14.8;12.9;9.8;69.4;404.9;17.2;17.4;17.4;16.3;10.3;291.6666667;186.1111111;516.6666667;1.7
25099200;12;15;33;88;13.2;15.5;13.2;10.7;68.8;419.6;17.9;18;17.9;16.8;11.5;288.8888889;144.4444444;436.1111111;1.8
25100100;13;15;33;90;13.5;15.9;13.4;11.2;67.8;427;18.3;18.3;18.4;17.2;11.5;288.8888889;144.4444444;436.1111111;1.8
25101000;13;16;33;90;14;16.2;13.8;10.9;66.3;427;18.6;18.7;18.7;17.6;11.5;288.8888889;144.4444444;436.1111111;1.8
25101900;13;16;33;92;14;16.6;14.3;10.2;64.7;427;18.8;19;19;17.8;11.5;288.8888889;144.4444444;436.1111111;1.8
25102800;13;16;40;135;14.2;16.8;14.8;10.9;63;388.6;19;19.1;19.2;17.9;12.4;297.2222222;158.3333333;313.8888889;2.2
25103700;11;14;40;164;12;15.6;14.9;11.3;62.4;369.4;17.3;17.3;17.4;16.4;12.4;297.2222222;158.3333333;313.8888889;2.2
25104600;11;14;39;119;12.3;15;15.1;11.2;62.6;369.4;16.8;16.8;16.9;15.6;12.4;297.2222222;158.3333333;313.8888889;2.2
25105500;8;13;37;217;8.7;13.7;15.3;11;62.1;369.4;15.4;15.4;15.4;14.5;12.4;297.2222222;158.3333333;313.8888889;2.2
25106400;7;11;43;195;8.4;12.3;15.4;11.7;61.1;312.3;14.2;14.1;14.2;13.1;12.8;291.6666667;77.77777778;222.2222222;2.5
25107300;7;11;38;176;8.1;11.7;15.4;12;61.6;283.7;13.8;13.8;13.9;12.7;12.8;291.6666667;77.77777778;222.2222222;2.5
25108200;7;10;43;127;8.6;11.1;15.2;12.1;62;283.7;13;13;13.2;11.8;12.8;291.6666667;77.77777778;222.2222222;2.5
25109100;7;10;36;119;7.9;10.7;14.9;12.2;63.1;283.7;12.5;12.4;12.7;11.4;12.8;291.6666667;77.77777778;222.2222222;2.5
25110000;5;8;43;168;5.8;9.3;14.8;12.3;64.8;204.9;11;10.8;11.1;10.1;11.7;288.8888889;33.33333333;52.77777778;1.8
25110900;4;7;40;114;5.2;7.9;14.6;12.3;67.4;165.5;9.8;9.5;9.8;8.7;11.7;288.8888889;33.33333333;52.77777778;1.8
25111800;4;6;35;72;5.7;7.3;14.2;12.3;68.5;165.5;9.3;9;9.4;8.3;11.7;288.8888889;33.33333333;52.77777778;1.8
25112700;5;6;23;39;6;7.2;13.7;12.2;70.6;165.5;9.2;9;9.4;8.3;11.7;288.8888889;33.33333333;52.77777778;1.8
25113600;3;6;25;85;3.9;6.5;13.1;12.1;72.8;104.5;8.2;8.1;8.3;7.6;10.7;297.2222222;2.777777778;2.777777778;2.7
25114500;3;5;0;0;4.3;6.3;12.6;12.1;74.6;74;8.2;8.2;8.4;7.5;10.7;297.2222222;2.777777778;2.777777778;2.7
25115400;4;4;0;0;4.4;5.9;12.2;12.3;75.5;74;8.7;8.6;8.8;7.9;10.7;297.2222222;2.777777778;2.777777778;2.7
25116300;4;4;1;1;4.7;6;11.8;12.4;76.6;74;9.1;9.1;9.2;8.1;10.7;297.2222222;2.777777778;2.777777778;2.7
25117200;2;6;26;99;3.8;7.1;11.5;12.1;77.5;33.9;9;8.9;9.1;8.3;9.8;302.7777778;0;0;3.5
25118100;2;5;2;8;2.8;5.7;11.3;11.9;78.3;7.2;7.8;7.6;7.8;7.3;9.8;302.7777778;0;0;3.5
25119000;2;5;0;0;3.5;5.7;11.2;11.3;78.8;7.2;8.1;7.8;8.1;7.6;9.8;302.7777778;0;0;3.5
25119900;3;5;0;0;4.1;6.1;11.2;11;79.1;7.2;8.4;8.1;8.4;8;9.8;302.7777778;0;0;3.5
25120800;4;6;1;1;4.4;6.2;11;10.6;80.2;0;8.8;8.3;8.7;8.3;9.3;291.6666667;0;0;3.4
25121700;2;6;27;98;3.2;6.3;10.8;10.6;80.3;0;7.9;7.5;7.9;7.5;9.3;291.6666667;0;0;3.4
25122600;2;5;0;0;2.8;6.5;10.5;10.3;80.8;0;7.6;7.3;7.6;7.1;9.3;291.6666667;0;0;3.4
25123500;3;5;0;0;3.5;5.8;10.4;10.1;81.3;0;7.9;7.4;7.9;7.5;9.3;291.6666667;0;0;3.4
25124400;3;4;0;0;4;5.1;10.3;9.5;81.7;0;8.2;7.5;8.1;7.9;8.8;286.1111111;0;0;3.2
25125300;3;4;1;2;4.1;5.4;10;9.5;82;0;8.3;7.8;8.3;7.9;8.8;286.1111111;0;0;3.2
25126200;3;6;0;0;4.1;6.6;9.9;9.2;82.3;0;8.6;8.1;8.6;8.3;8.8;286.1111111;0;0;3.2
25127100;2;5;28;102;3.5;6.2;9.8;9;82.5;0;8.1;7.6;8;7.8;8.8;286.1111111;0;0;3.2
25128000;1;4;0;0;2;5.3;9.8;8.7;82.9;0;7.3;7;7.3;6.9;8.1;291.6666667;0;0;3.2
25128900;1;4;0;0;2.4;5.3;9.8;8.7;83;0;7.6;7.1;7.6;7.2;8.1;291.6666667;0;0;3.2
25129800;3;5;1;1;3.4;5.7;9.7;8.7;82.8;0;7.7;7.6;7.9;7.3;8.1;291.6666667;0;0;3.2
25130700;3;6;0;0;4;7.1;9.6;8.7;83.3;0;8;7.8;8.1;7.7;8.1;291.6666667;0;0;3.2
25131600;3;5;0;0;4.4;6.5;9.6;8.6;83.3;0;8.5;8;8.4;8.2;7.3;280.5555556;0;0;2.7
25132500;3;5;24;81;3.8;5.8;9.4;8.6;83.3;0;8;7.4;8;7.6;7.3;280.5555556;0;0;2.7
25133400;1;4;3;12;1.9;4.8;9.2;8.6;83.3;0;6.6;6.3;6.7;6.4;7.3;280.5555556;0;0;2.7
25134300;1;4;1.5;6;2.25;4.8;9.05;8;83.9;0;6.85;6.6;6.9;6.7;7.3;280.5555556;0;0;2.7
25135200;1;4;0;0;2.6;4.8;8.9;7.4;84.5;0;7.1;6.9;7.1;7;7.7;277.7777778;0;0;2.8
25136100;2;4;0;0;3.1;4.8;8.8;7.1;84.6;0;7.3;7.1;7.2;7.3;7.7;277.7777778;0;0;2.8
25137000;2;4;0;0;3.7;5.1;8.6;7.1;85;0;7.4;7.1;7.3;7.7;7.7;277.7777778;0;0;2.8
25137900;3;5;0;1;4.5;5.6;8.6;7.1;85.1;0;7.4;7;7.4;7.7;7.7;277.7777778;0;0;2.8
25138800;4;6;0;0;5.4;6.6;8.5;6.7;85.1;0;7.6;6.9;7.7;8.2;7.4;277.7777778;0;0;2.9
25139700;5;6;0;0;6.5;7.1;8.4;6.6;85.3;0;8.5;6.9;8;8.9;7.4;277.7777778;0;0;2.9
25140600;5;5;23;74;4.8;5.9;8.4;6.6;85.3;0;7.9;6.7;7.7;8.1;7.4;277.7777778;0;0;2.9
25141500;1;4;5;14;1.6;4.7;8.3;6.6;85.4;0;6.2;5.8;6.2;5.9;7.4;277.7777778;0;0;2.9
25142400;1;4;0;0;2.5;4.9;8.3;6.3;85.3;0;6.5;6;6.5;6.3;7;277.7777778;0;0;2.8
25143300;2;3;0;0;2.9;4.6;8.2;6.2;85.3;0;6.7;6;6.6;6.7;7;277.7777778;0;0;2.8
25144200;2;3;1;2;3.3;4;8.1;6.2;85.3;0;6.6;6.1;6.6;6.8;7;277.7777778;0;0;2.8
25145100;2;5;0;0;3.3;5.6;7.9;6.2;85.3;0;6.8;6.3;6.8;7.1;7;277.7777778;0;0;2.8
25146000;3;4;0;0;4.7;5.5;7.9;6.9;85.3;0;7.5;6.3;7.2;7.7;7;300;0;0;2.5
25146900;5;4;0;0;6;4.3;7.9;7.1;85.3;0;8.1;6.4;7.8;8.6;7;300;0;0;2.5
25147800;4;5;13;44;6.1;5.8;8.2;7.2;85.3;0;8;6.4;7.8;8.6;7;300;0;0;2.5
25148700;0;4;15;47;1.7;4.5;8.4;7.3;85.3;0;6;5.6;5.9;5.8;7;300;0;0;2.5
25149600;1;4;0;0;1.9;4.8;8.8;7.4;85.3;0;6.3;5.8;6.2;5.9;7.2;330.5555556;0;0;4.9
25150500;2;4;0;0;2.5;4.9;9.2;7.5;84.9;0;6.6;6.1;6.5;6.3;7.2;330.5555556;0;0;4.9
25151400;2;3;0;0;3.3;4.4;9.3;7.4;84.3;0;7;6.5;6.9;6.7;7.2;330.5555556;0;0;4.9
25152300;2;1;1;1;3.5;3.7;9.5;7.1;84.1;0;7.3;6.8;7.3;7.1;7.2;330.5555556;0;0;4.9
25153200;2;5;0;0;3.1;6.1;9.6;7.4;83.8;0;7.6;7.3;7.8;7;7.6;336.1111111;0;0;4.6
25154100;2;4;0;0;3.7;5.6;9.7;7.5;83.8;0;7.8;7.5;7.9;7.7;7.6;336.1111111;0;0;4.6
25155000;3;4;15;42;4.4;4.9;9.9;7.4;83.5;0;8.2;7.7;8.1;7.9;7.6;336.1111111;0;0;4.6
25155900;1;5;13;47;2;5.7;10;7.3;82.8;0;6.9;6.8;7;6.6;7.6;336.1111111;0;0;4.6
25156800;1;5;0;0;2.5;5.8;10.1;7.5;82.6;0;7.2;7.1;7.2;6.8;7.9;341.6666667;0;0;3.6
25157700;2;4;0;0;3.2;5.4;10.3;7.6;82.3;0;7.5;7.3;7.6;7.1;7.9;341.6666667;0;0;3.6
25158600;3;2;0;0;3.9;4.1;10.3;7.6;82.3;0;7.9;7.6;7.9;7.5;7.9;341.6666667;0;0;3.6
25159500;2;3;1;2;3.5;4.7;10.4;7.5;82.1;0;8.3;8.1;8.4;7.6;7.9;341.6666667;0;0;3.6
25160400;2;5;32;114;2.7;6.2;10.5;7.6;81.6;0;7.9;7.7;8;7.3;7.9;347.2222222;2.777777778;2.777777778;3.5
25161300;1;4;0;0;2.1;5.1;10.5;7.7;81.6;0;7.3;7.2;7.3;6.7;7.9;347.2222222;2.777777778;2.777777778;3.5
25162200;2;4;0;0;2.9;5;10.7;7.7;81.8;0;7.6;7.4;7.6;7;7.9;347.2222222;2.777777778;2.777777778;3.5
25163100;3;4;0;0;3.5;5;10.9;7.8;80.7;0;7.9;7.7;8;7.3;7.9;347.2222222;2.777777778;2.777777778;3.5
25164000;3;5;21;76;3.6;5.5;11.1;8.2;80.3;0.3;8.1;7.9;8.2;7.5;8.4;352.7777778;19.44444444;19.44444444;3.3
25164900;4;7;0;0;5.4;6.8;11.2;8.4;80.3;0.5;7.7;7.7;7.8;7.1;8.4;352.7777778;19.44444444;19.44444444;3.3
25165800;3;6;28;85;4.3;6.8;11.4;8.5;79.3;0.5;8;8;8.2;7.5;8.4;352.7777778;19.44444444;19.44444444;3.3
25166700;1;4;8;27;2.4;5.3;11.6;8.5;78.2;0.5;7.2;7.1;7.3;6.5;8.4;352.7777778;19.44444444;19.44444444;3.3
25167600;2;4;0;0;2.8;5;11.8;8.9;78;7.7;7.6;7.4;7.6;6.8;9.8;358.3333333;55.55555556;55.55555556;3.6
25168500;2;4;0;0;3.4;4.9;12;9.1;78;11.3;8;7.7;8;7.1;9.8;358.3333333;55.55555556;55.55555556;3.6
25169400;2;5;27;99;3.5;5.7;12.3;8.6;77;11.3;8.8;8.6;8.9;7.8;9.8;358.3333333;55.55555556;55.55555556;3.6
25170300;4;5;17;57;4.4;6.1;12.6;8.4;76;11.3;7.9;7.9;8;7.1;9.8;358.3333333;55.55555556;55.55555556;3.6
25171200;5;5;2;1;5.4;6;12.6;9.1;75.4;46.5;8.4;8.8;8.9;7.3;9.9;363.8888889;69.44444444;69.44444444;3.6
25172100;3;6;43;153;4.2;7.1;13;9.5;75.2;64.1;9.1;9.1;9.2;8.4;9.9;363.8888889;69.44444444;69.44444444;3.6
25173000;2;5;43;147;3;5.9;13.5;9.4;74;64.1;7.7;7.7;7.8;7;9.9;363.8888889;69.44444444;69.44444444;3.6
25173900;1;4;36;119;2.5;5.3;13.6;9.4;75.1;64.1;7.2;7.1;7.3;6.3;9.9;363.8888889;69.44444444;69.44444444;3.6
25174800;2;5;0;0;2.9;5.2;13.5;10.3;77;105.4;7.7;7.8;7.8;6.3;10.9;366.6666667;77.77777778;77.77777778;3.2
25175700;2;5;7;15;3;5.6;13.7;10.7;78.8;126;8.4;9;9.1;7;10.9;366.6666667;77.77777778;77.77777778;3.2
25176600;2;6;43;158;3.7;6.9;14;10.9;79.3;118.9;8.7;8.6;8.7;7.9;10.9;366.6666667;77.77777778;77.77777778;3.2
25177500;2;5;43;147;3;6;14.6;11;79.3;115.3;7.8;7.6;7.8;7.1;10.9;366.6666667;77.77777778;77.77777778;3.2
25178400;3;5;23;87;4;6;15.3;11.8;77.6;113.8;8.1;7.9;8.1;7.1;13;372.2222222;136.1111111;136.1111111;3.8
25179300;5;6;14;50;5.4;6.5;15.9;12.2;75.3;113.1;9.5;9.8;10.1;8.5;13;372.2222222;136.1111111;136.1111111;3.8
25180200;4;8;39;146;5.3;8.7;16.4;11.5;73.2;110.6;10.7;10.5;10.7;9.9;13;372.2222222;136.1111111;136.1111111;3.8
25181100;4;7;43;165;5.1;8.5;16.6;11.1;72.2;109.4;10.5;10.3;10.4;9.7;13;372.2222222;136.1111111;136.1111111;3.8
25182000;4;7;41;136;5.4;8.2;16.5;11.8;72;123.6;10.6;10.4;10.5;9.6;13.5;372.2222222;155.5555556;155.5555556;3.1
25182900;5;8;39;102;6.2;8.5;16.6;12.1;73.3;130.7;10.9;10.8;10.9;10.1;13.5;372.2222222;155.5555556;155.5555556;3.1
25183800;6;8;42;80;7.3;8.8;17;11.9;73.1;130.7;11.3;11.2;11.4;10.5;13.5;372.2222222;155.5555556;155.5555556;3.1
25184700;5;8;43;173;5.8;9.4;17.6;11.8;70.7;130.7;11.3;11.1;11.3;10.7;13.5;372.2222222;155.5555556;155.5555556;3.1
25185600;4;8;38;142;5.8;8.8;17.7;12.5;68.2;145.5;11;10.8;11;10.1;14.2;375;130.5555556;130.5555556;2.8
25186500;6;8;35;90;6.7;9.1;17.4;12.8;68.4;152.9;11.4;11.4;11.5;10.4;14.2;375;130.5555556;130.5555556;2.8
25187400;5;9;33;132;6.4;9.6;17.2;13.5;69.6;152.9;11.6;11.6;11.8;10.7;14.2;375;130.5555556;130.5555556;2.8
25188300;4;8;43;171;5.5;9.2;17.5;13.9;67.4;152.9;11.1;11;11.2;10.2;14.2;375;130.5555556;130.5555556;2.8
25189200;6;8;40;144;6.2;9.2;17.7;14.7;66.3;205.2;11.6;11.4;11.6;10.4;15.4;375;108.3333333;111.1111111;3.6
25190100;6;9;43;124;7.4;9.6;18.2;15.1;65.3;231.3;12.2;12.1;12.3;11.1;15.4;375;108.3333333;111.1111111;3.6
25191000;6;9;37;147;7;10;18;14.8;64.7;231.3;12.4;12.2;12.4;11.4;15.4;375;108.3333333;111.1111111;3.6
25191900;5;9;43;172;6.4;9.8;18.3;14.7;63.8;231.3;11.7;11.5;11.7;10.7;15.4;375;108.3333333;111.1111111;3.6
25192800;6;9;28;107;6.9;9.7;18.4;15.3;62.1;212.5;11.9;11.7;12;10.9;15.6;380.5555556;58.33333333;58.33333333;4.2
25193700;6;9;39;102;7.5;9.7;18.4;15.6;60.8;203.1;12;11.7;12.1;10.9;15.6;380.5555556;58.33333333;58.33333333;4.2
25194600;6;9;42;137;7;9.9;18.6;15.2;60;203.1;12.1;11.6;12;11;15.6;380.5555556;58.33333333;58.33333333;4.2
25195500;6;9;43;110;7.3;9.7;18.7;15;58.8;203.1;11.9;11.6;12.1;10.8;15.6;380.5555556;58.33333333;58.33333333;4.2
25196400;6;9;43;117;7.3;9.7;18.6;15.3;58.8;151.7;12.1;11.8;12.2;11.1;15.7;366.6666667;38.88888889;52.77777778;3.1
25197300;7;9;43;118;7.3;9.7;18.7;15.5;59.5;126;12.1;11.9;12.3;11;15.7;366.6666667;38.88888889;52.77777778;3.1
25198200;7;9;43;123;7.3;9.9;18.9;15.6;58.4;126;12.5;11.9;12.5;11.3;15.7;366.6666667;38.88888889;52.77777778;3.1
25199100;7;9;43;122;7.3;10.2;18.8;15.7;58.1;126;12.4;11.8;12.6;11.3;15.7;366.6666667;38.88888889;52.77777778;3.1
25200000;7;9;43;111;7.3;10.1;18.2;15.5;60.5;80.8;12;11.6;12.1;11;15;344.4444444;2.777777778;2.777777778;3.2
25200900;6;9;43;97;7.3;9.5;17.6;15.4;63.8;58.2;11.5;11;11.5;10.5;15;344.4444444;2.777777778;2.777777778;3.2
25201800;6;8;38;70;7.3;8.9;16.9;15.3;67.1;58.2;11;10.5;10.9;10.1;15;344.4444444;2.777777778;2.777777778;3.2
25202700;5;8;39;102;6.7;8.7;16.4;15.2;69.3;58.2;10.9;10.4;10.8;10.1;15;344.4444444;2.777777778;2.777777778;3.2
25203600;5;7;39;93;6.2;8.4;16;14.9;70.7;24.1;10.4;9.8;10.2;9.5;14;327.7777778;0;0;3.7
25204500;5;7;31;67;6.6;8;15.6;14.8;72;7;9.8;9.4;9.8;9;14;327.7777778;0;0;3.7
25205400;6;7;0;0;6.6;7.7;15.4;15.1;73;7;9.9;9.7;10;8.9;14;327.7777778;0;0;3.7
25206300;6;7;26;75;6.4;8.2;15;15.2;74;7;10.4;10.1;10.5;9.5;14;327.7777778;0;0;3.7
25207200;6;7;0;0;7.1;7.7;14.9;15;75.2;2.3;10.1;9.9;10.3;9.1;13.6;319.4444444;0;0;3.9
25208100;5;8;27;79;6.5;8.3;14.7;14.9;75.7;0;10.6;10.3;10.7;9.7;13.6;319.4444444;0;0;3.9
25209000;6;7;28;57;6.7;8.2;14.4;14.7;76.4;0;10.2;9.8;10.2;9.4;13.6;319.4444444;0;0;3.9
25209900;4;7;39;89;5.7;7.6;14.1;14.6;77.2;0;9.5;9.1;9.5;8.7;13.6;319.4444444;0;0;3.9
25210800;6;6;12;18;6.3;7.2;14;13.9;77.8;0;9.4;9.1;9.5;8.4;13.1;313.8888889;0;0;4
25211700;6;6;20;48;6.4;7.7;14;13.5;78.7;0;9.7;9.5;9.8;8.8;13.1;313.8888889;0;0;4
25212600;6;7;2;2;6.6;7.7;14.1;13.3;78.8;0;10.1;9.8;10.3;8.9;13.1;313.8888889;0;0;4
25213500;5;7;26;74;6.6;8.4;14;12.8;78.8;0;10.4;10;10.4;9.6;13.1;313.8888889;0;0;4
25214400;6;7;0;0;7.1;8.2;13.9;12.7;78.8;0;10.4;10.2;10.6;9.3;13;311.1111111;0;0;3.6
25215300;6;7;32;76;6.6;8.4;13.8;12.7;78.8;0;10.5;10.1;10.5;9.7;13;311.1111111;0;0;3.6
25216200;6;7;16;28;7.3;8.2;13.7;13.2;78.6;0;10.2;10;10.3;9.3;13;311.1111111;0;0;3.6
25217100;6;8;24;61;6.7;8.5;13.7;13.4;77.5;0;10;9.8;10.2;9.3;13;311.1111111;0;0;3.6
25218000;6;7;0;0;6.8;7.7;13.7;13.2;77.3;0;9.9;9.8;10.2;9;12.3;305.5555556;0;0;3.7
25218900;5;7;25;70;6.6;8.2;13.6;13.1;77.2;0;10.1;9.9;10.3;9.4;12.3;305.5555556;0;0;3.7
25219800;6;7;23;48;6.6;7.9;13.5;12.9;75.2;0;10.1;9.7;10.1;9.4;12.3;305.5555556;0;0;3.7
25220700;6;6.5;15.5;29.5;6.6;7.55;13.5;10.95;75.2;0;9.6;9.3;9.7;8.8;12.3;305.5555556;0;0;3.7
25221600;6;6;8;11;6.6;7.2;13.5;9;75.2;0;9.1;8.9;9.3;8.2;12.1;300;0;0;4.4
25222500;6;6;10;17;6.7;7.3;13.3;7.1;75.5;0;9.7;9.4;9.9;8.7;12.1;300;0;0;4.4
25223400;6;7;24;53;6.1;7.8;13.4;7.1;73.2;0;9.8;9.3;9.7;9.1;12.1;300;0;0;4.4
25224300;3;6;43;159;3.8;7;13.5;7.1;71.5;0;9;8.4;8.7;8.3;12.1;300;0;0;4.4
25225200;2;5;26;89;3.6;5.8;13.6;6.7;70.8;0;7.9;7.3;7.6;6.9;11.8;300;0;0;4.1
25226100;4;5;0;0;4.8;5.9;13.3;6.6;72.9;0;8.1;7.6;7.8;6.9;11.8;300;0;0;4.1
25227000;3;3;0;0;4.3;5.3;12.9;6.6;74.8;0;8.5;8;8.3;7.3;11.8;300;0;0;4.1
25227900;3;2;0;0;4.3;4.7;12.8;6.6;75.4;0;9;8.5;8.8;7.6;11.8;300;0;0;4.1
25228800;4;3;11;29;4.6;5.3;12.5;6.3;76.2;0;9.8;9;9.4;8.2;11.5;300;0;0;4.9
25229700;2;6;42;154;3.5;6.7;12.3;6.2;76.6;0;8.4;8;8.3;7.7;11.5;300;0;0;4.9
25230600;2;5;0;1;3;5.7;12.1;6.2;77.7;0;7.7;7.5;7.7;6.7;11.5;300;0;0;4.9
25231500;3;4;0;0;3.4;5.7;11.7;6.2;78.8;0;8;7.7;7.9;7;11.5;300;0;0;4.9
25232400;3;5;0;0;3.7;5.6;11.3;9.5;79.4;0;8.3;8;8.3;7.4;11.1;297.2222222;0;0;4.3
25233300;2;5;30;107;3.4;5.7;11.1;11.2;80.2;0;8.4;8;8.3;7.6;11.1;297.2222222;0;0;4.3
25234200;1;5;1;7;2;5.7;10.9;11.3;80.7;0;7.4;7.2;7.5;6.7;11.1;297.2222222;0;0;4.3
25235100;2;4;0;0;3;5.2;10.8;11.5;81;0;7.7;7.5;7.7;7.1;11.1;297.2222222;0;0;4.3
25236000;3;5;0;0;3.6;5.2;10.6;11.3;81.4;0;8.1;7.7;8;7.4;9.9;294.4444444;0;0;3.7
25236900;3;5;0;0;4;5.2;10.6;11.2;82.3;0;8.5;8;8.4;7.7;9.9;294.4444444;0;0;3.7
25237800;2;5;41;147;3.1;6.2;10.9;11.2;81.3;0;8.2;7.8;8.2;7.8;9.9;294.4444444;0;0;3.7
25238700;1;4;3;10;2.3;5.2;11;11.2;80.4;0;7.4;7.2;7.4;6.8;9.9;294.4444444;0;0;3.7
25239600;2;4;0;0;2.9;5.2;11;11.1;79.9;0;7.7;7.4;7.7;7.1;10.1;294.4444444;0;0;4.3
25240500;2;4;0;0;3.4;5.2;10.8;11;80.4;0;8;7.7;7.9;7.4;10.1;294.4444444;0;0;4.3
25241400;3;4;15;56;3.5;5;10.5;11;80.4;0;8.4;8;8.4;7.7;10.1;294.4444444;0;0;4.3
25242300;1;5;16;53;2.2;5.4;10.4;10.9;80.8;0;7.2;7;7.2;6.8;10.1;294.4444444;0;0;4.3
25243200;1;4;0;0;2.4;5.2;10.4;10.6;80.9;0;7.6;7.3;7.6;6.9;10.8;297.2222222;0;0;4.5
25244100;2;2;0;0;2.8;4.8;10.5;10.4;80.8;0;8.2;7.7;8;7.3;10.8;297.2222222;0;0;4.5
25245000;2;2;0;0;3.1;4.7;10.6;10;80.3;0;8.4;7.9;8.3;7.5;10.8;297.2222222;0;0;4.5
25245900;2;4;33;109;3.5;6;10.4;9.4;79.9;0;8.4;7.8;8.2;7.8;10.8;297.2222222;0;0;4.5
25246800;2;4;3;13;2.6;5.3;10.2;9.4;80.2;0;7.2;6.9;7.1;6.6;10.5;297.2222222;2.777777778;2.777777778;4.3
25247700;2;4;0;0;3;5.3;10.1;9.4;81;0;7.5;7.2;7.4;7;10.5;297.2222222;2.777777778;2.777777778;4.3
25248600;2;4;0;0;3.4;5.3;9.9;9.6;81;0;7.9;7.4;7.7;7.3;10.5;297.2222222;2.777777778;2.777777778;4.3
25249500;3;4;0;0;3.9;4.5;9.9;10;81;0;8.2;7.6;8;7.7;10.5;297.2222222;2.777777778;2.777777778;4.3
25250400;2;4;28;97;2.6;5.4;9.9;10.4;81.5;0.7;7.6;7.1;7.4;7;11.5;297.2222222;33.33333333;72.22222222;3.6
25251300;1;4;0;0;1.9;5.3;10.1;10.5;81.5;1;7.2;6.8;7.1;6.6;11.5;297.2222222;33.33333333;72.22222222;3.6
25252200;2;4;0;0;2.6;5.3;10.5;10.9;80.8;1;7.7;7.2;7.8;6.9;11.5;297.2222222;33.33333333;72.22222222;3.6
25253100;3;5;21;56;3.8;6;11;11.4;80;1;9;8;9;7.9;11.5;297.2222222;33.33333333;72.22222222;3.6
25254000;2;6;39;144;3.2;6.6;11.7;12.4;78.8;63.6;8.6;7.8;8.7;7.8;12.2;305.5555556;94.44444444;211.1111111;4
25254900;2;5;43;149;3.1;5.9;12.4;12.6;76.1;73.2;8.1;7.5;8.1;7.1;12.2;305.5555556;94.44444444;211.1111111;4
25255800;2;5;43;147;2.6;5.8;13.3;12.1;73.7;73.2;8.3;7.8;8.2;7.1;12.2;305.5555556;94.44444444;211.1111111;4
25256700;4;6;38;80;5.3;6.7;13.9;11.8;69.7;73.2;9.4;9;9.3;8;12.2;305.5555556;94.44444444;211.1111111;4
25257600;5;7;35;100;5.8;8.1;14.5;13.3;67.3;167.4;10.8;10.6;11;9.6;16.9;319.4444444;163.8888889;313.8888889;3.5
25258500;4;8;43;176;5.3;8.9;15.2;13.8;64.7;201.7;11.5;11.3;11.5;10.3;16.9;319.4444444;163.8888889;313.8888889;3.5
25259400;5;9;40;163;6.3;9.6;16.1;13.7;62.8;201.7;12.2;12;12.1;10.8;16.9;319.4444444;163.8888889;313.8888889;3.5
25260300;6;9;41;152;7;10.2;17.1;13.5;60.1;201.7;12.7;12.5;12.6;11.4;16.9;319.4444444;163.8888889;313.8888889;3.5
25261200;7;10;38;146;7.8;11.2;18.3;15.6;54.9;280.7;14;13.8;14;12.8;18.8;330.5555556;216.6666667;388.8888889;3.3
25262100;7;12;43;205;8.3;12.8;19.1;15.6;53.2;280.7;15.1;14.9;15;13.9;18.8;330.5555556;216.6666667;388.8888889;3.3
25263000;8;12;37;218;8.1;13;19.5;14.7;52.9;280.7;15.4;15.2;15.3;14.2;18.8;330.5555556;216.6666667;388.8888889;3.3
25263900;8;12;43;205;8.6;13.1;20.2;14.2;51.8;280.7;15.5;15.3;15.3;14.3;18.8;330.5555556;216.6666667;388.8888889;3.3
25264800;11;14;34;118;12.4;15.1;21;15.7;50.1;296.8;18;18;18;16.6;20.7;344.4444444;255.5555556;391.6666667;4.2
25265700;11;16;43;237;12.2;16.8;21.6;16.2;48.5;302.6;19.2;19.1;19.2;18.1;20.7;344.4444444;255.5555556;391.6666667;4.2
25266600;13;16;39;146;13.6;16.8;21.9;17.4;47.5;293.2;19.4;19.3;19.4;18.2;20.7;344.4444444;255.5555556;391.6666667;4.2
25267500;13;17;40;173;13.9;17.7;22;18.8;47.1;282.4;20.3;20.2;20.3;19.1;20.7;344.4444444;255.5555556;391.6666667;4.2
25268400;9;16;43;353;9.9;17.1;22.1;20.1;47.2;337.8;18.8;18.7;18.6;17.9;21.8;350;200;483.3333333;3.2
25269300;9;15;43;268;10.5;15.9;21.9;20.1;48.7;337.8;18;17.9;17.8;16.8;21.8;350;200;483.3333333;3.2
25270200;9;15;43;285;10.5;16;22.4;20.2;47.6;337.8;18.5;18.4;18.3;17.3;21.8;350;200;483.3333333;3.2
25271100;9;15;43;280;10.5;16.3;23.1;20.3;46.9;337.8;18.6;18.5;18.4;17.3;21.8;350;200;483.3333333;3.2
25272000;10;16;43;304;10.5;16.8;24.1;20.9;43.5;317.9;19.3;19.2;19.1;18;21.4;383.3333333;169.4444444;227.7777778;2.9
25272900;10;16;43;304;10.5;16.8;24.4;21.1;43.3;310.6;19.4;19.3;19.2;18;21.4;383.3333333;169.4444444;227.7777778;2.9
25273800;10;16;43;284;10.5;16.7;24.3;21.3;43.8;310.6;18.7;18.6;18.6;17.3;21.4;383.3333333;169.4444444;227.7777778;2.9
25274700;10;15;36;176;11.2;15.7;23.7;21.7;45.6;310.6;17.9;17.7;17.8;16.5;21.4;383.3333333;169.4444444;227.7777778;2.9
25275600;11;15;39;131;12.4;15.8;23.2;21.9;47.4;293.1;17.6;17.4;17.8;16.4;21.5;391.6666667;133.3333333;186.1111111;2.6
25276500;12;14;37;115;12.5;15.6;22.6;21.9;49.5;291.9;17.5;17.3;17.6;16.4;21.5;391.6666667;133.3333333;186.1111111;2.6
25277400;8;14;43;266;9.1;14.7;22.8;22.1;49.4;291.9;16.7;16.5;16.6;15.9;21.5;391.6666667;133.3333333;186.1111111;2.6
25278300;9;14;43;250;9.9;14.9;23.4;22.2;47.3;291.9;17.5;17.3;17.3;16.2;21.5;391.6666667;133.3333333;186.1111111;2.6
25279200;9;14;43;242;9.9;15.3;23.4;22.4;47.8;213.4;17.5;17.3;17.3;16.2;21;369.4444444;133.3333333;266.6666667;2.1
25280100;9;14;43;246;9.9;15.3;23.2;22.5;48;184.8;17.6;17.4;17.4;16.3;21;369.4444444;133.3333333;266.6666667;2.1
25281000;9;14;43;233;9.9;15.2;22.8;22.3;49.3;184.8;17.2;17;17.1;15.9;21;369.4444444;133.3333333;266.6666667;2.1
25281900;9;14;43;219;9.9;14.7;22.5;22;50.6;184.8;16.7;16.6;16.6;15.5;21;369.4444444;133.3333333;266.6666667;2.1
25282800;9;13;43;205;9.9;14.3;22.5;21.8;50.5;155.8;16.3;16.1;16.2;15.1;20.4;377.7777778;66.66666667;86.11111111;1.7
25283700;9;13;37;158;10;13.8;22.4;21.8;51.1;155.8;15.9;15.5;15.9;14.9;20.4;377.7777778;66.66666667;86.11111111;1.7
25284600;10;13;39;124;11.1;13.8;22.2;21.6;51.7;155.8;16.3;15.8;16.3;15;20.4;377.7777778;66.66666667;86.11111111;1.7
25285500;9;13;38;156;10.4;13.9;21.7;21.5;52.8;155.8;16.4;15.9;16.4;15.2;20.4;377.7777778;66.66666667;86.11111111;1.7
25286400;8;12;43;181;9.5;13.2;21.4;20.9;53.6;94.5;15.1;14.7;15;14.1;19.8;377.7777778;0;0;1.4
25287300;8;12;43;156;9.5;12.7;21.2;20.6;54.8;63.9;14.6;14.4;14.6;13.6;19.8;377.7777778;0;0;1.4
25288200;8;11;43;149;9.2;12.3;21;20.5;55.1;63.9;14.4;14.1;14.4;13.4;19.8;377.7777778;0;0;1.4
25289100;8;11;43;142;9.2;12.3;20.9;20.3;55.8;63.9;14.3;13.9;14.1;13.2;19.8;377.7777778;0;0;1.4
25290000;8;11;38;110;9.4;12.1;20.7;19.5;56.4;12.2;14.2;13.9;14.1;13.2;19.5;350;0;0;2.4
25290900;9;11;39;109;9.8;11.8;20.2;19.4;58.2;4.3;14.2;13.9;14.1;13.3;19.5;350;0;0;2.4
25291800;8;11;37;143;8.9;11.9;20;19.5;59.2;4.3;14.1;13.7;13.8;13.2;19.5;350;0;0;2.4
25292700;8;10;43;116;9.1;11.3;19.8;19.6;59.8;4.3;13.4;13;13.2;12.4;19.5;350;0;0;2.4
25293600;8;10;43;110;9.1;11.1;19.5;18.9;60.8;1.1;13;12.8;13.1;12.2;18.2;361.1111111;0;0;3.9
25294500;8;10;43;101;8.6;10.8;19.2;18.6;61.9;0;12.7;12.4;12.9;12;18.2;361.1111111;0;0;3.9
25295400;8;10;38;89;8.7;10.8;19.3;18.7;62.2;0;12.9;12.6;13;12.4;18.2;361.1111111;0;0;3.9
25296300;8;10;39;110;8.6;11.2;19.3;18.8;62.1;0;13.4;13;13.3;12.7;18.2;361.1111111;0;0;3.9
25297200;8;10;39;116;8.6;11.3;19.3;17.8;61.8;0;13.4;13.1;13.3;12.4;17.8;377.7777778;0;0;4.6
25298100;7;10;43;110;8.3;10.6;19.3;17.8;62;0;12.7;12.3;12.6;11.9;17.8;377.7777778;0;0;4.6
25299000;8;10;43;102;8.5;10.3;19.3;18.2;61.9;0;12.9;12.5;12.7;11.9;17.8;377.7777778;0;0;4.6
25299900;8;10;43;106;8.5;10.6;19.3;18.5;61.7;0;13;12.7;12.9;12.1;17.8;377.7777778;0;0;4.6
25300800;8;10;43;96;8.5;10.8;19.1;18;62;0;12.7;12.4;12.7;11.9;17.1;383.3333333;0;0;5.5
25301700;8;10;43;98;8.5;10.8;19.1;17.8;62.3;0;12.7;12.4;12.8;12;17.1;383.3333333;0;0;5.5
25302600;7;10;34;88;8.7;10.8;19;17.7;62.2;0;12.9;12.7;12.9;12.1;17.1;383.3333333;0;0;5.5
25303500;7;10;38;97;8.7;10.8;19.2;17.6;62;0;12.8;12.6;12.9;11.8;17.1;383.3333333;0;0;5.5
25304400;8;10;40;106;8.4;10.6;19.2;16.9;61.6;0;12.6;12.5;12.8;11.7;16.1;383.3333333;0;0;4.4
25305300;8;10;43;92;8.6;10.3;19.3;16.7;61.5;0;12.5;12.3;12.6;11.5;16.1;383.3333333;0;0;4.4
25306200;7;9;43;80;8.6;10.3;19.2;16.9;62;0;12.2;12;12.3;11.2;16.1;383.3333333;0;0;4.4
25307100;7;9;43;76.5;8.6;10.05;18.85;13.65;66.2;0;12;11.85;12.15;11.1;16.1;383.3333333;0;0;4.4
25308000;7;9;43;73;8.6;9.8;18.5;10.4;70.4;0;11.8;11.7;12;11;14;380.5555556;0;0;7.8
25308900;7;9;43;79;8.6;9.8;17.3;7.1;80.5;0;12;12;12.2;11.3;14;380.5555556;0;0;7.8
25309800;7;9;43;89;8.6;10.1;16.4;7.1;84.7;0;12.4;12.2;12.5;11.6;14;380.5555556;0;0;7.8
25310700;8;9;37;78;8.6;10.3;16;7.1;87.3;0;12.5;12.3;12.7;11.7;14;380.5555556;0;0;7.8
25311600;7;9;37;91;8.2;10.1;16.1;6.8;87.9;0;12;11.9;12.1;11.2;13.6;377.7777778;0;0;7.4
25312500;7;9;43;76;7.9;9.8;16.2;6.6;88.9;0;11.6;11.6;11.8;10.8;13.6;377.7777778;0;0;7.4
25313400;7;9;43;74;8.2;9.8;15.8;6.6;91;0;11.9;11.8;12;11;13.6;377.7777778;0;0;7.4
25314300;7;9;43;70;8.4;9.8;15.7;6.6;91.7;0;11.9;11.7;12;11;13.6;377.7777778;0;0;7.4
25315200;7;9;43;79;8.4;9.8;15.7;6.4;91.6;0;12.2;12;12.3;11.3;13.4;375;0;0;10.3
25316100;8;9;43;77;8.4;9.8;15.6;6.2;92;0;12.1;12;12.3;11.3;13.4;375;0;0;10.3
25317000;8;9;43;77;8.4;9.8;15.5;6.2;91.7;0;12.2;11.9;12.3;11.4;13.4;375;0;0;10.3
25317900;8;9;43;77;8.4;9.8;15.5;6.2;91.7;0;12.2;12;12.4;11.4;13.4;375;0;0;10.3
25318800;8;9;41;76;8.5;10.3;15.5;13.5;91.7;0;12.5;12.4;12.7;11.7;14.4;372.2222222;0;0;10.5
25319700;8;10;39;94;8.9;10.7;15.5;14;91.7;0;12.8;12.6;12.9;12.1;14.4;372.2222222;0;0;10.5
25320600;8;10;38;103;8.5;10.8;15.5;13.9;92.1;0;12.8;12.7;12.9;12.1;14.4;372.2222222;0;0;10.5
25321500;8;10;43;89;8.7;10.8;15.5;13.6;92.2;0;12.7;12.6;12.9;12;14.4;372.2222222;0;0;10.5
25322400;8;10;43;93;8.7;10.8;15.5;13.8;91.9;0;12.8;12.7;13;12.2;14.5;369.4444444;0;0;10.8
25323300;8;10;43;94;8.7;10.8;15.5;13.8;91.9;0;12.9;12.7;13;12.3;14.5;369.4444444;0;0;10.8
25324200;8;10;43;97;8.7;10.8;15.5;13.6;92.2;0;13;12.9;13.2;12.3;14.5;369.4444444;0;0;10.8
25325100;8;10;43;99;8.7;10.8;15.5;13.4;92.2;0;13.1;13;13.3;12.4;14.5;369.4444444;0;0;10.8
25326000;8;10;43;103;8.8;10.9;15.6;13.6;92.2;0;13.3;13.2;13.5;12.5;15.1;363.8888889;0;0;9.1
25326900;8;10;43;105;9.2;11.3;15.7;13.6;92.2;0;13.4;13.3;13.6;12.6;15.1;363.8888889;0;0;9.1
25327800;8;11;33;88;9.7;11.6;15.4;13.9;92.4;0;13.8;13.6;14;13;15.1;363.8888889;0;0;9.1
25328700;8;11;41;115;9.2;11.6;15.2;14.5;92.9;0;13.3;13.2;13.5;12.5;15.1;363.8888889;0;0;9.1
25329600;8;10;43;97;9.1;11.3;15;14.4;92.7;0;13.2;13;13.4;12.3;14.7;330.5555556;0;0;8.1
25330500;8;10;43;94;9.1;11.3;14.9;14.3;92;0;13.1;12.9;13.3;12.3;14.7;330.5555556;0;0;8.1
25331400;8;10;43;86;9.1;10.9;14.4;14.4;91.3;0;12.8;12.7;13;12;14.7;330.5555556;0;0;8.1
25332300;8;10;43;82;9.1;10.8;13.8;14.4;90.1;0;12.8;12.5;12.9;11.9;14.7;330.5555556;0;0;8.1
25333200;8;10;43;80;9.1;10.8;13.5;14;89.8;0;12.6;12.4;12.9;11.8;13.7;297.2222222;0;0;7.4
25334100;7;10;35;85;8.6;10.7;13.3;13.9;89.6;0;12.5;12.2;12.6;11.6;13.7;297.2222222;0;0;7.4
25335000;8;9;34;77;8.6;10.2;13.3;14.1;89.2;0;12.1;11.8;12.2;11.1;13.7;297.2222222;0;0;7.4
25335900;8;9;0;0;8.8;9.8;13.3;14.7;89.4;0;12.1;12;12.4;11;13.7;297.2222222;0;0;7.4
25336800;8;9;29;79;8.6;10.3;13.3;14.6;88.6;0.5;12.5;12.4;12.8;11.6;13.7;294.4444444;25;36.11111111;5.6
25337700;8;10;0;0;8.9;10.3;13.6;14.6;85.1;0.5;12.3;12.3;12.7;11.3;13.7;294.4444444;25;36.11111111;5.6
25338600;8;10;21;68;8.8;11.1;14.1;14.6;65;0.6;13;12.8;13.4;12.1;13.7;294.4444444;25;36.11111111;5.6
25339500;7;10;37;96;8.4;10.7;14.5;14.6;57.4;0.7;12.5;12.2;12.7;11.8;13.7;294.4444444;25;36.11111111;5.6
25340400;7;9;34;89;8.4;10.3;14.8;14.5;55.8;41.8;12.6;12.2;12.8;11.7;14;305.5555556;88.88888889;186.1111111;5.6
25341300;8;10;41;105;8.5;10.8;14.9;14.5;54.5;56.8;12.9;12.6;13.2;12.1;14;305.5555556;88.88888889;186.1111111;5.6
25342200;7;11;40;178;7.9;11.2;15.6;14.2;52.7;56.8;13.7;13.4;13.8;12.7;14;305.5555556;88.88888889;186.1111111;5.6
25343100;6;10;43;193;7.3;11.3;15.7;13.6;51.7;56.8;13.2;13;13.3;12.2;14;305.5555556;88.88888889;186.1111111;5.6
25344000;7;10;39;171;7.9;11.3;15.5;13.5;52.2;124.7;13.3;13.2;13.4;12.3;12.7;308.3333333;125;325;4.1
25344900;8;11;43;133;9.2;11.5;15.5;13.5;51.9;158.6;14.1;14.1;14.3;13;12.7;308.3333333;125;325;4.1
25345800;8;12;39;180;8.7;12.6;15.6;13.6;51.5;158.6;14.7;14.7;14.8;13.7;12.7;308.3333333;125;325;4.1
25346700;7;11;38;161;8.4;12;15.1;13.6;54.2;158.6;13.9;13.8;13.9;12.9;12.7;308.3333333;125;325;4.1
25347600;8;11;43;135;9.1;11.6;14.7;13.8;58.4;232.2;14;14;14.2;13;12.4;294.4444444;97.22222222;455.5555556;3.2
25348500;9;12;43;141;9.8;12.6;14.5;13.8;57.1;243.5;15;15;15.1;13.9;12.4;294.4444444;97.22222222;455.5555556;3.2
25349400;9;12;38;130;10;12.8;14.4;14;56.7;245;15.3;15.4;15.4;14.3;12.4;294.4444444;97.22222222;455.5555556;3.2
25350300;8;12;43;201;9.3;13.5;14.3;14.1;56.5;246.3;15.4;15.4;15.5;14.5;12.4;294.4444444;97.22222222;455.5555556;3.2
25351200;8;12;41;171;9;12.8;14.3;14.2;54.7;318.5;14.9;15;14.9;13.9;13.7;286.1111111;80.55555556;522.2222222;3.1
25352100;9;12;39;128;10.3;13.1;14.4;14.2;53.3;323.7;15.6;15.7;15.7;14.5;13.7;286.1111111;80.55555556;522.2222222;3.1
25353000;11;13;40;99;12;13.9;14.5;13.6;51.8;316;16.3;16.4;16.5;15.3;13.7;286.1111111;80.55555556;522.2222222;3.1
25353900;9;13;43;213;9.9;14.5;14.9;12.8;50.6;304.5;16.3;16.3;16.2;15.6;13.7;286.1111111;80.55555556;522.2222222;3.1
25354800;10;13;39;124;11.2;13.9;15;13;51.2;334.4;16.3;16.4;16.4;15.4;13.8;291.6666667;113.8888889;505.5555556;3.2
25355700;10;14;16;116;10.8;14.7;15;13.1;50.2;349.4;17;17;17;16.2;13.8;291.6666667;113.8888889;505.5555556;3.2
25356600;12;14;33;90;12.7;15;15.2;12.7;48.9;349.4;17.4;17.6;17.5;16.5;13.8;291.6666667;113.8888889;505.5555556;3.2
25357500;13;15;33;92;13.3;15.7;15.4;12.5;47.1;349.4;18.1;18.2;18.2;17.3;13.8;291.6666667;113.8888889;505.5555556;3.2
25358400;13;16;37;120;14;16.3;15.7;12.5;46.2;330.3;18.6;18.8;18.7;17.8;13.9;294.4444444;111.1111111;416.6666667;2.5
25359300;10;15;38;222;10.9;15.8;15.8;12.5;45.5;328.9;17.3;17.5;17.3;16.7;13.9;294.4444444;111.1111111;416.6666667;2.5
25360200;10;14;43;173;11.1;14.3;15.9;12.9;47.1;328.9;16.5;16.6;16.6;15.5;13.9;294.4444444;111.1111111;416.6666667;2.5
25361100;10;14;38;174;10.7;14.6;16.4;13.6;45.9;328.9;16.8;16.9;16.8;15.7;13.9;294.4444444;111.1111111;416.6666667;2.5
25362000;10;13;35;160;10.8;14.4;15.9;13.5;47;310.8;16.3;16.4;16.4;15.2;14.2;305.5555556;133.3333333;383.3333333;3.9
25362900;10;13;35;107;11.4;13.8;15.8;13.5;46.6;304.2;15.8;15.9;16;14.8;14.2;305.5555556;133.3333333;383.3333333;3.9
25363800;8;13;40;212;9.4;13.8;16;13.6;45.7;304.2;15.9;15.8;15.9;15;14.2;305.5555556;133.3333333;383.3333333;3.9
25364700;9;12;38;162;9.7;12.8;16;13.7;44.1;304.2;14.8;14.7;14.8;13.8;14.2;305.5555556;133.3333333;383.3333333;3.9
25365600;9;12;43;127;10;12.6;16.1;13.8;44.4;249.3;14.9;14.9;15;13.9;14.3;300;91.66666667;250;4.4
25366500;9;12;43;130;10;12.8;16.1;13.8;43.7;245.4;15;14.9;15.1;14;14.3;300;91.66666667;250;4.4
25367400;9;12;43;120;10;12.8;15.9;13.9;43;245.4;14.7;14.6;14.9;13.8;14.3;300;91.66666667;250;4.4
25368300;8;12;37;150;9;12.5;15.8;14;44;245.4;14.3;14.2;14.4;13.4;14.3;300;91.66666667;250;4.4
25369200;6;9;41;159;7.2;10.7;15.8;13.8;44.6;180;12.5;12.3;12.5;11.6;13.7;322.2222222;58.33333333;80.55555556;2.9
25370100;7;9;39;109;7.5;10.3;15.9;13.8;44.7;175.3;12.2;11.8;12.3;11.2;13.7;322.2222222;58.33333333;80.55555556;2.9
25371000;7;9;39;101;7.5;9.8;15.8;13.9;43.2;175.3;11.8;11.6;12;11;13.7;322.2222222;58.33333333;80.55555556;2.9
25371900;6;9;43;112;7.5;9.8;15.4;14;43.9;175.3;11.7;11.6;11.9;10.9;13.7;322.2222222;58.33333333;80.55555556;2.9
25372800;6;8;42;85;7.2;8.9;15.1;13.7;44.7;60.7;10.7;10.6;11;9.9;13.1;322.2222222;2.777777778;2.777777778;2.8
25373700;7;8;0;0;8.3;8.8;14.7;13.7;46.2;60.7;11.2;11.2;11.5;10;13.1;322.2222222;2.777777778;2.777777778;2.8
25374600;6;8;31;107;7.3;9.3;14.4;13.8;47.1;60.7;11.6;11.4;11.7;10.6;13.1;322.2222222;2.777777778;2.777777778;2.8
25375500;5;7;16;61;5.4;8;14.4;14;48.6;60.7;10;9.8;10;9.3;13.1;322.2222222;2.777777778;2.777777778;2.8
25376400;6;7;1;2;6.6;8.3;14.5;13.6;50.2;12;10.5;10.8;10.9;9.6;13.1;350;0;0;3
25377300;6;8;32;72;7.1;8.5;14.5;13.5;51.3;4.5;10.8;10.7;11;10.1;13.1;350;0;0;3
25378200;4;7;18;74;4.8;8;14.5;13.3;49.8;4.5;10.1;9.8;10.1;9.5;13.1;350;0;0;3
25379100;4;7;0;0;5.2;7.8;14.7;13.2;50.1;4.5;10.2;10.1;10.3;9.5;13.1;350;0;0;3
25380000;5;7;0;1;5.6;8;14.5;12.5;53.2;1.5;10.6;10.4;10.8;9.8;11.5;347.2222222;0;0;3
25380900;6;9;0;0;6.3;9.3;14.3;12.2;56.9;0;11.5;11.4;12;10.1;11.5;347.2222222;0;0;3
25381800;6;9;0;0;6.7;9.8;13.9;12.1;60;0;11.6;11.5;11.9;10.3;11.5;347.2222222;0;0;3
25382700;6;8;0;0;6.7;9.8;13.8;12.1;63.6;0;11.7;11.6;11.9;10.5;11.5;347.2222222;0;0;3
25383600;6;8;10;26;7.1;9.8;13.4;11.4;70.9;0;11.6;11.4;11.8;10.7;9.2;352.7777778;0;0;3.2
25384500;4;7;19;74;5.2;8.2;12.5;11.1;83.3;0;9.7;9.7;9.9;9.4;9.2;352.7777778;0;0;3.2
25385400;4;7;0;0;5.3;7.8;12;11.8;87.4;0;9.7;9.6;9.8;9.3;9.2;352.7777778;0;0;3.2
25386300;5;7;0;0;5.7;7.9;11.6;12.1;87.5;0;10;9.8;10.1;9.7;9.2;352.7777778;0;0;3.2
25387200;5;7;0;0;5.7;8.3;11;11.3;87.8;0;10.4;10.1;10.4;10;8.7;352.7777778;0;0;3
25388100;5;7;18;72;5.7;8.4;10.9;10.9;88.7;0;10.5;10.3;10.5;10.1;8.7;352.7777778;0;0;3
25389000;3;7;10;37;4.2;7.9;10.8;10.6;90;0;9.1;9.1;9.3;8.7;8.7;352.7777778;0;0;3
25389900;4;8;0;0;4.8;8.7;10.9;10.4;91.2;0;9.4;9.4;9.5;8.9;8.7;352.7777778;0;0;3
25390800;4;7;0;0;5;8.4;10.9;9.7;90.7;0;9.7;9.6;9.8;9.2;7.3;350;0;0;3
25391700;5;7;0;0;5.5;8.3;10.7;9.4;91.6;0;10;9.8;10;9.5;7.3;350;0;0;3
25392600;5;6;0;0;5.7;7;9.9;8.7;91.6;0;10.3;10.1;10.3;9.8;7.3;350;0;0;3
25393500;6;6.5;1.5;3;6.85;7.5;9.5;8.2;92.1;0;10.05;9.9;10.1;9.4;7.3;350;0;0;3
25394400;7;7;3;6;8;8;9.1;7.7;92.6;0;9.8;9.7;9.9;9;7.1;327.7777778;0;0;2.8
25395300;7;7;0;0;8.3;8;9.3;7.7;91.8;0;9.8;9.6;9.8;9.2;7.1;327.7777778;0;0;2.8
25396200;4;6;29;83;5.5;7.4;9.3;7.7;91.7;0;9;8.9;9.1;8.6;7.1;327.7777778;0;0;2.8
25397100;3;7;0;0;4.3;7.2;9.3;7.7;91.5;0;8;7.9;8.1;7.7;7.1;327.7777778;0;0;2.8
25398000;4;7;0;0;4.5;8.3;8.9;7.1;91.2;0;8.3;8;8.3;8.1;6.5;288.8888889;0;0;3
25398900;4;7;0;0;4.7;8.4;8.9;7.1;91.2;0;8.7;8;8.4;8.4;6.5;288.8888889;0;0;3
25399800;5;7;1;3;5.4;8;8.9;7.1;91.2;0;8.4;8.2;8.5;8.2;6.5;288.8888889;0;0;3
25400700;5;7;0;0;5.5;8;8.7;7.1;91.2;0;8.6;8.2;8.6;8.8;6.5;288.8888889;0;0;3
25401600;5;7;0;0;5.9;8;8.4;6.8;91.2;0;8.9;8.1;8.6;9.3;6.5;-2775;0;0;2.5
25402500;6;7;0;0;6.6;8;8.2;6.7;91.2;0;8.5;7.9;8.4;9.2;6.5;-2775;0;0;2.5
25403400;7;6;0;0;7.7;7.6;8.1;6.7;91.2;0;9.2;7.6;8.5;10;6.5;-2775;0;0;2.5
25404300;7;6;0;0;8;7;8.3;6.7;91.2;0;10.2;7.5;9.1;11;6.5;-2775;0;0;2.5
25405200;7;6;0;0;8;6.9;8.3;6.4;91.2;0;10.6;7.5;9.7;11.8;6.1;283.3333333;0;0;3.6
25406100;7;5;1;0;7.8;6.4;8.3;6.4;91.3;0;10.6;7.5;9.2;12.1;6.1;283.3333333;0;0;3.6
25407000;5;7;0;0;6.1;7.7;8.4;6.3;91.7;0;10;7.6;8.1;12.2;6.1;283.3333333;0;0;3.6
25407900;7;6;0;0;7.8;7.3;8.3;6.2;91.7;0;11.1;7.7;8.1;11.8;6.1;283.3333333;0;0;3.6
25408800;7;4;0;0;8;5.7;7.9;5.9;91.7;0;11.2;7.6;8;11.4;5.4;255.5555556;0;0;4.4
25409700;7;4;0;0;8.3;5.6;7.7;5.8;91.7;0;11.1;7.4;7.9;11.2;5.4;255.5555556;0;0;4.4
25410600;6;5;1;0;6.6;5.9;7.4;5.9;91.7;0;10.4;7;7.5;11;5.4;255.5555556;0;0;4.4
25411500;5;5;0;0;6;6.1;7.3;6;91.3;0;10.6;6.8;7.2;11;5.4;255.5555556;0;0;4.4
25412400;6;4;0;0;7.9;5.7;7.1;5.7;91.2;0;10.6;6.5;6.9;11;5.3;252.7777778;0;0;5.6
25413300;7;4;0;0;8;5.1;6.9;5.7;91.2;0;10.5;6.1;6.6;11.1;5.3;252.7777778;0;0;5.6
25414200;7;4;0;0;8;5.1;6.7;5.7;91.2;0;9.8;5.9;6.3;10.8;5.3;252.7777778;0;0;5.6
25415100;7;6;0;0;8;6.6;6.5;5.8;91.2;0;9.4;5.6;6.2;10.3;5.3;252.7777778;0;0;5.6
25416000;7;7;0;0;8;7.1;6.4;5.6;91.2;0;9.1;5.4;6;9.9;4.6;252.7777778;0;0;6.3
25416900;4;4;2;0;5.4;5.1;6.2;5.5;91.2;0;8.8;5.1;5.8;9.9;4.6;252.7777778;0;0;6.3
25417800;5;4;0;0;5.9;5;6.2;5.3;91.2;0;9.1;5;5.8;9.8;4.6;252.7777778;0;0;6.3
25418700;5;4;0;0;6.5;5;6.2;5.1;91.2;0;9;5;5.7;9.7;4.6;252.7777778;0;0;6.3
25419600;5;4;0;0;6.7;4.9;6.1;4.9;91.2;0;8.9;4.9;5.7;9.8;4.6;250;2.777777778;2.777777778;6.1
25420500;5;3;1;0;6.6;4.5;6.1;4.9;91.2;0;8.2;4.8;5.6;9.3;4.6;250;2.777777778;2.777777778;6.1
25421400;4;3;0;0;4.7;4;6.1;4.9;91.2;0;8;4.7;5.5;9.1;4.6;250;2.777777778;2.777777778;6.1
25422300;4;3;0;0;5.2;4;6.1;4.9;91.2;0;8.3;4.8;5.6;8.9;4.6;250;2.777777778;2.777777778;6.1
25423200;4;4;0;0;5.9;4.5;6;5;91.2;0.7;8.2;4.8;5.6;9;4.8;247.2222222;33.33333333;58.33333333;5.2
25424100;5;5;0;0;6;6.5;6.2;5;91.5;0.9;8.2;4.8;5.6;9.1;4.8;247.2222222;33.33333333;58.33333333;5.2
25425000;5;5;0;0;6;6.5;6.4;4.9;91.7;0.9;8.1;5;6;8.9;4.8;247.2222222;33.33333333;58.33333333;5.2
25425900;5;5;0;0;6;5.9;6.7;4.6;91.7;0.9;8;5.3;6.6;8.6;4.8;247.2222222;33.33333333;58.33333333;5.2
25426800;4;3;1;0;4.9;4.7;7;4.9;91.7;38.8;8.6;5.7;7.4;8.7;6.2;247.2222222;55.55555556;211.1111111;5.5
25427700;4;4;0;0;5.1;4.5;7.3;5;91.7;57.7;8.6;6.1;8.5;8.8;6.2;247.2222222;55.55555556;211.1111111;5.5
25428600;4;3;0;0;6.4;4.5;7.8;4.9;91.7;57.7;9.1;6.7;9.7;8.9;6.2;247.2222222;55.55555556;211.1111111;5.5
25429500;5;3;1;1;6.9;4.5;8.2;4.9;91.6;57.7;10.1;7.9;10.5;9.1;6.2;247.2222222;55.55555556;211.1111111;5.5
25430400;5;8;27;67;7;8.5;8.3;5.9;91;179.5;11.1;10.6;11.4;10;7.5;252.7777778;63.88888889;350;5.8
25431300;6;8;33;71;7.1;8.8;8.5;5.9;90.9;179.5;11.3;11.2;11.4;10.2;7.5;252.7777778;63.88888889;350;5.8
25432200;6;8;33;72;7.3;9.2;8.7;5.7;90.7;179.5;11.7;11.6;11.8;10.4;7.5;252.7777778;63.88888889;350;5.8
25433100;7;9;33;75;7.8;9.8;8.9;5.6;90.7;179.5;12.2;12.2;12.3;11;7.5;252.7777778;63.88888889;350;5.8
25434000;8;10;33;77;8.4;10.4;9.2;6.8;90.6;318.8;12.9;12.9;13;11.6;8.6;252.7777778;66.66666667;452.7777778;4.5
25434900;8;10;33;79;9.1;11.1;9.5;6.9;90.4;328.7;13.6;13.7;13.8;12.4;8.6;252.7777778;66.66666667;452.7777778;4.5
25435800;9;11;33;81;9.8;11.9;9.7;7;90;325.5;14.4;14.4;14.5;13;8.6;252.7777778;66.66666667;452.7777778;4.5
25436700;9;12;33;82;10.2;12.4;9.9;7.2;89.4;321.9;14.8;14.9;14.9;13.6;8.6;252.7777778;66.66666667;452.7777778;4.5
25437600;10;12;33;81;10.6;12.7;10;8.1;89.3;369.7;15.1;15.1;15.1;14;9.6;252.7777778;61.11111111;511.1111111;2.7
25438500;10;12;33;83;10.7;13;10.5;8.2;82;377;15.4;15.5;15.4;14.4;9.6;252.7777778;61.11111111;511.1111111;2.7
25439400;10;13;33;85;11.1;13.3;11;8.3;58.2;386;15.7;15.8;15.8;14.8;9.6;252.7777778;61.11111111;511.1111111;2.7
25440300;11;13;33;85;11.5;13.7;11.3;8.5;52.8;399.5;16;16.1;16.1;15.1;9.6;252.7777778;61.11111111;511.1111111;2.7
25441200;10;13;37;115;11.3;13.7;11.4;9.2;50;436.8;15.9;16;16;15.1;10.1;255.5555556;58.33333333;513.8888889;3.1
25442100;10;13;39;118;11.1;13.7;11.4;9.4;45.6;446.1;15.6;15.6;15.6;14.8;10.1;255.5555556;58.33333333;513.8888889;3.1
25443000;11;12;35;69;11.9;13.7;11.5;9.4;43.2;446.1;15.4;15.7;15.6;14.8;10.1;255.5555556;58.33333333;513.8888889;3.1
25443900;11;13;33;87;11.6;14;11.7;9.5;42.5;446.1;16.2;16.4;16.4;15.5;10.1;255.5555556;58.33333333;513.8888889;3.1
25444800;11;13;33;86;11.9;14.2;11.9;9.9;43.6;427.9;16.4;16.5;16.5;15.6;10.5;258.3333333;61.11111111;461.1111111;2.4
25445700;11;14;33;87;12.1;14.2;12.2;10;44.7;421.3;16.6;16.7;16.7;15.7;10.5;258.3333333;61.11111111;461.1111111;2.4
25446600;11;14;33;87;12.1;14.5;12.4;10;43.6;421.3;16.8;16.9;16.9;15.7;10.5;258.3333333;61.11111111;461.1111111;2.4
25447500;11;14;33;86;12.1;14.7;12.4;10.1;43;421.3;16.7;16.8;16.8;15.6;10.5;258.3333333;61.11111111;461.1111111;2.4
25448400;11;14;40;108;12.4;14.7;12.4;10.3;44.9;390.9;16.7;16.8;16.9;15.6;10.3;266.6666667;69.44444444;347.2222222;3.1
25449300;8;13;38;189;9.2;13.6;12.5;10.4;45.2;379.9;15.1;15.1;15.2;14.3;10.3;266.6666667;69.44444444;347.2222222;3.1
25450200;8;10;43;86;9.3;11.1;12;10.4;48.4;379.9;12.8;12.8;13;11.8;10.3;266.6666667;69.44444444;347.2222222;3.1
25451100;7;10;38;124;8.2;10.7;12;10.4;49.8;379.9;12.8;12.8;13;12;10.3;266.6666667;69.44444444;347.2222222;3.1
25452000;6;9;38;145;7;10.2;12.3;10.5;49.4;330.8;12;12;12.1;11.2;10.2;266.6666667;61.11111111;205.5555556;2.6
25452900;7;9;43;92;8.4;9.7;12.2;10.6;49.1;306.3;12.1;12;12.2;10.9;10.2;266.6666667;61.11111111;205.5555556;2.6
25453800;7;9;38;87;8.2;9.8;12.2;10.7;50.4;306.3;12.3;12.3;12.5;11.3;10.2;266.6666667;61.11111111;205.5555556;2.6
25454700;5;8;43;175;6;9.5;12.2;10.7;50.2;306.3;11.2;11;11.2;10.4;10.2;266.6666667;61.11111111;205.5555556;2.6
25455600;6;7;29;47;7;8.2;12.3;10.6;50.3;198.5;10.3;10.1;10.5;9.4;9.2;-2775;41.66666667;75;2.5
25456500;7;7;0;0;7.6;8.2;11.9;10.6;51.6;198.5;10.9;10.6;11.5;9.6;9.2;-2775;41.66666667;75;2.5
25457400;5;8;42;147;5.6;8.6;11.4;10.3;54.4;198.5;10.7;10;10.8;9.9;9.2;-2775;41.66666667;75;2.5
25458300;4;6;6;25;4.8;7.2;10.9;10.2;56.3;198.5;9;8.6;9.1;8.3;9.2;-2775;41.66666667;75;2.5
25459200;4;8;0;0;5;8.6;10.5;9.8;58.5;119.4;9.3;8.8;9.4;8.5;8.1;269.4444444;2.777777778;2.777777778;3.4
25460100;5;7;0;1;5.9;8.1;10.2;9.6;59.9;79.9;9.5;9.6;9.8;8.7;8.1;269.4444444;2.777777778;2.777777778;3.4
25461000;5;7;3;14;6.3;7.7;9.9;9.6;61.5;79.9;9.8;9.9;9.9;9;8.1;269.4444444;2.777777778;2.777777778;3.4
25461900;4;6;21;74;5.1;6.8;9.7;9.6;62.7;79.9;8.4;8.1;8.6;8;8.1;269.4444444;2.777777778;2.777777778;3.4
25462800;5;6;0;0;6;6.2;9.5;9.3;63.9;34.2;8.2;7.9;8.3;7.8;8;308.3333333;0;0;3.3
25463700;4;6;1;1;5.9;6.7;9.4;9.2;64.3;11.3;8.4;8.4;8.6;8;8;308.3333333;0;0;3.3
25464600;5;6;0;0;6.5;7.2;9.4;8.9;64.6;11.3;8.8;8.4;8.8;8.4;8;308.3333333;0;0;3.3
25465500;5;5;0;0;6.5;6.5;9.8;8.7;63.6;11.3;9.2;8.5;9.2;8.8;8;308.3333333;0;0;3.3
25466400;5;4;0;0;6.5;5.3;10;8.2;62.9;3.8;9.6;8.6;9.4;9.1;8;308.3333333;0;0;2.4
25467300;4;7;0;1;5.1;8;10.1;8;62;0;9.5;9.1;9.5;9.2;8;308.3333333;0;0;2.4
25468200;4;7;15;59;5;8.6;10.3;7.5;61.8;0;9.7;9.2;9.6;9.4;8;308.3333333;0;0;2.4
25469100;2;6;11;39;3.4;6.8;10.2;7.2;61.8;0;8.3;8.2;8.5;8;8;308.3333333;0;0;2.4
25470000;2;6;1;4;3.4;6.7;9.8;7.2;63.4;0;8.5;8.4;8.7;8.1;8.1;327.7777778;0;0;1.7
25470900;5;6;0;0;5.6;7;9.9;7.2;63.1;0;8.9;9;9.1;8.3;8.1;327.7777778;0;0;1.7
25471800;4;6;0;0;5.2;7.2;10.2;7.6;61.6;0;9.3;9.1;9.2;8.7;8.1;327.7777778;0;0;1.7
25472700;4;6;0;0;5.4;7.1;10.2;7.8;61.4;0;9.6;9.2;9.5;9;8.1;327.7777778;0;0;1.7
25473600;5;3;0;0;5.9;5.3;10.3;7.5;61.1;0;9.9;9.3;9.7;9.4;8.1;330.5555556;0;0;1.5
25474500;4;6;30;94;4.7;6.6;10.3;7.3;61.5;0;9.2;8.9;9.3;8.8;8.1;330.5555556;0;0;1.5
25475400;3;7;0;0;3.7;7;10.2;7.4;61.9;0;8.5;8.2;8.5;8;8.1;330.5555556;0;0;1.5
25476300;3;6;0;0;4.3;7.7;10.2;7.4;62.3;0;8.8;8.4;8.8;8.4;8.1;330.5555556;0;0;1.5
25477200;4;5;0;0;4.6;7.1;10.3;7.1;62.4;0;9.2;8.7;9.1;8.7;8;330.5555556;0;0;1.5
25478100;4;6;1;3;4.6;7.3;10.2;7;62.6;0;9.4;9.2;9.6;8.7;8;330.5555556;0;0;1.5
25479000;4;6;6;27;4.6;7.5;10.2;7.4;62.9;0;9.6;9.3;9.7;9.1;8;330.5555556;0;0;1.5
25479900;3;5.5;3;13.5;3.85;7.1;10.25;7.55;63.2;0;9.05;8.75;9.15;8.55;8;330.5555556;0;0;1.5
25480800;2;5;0;0;3.1;6.7;10.3;7.7;63.5;0;8.5;8.2;8.6;8;7.8;319.4444444;0;0;1.9
25481700;2;5;0;0;3.5;6.7;10.2;7.7;63.7;0;8.8;8.7;8.9;8.2;7.8;319.4444444;0;0;1.9
25482600;3;5;0;0;4;6.7;10.1;7.7;64.3;0;9.1;9.1;9.1;8.5;7.8;319.4444444;0;0;1.9
25483500;4;6;2;3;5.3;6.9;9.9;7.7;65.1;0;9.3;9.5;9.5;8.5;7.8;319.4444444;0;0;1.9
25484400;4;7;24;93;4.8;7.8;10;7.3;65.7;0;9.2;9.1;9.2;8.5;8.1;322.2222222;0;0;2.1
25485300;2;5;4;16;3.1;6.4;9.9;7.1;66.3;0;8;7.8;8;7.5;8.1;322.2222222;0;0;2.1
25486200;3;5;0;0;3.4;6.2;9.9;7.1;66.9;0;8.4;8;8.4;7.8;8.1;322.2222222;0;0;2.1
25487100;3;5;0;0;4;6.4;9.9;7.1;67.5;0;8.7;8.6;8.9;8;8.1;322.2222222;0;0;2.1
25488000;3;6;0;0;4.4;7.2;10;7.8;67.7;0;8.9;8.9;9.1;8.3;7.8;313.8888889;0;0;2.1
25488900;4;6;0;0;4.7;7;10.1;7.8;68.1;0;9.3;9;9.3;8.7;7.8;313.8888889;0;0;2.1
25489800;5;4;0;0;5.7;5.9;10.1;7.8;68.5;0;9.6;9.1;9.5;9.1;7.8;313.8888889;0;0;2.1
25490700;5;3;9;19;5.8;5.1;10.1;7.8;68.8;0;9.7;9.2;9.7;9.3;7.8;313.8888889;0;0;2.1
25491600;3;6;22;76;3.6;6.7;10.2;7.4;68.6;0;8.4;8.2;8.4;8;7.1;277.7777778;0;0;1.2
25492500;2;6;0;0;3.4;6.5;10.1;7.4;69.2;0;8.4;8.1;8.4;7.9;7.1;277.7777778;0;0;1.2
25493400;3;7;0;0;3.8;7.8;10;7.6;69.7;0;8.6;8.2;8.5;8.2;7.1;277.7777778;0;0;1.2
25494300;3;6;0;0;4.2;7.8;9.5;7.8;71;0;8.8;8.5;8.5;8.5;7.1;277.7777778;0;0;1.2
25495200;4;6;1;2;5.3;7.4;9.1;7.7;73;0;8.5;8.5;8.6;8.5;7.3;325;0;0;1.1
25496100;5;6;0;0;5.9;7.5;9;7.7;74.1;0;9.1;8.7;8.8;9.1;7.3;325;0;0;1.1
25497000;2;5;28;90;3.7;6;9.2;7.7;74.8;0;7.6;7.2;7.6;7.3;7.3;325;0;0;1.1
25497900;1;4;0;0;2.5;4.8;9.3;7.8;75;0;6.8;6.3;6.8;6.6;7.3;325;0;0;1.1
25498800;3;4;1;3;3.1;5.4;9.5;7.6;74.4;0;7.1;6.9;7.1;6.8;7.1;333.3333333;0;0;2.3
25499700;4;6;0;0;5;6.7;9.7;7.5;74.2;0;7.4;7.2;7.5;7.1;7.1;333.3333333;0;0;2.3
25500600;4;6;0;0;4.7;6.8;9.8;7.3;74.6;0;7.8;7.4;7.7;7.5;7.1;333.3333333;0;0;2.3
25501500;4;7;0;0;4.8;7.7;9.9;6.9;74.4;0;8.2;7.6;8;8;7.1;333.3333333;0;0;2.3
25502400;4;5;0;0;5.3;6.7;9.7;6.8;74.6;0;8.3;7.5;8.1;8.4;7.1;333.3333333;0;0;1.7
25503300;3;6;1;2;4.5;6.8;9.6;6.8;75.1;0;8;7.6;8;8.4;7.1;333.3333333;0;0;1.7
25504200;5;6;0;0;6.4;6.7;9.6;7.1;75.1;0;8.6;7.6;8.3;9.6;7.1;333.3333333;0;0;1.7
25505100;5;5;19;65;6.2;6.2;9.6;7.2;75.3;0;8.4;7.5;8.2;8.9;7.1;333.3333333;0;0;1.7
25506000;3;4;8;28;3.7;4.9;9.6;7.1;75.6;0;6.5;6.3;6.7;6.4;6.7;327.7777778;2.777777778;2.777777778;1.9
25506900;3;4;0;0;4.4;4.9;9.7;7;75.6;0;6.8;6.5;6.9;6.6;6.7;327.7777778;2.777777778;2.777777778;1.9
25507800;3;4;0;0;4.4;4.9;9.6;7;75.4;0;7.1;6.9;7;7;6.7;327.7777778;2.777777778;2.777777778;1.9
25508700;3;4;0;0;4.5;5.4;9.6;7;75.7;0;7.4;7.2;7.3;7.2;6.7;327.7777778;2.777777778;2.777777778;1.9
25509600;4;7;0;0;5.3;6.9;9.6;6.8;76.1;0.6;7.4;7.4;7.7;7.3;6.8;316.6666667;33.33333333;33.33333333;2.7
25510500;5;7;0;0;5.7;7.6;9.9;6.8;75.5;0.6;8;7.5;7.9;7.9;6.8;316.6666667;33.33333333;33.33333333;2.7
25511400;5;6;0;0;6.1;6.9;10.2;6.9;73.6;0.6;8.5;7.7;8.2;8.5;6.8;316.6666667;33.33333333;33.33333333;2.7
25512300;6;5;0;0;6.9;6.6;10;7;71.9;0.7;8.8;8;8.6;9.3;6.8;316.6666667;33.33333333;33.33333333;2.7
25513200;4;5;1;1;5.4;6.5;10.2;7.2;72.3;28.4;8.9;8.5;8.8;9.8;8.7;277.7777778;83.33333333;155.5555556;2.4
25514100;2;6;28;100;3.5;6.8;10.4;7.2;71.3;32.7;8.5;8.2;8.6;8.3;8.7;277.7777778;83.33333333;155.5555556;2.4
25515000;2;5;0;0;3;6;10.4;7.1;71;32.7;8.2;8;8.3;7.7;8.7;277.7777778;83.33333333;155.5555556;2.4
25515900;3;5;0;0;3.7;5.9;10.5;7;70.8;32.7;8.7;8.5;8.8;8;8.7;277.7777778;83.33333333;155.5555556;2.4
25516800;3;3;2;3;4.2;5.1;11.1;7.5;68.6;109.5;10.3;10.1;10.2;8.6;9.5;-2775;100;302.7777778;2
25517700;5;8;43;175;5.9;9.6;11.5;7.6;66.6;121.3;11.8;11.7;11.9;10.9;9.5;-2775;100;302.7777778;2
25518600;4;8;43;169;5.4;8.7;11.5;7.6;67.7;121.3;10.7;10.7;10.8;9.7;9.5;-2775;100;302.7777778;2
25519500;6;8;38;96;6.7;9;11.8;7.7;67.2;121.3;11.3;11.3;11.4;9.9;9.5;-2775;100;302.7777778;2
25520400;7;9;39;117;7.4;9.9;12;8.6;65.6;197;12.6;12.5;12.7;11.1;10.5;308.3333333;191.6666667;363.8888889;1.8
25521300;6;10;43;189;6.7;10.6;12.5;8.7;63.8;208.7;12.9;12.9;13;11.5;10.5;308.3333333;191.6666667;363.8888889;1.8
25522200;6;10;43;183;7.5;10.9;13.5;9.1;61.5;207.4;13.5;13.4;13.6;11.3;10.5;308.3333333;191.6666667;363.8888889;1.8
25523100;8;11;43;162;8.6;11.9;14.4;9.6;57.4;206;14.6;14.6;14.7;13;10.5;308.3333333;191.6666667;363.8888889;1.8
25524000;7;12;38;176;8.4;12.5;14;10.2;57.7;281.9;14.3;14.5;14.5;13.2;11;286.1111111;97.22222222;366.6666667;1.8
25524900;7;9;36;101;7.7;10.1;13.3;10.4;60.5;300.9;11.8;11.8;11.9;10.8;11;286.1111111;97.22222222;366.6666667;1.8
25525800;7;9;33;75;8.2;10.1;12.8;10.4;64.1;310.4;12.6;12.6;12.8;11.6;11;286.1111111;97.22222222;366.6666667;1.8
25526700;9;11;33;83;9.9;12;12.7;10.5;63.5;324.7;14.5;14.6;14.7;13.6;11;286.1111111;97.22222222;366.6666667;1.8
25527600;10;13;33;86;11.1;13.3;12.6;11.1;62.8;374.8;15.8;15.9;16;14.9;10.5;291.6666667;127.7777778;311.1111111;1.6
25528500;11;14;33;89;12.3;14.6;13.2;11.2;60.5;387.3;17.1;17.2;17.2;16.1;10.5;291.6666667;127.7777778;311.1111111;1.6
25529400;12;15;33;92;13.4;15.7;14.3;11.2;53.9;387.3;18.3;18.4;18.4;17.4;10.5;291.6666667;127.7777778;311.1111111;1.6
25530300;14;16;33;95;14.7;17.1;15.3;11.2;51.5;387.3;19.6;19.9;19.7;18.7;10.5;291.6666667;127.7777778;311.1111111;1.6
25531200;15;17;30;74;15.5;17.4;15;11.4;50.4;369.9;19;19.6;19.4;18.2;11.4;330.5555556;227.7777778;316.6666667;1.4
25532100;11;14;39;122;12.5;15.3;14.5;11.5;49.7;365.5;16.6;16.8;16.8;16.2;11.4;330.5555556;227.7777778;316.6666667;1.4
25533000;9;12;43;130;10.7;13.5;14.2;11.5;48.8;365.5;15;15.1;15.1;14.4;11.4;330.5555556;227.7777778;316.6666667;1.4
25533900;7;10;41;151;7.7;11.1;13.9;11.4;48.5;365.5;12.6;12.6;12.7;12;11.4;330.5555556;227.7777778;316.6666667;1.4
25534800;7;9;39;101;7.8;10;13.7;11.5;50.8;315;11.8;11.7;11.9;10.9;11.1;319.4444444;188.8888889;247.2222222;1.9
25535700;7;9;34;107;7.5;9.6;13.7;11.5;50.8;302.4;11.7;11.6;11.8;10.8;11.1;319.4444444;188.8888889;247.2222222;1.9
25536600;5;8;40;161;5.8;9.2;13.8;11.2;50;302.4;11;10.9;11;10.2;11.1;319.4444444;188.8888889;247.2222222;1.9
25537500;6;8;42;69;7.2;8.6;13.8;10.7;48.4;302.4;10.7;10.6;10.9;9.7;11.1;319.4444444;188.8888889;247.2222222;1.9
25538400;6;8;38;84;7.1;9;14;10.8;48.7;275.7;11.5;11.4;11.7;10.6;10.4;283.3333333;83.33333333;125;0.6
25539300;4;8;43;174;5.7;9.2;13.9;10.8;50.4;269;11;10.9;11;10.2;10.4;283.3333333;83.33333333;125;0.6
25540200;5;7;40;118;5.5;8.2;13.2;11.1;53.4;269;10;9.8;10.1;9;10.4;283.3333333;83.33333333;125;0.6
25541100;4;7;39;92;5.7;7.6;12.8;11.5;53.5;269;9.5;9.5;9.7;8.7;10.4;283.3333333;83.33333333;125;0.6
25542000;4;7;33;94;5.6;7.6;12.7;11.3;53.1;213.5;9.8;9.5;10;8.8;10;266.6666667;25;69.44444444;0.9
25542900;3;6;39;114;4.3;6.9;12.5;11.2;53.5;199.6;8.8;8;8.8;7.9;10;266.6666667;25;69.44444444;0.9
25543800;5;5;15;2;6.4;6.1;12.3;11.1;53.9;199.6;8.8;8.2;9.1;7.5;10;266.6666667;25;69.44444444;0.9
25544700;5;6;1;0;6.3;6.5;12;10.9;57;199.6;9.7;9.1;9.9;8.5;10;266.6666667;25;69.44444444;0.9
25545600;3;6;29;111;4.2;7.2;11.6;10.5;58.6;104.6;9.4;8.6;9.4;8.4;8.6;263.8888889;0;2.777777778;0.8
25546500;2;5;0;0;3.1;6.3;11.1;10.4;62;80.9;8.5;7.9;8.5;7.7;8.6;263.8888889;0;2.777777778;0.8
25547400;2;5;1;2;3.6;6.1;10.3;10.2;65.6;80.9;8.7;8;8.7;8;8.6;263.8888889;0;2.777777778;0.8
25548300;4;6;0;0;4.4;6.9;9.6;10;67.9;80.9;8.8;8.6;9.1;8;8.6;263.8888889;0;2.777777778;0.8
25549200;4;6;1;2;4.5;6.7;9.2;9.5;68.9;16.2;9.2;8.7;9.1;8.5;7.7;261.1111111;0;0;0.9
25550100;1;4;26;88;2.5;5.4;8.8;9.4;70.6;0;6.9;6.4;7;6.7;7.7;261.1111111;0;0;0.9
25551000;1;5;0;0;2.3;5.6;8.5;9.4;71.3;0;6.6;6.1;6.5;6.3;7.7;261.1111111;0;0;0.9
25551900;2;5;0;0;2.9;5.9;8.2;9.4;72.5;0;6.9;6.3;6.8;6.8;7.7;261.1111111;0;0;0.9
25552800;2;6;0;0;3.3;6.5;7.9;8.4;73.2;0;7.3;6.5;7.1;7.1;7.3;258.3333333;0;0;2.2
25553700;3;7;0;0;4;7.5;7.8;8.2;74.2;0;7.6;7;7.5;7.6;7.3;258.3333333;0;0;2.2
25554600;4;6;0;0;4.8;7.2;7.6;7.8;74.9;0;7.9;7.7;7.8;8.6;7.3;258.3333333;0;0;2.2
25555500;4;5;0;0;5.3;6.6;7.3;7.3;76;0;8.1;8.1;7.6;9.5;7.3;258.3333333;0;0;2.2
25556400;4;4;1;0;5.2;5.5;7.2;7;76.5;0;7.8;6.8;6.4;9.8;5.7;258.3333333;0;0;1.9
25557300;4;5;0;0;5;6.5;7.1;6.9;77.4;0;8;5.6;6;10.4;5.7;258.3333333;0;0;1.9
25558200;5;5;0;0;6.3;5.8;6.9;7;77.6;0;9.4;5.4;5.9;10.7;5.7;258.3333333;0;0;1.9
25559100;5;4;0;0;6.3;5.1;6.9;7.1;78.1;0;10.2;5.2;5.7;10.8;5.7;258.3333333;0;0;1.9
25560000;5;3;0;0;6.3;4.2;6.7;6.5;78.6;0;9.9;4.9;5.5;10.5;4.7;255.5555556;0;0;0.7
25560900;5;2;0;0;6.3;3.8;6.6;6.3;78.6;0;9.1;4.7;5.3;10.2;4.7;255.5555556;0;0;0.7
25561800;5;3;2;0;5.9;3.9;6.5;6.3;78.9;0;8.6;4.5;5.1;9.7;4.7;255.5555556;0;0;0.7
25562700;3;5;0;0;3.7;5.1;6.4;6.4;79.6;0;8.5;4.4;5;9.7;4.7;255.5555556;0;0;0.7
25563600;3;4;0;0;5.2;5.4;6.3;5.8;79.6;0;8.5;4.4;5;9.4;4.6;252.7777778;0;0;0.7
25564500;5;2;0;0;5.5;4;6.1;5.7;80.2;0;8.1;4.3;5;9.2;4.6;252.7777778;0;0;0.7
25565400;5;2;0;0;6;3.8;5.9;5.4;80.6;0;7.8;4.2;4.8;9;4.6;252.7777778;0;0;0.7
25566300;5;2;0;0;6;3.8;5.85;6.4;81.1;0;7.55;4.1;4.75;8.65;4.6;252.7777778;0;0;0.7
25567200;5;2;0;0;6;3.8;5.8;7.4;81.6;0;7.3;4;4.7;8.3;3.9;250;0;0;0.4
25568100;5;2;0;0;6;3.6;5.5;8;81.7;0;7.1;3.8;4.5;8.2;3.9;250;0;0;0.4
25569000;5;2;1;0;5.9;3.3;5.4;8;82.1;0;6.9;3.6;4.3;8.1;3.9;250;0;0;0.4
25569900;3;2;0;0;3.6;3.3;5.4;8;82.3;0;6.8;3.4;4.1;8.2;3.9;250;0;0;0.4
25570800;3;4;0;0;4.4;4.6;5.2;7.9;82.6;0;7.2;3.3;4;8.2;2.9;250;0;0;0.4
25571700;4;4;0;0;5.2;5.6;5.1;7.9;83;0;7.1;3.2;3.8;8.3;2.9;250;0;0;0.4
25572600;4;2;0;0;5.3;3.8;5;7.9;83.3;0;6.8;3.1;3.7;8.2;2.9;250;0;0;0.4
25573500;4;2;0;0;5.3;3.3;4.8;7.9;83.6;0;6.4;3;3.6;7.7;2.9;250;0;0;0.4
25574400;4;2;0;0;5.3;3;4.7;7.8;83.7;0;6.2;2.8;3.3;7.5;2.3;247.2222222;0;0;0.6
25575300;5;1;0;0;5.3;2.8;4.7;7.8;83.9;0;6.1;2.7;3.2;7.4;2.3;247.2222222;0;0;0.6
25576200;4;1;0;0;5.3;2.8;4.6;7.8;84.1;0;5.9;2.6;3.1;7.2;2.3;247.2222222;0;0;0.6
25577100;4;1;0;0;5.3;2.5;4.5;7.8;84.1;0;5.8;2.5;3;7.1;2.3;247.2222222;0;0;0.6
25578000;4;1;0;0;5.3;2.3;4.3;4.4;84.3;0;5.7;2.4;3;7;2.9;247.2222222;0;0;1.6
25578900;4;2;0;0;5;2.7;4.2;3.1;84.6;0;5.6;2.4;3;6.9;2.9;247.2222222;0;0;1.6
25579800;4;4;0;0;4.8;4.8;4;2.9;84.6;0;5.5;2.2;2.9;6.8;2.9;247.2222222;0;0;1.6
25580700;4;2;0;0;4.8;4;4;2.5;84.3;0;5.5;2.1;2.7;6.7;2.9;247.2222222;0;0;1.6
25581600;4;1;0;0;4.8;2.9;3.9;2.4;84.6;0;5.4;2;2.6;6.6;2.4;244.4444444;0;0;2.4
25582500;4;1;0;0;4.8;2.8;3.9;2.3;84.6;0;5.4;1.9;2.6;6.6;2.4;244.4444444;0;0;2.4
25583400;4;1;0;0;4.8;2.8;3.9;2.2;84.6;0;5.4;1.8;2.5;6.7;2.4;244.4444444;0;0;2.4
25584300;2;0;0;0;3;1.4;3.8;1.9;84.6;0;5.2;1.7;2.4;6.8;2.4;244.4444444;0;0;2.4
25585200;2;1;0;0;3.3;1.4;3.7;1.8;84.6;0;5.8;1.5;2.3;6.8;1.9;244.4444444;0;0;3.4
25586100;3;1;0;0;3.8;1.8;3.6;1.8;84.6;0;5.7;1.4;2.2;6.9;1.9;244.4444444;0;0;3.4
25587000;3;1;0;0;3.8;1.8;3.6;2.1;84.6;0;5.5;1.4;2.1;6.8;1.9;244.4444444;0;0;3.4
25587900;3;3;0;0;4.2;3;3.5;2.6;84.6;0;5.1;1.3;2.1;6.4;1.9;244.4444444;0;0;3.4
25588800;4;2;0;0;4.5;3.7;3.4;2.5;84.6;0;4.9;1.2;2.1;6;1.7;244.4444444;0;0;2.7
25589700;4;1;0;0;4.8;2.4;3.4;2.4;84.6;0;4.8;1.2;2;5.8;1.7;244.4444444;0;0;2.7
25590600;5;1;0;0;4.8;1.9;3.3;2.3;84.6;0;4.6;1.1;1.9;5.8;1.7;244.4444444;0;0;2.7
25591500;5;0;0;0;4.8;1.8;3.2;2.1;84.9;0;4.6;1.1;1.7;5.9;1.7;244.4444444;0;0;2.7
25592400;5;0;0;0;4.8;1.8;3.1;2;85.1;0;4.6;0.9;1.6;5.9;1.3;244.4444444;2.777777778;2.777777778;2.5
25593300;5;0;0;0;4.8;1.8;3;1.9;84.9;0;4.5;0.9;1.5;5.7;1.3;244.4444444;2.777777778;2.777777778;2.5
25594200;5;0;0;0;4.8;1.8;2.9;1.8;84.6;0;4.3;0.9;1.5;5.6;1.3;244.4444444;2.777777778;2.777777778;2.5
25595100;5;0;0;0;4.8;1.6;2.9;1.6;84.6;0;4.2;1;1.5;5.5;1.3;244.4444444;2.777777778;2.777777778;2.5
25596000;5;2;0;0;4.4;1.8;3;1.9;84.8;0;4.1;1;1.6;5.5;2.9;244.4444444;25;36.11111111;1.7
25596900;4;3;0;0;4.1;4.3;3.1;2;84.6;0;4.1;0.9;1.6;5.4;2.9;244.4444444;25;36.11111111;1.7
25597800;4;3;0;0;3.8;4.3;3.5;2;84.6;0;4.1;1;2;5.3;2.9;244.4444444;25;36.11111111;1.7
25598700;3;2;0;0;3.4;3.9;4;1.9;84.5;0;4.2;1.2;2.8;5.3;2.9;244.4444444;25;36.11111111;1.7
25599600;3;1;0;0;3.3;2.4;4.6;2.5;84;34.5;4.3;1.5;3.8;5.2;4.3;244.4444444;41.66666667;205.5555556;1.4
25600500;2;1;0;0;3.3;2.3;5.1;2.7;82.8;47;4.4;2.1;5.1;5.4;4.3;244.4444444;41.66666667;205.5555556;1.4
25601400;2;1;0;0;3.3;2.3;5.5;2.4;81.4;47;5;2.8;6.3;5.7;4.3;244.4444444;41.66666667;205.5555556;1.4
25602300;2;1;0;0;3.3;2.3;5.9;1.8;80.6;47;5.8;4.1;7;5.9;4.3;244.4444444;41.66666667;205.5555556;1.4
25603200;2;1;0;0;3.4;2.3;6.5;2.8;78.6;134.3;7.3;6.2;8.1;6.1;6.5;250;50;341.6666667;1.9
25604100;2;4;35;120;3.4;5.4;7;3.2;77.8;166;8.9;8.2;9.2;7.9;6.5;250;50;341.6666667;1.9
25605000;2;5;43;146;2.7;5.7;7.4;3.5;75.5;166;7.6;7.5;7.7;6.8;6.5;250;50;341.6666667;1.9
25605900;1;5;43;145;2.6;5.5;7.9;4.1;74.7;166;7.6;7.6;7.7;6.6;6.5;250;50;341.6666667;1.9
25606800;2;5;43;147;2.6;5.6;8.6;5.2;72.3;246.2;8.2;8.1;8.2;6.9;9.6;255.5555556;52.77777778;438.8888889;1.8
25607700;4;6;35;68;5.3;6.6;9.1;5.7;68.9;286.3;9.4;9.4;9.5;7.9;9.6;255.5555556;52.77777778;438.8888889;1.8
25608600;6;8;33;73;6.8;8.6;9.7;5.8;66.4;286.8;11.3;11.4;11.5;10;9.6;255.5555556;52.77777778;438.8888889;1.8
25609500;7;10;33;77;8.2;10.2;10.2;6;64.8;287.8;12.8;13;13;11.5;9.6;255.5555556;52.77777778;438.8888889;1.8
25610400;9;11;33;82;9.5;11.5;10.6;7.3;64.1;327.7;14.2;14.3;14.4;12.9;10.7;261.1111111;52.77777778;497.2222222;2.4
25611300;10;12;33;84;10.6;12.7;11.1;7.9;62.5;347.7;15.3;15.4;15.4;14;10.7;261.1111111;52.77777778;497.2222222;2.4
25612200;11;13;33;86;11.4;13.6;11.6;8;60.9;353.5;16.1;16.2;16.2;15;10.7;261.1111111;52.77777778;497.2222222;2.4
25613100;11;14;33;87;12;14.3;12.3;8.4;57.7;369.6;16.7;16.8;16.8;15.6;10.7;261.1111111;52.77777778;497.2222222;2.4
25614000;12;14;33;88;12.5;14.8;12.6;9.5;56.7;412.5;17.2;17.3;17.4;16.3;12.3;266.6666667;52.77777778;500;2.4
25614900;12;15;33;89;13;15.4;12.9;10.1;55.5;434;17.7;17.8;17.8;16.7;12.3;266.6666667;52.77777778;500;2.4
25615800;13;15;33;91;13.3;15.8;13.1;10.4;54.2;434;18.2;18.2;18.2;17.2;12.3;266.6666667;52.77777778;500;2.4
25616700;13;15;33;92;13.8;16.1;13.5;11.3;54.5;434;18.5;18.6;18.6;17.5;12.3;266.6666667;52.77777778;500;2.4
25617600;13;16;33;93;14;16.5;13.9;12.2;53.2;454.6;18.9;18.9;19;17.8;13.7;272.2222222;50;444.4444444;3.7
25618500;12;16;38;133;13.6;16.5;14.2;12.7;52.8;464.9;18.9;19;19;17.8;13.7;272.2222222;50;444.4444444;3.7
25619400;12;15;39;135;13.3;16.5;14.5;12.6;51.2;464.9;18.5;18.6;18.6;17.4;13.7;272.2222222;50;444.4444444;3.7
25620300;12;15;39;127;13.3;16.5;14.9;12.2;50.6;464.9;18.5;18.5;18.6;17.1;13.7;272.2222222;50;444.4444444;3.7
25621200;14;16;35;52;15.8;16.7;15.2;12.8;50.5;413.7;19;19.2;19.3;17.6;14.4;277.7777778;47.22222222;344.4444444;3.4
25622100;11;15;43;220;12.2;16.4;15.4;13.1;50.8;388.1;18.2;18.1;18.2;17.2;14.4;277.7777778;47.22222222;344.4444444;3.4
25623000;7;13;43;292;8.2;14.3;15.4;13.1;50.4;388.1;16.1;16.1;16;14.9;14.4;277.7777778;47.22222222;344.4444444;3.4
25623900;8;12;38;162;9;12.8;15.5;13.2;50.6;388.1;14.8;14.7;14.7;13.4;14.4;277.7777778;47.22222222;344.4444444;3.4
25624800;8;11;43;194;8.5;12.3;15.7;13.4;51.6;321;14.3;14.2;14.3;13.1;14.2;277.7777778;38.88888889;211.1111111;2.7
25625700;8;11;40;135;8.4;11.5;15.7;13.5;50.9;287.4;13.6;13.5;13.6;12.4;14.2;277.7777778;38.88888889;211.1111111;2.7
25626600;8;11;40;111;9.1;11.5;15.7;13.7;51.1;287.4;13.8;13.6;13.9;12.6;14.2;277.7777778;38.88888889;211.1111111;2.7
25627500;6;10;38;190;6.8;11.1;15.5;14.1;51.8;287.4;13;12.8;13;12.1;14.2;277.7777778;38.88888889;211.1111111;2.7
25628400;5;9;40;145;6.6;9.7;15.3;13.9;53;211.6;11.6;11.3;11.7;10.6;13;277.7777778;19.44444444;63.88888889;2.7
25629300;6;8;43;81;7.1;8.6;14.8;13.9;55.9;192.6;10.8;9.9;10.9;9.7;13;277.7777778;19.44444444;63.88888889;2.7
25630200;5;7;41;119;6.1;8.4;14.2;14.1;58.1;192.6;10.5;9.6;10.6;9.5;13;277.7777778;19.44444444;63.88888889;2.7
25631100;3;6;40;142;3.8;6.8;13.4;14.3;62;192.6;8.7;8;8.6;7.8;13;277.7777778;19.44444444;63.88888889;2.7
25632000;3;5;34;53;4.5;5.7;12.5;13.6;65.6;105.2;7.8;7.3;7.8;6.9;10.9;-2775;0;0;2.6
25632900;3;4;39;39;4;5;11.7;13.3;67.8;73.4;6.9;6.6;7;6.1;10.9;-2775;0;0;2.6
25633800;4;4;0;0;4.8;4.5;11.1;13.3;69.5;73.4;7.1;7;7.4;6.1;10.9;-2775;0;0;2.6
25634700;4;3;0;0;4.8;4.9;10.7;13.3;71.2;73.4;7.3;7.3;7.7;6.3;10.9;-2775;0;0;2.6
25635600;4;2;0;0;5.3;4.6;10.1;12.3;73.1;19.6;7.4;7.5;7.9;6.5;9.8;269.4444444;0;0;3.2
25636500;5;2;0;0;5.3;4.5;9.6;12;74.8;0;7.7;7.6;8.1;6.7;9.8;269.4444444;0;0;3.2
25637400;4;3;18;66;4.8;5.1;9.2;12;76.2;0;7.9;7.5;8.1;7.2;9.8;269.4444444;0;0;3.2
25638300;1;4;8;30;1.9;5.1;9;11.9;77.3;0;6.8;6.1;6.6;6.5;9.8;269.4444444;0;0;3.2
25639200;2;3;0;0;2.6;4.9;8.8;11.2;78.1;0;7.1;6.3;6.9;6.8;8.8;266.6666667;0;0;3.6
25640100;2;3;0;0;3.1;5;8.7;11;78.4;0;7.4;6.4;7;7.1;8.8;266.6666667;0;0;3.6
25641000;2;5;1;3;3.1;5.9;8.5;10.8;79;0;7.3;6.7;7.3;7.2;8.8;266.6666667;0;0;3.6
25641900;3;4;0;0;3.6;5.4;8.2;10.3;79.7;0;7.9;6.5;7.4;7.8;8.8;266.6666667;0;0;3.6
25642800;2;4;21;70;3.2;4.9;7.9;9.4;80.2;0;7.5;6.1;7.2;7.4;7.5;263.8888889;0;0;4.2
25643700;0;3;7;22;1.2;4.1;7.9;9.2;81;0;5.7;5;5.6;5.7;7.5;263.8888889;0;0;4.2
25644600;0;3;1;3;1.3;4.1;7.7;9;81.3;0;5.9;5.1;5.6;6;7.5;263.8888889;0;0;4.2
25645500;2;4;0;0;3.1;4.6;7.4;8.7;81.7;0;5.9;5.5;6;6.1;7.5;263.8888889;0;0;4.2
25646400;2;4;0;0;3.3;5.1;7.3;8.4;82.1;0;6.4;5.7;6.2;6.6;6.2;258.3333333;0;0;4.4
25647300;3;4;0;0;3.8;4.7;7.1;8.3;82.3;0;7;5.8;6.5;7.1;6.2;258.3333333;0;0;4.4
25648200;4;4;0;0;4.7;4.8;7.1;8.3;82.6;0;7.2;5.7;6.8;7.7;6.2;258.3333333;0;0;4.4
25649100;4;4;0;0;5.3;5.1;6.9;8.2;82.8;0;7.2;5.2;6.2;8.6;6.2;258.3333333;0;0;4.4
25650000;2;4;1;2;3.6;5.1;6.8;7.7;83.3;0;6.2;5.1;5.6;8.9;5.9;258.3333333;0;0;4.5
25650900;4;3;0;0;5.6;4.2;6.7;7.5;83.3;0;7.3;5;5.5;10.1;5.9;258.3333333;0;0;4.5
25651800;4;2;13;36;4.8;3.3;6.6;7.2;83.6;0;7.5;4.9;5.5;9;5.9;258.3333333;0;0;4.5
25652700;2;2;6.5;18;2.75;3.45;6.45;7.45;83.55;0;6.05;4.4;5;6.8;5.9;258.3333333;0;0;4.5
25653600;0;2;0;0;0.7;3.6;6.3;7.7;83.5;0;4.6;3.9;4.5;4.6;5.3;258.3333333;0;0;4.7
25654500;0;2;0;0;1.1;3.6;6.2;8;84;0;5;4.1;4.5;4.9;5.3;258.3333333;0;0;4.7
25655400;0;2;0;1;1.6;3.6;6.1;8;84.1;0;5.2;4.2;4.5;5.2;5.3;258.3333333;0;0;4.7
25656300;2;4;0;0;2.7;3.9;6.1;8;84.1;0;5;4.2;4.8;5.3;5.3;258.3333333;0;0;4.7
25657200;2;5;0;0;3.6;5.4;6.1;7.9;85;0;5.9;4.2;5.1;6.1;5.4;258.3333333;0;0;3.8
25658100;4;4;0;0;4.8;5.7;6;7.9;84.7;0;6.5;4.3;5.4;6.9;5.4;258.3333333;0;0;3.8
25659000;5;3;0;0;5.4;4.2;5.9;7.9;84.6;0;6.9;4.3;6.1;8.4;5.4;258.3333333;0;0;3.8
25659900;4;3;0;0;5.4;3.6;5.8;7.9;84.6;0;7.1;4.2;6.9;9.4;5.4;258.3333333;0;0;3.8
25660800;0;2;28;77;0.8;2.9;5.7;7.8;84.6;0;4.5;3.7;4.2;4.5;4.6;255.5555556;0;0;3.7
25661700;0;3;0;0;0.1;3.4;5.6;7.8;84.7;0;3.9;3.4;3.8;3.7;4.6;255.5555556;0;0;3.7
25662600;0;3;0;0;0.8;3.8;5.5;7.8;84.6;0;4.3;3.6;4.1;4.1;4.6;255.5555556;0;0;3.7
25663500;0;4;0;0;1.2;4.4;5.4;7.8;84.9;0;4.7;4;4.5;4.6;4.6;255.5555556;0;0;3.7
25664400;1;4;0;0;1.9;4.6;5.3;5;85;0;5.1;4.3;4.9;5;4.3;266.6666667;0;0;3.7
25665300;1;2;0;0;2.9;3.4;5.3;4;84.7;0;5;3.9;4.7;5.7;4.3;266.6666667;0;0;3.7
25666200;2;4;0;0;3.6;5;5.5;4.3;85.4;0;4.9;3.5;4.2;6.8;4.3;266.6666667;0;0;3.7
25667100;2;4;0;0;4.3;5.4;5.5;4.8;85.4;0;5.3;3.6;4;8.1;4.3;266.6666667;0;0;3.7
25668000;2;3;1;2;3.1;4.2;5.3;4.4;85.3;0;4.6;3.5;4.2;8.4;3.8;261.1111111;0;0;3.4
25668900;3;2;0;0;4.5;3.9;5.2;4.2;85.1;0;5.5;3.5;4.1;9;3.8;261.1111111;0;0;3.4
25669800;3;1;0;0;4.8;3.1;5.2;4.2;85.8;0;7;3.5;4.1;9.1;3.8;261.1111111;0;0;3.4
25670700;4;1;0;0;4.8;2.5;5.2;4.1;85.7;0;7.6;3.5;4.1;8.8;3.8;261.1111111;0;0;3.4
25671600;4;1;0;0;4.8;2.1;5;3.8;85.6;0;8;3.4;4;8.2;3.4;258.3333333;0;0;2.9
25672500;4;1;0;0;4.8;2.1;5;3.7;86.1;0;7.4;3.4;3.9;7.7;3.4;258.3333333;0;0;2.9
25673400;4;1;0;0;5.2;2.1;4.8;3.8;85.8;0;6.7;3.3;3.9;7.6;3.4;258.3333333;0;0;2.9
25674300;4;3;0;0;5.3;3.2;4.6;4;85.7;0;6.3;3.2;3.7;7.5;3.4;258.3333333;0;0;2.9
25675200;4;3;0;0;5.3;4.1;4.6;3.9;85.9;0;6.2;3.1;3.6;7.4;3.5;261.1111111;0;0;3.2
25676100;4;2;0;0;5.3;3.3;4.5;3.9;85.5;0;6.2;3;3.6;7.2;3.5;261.1111111;0;0;3.2
25677000;5;1;0;0;5.6;2.8;4.5;3.9;85.1;0;6.2;2.9;3.5;7.2;3.5;261.1111111;0;0;3.2
25677900;5;1;0;0;5.8;2.6;4.6;3.9;85.4;0;6.1;2.9;3.5;7.1;3.5;261.1111111;0;0;3.2
25678800;5;1;0;0;5.8;2.6;4.6;4;85.6;0;6.1;2.9;3.4;7.1;3.4;269.4444444;0;0;2.3
25679700;5;1;0;0;5.8;2.6;4.7;4;85.6;0;6;2.9;3.5;7;3.4;269.4444444;0;0;2.3
25680600;5;1;0;0;5.8;2.6;4.7;3.9;85.2;0;5.9;2.9;3.5;6.9;3.4;269.4444444;0;0;2.3
25681500;5;1;0;0;5.8;2.1;4.6;3.6;85.1;0;5.8;2.8;3.5;6.8;3.4;269.4444444;0;0;2.3
25682400;5;2;0;0;5.8;2.3;4.7;3.9;85.3;0;5.8;2.8;3.5;6.8;3.6;266.6666667;25;27.77777778;2.2
25683300;5;3;0;0;5.8;4;5;4;85.3;0;5.8;3;3.6;6.8;3.6;266.6666667;25;27.77777778;2.2
25684200;6;3;0;0;5.8;4.1;5.1;4;85.1;0;5.7;3.1;3.7;6.8;3.6;266.6666667;25;27.77777778;2.2
25685100;6;3;0;0;5.8;4;5.4;3.9;85.3;0;5.8;3.3;3.9;6.8;3.6;266.6666667;25;27.77777778;2.2
25686000;6;1;0;0;5.8;2.9;5.8;4.6;84.9;29.7;5.9;3.6;4.8;6.7;5.1;277.7777778;108.3333333;161.1111111;1.9
25686900;5;1;0;0;5.8;2.6;6.1;5;84.6;44.6;5.9;4;5.3;6.9;5.1;277.7777778;108.3333333;161.1111111;1.9
25687800;2;2;32;95;2.5;3.5;7.1;4.9;82.8;44.6;6;5.3;6.2;6;5.1;277.7777778;108.3333333;161.1111111;1.9
25688700;0;2;27;81;0.4;3.1;7.8;4.6;80;44.6;4.9;4.7;5.1;4.3;5.1;277.7777778;108.3333333;161.1111111;1.9
25689600;0;3;32;109;1.5;3.7;8.1;5.8;76.8;120.7;6.2;6;6.3;5.2;6.9;294.4444444;169.4444444;211.1111111;1.4
25690500;0;3;43;137;0.9;3.7;8.7;6.4;76.7;158.8;5.5;5.5;5.6;4.7;6.9;294.4444444;169.4444444;211.1111111;1.4
25691400;0;2;33;103;0.4;3.1;9.6;6.1;73.5;158.8;5.1;4.9;5.1;4.1;6.9;294.4444444;169.4444444;211.1111111;1.4
25692300;0;3;0;0;0.7;4;9.8;5.4;72.2;158.8;5.4;5.4;5.5;4.1;6.9;294.4444444;169.4444444;211.1111111;1.4
25693200;0;3;0;0;1.1;4.5;9.9;6.9;72.6;229.5;5.9;5.7;5.9;4.4;9;286.1111111;177.7777778;341.6666667;2.8
25694100;2;5;28;65;3.4;5.4;10.1;7.7;71.7;264.8;8;7.8;8;7;9;286.1111111;177.7777778;341.6666667;2.8
25695000;4;6;33;65;4.7;6.3;10.1;7.6;71.8;264.4;8.9;8.9;9.1;7.8;9;286.1111111;177.7777778;341.6666667;2.8
25695900;5;7;33;72;6;7.9;10.7;7.3;70.1;263.2;10.7;10.6;10.7;9.4;9;286.1111111;177.7777778;341.6666667;2.8
25696800;7;9;33;77;7.9;9.8;11.7;8.8;67;324.4;12.5;12.5;12.5;11.1;11.9;288.8888889;186.1111111;430.5555556;1.6
25697700;8;10;33;79;8.6;10.7;12.2;9.6;65.1;355;13.3;13.3;13.4;12.1;11.9;288.8888889;186.1111111;430.5555556;1.6
25698600;8;11;38;126;9.1;11.9;12.4;9.5;65;358.3;14.3;14.3;14.4;13.2;11.9;288.8888889;186.1111111;430.5555556;1.6
25699500;7;11;43;192;8.2;12.2;12.9;9.3;63.1;367.3;14.2;14.2;14.1;13.1;11.9;288.8888889;186.1111111;430.5555556;1.6
25700400;8;10;35;98;9;11.4;13;10.8;63;433.4;13.6;13.6;13.6;12.4;13.2;286.1111111;105.5555556;461.1111111;2.3
25701300;9;12;33;78;10.3;12.2;13.4;11.5;61.9;466.4;14.9;14.9;15;13.8;13.2;286.1111111;105.5555556;461.1111111;2.3
25702200;11;13;33;83;11.7;13.8;13.8;11.4;60.7;466.4;16.4;16.4;16.5;15.3;13.2;286.1111111;105.5555556;461.1111111;2.3
25703100;12;14;33;87;12.7;15;14.2;11.1;59.6;466.4;17.6;17.6;17.6;16.5;13.2;286.1111111;105.5555556;461.1111111;2.3
25704000;13;15;33;89;13.7;16;14.7;12.3;58.2;449.9;18.5;18.6;18.6;17.4;14.9;294.4444444;113.8888889;397.2222222;2.1
25704900;8;15;37;326;9;16.2;15.1;12.9;57;441.7;18.1;18.1;18;17.2;14.9;294.4444444;113.8888889;397.2222222;2.1
25705800;9;13;40;193;9.8;14.2;15.6;13.1;55.3;441.7;16.2;16.3;16.1;14.7;14.9;294.4444444;113.8888889;397.2222222;2.1
25706700;10;12;36;77;11.5;13.3;15.7;13.5;54.4;441.7;15.3;15.2;15.4;14;14.9;294.4444444;113.8888889;397.2222222;2.1
25707600;12;14;34;87;12.6;14.4;16.5;13.9;51.8;390.6;17.2;17.3;17.4;15.9;16.7;297.2222222;80.55555556;355.5555556;2.2
25708500;10;14;38;219;10.8;15.4;16.9;14.1;50.2;365.1;17.3;17.4;17.5;16.3;16.7;297.2222222;80.55555556;355.5555556;2.2
25709400;7;13;43;278;7.9;13.8;17;14;48.9;365.1;15.6;15.6;15.5;14.2;16.7;297.2222222;80.55555556;355.5555556;2.2
25710300;7;12;37;168;8.8;12.6;17;13.7;49.2;365.1;14.7;14.6;14.6;13.4;16.7;297.2222222;80.55555556;355.5555556;2.2
25711200;7;11;43;199;8.2;12.4;17.2;13.9;47.4;291.2;14.4;14.2;14.3;13;15.1;297.2222222;44.44444444;116.6666667;2.5
25712100;6;11;33;182;7.4;11.7;17.2;14;44.3;254.3;13.9;13.7;13.8;12.7;15.1;297.2222222;44.44444444;116.6666667;2.5
25713000;7;10;39;108;8.6;11;16.9;14.3;42.4;254.3;12.9;12.8;13;11.7;15.1;297.2222222;44.44444444;116.6666667;2.5
25713900;7;9;42;100;8.2;10.2;16.3;15;45.8;254.3;12.2;12;12.3;11.4;15.1;297.2222222;44.44444444;116.6666667;2.5
25714800;5;8;40;157;6;9.2;15.5;14.7;52.9;201.4;10.8;10.6;10.8;10.1;14.5;327.7777778;27.77777778;36.11111111;1.8
25715700;5;6;20;52;5.8;7.5;15.3;14.6;54.9;174.9;9.6;9.5;9.7;8.6;14.5;327.7777778;27.77777778;36.11111111;1.8
25716600;5;7;17;49;6.1;7.7;15.3;15.1;54.5;174.9;10.4;10.3;10.8;9.4;14.5;327.7777778;27.77777778;36.11111111;1.8
25717500;3;7;43;158;4.3;7.6;15;16.4;56.7;174.9;9.4;8.9;9.3;8.5;14.5;327.7777778;27.77777778;36.11111111;1.8
25718400;4;5;29;72;4.7;6.2;14.5;15.7;58.4;98;8.2;7.8;8.2;7.2;13.3;313.8888889;0;0;2.6
25719300;3;5;34;71;4.6;6.2;13.8;15.3;61.4;59.5;8.4;8;8.5;7.3;13.3;313.8888889;0;0;2.6
25720200;3;5;40;84;3.9;5.7;13.3;15;62.8;59.5;7.8;7.4;7.8;6.9;13.3;313.8888889;0;0;2.6
25721100;0;4;42;141;1.7;4.6;13;14.3;63.2;59.5;6.5;6;6.3;5.8;13.3;313.8888889;0;0;2.6
25722000;1;3;33;79;1.7;3.7;12.9;13.6;65;19.8;6;5.5;5.8;5.3;11.9;302.7777778;0;0;2.7
25722900;3;3;0;0;3.6;3.7;12.9;13.2;66.7;0;6.6;6.3;6.6;5.6;11.9;302.7777778;0;0;2.7
25723800;3;3;0;0;3.6;4.2;12.4;13.3;67.9;0;6.9;6.8;7.1;5.9;11.9;302.7777778;0;0;2.7
25724700;4;4;20;40;4.2;4.9;11.8;13.5;70.2;0;7.6;7.5;7.7;6.9;11.9;302.7777778;0;0;2.7
25725600;1;4;40;124;2.1;4.9;11.3;12.8;72.3;0;6.6;6.3;6.6;6.1;11;286.1111111;0;0;1.7
25726500;2;2;37;46;2.4;3.1;10.9;12.5;73.4;0;5.1;4.9;5.1;4.3;11;286.1111111;0;0;1.7
25727400;3;3;0;0;3.8;2.9;10.4;12.5;74.9;0;5.7;5.7;6;4.5;11;286.1111111;0;0;1.7
25728300;2;3;9;38;3.3;3.7;10;12.5;76.1;0;6.6;6.2;6.5;5.6;11;286.1111111;0;0;1.7
25729200;1;3;43;91;2;4.2;9.8;11.6;77.1;0;6.2;5.7;6.1;5.6;10.3;283.3333333;0;0;2.1
25730100;0;2;8;29;0.5;3.2;9.6;11.2;77.7;0;5.2;4.7;5.1;4.7;10.3;283.3333333;0;0;2.1
25731000;0;3;0;0;1;3.2;9.6;11;78.7;0;5.6;5.1;5.5;4.9;10.3;283.3333333;0;0;2.1
25731900;1;3;0;0;1.5;3.6;9.4;10.6;78.8;0;5.9;5.4;5.8;5.3;10.3;283.3333333;0;0;2.1
25732800;1;2;0;0;1.9;3.5;9.2;10.7;79.3;0;6.3;5.7;6.1;5.7;9.3;283.3333333;0;0;2.6
25733700;1;3;31;91;1.8;3.7;9.1;10.7;80.1;0;6.3;5.8;6.3;5.8;9.3;283.3333333;0;0;2.6
25734600;0;3;10;33;0.5;3.5;9;10.8;80.1;0;5;4.7;4.9;4.4;9.3;283.3333333;0;0;2.6
25735500;0;4;0;0;0.9;4.9;8.7;11;80.1;0;5.3;4.9;5.2;4.6;9.3;283.3333333;0;0;2.6
25736400;1;3;0;0;1.4;4;8.7;10.5;80.5;0;5.6;5.1;5.6;5;8.9;286.1111111;0;0;2.8
25737300;1;1;0;0;1.9;3.3;8.6;10.2;81.1;0;5.9;5.4;5.9;5.5;8.9;286.1111111;0;0;2.8
25738200;1;2;32;92;1.5;3.6;8.5;10;80.7;0;5.8;5.3;5.7;5.3;8.9;286.1111111;0;0;2.8
25739100;0.5;2;16;46;1.2;3.5;8.45;9.25;81.1;0;5.55;5.1;5.55;5.05;8.9;286.1111111;0;0;2.8
25740000;0;2;0;0;0.9;3.4;8.4;8.5;81.5;0;5.3;4.9;5.4;4.8;8.5;319.4444444;0;0;2.9
25740900;0;1;0;0;1.1;3.4;8.6;8;81.6;0;5.7;5.3;5.7;5.1;8.5;319.4444444;0;0;2.9
25741800;0;2;17;52;1.6;3.8;9.2;8;81.4;0;6.2;5.9;6.3;5.6;8.5;319.4444444;0;0;2.9
25742700;0;2;27;87;0.7;3.4;9.7;8;80.3;0;5.2;4.9;5.1;4.7;8.5;319.4444444;0;0;2.9
25743600;0;4;0;0;0.8;4.5;10;7.9;79;0;5.3;5;5.3;4.6;8.4;291.6666667;0;0;2.7
25744500;0;3;0;0;1.3;4.3;9.6;7.9;78.6;0;5.6;5.3;5.6;4.9;8.4;291.6666667;0;0;2.7
25745400;1;3;15;53;1.4;3.8;9.1;7.9;79.6;0;6.1;5.6;6.1;5.4;8.4;291.6666667;0;0;2.7
25746300;0;2;19;60;0.4;3.3;8.8;7.9;80.1;0;4.8;4.7;4.9;4.4;8.4;291.6666667;0;0;2.7
25747200;0;2;0;0;0.1;3.1;8.8;7.8;80.6;0;4.9;4.8;5.1;4.5;8.3;338.8888889;0;0;2.4
25748100;1;3;7;23;1.4;3.3;9.2;7.8;80.8;0;5.7;5.7;5.9;5;8.3;338.8888889;0;0;2.4
25749000;0;2;29;95;0.5;3.3;9.8;7.8;79.9;0;5.1;4.8;5.1;4.7;8.3;338.8888889;0;0;2.4
25749900;0;2;0;0;0.4;3.1;10.1;7.8;79.1;0;5;4.9;5;4.3;8.3;338.8888889;0;0;2.4
25750800;0;2;0;0;1;3.1;10.2;8.3;79;0;5.3;5.1;5.4;4.7;8.3;350;0;0;2.7
25751700;0;3;14;54;1.2;3.5;10.3;8.3;78.3;0;6.3;5.8;6.2;5.4;8.3;350;0;0;2.7
25752600;1;3;21;65;2.1;3.8;10.5;8.2;78.5;0;5.5;5.3;5.6;4.9;8.3;350;0;0;2.7
25753500;2;3;0;0;3.1;3.6;10.7;8.2;78.1;0;5.8;5.7;6;5;8.3;350;0;0;2.7
25754400;2;3;0;0;3.2;3.6;10.7;8.3;78.2;0;6.1;6.3;6.5;5.3;7.8;344.4444444;0;0;2
25755300;2;4;11;20;3.4;4.2;10.7;8.3;79.6;0;7;7.3;7.2;6;7.8;344.4444444;0;0;2
25756200;0;3;43;140;1.5;4.4;10.5;8.3;82.3;0;6.1;5.9;6.2;5.4;7.8;344.4444444;0;0;2
25757100;1;2;35;45;1.9;2.8;10.2;8.4;84.2;0;4.8;4.7;4.9;4;7.8;344.4444444;0;0;2
25758000;2;2;0;0;3;2.6;10;8.6;85.5;0;5.7;5.7;6;4.2;7.5;333.3333333;0;0;1.6
25758900;1;3;27;86;2;3.7;9.7;8.6;86.9;0;6.1;5.8;6.1;5.2;7.5;333.3333333;0;0;1.6
25759800;2;3;0;0;3.2;3.6;9.9;8.6;87.1;0;5.9;5.8;6.1;5.1;7.5;333.3333333;0;0;1.6
25760700;1;3;40;115;1.7;4.1;10.1;8.5;87.1;0;6;5.8;6;5.3;7.5;333.3333333;0;0;1.6
25761600;0;2;16;48;0.1;2.8;9.9;8.4;86.8;0;4.8;4.7;4.8;4;7.3;333.3333333;0;0;2.3
25762500;0;2;0;0;0.6;3.1;9.7;8.4;86.4;0;5.1;5.1;5.2;4.2;7.3;333.3333333;0;0;2.3
25763400;0;2;0;0;1.1;3.1;9.7;8.1;86.6;0;5.5;5.4;5.5;4.5;7.3;333.3333333;0;0;2.3
25764300;1;3;24;57;2.4;4;9.6;7.7;86.6;0;6.2;6.2;6.4;5.5;7.3;333.3333333;0;0;2.3
25765200;3;3;14;8;3.5;4.1;9.7;7.6;86.5;0;6;6.1;6.3;5.1;7.2;325;0;0;2.2
25766100;0;3;43;134;1;3.7;9.7;7.6;86.6;0;5.5;5.4;5.6;5;7.2;325;0;0;2.2
25767000;0;2;3;10;0.3;2.8;9.6;7.5;86.5;0;4.7;4.6;4.8;4;7.2;325;0;0;2.2
25767900;0;2;0;0;0.8;3.1;9.5;7.3;86.6;0;5;5;5.2;4.2;7.2;325;0;0;2.2
25768800;0;3;1;3;1.2;3.7;9.3;7.4;86.1;0;5.5;5.3;5.5;4.6;7.6;313.8888889;33.33333333;33.33333333;2.4
25769700;1;3;23;77;2.2;3.9;9.3;7.4;86.1;0;5.9;5.8;6;5.2;7.6;313.8888889;33.33333333;33.33333333;2.4
25770600;2;4;6;6;3.3;4.3;9.6;7.4;86.6;0;6.1;6.1;6.3;5.2;7.6;313.8888889;33.33333333;33.33333333;2.4
25771500;1;3;43;137;1.1;4;10;7.3;86.4;0;5.6;5.6;5.7;5.1;7.6;313.8888889;33.33333333;33.33333333;2.4
25772400;0;2;16;50;-0.1;2.7;10.3;7.6;85.9;9.7;4.7;4.6;4.7;3.9;9.1;322.2222222;105.5555556;127.7777778;1.2
25773300;0;2;0;0;0.6;2.7;10.8;7.7;85.7;12.1;5.1;5.1;5.2;4.1;9.1;322.2222222;105.5555556;127.7777778;1.2
25774200;0;3;10;45;0.9;3.6;11.1;7.6;84.7;12.1;6.5;6.2;6.5;5.4;9.1;322.2222222;105.5555556;127.7777778;1.2
25775100;3;5;37;106;3.5;5.6;11.7;7.4;83;12.1;7.5;7.4;7.6;6.6;9.1;322.2222222;105.5555556;127.7777778;1.2
25776000;3;4;9;12;4.1;5.4;12;8.2;80.9;69.8;8;7.9;8.1;6.6;9.9;316.6666667;161.1111111;191.6666667;1
25776900;2;5;43;155;3.3;6.4;12.4;8.3;79.5;78.7;8.3;8.1;8.4;7.4;9.9;316.6666667;161.1111111;191.6666667;1
25777800;1;4;43;148;2.6;5.6;12.4;8.3;78.6;78.7;7.5;7.3;7.5;6.5;9.9;316.6666667;161.1111111;191.6666667;1
25778700;2;5;41;107;3.6;5.4;12.8;8.3;78.1;78.7;7.7;7.4;7.7;6.5;9.9;316.6666667;161.1111111;191.6666667;1
25779600;4;5;6;11;4.6;5.6;13.5;9.3;77.8;136.3;8.5;8.6;8.8;6.8;11.8;333.3333333;216.6666667;275;2.6
25780500;4;8;43;163;5.5;8.8;14.5;9.4;74.8;145.2;11.4;11.2;11.5;10.2;11.8;333.3333333;216.6666667;275;2.6
25781400;5;8;40;171;5.8;9.1;15.2;9.7;72.9;144.9;11.3;11.2;11.3;10;11.8;333.3333333;216.6666667;275;2.6
25782300;5;7;41;142;5.4;8.5;15.5;10.1;73.1;144.6;10.4;10.3;10.4;9.3;11.8;333.3333333;216.6666667;275;2.6
25783200;5;7;38;105;5.8;8.2;16.2;11;71.7;207.5;10.6;10.5;10.7;9.5;13.4;341.6666667;233.3333333;297.2222222;1.7
25784100;4;8;43;175;5.1;8.6;16.2;11.1;69.6;217.2;11.1;11;11.1;10;13.4;341.6666667;233.3333333;297.2222222;1.7
25785000;5;8;38;171;5.4;9;16.4;11;68.2;231.4;11.4;11.3;11.3;10.2;13.4;341.6666667;233.3333333;297.2222222;1.7
25785900;6;9;43;144;6.4;9.4;17.3;10.9;64;247.7;11.8;11.8;11.9;10.6;13.4;341.6666667;233.3333333;297.2222222;1.7
25786800;5;9;39;162;6.4;9.8;17.3;11.5;61.9;277.5;11.9;11.8;11.9;10.8;13.6;352.7777778;202.7777778;208.3333333;1.5
25787700;5;8;41;151;6.1;9.6;17.2;11.7;63;284.9;11.5;11.4;11.5;10.3;13.6;352.7777778;202.7777778;208.3333333;1.5
25788600;6;9;39;103;7.1;9.6;17.6;12;62.9;284.9;12;11.9;12;10.7;13.6;352.7777778;202.7777778;208.3333333;1.5
25789500;5;9;35;160;6.1;9.8;17.5;12.5;61.1;284.9;11.9;11.9;12;10.9;13.6;352.7777778;202.7777778;208.3333333;1.5
25790400;4;8;43;168;5.2;8.7;17;12.9;62.5;274;10.4;10.3;10.4;9.4;13.7;341.6666667;150;172.2222222;1.5
25791300;4;7;37;105;5.4;7.6;16.8;13;63.9;271.3;9.8;9.7;9.9;8.8;13.7;341.6666667;150;172.2222222;1.5
25792200;5;7;38;97;5.7;7.8;16.9;13.3;63.3;271.3;10.3;10.2;10.4;9.3;13.7;341.6666667;150;172.2222222;1.5
25793100;4;7;43;170;4.9;8.4;16.9;13.8;63.9;271.3;10.3;10.3;10.4;9.5;13.7;341.6666667;150;172.2222222;1.5
25794000;4;7;39;130;4.8;8;17;14;65;257.7;9.9;9.8;9.9;8.9;13.4;355.5555556;97.22222222;97.22222222;1.7
25794900;5;7;43;101;5.9;7.8;17.2;14;64.6;254.3;10.3;10.2;10.4;9.2;13.4;355.5555556;97.22222222;97.22222222;1.7
25795800;5;8;38;141;5.7;8.9;17.4;13.9;63.6;254.3;11.1;11;11.1;9.9;13.4;355.5555556;97.22222222;97.22222222;1.7
25796700;4;7;41;136;5.1;8.2;17.1;13.8;66.1;254.3;10;9.9;10;9.1;13.4;355.5555556;97.22222222;97.22222222;1.7
25797600;5;7;39;95;5.4;8.1;16.9;13.6;66.3;218.7;9.9;9.8;10;9;13.8;308.3333333;86.11111111;127.7777778;1
25798500;4;7;41;120;5.3;8.1;16.6;13.6;65.6;213.2;10.1;10;10.2;9.3;13.8;308.3333333;86.11111111;127.7777778;1
25799400;5;6;43;74;6;7.6;15.9;13.6;67.8;213.2;9.4;9.4;9.6;8.5;13.8;308.3333333;86.11111111;127.7777778;1
25800300;5;6;43;80;6;7.6;15.7;13.5;70.2;213.2;9.6;9.4;9.7;8.6;13.8;308.3333333;86.11111111;127.7777778;1
25801200;5;7;43;80;6;7.6;15.5;13.3;71.7;146.4;9.6;9.3;9.7;8.6;13.1;308.3333333;33.33333333;36.11111111;0.9
25802100;5;6;43;69;6;7.2;15.2;13.2;72.1;122.1;9.2;9;9.3;8.3;13.1;308.3333333;33.33333333;36.11111111;0.9
25803000;4;6;36;71;5.6;7.1;14.8;13.2;73.9;122.1;9;8.8;9.1;8.2;13.1;308.3333333;33.33333333;36.11111111;0.9
25803900;3;5;39;92;4.5;6.5;14.4;13.1;75;122.1;8.3;8.1;8.3;7.6;13.1;308.3333333;33.33333333;36.11111111;0.9
25804800;3;5;39;85;4;6.1;13.8;12.4;76.3;38.1;8.1;7.8;8;7.3;11.6;302.7777778;0;0;2.2
25805700;3;5;36;69;4.3;6.1;13.3;12.3;77.4;32.1;8;7.7;8;7.2;11.6;302.7777778;0;0;2.2
25806600;4;5;3;3;4.6;6.1;12.9;12.6;77.9;32.1;8.2;8;8.3;7.3;11.6;302.7777778;0;0;2.2
25807500;4;5;20;58;4.7;6.5;12.7;13;78.9;32.1;8.9;8.5;9;8;11.6;302.7777778;0;0;2.2
25808400;5;5;6;11;5.5;6.6;12.6;12.3;79.3;4.3;8.6;8.2;8.7;7.8;11.2;316.6666667;0;0;2.9
25809300;5;6;17;55;5.3;6.9;13;12.2;79;0;9.4;8.9;9.5;8.4;11.2;316.6666667;0;0;2.9
25810200;5;6;12;26;5.7;7.2;12.9;12.2;78.8;0;8.9;8.6;9.1;8;11.2;316.6666667;0;0;2.9
25811100;5;6;11;34;5.6;7.2;12.5;12.3;79;0;9.5;9;9.6;8.4;11.2;316.6666667;0;0;2.9
25812000;4;6;36;85;4.8;6.9;12.1;11.6;80.3;0;8.6;8.2;8.7;8;10.5;288.8888889;0;0;2.5
25812900;3;4;39;82;3.8;5.6;11.6;11.5;80.6;0;7.4;7.1;7.5;6.8;10.5;288.8888889;0;0;2.5
25813800;2;4;41;57;3.8;5.1;11.3;11.1;81.5;0;7;6.6;7.1;6.4;10.5;288.8888889;0;0;2.5
25814700;1;4;43;144;1.8;4.7;10.9;10.8;82.3;0;6.7;6.2;6.6;6.1;10.5;288.8888889;0;0;2.5
25815600;0;3;43;139;0.8;3.6;10.7;10.4;82.8;0;5.6;5;5.5;4.8;10.4;286.1111111;0;0;2.3
25816500;2;2;23;10;3.2;3.1;10.4;10.4;82.9;0;5.5;5;5.5;4.2;10.4;286.1111111;0;0;2.3
25817400;1;3;29;88;2.2;3.8;10.2;10.6;83.3;0;6.6;5.8;6.4;5.3;10.4;286.1111111;0;0;2.3
25818300;0;2;20;65;0.5;3.3;10.1;10.7;83.7;0;5.2;4.7;5.2;4.4;10.4;286.1111111;0;0;2.3
25819200;0;2;0;0;0.4;3.1;9.9;10.2;84.3;0;5.8;5.1;5.6;4.6;10.3;286.1111111;0;0;2.7
25820100;1;3;9;32;1.7;3.4;9.8;9.9;84.3;0;6.9;6.4;7;5.5;10.3;286.1111111;0;0;2.7
25821000;0;3;43;137;1;3.7;9.7;9.8;84.3;0;5.8;5;5.5;5.1;10.3;286.1111111;0;0;2.7
25821900;0;3;6;19;0.3;3.3;9.7;9.7;84.3;0;5.3;4.7;4.9;4.4;10.3;286.1111111;0;0;2.7
25822800;0;3;0;0;0.9;3.6;9.6;9.2;84.3;0;5.6;5.1;5.4;4.7;8.6;283.3333333;0;0;3.8
25823700;0;1;0;0;1.3;3.3;9.4;9.1;84.3;0;6.1;5.3;5.7;5.2;8.6;283.3333333;0;0;3.8
25824600;0;3;37;114;1.3;3.9;9.2;9.3;84.3;0;6.1;5.4;6;5.6;8.6;283.3333333;0;0;3.8
25825500;0;2.5;18.5;57;1.05;3.5;9.05;8.9;84.4;0;5.8;5.05;5.7;5.15;8.6;283.3333333;0;0;3.8
25826400;0;2;0;0;0.8;3.1;8.9;8.5;84.5;0;5.5;4.7;5.4;4.7;7.2;283.3333333;0;0;4
25827300;0;2;0;0;1;3.1;8.8;8;84.8;0;6;5.2;5.8;5.1;7.2;283.3333333;0;0;4
25828200;0;2;14;40;1.5;3.4;8.8;8;84.8;0;6.4;5.7;6.2;5.5;7.2;283.3333333;0;0;4
25829100;0;2;22;71;0.6;3.4;8.7;8;84.8;0;5.1;4.6;5.1;4.6;7.2;283.3333333;0;0;4
25830000;0;4;0;0;0.7;4.6;8.6;7.9;84.8;0;5.2;4.5;5.2;4.5;7.6;280.5555556;0;0;3.5
25830900;0;3;0;0;1.2;4.1;8.4;7.9;84.8;0;5.5;4.8;5.5;4.9;7.6;280.5555556;0;0;3.5
25831800;1;2;12;43;1.2;3.7;8.2;7.9;84.8;0;5.9;5.2;5.9;5.2;7.6;280.5555556;0;0;3.5
25832700;0;2;16;47;0;3;8.2;7.9;85.1;0;4.7;4.3;4.7;4.3;7.6;280.5555556;0;0;3.5
25833600;0;2;0;0;0.5;3.2;8.1;7.8;85.3;0;4.9;4.4;4.9;4.4;6.5;300;0;0;3.9
25834500;0;2;0;0;1;3.2;7.9;7.8;85.3;0;5.3;4.6;5.1;4.8;6.5;300;0;0;3.9
25835400;0;1;0;0;1.4;2.8;7.8;7.8;85.3;0;5.6;4.5;5.2;5.2;6.5;300;0;0;3.9
25836300;1;1;0;0;1.8;2.7;7.8;7.8;85.3;0;5.8;4.5;5.2;5.6;6.5;300;0;0;3.9
25837200;1;2;14;37;1.9;3.1;7.7;6.3;85.3;0;5.9;4.9;5.4;5.5;6.5;327.7777778;0;0;3.4
25838100;0;3;13;42;0.3;3.4;7.6;6.3;85.8;0;4.6;4.2;4.5;4.2;6.5;327.7777778;0;0;3.4
25839000;0;3;0;0;0.6;4.5;7.4;6.8;85.8;0;4.8;4.4;4.8;4.4;6.5;327.7777778;0;0;3.4
25839900;0;2;0;0;1.1;3.7;7.5;7.2;86.1;0;5.2;4.7;5.1;4.8;6.5;327.7777778;0;0;3.4
25840800;1;2;15;48;1.2;3.5;7.8;6.8;86.7;0;5.6;5;5.3;5.1;6;322.2222222;0;0;3.1
25841700;0;2;12;32;-0.2;2.8;7.8;6.8;86.8;0;4.5;4.2;4.4;4;6;322.2222222;0;0;3.1
25842600;0;2;0;0;0.4;2.9;7.9;6.5;86.8;0;4.8;4.5;4.7;4.2;6;322.2222222;0;0;3.1
25843500;0;2;0;0;0.9;3.2;8;6.1;86.8;0;5.2;4.8;5.1;4.6;6;322.2222222;0;0;3.1
25844400;0;2;16;52;1.1;3.4;8.1;6;86.8;0;5.6;5.2;5.5;5;5.6;300;0;0;3.1
25845300;0;2;16;46;0;2.8;8.2;6;86.7;0;4.5;4.3;4.6;4;5.6;300;0;0;3.1
25846200;0;2;1;7;0.1;2.7;7.7;6.1;86.3;0;4.7;4.6;4.8;4.2;5.6;300;0;0;3.1
25847100;1;4;0;0;2.1;4.5;7.4;6.4;86.3;0;5;5.1;5.3;4.3;5.6;300;0;0;3.1
25848000;1;3;1;1;2.2;3.8;7.1;6.3;85.9;0;5.4;5.1;5.4;4.8;5.2;302.7777778;0;0;3.3
25848900;0;2;27;87;0.3;2.7;6.9;6.3;85.8;0;4.3;3.9;4.3;3.9;5.2;302.7777778;0;0;3.3
25849800;0;2;0;0;-0.2;2.6;6.8;6.2;85.8;0;4;3.6;4.1;3.6;5.2;302.7777778;0;0;3.3
25850700;0;2;0;0;0.4;2.7;6.7;5.9;85.8;0;4.5;3.8;4.4;4;5.2;302.7777778;0;0;3.3
25851600;0;2;0;0;0.9;2.7;6.6;5.8;85.8;0;4.8;4.2;4.7;4.4;4.9;322.2222222;0;0;1.7
25852500;1;2;0;0;1.3;2.7;6.5;5.7;86.4;0;5.2;4.5;5.1;4.9;4.9;322.2222222;0;0;1.7
25853400;0;2;26;79;0.8;2.8;6.9;5.6;86.8;0;5;4.4;5;4.6;4.9;322.2222222;0;0;1.7
25854300;0;2;2;5;-0.2;2.4;7.3;5.3;86.7;0;4;3.7;4.1;3.6;4.9;322.2222222;0;0;1.7
25855200;0;2;1;6;0.2;2.7;7.5;5.4;86.2;0;4.6;4.2;4.7;3.9;4.9;305.5555556;44.44444444;47.22222222;1.4
25856100;1;3;0;0;1.8;3.7;7.8;5.5;85.2;0;5;4.9;5.4;4.1;4.9;305.5555556;44.44444444;47.22222222;1.4
25857000;0;3;23;80;1.3;3.7;8.4;5.4;84.3;0;5.6;5.2;5.7;4.9;4.9;305.5555556;44.44444444;47.22222222;1.4
25857900;0;2;35;106;0;2.7;8.7;5.3;82.5;0;4.5;4.2;4.6;3.9;4.9;305.5555556;44.44444444;47.22222222;1.4
25858800;0;2;0;0;-0.2;2.5;8.6;5.8;82.4;19.5;4.7;4.4;4.8;3.7;6;-2775;94.44444444;175;1.3
25859700;0;2;0;0;0.4;2.7;8.6;6.1;82.7;29.2;5.1;4.8;5.3;4.1;6;-2775;94.44444444;175;1.3
25860600;0;3;41;142;1.3;4.2;8.6;6;82.2;29.2;6.5;6.1;6.6;5.7;6;-2775;94.44444444;175;1.3
25861500;0;3;43;135;0.9;3.6;8.6;5.6;82.4;29.2;5.6;5.3;5.6;4.7;6;-2775;94.44444444;175;1.3
25862400;2;2;3;9;2.7;3.2;8.8;6.4;81.3;86.7;6;6;5.5;4.6;7.7;277.7777778;108.3333333;294.4444444;1.4
25863300;2;5;32;102;2.7;5.4;9.1;6.8;80.9;115.5;8;7.9;8;6.7;7.7;277.7777778;108.3333333;294.4444444;1.4
25864200;1;4;43;151;2.4;5.4;9.3;6.6;80.4;115.5;7.5;7.4;7.6;6.4;7.7;277.7777778;108.3333333;294.4444444;1.4
25865100;1;4;43;150;2.4;5.4;9.7;6;79.7;115.5;7.6;7.6;7.7;6.4;7.7;277.7777778;108.3333333;294.4444444;1.4
25866000;2;5;43;150;2.5;5.6;10;7.1;78.8;162.1;8.2;8.1;8.2;6.9;9.9;283.3333333;113.8888889;402.7777778;1
25866900;3;6;43;111;4.4;6.7;10.6;7.7;78;185.4;9.3;9.2;9.3;7.9;9.9;283.3333333;113.8888889;402.7777778;1
25867800;4;7;37;120;5;7.8;11;7.6;76.7;185.1;10.5;10.4;10.5;9;9.9;283.3333333;113.8888889;402.7777778;1
25868700;4;8;43;173;5;8.4;11.5;7.5;76.1;184.1;11;11;11;9.7;9.9;283.3333333;113.8888889;402.7777778;1
25869600;5;8;40;170;5.6;8.9;11.9;8.8;75.2;251.4;11.4;11.3;11.3;10;12.6;288.8888889;113.8888889;477.7777778;1
25870500;4;8;42;185;5.5;9.5;12.5;9.4;74.3;285.1;11.8;11.7;11.7;10.4;12.6;288.8888889;113.8888889;477.7777778;1
25871400;5;9;38;151;6.5;9.7;13.1;9.5;72.9;283.6;12.4;12.3;12.4;11.1;12.6;288.8888889;113.8888889;477.7777778;1
25872300;6;10;43;187;6.5;10.4;13.6;9.6;71.6;282.9;12.7;12.7;12.7;11.6;12.6;288.8888889;113.8888889;477.7777778;1
25873200;6;10;38;216;6.5;10.9;14.2;10.7;70;354.1;13.3;13.3;13.2;12.2;13.4;294.4444444;111.1111111;438.8888889;1
25874100;6;10;43;174;7.2;10.9;14.6;11.2;68.8;389.7;13;13;12.9;11.8;13.4;294.4444444;111.1111111;438.8888889;1
25875000;6;10;36;165;7.3;11.3;14.9;11.3;67.3;389.7;13.6;13.5;13.6;12.4;13.4;294.4444444;111.1111111;438.8888889;1
25875900;7;11;37;176;7.5;11.4;15.2;11.4;65.7;389.7;13.7;13.8;13.8;12.6;13.4;294.4444444;111.1111111;438.8888889;1
25876800;6;10;43;231;6.7;11.6;15.5;12.2;62.8;359;13.6;13.5;13.4;12.4;14.6;294.4444444;86.11111111;411.1111111;1
25877700;6;11;39;176;7.6;11.5;15.8;12.6;57.8;343.7;13.9;13.9;13.9;12.6;14.6;294.4444444;86.11111111;411.1111111;1
25878600;7;11;43;198;7.7;11.9;16.1;13.3;56;343.7;14.2;14.2;14.2;12.9;14.6;294.4444444;86.11111111;411.1111111;1
25879500;6;11;42;253;7.2;12.3;16.4;13.7;57;343.7;14.5;14.5;14.3;13;14.6;294.4444444;86.11111111;411.1111111;1
25880400;8;12;34;132;9.4;12.3;16.8;14;57.2;308;14.9;14.9;14.9;13.2;15.3;294.4444444;75;333.3333333;1.7
25881300;10;13;41;115;11.1;13.4;16.8;14.2;56;290.1;16;16;16.1;14.4;15.3;294.4444444;75;333.3333333;1.7
25882200;9;13;41;172;10;13.7;16.8;14;55.7;290.1;15.7;15.7;15.7;14.4;15.3;294.4444444;75;333.3333333;1.7
25883100;8;13;39;221;8.8;13.6;17;13.9;55.7;290.1;16;15.9;16;14.6;15.3;294.4444444;75;333.3333333;1.7
25884000;7;11;43;185;8.2;12.2;16.9;14;54.7;253.5;14.1;14;14;12.7;15.2;297.2222222;66.66666667;180.5555556;1.8
25884900;7;11;38;169;7.7;11.6;17;14;54.7;235.2;13.7;13.5;13.7;12.3;15.2;297.2222222;66.66666667;180.5555556;1.8
25885800;7;10;37;170;7.2;10.6;16.9;14.5;56;235.2;12.5;12.5;12.6;11.4;15.2;297.2222222;66.66666667;180.5555556;1.8
25886700;6;9;43;124;7.1;9.7;16.7;14.7;57.3;235.2;11.6;11.4;11.7;10.5;15.2;297.2222222;66.66666667;180.5555556;1.8
25887600;5;8;38;151;5.9;9.1;16.5;14.4;56.1;157.5;11.2;10.6;11.2;10.1;14.2;294.4444444;30.55555556;47.22222222;1.4
25888500;4;7;33;138;5.3;7.9;15.9;14.3;60.3;118.6;9.8;9.3;10;8.8;14.2;294.4444444;30.55555556;47.22222222;1.4
25889400;4;6;39;94;5;7.1;15.2;14.8;63.4;118.6;9.2;8.6;9.4;8.1;14.2;294.4444444;30.55555556;47.22222222;1.4
25890300;5;6;39;61;5.4;6.7;14.4;15;66.3;118.6;8.8;8.4;8.8;7.8;14.2;294.4444444;30.55555556;47.22222222;1.4
25891200;2;5;43;148;3;6;13.7;14.4;68.8;69.7;7.9;7.6;7.8;7.2;12.8;291.6666667;0;0;2.1
25892100;3;4;33;53;3.6;4.9;13;14.1;70.8;45.2;6.8;6.6;6.7;6;12.8;291.6666667;0;0;2.1
25893000;3;4;0;0;4.3;4.9;12.5;14.3;72.1;45.2;7.1;7.1;7.3;6.2;12.8;291.6666667;0;0;2.1
25893900;3;5;24;43;4.2;5.4;12.3;14.5;73.1;45.2;7.7;7.4;7.7;6.8;12.8;291.6666667;0;0;2.1
25894800;4;5;3;0;4.8;5.4;11.8;13.4;74.4;0;7.6;7.5;7.8;6.9;11.5;288.8888889;0;0;2.6
25895700;1;4;43;142;2.5;5.4;11.5;13.4;75.7;0;7.2;6.8;7.2;6.6;11.5;288.8888889;0;0;2.6
25896600;0;2;38;117;0.8;3.5;11.3;13.3;77.1;0;5.3;4.9;5.3;4.7;11.5;288.8888889;0;0;2.6
25897500;1;3;0;0;2.2;3.2;11;13.3;77.5;0;5.2;5;5.3;4.3;11.5;288.8888889;0;0;2.6
25898400;1;3;0;0;2.2;3.4;10.7;12.4;78.5;0;5.6;5.3;5.6;4.6;10.4;283.3333333;0;0;3.7
25899300;1;4;22;79;2;4.3;10.5;12.3;79.6;0;6.7;5.9;6.5;5.7;10.4;283.3333333;0;0;3.7
25900200;0;2;37;119;0.7;3.5;10.3;12.2;80.1;0;5.3;4.8;5.3;4.6;10.4;283.3333333;0;0;3.7
25901100;0;2;0;0;0.4;3;10.1;12;80.6;0;5.1;4.7;5;4.2;10.4;283.3333333;0;0;3.7
25902000;0;2;1;2;1.1;3.4;9.8;11.1;80.7;0;5.6;4.9;5.5;4.6;9;280.5555556;0;0;2.6
25902900;1;3;18;61;1.6;3.6;9.7;11;81.5;0;6.5;5.9;6.5;5.5;9;280.5555556;0;0;2.6
25903800;0;2;25;76;0.3;3.1;9.4;10.8;81.9;0;5;4.4;4.8;4.4;9;280.5555556;0;0;2.6
25904700;0;2;0;0;0.4;2.9;9.4;10.6;82.5;0;5.1;4.4;4.9;4.4;9;280.5555556;0;0;2.6
25905600;0;2;1;2;0.7;2.9;9.2;9.8;82.8;0;5.5;5;5.3;4.7;8.2;-2775;0;0;3.6
25906500;1;3;19;57;1.3;3.4;9.1;9.6;83.1;0;6;5.9;6;5;8.2;-2775;0;0;3.6
25907400;0;3;13;45;0.4;3.2;9;9.5;83.4;0;4.7;4.4;4.7;4.2;8.2;-2775;0;0;3.6
25908300;0;3;0;0;0.6;4.6;8.8;9.4;83.1;0;5;4.6;5;4.4;8.2;-2775;0;0;3.6
25909200;0;2;0;0;0.9;3.9;8.7;8.8;83.3;0;5.4;4.9;5.3;4.8;7.5;-2775;0;0;3.1
25910100;0;2;0;0;1.4;3.8;8.6;8.6;83.6;0;5.8;5.3;5.7;5;7.5;-2775;0;0;3.1
25911000;0;2;28;91;0.8;3.5;8.5;8.5;83.8;0;5.4;4.9;5.3;4.8;7.5;-2775;0;0;3.1
25911900;0;2;14;45.5;0.7;3.3;8.4;8.3;84.1;0;5.2;4.6;5.05;4.65;7.5;-2775;0;0;3.1
25912800;0;2;0;0;0.6;3.1;8.3;8.1;84.4;0;5;4.3;4.8;4.5;6.5;269.4444444;0;0;1.9
25913700;0;1;0;0;0.9;3.1;8.2;8;84.4;0;5.4;4.5;4.9;4.9;6.5;269.4444444;0;0;1.9
25914600;0;2;1;2;1.3;3.2;8.1;8;84.1;0;5.4;5.1;5;5.1;6.5;269.4444444;0;0;1.9
25915500;1;3;17;51;1.5;3.6;7.9;8;84.1;0;5.3;5.4;5.5;4.9;6.5;269.4444444;0;0;1.9
25916400;0;2;11;34;0.2;3.1;7.7;7.9;84.4;0;4.3;4;4.3;4.1;6.1;269.4444444;0;0;1.6
25917300;0;3;0;0;0.5;3.6;7.6;7.9;84.6;0;4.6;4.1;4.5;4.3;6.1;269.4444444;0;0;1.6
25918200;0;2;0;0;1;3.6;7.5;7.9;84.9;0;5;4.4;4.8;4.7;6.1;269.4444444;0;0;1.6
25919100;1;2;4;11;1.4;3.3;7.4;7.9;85.1;0;5.4;4.7;5.2;5;6.1;269.4444444;0;0;1.6
25920000;0;1;20;58;1.2;2.7;7.4;7.8;85.1;0;4.5;3.8;4.4;4;5.4;263.8888889;0;0;2.4
25920900;1;2;1;0;1.9;2.6;7.3;7.8;85.1;0;4.5;3.8;4.5;4.1;5.4;263.8888889;0;0;2.4
25921800;1;2;0;0;2.1;2.9;7.1;7.8;85.1;0;4.7;4.4;4.9;4.2;5.4;263.8888889;0;0;2.4
25922700;1;2;0;0;2.4;3.1;7;7.8;85.4;0;5.1;4.5;5;4.7;5.4;263.8888889;0;0;2.4
25923600;1;2;1;1;2.7;3.1;6.8;5.9;85.6;0;5.6;4.6;5.3;5.1;5.3;263.8888889;0;0;2.3
25924500;1;3;0;1;2.3;3.5;6.7;5.6;85.6;0;5.1;4.5;5.1;5;5.3;263.8888889;0;0;2.3
25925400;1;3;27;86;1.3;3.5;6.6;5.7;85.6;0;4.8;4.1;4.6;4.5;5.3;263.8888889;0;0;2.3
25926300;0;2;0;0;-0.4;2.4;6.5;5.8;85.6;0;3.6;3.3;3.7;3.4;5.3;263.8888889;0;0;2.3
25927200;0;2;0;0;0.2;2.8;6.3;5.5;85.6;0;4;3.6;4;3.7;5;258.3333333;0;0;3
25928100;0;2;0;0;0.7;3.1;6.2;5.5;85.6;0;4.4;3.9;4.3;4.2;5;258.3333333;0;0;3
25929000;1;2;0;0;1.2;3.1;6.1;5.3;85.6;0;4.8;4.2;4.7;4.7;5;258.3333333;0;0;3
25929900;1;2;4;35;1.6;3;6.1;5.1;86;0;4.9;4.3;4.8;4.8;5;258.3333333;0;0;3
25930800;1;1;0;0;2.1;2.2;6.1;5.2;85.7;0;4.2;3.4;4.1;3.8;4.6;258.3333333;0;0;1.8
25931700;0;2;1;0;1.7;2.3;6.1;5.2;85.6;0;4.3;3.6;4.2;3.9;4.6;258.3333333;0;0;1.8
25932600;1;2;0;0;2.5;2.6;5.9;5.2;85.6;0;4.7;3.6;4.4;4.2;4.6;258.3333333;0;0;1.8
25933500;2;4;0;0;2.8;4;5.8;5.3;86.1;0;5.3;3.6;5;4.8;4.6;258.3333333;0;0;1.8
25934400;2;3;6;10;2.5;4;5.7;5.1;85.8;0;5.5;3.6;5.3;5;3.7;258.3333333;0;0;1.3
25935300;0;1;22;63;-0.9;1.6;5.7;5.1;85.6;0;3.3;2.8;3.2;3;3.7;258.3333333;0;0;1.3
25936200;0;2;0;0;-0.6;2.5;5.6;4.9;85.8;0;3.2;2.6;3.2;3;3.7;258.3333333;0;0;1.3
25937100;0;2;0;0;0;2.6;5.5;4.7;86.1;0;3.6;2.9;3.5;3.4;3.7;258.3333333;0;0;1.3
25938000;0;2;0;0;0.5;2.6;5.7;4.4;86.3;0;4.1;3.3;3.9;3.9;3.7;311.1111111;0;0;1.3
25938900;0;2;0;0;1;2.6;6.1;4.4;86.6;0;4.6;3.7;4.3;4.5;3.7;311.1111111;0;0;1.3
25939800;1;2;7;19;2.2;2.6;6.3;4.3;86.1;0;4.9;4.1;4.7;5.1;3.7;311.1111111;0;0;1.3
25940700;0;1;23;60;-0.3;1.9;5.9;4.2;85.6;0;3.5;3.1;3.4;3.1;3.7;311.1111111;0;0;1.3
25941600;0;3;0;0;-0.4;2.9;5.7;4.2;86;0;3.5;3;3.6;3.1;3.8;319.4444444;19.44444444;19.44444444;1.5
25942500;0;3;0;0;0.1;4;5.6;4.2;86.5;0;3.9;3.3;3.9;3.5;3.8;319.4444444;19.44444444;19.44444444;1.5
25943400;0;2;0;0;0.5;3.6;5.7;4;86.2;0;4.4;3.7;4.3;3.9;3.8;319.4444444;19.44444444;19.44444444;1.5
25944300;0;2;0;0;1;3;6.1;3.7;86.1;0;4.9;4.2;4.8;4.4;3.8;319.4444444;19.44444444;19.44444444;1.5
25945200;0;2;31;96;0.2;2.7;6.3;4.3;86.1;23.8;4.6;4;4.7;4.1;4.1;297.2222222;94.44444444;119.4444444;1.7
25946100;0;2;0;0;-0.4;2.2;6.5;4.5;86;32.5;4.2;3.9;4.3;3.6;4.1;297.2222222;94.44444444;119.4444444;1.7
25947000;0;2;0;0;0.2;2.2;6.8;4.5;85.1;32.5;4.6;4.3;4.7;3.9;4.1;297.2222222;94.44444444;119.4444444;1.7
25947900;0;2;19;72;0.8;3;7.2;4.4;84.6;32.5;5.6;5.2;5.7;4.9;4.1;297.2222222;94.44444444;119.4444444;1.7
25948800;0;2;43;132;0.6;3.3;7.2;5.2;84;101.8;5.2;5;5.2;4.4;7;263.8888889;88.88888889;300;1.8
25949700;0;2;43;130;0.2;3.2;7.4;5.4;84.4;119.1;5.1;5;5.1;4.1;7;263.8888889;88.88888889;300;1.8
25950600;0;2;43;133;0.3;3.2;7.9;5.2;83.4;119.1;5.6;5.4;5.6;4.4;7;263.8888889;88.88888889;300;1.8
25951500;2;3;32;66;2.6;4;8.5;4.7;82.9;119.1;6.7;6.6;6.8;5.3;7;263.8888889;88.88888889;300;1.8
25952400;2;5;39;99;3.6;5.6;9.2;6.1;81.6;212.8;8.2;8.3;8.4;7;9.6;269.4444444;91.66666667;397.2222222;1.7
25953300;2;5;43;158;3.3;6.2;9.6;6.5;79.7;236.2;8.7;8.6;8.7;7.5;9.6;269.4444444;91.66666667;397.2222222;1.7
25954200;3;6;43;159;3.4;6.6;10;6.1;78.9;234.4;9.2;9.1;9.2;7.8;9.6;269.4444444;91.66666667;397.2222222;1.7
25955100;3;6;40;147;4.2;7.1;10.6;5.6;77.3;231.8;9.8;9.7;9.8;8.4;9.6;269.4444444;91.66666667;397.2222222;1.7
25956000;4;7;40;160;4.7;8.1;11;7.1;76;274;10.5;10.4;10.4;9;11.6;-2775;86.11111111;452.7777778;0.9
25956900;5;8;38;146;5.4;8.6;11.5;7.5;74.8;284.6;11.2;11.2;11.3;9.9;11.6;-2775;86.11111111;452.7777778;0.9
25957800;5;8;43;178;5.4;9.2;12;8;73.8;292.8;11.6;11.5;11.6;10.4;11.6;-2775;86.11111111;452.7777778;0.9
25958700;5;9;38;152;6.3;9.4;12.6;8.7;72.6;305.2;12;11.8;11.9;10.7;11.6;-2775;86.11111111;452.7777778;0.9
25959600;4;9;43;216;5.2;9.9;13.2;9.8;71.2;350.1;12.2;12.1;12.1;11;13.6;280.5555556;77.77777778;458.3333333;0.8
25960500;5;9;39;154;6.4;10;13.6;10.2;69.7;366.4;12.7;12.6;12.7;11.4;13.6;280.5555556;77.77777778;458.3333333;0.8
25961400;6;10;43;188;6.9;10.7;14;10.5;69.2;366.4;12.9;12.8;12.9;11.8;13.6;280.5555556;77.77777778;458.3333333;0.8
25962300;6;10;39;211;6.3;10.9;14.4;11;67.8;366.4;13.4;13.2;13.2;12.2;13.6;280.5555556;77.77777778;458.3333333;0.8
25963200;6;10;43;181;7;10.7;14.8;12;66.5;386.2;13;13;12.9;11.7;14.1;286.1111111;72.22222222;402.7777778;2.1
25964100;6;10;38;187;7.5;11;15;12.3;65.6;393.4;13.6;13.6;13.6;12.2;14.1;286.1111111;72.22222222;402.7777778;2.1
25965000;6;11;38;184;7.6;11.3;15.5;12.5;64.7;393.4;13.9;13.8;13.8;12.5;14.1;286.1111111;72.22222222;402.7777778;2.1
25965900;6;10;43;230;6.6;11.5;15.8;12.9;62.1;393.4;13.6;13.4;13.4;12.1;14.1;286.1111111;72.22222222;402.7777778;2.1
25966800;9;11;37;98;9.7;11.6;15.9;13.6;60.9;345.4;14.2;14.2;14.3;12.5;14.7;288.8888889;61.11111111;308.3333333;3
25967700;8;12;43;188;8.8;12.6;16;13.8;61.9;327.9;14.9;14.8;15;13.6;14.7;288.8888889;61.11111111;308.3333333;3
25968600;9;11;39;128;9.5;12.7;16.2;14.1;60.3;327.9;14.7;14.7;14.8;13.3;14.7;288.8888889;61.11111111;308.3333333;3
25969500;8;12;38;189;8.6;12.8;16.2;14.6;59.5;327.9;15.1;15.1;15.3;13.8;14.7;288.8888889;61.11111111;308.3333333;3
25970400;6;11;36;189;7.3;11.7;16.2;14.9;60;253.8;13.6;13.4;13.5;12.4;14.4;288.8888889;44.44444444;180.5555556;2.9
25971300;6;10;37;186;6.7;10.8;16.3;15;59.8;235.3;12.8;12.7;12.8;11.5;14.4;288.8888889;44.44444444;180.5555556;2.9
25972200;6;9;43;137;6.7;9.7;16.2;14.9;59.6;235.3;11.6;11.5;11.6;10.4;14.4;288.8888889;44.44444444;180.5555556;2.9
25973100;5;8;36;132;6.5;9.2;16;14.7;61;235.3;11.4;11.1;11.5;10.2;14.4;288.8888889;44.44444444;180.5555556;2.9
25974000;4;7;38;138;5.3;8.3;15.7;14.5;62.9;168.3;10.3;9.7;10.4;9.2;13;286.1111111;19.44444444;47.22222222;1.9
25974900;4;6;43;112;5.1;7.4;15.3;14.5;64.6;151.6;9.5;8.7;9.6;8.4;13;286.1111111;19.44444444;47.22222222;1.9
25975800;4;6;39;76;5.6;7.2;14.6;14.6;66.9;151.6;9.2;8.5;9.3;8.2;13;286.1111111;19.44444444;47.22222222;1.9
25976700;2;5;43;150;3.2;6.3;13.9;14.7;69.6;151.6;8.1;7.6;8;7.3;13;286.1111111;19.44444444;47.22222222;1.9
25977600;2;4;35;64;3.4;5.1;13;14;72.4;75;7;6.7;6.9;6.2;11.7;283.3333333;0;0;2.4
25978500;3;4;0;0;4.2;4.9;12.3;13.7;74.5;47.1;7.5;7.4;7.5;6.3;11.7;283.3333333;0;0;2.4
25979400;3;5;25;59;4.1;5.7;11.8;13.6;76.1;47.1;8.2;7.8;8;7.1;11.7;283.3333333;0;0;2.4
25980300;4;5;12;27;4.5;5.7;11.3;13.5;77.6;47.1;7.8;7.6;7.7;7.2;11.7;283.3333333;0;0;2.4
25981200;1;4;43;144;1.9;4.9;11;12.5;78.5;12.6;6.7;6.3;6.5;6.2;10.9;283.3333333;0;0;2.1
25982100;0;2;42;125;0.5;3.2;10.8;12.1;78.9;0;5.2;4.6;5;4.6;10.9;283.3333333;0;0;2.1
25983000;0;2;38;82;0.6;2.7;10.6;12;80;0;4.9;4.2;4.7;4;10.9;283.3333333;0;0;2.1
25983900;0;2;40;60;1.2;2.7;10.4;11.7;80.6;0;5;4.3;4.9;4.1;10.9;283.3333333;0;0;2.1
25984800;0;2;40;114;0.6;2.9;10.2;11.3;81.1;0;5.1;4.5;5;4.4;9.8;277.7777778;0;0;2.5
25985700;1;4;0;0;1.4;4.1;10;11.2;81.6;0;4.9;4.3;4.8;4;9.8;277.7777778;0;0;2.5
25986600;1;3;0;0;1.6;4.3;9.8;11.2;81.7;0;5.2;4.7;5.1;4.3;9.8;277.7777778;0;0;2.5
25987500;1;2;3;8;1.5;3.5;9.5;11.3;82.6;0;5.7;4.9;5.5;4.7;9.8;277.7777778;0;0;2.5
25988400;1;3;37;76;2.5;4.1;9.3;10.6;83;0;6.2;5.8;6.2;5.3;7.9;-2775;0;0;1.9
25989300;1;1;37;52;1.3;2.6;9.2;10.3;83.6;0;4.3;4.2;4.4;3.7;7.9;-2775;0;0;1.9
25990200;2;1;0;0;2.8;2.2;9.1;10.2;83.6;0;4.8;4.8;5.1;3.6;7.9;-2775;0;0;1.9
25991100;2;2;0;0;2.8;2.3;8.8;9.9;83.7;0;5.2;5.1;5.4;3.9;7.9;-2775;0;0;1.9
25992000;2;1;0;0;3;2.7;8.7;9.8;83.9;0;5.4;5.4;5.9;4.3;7.4;272.2222222;0;0;2.9
25992900;1;2;26;74;2.1;3.3;8.5;9.7;83.7;0;5.7;5.5;5.9;5.1;7.4;272.2222222;0;0;2.9
25993800;0;2;20;61;-0.1;2.7;8.3;9.6;84.1;0;4.5;4;4.3;3.8;7.4;272.2222222;0;0;2.9
25994700;0;3;0;0;0;4.4;8.2;9.5;84.2;0;4.7;4.1;4.6;4;7.4;272.2222222;0;0;2.9
25995600;0;2;0;0;0.6;3.3;8.2;9.2;84.5;0;5;4.4;4.9;4.3;7.5;272.2222222;0;0;3.1
25996500;0;1;0;0;1.1;2.9;8.1;9.1;84.1;0;5.4;4.7;5.3;4.8;7.5;272.2222222;0;0;3.1
25997400;0;1;23;65;1.2;3;8;8.6;84.1;0;5.6;4.8;5.4;4.9;7.5;272.2222222;0;0;3.1
25998300;0;1.5;11.5;32.5;0.55;2.85;7.9;8.25;84.35;0;5.1;4.4;4.85;4.4;7.5;272.2222222;0;0;3.1
25999200;0;2;0;0;-0.1;2.7;7.8;7.9;84.6;0;4.6;4;4.3;3.9;6.4;269.4444444;0;0;3.2
26000100;0;1;0;0;0.3;2.7;7.7;8;84.9;0;5.1;4.1;4.4;4.4;6.4;269.4444444;0;0;3.2
26001000;0;2;1;1;1.1;2.7;7.7;8;85.1;0;5.6;4.9;5.2;4.4;6.4;269.4444444;0;0;3.2
26001900;0;2;32;102;0.1;2.8;7.7;8;85.1;0;4.9;4;4.5;4.4;6.4;269.4444444;0;0;3.2
26002800;0;3;0;0;-0.1;3.8;7.5;7.9;85.1;0;4.4;3.8;4.2;3.9;6.3;269.4444444;0;0;3.6
26003700;0;2;0;0;0.5;3.7;7.4;7.9;85.1;0;4.8;4;4.5;4.3;6.3;269.4444444;0;0;3.6
26004600;0;2;1;4;0.9;2.9;7.4;7.9;85.1;0;5.2;4.3;4.8;4.7;6.3;269.4444444;0;0;3.6
26005500;0;1;26;83;-0.1;2.5;7.2;7.9;85.1;0;4.3;3.8;4.2;3.8;6.3;269.4444444;0;0;3.6
26006400;0;1;0;0;-0.5;2;7.1;7.8;85.1;0;4.2;3.6;4;3.7;5.7;266.6666667;0;0;2.4
26007300;1;2;1;2;1.3;2.6;6.9;7.8;84.9;0;4.6;4.3;4.7;3.8;5.7;266.6666667;0;0;2.4
26008200;1;2;0;0;2;2.9;6.8;7.8;85.1;0;4.8;4.5;4.8;4.2;5.7;266.6666667;0;0;2.4
26009100;1;2;16;51;1.2;2.8;6.7;7.8;85.1;0;4.9;4.3;4.7;4.4;5.7;266.6666667;0;0;2.4
26010000;0;1;11;30;-0.8;2;6.7;6.1;85.1;0;3.7;3;3.4;3.3;5.8;266.6666667;0;0;2.3
26010900;0;2;0;0;-0.4;2.6;6.7;5.5;85.4;0;3.9;3.1;3.6;3.5;5.8;266.6666667;0;0;2.3
26011800;0;3;0;0;0.1;4.3;6.6;5.6;85.6;0;4.3;3.3;3.9;3.9;5.8;266.6666667;0;0;2.3
26012700;0;2;0;0;0.4;4;6.4;5.8;85.6;0;4.6;3.6;4;4.3;5.8;266.6666667;0;0;2.3
26013600;0;2;0;1;1.5;3.4;6.3;5.5;85.5;0;4.4;4;4.3;4.2;4.5;266.6666667;0;0;1.7
26014500;1;2;0;0;2.2;2.9;6.3;5.4;85.4;0;5.1;3.9;4.5;4.9;4.5;266.6666667;0;0;1.7
26015400;0;1;27;83;0;2.3;6.3;5.4;85.6;0;4.1;3.3;3.9;3.8;4.5;266.6666667;0;0;1.7
26016300;0;2;0;0;-0.5;2.3;6.2;5.3;85.5;0;3.8;3.1;3.7;3.5;4.5;266.6666667;0;0;1.7
26017200;0;2;0;0;0.1;2.4;6.1;4.9;85.6;0;4.1;3.4;3.9;3.9;3.6;263.8888889;0;0;1.6
26018100;0;2;0;0;0.6;2.4;6.1;4.8;85.5;0;4.5;3.6;4.3;4.4;3.6;263.8888889;0;0;1.6
26019000;1;1;0;0;1.3;2.4;6;5;85.1;0;4.9;3.9;4.7;4.9;3.6;263.8888889;0;0;1.6
26019900;0;1;28;82;0;1.9;5.8;5.3;85.1;0;3.7;3.1;3.7;3.4;3.6;263.8888889;0;0;1.6
26020800;0;2;0;0;-0.7;2.8;5.7;5.1;85.1;0;3.2;2.7;3.1;2.8;3.5;263.8888889;0;0;1.6
26021700;0;2;0;0;-0.2;2.9;5.6;5;85.1;0;3.6;2.9;3.5;3.2;3.5;263.8888889;0;0;1.6
26022600;0;1;0;0;0.3;2.9;5.4;4.7;85.6;0;4;3.2;3.9;3.7;3.5;263.8888889;0;0;1.6
26023500;0;1;0;0;0.9;2.5;5.2;4.1;85.8;0;4.4;3.5;4.2;4.1;3.5;263.8888889;0;0;1.6
26024400;0;0;0;0;1.5;2.1;5.4;4.1;86.9;0;4.3;3.2;4.1;4.4;3.1;-2775;0;0;2.6
26025300;0;2;0;0;0.8;2.7;5.2;4.1;86.6;0;4.2;3.3;4;4.6;3.1;-2775;0;0;2.6
26026200;0;1;18;54;1.6;2.3;5.1;3.9;86.2;0;4.3;3.2;4;4.5;3.1;-2775;0;0;2.6
26027100;0;0;10;32;-1.3;1.3;5.2;3.4;86.5;0;2.8;2.4;2.8;2.6;3.1;-2775;0;0;2.6
26028000;0;1;0;0;-0.7;1.9;5.2;3.6;86.6;0;3.1;2.6;3.1;2.8;3.7;269.4444444;50;52.77777778;2.1
26028900;0;3;0;0;-0.1;3.4;5.2;3.7;86.4;0;3.5;2.9;3.5;3.2;3.7;269.4444444;50;52.77777778;2.1
26029800;0;2;0;0;0.3;3.6;5.5;3.7;86.6;0;4;3.4;4;3.7;3.7;269.4444444;50;52.77777778;2.1
26030700;0;2;7;22;0.7;2.8;6;3.6;86;0;4.7;3.9;4.6;4.2;3.7;269.4444444;50;52.77777778;2.1
26031600;0;1;43;128;-0.4;2.3;6.7;4.2;84.7;28.9;4.1;3.6;4.2;3.6;5.4;277.7777778;150;227.7777778;2.6
26032500;0;1;2;6;-0.9;1.7;7.3;4.5;83.3;43.3;4;3.7;4.1;3.1;5.4;277.7777778;150;227.7777778;2.6
26033400;0;1;0;0;-0.2;2;7.9;4.3;82.6;43.3;4.6;4.2;4.7;3.3;5.4;277.7777778;150;227.7777778;2.6
26034300;0;3;41;140;1.3;4.3;8.4;3.9;81.1;43.3;6.9;6.3;6.8;5.6;5.4;277.7777778;150;227.7777778;2.6
26035200;0;3;43;139;1.2;4;9;4.9;80.2;117.2;6.2;6;6.3;5.2;6.9;280.5555556;188.8888889;277.7777778;2.4
26036100;1;4;39;114;2;4.4;9.7;5.4;77.7;154.1;6.9;6.8;6.9;5.6;6.9;280.5555556;188.8888889;277.7777778;2.4
26037000;3;4;14;28;3.6;5.1;9.7;5.3;76.6;154.1;7.5;7.5;7.8;6.2;6.9;280.5555556;188.8888889;277.7777778;2.4
26037900;1;5;43;148;2.7;5.8;9.6;5;77;154.1;7.5;7.5;7.7;6.6;6.9;280.5555556;188.8888889;277.7777778;2.4
26038800;1;4;43;144;2.1;5;10;6.3;76.6;218.3;7;6.9;7;6;9.1;280.5555556;186.1111111;330.5555556;2.9
26039700;1;4;43;145;2.1;5;10.3;7;75.5;250.4;7.3;7.2;7.3;6.1;9.1;280.5555556;186.1111111;330.5555556;2.9
26040600;1;4;40;127;2.6;5.1;10.9;7.1;74.6;245.7;7.7;7.6;7.7;6.4;9.1;280.5555556;186.1111111;330.5555556;2.9
26041500;3;5;43;98;3.9;5.7;11.4;7.2;73.8;243.4;8.2;8.1;8.3;7;9.1;280.5555556;186.1111111;330.5555556;2.9
26042400;3;7;38;136;4.1;7.1;12;8.5;71.9;279.7;9.7;9.6;9.8;8.5;11.6;283.3333333;163.8888889;400;3.1
26043300;3;7;43;162;4.1;7.5;12.4;9.2;71.3;297.8;9.8;9.7;9.8;8.6;11.6;283.3333333;163.8888889;400;3.1
26044200;4;7;40;139;4.6;7.7;12.8;9;70.4;303.7;10.3;10.2;10.3;9.1;11.6;283.3333333;163.8888889;400;3.1
26045100;4;8;43;179;4.9;8.5;13.1;8.9;69.4;306.6;10.7;10.6;10.7;9.5;11.6;283.3333333;163.8888889;400;3.1
26046000;5;8;39;164;5.6;9;13.5;10.2;69.1;366.2;11.6;11.4;11.5;10.3;13.6;286.1111111;152.7777778;419.4444444;2.7
26046900;5;9;43;174;5.6;9.5;13.9;10.8;67.8;396;11.8;11.7;11.7;10.6;13.6;286.1111111;152.7777778;419.4444444;2.7
26047800;5;9;40;203;5.5;9.9;14.4;10.8;67;396;12.3;12.1;12.2;11.1;13.6;286.1111111;152.7777778;419.4444444;2.7
26048700;5;9;43;176;6.2;10;14.9;10.8;65.4;396;12.3;12.2;12.2;11;13.6;286.1111111;152.7777778;419.4444444;2.7
26049600;6;10;38;160;6.6;10.4;15.3;11.9;64.8;420;12.9;12.8;12.9;11.7;15.2;291.6666667;133.3333333;394.4444444;1.7
26050500;6;10;38;209;6.6;10.8;15.7;12.5;63.4;432;13.5;13.4;13.5;12.1;15.2;291.6666667;133.3333333;394.4444444;1.7
26051400;6;10;43;206;6.5;11.1;16.2;13;62.2;432;13.2;13.1;13;11.8;15.2;291.6666667;133.3333333;394.4444444;1.7
26052300;6;10;38;169;7.2;11.2;16.4;13.2;61.1;432;13.6;13.5;13.6;12.1;15.2;291.6666667;133.3333333;394.4444444;1.7
26053200;7;10;42;174;7.8;11.5;16.7;13.7;60.1;367.1;13.7;13.6;13.7;12.3;16;291.6666667;94.44444444;322.2222222;2.5
26054100;8;11;39;120;9.2;11.8;17;13.9;58.7;334.6;14.5;14.4;14.5;13;16;291.6666667;94.44444444;322.2222222;2.5
26055000;8;12;29;111;8.9;12.9;17.1;14.2;57.2;334.6;15.6;15.5;15.7;14.1;16;291.6666667;94.44444444;322.2222222;2.5
26055900;7;12;41;199;8.6;13;17.1;14.3;57.4;334.6;14.9;14.9;14.9;13.7;16;291.6666667;94.44444444;322.2222222;2.5
26056800;7;11;41;239;6.9;11.7;16.9;14.6;57.2;282.9;13.7;13.5;13.5;12.3;14.7;288.8888889;50;158.3333333;3.6
26057700;6;9;43;165;6.9;10.2;16.6;14.8;57.6;257;12.2;12.1;12.3;11.1;14.7;288.8888889;50;158.3333333;3.6
26058600;5;9;38;159;6.3;9.8;16.5;15.4;58.5;257;11.8;11.6;11.9;10.8;14.7;288.8888889;50;158.3333333;3.6
26059500;4;8;42;163;5.2;8.7;16.2;15.7;59.4;257;10.7;10.5;10.7;9.8;14.7;288.8888889;50;158.3333333;3.6
26060400;5;7;43;108;5.9;8;15.9;15.4;60;184.7;10;9.3;10.1;9.1;13.3;288.8888889;19.44444444;44.44444444;4
26061300;4;7;38;118;5.3;7.9;15.6;15.2;60.9;148.5;9.8;9.1;10;8.9;13.3;288.8888889;19.44444444;44.44444444;4
26062200;2;5;43;149;3.4;6.5;14.8;15.5;64.2;148.5;8.3;7.7;8.4;7.5;13.3;288.8888889;19.44444444;44.44444444;4
26063100;2;4;39;91;2.9;5.3;14;15.6;67.4;148.5;7.4;6.8;7.3;6.3;13.3;288.8888889;19.44444444;44.44444444;4
26064000;2;4;39;79;2.9;5;13.2;15.1;69.9;85.9;6.9;6.4;6.9;6.1;12.2;286.1111111;0;0;4.6
26064900;2;4;40;80;3;4.5;12.5;14.7;71.9;44.1;6.8;6.3;6.8;6;12.2;286.1111111;0;0;4.6
26065800;0;3;43;137;1.1;3.9;12;14.2;73.3;44.1;5.8;5.2;5.7;5.1;12.2;286.1111111;0;0;4.6
26066700;2;2;29;20;2.9;3;11.5;13.9;74.5;44.1;5.2;4.9;5.4;4.3;12.2;286.1111111;0;0;4.6
26067600;2;2;0;0;3.4;3;11.2;12.7;75.4;0;5.9;6;6.3;4.6;10.1;283.3333333;0;0;4.5
26068500;1;3;43;129;1.6;4.1;10.9;12.7;75.9;0;6.2;5.9;6.3;5.5;10.1;283.3333333;0;0;4.5
26069400;0;2;40;119;0;2.6;10.6;12.4;76.7;0;4.5;4.1;4.5;3.9;10.1;283.3333333;0;0;4.5
26070300;0;2;0;0;0.6;2.3;10.3;12.1;77.5;0;4.4;4.2;4.5;3.6;10.1;283.3333333;0;0;4.5
26071200;0;2;0;0;0.9;2.5;10.1;11.5;78;0;4.7;4.5;4.8;3.9;9.1;288.8888889;0;0;3.9
26072100;0;4;13;48;0.9;3.6;10;11.5;78.5;0;5.5;5.2;5.7;4.7;9.1;288.8888889;0;0;3.9
26073000;0;2;43;133;0.3;3;10;11.5;78.8;0;4.7;4.5;4.7;4.1;9.1;288.8888889;0;0;3.9
26073900;0;2;2;4;-0.4;2.3;9.8;11.6;79.7;0;4.4;4.1;4.3;3.6;9.1;288.8888889;0;0;3.9
26074800;0;2;0;0;0.3;2.6;9.8;10.7;80.1;0;4.9;4.5;4.8;3.9;8.5;291.6666667;0;0;3.3
26075700;0;2;24;74;0.9;3.2;9.8;10.6;80;0;5.8;5.3;5.8;4.8;8.5;291.6666667;0;0;3.3
26076600;0;2;32;98;-0.2;2.6;9.7;10;80.5;0;4.4;4.2;4.4;3.8;8.5;291.6666667;0;0;3.3
26077500;0;2;0;0;-0.5;2.1;9.5;9.1;80.6;0;4.5;4.3;4.5;3.6;8.5;291.6666667;0;0;3.3
26078400;0;2;0;0;-0.1;2.6;9.3;8.9;80.6;0;4.8;4.7;4.9;3.9;7.6;277.7777778;0;0;3.7
26079300;0;2;9;18;0.6;2.8;9.2;8.9;81.2;0;5.4;5.3;5.5;4.5;7.6;277.7777778;0;0;3.7
26080200;0;2;38;117;0.4;2.9;9;8.8;82;0;4.7;4.5;4.7;4.1;7.6;277.7777778;0;0;3.7
26081100;0;2;0;0;0.4;2.8;8.8;8.7;82.1;0;4.3;4.1;4.3;3.5;7.6;277.7777778;0;0;3.7
26082000;0;2;0;0;0.4;3.1;8.6;8.9;82.2;0;4.7;4.4;4.7;3.8;7;272.2222222;0;0;4.8
26082900;0;1;0;0;0.8;2.7;8.3;9;82.6;0;5.2;4.6;5.1;4.2;7;272.2222222;0;0;4.8
26083800;0;1;20;57;1;2.7;8.3;8.9;82.8;0;5.6;5;5.4;4.8;7;272.2222222;0;0;4.8
26084700;0;1.5;10;28.5;0.25;2.5;8.05;8.6;82.9;0;5;4.5;4.9;4.3;7;272.2222222;0;0;4.8
26085600;0;2;0;0;-0.5;2.3;7.8;8.3;83;0;4.4;4;4.4;3.8;6.6;269.4444444;0;0;2.8
26086500;0;1;0;0;0;2.6;7.7;8;84;0;4.8;4.4;4.8;4.1;6.6;269.4444444;0;0;2.8
26087400;0;2;32;89;0.4;2.9;7.7;8;84.3;0;4.9;4.6;4.9;4.4;6.6;269.4444444;0;0;2.8
26088300;0;2;5;11;-0.3;2.1;7.4;8;84.6;0;4.1;3.9;4.1;3.5;6.6;269.4444444;0;0;2.8
26089200;0;3;0;0;0.3;3.7;7.3;7.9;84.4;0;4.5;4.2;4.5;3.8;6.2;269.4444444;0;0;4.1
26090100;0;2;0;0;0.7;3.5;7.2;7.9;84.1;0;4.9;4.4;4.8;4.2;6.2;269.4444444;0;0;4.1
26091000;0;2;28;86;0.2;2.7;7;7.9;84.1;0;4.6;4.2;4.5;4.1;6.2;269.4444444;0;0;4.1
26091900;0;2;0;0;-0.6;2.2;6.9;7.9;84.4;0;4;3.8;4;3.5;6.2;269.4444444;0;0;4.1
26092800;0;1;0;0;-0.2;2.4;6.8;7.8;84.1;0;4.3;3.8;4.3;3.9;5.6;269.4444444;0;0;2.1
26093700;0;2;1;2;0.5;2.4;6.7;7.8;84.6;0;4.6;4.3;4.7;3.9;5.6;269.4444444;0;0;2.1
26094600;0;1;17;52;0.4;2.5;6.6;7.8;84.1;0;4.7;4.3;4.7;4.1;5.6;269.4444444;0;0;2.1
26095500;0;1;11;35;-0.7;1.7;6.6;7.8;84.3;0;3.5;3.2;3.4;3.2;5.6;269.4444444;0;0;2.1
26096400;0;1;0;0;-0.4;2.4;6.6;6.2;84.6;0;3.8;3.4;3.8;3.4;5;266.6666667;0;0;2
26097300;0;2;0;0;0.1;2.8;6.5;5.9;84.6;0;4.2;3.7;4.2;3.8;5;266.6666667;0;0;2
26098200;0;3;0;0;0.6;3.9;6.3;5.8;84.6;0;4.6;4;4.5;4.2;5;266.6666667;0;0;2
26099100;0;1;28;84;-0.5;2.2;6.2;5.6;84.8;0;3.7;3.3;3.7;3.4;5;266.6666667;0;0;2
26100000;0;1;0;0;-0.9;2;6.2;5.4;85.1;0;3.3;3.1;3.3;3.1;4.6;266.6666667;0;0;0.7
26100900;0;1;0;0;-0.3;2.1;6.1;5.3;85.1;0;3.7;3.1;3.6;3.5;4.6;266.6666667;0;0;0.7
26101800;0;1;1;2;0.4;2.1;6;5.2;85.1;0;3.9;3.7;4;3.5;4.6;266.6666667;0;0;0.7
26102700;0;1;0;0;0.8;2.1;5.8;5.1;85.2;0;4.2;3.8;4.2;4;4.6;266.6666667;0;0;0.7
26103600;0;1;12;35;0.9;2.2;5.7;4.9;85.5;0;4.5;3.8;4.3;4.2;4.4;266.6666667;0;0;1.1
26104500;0;0;14;42;-1.1;1.2;5.7;4.8;85.1;0;2.9;2.5;2.8;2.7;4.4;266.6666667;0;0;1.1
26105400;0;1;0;0;-1.1;1.6;5.6;4.7;85.1;0;3.1;2.5;2.9;3;4.4;266.6666667;0;0;1.1
26106300;0;3;0;0;-0.6;3.3;5.5;4.5;85.1;0;3.5;2.7;3;3.3;4.4;266.6666667;0;0;1.1
26107200;0;2;1;3;0.6;3;5.6;4.4;85.1;0;3.6;3.1;3.4;3.4;3.7;263.8888889;0;0;1
26108100;1;1;0;0;2.2;2.5;5.5;4.3;85.1;0;3.9;3.2;3.9;3.8;3.7;263.8888889;0;0;1
26109000;1;1;0;0;2;2.1;5.3;4.2;85.1;0;4.7;3.2;4.1;4.5;3.7;263.8888889;0;0;1
26109900;1;1;22;61;1.4;2.1;5.4;4.1;85.2;0;4.4;3.1;4;4;3.7;263.8888889;0;0;1
26110800;0;1;6;17;-1.3;1.4;5.3;4.1;85.6;0;2.9;2.4;2.9;2.6;3.4;263.8888889;0;0;1.7
26111700;0;1;0;0;-0.6;2.1;5.2;4.1;85.6;0;3.2;2.6;3.2;2.9;3.4;263.8888889;0;0;1.7
26112600;0;1;0;0;-0.1;2.1;5.2;4.1;85.1;0;3.8;2.9;3.6;3.4;3.4;263.8888889;0;0;1.7
26113500;0;1;0;0;0.4;2.1;5.3;4.1;85.5;0;4.2;3.3;4;3.9;3.4;263.8888889;0;0;1.7
26114400;0;2;12;38;0.3;2.2;5.4;4.2;85.6;0;4.4;3.5;4.2;4;4;263.8888889;30.55555556;33.33333333;1.1
26115300;0;0;16;42;-1.4;1.4;5.7;4.3;85.7;0;2.9;2.4;2.9;2.6;4;263.8888889;30.55555556;33.33333333;1.1
26116200;0;1;0;0;-0.9;2.2;6;3.9;85.1;0;3.2;2.6;3.2;2.7;4;263.8888889;30.55555556;33.33333333;1.1
26117100;0;1;0;0;-0.3;2.4;6.4;3.7;83.6;0;3.7;3;3.6;3.1;4;263.8888889;30.55555556;33.33333333;1.1
26118000;0;1;0;0;0.1;2.2;6.6;4.4;83.1;42.3;4.3;3.4;4.1;3.6;5.8;277.7777778;116.6666667;152.7777778;3.1
26118900;0;1;22;79;0.5;2.7;7.5;4.4;82.3;42.3;5.3;4.3;5.3;4.5;5.8;277.7777778;116.6666667;152.7777778;3.1
26119800;0;2;43;130;-0.1;2.6;8.2;4.2;80.6;42.3;4.5;4;4.5;3.7;5.8;277.7777778;116.6666667;152.7777778;3.1
26120700;0;1;36;103;-0.9;1.7;8.5;3.9;77.3;42.3;3.7;3.3;3.7;2.7;5.8;277.7777778;116.6666667;152.7777778;3.1
26121600;0;1;0;0;-0.9;1.6;8.5;5;76.3;120.6;4;3.7;4;2.7;6.9;297.2222222;166.6666667;186.1111111;5.8
26122500;0;1;12;48;-0.2;2;9;5.2;75.2;132.6;5.3;4.8;5.2;3.9;6.9;297.2222222;166.6666667;186.1111111;5.8
26123400;0;2;43;133;0.9;3.6;9.4;5.1;74.1;132.6;5.5;5.3;5.6;4.6;6.9;297.2222222;166.6666667;186.1111111;5.8
26124300;0;2;43;126;0.2;2.8;10;5;72.2;132.6;4.8;4.5;4.7;3.8;6.9;297.2222222;166.6666667;186.1111111;5.8
26125200;1;2;3;8;2;2.8;10.4;6.4;70.3;182;5;5.1;5.2;3.7;7.9;322.2222222;108.3333333;108.3333333;4.1
26126100;1;3;34;113;1.5;4;10.6;6.5;69.9;185.5;6.2;6.1;6.4;5.1;7.9;322.2222222;108.3333333;108.3333333;4.1
26127000;0;2;43;135;0.2;3;10.9;6.8;70.4;188.2;4.8;4.6;4.8;4;7.9;322.2222222;108.3333333;108.3333333;4.1
26127900;0;1;43;130;-0.6;2;11.2;7.2;68.9;191.3;4;3.8;3.9;3.1;7.9;322.2222222;108.3333333;108.3333333;4.1
26128800;0;0;41;119;-1.1;1.4;11;8.2;68.4;187.5;3.5;3.3;3.4;2.5;8.5;336.1111111;69.44444444;69.44444444;2.8
26129700;1;1;30;29;1.1;1.5;11.1;8.4;69.3;186.6;4.3;4;4.3;2.9;8.5;336.1111111;69.44444444;69.44444444;2.8
26130600;0;1;43;130;-0.3;2.5;11.3;8.4;68.4;194.6;4.3;4.1;4.4;3.6;8.5;336.1111111;69.44444444;69.44444444;2.8
26131500;1;1;15;49;0.6;1.8;11.5;8.3;68.1;206.6;4.1;4;4.3;3;8.5;336.1111111;69.44444444;69.44444444;2.8
26132400;1;2;17;45;1.3;2.4;11.6;9.2;68.2;194.9;5.4;5.4;5.7;4.2;8.7;341.6666667;52.77777778;52.77777778;2.4
26133300;0;2;43;134;0.4;3.3;11.8;9.4;68.3;192;5;4.9;5.1;4.2;8.7;341.6666667;52.77777778;52.77777778;2.4
26134200;0;1;43;129;-0.4;2.2;11.9;9.2;67.9;192;4.1;3.9;4.1;3.2;8.7;341.6666667;52.77777778;52.77777778;2.4
26135100;0;0;31;92;-1;1.5;12.2;8.9;68.4;192;3.5;3.3;3.5;2.5;8.7;341.6666667;52.77777778;52.77777778;2.4
26136000;0;1;0;0;-0.7;1.6;11.9;9.9;69.9;201.8;3.9;3.9;4;2.7;8.4;347.2222222;55.55555556;55.55555556;1.8
26136900;0;2;6;24;0.3;2.3;12;10.1;73.7;204.3;5.6;5.3;5.6;4.1;8.4;347.2222222;55.55555556;55.55555556;1.8
26137800;2;3;20;52;2.9;4.2;11.9;9.9;75.3;204.3;6.3;6.2;6.4;5.2;8.4;347.2222222;55.55555556;55.55555556;1.8
26138700;1;4;34;113;2.2;4.5;12;9.6;75.4;204.3;6.7;6.7;6.9;5.8;8.4;347.2222222;55.55555556;55.55555556;1.8
26139600;0;3;42;138;0.7;3.7;11.9;10.2;76.2;173.9;5.4;5.3;5.4;4.7;8.1;347.2222222;36.11111111;36.11111111;1.3
26140500;0;2;42;132;-0.2;2.6;11.9;10.3;76.8;166.3;4.5;4.3;4.4;3.7;8.1;347.2222222;36.11111111;36.11111111;1.3
26141400;0;1;35;108;-0.2;2;11.8;9.9;77.5;166.3;4;3.8;4.1;3.1;8.1;347.2222222;36.11111111;36.11111111;1.3
26142300;1;2;0;0;1.6;2.2;11.7;9.2;78.9;166.3;4.5;4.6;4.9;3.2;8.1;347.2222222;36.11111111;36.11111111;1.3
26143200;0;3;34;106;1.3;3.6;11.8;9.8;79.6;97.8;5.8;5.6;6.2;4.7;8.8;350;55.55555556;58.33333333;2.9
26144100;0;2;43;138;0.6;3.3;12;9.9;78.7;80.7;5.4;5.1;5.4;4.6;8.8;350;55.55555556;58.33333333;2.9
26145000;0;2;43;136;0.6;3.3;12.4;9.5;77;80.7;5.2;4.9;5.2;4.4;8.8;350;55.55555556;58.33333333;2.9
26145900;0;2;34;104;1;3.2;12.5;8.9;75.1;80.7;5.2;4.9;5.1;4.1;8.8;350;55.55555556;58.33333333;2.9
26146800;2;3;23;39;2.7;3.5;12.5;9.2;74.6;68.7;6.2;6;6.4;5;8.9;352.7777778;22.22222222;22.22222222;3
26147700;1;4;34;106;2.4;4.5;12.1;9.3;75.1;64.4;7.1;6.9;7.3;6.2;8.9;352.7777778;22.22222222;22.22222222;3
26148600;0;3;43;143;1.6;4.5;12;8.6;76.2;64.4;6.4;6.1;6.5;5.7;8.9;352.7777778;22.22222222;22.22222222;3
26149500;0;3;43;139;1.2;3.8;11.9;8.2;75.3;64.4;5.8;5.6;5.9;5;8.9;352.7777778;22.22222222;22.22222222;3
26150400;1;2;29;88;1.3;3.4;12;8.5;76.7;15;5.3;5.2;5.3;4.3;9.6;350;0;0;2
26151300;2;3;20;32;2.6;3.7;12;8.5;77.3;15;5.7;5.7;6;4.6;9.6;350;0;0;2
26152200;0;3;40;115;1.5;3.7;11.9;8.6;77.3;15;5.8;5.7;5.9;5;9.6;350;0;0;2
26153100;0;2;43;133;-0.2;2.6;11.8;8.7;77.9;15;4.4;4.2;4.4;3.6;9.6;350;0;0;2
26154000;0;1;43;129;-0.9;1.8;11.7;9;78.2;0;3.8;3.5;3.7;2.9;10;355.5555556;0;0;2.5
26154900;0;0;40;116;-0.9;1.5;11.8;9;77.7;0;3.6;3.2;3.5;2.6;10;355.5555556;0;0;2.5
26155800;0;0;0;0;1.1;1.3;12;9;77.8;0;4.2;4;4.2;2.8;10;355.5555556;0;0;2.5
26156700;0;2;32;96;0.9;2.8;12.1;8.9;77.4;0;5.4;5.3;5.5;4.3;10;355.5555556;0;0;2.5
26157600;0;1;43;132;-0.2;2.6;12.3;9;76.8;0;4.5;4.2;4.4;3.6;9.7;358.3333333;0;0;2.8
26158500;0;1;43;127;-0.7;1.9;12.3;9;76.3;0;3.9;3.6;3.8;3;9.7;358.3333333;0;0;2.8
26159400;0;0;34;97;-0.8;1.4;12.3;9.2;76.7;0;3.6;3.3;3.5;2.7;9.7;358.3333333;0;0;2.8
26160300;0;1;0;0;0.1;1.7;12.3;9.4;77.1;0;4.1;4.1;4.4;2.9;9.7;358.3333333;0;0;2.8
26161200;0;2;26;79;0.6;2.9;12.4;9.5;77.1;0;5.6;5.5;5.9;4.5;10.5;363.8888889;0;0;3.8
26162100;0;2;43;137;0.4;3.2;12.4;9.5;77.3;0;5.1;4.9;5.1;4.2;10.5;363.8888889;0;0;3.8
26163000;0;1;43;133;-0.2;2.5;12.5;9.7;77.8;0;4.6;4.4;4.6;3.7;10.5;363.8888889;0;0;3.8
26163900;0;2;43;134;-0.3;2.4;12.8;9.9;76.4;0;5;4.5;5;4;10.5;363.8888889;0;0;3.8
26164800;1;2;17;59;1.5;2.8;13.1;9.7;75.3;0;5.3;4.8;5.1;4;11.3;363.8888889;0;0;2.6
26165700;2;3;13;48;2.4;3.5;13.3;9.7;75.3;0;6.3;6;6.4;5.1;11.3;363.8888889;0;0;2.6
26166600;0;3;43;140;1.1;4;13.4;9.5;75.3;0;5.9;5.6;5.9;5;11.3;363.8888889;0;0;2.6
26167500;0;2;43;136;0.4;3.1;13.4;9.3;75.3;0;5.1;4.9;5.1;4.2;11.3;363.8888889;0;0;2.6
26168400;0;2;40;122;0.3;2.8;13.3;9.8;75.3;0;4.8;4.4;4.7;3.9;14.3;366.6666667;0;0;2.5
26169300;2;2;21;20;2.4;3;13.4;9.9;73.6;0;5.9;5.3;5.7;4.6;14.3;366.6666667;0;0;2.5
26170200;2;4;26;86;2.7;4.7;14.1;10.3;69.3;0;7.7;7.1;7.6;6.4;14.3;366.6666667;0;0;2.5
26171100;2.5;4.5;29.5;79.5;3.25;5.1;14.4;9.45;68.05;0;7.95;7.45;7.85;6.75;14.3;366.6666667;0;0;2.5
26172000;3;5;33;73;3.8;5.5;14.7;8.6;66.8;0;8.2;7.8;8.1;7.1;12.3;347.2222222;0;0;2.3
26172900;3;5;39;87;4.1;5.9;14.8;8;67.4;0;8.6;8.1;8.5;7.5;12.3;347.2222222;0;0;2.3
26173800;3;6;35;101;3.9;6.2;14.6;8;69.1;0;8.7;8.3;8.5;7.8;12.3;347.2222222;0;0;2.3
26174700;2;5;43;154;2.9;6.1;14.6;8;69.6;0;8.1;7.7;7.9;7.2;12.3;347.2222222;0;0;2.3
26175600;1;4;40;134;2.4;5.2;14.4;7.9;70;0;7.1;6.8;7;6.1;12.5;358.3333333;0;0;3.2
26176500;2;3;22;41;3.1;4.6;14.3;7.9;71.2;0;6.8;6.4;6.8;5.7;12.5;358.3333333;0;0;3.2
26177400;2;4;26;75;3.2;5.1;14.4;7.9;71.5;0;7.7;7.4;7.9;6.6;12.5;358.3333333;0;0;3.2
26178300;1.8;3.9;27.7;81.7;3.02;5.02;14.21;7.71;72.15;0;7.55;7.24;7.72;6.49;12.5;358.3333333;0;0;3.2
26179200;1.6;3.8;29.4;88.4;2.84;4.94;14.02;7.52;72.8;0;7.4;7.08;7.54;6.38;11.6;338.8888889;0;0;2.7
26180100;1.4;3.7;31.1;95.1;2.66;4.86;13.83;7.33;73.45;0;7.25;6.92;7.36;6.27;11.6;338.8888889;0;0;2.7
26181000;1.2;3.6;32.8;101.8;2.48;4.78;13.64;7.14;74.1;0;7.1;6.76;7.18;6.16;11.6;338.8888889;0;0;2.7
26181900;1;3.5;34.5;108.5;2.3;4.7;13.45;6.95;74.75;0;6.95;6.6;7;6.05;11.6;338.8888889;0;0;2.7
26182800;0.8;3.4;36.2;115.2;2.12;4.62;13.26;6.76;75.4;0;6.8;6.44;6.82;5.94;10.9;305.5555556;0;0;3.3
26183700;0.6;3.3;37.9;121.9;1.94;4.54;13.07;6.57;76.05;0;6.65;6.28;6.64;5.83;10.9;305.5555556;0;0;3.3
26184600;0.4;3.2;39.6;128.6;1.76;4.46;12.88;6.38;76.7;0;6.5;6.12;6.46;5.72;10.9;305.5555556;0;0;3.3
26185500;0.2;3.1;41.3;135.3;1.58;4.38;12.69;6.19;77.35;0;6.35;5.96;6.28;5.61;10.9;305.5555556;0;0;3.3
26186400;0;3;43;142;1.4;4.3;12.5;6;78;0;6.2;5.8;6.1;5.5;10.6;308.3333333;0;0;5.3
26187300;0;2;43;137;0.6;3.4;12.2;5.6;79.2;0;5.3;5;5.3;4.5;10.6;308.3333333;0;0;5.3
26188200;0;2;40;90;0.9;2.9;12.1;7.9;79.8;0;5;4.9;5;4.1;10.6;308.3333333;0;0;5.3
26189100;1;2;32;44;2.3;3;11.9;11.4;79.9;0;5.5;5.4;5.6;4.5;10.6;308.3333333;0;0;5.3
26190000;2;3;0;0;2.6;3.4;11.7;11;80;0;6.2;6.2;6.4;4.9;9.8;313.8888889;0;0;4.6
26190900;2;4;27;61;3;4.5;11.7;10.9;80.1;0;7.1;6.9;7.3;6.1;9.8;313.8888889;0;0;4.6
26191800;2;4;26;78;3;4.9;11.4;10.8;80.1;0;7;6.7;7;6.2;9.8;313.8888889;0;0;4.6
26192700;0;3;43;137;0.9;3.8;11.3;10.5;80.5;0;5.6;5.3;5.6;4.9;9.8;313.8888889;0;0;4.6
26193600;0;1;43;128;-0.3;2.4;10.9;10;80.8;0;4.2;3.9;4.2;3.5;9.3;322.2222222;0;0;4.2
26194500;0;1;10;27;0.6;1.9;10.9;9.8;81.3;0;3.9;3.9;4;3;9.3;322.2222222;0;0;4.2
26195400;0;1;0;0;1.2;2.3;10.7;9.9;81.5;0;4.3;4.4;4.5;3.3;9.3;322.2222222;0;0;4.2
26196300;0;2;26;88;0.7;3.1;10.8;10;81.6;0;5.4;5.3;5.5;4.5;9.3;322.2222222;0;0;4.2
26197200;0;2;43;132;-0.1;2.7;11;9.7;81.6;0;4.5;4.3;4.5;3.8;8.7;319.4444444;0;0;3.8
26198100;0;1;25;74;-0.8;1.7;10.9;9.6;81.3;0;3.8;3.5;3.8;3;8.7;319.4444444;0;0;3.8
26199000;0;1;0;0;-0.5;1.9;10.8;9.5;81.8;0;4.2;4.1;4.3;3.1;8.7;319.4444444;0;0;3.8
26199900;0;1;0;0;-0.1;1.9;10.5;9.5;81.7;0;4.8;4.8;5.1;3.5;8.7;319.4444444;0;0;3.8
26200800;0;1;0;0;0.3;2.6;10.4;9.5;82.6;0;5.4;5.4;5.8;3.9;9.4;325;36.11111111;38.88888889;3.5
26201700;0;3;39;128;1.4;4.4;10.8;9.5;82.6;0;6.5;6.2;6.5;5.9;9.4;325;36.11111111;38.88888889;3.5
26202600;0;2;43;135;0.5;3.3;11.3;9.4;82.3;0;5.2;4.9;5.2;4.5;9.4;325;36.11111111;38.88888889;3.5
26203500;0;2;43;129;0.1;2.7;11.5;9.3;81.6;0;4.8;4.3;4.7;3.8;9.4;325;36.11111111;38.88888889;3.5
26204400;0;2;37;93;0.7;2.5;11.7;10;81.2;29.5;4.9;4.4;4.8;3.8;10.7;308.3333333;86.11111111;138.8888889;2.8
26205300;2;2;13;13;2.5;3.1;12;10.1;80.4;34;6.1;6;6.3;4.6;10.7;308.3333333;86.11111111;138.8888889;2.8
26206200;1;4;43;140;2.3;5.1;12.3;9.9;79.4;34;7.4;7;7.5;6.4;10.7;308.3333333;86.11111111;138.8888889;2.8
26207100;1;4;43;145;1.6;4.9;12.8;9.5;77.8;34;7;6.6;6.9;5.8;10.7;308.3333333;86.11111111;138.8888889;2.8
26208000;1;4;43;143;1.6;4.8;13;10.6;76.7;109.8;6.9;6.6;6.9;5.6;11.6;313.8888889;111.1111111;202.7777778;2.7
26208900;1;3;39;91;2.5;4.4;13.2;10.9;76.4;128.8;6.7;6.5;6.9;5.5;11.6;313.8888889;111.1111111;202.7777778;2.7
26209800;3;4;38;66;3.5;5;13.5;10.8;75.8;128.8;7.6;7.5;7.8;6.4;11.6;313.8888889;111.1111111;202.7777778;2.7
26210700;2;5;43;157;3.2;6;14;10.7;74.8;128.8;8.6;8.3;8.6;7.4;11.6;313.8888889;111.1111111;202.7777778;2.7
26211600;3;6;43;159;3.4;6.6;14.4;11.9;74.1;195.6;9.2;9;9.2;8;13.9;305.5555556;77.77777778;361.1111111;2.9
26212500;4;7;37;167;4.4;7.5;15;12.3;72.1;219.9;10.4;10.1;10.2;9;13.9;305.5555556;77.77777778;361.1111111;2.9
26213400;4;8;38;155;5.4;8.6;15.4;12.3;69.9;214.5;11.4;11.3;11.4;9.9;13.9;305.5555556;77.77777778;361.1111111;2.9
26214300;5;9;43;186;6.1;9.9;15.9;12.3;69.1;211.8;12.5;12.4;12.4;11.1;13.9;305.5555556;77.77777778;361.1111111;2.9
26215200;6;10;41;164;7.3;10.7;16.5;13.4;67.1;276.7;13.4;13.3;13.3;11.9;16.7;311.1111111;100;436.1111111;4.2
26216100;8;11;39;126;9.2;12;16.6;14;66.4;309.2;14.7;14.7;14.7;13.3;16.7;311.1111111;100;436.1111111;4.2
26217000;11;13;41;81;11.4;13.3;16.9;13.8;65.9;312.5;16;15.9;16.1;14.7;16.7;311.1111111;100;436.1111111;4.2
26217900;9;14;43;219;10.2;14.8;17.6;13.4;63.8;319.2;17;16.9;17;15.9;16.7;311.1111111;100;436.1111111;4.2
26218800;10;14;39;137;11.2;14.4;18;14.6;62.6;374.5;16.7;16.7;16.7;15.5;18.4;322.2222222;161.1111111;397.2222222;4.7
26219700;9;14;39;249;9.6;14.7;18.5;15;60.9;394.6;17.1;17.1;17.2;16;18.4;322.2222222;161.1111111;397.2222222;4.7
26220600;7;13;37;231;8.5;13.6;19.1;15.1;59.7;394.6;15.5;15.3;15.3;14.4;18.4;322.2222222;161.1111111;397.2222222;4.7
26221500;7;12;38;260;7.5;13.5;19.8;15.4;56.7;394.6;15.7;15.6;15.6;14.4;18.4;322.2222222;161.1111111;397.2222222;4.7
26222400;6;11;43;238;7.6;12.6;20.1;16.2;53.3;394;14.6;14.5;14.4;13.3;19.9;322.2222222;138.8888889;375;1.9
26223300;7;11;39;215;8;12.6;20.5;16.5;50.5;393.8;15;14.9;14.9;13.5;19.9;322.2222222;138.8888889;375;1.9
26224200;9;12;41;175;9.6;13.3;20.7;17.1;47.7;393.8;16;15.9;15.9;14.5;19.9;322.2222222;138.8888889;375;1.9
26225100;10;14;38;169;11;14.9;21;17.7;44.8;393.8;17.7;17.7;17.7;16.2;19.9;322.2222222;138.8888889;375;1.9
26226000;7;13;43;340;7.2;14.4;21.1;18.2;44.9;361.6;16.3;16.1;16;15;19.9;325;100;255.5555556;2.7
26226900;7;12;43;250;8;13.2;21.1;18.3;44.1;356.7;15.3;15.1;15;13.9;19.9;325;100;255.5555556;2.7
26227800;7;12;43;232;8;12.7;21;18.7;43.5;356.7;14.8;14.6;14.7;13.4;19.9;325;100;255.5555556;2.7
26228700;7;11;43;215;7.7;12.1;20.8;19;43.1;356.7;14.2;14;14.1;12.9;19.9;325;100;255.5555556;2.7
26229600;6;10;43;196;7.5;11.5;20.7;18.9;42.3;244.7;13.6;13.3;13.4;12.3;19.5;322.2222222;63.88888889;144.4444444;3
26230500;6;10;43;194;7.5;11.4;20.6;18.9;42.3;244.7;13.6;13.1;13.3;12.1;19.5;322.2222222;63.88888889;144.4444444;3
26231400;7;10;35;148;7.9;11.4;20.5;19.4;43.6;244.7;13.7;13.3;13.5;12.2;19.5;322.2222222;63.88888889;144.4444444;3
26232300;8;10;39;118;8.5;11.4;20.1;19.9;45.6;244.7;13.7;13.3;13.7;12.5;19.5;322.2222222;63.88888889;144.4444444;3
26233200;8;11;39;110;8.9;11.4;19.8;19.2;45.6;153.2;13.7;13.1;13.6;12.6;17.4;327.7777778;19.44444444;19.44444444;3.3
26234100;8;10;36;169;7.3;11.4;19.2;19.1;47.6;146.7;13.4;12.9;13.2;12.3;17.4;327.7777778;19.44444444;19.44444444;3.3
26235000;5;8;43;136;6.6;9.5;18.5;19.2;52.7;146.7;11.4;10.9;11.2;10.5;17.4;327.7777778;19.44444444;19.44444444;3.3
26235900;5;8;43;122;6.5;8.9;17.7;19.3;55.8;146.7;10.8;10.3;10.8;9.9;17.4;327.7777778;19.44444444;19.44444444;3.3
26236800;5;7;43;108;6.1;8.3;17;18.3;57.6;56.7;10.2;9.8;10.4;9.4;16.6;319.4444444;0;0;3.7
26237700;5;7;43;92;6;7.7;16.3;18.2;59.9;42.9;9.5;9.2;9.8;9;16.6;319.4444444;0;0;3.7
26238600;4;6;43;81;5.5;7.2;15.7;18.4;61.8;42.9;9.1;8.8;9.2;8.5;16.6;319.4444444;0;0;3.7
26239500;4;6;33;75;5.4;6.9;15.4;18.6;64.2;42.9;9.2;8.8;9.3;8.7;16.6;319.4444444;0;0;3.7
26240400;4;6;39;87;4.9;6.9;15;17.8;66.8;8.6;8.8;8.4;8.8;8.1;15.5;316.6666667;0;0;2.9
26241300;4;6;39;86;4.8;6.5;14.5;17.6;68.9;0;8.6;8.3;8.7;7.9;15.5;316.6666667;0;0;2.9
26242200;4;5;14;25;4.7;6.4;14.3;17.3;70.3;0;8.4;8.1;8.5;7.5;15.5;316.6666667;0;0;2.9
26243100;4;5;9;24;4.9;6.5;14.1;16.6;70.9;0;9;9;9.3;8.1;15.5;316.6666667;0;0;2.9
26244000;4;6;20;64;5.2;6.9;13.8;15.8;71.5;0;8.8;8.5;8.8;8;14.1;311.1111111;0;0;4.1
26244900;5;7;3;7;5.7;7.6;13.7;15.5;71.8;0;9;8.6;9.1;8;14.1;311.1111111;0;0;4.1
26245800;5;6;26;88;5.3;7.3;13.6;15.6;72.3;0;9.2;8.8;9.2;8.3;14.1;311.1111111;0;0;4.1
26246700;5;6;13;25;5.7;7;13.5;15.7;72.8;0;9.5;9.1;9.6;8.4;14.1;311.1111111;0;0;4.1
26247600;4;6;39;89;5.3;7.2;13.3;15.3;73.3;0;9.1;8.8;9.1;8.4;14.4;308.3333333;0;0;6.2
26248500;3;5;38;77;4.7;6.5;13.1;15.1;73.7;0;8.2;8;8.3;7.6;14.4;308.3333333;0;0;6.2
26249400;4;5;12;22;4.5;5.9;12.9;15.1;74.1;0;7.7;7.7;8;7.1;14.4;308.3333333;0;0;6.2
26250300;4;5;11;32;4.7;6.1;12.7;15.1;74.7;0;8.3;8.2;8.6;7.7;14.4;308.3333333;0;0;6.2
26251200;4;5;15;39;4.9;6.5;12.6;14.7;75.5;0;8.3;8;8.3;7.5;13.9;313.8888889;0;0;3.9
26252100;4;5;6;19;5.1;6.4;12.5;14.7;75.8;0;8.8;8.4;8.8;7.8;13.9;313.8888889;0;0;3.9
26253000;3;5;38;115;3.9;6.4;12.3;14.3;76.3;0;8.3;7.8;8.2;7.6;13.9;313.8888889;0;0;3.9
26253900;1;4;43;140;1.7;4.7;12.3;13.8;76.7;0;6.4;6.1;6.4;5.8;13.9;313.8888889;0;0;3.9
26254800;0;2;43;136;0.5;3.3;12.3;13.9;76.7;0;5.2;4.9;5.1;4.3;12.4;325;0;0;1.5
26255700;1;2;39;42;1.8;2.5;12;13.9;77;0;4.8;4.4;4.7;3.8;12.4;325;0;0;1.5
26256600;1;3;24;54;2.4;3.3;11.8;14.2;77.2;0;6;5.3;5.8;5;12.4;325;0;0;1.5
26257500;3;3;0;0;3.4;3.4;12;14.5;77.6;0;6.4;5.8;6.4;5.4;12.4;325;0;0;1.5
26258400;3;4;24;52;3.7;4.7;12.5;14.2;77.3;0;7.7;6.8;7.5;6.8;13.7;358.3333333;0;0;1
26259300;3;5;26;73;3.7;5.6;12.9;14.2;76.5;0;7.8;7.2;7.7;7;13.7;358.3333333;0;0;1
26260200;0;3;43;142;1.7;4.6;13.2;14.1;75.8;0;6.4;6.1;6.4;5.8;13.7;358.3333333;0;0;1
26261100;0;2;42;132;0.7;3.6;13.3;13.9;75.1;0;5.4;5.1;5.4;4.6;13.7;358.3333333;0;0;1
26262000;0;2;39;85;1;3.4;13.4;9.2;74.8;0;5.5;5;5.3;4.4;12.9;361.1111111;0;0;1.5
26262900;1;2;39;77;1.5;3.4;13.5;8;74.2;0;5.7;5.3;5.7;4.7;12.9;361.1111111;0;0;1.5
26263800;1;3;37;69;1.9;3.4;13.6;8;74.5;0;5.8;5.6;5.9;4.9;12.9;361.1111111;0;0;1.5
26264700;1;3;35;93;2.1;3.8;13.8;8;74.5;0;6.2;6.1;6.3;5.2;12.9;361.1111111;0;0;1.5
26265600;0;3;43;138;0.8;3.6;13.8;7.9;74.2;0;5.7;5.4;5.6;4.7;15.2;369.4444444;0;0;2.9
26266500;0;2;43;136;0.4;3.4;13.8;7.9;73.6;0;5.3;5.1;5.2;4.4;15.2;369.4444444;0;0;2.9
26267400;1;2;17;54;1.8;3.4;13.8;7.9;74.2;0;5.6;5.5;5.6;4.5;15.2;369.4444444;0;0;2.9
26268300;2;3;1;27;2.8;3.8;14.1;7.9;74.3;0;7;7.4;7.6;5.7;15.2;369.4444444;0;0;2.9
26269200;4;6;40;98;4.9;6.7;15;7.8;75.8;0;9.1;8.7;9;8;13.9;375;0;0;2.9
26270100;5;7;43;117;5.5;7.8;16.5;7.8;73.9;0;10.7;10;10.5;9.5;13.9;375;0;0;2.9
26271000;5;8;43;126;6.2;8.7;17.2;7.8;71.8;0;11.2;10.9;11.4;10.3;13.9;375;0;0;2.9
26271900;5;8;42;172;5.7;9.2;17.1;7.8;70.3;0;11.4;11.1;11.4;10.6;13.9;375;0;0;2.9
26272800;4;8;42;153;5.5;8.8;16;10.4;71.5;0;10.7;10.4;10.7;9.9;11.5;369.4444444;0;0;3.4
26273700;5;7;39;104;5.9;8.7;15.3;11.4;71;0;10.5;10.3;10.6;9.6;11.5;369.4444444;0;0;3.4
26274600;6;7;41;63;6.7;8.2;14.7;12.9;70.8;0;10.3;10.2;10.4;9.4;11.5;369.4444444;0;0;3.4
26275500;3;7;43;163;4.6;7.9;14;14.6;72.4;0;9.7;9.6;9.8;9;11.5;369.4444444;0;0;3.4
26276400;3;6;41;128;3.8;6.6;13.7;13.7;72.9;0;8.5;8.3;8.6;7.7;9.9;358.3333333;0;0;3.1
26277300;3;5;35;86;4.4;6.2;13.5;13.6;73.8;0;8.4;8.2;8.5;7.4;9.9;358.3333333;0;0;3.1
26278200;4;5;19;41;4.5;6.2;13;13.4;79.2;0;8.4;8.4;8.6;7.3;9.9;358.3333333;0;0;3.1
26279100;4;7;3;8;5.2;7.7;12.4;13.2;85.2;0;9;8.9;9.4;7.6;9.9;358.3333333;0;0;3.1
26280000;4;6;23;77;5.3;7;12.3;12.8;86.6;0;9;8.8;9.1;8.1;9.5;352.7777778;0;0;3.8
26280900;4;6;29;92;4.7;6.8;12.3;12.6;87.3;0;8.9;8.8;9.1;8;9.5;352.7777778;0;0;3.8
26281800;1;4;43;146;2.5;5.6;12.2;11.6;88;0;7.3;7.1;7.4;6.6;9.5;352.7777778;0;0;3.8
26282700;1;3;40;104;1.9;4.3;12.1;11;89;0;6.2;6.1;6.2;5.3;9.5;352.7777778;0;0;3.8
26283600;1;3;40;73;2.3;4.1;11.9;10.4;90;0;6.1;6;6.2;5.2;9.4;352.7777778;0;0;2.3
26284500;1;3;43;102;2;4.1;11.9;10.4;90.3;0;6.2;6;6.3;5.4;9.4;352.7777778;0;0;2.3
26285400;0;2;43;137;0.5;3.4;11.9;9.7;90.3;0;5.1;5;5.2;4.3;9.4;352.7777778;0;0;2.3
26286300;0;2;13;39;1;2.7;12;9.3;90.1;0;4.9;4.8;4.9;3.8;9.4;352.7777778;0;0;2.3
26287200;1;4;0;0;2;3.9;11.9;9.1;90.3;0;5.3;5.3;5.5;4;9.6;350;5.555555556;5.555555556;2.1
26288100;1;5;0;0;2;5.7;11.9;9.1;90.8;0;6.2;6.4;6.6;4.5;9.6;350;5.555555556;5.555555556;2.1
26289000;2;5;25;65;3.2;5.8;11.9;9.2;91;0;7.6;7.8;8;6.7;9.6;350;5.555555556;5.555555556;2.1
26289900;3;5;21;62;4.3;5.9;11.8;9.3;91.8;0;8.1;8.1;8.4;7.2;9.6;350;5.555555556;5.555555556;2.1
26290800;1;4;43;147;2.3;5.4;11.8;9.3;91.8;3.6;7.2;7;7.2;6.4;9.4;347.2222222;16.66666667;16.66666667;1.9
26291700;0;3;40;131;1.8;4.5;11.7;9.3;91.2;4.2;6.4;6.2;6.4;5.6;9.4;347.2222222;16.66666667;16.66666667;1.9
26292600;3;3;23;33;3.9;4.6;11.4;9.3;90.7;4.2;7;6.9;7.2;6;9.4;347.2222222;16.66666667;16.66666667;1.9
26293500;3;4;20;57;4;5.4;11.3;9.3;90.9;4.2;7.8;7.7;8;6.7;9.4;347.2222222;16.66666667;16.66666667;1.9
26294400;1;4;43;148;2.2;5.2;11.4;9.4;91;26.8;7;6.9;7.1;6.3;9.2;347.2222222;36.11111111;36.11111111;2.1
26295300;0;3;43;142;1.4;4.3;11.2;9.5;91.3;35;6.3;6;6.3;5.4;9.2;347.2222222;36.11111111;36.11111111;2.1
26296200;2;3;18;57;2.5;3.9;11.3;9.6;91.5;35;6.2;5.9;6.2;5;9.2;347.2222222;36.11111111;36.11111111;2.1
26297100;3;4;8;39;3.5;4.6;11.5;9.7;91.8;35;7.3;7.3;7.8;6.1;9.2;347.2222222;36.11111111;36.11111111;2.1
26298000;1;4;43;150;2.4;5.5;11.9;10;91.8;72;7.3;7.2;7.5;6.5;9.4;347.2222222;88.88888889;88.88888889;2.7
26298900;1;4;43;146;1.7;4.8;12.1;10;91.2;72;6.8;6.5;6.8;5.9;9.4;347.2222222;88.88888889;88.88888889;2.7
26299800;1;3;40;110;2.3;4.7;12.1;9.8;91.3;69.2;6.7;6.5;6.7;5.7;9.4;347.2222222;88.88888889;88.88888889;2.7
26300700;3;4;9;9;4;4.7;12.4;9.6;91.4;66;7.6;7.7;7.8;6.2;9.4;347.2222222;88.88888889;88.88888889;2.7
26301600;3;5;40;134;3.5;6.4;12.5;10;91.2;91.9;8.8;8.6;8.7;7.9;10.1;338.8888889;86.11111111;86.11111111;2.9
26302500;2;5;43;151;2.8;5.9;12.2;10.1;90.9;101.3;7.7;7.6;7.8;6.9;10.1;338.8888889;86.11111111;86.11111111;2.9
26303400;2;4;39;111;3.1;5.3;12.2;9.6;91.2;98.7;7.5;7.3;7.6;6.5;10.1;338.8888889;86.11111111;86.11111111;2.9
26304300;4;5;12;19;4.3;5.2;12.3;9.4;91.3;97.4;8.1;8.1;8.3;6.8;10.1;338.8888889;86.11111111;86.11111111;2.9
26305200;3;6;37;121;4;6.7;12.6;9.3;91.2;120.1;8.9;8.8;9.2;8;10.4;333.3333333;94.44444444;94.44444444;2.3
26306100;2;5;43;151;2.9;6;12.5;9.3;90.8;131.5;7.9;7.7;7.9;7;10.4;333.3333333;94.44444444;94.44444444;2.3
26307000;2;5;36;117;3.2;5.7;12.9;9.3;91.2;131.5;7.7;7.6;7.8;6.7;10.4;333.3333333;94.44444444;94.44444444;2.3
26307900;4;5;12;17;4.8;5.7;12.9;9.4;90.8;131.5;8.3;8.4;8.6;7;10.4;333.3333333;94.44444444;94.44444444;2.3
26308800;3;6;43;141;3.8;6.8;12.8;9.4;90.6;131.4;8.8;8.7;9.1;8.1;10.1;330.5555556;72.22222222;72.22222222;2.4
26309700;2;5;43;150;2.7;5.8;12.8;9.4;90.6;131.3;7.6;7.4;7.7;6.9;10.1;330.5555556;72.22222222;72.22222222;2.4
26310600;3;4;34;68;3.8;5.2;12.8;9.6;90.6;131.3;7.6;7.3;7.6;6.7;10.1;330.5555556;72.22222222;72.22222222;2.4
26311500;4;5;9;24;4.5;5.5;12.8;10;90.6;131.3;8.5;8.4;8.7;7.3;10.1;330.5555556;72.22222222;72.22222222;2.4
26312400;2;6;43;155;3.4;6.6;12.9;10.2;90.5;129.2;8.4;8.2;8.4;7.6;10.4;325;69.44444444;69.44444444;3
26313300;1;4;40;136;2.7;5.5;13;10.3;90.5;128.1;7.4;7.2;7.4;6.7;10.4;325;69.44444444;69.44444444;3
26314200;4;4;21;33;4.3;5.2;13.2;10.4;90.5;128.1;7.7;7.5;7.7;6.7;10.4;325;69.44444444;69.44444444;3
26315100;4;6;20;63;4.4;6.3;13;10.6;90.2;128.1;8.8;8.7;8.9;7.7;10.4;325;69.44444444;69.44444444;3
26316000;2;5;43;154;3.1;6.2;13.2;10.7;90.3;83.9;8;7.8;8.1;7.4;10.4;313.8888889;75;75;3
26316900;2;4;39;120;3;5.3;13.2;10.8;89.9;61.8;7.5;7.3;7.5;6.8;10.4;313.8888889;75;75;3
26317800;4;5;12;19;4.3;5.2;13.2;10.6;90.1;61.8;8;8;8.2;6.9;10.4;313.8888889;75;75;3
26318700;3;6;37;124;4;6.6;13.1;10.1;89.9;61.8;8.9;8.8;8.9;8.1;10.4;313.8888889;75;75;3
26319600;1;5;43;149;2.6;5.7;12.9;10;89.8;51.5;7.6;7.3;7.5;6.8;10.3;336.1111111;47.22222222;50;2.2
26320500;3;4;32;69;3.6;5.2;13.3;10;90;46.4;7.4;7.2;7.4;6.6;10.3;336.1111111;47.22222222;50;2.2
26321400;4;5;9;16;4.4;5.4;13.2;10.1;89.5;46.4;8.4;8.4;8.6;7.3;10.3;336.1111111;47.22222222;50;2.2
26322300;2;5;43;153;3.3;6.4;12.9;10.2;89.7;46.4;8.2;8;8.2;7.5;10.3;336.1111111;47.22222222;50;2.2
26323200;1;4;43;144;2.1;5.1;12.9;9.9;89.4;21.2;6.9;6.7;6.9;6.2;10.4;344.4444444;0;0;2.6
26324100;3;4;24;77;4.1;5;12.7;9.8;89.5;8.6;7.2;7;7.4;6.3;10.4;344.4444444;0;0;2.6
26325000;3;5;20;59;4.2;5.6;12.7;9.8;89.6;8.6;8.1;7.9;8.2;7.2;10.4;344.4444444;0;0;2.6
26325900;1;4;43;148;2.4;5.4;12.7;9.9;89.5;8.6;7.3;6.9;7.2;6.5;10.4;344.4444444;0;0;2.6
26326800;0;3;37;122;1.7;4.4;12.7;9.7;88.9;2.9;6.4;5.9;6.3;5.4;10;327.7777778;0;0;3.3
26327700;3;3;0;0;3.7;4.2;12.8;9.6;84.1;0;6.7;6.4;6.9;5.3;10;327.7777778;0;0;3.3
26328600;2;5;36;102;3.1;5.4;12.7;9.7;78.8;0;7.7;7.5;8;6.7;10;327.7777778;0;0;3.3
26329500;0;4;43;143;1.6;4.6;12.5;10;78.5;0;6.4;6.2;6.4;5.5;10;327.7777778;0;0;3.3
26330400;0;2;37;98;1;3.2;12;9.5;78.7;0;5.1;4.9;5.1;4.1;9.1;302.7777778;0;0;2.3
26331300;2;2;17;0;3.4;2.9;11.4;9.3;80.1;0;5.5;5.4;5.8;4.2;9.1;302.7777778;0;0;2.3
26332200;1;4;34;101;2;4.2;11.2;9.4;80.7;0;6.5;6;6.5;5.5;9.1;302.7777778;0;0;2.3
26333100;0;2;43;139;0.6;3.4;11.3;9.7;80.5;0;5.3;4.9;5.5;4.6;9.1;302.7777778;0;0;2.3
26334000;0;2;35;114;0.3;2.9;11.1;9.5;79.3;0;4.9;4.7;5;3.9;8.4;272.2222222;0;0;2.5
26334900;0;2;0;0;0.9;3;10.6;9.4;79.4;0;5.4;5.3;5.5;4;8.4;272.2222222;0;0;2.5
26335800;0;3;14;39;1.4;3.6;10.4;9.7;79.3;0;6.5;6.4;6.7;5;8.4;272.2222222;0;0;2.5
26336700;0;3;43;142;1.2;4.2;10.1;9.8;79.6;0;5.9;5.7;6.1;5;8.4;272.2222222;0;0;2.5
26337600;0;2;29;93;0.3;2.9;9.8;9.3;80.4;0;4.9;4.7;5;3.9;8.1;269.4444444;0;0;2.7
26338500;0;2;0;0;0.6;3.1;9.7;9.1;80.4;0;5.2;5;5.3;4;8.1;269.4444444;0;0;2.7
26339400;0;2;0;0;0.9;3.3;9.5;8.7;81.2;0;5.8;5.7;5.8;4.4;8.1;269.4444444;0;0;2.7
26340300;0;3;40;127;1.3;4.1;9.3;8.5;82.2;0;6.1;5.8;6.2;5.1;8.1;269.4444444;0;0;2.7
26341200;0;2;18;56;0;2.8;9.2;8.3;82.3;0;4.9;4.6;5;4.1;7.9;266.6666667;0;0;1.9
26342100;0;2;0;0;0.6;3.2;9.2;8.2;82.3;0;5.2;4.9;5.4;4.2;7.9;266.6666667;0;0;1.9
26343000;0;2;0;0;1;3.2;9.1;8.1;82.6;0;5.7;5.2;5.7;4.6;7.9;266.6666667;0;0;1.9
26343900;2;3;20;71;2.9;4.5;9.1;8.1;82.9;0;6.6;6.4;6.9;5.5;7.9;266.6666667;0;0;1.9
26344800;3;3;9;17;3.8;4.7;9;7.9;82.8;0;6.7;6.6;6.9;5.7;7.2;286.1111111;0;0;2.7
26345700;0;3;43;139;1.1;4;8.9;7.8;82.9;0;5.8;5.5;5.8;5;7.2;286.1111111;0;0;2.7
26346600;0;2;9;29;0;2.7;8.8;7.7;82.8;0;4.8;4.5;4.7;3.8;7.2;286.1111111;0;0;2.7
26347500;0;2.5;4.5;14.5;0.5;3.25;9.05;7.8;82.95;0;5.25;4.95;5.15;4.15;7.2;286.1111111;0;0;2.7
26348400;0;3;0;0;1;3.8;9.3;7.9;83.1;0;5.7;5.4;5.6;4.5;7.5;327.7777778;0;0;2.5
26349300;0;4;0;0;1.3;4.7;9.9;8;81.7;0;6.5;6.1;6.2;4.9;7.5;327.7777778;0;0;2.5
26350200;1;4;4;33;2.1;4.8;10;8;80.4;0;7.3;7;7.1;5.7;7.5;327.7777778;0;0;2.5
26351100;1;4;43;143;1.7;4.7;10.2;8;79.7;0;6.4;6.3;6.5;5.7;7.5;327.7777778;0;0;2.5
26352000;0;2;43;138;0.6;3.4;10.4;7.9;79.1;0;5.3;5.1;5.3;4.4;7.7;333.3333333;0;0;2.9
26352900;0;2;43;134;0.1;2.8;10.6;7.9;78.6;0;4.8;4.7;4.8;3.8;7.7;333.3333333;0;0;2.9
26353800;1;2;37;36;2;2.9;10.7;7.9;77.7;0;5.4;5.3;5.6;4.2;7.7;333.3333333;0;0;2.9
26354700;1;3;23;73;1.8;3.7;10.8;7.9;77.5;0;5.8;5.5;5.8;4.8;7.7;333.3333333;0;0;2.9
26355600;2;3;8;13;3.1;3.8;10.9;7.8;76.5;0;6.3;6.2;6.6;5.2;8.6;338.8888889;0;0;2.8
26356500;0;3;43;140;1.4;4.2;10.9;7.8;76.2;0;6.1;5.8;6.1;5.2;8.6;338.8888889;0;0;2.8
26357400;0;2;33;102;0.2;2.9;11;7.8;75.9;0;4.8;4.6;4.8;4;8.6;338.8888889;0;0;2.8
26358300;0;2;0;0;0.4;2.7;11.2;7.8;75.2;0;5;4.9;5.1;4;8.6;338.8888889;0;0;2.8
26359200;0;2;0;0;0.7;3;11.2;7.4;75.6;0;5.5;5.2;5.5;4.3;7.7;330.5555556;0;0;3.3
26360100;2;3;35;82;3;4.5;11.2;7.3;75.3;0;6.7;6.5;6.8;5.9;7.7;330.5555556;0;0;3.3
26361000;3;3;14;23;3.5;4.3;11.2;7.5;74.7;0;6.8;6.7;7;5.7;7.7;330.5555556;0;0;3.3
26361900;0;3;43;142;1.5;4.5;11;7.7;74.7;0;6.3;6.1;6.3;5.6;7.7;330.5555556;0;0;3.3
26362800;0;2;43;136;0.3;3.1;10.5;7.6;75.8;0;5;4.7;5;4.1;7.7;300;0;0;2.9
26363700;0;2;11;31;0;2.7;10.4;7.6;76.8;0;4.8;4.6;4.9;3.7;7.7;300;0;0;2.9
26364600;0;2;0;0;0.7;2.9;10.3;7.9;76.4;0;5.2;5;5.4;3.9;7.7;300;0;0;2.9
26365500;0;3;0;0;1.1;3.9;9.8;8.6;78.2;0;5.9;5.6;6;4.4;7.7;300;0;0;2.9
26366400;1;4;23;83;2;4.6;9.4;8.3;79.2;0;6.7;6.4;6.7;5.5;7;-2775;0;0;2
26367300;3;3;0;0;4;4.2;9.2;8.2;79.9;0;6.4;6.3;6.5;5.5;7;-2775;0;0;2
26368200;3;3;23;31;3.7;4.4;8.9;7.7;80.7;0;6.5;6.4;6.7;5.5;7;-2775;0;0;2
26369100;2;3;25;68;3;4.4;8.7;7.5;81.4;0;6.6;6.4;6.7;5.7;7;-2775;0;0;2
26370000;0;2;34;101;0.4;3.2;8.5;7.3;81.5;0;4.8;4.7;4.9;4.2;6.2;261.1111111;0;0;2.5
26370900;0;2;0;0;0.4;3;8.3;7.2;81.9;0;4.8;4.6;4.8;3.9;6.2;261.1111111;0;0;2.5
26371800;0;2;0;0;0.9;3.2;8.2;7.4;82.4;0;5.1;4.9;5.1;4.1;6.2;261.1111111;0;0;2.5
26372700;0;2;0;0;1.4;3.1;8.2;7.5;82.5;0;5.7;5.2;5.5;4.6;6.2;261.1111111;0;0;2.5
26373600;1;2;15;43;1.6;3;8.4;7.3;82.6;0;6.2;5.6;6.1;5.1;6.6;258.3333333;16.66666667;25;2.7
26374500;0;2;33;106;0.4;3.2;8.9;7.3;80;0;4.9;4.6;4.9;4.3;6.6;258.3333333;16.66666667;25;2.7
26375400;0;2;0;0;0.1;3.1;8.8;7.1;79.7;0;4.8;4.5;4.8;3.9;6.6;258.3333333;16.66666667;25;2.7
26376300;0;2;0;0;0.6;3.2;8.8;6.9;79.7;0;5.2;4.8;5.2;4.3;6.6;258.3333333;16.66666667;25;2.7
26377200;0;3;30;103;1;3.8;9.1;7;79.6;16.3;6.2;5.5;6.3;5.2;8.5;269.4444444;63.88888889;152.7777778;2.7
26378100;0;2;43;134;0.6;3.4;9.6;7;78.1;18.8;5.3;4.8;5.4;4.3;8.5;269.4444444;63.88888889;152.7777778;2.7
26379000;2;2;0;0;2.6;3.2;10;6.7;76.1;18.8;5.7;5.3;6;4.2;8.5;269.4444444;63.88888889;152.7777778;2.7
26379900;1;4;27;88;2.7;4.6;10.4;6.3;75.3;18.8;7.4;7.1;7.8;6.2;8.5;269.4444444;63.88888889;152.7777778;2.7
26380800;1;4;43;148;2.2;5.3;11.2;6.7;73.1;78.3;7.3;7;7.3;6.2;9.2;316.6666667;125;186.1111111;3
26381700;1;4;43;147;1.8;4.9;11.8;6.8;71.6;87.4;7.3;7.1;7.3;6.1;9.2;316.6666667;125;186.1111111;3
26382600;2;5;41;139;2.3;5.4;12.4;6.9;69.2;87.4;7.7;7.6;7.8;6.6;9.2;316.6666667;125;186.1111111;3
26383500;3;5;25;55;4;5.4;12.7;7.1;68.8;87.4;7.7;7.6;7.8;6.5;9.2;316.6666667;125;186.1111111;3
26384400;3;6;20;65;4;6.1;12.9;7.7;69.8;118.7;8.4;8.5;8.7;7.3;8.2;344.4444444;66.66666667;66.66666667;2.7
26385300;1;5;43;149;2.6;5.7;12.6;7.8;69.9;123.5;7.4;7.3;7.5;6.7;8.2;344.4444444;66.66666667;66.66666667;2.7
26386200;0;4;43;141;1.7;4.6;12.1;8.5;72.1;126.8;6.4;6.3;6.5;5.6;8.2;344.4444444;66.66666667;66.66666667;2.7
26387100;2;3;15;55;2.7;3.9;11.9;9.2;73;130.6;6.2;6.2;6.4;5.3;8.2;344.4444444;66.66666667;66.66666667;2.7
26388000;3;4;27;40;3.8;4.8;11.9;9.7;73.6;124.4;7.3;7.3;7.5;6.6;7.9;341.6666667;77.77777778;77.77777778;1.8
26388900;1;5;43;145;2.7;5.3;12.1;9.8;73.5;123.5;7.3;7.2;7.4;6.6;7.9;341.6666667;77.77777778;77.77777778;1.8
26389800;0;3;43;140;1.4;4.3;12.2;9.8;74.4;120.9;6.1;6;6.2;5.4;7.9;341.6666667;77.77777778;77.77777778;1.8
26390700;0;2;37;116;1;3.5;12.3;9.9;74.6;116.9;5.5;5.3;5.5;4.7;7.9;341.6666667;77.77777778;77.77777778;1.8
26391600;2;2;0;0;3;3.4;12.3;10.2;74.2;143.9;5.9;6.1;6.3;4.7;8.8;336.1111111;125;125;2.9
26392500;2;5;26;84;2.9;5.4;12.3;10.2;73.8;148.1;7.4;7.5;7.8;6.3;8.8;336.1111111;125;125;2.9
26393400;1;4;43;145;2.1;5.1;12.6;9.5;73.4;148.1;7.1;7;7.2;6.3;8.8;336.1111111;125;125;2.9
26394300;1;4;43;144;1.9;4.9;13.4;8.7;71.3;148.1;7;7;7.1;6.2;8.8;336.1111111;125;125;2.9
26395200;3;5;39;79;3.7;5.2;13.8;8.7;68.7;136.9;7.8;7.7;7.9;6.8;9.3;336.1111111;125;125;2.9
26396100;4;5;38;79;4.4;6;13.3;8.7;70.1;135.2;8.4;8.3;8.6;7.5;9.3;336.1111111;125;125;2.9
26397000;2;5;43;153;2.8;6;13;8.3;71.4;135.2;7.8;7.6;7.8;7;9.3;336.1111111;125;125;2.9
26397900;1;4;40;137;2.3;5.4;13;7.9;70.1;135.2;7.3;7.1;7.2;6.4;9.3;336.1111111;125;125;2.9
26398800;3;5;40;80;4.1;5.8;13.3;8.2;68.6;137.3;8.3;8.2;8.4;7.2;9.9;330.5555556;100;122.2222222;3.3
26399700;4;6;39;105;4.4;6.6;13.2;8.3;66.8;137.6;8.9;8.8;9;7.9;9.9;330.5555556;100;122.2222222;3.3
26400600;2;5;43;150;2.8;5.9;12.5;8.7;68.6;137.6;7.6;7.5;7.7;6.9;9.9;330.5555556;100;122.2222222;3.3
26401500;2;4;42;108;2.9;5;12.2;9.2;68.3;137.6;7.1;6.9;7.1;6.1;9.9;330.5555556;100;122.2222222;3.3
26402400;3;4;12;18;3.9;4.9;12.4;9;68.3;119.2;7.6;7.6;7.8;6.3;9.8;313.8888889;94.44444444;133.3333333;2.8
26403300;3;6;36;123;4.1;6.8;12.9;9;65.9;116.4;9.3;9.3;9.5;8.2;9.8;313.8888889;94.44444444;133.3333333;2.8
26404200;2;5;43;153;3.1;6.3;12.7;9.1;65;116.4;8.1;7.9;8.2;7.2;9.8;313.8888889;94.44444444;133.3333333;2.8
26405100;3;5;36;92;3.8;5.5;12.4;9.2;65;116.4;7.6;7.5;7.8;6.6;9.8;313.8888889;94.44444444;133.3333333;2.8
26406000;4;5;9;17;4.5;5.6;11.9;9.1;66.8;90;8.4;8.3;8.7;7;8.7;283.3333333;22.22222222;25;3.1
26406900;2;5;43;151;3.1;6.1;11.5;9.1;69.6;83.4;7.9;7.7;7.9;7.1;8.7;283.3333333;22.22222222;25;3.1
26407800;0;3;43;140;1.5;4.5;11;9.4;70.9;83.4;6.3;6.1;6.3;5.5;8.7;283.3333333;22.22222222;25;3.1
26408700;2;3;5;9;3;3.9;10.5;9.8;73;83.4;6.1;6;6.2;5;8.7;283.3333333;22.22222222;25;3.1
26409600;2;5;17;47;3.2;5.8;10.2;9.4;74.3;28.6;6.8;6.8;7.1;5.7;8.3;305.5555556;0;0;3.9
26410500;0;3;43;139;1.2;4.1;10;9.3;74.8;20.2;5.8;5.6;5.9;5.1;8.3;305.5555556;0;0;3.9
26411400;0;2;43;134;0.3;3.1;10.2;9.3;75.3;20.2;5;4.7;5;4.1;8.3;305.5555556;0;0;3.9
26412300;1;2;38;52;1.6;2.6;10.5;9.4;75.2;20.2;4.9;4.6;5;3.8;8.3;305.5555556;0;0;3.9
26413200;2;2;12;25;2.8;3.1;10;8.9;76.8;2.7;6.1;5.9;6.4;4.7;7.7;288.8888889;0;0;4.4
26414100;0;2;39;124;0.6;3.3;9.9;8.8;77.7;0;5.1;4.9;5.2;4.5;7.7;288.8888889;0;0;4.4
26415000;0;2;0;0;0.8;2.7;9.3;8.5;79.2;0;4.7;4.5;4.8;3.8;7.7;288.8888889;0;0;4.4
26415900;0;2;0;0;0.8;2.9;9;8.2;79.8;0;5;4.7;5.1;4.1;7.7;288.8888889;0;0;4.4
26416800;0;2;0;0;1.1;2.9;8.7;7.9;81.1;0;5.5;5;5.5;4.5;7.4;277.7777778;0;0;2.6
26417700;1;3;0;0;1.4;3.5;8.8;7.8;82;0;6.2;5.4;5.9;5;7.4;277.7777778;0;0;2.6
26418600;1;3;34;106;1.4;4.1;8.7;7.8;82.3;0;6.2;5.5;6.1;5.2;7.4;277.7777778;0;0;2.6
26419500;0;2;22;68;-0.1;2.7;9.1;7.8;81.8;0;4.7;4.2;4.7;4;7.4;277.7777778;0;0;2.6
26420400;0;2;0;0;0.1;2.8;8.9;7.4;80.9;0;5;4.5;5;4;6.9;291.6666667;0;0;3.1
26421300;0;2;0;0;0.8;2.9;9;7.3;80.6;0;5.4;4.8;5.3;4.4;6.9;291.6666667;0;0;3.1
26422200;0;2;26;87;0.9;3.3;9;7.3;79.5;0;5.9;5.3;5.8;4.9;6.9;291.6666667;0;0;3.1
26423100;0;2;22;70;-0.1;2.6;8.7;7.3;79.8;0;4.5;4.2;4.5;3.8;6.9;291.6666667;0;0;3.1
26424000;0;2;0;0;-0.3;2.4;9;6.9;80.1;0;4.9;4.8;5;3.9;7.8;294.4444444;0;0;2.2
26424900;1;2;14;45;1.4;2.9;9.2;6.8;78.6;0;6;5.7;6.4;4.6;7.8;294.4444444;0;0;2.2
26425800;0;2;43;134;0.3;3;9.2;6.8;78.1;0;4.9;4.5;4.9;4.1;7.8;294.4444444;0;0;2.2
26426700;0;2;2;5;-0.2;2.8;9.2;6.9;77;0;4.7;4.3;4.6;3.6;7.8;294.4444444;0;0;2.2
26427600;0;2;0;0;0.3;3.3;9.2;6.6;77.3;0;5;4.5;5;3.8;6.1;272.2222222;0;0;2.4
26428500;0;2;2;5;0.8;2.9;8.9;6.5;77.5;0;5.5;4.9;5.4;4.3;6.1;272.2222222;0;0;2.4
26429400;0;2;43;135;0.5;3.2;8.6;6.5;78.7;0;5.2;4.7;5.2;4.4;6.1;272.2222222;0;0;2.4
26430300;1;1;0;0;1.9;2.4;8.3;6.5;78.5;0;4.5;4.1;4.5;3.6;6.1;272.2222222;0;0;2.4
26431200;0;2;1;0;1.6;2.5;7.9;6.2;79.9;0;5;4.8;5;3.9;5.6;266.6666667;0;0;2.8
26432100;2;2;0;5;2.3;2.9;7.5;6.1;80.4;0;5.2;5.1;5.2;4.1;5.6;266.6666667;0;0;2.8
26433000;0;1;26;82;-0.3;2.3;7.3;6.6;81.2;0;4.3;3.8;4.3;3.7;5.6;266.6666667;0;0;2.8
26433900;0;2;13;41;-0.05;2.85;7.1;7.25;81.9;0;4.45;3.75;4.35;3.8;5.6;266.6666667;0;0;2.8
26434800;0;3;0;0;0.2;3.4;6.9;7.9;82.6;0;4.6;3.7;4.4;3.9;5.7;294.4444444;0;0;2.3
26435700;0;4;0;0;0.5;4.4;6.9;8;83;0;5;3.8;4.6;4.3;5.7;294.4444444;0;0;2.3
26436600;0;3;1;3;0.9;3.9;7.2;8;83.1;0;5.4;4.4;5;4.4;5.7;294.4444444;0;0;2.3
26437500;0;2;29;91;0.7;3.1;7.6;8;82.9;0;5;4.5;5.1;4.3;5.7;294.4444444;0;0;2.3
26438400;0;2;1;5;-0.3;2.4;7.7;7.9;82.5;0;4.2;3.8;4.2;3.6;5.8;322.2222222;0;0;2
26439300;0;2;0;0;0.2;2.4;7.9;7.9;82.1;0;4.6;4.1;4.5;4;5.8;322.2222222;0;0;2
26440200;0;2;0;0;0.7;2.4;8.2;7.9;81.4;0;5;4.4;4.9;4.4;5.8;322.2222222;0;0;2
26441100;0;2;39;124;0.2;2.9;8.6;7.9;79.1;0;4.9;4.5;4.8;4.3;5.8;322.2222222;0;0;2
26442000;0;2;1;3;-0.5;2.2;8.9;7.8;76.8;0;4.2;3.9;4.2;3.5;5.4;333.3333333;0;0;2.5
26442900;0;3;0;0;0.2;2.8;8.8;7.8;76;0;4.5;4.3;4.6;3.8;5.4;333.3333333;0;0;2.5
26443800;0;3;10;35;0.4;4;8.8;7.8;76.5;0;5.1;4.8;5.2;4.4;5.4;333.3333333;0;0;2.5
26444700;0;2;34;97;0;2.7;8.9;7.8;77.6;0;4.4;4.2;4.5;3.8;5.4;333.3333333;0;0;2.5
26445600;0;2;0;0;-0.3;2.3;8.9;6;78.3;0;4.3;4.1;4.4;3.5;5.3;336.1111111;0;0;1.1
26446500;0;1;0;0;0;2.4;8.8;5.5;80.4;0;4.8;4.7;5;3.9;5.3;336.1111111;0;0;1.1
26447400;0;2;40;118;0.2;3;8.7;5.7;82.1;0;4.9;4.8;5.1;4.2;5.3;336.1111111;0;0;1.1
26448300;0;1;3;6;-0.5;2.1;8.8;5.9;85.6;0;4.1;4;4.2;3.4;5.3;336.1111111;0;0;1.1
26449200;0;2;0;0;0.2;2.4;8.8;5.8;84.1;0;4.5;4.3;4.6;3.7;5.2;333.3333333;0;0;1.9
26450100;0;0;0;0;0.5;2.4;8.7;5.8;84.3;0;5.1;4.7;5;4.1;5.2;333.3333333;0;0;1.9
26451000;0;0;0;0;0.9;2.4;8.7;5.6;84.3;0;5.6;5;5.4;4.5;5.2;333.3333333;0;0;1.9
26451900;0;2;26;81;1.1;3.5;8.8;5.4;84.3;0;5.7;5.3;5.6;4.8;5.2;333.3333333;0;0;1.9
26452800;0;1;19;57;-0.4;2.3;8.7;5.4;84.4;0;4.1;4;4.2;3.5;5.6;322.2222222;0;0;2.4
26453700;0;2;0;0;-0.1;2.3;8.7;5.4;84.4;0;4.3;4.2;4.4;3.5;5.6;322.2222222;0;0;2.4
26454600;0;2;0;0;0.5;2.5;8.8;5.4;83.6;0;4.7;4.5;4.8;3.9;5.6;322.2222222;0;0;2.4
26455500;0;2;25;79;0.6;2.8;8.6;5.3;83.7;0;5.2;4.8;5.3;4.4;5.6;322.2222222;0;0;2.4
26456400;0;1;19;57;-0.6;2.1;8.4;5.4;84.1;0;3.9;3.7;4;3.2;5.6;325;0;0;1.7
26457300;0;1;0;0;-0.4;2;8.4;5.4;83.9;0;4.1;3.9;4.3;3.3;5.6;325;0;0;1.7
26458200;0;1;0;0;0.2;2.4;8.5;5.3;83.4;0;4.6;4.3;4.8;3.7;5.6;325;0;0;1.7
26459100;0;1;23;63;0.6;2.7;8.6;5.2;83.1;0;5.3;5.1;5.6;4.5;5.6;325;0;0;1.7
26460000;0;1;31;92;-0.3;2.4;8.6;5.3;83.6;0;4.1;3.9;4.1;3.5;6;330.5555556;8.333333333;8.333333333;2.4
26460900;0;2;0;0;-0.5;2.6;8.4;5.3;83.8;0;4;4;4.1;3.2;6;330.5555556;8.333333333;8.333333333;2.4
26461800;0;2;0;0;0.1;3;8.6;5.4;83.8;0;4.4;4.2;4.5;3.5;6;330.5555556;8.333333333;8.333333333;2.4
26462700;0;2;15;55;0.2;3.1;8.9;5.7;83.3;0;5.2;5;5.3;4.3;6;330.5555556;8.333333333;8.333333333;2.4
26463600;0;2;43;131;0;2.8;9.4;5.8;81.5;7;4.4;4.3;4.6;3.9;6.7;325;47.22222222;47.22222222;0.9
26464500;0;1;13;37;-0.7;1.8;9.7;5.9;80.5;9.6;3.8;3.7;4;3.1;6.7;325;47.22222222;47.22222222;0.9
26465400;0;1;0;0;-0.3;2;9.8;5.9;80.3;9.6;4.2;4.1;4.4;3.3;6.7;325;47.22222222;47.22222222;0.9
26466300;0;1;9;33;0.1;2.2;10.2;5.8;77.4;9.6;5.2;4.9;5.3;4.1;6.7;325;47.22222222;47.22222222;0.9
26467200;1;3;32;83;2;3.9;10.3;6.2;75;39;5.9;5.7;6;5.1;7.7;313.8888889;86.11111111;86.11111111;1.1
26468100;2;3;24;42;2.7;3.6;10.6;6.3;72.9;49.7;6;5.8;6.2;5;7.7;313.8888889;86.11111111;86.11111111;1.1
26469000;0;3;43;139;0.9;3.7;10.8;6.4;75.7;49.7;5.5;5.3;5.5;4.8;7.7;313.8888889;86.11111111;86.11111111;1.1
26469900;0;1;43;132;-0.2;2.5;10.9;6.5;76.5;49.7;4.3;4.2;4.3;3.6;7.7;313.8888889;86.11111111;86.11111111;1.1
26470800;0;1;13;39;-0.8;2.1;11.1;7;77.1;72.4;3.9;3.9;3.9;3;8.7;319.4444444;150;152.7777778;1.5
26471700;0;1;0;0;0;2.5;11.8;7.2;74.1;80.7;4.4;4.4;4.5;3.2;8.7;319.4444444;150;152.7777778;1.5
26472600;0;3;35;122;1.1;3.9;12.2;7.3;67.1;81.4;6.7;6.5;6.7;5.5;8.7;319.4444444;150;152.7777778;1.5
26473500;0;3;43;138;1.2;4;12.8;7.4;64.8;83.3;5.9;5.9;5.9;5;8.7;319.4444444;150;152.7777778;1.5
26474400;1;3;39;48;2.7;3.8;13;8;63.5;92.7;6;6;6.1;4.9;9.2;330.5555556;116.6666667;116.6666667;1.3
26475300;1;3;24;69;2.6;4.1;12.9;8.3;65.9;97.4;6.5;6.5;6.8;5.4;9.2;330.5555556;116.6666667;116.6666667;1.3
26476200;0;3;43;140;1;3.9;13.1;8.4;64.8;98.5;5.7;5.6;5.7;4.9;9.2;330.5555556;116.6666667;116.6666667;1.3
26477100;0;2;43;139;0.6;3.2;13.4;8.6;65;101.7;5.4;5.3;5.3;4.5;9.2;330.5555556;116.6666667;116.6666667;1.3
26478000;0;2;43;136;0.6;3.1;13.3;8.9;64.2;114.8;5.4;5.2;5.4;4.3;9.1;333.3333333;94.44444444;94.44444444;1.3
26478900;2;3;17;37;2.4;3.4;13.3;9.1;64.9;121.3;6;6;6.1;4.8;9.1;333.3333333;94.44444444;94.44444444;1.3
26479800;2;4;34;90;2.7;4.6;13.1;9.2;65;121.3;6.7;6.6;6.9;5.8;9.1;333.3333333;94.44444444;94.44444444;1.3
26480700;0;3;43;142;1.3;4.3;13;9.3;65.4;121.3;6.1;5.9;6.1;5.3;9.1;333.3333333;94.44444444;94.44444444;1.3
26481600;0;2;43;138;0.7;3.4;13.1;9.4;65.6;135.3;5.4;5.2;5.4;4.5;9.2;336.1111111;80.55555556;80.55555556;1.3
26482500;0;2;29;89;0.9;2.9;13.2;9.5;65;142.3;5;4.8;4.9;3.9;9.2;336.1111111;80.55555556;80.55555556;1.3
26483400;2;2;5;0;2.4;2.6;13.3;9.5;64.5;142.3;5.8;6.2;6.3;4.3;9.2;336.1111111;80.55555556;80.55555556;1.3
26484300;1;3;41;135;1.9;4.6;12.9;9.5;64.6;142.3;7;6.9;7.1;6;9.2;336.1111111;80.55555556;80.55555556;1.3
26485200;0;3;43;138;0.9;3.8;12.9;9.6;65.9;104.9;5.6;5.5;5.6;4.7;8.4;341.6666667;36.11111111;36.11111111;1.8
26486100;0;2;43;134;0.3;3.1;12.6;9.7;68.4;91.3;5.1;4.8;5;4.1;8.4;341.6666667;36.11111111;36.11111111;1.8
26487000;1;2;38;52;1.6;2.7;12.3;9.6;71.2;91.3;4.8;4.8;4.9;3.9;8.4;341.6666667;36.11111111;36.11111111;1.8
26487900;2;3;14;36;2.3;3.1;12.1;9.3;72.4;91.3;6;5.9;6.3;4.7;8.4;341.6666667;36.11111111;36.11111111;1.8
26488800;0;3;43;138;1;3.7;11.8;9.4;76.1;56.4;5.6;5.4;5.6;4.9;8.1;338.8888889;25;25;1.8
26489700;0;2;43;133;-0.2;2.5;11.7;9.5;77.4;43.7;4.4;4.2;4.4;3.6;8.1;338.8888889;25;25;1.8
26490600;0;1;37;109;-0.5;2;11.6;9.5;77.9;43.7;3.9;3.7;3.8;3;8.1;338.8888889;25;25;1.8
26491500;0;1;0;0;0.2;1.9;11.5;9.4;78.2;43.7;4.1;4.1;4.2;3;8.1;338.8888889;25;25;1.8
26492400;0;1;0;0;0.4;2.1;11.4;9.3;79.1;37.2;4.9;5;5.1;3.4;8.1;341.6666667;5.555555556;5.555555556;1.6
26493300;0;2;43;134;1.1;3.9;11;9.3;77.6;34;6.1;6;6.3;5.3;8.1;341.6666667;5.555555556;5.555555556;1.6
26494200;0;2;43;132;-0.1;2.6;11.1;9;78.6;34;4.5;4.3;4.5;3.7;8.1;341.6666667;5.555555556;5.555555556;1.6
26495100;0;2;26;76;-0.7;1.8;10.9;8.3;79.6;34;3.9;3.7;3.9;2.8;8.1;341.6666667;5.555555556;5.555555556;1.6
26496000;0;3;0;0;-0.3;3.7;11.1;8.1;77.6;15.9;4.3;4.2;4.4;3;8;336.1111111;0;0;1.4
26496900;0;2;12;44;0;3.1;11.1;8;77;6.9;5.3;5;5.4;4.1;8;336.1111111;0;0;1.4
26497800;0;2;43;133;0.6;3.4;11;7.9;76.7;6.9;5.1;4.9;5.1;4.2;8;336.1111111;0;0;1.4
26498700;0;1;43;124;-0.5;2.1;10.9;7.8;77.2;6.9;3.9;3.7;3.9;3.2;8;336.1111111;0;0;1.4
26499600;1;1;0;0;1.4;1.4;10.7;7.6;78.2;2.3;4.1;4.1;4.3;3;7.7;325;0;0;1.7
26500500;1;2;26;42;1.7;2.6;10.5;7.5;78.8;0;5.2;5.2;5.5;4.1;7.7;325;0;0;1.7
26501400;0;2;43;135;-0.1;2.6;10.4;7.7;79.3;0;4.6;4.4;4.7;3.8;7.7;325;0;0;1.7
26502300;1;1;36;48;0.7;1.6;10.3;7.8;79.5;0;3.8;3.6;3.8;2.7;7.7;325;0;0;1.7
26503200;1;1;0;0;1.8;1.4;10.1;7.5;80;0;4.6;4.5;4.9;3;7.3;322.2222222;0;0;1.8
26504100;0;2;41;129;0.2;2.6;10;7.3;80.3;0;4.8;4.6;4.9;4.1;7.3;322.2222222;0;0;1.8
26505000;0;1;15;47;-0.8;1.8;10;7.4;80.4;0;3.8;3.6;3.8;2.9;7.3;322.2222222;0;0;1.8
26505900;0;1;0;0;-0.5;1.9;9.9;7.5;80.9;0;4.1;4;4.2;3.1;7.3;322.2222222;0;0;1.8
26506800;0;1;12;41;-0.1;2.2;10.1;7.4;81.2;0;5.2;4.6;5.1;4;7.8;333.3333333;0;0;3.8
26507700;0;2;43;131;0.1;2.8;10.3;7.3;80.8;0;4.5;4.3;4.5;3.7;7.8;333.3333333;0;0;3.8
26508600;0;1;9;25;-1;1.7;10.3;7.3;80.8;0;3.7;3.6;3.8;2.9;7.8;333.3333333;0;0;3.8
26509500;0;1;0;0;-0.7;1.9;10.2;7.4;80.8;0;4.3;4.2;4.4;3.2;7.8;333.3333333;0;0;3.8
26510400;1;2;34;71;1.2;2.8;10;7.3;80.8;0;5.1;5;5.4;4.1;7.3;327.7777778;0;0;2.9
26511300;0;1;43;131;-0.6;2.2;10.1;7.2;80.3;0;4;3.7;4;3.2;7.3;327.7777778;0;0;2.9
26512200;1;1;28;24;1;1.4;10.1;7.1;79.9;0;3.7;3.5;3.9;2.6;7.3;327.7777778;0;0;2.9
26513100;0;2;21;68;0.7;2.6;10.2;7;80.1;0;4.9;4.7;5.1;3.8;7.3;327.7777778;0;0;2.9
26514000;0;1;43;131;-0.4;2.3;10.3;6.9;78.3;0;4.1;3.9;4.1;3.6;7.5;333.3333333;0;0;1.3
26514900;0;1;43;126;-0.9;1.7;10.3;6.9;76.7;0;3.7;3.4;3.6;3;7.5;333.3333333;0;0;1.3
26515800;0;1;4;12;-1.2;1.4;10.4;7.1;76.6;0;3.7;3.5;3.7;2.8;7.5;333.3333333;0;0;1.3
26516700;0;1;0;0;-0.4;1.9;10.4;7.6;76.4;0;4.1;3.9;4.1;3.1;7.5;333.3333333;0;0;1.3
26517600;0;0;0;0;-0.1;1.9;10.3;7.5;75.8;0;4.9;4.6;4.9;3.6;7.6;330.5555556;0;0;1.5
26518500;0;2;40;124;0.8;3.4;10.2;7.4;75.4;0;5.7;5.4;5.9;5;7.6;330.5555556;0;0;1.5
26519400;0;1;43;126;-0.4;2.2;10.1;7.3;76.2;0;3.9;3.7;4;3.2;7.6;330.5555556;0;0;1.5
26520300;0;2;21.5;63;-0.55;2.55;10.2;7.5;76.05;0;4.1;4;4.25;3.15;7.6;330.5555556;0;0;1.5
26521200;0;3;0;0;-0.7;2.9;10.3;7.7;75.9;0;4.3;4.3;4.5;3.1;7.4;333.3333333;0;0;1.7
26522100;0;3;0;0;-0.3;3.9;10.2;8;74.5;0;5.1;5.2;5.3;3.5;7.4;333.3333333;0;0;1.7
26523000;0;3;32;101;0.7;3.9;10.2;8;74.4;0;5.8;5.9;6.1;4.9;7.4;333.3333333;0;0;1.7
26523900;0;1;43;133;-0.2;2.6;10.1;8;74.3;0;4.3;4.1;4.4;3.6;7.4;333.3333333;0;0;1.7
26524800;0;1;22;69;-1.2;1.5;9.9;7.9;74.4;0;3.5;3.3;3.5;2.6;7;327.7777778;0;0;1.6
26525700;0;1;0;0;-0.5;1.7;9.8;7.9;74;0;3.8;3.7;3.9;2.7;7;327.7777778;0;0;1.6
26526600;0;1;7;24;-0.2;2;9.7;7.9;74.3;0;4.7;4.3;4.8;3.4;7;327.7777778;0;0;1.6
26527500;0;2;43;137;0.3;3.1;9.8;7.9;73.8;0;4.9;4.8;5.1;4.2;7;327.7777778;0;0;1.6
26528400;0;1;43;128;-0.6;2.1;9.8;7.8;73.4;0;4;3.6;4;3.1;6.5;338.8888889;0;0;1.9
26529300;0;1;24;69;-1.1;1.7;9.9;7.8;73.6;0;3.5;3.3;3.6;2.5;6.5;338.8888889;0;0;1.9
26530200;0;2;0;0;-0.8;3.1;10;7.8;73.2;0;3.8;3.7;4;2.6;6.5;338.8888889;0;0;1.9
26531100;0;1;7;24;-0.4;2.2;10;7.8;74.1;0;4.5;4.3;4.6;3.4;6.5;338.8888889;0;0;1.9
26532000;1;2;20;64;1.7;3.1;9.7;7.2;77.3;0;5.2;5;5.3;4.2;5.3;338.8888889;0;0;3.2
26532900;1;2;24;76;1.6;3.3;9;7.1;80.8;0;5.3;5.3;5.6;4.6;5.3;338.8888889;0;0;3.2
26533800;0;1;43;132;-0.2;2.5;8.6;7.1;82.8;0;4.3;4.1;4.3;3.7;5.3;338.8888889;0;0;3.2
26534700;0;0;41;113;-1.1;1.5;8.2;7;84.8;0;3.4;3.2;3.4;2.7;5.3;338.8888889;0;0;3.2
26535600;1;1;26;23;1.2;1.5;8.1;6.7;85.3;0;3.9;3.8;4.2;2.8;5.2;333.3333333;0;0;4.4
26536500;0;1;43;131;-0.8;2;8;6.6;84.3;0;3.9;3.7;4;3.2;5.2;333.3333333;0;0;4.4
26537400;0;0;6;17;0.5;1.4;8;6.5;83.4;0;3.5;3.5;3.7;2.6;5.2;333.3333333;0;0;4.4
26538300;0;3;0;0;1;3.3;8.1;6.2;82.3;0;4.1;4.1;4.4;3;5.2;333.3333333;0;0;4.4
26539200;0;3;6;6;1.3;4.2;8.1;6.1;80.9;0;4.7;4.8;5.1;3.5;5.1;325;0;0;4.1
26540100;0;2;43;132;-0.1;2.6;8.1;6.1;80.3;0;4.3;4.2;4.4;3.6;5.1;325;0;0;4.1
26541000;0;1;9;25;-1;1.3;8.3;5.6;79.2;0;3.3;3.1;3.3;2.5;5.1;325;0;0;4.1
26541900;0;1;0;0;-0.6;1.7;8.2;5.3;78.7;0;3.6;3.5;3.8;2.7;5.1;325;0;0;4.1
26542800;0;1;1;2;0;1.8;8.1;5.4;78.5;0;4.2;3.8;4.2;3.2;5.1;322.2222222;0;0;4.6
26543700;0;1;43;132;-0.4;2.3;8.1;5.4;78.7;0;4.2;3.9;4.4;3.5;5.1;322.2222222;0;0;4.6
26544600;0;0;9;24;-1.1;1.3;8.1;5.3;78.8;0;3.2;3.1;3.4;2.5;5.1;322.2222222;0;0;4.6
26545500;0;1;0;0;-0.8;1.5;7.9;5.2;78.4;0;3.7;3.5;3.8;2.8;5.1;322.2222222;0;0;4.6
26546400;0;2;12;40;-0.3;2;7.9;5.1;78;0;4.5;4.1;4.5;3.6;5.1;327.7777778;8.333333333;8.333333333;4.9
26547300;0;1;43;125;-0.5;2.1;8;5.1;77.1;0;3.8;3.7;4;3.2;5.1;327.7777778;8.333333333;8.333333333;4.9
26548200;0;1;13;36;-1.1;1.4;8.1;5;76.9;0;3.2;3.1;3.3;2.4;5.1;327.7777778;8.333333333;8.333333333;4.9
26549100;0;1;0;0;-0.8;2;8.2;4.9;77.1;0;3.6;3.5;3.8;2.6;5.1;327.7777778;8.333333333;8.333333333;4.9
26550000;0;1;18;62;-0.3;2.2;8.2;4.9;75.5;2.8;4.6;4.4;4.7;3.6;5.4;330.5555556;27.77777778;27.77777778;3.8
26550900;0;1;43;126;-0.5;2.1;8.1;4.9;75.7;3.2;3.9;3.7;4;3.1;5.4;330.5555556;27.77777778;27.77777778;3.8
26551800;-1;0;33;94;-1.3;1.2;8.3;5;76;3.2;3.2;3;3.3;2.4;5.4;330.5555556;27.77777778;27.77777778;3.8
26552700;-2;1;0;0;-1.3;1.2;8.4;5.1;75.8;3.2;3.5;3.3;3.6;2.4;5.4;330.5555556;27.77777778;27.77777778;3.8
26553600;-1;1;0;0;-0.6;1.3;8.5;5.1;76.5;25.2;4;3.7;4.1;2.8;5.3;336.1111111;38.88888889;38.88888889;3
26554500;0;2;41;133;-0.1;2.7;8.4;5.1;78.1;28.6;4.9;4.8;5.1;4.2;5.3;336.1111111;38.88888889;38.88888889;3
26555400;0;1;43;126;-0.6;2;8.3;5.1;79.3;28.6;3.9;3.6;3.9;3.1;5.3;336.1111111;38.88888889;38.88888889;3
26556300;0;0;43;123;-1.1;1.5;8.3;5.1;79.9;28.6;3.5;3.3;3.6;2.7;5.3;336.1111111;38.88888889;38.88888889;3
26557200;0;0;43;124;-1.1;1.3;8.7;5.4;81.2;53.4;3.4;3.3;3.6;2.6;5.8;336.1111111;91.66666667;91.66666667;2.7
26558100;0;1;43;126;-1.1;1.3;8.7;5.5;80.4;57.2;3.6;3.4;3.6;2.7;5.8;336.1111111;91.66666667;91.66666667;2.7
26559000;0;1;43;127;-1.1;1.3;8.9;5.6;81.5;54.7;3.8;3.6;3.8;2.8;5.8;336.1111111;91.66666667;91.66666667;2.7
26559900;0;1;43;128;-1.1;1.3;8.8;5.7;82.9;51.8;3.9;3.7;4;3;5.8;336.1111111;91.66666667;91.66666667;2.7
26560800;0;1;43;128;-1.1;1.8;8.4;6;84.4;81.2;4.1;3.8;4.1;3.1;5.5;338.8888889;61.11111111;61.11111111;2.4
26561700;0;1;43;127;-1.1;1.8;8.5;6.1;84.9;85.7;4;3.8;4;3.1;5.5;338.8888889;61.11111111;61.11111111;2.4
26562600;0;1;43;126;-1.1;1.8;8.3;5.9;84.1;81.9;4;3.7;4;3;5.5;338.8888889;61.11111111;61.11111111;2.4
26563500;0;1;43;126;-1.1;1.8;8.3;5.7;84.8;77.6;4;3.8;4.1;3.1;5.5;338.8888889;61.11111111;61.11111111;2.4
26564400;0;1;43;125;-1.1;1.8;8.3;6;84.8;81.8;3.9;3.8;4.1;3.1;6;338.8888889;61.11111111;61.11111111;2.9
26565300;0;1;43;124;-0.8;1.8;8.5;6;84.5;82.4;4.2;4;4.2;3.3;6;338.8888889;61.11111111;61.11111111;2.9
26566200;0;1;43;126;-0.6;1.8;8.6;6;84.8;82.4;4.2;4;4.3;3.3;6;338.8888889;61.11111111;61.11111111;2.9
26567100;0;1;43;124;-0.6;1.8;8.6;6.1;83.9;82.4;4.1;3.8;4.1;3.2;6;338.8888889;61.11111111;61.11111111;2.9
26568000;0;1;43;123;-0.6;1.8;8.6;6;82.3;74.8;4;3.9;4.1;3.2;6.4;330.5555556;105.5555556;105.5555556;2.2
26568900;0;1;43;124;-0.6;1.8;8.8;6;81.8;72.1;4.2;4;4.2;3.2;6.4;330.5555556;105.5555556;105.5555556;2.2
26569800;0;1;43;127;-0.5;2.1;9.4;5.8;79.3;72.1;4.6;4.4;4.7;3.7;6.4;330.5555556;105.5555556;105.5555556;2.2
26570700;1;2;36;85;0.9;2.4;9.8;5.4;77.6;72.1;5.1;5.1;5.2;4.1;6.4;330.5555556;105.5555556;105.5555556;2.2
26571600;1;3;32;64;2.1;3.6;9.8;5.5;75.3;60.3;6;5.9;6.2;5;6.7;327.7777778;83.33333333;83.33333333;2.4
26572500;0;3;43;141;1;4;10;5.5;73.3;57.4;5.9;5.7;5.9;5;6.7;327.7777778;83.33333333;83.33333333;2.4
26573400;0;2;43;137;0.5;3.4;9.8;5.7;72.3;57.4;5.2;5.1;5.3;4.3;6.7;327.7777778;83.33333333;83.33333333;2.4
26574300;0;2;43;134;0.1;2.8;9.7;6;72.6;57.4;4.8;4.6;4.9;3.9;6.7;327.7777778;83.33333333;83.33333333;2.4
26575200;0;2;43;132;-0.3;2.6;9.8;6.1;72.4;58.9;4.5;4.3;4.5;3.5;7.2;319.4444444;77.77777778;80.55555556;2.4
26576100;0;1;43;130;-0.3;2.3;10.1;6.1;71.4;59.3;4.3;4.1;4.3;3.4;7.2;319.4444444;77.77777778;80.55555556;2.4
26577000;0;1;43;128;-0.3;2.3;10.5;6.2;70.3;59.3;4.3;4;4.3;3.2;7.2;319.4444444;77.77777778;80.55555556;2.4
26577900;0;1;37;111;-0.1;2.3;10.4;6.4;68.6;59.3;4.3;4.1;4.3;3.3;7.2;319.4444444;77.77777778;80.55555556;2.4
26578800;1;1;0;0;1.7;2.3;10.3;6.3;68.9;50.6;4.8;5;5.2;3.5;7.2;313.8888889;25;25;2
26579700;0;3;43;124;1.1;3.4;10;6.3;69.4;48.4;5.6;5.5;5.8;4.7;7.2;313.8888889;25;25;2
26580600;0;1;43;131;-0.2;2.5;9.7;6.4;70.7;48.4;4.4;4.1;4.4;3.5;7.2;313.8888889;25;25;2
26581500;0;1;43;127;-0.8;1.8;9.4;6.6;71.3;48.4;3.9;3.6;3.9;2.9;7.2;313.8888889;25;25;2
26582400;0;0;43;125;-1.1;1.5;9.1;6.3;71.7;24;3.6;3.2;3.6;2.6;6.4;311.1111111;0;0;2.3
26583300;-1;0;43;123;-1.3;1.3;8.8;6.2;72.3;15.1;3.3;2.9;3.2;2.3;6.4;311.1111111;0;0;2.3
26584200;0;0;26;13;0.7;1;8.8;6.4;73.2;15.1;3.6;3.4;3.9;2.4;6.4;311.1111111;0;0;2.3
26585100;0;1;43;129;-0.6;2.1;8.8;6.8;73.4;15.1;4.1;3.9;4.2;3.2;6.4;311.1111111;0;0;2.3
26586000;-1;0;39;111;-1.2;1.3;8.8;6.7;73.4;4;3.2;3;3.3;2.4;6;305.5555556;0;0;1.9
26586900;-2;1;0;0;-1.3;1.1;8.7;6.6;73.4;0;3.4;3.3;3.5;2.3;6;305.5555556;0;0;1.9
26587800;-1;1;0;0;-0.7;1.3;8.6;6.8;74;0;3.9;3.6;3.9;2.6;6;305.5555556;0;0;1.9
26588700;0;1;30;99;-0.2;2.3;8.4;7;74.5;0;4.8;4.4;4.8;3.7;6;305.5555556;0;0;1.9
26589600;0;1;43;125;-0.8;1.8;8.4;6.7;74.9;0;3.6;3.4;3.6;2.8;5.8;311.1111111;0;0;1.8
26590500;-2;1;13;35;-1.5;1.3;8.4;6.6;74.9;0;3.3;3.1;3.3;2.2;5.8;311.1111111;0;0;1.8
26591400;-2;1;0;0;-0.9;2.2;8.3;6.4;74.9;0;3.6;3.5;3.8;2.5;5.8;311.1111111;0;0;1.8
26592300;0;1;12;41;-0.5;2;8.2;6.1;75.5;0;4.5;4.2;4.6;3.2;5.8;311.1111111;0;0;1.8
26593200;0;1;43;129;-0.3;2.4;7.8;6;76.3;0;4.1;3.9;4.2;3.3;6.1;316.6666667;0;0;1.9
26594100;-1;0;39;114;-1.4;1.2;7.9;6;76.6;0;3.1;2.9;3.2;2.2;6.1;316.6666667;0;0;1.9
26595000;-2;0;0;0;-1.5;1.1;8.2;6;76.1;0;3.3;3.3;3.5;2.2;6.1;316.6666667;0;0;1.9
26595900;-2;0;0;0;-0.8;1.3;8.3;6;75.5;0;3.8;3.6;3.9;2.5;6.1;316.6666667;0;0;1.9
26596800;0;1;30;99;-0.3;2.4;8.3;5.7;74.8;0;4.8;4.7;5;3.8;6.3;322.2222222;0;0;1.6
26597700;0;1;43;128;-0.7;1.9;8.4;5.6;74.6;0;3.8;3.6;3.9;2.9;6.3;322.2222222;0;0;1.6
26598600;-1;0;34;99;-1.5;1.1;8.6;5.6;74.2;0;3.1;2.9;3.2;2.1;6.3;322.2222222;0;0;1.6
26599500;-2;1;0;0;-1.4;1.7;8.6;5.5;74.3;0;3.4;3.4;3.6;2.2;6.3;322.2222222;0;0;1.6
26600400;-2;0;3;11;-0.8;1.8;8.4;5.3;74.5;0;4;3.8;4.1;2.7;6.1;319.4444444;0;0;1.5
26601300;0;2;43;136;-0.2;2.6;8.4;5.2;74.6;0;4.5;4.4;4.7;3.7;6.1;319.4444444;0;0;1.5
26602200;-1;0;39;112;-1.4;1.3;8.4;5.5;74.6;0;3.2;2.9;3.1;2.3;6.1;319.4444444;0;0;1.5
26603100;-2;0;0;0;-1.5;1;8.5;5.9;74.5;0;3.3;3.1;3.3;2.2;6.1;319.4444444;0;0;1.5
26604000;-2;0;1;4;-0.9;1.3;8.7;5.8;73.9;0;3.8;3.6;3.9;2.7;6.2;325;0;0;1.6
26604900;0;2;43;138;-0.3;2.5;8.8;5.7;73.2;0;4.6;4.4;4.7;3.7;6.2;325;0;0;1.6
26605800;0;0;43;126;-1.1;1.5;8.7;5.9;73.5;0;3.4;3.2;3.4;2.6;6.2;325;0;0;1.6
26606700;0;1;21.5;63;-0.35;1.8;8.7;6.7;73.4;0;3.35;3.2;3.4;2.3;6.2;325;0;0;1.6
26607600;0;2;0;0;0.4;2.1;8.7;7.5;73.3;0;3.3;3.2;3.4;2;6.1;319.4444444;0;0;1
26608500;0;3;0;0;0.4;3.8;8.6;8;73.3;0;3.9;4.1;4.3;2.4;6.1;319.4444444;0;0;1
26609400;0;2;32;90;0.4;3.1;8.5;8;73.9;0;4.9;4.9;5.1;3.8;6.1;319.4444444;0;0;1
26610300;0;1;43;130;-0.8;1.9;8.6;8;74.1;0;3.7;3.5;3.8;2.9;6.1;319.4444444;0;0;1
26611200;-2;0;43;125;-1.6;1;8.6;7.9;74;0;2.9;2.7;3;2.1;5.8;333.3333333;0;0;0.7
26612100;-2;0;3;8;-1.5;0.8;8.7;7.9;74.3;0;3.1;2.9;3.2;2;5.8;333.3333333;0;0;0.7
26613000;-2;0;0;0;-0.8;1.3;8.8;7.9;75.3;0;3.5;3.3;3.6;2.2;5.8;333.3333333;0;0;0.7
26613900;0;1;26;87;-0.5;2.1;8.9;7.9;76.1;0;4.7;4.3;4.7;3.5;5.8;333.3333333;0;0;0.7
26614800;0;1;43;128;-1;1.7;8.9;7.8;76.3;0;3.5;3.3;3.5;2.7;5.5;333.3333333;0;0;0.6
26615700;-2;0;30;86;-1.7;0.9;8.8;7.8;76.2;0;2.9;2.7;2.9;2;5.5;333.3333333;0;0;0.6
26616600;-2;1;0;0;-1.6;1.7;8.8;7.8;76.4;0;3.2;3.2;3.3;2.1;5.5;333.3333333;0;0;0.6
26617500;-2;0;7;24;-1;1.5;8.8;7.8;77.3;0;4;3.7;3.9;2.7;5.5;333.3333333;0;0;0.6
26618400;0;1;43;132;-0.7;2.1;8.8;6.6;78.3;0;4;3.7;3.9;3.1;5.6;333.3333333;0;0;0.8
26619300;-2;0;24;67;-1.7;0.9;8.7;6.2;79;0;2.8;2.5;2.8;1.9;5.6;333.3333333;0;0;0.8
26620200;-2;0;0;0;-1.6;0.8;8.7;6.1;79.6;0;3;2.9;3.1;1.9;5.6;333.3333333;0;0;0.8
26621100;-2;0;0;0;-0.9;0.9;8.7;5.9;79;0;3.6;3.2;3.6;2.3;5.6;333.3333333;0;0;0.8
26622000;0;1;41;129;-0.6;2.2;8.6;5.8;79.3;0;4.5;4.1;4.4;3.5;5.8;330.5555556;0;0;1.5
26622900;-1;0;38;107;-1.5;1.1;8.7;5.8;79.4;0;2.9;2.8;2.9;2.1;5.8;330.5555556;0;0;1.5
26623800;-2;0;0;0;-1.8;0.8;8.7;5.7;79.6;0;2.9;2.9;3;1.9;5.8;330.5555556;0;0;1.5
26624700;-2;2;0;0;-1.1;2.5;8.7;5.4;79.6;0;3.3;3.2;3.4;2.3;5.8;330.5555556;0;0;1.5
26625600;-1;1;34;110;-0.9;2.3;8.8;5.5;79.6;0;4.1;3.9;4;3.2;5.7;333.3333333;0;0;2.3
26626500;-2;0;24;68;-1.8;0.8;8.7;5.5;80.1;0;2.7;2.5;2.7;1.9;5.7;333.3333333;0;0;2.3
26627400;-2;0;0;0;-1.7;0.9;8.8;5.6;80.3;0;2.8;2.8;3;1.9;5.7;333.3333333;0;0;2.3
26628300;-2;0;0;0;-1;0.9;8.8;5.6;80.6;0;3.3;3.1;3.4;2.3;5.7;333.3333333;0;0;2.3
26629200;-1;1;35;113;-0.8;1.9;8.7;5.7;80.2;0;4.1;3.9;4.2;3.2;5.6;333.3333333;0;0;2.6
26630100;-1;0;37;106;-1.6;1;8.6;5.7;79.6;0;2.8;2.6;2.8;2;5.6;333.3333333;0;0;2.6
26631000;-2;0;0;0;-1.9;0.7;8.8;5.8;79.6;0;2.7;2.6;2.8;1.8;5.6;333.3333333;0;0;2.6
26631900;-2;0;0;0;-1.2;0.9;8.9;5.8;79.5;0;3.2;2.9;3.2;2.1;5.6;333.3333333;0;0;2.6
26632800;-1;1;30;93;-0.9;1.6;8.9;5.8;78.7;0;4;3.7;4;3.1;5.8;336.1111111;8.333333333;8.333333333;2.6
26633700;-1;0;43;121;-1.5;1;8.8;5.8;78.6;0;2.9;2.6;2.9;2;5.8;336.1111111;8.333333333;8.333333333;2.6
26634600;-2;0;1;2;-2;0.9;9;5.8;79.4;0;2.7;2.5;2.7;1.6;5.8;336.1111111;8.333333333;8.333333333;2.6
26635500;-2;0;0;0;-1.3;1.4;8.9;5.7;78.8;0;3.3;2.9;3.2;1.9;5.8;336.1111111;8.333333333;8.333333333;2.6
26636400;-1;1;25;89;-0.7;2;8.8;5.6;79;5.8;4.4;4;4.4;3.4;6;336.1111111;19.44444444;19.44444444;1.5
26637300;0;1;43;125;-1;1.6;8.9;5.6;80.4;6.7;3.5;3.2;3.4;2.6;6;336.1111111;19.44444444;19.44444444;1.5
26638200;-2;0;28;81;-1.9;0.6;9.1;5.6;80.2;6.7;2.6;2.4;2.6;1.7;6;336.1111111;19.44444444;19.44444444;1.5
26639100;-2;0;0;0;-1.8;0.6;9.4;5.5;79.8;6.7;3;2.8;2.9;1.8;6;336.1111111;19.44444444;19.44444444;1.5
26640000;-2;0;4;15;-1.2;0.9;9.7;5.8;79.2;34.5;3.9;3.3;3.7;2.5;6.6;336.1111111;86.11111111;86.11111111;2.2
26640900;0;1;43;138;-0.4;2.4;10.1;5.8;77.3;38.8;4.5;4.3;4.5;3.7;6.6;336.1111111;86.11111111;86.11111111;2.2
26641800;0;1;43;127;-1;1.6;10.6;5.9;75.4;38.8;3.5;3.3;3.4;2.6;6.6;336.1111111;86.11111111;86.11111111;2.2
26642700;-2;0;43;122;-1.6;0.9;10.9;6;74.3;38.8;3;2.9;2.9;2.1;6.6;336.1111111;86.11111111;86.11111111;2.2
26643600;-2;0;43;123;-1.6;0.9;11.1;6.4;72.9;74.8;3;2.8;2.9;2;7.5;333.3333333;147.2222222;147.2222222;2.6
26644500;-2;0;43;125;-1.6;0.9;11.2;6.5;71.4;80.3;3.1;2.9;3;2;7.5;333.3333333;147.2222222;147.2222222;2.6
26645400;-2;0;43;126;-1.6;0.9;11.3;6.5;70.7;83.4;3.3;3.2;3.2;2.2;7.5;333.3333333;147.2222222;147.2222222;2.6
26646300;-2;0;43;126;-1.6;0.9;11.6;6.6;71.1;87;3.4;3.2;3.3;2.4;7.5;333.3333333;147.2222222;147.2222222;2.6
26647200;-2;0;43;127;-1.6;0.9;11.7;7.2;69.4;141.4;3.6;3.4;3.6;2.6;7.8;327.7777778;130.5555556;144.4444444;1.3
26648100;-2;0;43;127;-1.6;0.9;11.8;7.4;70.9;155;3.5;3.4;3.5;2.6;7.8;327.7777778;130.5555556;144.4444444;1.3
26649000;-2;1;43;129;-1.2;1.4;12;7.4;70.2;149.3;3.9;3.9;3.9;2.9;7.8;327.7777778;130.5555556;144.4444444;1.3
26649900;-2;1;43;129;-1.1;1.9;11.9;7.4;68.6;140.7;4.1;4;4.1;3;7.8;327.7777778;130.5555556;144.4444444;1.3
26650800;-2;1;43;127;-1.1;1.9;11.5;7.9;70.1;175.9;4;3.8;4;3;8.6;308.3333333;213.8888889;219.4444444;2
26651700;-2;1;43;126;-1.1;1.9;11.9;8;69.7;184.7;4.2;4;4.1;3.1;8.6;308.3333333;213.8888889;219.4444444;2
26652600;-1;1;41;108;0;2;12.5;8;66.6;184.7;4.7;4.5;4.7;3.5;8.6;308.3333333;213.8888889;219.4444444;2
26653500;1;2;39;68;1.7;3.2;12.8;8.1;64.7;184.7;5.8;5.7;5.9;4.7;8.6;308.3333333;213.8888889;219.4444444;2
26654400;0;3;43;142;1.2;3.9;12.7;8.2;63.6;173.4;6.1;6;6.2;5.2;8.9;313.8888889;194.4444444;213.8888889;2
26655300;0;3;43;140;0.9;3.7;12.6;8.2;64.3;170.6;5.7;5.6;5.7;4.8;8.9;313.8888889;194.4444444;213.8888889;2
26656200;0;2;43;139;0.7;3.4;12.6;8.1;63;170.6;5.6;5.4;5.6;4.5;8.9;313.8888889;194.4444444;213.8888889;2
26657100;0;3;43;140;0.5;3.4;12.3;7.9;63.6;170.6;5.9;5.8;5.9;4.8;8.9;313.8888889;194.4444444;213.8888889;2
26658000;0;3;40;132;1.3;4;12.5;8.1;61.2;141.6;6.6;6.5;6.7;5.4;8.9;336.1111111;133.3333333;144.4444444;1.5
26658900;2;4;41;114;2.4;4.8;12.8;8.1;60.7;137.1;7.4;7.4;7.5;6.2;8.9;336.1111111;133.3333333;144.4444444;1.5
26659800;2;5;36;122;2.9;5.7;13.1;8.4;61.1;137.1;8;7.9;8.1;6.8;8.9;336.1111111;133.3333333;144.4444444;1.5
26660700;1;4;42;146;2.2;5.3;12.6;8.8;62;137.1;7.2;7.1;7.2;6.2;8.9;336.1111111;133.3333333;144.4444444;1.5
26661600;0;4;42;144;1.6;4.6;12.3;8.6;63.8;117.3;6.6;6.4;6.6;5.6;8.5;330.5555556;88.88888889;97.22222222;1
26662500;0;3;42;139;1.2;4.1;12;8.6;65.4;114.2;6.1;5.9;6;4.9;8.5;330.5555556;88.88888889;97.22222222;1
26663400;1;3;39;74;2.4;3.9;11.6;8.7;67.1;114.2;6;5.8;6.1;4.8;8.5;330.5555556;88.88888889;97.22222222;1
26664300;1;3;39;102;2;3.9;11.4;8.8;69.4;114.2;6.1;6;6.3;5.2;8.5;330.5555556;88.88888889;97.22222222;1
26665200;0;2;43;138;0.4;3.3;10.9;8.5;71.1;78.4;5.2;5;5.2;4.4;7.9;333.3333333;16.66666667;16.66666667;0.9
26666100;0;1;43;133;-0.4;2.4;10.8;8.4;71.6;69.4;4.3;4.1;4.3;3.4;7.9;333.3333333;16.66666667;16.66666667;0.9
26667000;0;1;43;129;-0.9;1.7;10.8;8.5;71.9;69.4;3.8;3.4;3.7;2.8;7.9;333.3333333;16.66666667;16.66666667;0.9
26667900;-1;0;43;122;-1.4;1.1;10.7;8.6;73.1;69.4;3.1;2.8;3.1;2.2;7.9;333.3333333;16.66666667;16.66666667;0.9
26668800;-2;0;43;119;-1.8;0.9;10.5;8.1;74;27.8;2.8;2.5;2.8;1.9;7.6;325;0;0;0.9
26669700;-1;0;41;50;-0.6;0.4;10.4;8;74.3;17.4;2.6;2.4;2.7;1.6;7.6;325;0;0;0.9
26670600;0;0;14;29;0.5;0.9;10.2;8;75.8;17.4;4.1;3.8;4.4;2.8;7.6;325;0;0;0.9
26671500;0;1;43;130;-0.7;2;10.1;8;76.2;17.4;3.8;3.5;3.9;3;7.6;325;0;0;0.9
26672400;-2;0;39;113;-1.6;0.8;9.9;7.6;76.9;3.5;2.8;2.5;2.7;1.9;7;288.8888889;0;0;0.7
26673300;-2;0;0;0;-1.3;0.6;9.7;7.5;77.4;0;2.8;2.6;2.8;1.7;7;288.8888889;0;0;0.7
26674200;-2;0;0;0;-0.8;0.9;9.4;7.5;78.1;0;3.4;3;3.3;2.1;7;288.8888889;0;0;0.7
26675100;-1;1;30;94;-0.8;1.7;8.9;7.5;78.8;0;4.2;3.6;4.1;3.1;7;288.8888889;0;0;0.7
26676000;-1;0;34;96;-1.6;0.9;8.4;7.1;79.5;0;2.8;2.3;2.7;2.1;6.5;277.7777778;0;0;1.7
26676900;-2;2;0;0;-1.8;1.8;7.9;7;80.4;0;2.8;2.4;2.8;1.9;6.5;277.7777778;0;0;1.7
26677800;-2;1;0;0;-1.3;2.2;7.7;7;81;0;3.3;2.7;3.2;2.3;6.5;277.7777778;0;0;1.7
26678700;-1;1;32;101;-1;1.7;7.6;7.1;82;0;4;3.2;4;3.1;6.5;277.7777778;0;0;1.7
26679600;-2;0;39;111;-1.7;0.9;7.9;6.7;82.1;0;2.8;2.3;2.8;2;6.5;313.8888889;0;0;2.5
26680500;-2;0;0;0;-1.9;0.5;8.2;6.6;81.9;0;2.8;2.4;2.8;1.8;6.5;313.8888889;0;0;2.5
26681400;-2;0;0;0;-1.3;0.7;8.5;6.6;81.6;0;3.4;2.7;3.3;2.1;6.5;313.8888889;0;0;2.5
26682300;-1;1;26;85;-0.8;1.6;8.7;6.5;81.1;0;4.3;3.6;4.2;3.2;6.5;313.8888889;0;0;2.5
26683200;-1;0;43;122;-1.5;1.1;8.8;6.2;80.6;0;2.9;2.5;2.9;2.3;6.1;297.2222222;0;0;2.6
26684100;-2;0;11;31;-2;0.2;8.7;6.1;80.4;0;2.4;2.2;2.4;1.7;6.1;297.2222222;0;0;2.6
26685000;-2;1;0;0;-1.6;0.9;8.7;6.1;80.1;0;2.8;2.5;2.8;2;6.1;297.2222222;0;0;2.6
26685900;-2;2;6;23;-1.3;2.7;8.5;6;80.3;0;3.6;3.1;3.5;2.7;6.1;297.2222222;0;0;2.6
26686800;-1;1;43;128;-1.3;1.5;8.6;5.6;80.6;0;3.3;2.9;3.2;2.6;5.5;286.1111111;0;0;2.6
26687700;-2;0;13;39;-2.1;0.3;8.8;5.5;80.6;0;2.3;2.1;2.3;1.5;5.5;286.1111111;0;0;2.6
26688600;-2;0;0;0;-1.8;0.5;8.7;5.7;80.6;0;2.7;2.4;2.7;1.8;5.5;286.1111111;0;0;2.6
26689500;-2;0;3;11;-1.3;0.8;8.3;5.9;80.8;0;3.2;2.8;3.2;2.2;5.5;286.1111111;0;0;2.6
26690400;-2;0;42;122;-1.5;1.2;8;5.3;81.4;0;3;2.8;3.1;2.3;5;261.1111111;0;0;2.4
26691300;-2;0;0;0;-2.1;0.3;7.7;5.2;81.7;0;2.3;2.2;2.4;1.5;5;261.1111111;0;0;2.4
26692200;-2;0;0;0;-1.5;0.3;7.2;5.4;82.7;0;2.8;2.6;2.8;1.9;5;261.1111111;0;0;2.4
26693100;-1;1.5;0;0;-0.05;1.5;6.8;6.45;82.95;0;3.3;2.85;3.2;2.35;5;261.1111111;0;0;2.4
26694000;0;3;0;0;1.4;2.7;6.4;7.5;83.2;0;3.8;3.1;3.6;2.8;2.9;266.6666667;0;0;3.2
26694900;0;3;0;1;1.5;3.8;6.1;8;83.9;0;4.2;3.2;3.6;3.2;2.9;266.6666667;0;0;3.2
26695800;-1;0;36;90;-1.1;1.1;5.8;8;84.1;0;2.8;2.3;2.7;2.1;2.9;266.6666667;0;0;3.2
26696700;-2;0;0;0;-2;0.3;5.7;8;84.5;0;2.2;1.8;2.1;1.6;2.9;266.6666667;0;0;3.2
26697600;-2;0;0;0;-1.3;0.3;5.4;7.9;84.1;0;2.6;2;2.5;2;1.5;277.7777778;0;0;3.9
26698500;-2;0;0;0;-0.8;0.3;5.2;7.9;84.6;0;3.1;2.3;2.9;2.4;1.5;277.7777778;0;0;3.9
26699400;-2;0;26;73;-1.8;0.4;5.1;7.9;84.9;0;2.5;1.8;2.4;1.9;1.5;277.7777778;0;0;3.9
26700300;-2;0;0;0;-2.5;0.1;5;7.9;85.5;0;1.9;1.4;1.9;1.3;1.5;277.7777778;0;0;3.9
26701200;-2;0;0;0;-1.8;0.3;4.9;7.8;86;0;2.2;1.7;2.3;1.7;3.2;313.8888889;0;0;3.8
26702100;-2;1;0;0;-1.2;0.9;4.9;7.8;86.1;0;2.7;2;2.7;2.1;3.2;313.8888889;0;0;3.8
26703000;-2;1;21;60;-1.4;1.9;5.3;7.8;86.1;0;2.8;2.1;2.8;2.2;3.2;313.8888889;0;0;3.8
26703900;-3;0;5;17;-2.3;0;5.6;7.8;86.1;0;1.8;1.6;1.9;1.3;3.2;313.8888889;0;0;3.8
26704800;-2;0;0;0;-1.9;0.4;5.6;4;86.1;0;2.2;1.9;2.3;1.6;3.7;327.7777778;0;0;2.7
26705700;-2;0;0;0;-1.3;0.4;5.6;2.6;86.1;0;2.7;2.2;2.7;2.1;3.7;327.7777778;0;0;2.7
26706600;-2;0;20;60;-1.2;0.6;5.8;2.1;86.5;0;3;2.5;3;2.3;3.7;327.7777778;0;0;2.7
26707500;-2;0;9;23;-2.3;0.1;5.9;1.2;86.1;0;2.1;1.8;2.2;1.4;3.7;327.7777778;0;0;2.7
26708400;-2;0;0;0;-1.9;0.4;6.2;1.2;86;0;2.5;2.2;2.6;1.8;2.8;330.5555556;0;0;2.5
26709300;-2;0;7;24;-1.4;0.5;6.4;1.2;85.2;0;3.1;2.6;3.2;2.2;2.8;330.5555556;0;0;2.5
26710200;-2;0;32;91;-1.9;0.6;6.5;1.8;84.6;0;2.4;2.2;2.5;1.8;2.8;330.5555556;0;0;2.5
26711100;-2;1;0;0;-2.2;1.8;6.6;3;84.5;0;2.3;2.1;2.4;1.5;2.8;330.5555556;0;0;2.5
26712000;-2;0;0;0;-1.6;1.6;6.6;3.1;84.1;0;2.8;2.5;2.8;1.9;2.9;327.7777778;0;0;2.6
26712900;-2;0;33;96;-1.6;0.9;6.6;3.1;83.8;0;2.9;2.7;3.1;2.1;2.9;327.7777778;0;0;2.6
26713800;-2;0;13;35;-2.4;0;6.6;3.3;83.5;0;2;1.8;2;1.2;2.9;327.7777778;0;0;2.6
26714700;-2;0;0;0;-2;0.2;6.4;3.8;82.1;0;2.3;2.2;2.4;1.5;2.9;327.7777778;0;0;2.6
26715600;-2;0;0;0;-1.4;0.5;5.4;3.5;81.7;0;2.8;2.4;2.7;1.9;2.4;322.2222222;0;0;2.6
26716500;-2;0;21;60;-1.6;0.6;4.8;3.4;82.8;0;2.8;2.3;2.7;1.9;2.4;322.2222222;0;0;2.6
26717400;-2;0;8;21;-2.5;-0.2;4.5;3.1;84;0;1.5;1.3;1.5;1;2.4;322.2222222;0;0;2.6
26718300;-2;0;0;0;-2.1;0;5;2.4;84.5;0;1.9;1.6;2;1.3;2.4;322.2222222;0;0;2.6
26719200;-2;1;0;0;-1.6;1.1;5.4;2.4;84.6;0;2.4;2.1;2.5;1.7;2.2;319.4444444;11.11111111;11.11111111;2.5
26720100;-2;1;6;22;-1.2;2.4;5.7;2.4;84;0;2.9;2.5;2.9;2.2;2.2;319.4444444;11.11111111;11.11111111;2.5
26721000;-2;0;26;71;-2.2;0.4;5.6;2.6;83.3;0;2.1;1.9;2.2;1.5;2.2;319.4444444;11.11111111;11.11111111;2.5
26721900;-2;0;0;0;-2.2;0.8;5.7;3;82.3;0;2.1;1.9;2.2;1.4;2.2;319.4444444;11.11111111;11.11111111;2.5
26722800;-2;0;0;0;-1.6;0.7;5.7;3.3;81.1;10.8;2.6;2.2;2.6;1.8;2.7;325;36.11111111;36.11111111;3.1
26723700;-2;0;21;59;-1.4;0.9;6;3.4;80.7;14.7;3.1;2.7;3.1;2.3;2.7;325;36.11111111;36.11111111;3.1
26724600;-2;0;28;80;-2.3;0.2;6.3;3.2;79.8;14.7;2;1.9;2.1;1.4;2.7;325;36.11111111;36.11111111;3.1
26725500;-2;0;0;0;-2.3;0.1;6.6;2.7;79.6;14.7;2.3;2.2;2.4;1.4;2.7;325;36.11111111;36.11111111;3.1
26726400;-2;0;0;0;-1.7;0.2;6.8;3.3;79;58.6;2.9;2.6;2.9;1.8;2.8;325;86.11111111;86.11111111;3.5
26727300;-1;1;40;125;-1.2;1.4;7.1;3.5;78.7;74.6;3.6;3.5;3.7;2.9;2.8;325;86.11111111;86.11111111;3.5
26728200;-2;0;43;122;-1.9;0.7;7.3;3.3;77.9;74.6;2.5;2.4;2.6;1.8;2.8;325;86.11111111;86.11111111;3.5
26729100;-2;0;43;118;-2.3;0.2;7.5;2.8;77.7;74.6;2.1;1.9;2.1;1.2;2.8;325;86.11111111;86.11111111;3.5
26730000;-3;0;43;119;-2.6;0;8;3.6;77.1;138.4;2;1.8;2;1.1;3.2;325;138.8888889;138.8888889;3.9
26730900;-3;0;29;81;-2.6;-0.3;8.3;3.9;75.3;161.6;2.1;2;2.2;1.1;3.2;325;138.8888889;138.8888889;3.9
26731800;-2;0;0;0;-2.2;0.1;8.6;3.9;74.7;163.3;2.7;2.6;2.7;1.4;3.2;325;138.8888889;138.8888889;3.9
26732700;-1;1;24;81;-1;1.4;8.7;3.8;73.9;168;4.3;4.2;4.5;3.2;3.2;325;138.8888889;138.8888889;3.9
26733600;0;1;43;132;-0.5;2.3;8.9;4.8;73.8;205.1;4.2;4.1;4.2;3.3;3.8;327.7777778;175;175;3.4
26734500;0;1;43;131;-0.8;1.9;8.4;5.3;75;223.6;4;3.8;3.9;3;3.8;327.7777778;175;175;3.4
26735400;0;1;43;132;-1;1.7;8.7;4.9;75.3;222.2;4;3.9;4;3;3.8;327.7777778;175;175;3.4
26736300;0;1;43;133;-1;1.8;9;4.1;74.9;219.5;4.3;4.2;4.3;3.3;3.8;327.7777778;175;175;3.4
26737200;0;2;43;139;-0.3;2.5;8.7;5.1;76.2;279.4;5.1;5;5.1;4.1;4.4;319.4444444;205.5555556;205.5555556;2.6
26738100;0;3;43;144;0.6;3.7;8.8;5.5;76.2;301.2;6;6.3;6.2;5.3;4.4;319.4444444;205.5555556;205.5555556;2.6
26739000;1;4;43;149;1.6;4.6;8.8;5.2;76.2;301.2;7.2;7.2;7.2;6.2;4.4;319.4444444;205.5555556;205.5555556;2.6
26739900;1;5;43;151;2;5.2;8.7;4.3;77.1;301.2;7.6;7.7;7.7;6.5;4.4;319.4444444;205.5555556;205.5555556;2.6
26740800;1;4;43;149;2;5.2;8.8;5.1;76.6;271.8;7.5;7.5;7.6;6.3;6.1;263.8888889;144.4444444;338.8888889;2.6
26741700;1;4;43;150;2;5.2;8.7;5.4;77.4;261.1;7.7;7.5;7.7;6.4;6.1;263.8888889;144.4444444;338.8888889;2.6
26742600;1;5;43;149;2.3;5.2;8.5;5.1;78.3;261.1;7.8;7.7;7.8;6.5;6.1;263.8888889;144.4444444;338.8888889;2.6
26743500;2;5;43;149;2.5;5.2;8.4;4.6;78.4;261.1;7.8;7.8;7.9;6.6;6.1;263.8888889;144.4444444;338.8888889;2.6
26744400;1;5;39;166;2.3;5.5;8.3;5.1;79.2;222.9;7.9;7.8;7.9;6.6;6.9;252.7777778;61.11111111;277.7777778;3.6
26745300;2;5;37;117;2.6;5.4;8.6;5.3;78.7;209;7.8;7.8;7.9;6.5;6.9;252.7777778;61.11111111;277.7777778;3.6
26746200;1;4;43;149;2.4;5.5;8.7;5.1;78.1;209;7.4;7.4;7.5;6.3;6.9;252.7777778;61.11111111;277.7777778;3.6
26747100;1;4;43;147;1.9;5;8.9;4.8;77.7;209;7;6.9;7.1;5.8;6.9;252.7777778;61.11111111;277.7777778;3.6
26748000;0;4;43;144;1.6;4.6;8.9;5.1;77.6;203.7;6.5;6.4;6.6;5.4;5.5;250;47.22222222;147.2222222;3
26748900;0;3;43;139;1.1;4;8.7;5.2;78;201.8;5.9;5.8;6;4.9;5.5;250;47.22222222;147.2222222;3
26749800;0;2;43;134;0.6;3.4;8.5;5.5;78.6;201.8;5.2;5;5.3;4.3;5.5;250;47.22222222;147.2222222;3
26750700;0;1;42;128;-0.1;2.5;8.3;6.2;78.6;201.8;4.5;4;4.6;3.6;5.5;250;47.22222222;147.2222222;3
26751600;0;1;24;27;1.2;2.2;7.9;6.1;79.8;140.6;4.4;3.8;4.5;3.3;4.1;247.2222222;16.66666667;25;2.3
26752500;0;1;37;101;0.2;2.4;7.4;6.1;81;118.4;4.5;4.1;4.7;3.6;4.1;247.2222222;16.66666667;25;2.3
26753400;-1;0;43;124;-1.6;1;6.9;6.3;82.8;118.4;2.9;2.5;2.9;2.1;4.1;247.2222222;16.66666667;25;2.3
26754300;-2;1;18;52;-1.8;0.1;6.6;6.6;83.5;118.4;2.1;1.8;2.1;1.3;4.1;247.2222222;16.66666667;25;2.3
26755200;-2;2;0;0;-0.9;2.6;6.3;6.2;84.5;61.1;2.4;2.2;2.5;1.5;3.6;263.8888889;0;0;3.4
26756100;-2;0;1;1;-0.9;1.3;6;6;85.2;32.4;3;2.5;2.9;2;3.6;263.8888889;0;0;3.4
26757000;-2;0;43;124;-1.7;0.8;5.9;5.7;85.4;32.4;2.7;2.4;2.8;2.2;3.6;263.8888889;0;0;3.4
26757900;-2;0;2;5;-2.3;0;5.7;4.7;85.9;32.4;2;1.8;2.1;1.4;3.6;263.8888889;0;0;3.4
26758800;-2;0;0;0;-1.9;0.3;5.8;4.4;86.1;10.8;2.5;2.2;2.5;1.8;3.5;319.4444444;0;0;3.7
26759700;-2;0;10;32;-1.4;0.5;6.1;4.3;85.8;0;3.1;2.8;3.2;2.4;3.5;319.4444444;0;0;3.7
26760600;-2;0;43;123;-1.8;0.7;6.3;3.7;84.9;0;2.5;2.2;2.6;2;3.5;319.4444444;0;0;3.7
26761500;-2;0;2;7;-2.3;0;6.5;3.4;84.4;0;2.1;2;2.3;1.4;3.5;319.4444444;0;0;3.7
26762400;-2;0;0;0;-1.9;0.3;6.4;3.2;84;0;2.6;2.4;2.8;1.7;3.2;327.7777778;0;0;3.2
26763300;-2;1;23;77;-1.4;1;6.4;3.1;83.7;0;3.3;3;3.4;2.5;3.2;327.7777778;0;0;3.2
26764200;-2;0;38;105;-2.1;0.4;6.6;3;83.5;0;2.2;2;2.3;1.6;3.2;327.7777778;0;0;3.2
26765100;-2;0;0;0;-2.4;0.1;6.6;2.9;83.1;0;2.2;2;2.2;1.3;3.2;327.7777778;0;0;3.2
26766000;-2;0;0;0;-1.8;0.3;6.6;3;83.1;0;2.6;2.4;2.6;1.7;2.7;325;0;0;3.2
26766900;-2;0;24;73;-1.4;0.8;6.6;3;82.5;0;3.2;2.9;3.2;2.3;2.7;325;0;0;3.2
26767800;-2;0;20;56;-2.3;0.4;5.9;3.1;83.3;0;2.1;1.9;2.2;1.4;2.7;325;0;0;3.2
26768700;-2;0;0;0;-2.2;0.3;5.5;3.3;84.8;0;2.4;2.2;2.5;1.6;2.7;325;0;0;3.2
26769600;-2;0;4;13;-1.6;0.3;5.5;3;85.2;0;2.9;2.6;2.9;2;2.4;313.8888889;0;0;2.4
26770500;-2;0;27;83;-2;0.5;5.6;2.9;84.8;0;2.3;2.1;2.4;1.7;2.4;313.8888889;0;0;2.4
26771400;-2;1;0;0;-2.3;0.5;5.5;2.8;83.9;0;2.3;2;2.4;1.6;2.4;313.8888889;0;0;2.4
26772300;-2;1;0;0;-1.6;2.3;5.2;2.6;83.9;0;2.7;2.3;2.7;1.9;2.4;313.8888889;0;0;2.4
26773200;-2;0;20;58;-1.7;1;4.8;2.4;84.1;0;2.6;2.1;2.6;1.9;1.9;283.3333333;0;0;2.4
26774100;-3;0;5;15;-2.5;-0.3;4.2;2.3;84.6;0;1.5;1.2;1.5;0.9;1.9;283.3333333;0;0;2.4
26775000;-2;0;0;0;-2.2;0.3;3.9;2.3;84.7;0;1.9;1.4;1.9;1.3;1.9;283.3333333;0;0;2.4
26775900;-2;0;0;0;-1.7;0.4;3.8;2.2;85;0;2.4;1.7;2.2;1.7;1.9;283.3333333;0;0;2.4
26776800;-2;0;0;0;-1.2;0.4;3.7;2.3;84.6;0;2.8;2.1;2.6;2.1;1.7;286.1111111;0;0;1.5
26777700;-2;0;26;66;-2;0;3.3;2.3;85.1;0;1.9;1.5;2;1.3;1.7;286.1111111;0;0;1.5
26778600;-3;0;1;1;-3;-0.6;3.2;2.4;85.2;0;0.8;0.5;0.8;0.4;1.7;286.1111111;0;0;1.5
26779500;-2.5;0.5;0.5;0.5;-2.45;0.55;3.2;4.3;85.6;0;1.3;0.8;1.25;0.8;1.7;286.1111111;0;0;1.5
26780400;-2;1;0;0;-1.9;1.7;3.2;6.2;86;0;1.8;1.1;1.7;1.2;1.3;291.6666667;0;0;3.8
26781300;-2;1;1;5;-1.3;1.7;3.4;8;86.2;0;1.8;1.2;1.9;1.2;1.3;291.6666667;0;0;3.8
26782200;-1;0;0;0;-0.6;0.5;3.3;8;86.2;0;2.2;1.4;2.1;1.5;1.3;291.6666667;0;0;3.8
26783100;0;0;0;0;-0.3;0.5;3.2;8;86.5;0;2.9;1.5;2.5;2.4;1.3;291.6666667;0;0;3.8
26784000;-1;0;21;55;-0.8;0.3;3;7.9;86.2;0;2.4;1.3;2.4;2.1;1.2;283.3333333;0;0;2.3
26784900;-3;0;6;16;-3.1;-0.5;2.8;7.9;86.4;0;1;0.6;1;0.7;1.2;283.3333333;0;0;2.3
26785800;-2;0;0;0;-2.4;0;2.7;7.9;86.1;0;1.3;0.8;1.4;1;1.2;283.3333333;0;0;2.3
26786700;-2;0;0;0;-1.8;0;2.7;7.9;86.1;0;1.8;1;1.7;1.5;1.2;283.3333333;0;0;2.3
26787600;-2;0;0;0;-1.3;0.5;2.9;7.8;86.1;0;2.3;1.4;2.1;2;1.1;283.3333333;0;0;4.1
26788500;-1;1;0;0;-0.6;0.9;3.4;7.8;86;0;2.8;1.8;2.5;2.5;1.1;283.3333333;0;0;4.1
26789400;-2;0;28;77;-1.6;0.7;3.8;7.8;85.2;0;1.9;1.3;1.9;1.6;1.1;283.3333333;0;0;4.1
26790300;-3;0;0;0;-2.9;-0.3;4;7.8;84;0;1.2;0.8;1.2;0.8;1.1;283.3333333;0;0;4.1
26791200;-2;0;0;0;-2.2;0;4.1;4.1;83.6;0;1.7;1.2;1.7;1.2;1.3;272.2222222;0;0;3.6
26792100;-2;0;0;0;-1.6;0;4.3;1.7;83.6;0;2.2;1.5;2;1.7;1.3;272.2222222;0;0;3.6
26793000;-2;0;0;0;-1;0;4.1;1.5;83.6;0;2.6;1.8;2.4;2.2;1.3;272.2222222;0;0;3.6
26793900;0;0;4;13;-0.4;0.1;3.8;1.3;83.6;0;2.8;2.1;2.6;2.4;1.3;272.2222222;0;0;3.6
26794800;-3;0;23;62;-2.4;-0.2;3.6;1.8;84.1;0;1.3;1;1.4;0.9;1.1;252.7777778;0;0;1.6
26795700;-3;0;0;0;-2.6;0;3.3;1.8;84.1;0;1.4;1;1.3;0.9;1.1;252.7777778;0;0;1.6
26796600;-2;0;0;0;-2;0;3.2;1.5;84.5;0;1.8;1.2;1.7;1.3;1.1;252.7777778;0;0;1.6
26797500;-2;1;0;0;-1.5;1.6;3;1.2;84.6;0;2.3;1.5;2.1;1.8;1.1;252.7777778;0;0;1.6
26798400;-1;0;0;0;-1;1.4;3;1.5;85.2;0;2.8;1.9;2.5;2.3;1.7;250;0;0;1.2
26799300;-2;0;27;72;-1.6;0.1;3.2;1.5;85.6;0;2;1.4;1.9;1.5;1.7;250;0;0;1.2
26800200;-3;0;1;5;-3;-0.5;3;1.4;85.1;0;0.7;0.4;0.8;0.5;1.7;250;0;0;1.2
26801100;-2;0;0;0;-2.5;0.1;2.9;1.3;85.1;0;1.3;0.6;1.2;0.9;1.7;250;0;0;1.2
26802000;-2;0;0;0;-1.9;0.1;3.1;1.5;85.4;0;1.8;0.9;1.5;1.3;1.3;252.7777778;0;0;3.6
26802900;-2;0;0;0;-1.5;0.1;3.1;1.5;84.9;0;2.2;1.3;1.9;1.8;1.3;252.7777778;0;0;3.6
26803800;-1;0;0;0;-0.7;0.1;3;1.3;85;0;2.5;1.7;2.4;2.3;1.3;252.7777778;0;0;3.6
26804700;-1;0;20;56;-1;0.1;2.8;1;85.2;0;2.3;1.6;2.1;2;1.3;252.7777778;0;0;3.6
26805600;-3;1;8;20;-2.8;0;3.1;1.2;85.7;0;1;0.7;1;0.7;1.8;252.7777778;22.22222222;27.77777778;3.8
26806500;-2;1;0;0;-2.5;2.1;3.9;1.3;85.8;0;1.5;1;1.4;1;1.8;252.7777778;22.22222222;27.77777778;3.8
26807400;-2;0;0;0;-1.9;1.4;4.1;1.6;84.4;0;2;1.4;1.9;1.4;1.8;252.7777778;22.22222222;27.77777778;3.8
26808300;-2;0;0;0;-1.4;1.1;4.4;1.7;83.7;0;2.5;1.8;2.2;1.9;1.8;252.7777778;22.22222222;27.77777778;3.8
26809200;-1;0;7;22;-0.8;0.4;5;1.8;82.4;6.9;3.2;2;2.8;2.4;4.1;280.5555556;102.7777778;150;2
26810100;-2;0;43;119;-1.9;0.6;5.3;1.9;81;10.4;2.5;2;2.5;1.9;4.1;280.5555556;102.7777778;150;2
26811000;-3;0;19;54;-2.5;-0.1;5.8;1.7;80.7;10.4;2.1;1.8;2.1;1.3;4.1;280.5555556;102.7777778;150;2
26811900;-2;0;0;0;-2.3;0.2;7.1;1.3;78.3;10.4;2.8;2.6;2.8;1.5;4.1;280.5555556;102.7777778;150;2
26812800;-1;1;30;100;-0.9;1.6;7.8;1.8;75.1;49;4.4;4;4.6;3.2;4.5;316.6666667;86.11111111;86.11111111;1.6
26813700;0;1;43;126;-0.9;1.7;8;2;74.6;68.3;3.6;3.3;3.6;2.7;4.5;316.6666667;86.11111111;86.11111111;1.6
26814600;-2;0;43;123;-1.5;1;8.2;2.1;73.5;68.3;3;2.8;3;2.2;4.5;316.6666667;86.11111111;86.11111111;1.6
26815500;-2;0;43;120;-1.9;0.5;7.9;2.2;72.5;68.3;2.6;2.4;2.5;1.7;4.5;316.6666667;86.11111111;86.11111111;1.6
26816400;-2;0;43;121;-2;0.4;7.9;3;73.3;70.9;2.6;2.4;2.5;1.7;6.2;333.3333333;197.2222222;247.2222222;2.5
26817300;-2;0;43;127;-1.8;0.8;9;3.4;69.7;72.2;3.4;3.2;3.4;2.3;6.2;333.3333333;197.2222222;247.2222222;2.5
26818200;-2;1;43;130;-1;1.4;10.1;3.7;65;71.2;4;3.9;4;2.9;6.2;333.3333333;197.2222222;247.2222222;2.5
26819100;-2;1;43;130;-1;1.5;11;5.1;62.9;67.3;4;3.9;4.1;3.1;6.2;333.3333333;197.2222222;247.2222222;2.5
26820000;-2;1;43;131;-1;1.9;11.3;5.9;60;76.4;4.2;4;4.1;3.2;8.9;336.1111111;202.7777778;211.1111111;2.6
26820900;-2;1;43;132;-1;1.9;11.4;6.3;58.8;81;4.3;4.1;4.3;3.3;8.9;336.1111111;202.7777778;211.1111111;2.6
26821800;0;2;43;136;-0.5;2.3;12.1;6.2;58.4;81.8;4.9;4.8;4.9;3.9;8.9;336.1111111;202.7777778;211.1111111;2.6
26822700;0;3;38;126;1;3.5;12.8;5.8;56;83.9;5.9;5.8;5.9;4.8;8.9;336.1111111;202.7777778;211.1111111;2.6
26823600;1;3;43;91;1.9;3.9;13.2;6.5;56.9;98.4;6.1;6;6.2;5.1;9.5;330.5555556;191.6666667;233.3333333;2.9
26824500;1;4;43;100;2.2;4.2;13.6;6.8;56.2;105.6;6.8;6.6;6.8;5.8;9.5;330.5555556;191.6666667;233.3333333;2.9
26825400;2;4;43;116;2.5;4.9;13.5;6.9;54.6;105.6;7.4;7.3;7.4;6.4;9.5;330.5555556;191.6666667;233.3333333;2.9
26826300;2;4;43;121;2.7;5.2;13.3;7.1;55.8;105.6;7.7;7.5;7.8;6.7;9.5;330.5555556;191.6666667;233.3333333;2.9
26827200;2;6;43;150;3.1;6.2;13.4;7.6;56.9;104.2;8.9;8.7;8.9;7.8;10.8;344.4444444;211.1111111;275;2.1
26828100;3;7;43;189;3.8;7.6;14.3;7.9;55.1;103.5;10.3;10.2;10.3;9.1;10.8;344.4444444;211.1111111;275;2.1
26829000;3;7;43;189;4;8.4;14.6;9;55.1;103.5;10.5;10.3;10.4;9.2;10.8;344.4444444;211.1111111;275;2.1
26829900;3;7;43;192;4;8.4;14.8;9.6;55.9;103.5;10.6;10.6;10.6;9.4;10.8;344.4444444;211.1111111;275;2.1
26830800;3;7;43;180;4.5;8.3;14.7;9.8;57.7;97.6;10.3;10.2;10.2;9.1;8.7;350;66.66666667;66.66666667;1.7
26831700;3;6;43;149;4.3;7.3;13.7;9.9;63.5;94.6;9.2;9.1;9.2;8.2;8.7;350;66.66666667;66.66666667;1.7
26832600;3;5;43;128;4;6.5;13.4;9.9;65.9;94.6;8.4;8.3;8.5;7.5;8.7;350;66.66666667;66.66666667;1.7
26833500;3;5;43;127;3.5;6.4;13.4;9.9;63.6;94.6;8.3;8.2;8.4;7.4;8.7;350;66.66666667;66.66666667;1.7
26834400;2;5;43;118;3.5;6;13;9.9;64.9;84.7;8;7.9;8.1;7.1;8.9;347.2222222;25;25;2.6
26835300;2;5;43;108;3.5;5.7;12.3;9.9;67.8;79.7;7.5;7.4;7.7;6.7;8.9;347.2222222;25;25;2.6
26836200;2;4;43;99;3.5;5.4;11.9;10.6;70.7;79.7;7.2;7.1;7.4;6.4;8.9;347.2222222;25;25;2.6
26837100;2;4;43;98;3.4;5.3;11.8;11;72.3;79.7;7.2;7;7.3;6.3;8.9;347.2222222;25;25;2.6
26838000;2;4;43;95;3;4.9;11.9;10.7;73;48;7.1;6.9;7.3;6.2;9;350;5.555555556;5.555555556;2
26838900;2;4;43;93;3;4.9;12;10.7;72.8;45.7;6.9;6.8;7.1;6.1;9;350;5.555555556;5.555555556;2
26839800;2;4;43;84;3;4.9;11.8;9.8;72.6;45.7;6.7;6.6;6.8;5.9;9;350;5.555555556;5.555555556;2
26840700;2;4;43;81;3;4.5;11.6;8.7;73.3;45.7;6.6;6.4;6.7;5.7;9;350;5.555555556;5.555555556;2
26841600;2;3;43;78;3;4.4;11.3;8.5;73.8;18.4;6.4;6.3;6.6;5.7;7.5;350;0;0;2.6
26842500;2;3;43;76;3;4.4;10.9;8.5;76.4;11.6;6.3;6.2;6.5;5.6;7.5;350;0;0;2.6
26843400;2;3;43;73;3;4.4;10.7;8.6;78.5;11.6;6.2;6.1;6.4;5.4;7.5;350;0;0;2.6
26844300;2;3;43;70;3;4.1;10.3;8.7;80.7;11.6;6.1;6;6.3;5.3;7.5;350;0;0;2.6
26845200;2;3;43;70;3;3.9;10.1;8.7;82.5;2.3;6.1;6;6.3;5.3;7.5;344.4444444;0;0;3.1
26846100;2;3;43;69;2.8;3.9;10;8.7;84;0;6.1;5.8;6.2;5.3;7.5;344.4444444;0;0;3.1
26847000;2;3;43;70;2.5;3.9;10.1;8.8;84.3;0;6.1;5.9;6.3;5.3;7.5;344.4444444;0;0;3.1
26847900;2;3;43;70;2.5;3.9;10.1;9;84.4;0;6.1;5.9;6.3;5.3;7.5;344.4444444;0;0;3.1
26848800;2;3;43;75;2.5;3.9;10.2;8.7;83.9;0;6.3;6.1;6.5;5.4;7.4;313.8888889;0;0;3.1
26849700;2;3;43;78;2.5;3.9;10.2;8.6;84;0;6.4;6.3;6.6;5.6;7.4;313.8888889;0;0;3.1
26850600;2;3;43;77;2.5;3.9;10;8;85.5;0;6.4;6.3;6.6;5.6;7.4;313.8888889;0;0;3.1
26851500;2;3;43;74;2.5;3.9;9.7;7.2;84.5;0;6.3;6.1;6.5;5.5;7.4;313.8888889;0;0;3.1
26852400;2;3;43;71;2.5;3.9;9.6;7;84;0;6.2;6;6.4;5.4;7.3;330.5555556;0;0;1.4
26853300;2;3;43;66;2.5;3.9;9.8;7;84;0;6;5.8;6.2;5.3;7.3;330.5555556;0;0;1.4
26854200;2;3;43;64;2.5;3.9;9.9;7;83;0;5.9;5.8;6.1;5.1;7.3;330.5555556;0;0;1.4
26855100;1;3;43;59;2.5;3.9;9.9;7.1;82.6;0;5.8;5.5;5.9;4.9;7.3;330.5555556;0;0;1.4
26856000;1;3;43;56;2.5;3.7;9.9;6.8;82.6;0;5.6;5.4;5.8;4.8;7.1;311.1111111;0;0;1
26856900;1;3;43;57;2.5;3.4;9.8;6.7;82.3;0;5.7;5.4;5.8;4.8;7.1;311.1111111;0;0;1
26857800;1;3;43;56;2.5;3.4;9.7;6.8;82.3;0;5.7;5.3;5.8;4.8;7.1;311.1111111;0;0;1
26858700;1;3;43;54;2.5;3.4;9.7;6.9;82.4;0;5.6;5.3;5.7;4.8;7.1;311.1111111;0;0;1
26859600;1;2;9;14;2.5;3.4;9.5;6.5;82.6;0;5.8;5.5;6;4.8;6.8;313.8888889;0;0;0.7
26860500;1;3;12;38;2.3;3.7;9.4;6.4;82.1;0;6.6;6.1;6.7;5.3;6.8;313.8888889;0;0;0.7
26861400;2;3;17;39;2.7;4.1;9.4;6.5;81.4;0;6.1;5.8;6.2;5.2;6.8;313.8888889;0;0;0.7
26862300;2;3;6;14;2.8;3.9;9.6;6.7;80.6;0;6.6;6.3;6.8;5.5;6.8;313.8888889;0;0;0.7
26863200;2;3;23;66;2.5;4.3;9.5;6.7;79.8;0;6.3;6.1;6.4;5.5;6.7;316.6666667;0;0;1.1
26864100;2;3;0;0;2.9;3.9;9.6;6.7;79;0;6.6;6.3;6.7;5.4;6.7;316.6666667;0;0;1.1
26865000;2;3;28;80;2.3;4.3;9.5;6.9;79.1;0;6.3;6;6.5;5.6;6.7;316.6666667;0;0;1.1
26865900;2;3;27.5;76;2.35;4.2;9.45;7.35;79.15;0;6.3;5.95;6.45;5.55;6.7;316.6666667;0;0;1.1
26866800;2;3;27;72;2.4;4.1;9.4;7.8;79.2;0;6.3;5.9;6.4;5.5;7.1;322.2222222;0;0;1.2
26867700;2;4;0;0;2.9;4.1;9.4;8;79.6;0;6.1;5.7;6.2;5.1;7.1;322.2222222;0;0;1.2
26868600;1;4;26;71;2.2;4.3;9.4;8;79.3;0;6.2;5.9;6.3;5.5;7.1;322.2222222;0;0;1.2
26869500;2;3;0;0;2.7;3.9;9.3;8;79.2;0;6.1;5.8;6.2;5.1;7.1;322.2222222;0;0;1.2
26870400;1;3;27;70;2.4;4.2;9.3;7.9;79.6;0;6.5;6.2;6.6;5.6;6.4;272.2222222;0;0;1
26871300;2;3;1;1;2.8;3.9;9.2;7.9;79.6;0;6.1;5.9;6.3;5.1;6.4;272.2222222;0;0;1
26872200;2;3;20;62;2.3;4.1;8.7;7.9;80.2;0;6.5;6.3;6.7;5.6;6.4;272.2222222;0;0;1
26873100;2;3;6;7;2.8;3.9;8.1;7.9;81.4;0;5.7;5.5;5.8;4.9;6.4;272.2222222;0;0;1
26874000;2;3;17;44;2.4;3.9;7.7;7.8;82.4;0;6;5.6;6.1;5.2;5.5;255.5555556;0;0;1.1
26874900;2;3;6;12;2.3;3.6;7.2;7.8;83.1;0;5.4;5;5.4;4.6;5.5;255.5555556;0;0;1.1
26875800;2;4;15;40;2.3;5.1;7.1;7.8;84.3;0;5.7;5.1;5.6;4.9;5.5;255.5555556;0;0;1.1
26876700;1;2;6;13;2.3;3.3;7;7.8;84.3;0;5.1;4.5;5;4.4;5.5;255.5555556;0;0;1.1
26877600;1;2;15;28;2.1;3.3;6.8;6.5;83.8;0;5.2;4.5;5.1;4.5;5.2;255.5555556;0;0;1
26878500;1;2;6;6;1.8;2.8;6.4;6.5;83.8;0;4.7;4;4.5;4;5.2;255.5555556;0;0;1
26879400;1;2;15;25;2;2.8;6.1;6.4;84.6;0;4.9;4.1;4.7;4.1;5.2;255.5555556;0;0;1
26880300;1;1;6;5;1.8;2.3;5.9;6.2;84.6;0;4.5;3.8;4.3;3.9;5.2;255.5555556;0;0;1
26881200;1;2;15;21;1.6;2.3;5.6;5.9;84.6;0;4.6;3.8;4.4;4;4.8;258.3333333;0;0;2.1
26882100;1;1;6;4;1.5;2.3;5.4;5.9;84.6;0;4.4;3.5;4.1;3.7;4.8;258.3333333;0;0;2.1
26883000;1;1;15;18;1.6;2.3;5.4;5.6;85;0;4.6;3.5;4.2;3.8;4.8;258.3333333;0;0;2.1
26883900;1;2;7;3;1.4;2.1;5.2;5.3;84.7;0;4.1;3.3;4;3.5;4.8;258.3333333;0;0;2.1
26884800;1;3;0;0;1.8;3.5;5;5.2;84.6;0;4.6;3.2;4;3.8;3.7;255.5555556;0;0;1.2
26885700;1;1;22;24;1.4;2.4;4.8;5.2;84.6;0;4.3;3.3;4;3.6;3.7;255.5555556;0;0;1.2
26886600;1;1;0;0;1.5;1.8;4.8;5.1;85;0;4.2;3.2;3.9;3.6;3.7;255.5555556;0;0;1.2
26887500;1;1;0;0;1.8;2.2;4.7;5;85.1;0;4.3;3.1;3.7;4;3.7;255.5555556;0;0;1.2
26888400;1;2;0;0;2.3;2.5;4.6;4.9;85.1;0;4.6;2.9;3.6;4.3;3.6;258.3333333;0;0;1.3
26889300;1;1;22;15;1.8;2.4;4.4;4.9;84.8;0;4.3;2.8;3.5;3.9;3.6;258.3333333;0;0;1.3
26890200;0;1;0;0;1.3;1.3;4.3;4.8;84.7;0;3.8;2.8;3.4;3.2;3.6;258.3333333;0;0;1.3
26891100;1;1;0;0;1.7;1.7;4.2;4.6;85.1;0;3.9;2.7;3.4;3.6;3.6;258.3333333;0;0;1.3
26892000;1;2;0;0;1.9;2.5;4.1;4.5;85.1;0;4.3;2.6;3.4;3.9;2.8;252.7777778;16.66666667;19.44444444;1.7
26892900;1;2;29;65;0.7;3;4.1;4.5;85.1;0;3.8;2.7;3.4;3.5;2.8;252.7777778;16.66666667;19.44444444;1.7
26893800;-2;0;14;36;-1;0.6;4.1;4;85.1;0;2.2;1.7;2.1;1.9;2.8;252.7777778;16.66666667;19.44444444;1.7
26894700;0;0;0;0;-0.3;1.2;4.3;3.6;85.5;0;2.6;1.8;2.4;2;2.8;252.7777778;16.66666667;19.44444444;1.7
26895600;0;0;0;0;-0.3;0.8;4.7;3.8;85.6;9.3;3.2;2.1;2.8;2.4;4.2;252.7777778;50;100;1.4
26896500;-2;0;36;107;-1.3;1;5.1;3.8;85.6;9.3;3.1;2.1;3;2.6;4.2;252.7777778;50;100;1.4
26897400;-2;0;10;27;-2.3;0.3;5.7;3.7;85.2;9.3;2.4;1.8;2.3;1.6;4.2;252.7777778;50;100;1.4
26898300;-2;0;0;0;-1.8;0.3;6.4;3.6;84.6;9.3;3;2.6;2.9;1.9;4.2;252.7777778;50;100;1.4
26899200;-1;1;32;108;-0.7;1.9;6.9;4.1;83.5;68.6;4.7;4;4.7;3.6;5.6;255.5555556;72.22222222;227.7777778;0.8
26900100;0;1;43;131;-0.4;2.2;7.3;4.1;82.6;72.8;4.2;3.9;4.3;3.2;5.6;255.5555556;72.22222222;227.7777778;0.8
26901000;0;1;43;130;-0.4;1.9;7.8;3.6;82.6;72.8;4.2;4;4.2;2.9;5.6;255.5555556;72.22222222;227.7777778;0.8
26901900;0;1;43;131;-0.4;1.9;8.5;3.1;81.1;72.8;4.6;4.4;4.6;3.1;5.6;255.5555556;72.22222222;227.7777778;0.8
26902800;0;1;43;130;-0.4;2.4;8.6;3.9;79.4;125.1;4.4;4.3;4.5;3.2;7;291.6666667;163.8888889;297.2222222;1.7
26903700;0;2;43;136;-0.2;2.6;8.9;4;78.9;133.2;5.1;4.9;5.1;3.9;7;291.6666667;163.8888889;297.2222222;1.7
26904600;0;3;43;142;0.6;3.5;9.3;4.4;77.2;137.2;6.2;6;6.2;4.9;7;291.6666667;163.8888889;297.2222222;1.7
26905500;1;4;43;147;1.7;4.7;10.4;4.9;72.9;143.1;7.5;7.3;7.5;6.1;7;291.6666667;163.8888889;297.2222222;1.7
26906400;2;5;43;146;2.6;5.6;10.9;5.5;71.1;180;7.7;7.7;7.8;6.4;6.9;325;172.2222222;186.1111111;1.2
26907300;2;4;37;121;2.4;5.1;11.1;5.7;69.8;193.4;7;7;7.2;5.9;6.9;325;172.2222222;186.1111111;1.2
26908200;1;4;38;108;2.4;4.7;10.8;6;69.5;196.4;6.9;6.8;7;5.9;6.9;325;172.2222222;186.1111111;1.2
26909100;1;4;43;145;1.5;4.5;10.6;6.5;69.1;202.5;6.7;6.5;6.7;5.7;6.9;325;172.2222222;186.1111111;1.2
26910000;1;4;43;147;1.7;4.6;10.8;7;69.4;259.6;7;6.9;7.2;5.8;7.9;266.6666667;122.2222222;311.1111111;0.8
26910900;1;4;43;142;1.9;4.8;10.8;7.1;67.7;273.9;6.8;6.7;6.8;5.7;7.9;266.6666667;122.2222222;311.1111111;0.8
26911800;0;3;43;139;1.5;4.3;10.1;7.3;68.9;273.9;6.3;6.2;6.4;5.3;7.9;266.6666667;122.2222222;311.1111111;0.8
26912700;1;4;38;120;2;4.3;10.4;7.7;69.3;273.9;6.9;6.7;6.9;5.8;7.9;266.6666667;122.2222222;311.1111111;0.8
26913600;2;5;36;124;2.8;5.9;11.8;7.9;66.2;271.3;8.4;8.3;8.4;7.2;9.2;305.5555556;144.4444444;322.2222222;1.3
26914500;2;5;43;153;2.8;6;11.6;8;65.3;270.3;8.2;7.8;7.9;6.9;9.2;305.5555556;144.4444444;322.2222222;1.3
26915400;2;5;43;154;2.5;5.9;11.1;7.9;64.8;270.3;8.4;8;8.1;7;9.2;305.5555556;144.4444444;322.2222222;1.3
26916300;2;6;38;133;3.4;6.2;11.4;7.3;63.4;270.3;8.9;8.7;8.8;7.4;9.2;305.5555556;144.4444444;322.2222222;1.3
26917200;2;6;43;190;3.1;7;12.2;7.6;60.9;183;9.3;9.2;9.3;8;8.1;319.4444444;83.33333333;83.33333333;1.2
26918100;3;7;35;140;4.1;7.5;12.7;7.6;58.3;183;10.1;10.1;10.1;8.7;8.1;319.4444444;83.33333333;83.33333333;1.2
26919000;3;6;43;160;4;7.4;12.3;7.9;61.3;183;9.3;9.3;9.3;8.1;8.1;319.4444444;83.33333333;83.33333333;1.2
26919900;2;5;43;144;2.7;5.7;11.7;8.2;65.7;183;7.5;7.3;7.5;6.5;8.1;319.4444444;83.33333333;83.33333333;1.2
26920800;2;4;38;96;2.5;4.7;11.2;8.1;63.9;161.6;6.5;6.4;6.6;5.6;8.2;283.3333333;63.88888889;97.22222222;0.8
26921700;1;3;40;91;2.3;4.4;10.8;8.1;65.6;161.6;6.4;6.2;6.5;5.4;8.2;283.3333333;63.88888889;97.22222222;0.8
26922600;0;2;43;139;0.8;3.6;10.5;8.7;67.4;161.6;5.5;5.3;5.6;4.7;8.2;283.3333333;63.88888889;97.22222222;0.8
26923500;0;2;43;136;0.2;3.1;10.4;9.2;67.4;161.6;5;4.5;5.1;4.1;8.2;283.3333333;63.88888889;97.22222222;0.8
26924400;0;1;43;131;-0.2;2.5;10.4;8.8;64.6;100.6;4.5;3.9;4.5;3.5;8.1;316.6666667;22.22222222;30.55555556;1.2
26925300;0;1;36;60;0.5;1.9;10.3;8.8;64.3;96.2;4;3.6;4.1;3;8.1;316.6666667;22.22222222;30.55555556;1.2
26926200;0;1;12;28;1.3;2.1;9.9;8.4;66.7;96.2;4.7;4.5;4.8;3.4;8.1;316.6666667;22.22222222;30.55555556;1.2
26927100;0;1;43;127;-0.7;1.9;9.4;7.9;69.8;96.2;3.6;3.4;3.7;3;8.1;316.6666667;22.22222222;30.55555556;1.2
26928000;-2;0;43;94;-1.6;0.5;8.8;7.5;71.8;44.6;2.5;2.2;2.4;1.7;7.3;283.3333333;0;0;1
26928900;-2;0;5;16;-1.3;0.2;8.1;7.4;73.8;31.7;2.4;2.1;2.2;1.5;7.3;283.3333333;0;0;1
26929800;-2;0;0;0;-0.6;0.4;7.6;7.5;75.2;31.7;2.8;2.4;2.7;1.8;7.3;283.3333333;0;0;1
26930700;-1;0;10;27;-0.8;0.8;7;7.7;76.6;31.7;3.5;2.9;3.2;2.5;7.3;283.3333333;0;0;1
26931600;-2;0;31;88;-1.8;0.6;6.7;7;77.6;4.2;2.4;2.1;2.4;1.9;6.6;258.3333333;0;0;0.8
26932500;-2;0;0;0;-2.1;0.3;6.5;6.9;78.4;0;2.2;2;2.3;1.6;6.6;258.3333333;0;0;0.8
26933400;-2;0;0;0;-1.5;0.4;6.3;7.1;78.9;0;2.7;2.2;2.7;2;6.6;258.3333333;0;0;0.8
26934300;-2;0;14;41;-1.2;0.7;6.2;7.4;79.5;0;3.4;2.7;3.2;2.5;6.6;258.3333333;0;0;0.8
26935200;-2;0;25;67;-2.1;0.4;6.1;6.9;80;0;2.3;1.8;2.3;1.7;5.6;258.3333333;0;0;1.3
26936100;-2;1;0;0;-2.1;1.6;6;6.8;80.5;0;2.5;1.9;2.5;1.7;5.6;258.3333333;0;0;1.3
26937000;-2;1;0;0;-1.4;2;6.1;6.8;80.8;0;3;2.2;2.8;2.1;5.6;258.3333333;0;0;1.3
26937900;-2;0;30;90;-1.5;0.9;6;6.9;81;0;3.2;2.3;3;2.5;5.6;258.3333333;0;0;1.3
26938800;-2;0;5;14;-2.4;0.2;5.7;6.5;81.1;0;2.3;1.7;2.1;1.7;3.9;255.5555556;0;0;1.7
26939700;-2;0;0;0;-1.7;0.5;5.5;6.3;81.5;0;2.7;2.1;2.6;2;3.9;255.5555556;0;0;1.7
26940600;-2;0;1;2;-1.2;0.5;5.4;6.2;82.3;0;3.1;2.4;2.9;2.4;3.9;255.5555556;0;0;1.7
26941500;-2;0;27;72;-2;0.5;5.4;6.1;81.9;0;2.5;2;2.5;1.9;3.9;255.5555556;0;0;1.7
26942400;-2;0;0;0;-2.2;0.4;5.1;5.7;81.9;0;2.3;1.7;2.2;1.7;3.4;261.1111111;0;0;1.6
26943300;-2;0;0;0;-1.5;0.5;4.9;5.6;81.9;0;2.8;2;2.6;2.1;3.4;261.1111111;0;0;1.6
26944200;-2;0;18;52;-1.4;0.6;4.7;5.3;82.6;0;3;2.2;2.8;2.4;3.4;261.1111111;0;0;1.6
26945100;-3;0;10;28;-2.4;0.3;4.8;5.1;83.1;0;2;1.5;1.9;1.5;3.4;261.1111111;0;0;1.6
26946000;-2;0;0;0;-1.9;0.7;4.8;4.7;82.9;0;2.3;1.7;2.2;1.8;2.6;-2775;0;0;1.5
26946900;-2;0;0;0;-1.3;0.5;4.8;4.5;82.4;0;2.8;2;2.5;2.2;2.6;-2775;0;0;1.5
26947800;-2;0;17;50;-1.2;0.5;4.8;3.7;82.4;0;2.9;2.1;2.7;2.3;2.6;-2775;0;0;1.5
26948700;-3;0;11;32;-2.7;-0.2;4.7;3.3;82.4;0;1.4;1.1;1.5;1;2.6;-2775;0;0;1.5
26949600;-2;0;0;0;-2.3;0.3;4.5;3.2;82.4;0;1.8;1.3;1.7;1.3;2.6;250;0;0;1.6
26950500;-2;0;0;0;-1.6;0.5;4.4;3.2;82.6;0;2.2;1.6;2.1;1.7;2.6;250;0;0;1.6
26951400;-2;0;0;0;-1.1;0.5;4.1;2.9;83.3;0;2.8;2;2.5;2.2;2.6;250;0;0;1.6
26952300;-2.5;0;7;15.5;-1.9;0.1;3.95;2.7;83.35;0;2;1.45;1.85;1.5;2.6;250;0;0;1.6
26953200;-3;0;14;31;-2.7;-0.3;3.8;2.5;83.4;0;1.2;0.9;1.2;0.8;1.6;258.3333333;0;0;1.5
26954100;-2;0;1;2;-2.2;0.5;3.7;2.5;83.4;0;1.4;1;1.3;1;1.6;258.3333333;0;0;1.5
26955000;-1;0;0;0;-0.3;0.3;3.7;2.5;83.4;0;1.6;1.2;1.8;1;1.6;258.3333333;0;0;1.5
26955900;0;0;0;0;0.1;0.5;3.6;2.5;83.5;0;2;1.3;2.1;1.7;1.6;258.3333333;0;0;1.5
26956800;0;0;0;0;0.1;0.5;3.4;2.1;84.1;0;2.7;1.4;2.4;2.2;1.1;250;0;0;0.6
26957700;0;0;0;0;0.4;0.5;3.2;2.1;84.5;0;3.2;1.4;2.9;2.7;1.1;250;0;0;0.6
26958600;-2;0;28;72;-1.3;0.1;3.1;2.1;84.8;0;2;1.1;2;1.6;1.1;250;0;0;0.6
26959500;-3;0;0;0;-2.9;-0.4;3;2.1;85;0;1;0.7;1;0.7;1.1;250;0;0;0.6
26960400;-2;0;0;0;-2.3;0;3.1;1.8;85.3;0;1.4;1;1.4;1.1;1.9;302.7777778;0;0;0.7
26961300;-2;0;0;0;-1.7;0.8;3.6;1.8;85.5;0;2;1.4;1.9;1.5;1.9;302.7777778;0;0;0.7
26962200;-2;1;0;0;-1.2;2.4;4.1;1.8;85.4;0;2.4;1.8;2.2;2.1;1.9;302.7777778;0;0;0.7
26963100;0;0;0;0;-0.4;0.9;4.2;1.8;84.8;0;2.9;2.1;2.6;2.6;1.9;302.7777778;0;0;0.7
26964000;-2;0;28;67;-1.6;0.2;4.4;1.1;84.4;0;2;1.7;2;1.6;1.8;302.7777778;0;0;1.2
26964900;-3;0;0;0;-2.6;-0.1;4.6;0.9;84.3;0;1.6;1.2;1.5;1.2;1.8;302.7777778;0;0;1.2
26965800;-2;0;0;0;-2;0.1;5;0.8;83.6;0;2;1.6;2;1.5;1.8;302.7777778;0;0;1.2
26966700;-2;0;0;0;-1.4;0.1;5.2;0.7;83.1;0;2.6;1.9;2.3;2;1.8;302.7777778;0;0;1.2
26967600;-1;0;0;0;-0.8;0.1;5.3;0.5;82.4;0;3;2.3;2.7;2.4;1.9;269.4444444;0;0;2.3
26968500;-2;0;26;74;-2.1;0.2;5.3;0.4;81.7;0;2.2;1.9;2.2;1.8;1.9;269.4444444;0;0;2.3
26969400;-3;0;0;0;-2.5;0;5;0.7;81.4;0;1.9;1.7;1.9;1.4;1.9;269.4444444;0;0;2.3
26970300;-2;1;0;0;-1.8;1.7;4.3;1.5;81.8;0;2.2;1.8;2.2;1.8;1.9;269.4444444;0;0;2.3
26971200;-2;0;0;0;-1.2;1.5;3.7;1.2;82.3;0;2.6;2.1;2.5;2.2;1;244.4444444;0;0;5.6
26972100;-2;0;15;42;-1.1;0.6;3.4;1.1;83.2;0;2.6;2;2.4;2;1;244.4444444;0;0;5.6
26973000;-3;0;14;32;-3.2;-0.7;3.1;1.3;83.6;0;0.8;0.4;0.8;0.5;1;244.4444444;0;0;5.6
26973900;-3;0;0;0;-2.6;0.1;2.8;1.5;84;0;1;0.6;1.1;0.8;1;244.4444444;0;0;5.6
26974800;-2;0;0;0;-2;0.1;2.6;1.3;84;0;1.5;0.9;1.4;1.2;1.2;244.4444444;0;0;4.2
26975700;-2;0;0;0;-1.5;0.1;2.4;1.3;84.1;0;2;1.2;1.8;1.6;1.2;244.4444444;0;0;4.2
26976600;-1;0;0;0;-0.8;0.1;2.3;1.6;84.5;0;2.4;1.6;2.3;2.2;1.2;244.4444444;0;0;4.2
26977500;0;0;7;18;-0.2;0.2;2.2;1.8;84.5;0;2.5;1.7;2.4;2.3;1.2;244.4444444;0;0;4.2
26978400;-3;0;21;52;-3.5;-1;2.2;2;84.8;0;0.3;-0.1;0.2;0.1;0.7;241.6666667;13.88888889;16.66666667;4.1
26979300;-3;0;0;0;-3.1;1.2;2.1;2;85.7;0;0.4;-0.1;0.3;0.2;0.7;241.6666667;13.88888889;16.66666667;4.1
26980200;-2;0;0;0;-2.6;1.2;2.1;1.7;85.5;0;0.9;0.2;0.7;0.6;0.7;241.6666667;13.88888889;16.66666667;4.1
26981100;-2;0;0;0;-2;1;2.2;1.3;85.5;0;1.4;0.6;1.2;1.1;0.7;241.6666667;13.88888889;16.66666667;4.1
26982000;-2;0;0;0;-1.5;0.6;2.6;1.8;85.5;16.1;1.9;1;1.6;1.6;1.9;241.6666667;41.66666667;119.4444444;3.3
26982900;0;0;0;0;-0.3;0.2;3;1.9;85.5;20.1;2.4;1.5;2.1;2.2;1.9;241.6666667;41.66666667;119.4444444;3.3
26983800;-1;0;18;51;-0.4;0.4;3.7;1.9;84.9;20.1;2.8;1.8;2.6;2.6;1.9;241.6666667;41.66666667;119.4444444;3.3
26984700;-3;0;16;42;-2.6;0;4.2;1.8;83.7;20.1;2;1.5;2.1;1.3;1.9;241.6666667;41.66666667;119.4444444;3.3
26985600;-2;0;0;0;-2.2;0.2;4.7;2.7;82.2;96.7;2.6;2.2;2.5;1.6;3.8;247.2222222;58.33333333;238.8888889;3.6
26986500;-1;1;24;79;-1.5;1.1;5.2;2.9;81.6;115.9;3.8;3.2;3.9;2.7;3.8;247.2222222;58.33333333;238.8888889;3.6
26987400;0;1;43;128;-1.1;1.7;5.7;2.4;79.9;115.9;3.6;3.3;3.7;2.6;3.8;247.2222222;58.33333333;238.8888889;3.6
26988300;0;0;43;126;-1.3;1.7;6.2;1.7;78.4;115.9;3.7;3.4;3.7;2.5;3.8;247.2222222;58.33333333;238.8888889;3.6
26989200;0;1;43;128;-1.3;1.7;6.6;3;75.9;186.9;4;3.8;4;2.6;6.2;250;69.44444444;338.8888889;2.9
26990100;0;1;39;108;-0.3;1.9;7;3.2;73.9;197.8;4.5;4.3;4.5;3.1;6.2;250;69.44444444;338.8888889;2.9
26991000;1;2;43;80;1.4;3;7.6;3.2;72.1;197;5.6;5.6;5.8;4.2;6.2;250;69.44444444;338.8888889;2.9
26991900;1;4;43;106;2.2;4.3;8;3.2;70.2;195.5;6.9;6.8;7;5.6;6.2;250;69.44444444;338.8888889;2.9
26992800;2;4;43;120;2.5;5;8.4;4.3;66.8;263.1;7.6;7.5;7.7;6.3;8.6;258.3333333;72.22222222;380.5555556;3.1
26993700;2;5;43;131;2.9;5.6;8.8;4.7;64.2;287.7;8.1;8;8.2;6.9;8.6;258.3333333;72.22222222;380.5555556;3.1
26994600;2;5;43;137;3;5.9;9;4.8;63;286.3;8.3;8.3;8.4;7.3;8.6;258.3333333;72.22222222;380.5555556;3.1
26995500;2;5;43;141;3.4;6.2;9.3;5;62.3;283.6;8.6;8.5;8.6;7.5;8.6;258.3333333;72.22222222;380.5555556;3.1
26996400;3;6;43;149;3.4;6.4;9.8;5.9;60.8;326.7;8.9;8.8;8.9;7.9;9.5;263.8888889;77.77777778;391.6666667;2.1
26997300;3;6;43;154;3.4;6.7;10.2;6.2;59.8;342.4;9.2;9.1;9.2;8.1;9.5;263.8888889;77.77777778;391.6666667;2.1
26998200;3;6;43;158;3.7;6.7;10.4;6.6;58.9;342.4;9.4;9.3;9.4;8.3;9.5;263.8888889;77.77777778;391.6666667;2.1
26999100;3;6;43;159;3.9;7.2;10.7;7.3;58.7;342.4;9.4;9.4;9.4;8.4;9.5;263.8888889;77.77777778;391.6666667;2.1
27000000;3;6;43;161;3.9;7.2;10.9;7.8;56.8;326.1;9.6;9.5;9.6;8.4;10.2;263.8888889;69.44444444;350;1.4
27000900;3;7;43;164;3.9;7.2;11.2;8;56;320.2;9.7;9.7;9.7;8.5;10.2;263.8888889;69.44444444;350;1.4
27001800;3;7;43;166;3.9;7.2;11.4;8.4;55.2;320.2;9.9;9.8;9.9;8.6;10.2;263.8888889;69.44444444;350;1.4
27002700;3;7;43;167;3.9;7.4;11.6;9.3;53.4;320.2;9.9;9.9;9.9;8.6;10.2;263.8888889;69.44444444;350;1.4
27003600;3;7;43;167;3.9;7.7;11.7;9.4;52.8;316.5;9.9;9.9;9.9;8.7;10.2;263.8888889;52.77777778;266.6666667;1
27004500;3;7;43;162;3.9;7.7;11.8;9.4;53.1;315.2;9.8;9.7;9.8;8.5;10.2;263.8888889;52.77777778;266.6666667;1
27005400;3;6;43;155;3.9;7.7;11.8;9.5;52.8;315.2;9.6;9.5;9.6;8.4;10.2;263.8888889;52.77777778;266.6666667;1
27006300;3;6;43;148;3.9;7.2;11.7;9.8;52.6;315.2;9.3;9.2;9.4;8.2;10.2;263.8888889;52.77777778;266.6666667;1
27007200;3;6;43;138;3.9;7;11.6;9.9;53;221;8.9;8.8;9.1;7.8;9.5;261.1111111;33.33333333;138.8888889;0.9
27008100;3;6;43;127;3.9;6.7;11.4;9.9;52.7;186.7;8.6;8.4;8.7;7.5;9.5;261.1111111;33.33333333;138.8888889;0.9
27009000;3;5;43;117;3.9;6.2;11.2;10.1;53.4;186.7;8.2;7.9;8.3;7.2;9.5;261.1111111;33.33333333;138.8888889;0.9
27009900;2;5;43;102;3.7;5.7;11;10.6;53.8;186.7;7.8;7.1;7.9;6.8;9.5;261.1111111;33.33333333;138.8888889;0.9
27010800;2;4;43;90;3.4;5.2;10.6;10.5;54.8;130.2;7.3;6.5;7.4;6.4;8;258.3333333;8.333333333;22.22222222;0.7
27011700;2;4;43;75;3.2;4.7;10.2;10.5;56.2;109.7;6.7;6.1;6.7;5.8;8;258.3333333;8.333333333;22.22222222;0.7
27012600;2;3;43;65;2.9;4.2;9.8;10.5;57;109.7;6.2;5.8;6.3;5.4;8;258.3333333;8.333333333;22.22222222;0.7
27013500;2;3;43;58;2.9;3.9;9.5;10.4;58.1;109.7;5.9;5.5;6;5.1;8;258.3333333;8.333333333;22.22222222;0.7
27014400;2;3;6;11;2.9;3.8;9.1;9.8;59.5;42.7;5.9;5.5;6.1;5;6.6;255.5555556;0;0;0.8
27015300;2;4;17;51;2.7;4.6;8.7;9.6;60.9;18.4;6.3;5.8;6.5;5.4;6.6;255.5555556;0;0;0.8
27016200;2;3;7;11;2.7;3.7;8.2;9.4;63.4;18.4;5.6;5.1;5.7;5;6.6;255.5555556;0;0;0.8
27017100;1;3;14;34;2.5;3.7;7.4;8.9;67;18.4;5.7;5.2;5.7;5.1;6.6;255.5555556;0;0;0.8
27018000;1;2;7;11;2.3;3.2;6.8;8.1;68.9;4.9;4.9;4.4;4.9;4.4;5.7;258.3333333;0;0;1.1
27018900;2;2;14;21;2.3;3.1;6.5;7.8;70.6;0;5;4.4;4.9;4.5;5.7;258.3333333;0;0;1.1
27019800;1;1;8;6;1.8;2.7;6.1;7.5;72.1;0;4.6;3.9;4.3;3.9;5.7;258.3333333;0;0;1.1
27020700;1;2;14;20;1.9;2.7;6.1;7;73.2;0;4.8;4.1;4.5;4.1;5.7;258.3333333;0;0;1.1
27021600;1;1;8;6;1.7;2.2;5.9;6.3;73.7;0;4.2;3.8;4.2;3.8;5;266.6666667;0;0;1.7
27022500;1;2;14;20;1.8;2.7;5.9;6.1;74.5;0;4.3;3.8;4.3;3.9;5;266.6666667;0;0;1.7
27023400;1;1;9;5;1.7;2.2;5.9;5.9;74.5;0;4;3.7;4;3.5;5;266.6666667;0;0;1.7
27024300;1;2;0;0;1.9;2.6;5.7;5.6;75.1;0;4.1;3.7;4;3.9;5;266.6666667;0;0;1.7
27025200;1;2;0;0;2.2;2.7;5.4;5.1;76;0;4.4;3.6;4;4.2;4.8;266.6666667;0;0;2.1
27026100;1;2;23;21;1.7;2.4;5.3;4.9;76.4;0;4.2;3.4;3.9;3.9;4.8;266.6666667;0;0;2.1
27027000;1;1;0;0;1.7;1.7;5.3;4.9;76.6;0;4;3.2;3.7;3.5;4.8;266.6666667;0;0;2.1
27027900;1;1;0;0;1.8;2;5.2;4.9;77.5;0;4.3;3.1;3.7;3.9;4.8;266.6666667;0;0;2.1
27028800;1;2;0;0;2.2;2.3;5.2;4.2;78;0;4.2;3.2;3.7;4.2;3.7;266.6666667;0;0;3.1
27029700;1;2;0;0;2.5;2.7;5.2;4;78.4;0;4.3;3.2;3.6;4.6;3.7;266.6666667;0;0;3.1
27030600;1;2;23;15;1.4;2;5.1;4;78.5;0;3.8;3.2;3.7;3.4;3.7;266.6666667;0;0;3.1
27031500;1;4;0;0;1.6;4.2;4.8;4.1;78.7;0;3.7;3;3.5;3.5;3.7;266.6666667;0;0;3.1
27032400;1;3;0;0;1.9;4.5;4.7;3.6;79.2;0;4;2.9;3.4;3.9;3.2;261.1111111;0;0;2.7
27033300;1;2;0;0;2.2;3.7;4.6;3.4;79.5;0;4.3;2.9;3.4;4.2;3.2;261.1111111;0;0;2.7
27034200;1;2;0;0;2.6;3.7;4.6;3.6;79.8;0;4.4;2.8;3.3;4.6;3.2;261.1111111;0;0;2.7
27035100;2;3;0;0;3.1;3.7;4.4;4;80;0;4.6;2.7;3.1;5;3.2;261.1111111;0;0;2.7
27036000;1;1;21;13;2;2.3;4.3;3.7;80.2;0;3.8;2.7;3.2;3.5;2.3;258.3333333;0;0;1.6
27036900;0;0;0;0;1.5;1.2;4.2;3.6;80.5;0;3.3;2.7;3.2;3.1;2.3;258.3333333;0;0;1.6
27037800;1;1;0;0;1.7;1.7;4;3.5;80.9;0;3.4;2.5;3;3.4;2.3;258.3333333;0;0;1.6
27038700;1;2;0;0;2.05;2.8;3.9;3.1;81.2;0;3.45;2.35;2.9;3.75;2.3;258.3333333;0;0;1.6
27039600;1;3;0;0;2.4;3.9;3.8;2.7;81.5;0;3.5;2.2;2.8;4.1;2.2;258.3333333;0;0;3
27040500;1;5;0;0;2.6;5.2;3.8;2.5;81.5;0;3.5;2.2;2.7;4.5;2.2;258.3333333;0;0;3
27041400;2;3;0;0;3.3;4.6;3.8;2.5;81.8;0;3.6;2.2;2.6;4.9;2.2;258.3333333;0;0;3
27042300;2;3;0;0;4;4.2;3.7;2.5;82;0;4.4;2.2;2.6;5.7;2.2;258.3333333;0;0;3
27043200;0;0;22;12;1.4;1.6;3.4;2.2;82;0;3.1;2.5;3.1;2.7;1.7;255.5555556;0;0;2.7
27044100;0;0;0;0;1.4;1.2;3.3;2.1;82.4;0;2.9;2.4;3;2.9;1.7;255.5555556;0;0;2.7
27045000;1;1;0;0;1.7;1.7;3.3;2.1;82.5;0;2.9;2.2;2.7;3.2;1.7;255.5555556;0;0;2.7
27045900;1;1;0;0;1.9;2.1;3.2;2.1;82.5;0;2.7;2;2.5;3.6;1.7;255.5555556;0;0;2.7
27046800;1;2;0;0;2.4;2.5;3.2;1.9;82.5;0;2.4;1.9;2.4;3.9;1.2;255.5555556;0;0;1.8
27047700;1;3;0;0;2.6;3.1;3.1;1.8;82.7;0;2.2;1.8;2.3;4.3;1.2;255.5555556;0;0;1.8
27048600;2;5;0;0;2.9;5.6;3.1;1.8;83.3;0;2;1.8;2.2;4.7;1.2;255.5555556;0;0;1.8
27049500;2;4;0;0;3.5;5.4;3;1.8;83.4;0;1.9;2.2;1.9;5.3;1.2;255.5555556;0;0;1.8
27050400;2;3;0;0;4.1;4.7;2.9;1.7;83;0;1.9;4.4;1.9;6.5;0.8;252.7777778;0;0;1.8
27051300;0;1;21;5;1.7;1.6;2.7;1.7;83.3;0;2.5;2.4;2.5;2.9;0.8;252.7777778;0;0;1.8
27052200;0;0;0;0;1.1;0.6;2.7;1.5;83.8;0;2.8;2;2.7;2.2;0.8;252.7777778;0;0;1.8
27053100;0;0;0;0;1.5;1.2;2.6;1.4;84;0;3;1.8;2.9;2.2;0.8;252.7777778;0;0;1.8
27054000;1;1;0;0;1.6;1.7;2.5;1.4;83.7;0;3.4;1.6;3.6;2.1;0.9;255.5555556;0;0;1.6
27054900;1;1;0;0;2.1;2.1;2.5;1.4;83.5;0;4;1.4;4.1;1.9;0.9;255.5555556;0;0;1.6
27055800;1;2;0;0;2.1;2.5;2.5;1.3;83.5;0;4.6;1.3;4.5;1.5;0.9;255.5555556;0;0;1.6
27056700;1;5;0;0;2.6;4.8;2.6;1.2;83.5;0;5.2;1.1;4.6;1;0.9;255.5555556;0;0;1.6
27057600;1;5;0;0;2.6;6;2.5;1.1;83.5;0;5.4;1;4.8;0.7;0.9;252.7777778;0;0;1.4
27058500;2;4;0;0;3;6;2.4;1.1;83.5;0;5.5;1;4.7;0.6;0.9;252.7777778;0;0;1.4
27059400;2;4;0;0;3.1;5.7;2.3;0.8;83.6;0;7;0.9;4.4;0.5;0.9;252.7777778;0;0;1.4
27060300;2;4;0;0;3.1;5.5;2.2;0.7;84.3;0;7.8;0.8;4.1;0.4;0.9;252.7777778;0;0;1.4
27061200;2;4;0;0;3;5.5;2.3;0.7;84.2;0;7.6;0.8;4;0.4;0.5;252.7777778;0;0;1
27062100;2;4;0;0;2.6;5.5;2.3;0.7;83.9;0;7.2;0.9;3.9;0.6;0.5;252.7777778;0;0;1
27063000;2;4;0;0;2.6;5.5;2.2;0.8;83.9;0;6.7;0.9;3.8;0.6;0.5;252.7777778;0;0;1
27063900;2;4;0;0;2.6;5.3;2.1;0.8;84;0;6.2;0.8;3.7;0.6;0.5;252.7777778;0;0;1
27064800;2;5;0;0;2.3;5.4;2.1;0.7;84.5;0;6.1;0.8;3.6;0.6;0.7;252.7777778;13.88888889;13.88888889;0.9
27065700;0;2;28;51;-0.2;2.8;2.1;0.7;84.5;0;3.3;1.1;2.3;1.3;0.7;252.7777778;13.88888889;13.88888889;0.9
27066600;-2;0;0;4;-0.9;0.4;2.1;0.8;84.5;0;1.2;0.8;1;1.3;0.7;252.7777778;13.88888889;13.88888889;0.9
27067500;0;0;0;0;0.1;1.4;2.2;0.9;84.5;0;1.5;0.8;1.4;1.7;0.7;252.7777778;13.88888889;13.88888889;0.9
27068400;0;0;0;0;0.1;0.7;2.5;1.3;85;10.7;2;0.9;1.9;2.2;1.8;258.3333333;75;102.7777778;1
27069300;0;0;0;0;0.4;0.7;2.8;1.3;85;11.5;2.6;1.1;2.4;2.8;1.8;258.3333333;75;102.7777778;1
27070200;0;0;9;23;1.1;0.6;3.4;1.1;84.4;11.5;3;1.6;2.7;3.1;1.8;258.3333333;75;102.7777778;1
27071100;-2;0;19;51;-2.1;0.3;4.1;0.9;82.9;11.5;2.1;1.8;2.2;1.7;1.8;258.3333333;75;102.7777778;1
27072000;-2;0;0;0;-2;0.2;4.6;1.9;81.5;68.9;2.5;2.2;2.6;1.8;3;272.2222222;125;161.1111111;0.7
27072900;-2;0;10;34;-1.5;0.5;5.3;2;80;77.7;3.4;3;3.5;2.6;3;272.2222222;125;161.1111111;0.7
27073800;-1;0;43;122;-1.2;1.3;5.7;1.9;77.5;77.7;3;2.8;3.1;2.4;3;272.2222222;125;161.1111111;0.7
27074700;-2;0;40;107;-2;0.3;6;1.8;76.4;77.7;2.2;2.1;2.3;1.4;3;272.2222222;125;161.1111111;0.7
27075600;-2;0;0;0;-2.3;0.6;6;3;75;126.3;2.4;2.5;2.6;1.4;3.7;286.1111111;136.1111111;136.1111111;0.8
27076500;-2;0;0;0;-1.6;0.7;5.9;3.3;75.8;138.4;2.9;2.7;3;1.8;3.7;286.1111111;136.1111111;136.1111111;0.8
27077400;0;1;41;125;-1.1;1.6;6.7;3.3;73.9;138.3;3.7;3.7;3.9;3;3.7;286.1111111;136.1111111;136.1111111;0.8
27078300;-2;0;43;121;-1.8;0.8;7.1;3.2;72.4;138;2.6;2.5;2.7;1.9;3.7;286.1111111;136.1111111;136.1111111;0.8
27079200;-2;0;26;73;-2.1;0.2;7.3;4.4;71.2;162.7;2.3;2.2;2.3;1.4;4.7;297.2222222;166.6666667;175;1.1
27080100;-2;0;0;0;-2;0.2;7.4;4.8;71.1;171.7;2.7;2.7;2.8;1.5;4.7;297.2222222;166.6666667;175;1.1
27081000;-2;0;0;0;-1.6;0.2;7.6;4.7;70.1;167.7;3.5;3.6;3.8;2;4.7;297.2222222;166.6666667;175;1.1
27081900;-1;1;25;74;-0.2;1.8;8.1;4.5;69;156.6;5.2;5.3;5.6;3.7;4.7;297.2222222;166.6666667;175;1.1
27082800;0;2;43;134;0.1;2.8;8.2;5.2;68.2;219.6;4.6;4.6;4.7;3.8;6;288.8888889;183.3333333;222.2222222;1.1
27083700;0;1;43;131;-0.6;2.3;8.4;5.6;69.2;251.1;4.3;4.1;4.3;3.3;6;288.8888889;183.3333333;222.2222222;1.1
27084600;0;1;43;132;-0.6;2.3;8.7;5.1;68.1;251.1;4.4;4.3;4.4;3.3;6;288.8888889;183.3333333;222.2222222;1.1
27085500;0;1;43;130;-0.6;2;8.9;4.7;67.2;251.1;4.1;3.9;4.1;3;6;288.8888889;183.3333333;222.2222222;1.1
27086400;0;1;43;128;-0.9;1.8;8.8;6.2;68.1;284.1;3.7;3.6;3.8;2.8;6.9;280.5555556;152.7777778;252.7777778;0.9
27087300;0;1;43;129;-1.1;1.8;9.3;6.2;67.4;284.1;3.7;3.6;3.8;2.8;6.9;280.5555556;152.7777778;252.7777778;0.9
27088200;0;1;43;133;-0.9;1.8;9.5;6.1;65.8;284.1;4.3;4.2;4.3;3.2;6.9;280.5555556;152.7777778;252.7777778;0.9
27089100;0;2;43;136;-0.5;2.2;9.8;6;65.7;284.1;4.9;4.7;4.9;3.7;6.9;280.5555556;152.7777778;252.7777778;0.9
27090000;0;2;43;140;0.2;3;10;6.3;64.4;228.3;5.6;5.4;5.6;4.3;7.6;277.7777778;91.66666667;177.7777778;1.4
27090900;0;2;43;138;0.4;3.3;9.9;6.3;64.9;224.3;5.5;5.4;5.5;4.3;7.6;277.7777778;91.66666667;177.7777778;1.4
27091800;0;2;43;134;0.4;3.2;10;6.3;65.1;224.3;5.1;4.9;5.1;4;7.6;277.7777778;91.66666667;177.7777778;1.4
27092700;0;1;43;128;-0.3;2.3;9.8;6.2;65.3;224.3;4.2;4;4.2;3.2;7.6;277.7777778;91.66666667;177.7777778;1.4
27093600;0;1;43;125;-1;1.8;9.9;6.6;66.2;127;3.7;3.6;3.8;2.8;7.6;283.3333333;72.22222222;108.3333333;1.3
27094500;0;1;43;124;-1.1;1.8;10;6.7;66.1;112;3.7;3.5;3.7;2.6;7.6;283.3333333;72.22222222;108.3333333;1.3
27095400;0;0;43;122;-1.1;1.4;10;6.9;66;112;3.4;3.2;3.5;2.3;7.6;283.3333333;72.22222222;108.3333333;1.3
27096300;-2;0;43;120;-1.5;1;9.9;7.1;66.1;112;3;2.7;3.2;2;7.6;283.3333333;72.22222222;108.3333333;1.3
27097200;-2;0;43;117;-1.8;0.6;9.8;7.2;66;71.8;2.6;2.3;2.7;1.6;6.7;280.5555556;13.88888889;13.88888889;1.5
27098100;-1;0;41;54;-0.9;0.2;9.4;7.2;67.8;61.8;2.1;2;2.2;1.1;6.7;280.5555556;13.88888889;13.88888889;1.5
27099000;0;0;7;22;0.3;0;9.1;7.3;69.4;61.8;3.1;2.9;3.4;1.7;6.7;280.5555556;13.88888889;13.88888889;1.5
27099900;-2;0;34;89;-1.8;0.7;8.4;7.6;71.2;61.8;2.4;2.2;2.5;1.7;6.7;280.5555556;13.88888889;13.88888889;1.5
27100800;-2;1;0;0;-2.1;2.1;7.9;7.5;72.5;32;2.3;2.2;2.4;1.5;6.3;-2775;0;0;2.1
27101700;-2;0;0;0;-1.5;1.2;7.4;7.4;74.1;17.1;2.7;2.5;2.8;1.8;6.3;-2775;0;0;2.1
27102600;-2;0;35;103;-1.8;0.8;7.1;7.4;75.4;17.1;2.8;2.5;2.9;2.1;6.3;-2775;0;0;2.1
27103500;-3;0;3;8;-2.6;0;6.6;7.4;76.1;17.1;1.9;1.8;2;1.3;6.3;-2775;0;0;2.1
27104400;-2;0;0;0;-1.9;0.3;6.4;6.9;76.7;4.6;2.3;2;2.4;1.6;5.9;272.2222222;0;0;1.5
27105300;-2;0;0;0;-1.4;0.3;6.2;6.7;77.4;0;2.8;2.3;2.7;2;5.9;272.2222222;0;0;1.5
27106200;-2;0;31;92;-1.9;0.5;6;6.3;78;0;2.7;2.1;2.5;2.1;5.9;272.2222222;0;0;1.5
27107100;-3;0;0;0;-2.4;0.1;5.8;6;78.7;0;2.1;1.5;1.9;1.5;5.9;272.2222222;0;0;1.5
27108000;-2;0;0;0;-2;0.3;5.7;5.7;79.5;0;2.6;1.8;2.3;1.8;5;272.2222222;0;0;1.3
27108900;-2;1;0;0;-1.4;1.4;5.7;5.5;79.9;0;3;2.1;2.7;2.2;5;272.2222222;0;0;1.3
27109800;-2;0;33;100;-1.9;0.8;5.6;5.6;80;0;2.5;1.8;2.4;2.1;5;272.2222222;0;0;1.3
27110700;-3;0;0;0;-2.4;0.1;5.5;5.7;80.4;0;2.1;1.6;2;1.6;5;272.2222222;0;0;1.3
27111600;-2;0;0;0;-1.8;0.4;5.5;5.2;80.8;0;2.6;1.9;2.4;1.9;3.6;269.4444444;0;0;2.5
27112500;-2;0;1;2;-1.3;0.4;5.4;5.2;81;0;3;2.1;2.8;2.3;3.6;269.4444444;0;0;2.5
27113400;-2;0;28;79;-2.2;0.3;5.2;5.3;81.2;0;2.2;1.7;2.1;1.7;3.6;269.4444444;0;0;2.5
27114300;-2;0;0;0;-2.5;0.1;5.1;5.3;81.5;0;2;1.6;2;1.5;3.6;269.4444444;0;0;2.5
27115200;-2;0;0;0;-1.8;0.4;4.9;4.6;81.5;0;2.3;1.8;2.3;1.9;3.7;266.6666667;0;0;2.9
27116100;-2;0;0;0;-1.2;0.4;4.8;4.5;81.9;0;2.9;2.2;2.7;2.3;3.7;266.6666667;0;0;2.9
27117000;-3;0;28;79;-2.2;0;4.7;4.3;82;0;2;1.5;1.9;1.5;3.7;266.6666667;0;0;2.9
27117900;-3;0;0;0;-2.7;0.7;4.6;4.1;82;0;1.6;1;1.4;1.1;3.7;266.6666667;0;0;2.9
27118800;-2;0;0;0;-2;0.6;4.6;4;82.5;0;2;1.3;1.8;1.4;2.3;263.8888889;0;0;2.2
27119700;-2;0;0;0;-1.5;0.4;4.6;4;83.5;0;2.5;1.8;2.3;1.9;2.3;263.8888889;0;0;2.2
27120600;-1;0;0;0;-0.9;0.4;4.4;3.7;83.6;0;2.9;2.1;2.7;2.3;2.3;263.8888889;0;0;2.2
27121500;-2;0;29;79;-2.2;0.1;4.3;3.4;84;0;2.1;1.5;1.9;1.6;2.3;263.8888889;0;0;2.2
27122400;-3;0;0;0;-2.5;-0.2;4.2;3.4;83.4;0;1.6;1.2;1.5;1.2;2.6;263.8888889;0;0;2
27123300;-2;0;0;0;-1.9;0.1;4.1;3.4;83.4;0;2.1;1.4;1.9;1.6;2.6;263.8888889;0;0;2
27124200;-2;0;0;0;-1.4;0.4;4;3.5;83.4;0;2.5;1.8;2.3;2;2.6;263.8888889;0;0;2
27125100;-2;0;14;32.5;-1.95;0.05;3.85;3.1;83.4;0;1.95;1.4;1.8;1.5;2.6;263.8888889;0;0;2
27126000;-2;0;28;65;-2.5;-0.3;3.7;2.7;83.4;0;1.4;1;1.3;1;2.2;261.1111111;0;0;2.1
27126900;-3;0;0;0;-2.7;0.3;3.7;2.5;83.6;0;1.3;0.8;1.2;0.8;2.2;261.1111111;0;0;2.1
27127800;-2;0;0;0;-2.1;0.4;3.7;2.5;83.9;0;1.8;1.1;1.6;1.3;2.2;261.1111111;0;0;2.1
27128700;-2;0;0;0;-1.6;0.4;3.6;2.5;83.9;0;2.3;1.5;2;1.7;2.2;261.1111111;0;0;2.1
27129600;-2;0;0;0;-1;0.4;3.6;2.2;83.9;0;2.7;1.8;2.3;2.2;1.6;261.1111111;0;0;1.1
27130500;-1;0;15;31;-0.8;0.3;3.5;2.1;83.9;0;2.7;1.8;2.4;2.2;1.6;261.1111111;0;0;1.1
27131400;-3;0;13;34;-2.9;-0.7;3.4;2.1;83.9;0;1;0.4;0.9;0.7;1.6;261.1111111;0;0;1.1
27132300;-3;0;0;0;-2.6;-0.1;3.2;2.1;83.9;0;1.3;0.6;1.1;0.9;1.6;261.1111111;0;0;1.1
27133200;-2;0;0;0;-2.1;0.2;3.2;1.9;83.9;0;1.7;0.9;1.5;1.4;1.8;261.1111111;0;0;0.8
27134100;-2;1;0;0;-1.5;0.7;3.1;1.8;84.3;0;2.2;1.2;1.9;1.9;1.8;261.1111111;0;0;0.8
27135000;-1;1;0;0;-0.8;2.1;3.1;1.8;84.6;0;2.6;1.5;2.3;2.3;1.8;261.1111111;0;0;0.8
27135900;-1;0;13;34;-0.6;0.7;3.1;1.8;84.5;0;2.5;1.5;2.3;2.2;1.8;261.1111111;0;0;0.8
27136800;-3;0;15;39;-3.3;-0.9;3;2;84.4;0;0.7;0.2;0.5;0.4;1.2;258.3333333;0;0;0.8
27137700;-3;0;0;0;-2.9;-0.1;2.9;2;84;0;0.9;0.3;0.8;0.6;1.2;258.3333333;0;0;0.8
27138600;-2;0;0;0;-2.2;-0.1;2.7;1.8;84.4;0;1.3;0.6;1.2;1;1.2;258.3333333;0;0;0.8
27139500;-2;0;0;0;-1.7;-0.1;2.7;1.4;84.6;0;1.8;0.9;1.6;1.6;1.2;258.3333333;0;0;0.8
27140400;-2;0;0;0;-1.1;-0.1;2.7;1.6;85;0;2.3;1.3;2;2;0.6;258.3333333;0;0;1.7
27141300;0;0;0;0;-0.1;-0.1;2.6;1.6;84.5;0;2.7;1.7;2.3;2.7;0.6;258.3333333;0;0;1.7
27142200;-2;0;28;63;-1.8;-0.5;2.6;1.7;84.8;0;1.5;0.7;1.3;1.3;0.6;258.3333333;0;0;1.7
27143100;-3;1;0;0;-3.3;0.8;2.5;1.9;85.2;0;0.6;0;0.6;0.2;0.6;258.3333333;0;0;1.7
27144000;-3;0;0;0;-2.6;1.3;2.6;1.7;85.7;0;1;0.4;1;0.7;0;263.8888889;0;0;2.2
27144900;-2;0;0;0;-2.2;0.3;2.4;1.7;85.5;0;1.5;0.7;1.4;1.1;0;263.8888889;0;0;2.2
27145800;-2;0;0;0;-1.7;0.3;2.2;1.4;85.5;0;1.9;1;1.7;1.6;0;263.8888889;0;0;2.2
27146700;-1;0;0;0;-0.8;0.3;2.2;1;85.8;0;2.4;1.3;2.2;2.1;0;263.8888889;0;0;2.2
27147600;0;0;0;0;0.2;0.3;2.3;0.8;85.9;0;2.7;1.8;2.5;2.8;-0.1;272.2222222;0;0;2.5
27148500;-3;0;29;73;-2.7;-0.7;2.1;0.7;85.6;0;0.8;0.4;0.9;0.6;-0.1;272.2222222;0;0;2.5
27149400;-3;0;0;0;-3.3;-0.4;2.2;0.5;86.3;0;0.5;0.2;0.5;0.2;-0.1;272.2222222;0;0;2.5
27150300;-2;0;0;0;-2.6;0;2;0.2;85.7;0;0.9;0.4;0.9;0.6;-0.1;272.2222222;0;0;2.5
27151200;-2;1;0;0;-2;0.8;2;0.1;85.7;0;1.4;0.7;1.3;1.1;-0.3;258.3333333;11.11111111;13.88888889;2.4
27152100;-2;1;0;0;-1.5;2.1;2.1;0.1;86;0;1.9;1.1;1.7;1.6;-0.3;258.3333333;11.11111111;13.88888889;2.4
27153000;-1;0;0;0;-0.7;1.4;1.9;0;86;0;2.3;1.5;2.2;2.2;-0.3;258.3333333;11.11111111;13.88888889;2.4
27153900;0;0;6;21;-0.1;0.9;1.9;-0.1;85.8;0;2.4;1.7;2.3;2.5;-0.3;258.3333333;11.11111111;13.88888889;2.4
27154800;-3;0;20;49;-3.4;-1.2;2.2;0.1;86;8;0.6;0.2;0.6;0.3;-0.2;272.2222222;77.77777778;86.11111111;2.4
27155700;-3;0;0;0;-3;-0.1;2.8;0.2;85.9;10.9;0.8;0.5;0.9;0.4;-0.2;272.2222222;77.77777778;86.11111111;2.4
27156600;-2;0;0;0;-2.4;-0.1;3.2;0.1;85.3;10.9;1.4;1;1.4;0.8;-0.2;272.2222222;77.77777778;86.11111111;2.4
27157500;-2;0;0;0;-1.9;-0.1;3.7;0;84.7;10.9;1.9;1.4;1.9;1.3;-0.2;272.2222222;77.77777778;86.11111111;2.4
27158400;-2;0;0;0;-1.3;-0.1;4;0.6;83.5;66.9;2.6;1.8;2.5;1.8;1.4;269.4444444;119.4444444;172.2222222;2.2
27159300;-2;0;24;79;-0.9;0.8;4.6;0.8;82.8;87.2;3.8;3;3.8;2.7;1.4;269.4444444;119.4444444;172.2222222;2.2
27160200;-2;0;43;125;-1.5;1.1;5;0.7;81.2;87.2;3.1;2.9;3.2;2.2;1.4;269.4444444;119.4444444;172.2222222;2.2
27161100;-2;0;43;122;-1.7;0.9;5.4;0.4;80.2;87.2;3;2.7;3;1.7;1.4;269.4444444;119.4444444;172.2222222;2.2
27162000;-2;0;43;124;-1.7;0.9;5.9;1.3;79.2;158.6;3.2;3.1;3.2;1.8;3;263.8888889;119.4444444;283.3333333;1.6
27162900;-2;0;43;129;-1.5;1.2;6.5;1.6;78;184.6;3.8;3.6;3.8;2.4;3;263.8888889;119.4444444;283.3333333;1.6
27163800;-2;1;43;130;-1;1.6;6.6;1.3;76.7;184.5;4.2;4.1;4.2;2.9;3;263.8888889;119.4444444;283.3333333;1.6
27164700;0;1;43;134;-0.7;2.1;6.8;0.7;76.1;184.3;4.7;4.6;4.8;3.4;3;263.8888889;119.4444444;283.3333333;1.6
27165600;0;2;43;136;-0.2;2.6;7;1.6;76.2;205.3;5.2;5.1;5.2;3.9;3.5;261.1111111;105.5555556;363.8888889;1.3
27166500;0;2;43;139;0.2;3;7.2;1.9;76.1;212.9;5.5;5.5;5.6;4.3;3.5;261.1111111;105.5555556;363.8888889;1.3
27167400;0;3;43;141;0.4;3.4;7.5;2;75.6;211.8;5.9;5.8;5.9;4.7;3.5;261.1111111;105.5555556;363.8888889;1.3
27168300;0;3;43;142;0.8;3.7;7.6;2.3;74.9;209.5;6.1;6.1;6.2;5;3.5;261.1111111;105.5555556;363.8888889;1.3
27169200;0;3;43;143;0.9;3.9;7.6;3.3;74.9;233;6.4;6.3;6.4;5.3;3.8;263.8888889;111.1111111;369.4444444;1.1
27170100;0;3;43;144;1.3;4.1;7.8;3.6;74.2;241.5;6.6;6.5;6.6;5.5;3.8;263.8888889;111.1111111;369.4444444;1.1
27171000;1;4;43;146;1.3;4.4;8.1;3.8;74.1;241.5;6.8;6.7;6.8;5.8;3.8;263.8888889;111.1111111;369.4444444;1.1
27171900;1;4;43;147;1.5;4.4;8.3;4.1;73.7;241.5;7;6.9;7;5.9;3.8;263.8888889;111.1111111;369.4444444;1.1
27172800;1;4;43;146;1.8;4.4;8.2;5.3;74.5;274.2;7.1;7;7.1;6;4.4;263.8888889;105.5555556;316.6666667;0.5
27173700;1;4;43;147;1.8;4.7;8.4;5.7;74.1;286.1;7.1;7;7.2;6;4.4;263.8888889;105.5555556;316.6666667;0.5
27174600;1;4;43;146;1.8;4.9;8.4;5.5;73.5;286.1;7.1;7;7.2;5.9;4.4;263.8888889;105.5555556;316.6666667;0.5
27175500;1;4;43;146;1.8;4.9;8.5;5;73.5;286.1;7.1;7;7.1;5.8;4.4;263.8888889;105.5555556;316.6666667;0.5
27176400;1;4;43;145;1.8;4.9;8.8;5.4;73.1;269.2;7;6.9;7;5.7;3.3;263.8888889;100;183.3333333;0.6
27177300;1;4;43;142;1.8;4.7;8.7;5.6;73.2;263.1;6.7;6.6;6.8;5.5;3.3;263.8888889;100;183.3333333;0.6
27178200;0;3;43;138;1.4;4.2;8.3;5.2;74.4;263.1;6.2;6.1;6.3;5.1;3.3;263.8888889;100;183.3333333;0.6
27179100;0;3;43;135;0.9;3.7;7.9;4.3;75.7;263.1;5.6;5.5;5.7;4.6;3.3;263.8888889;100;183.3333333;0.6
27180000;0;2;37;107;0.8;3.1;8.1;4.7;75.7;191.2;5.2;5;5.3;4.1;2.8;308.3333333;52.77777778;52.77777778;0.7
27180900;1;2;26;51;1.6;3;8;4.8;75.7;165.1;5.3;5.2;5.6;4.1;2.8;308.3333333;52.77777778;52.77777778;0.7
27181800;0;2;43;133;0.1;2.9;7.7;4.8;76.4;165.1;4.7;4.4;4.8;3.8;2.8;308.3333333;52.77777778;52.77777778;0.7
27182700;0;1;43;126;-1.1;1.5;6.9;4.7;79.1;165.1;3.5;3;3.5;2.5;2.8;308.3333333;52.77777778;52.77777778;0.7
27183600;-2;0;43;121;-2;0.6;6.3;4.8;81.5;98.8;2.5;2.1;2.5;1.6;2.6;325;5.555555556;5.555555556;1.1
27184500;-2;0;11;27;-1.8;0;5.8;4.9;83.8;74.7;2.1;1.9;2.2;1.1;2.6;325;5.555555556;5.555555556;1.1
27185400;-2;0;0;0;-0.9;0.4;5.7;4.4;84.1;74.7;2.4;2.3;2.7;1.4;2.6;325;5.555555556;5.555555556;1.1
27186300;-2;0;4;15;-1;0.4;5.7;3.3;84.1;74.7;3.1;2.6;3.2;1.9;2.6;325;5.555555556;5.555555556;1.1
27187200;-2;0;43;123;-1.6;0.9;5.7;3.2;84.6;35;2.7;2.5;2.8;2.1;2.4;325;0;0;0.6
27188100;-3;0;13;37;-2.5;-0.1;6;3.1;84;20.5;1.8;1.8;2;1.2;2.4;325;0;0;0.6
27189000;-2;0;0;0;-2.2;-0.1;6.3;2.8;82.9;20.5;2.3;2.2;2.5;1.4;2.4;325;0;0;0.6
27189900;-2;0;0;0;-1.6;-0.1;6.4;2.2;82.4;20.5;2.9;2.5;2.9;1.8;2.4;325;0;0;0.6
27190800;-2;0;40;121;-1.6;0.9;6.4;1.7;81.7;5.5;3;2.8;3.2;2.3;2.2;325;0;0;0.6
27191700;-3;0;14;39;-2.6;0;6.4;1.5;81.8;0;1.9;1.8;2;1.1;2.2;325;0;0;0.6
27192600;-2;0;0;0;-2.3;-0.1;6.1;1.5;82.7;0;2.2;2.2;2.5;1.4;2.2;325;0;0;0.6
27193500;-2;0;1;5;-1.6;0.2;6;1.5;82.7;0;2.9;2.6;2.9;1.9;2.2;325;0;0;0.6
27194400;-2;0;43;127;-1.7;0.8;6.1;1.1;82.4;0;2.7;2.6;2.8;2;2.2;325;0;0;0.8
27195300;-3;1;2;7;-2.7;1.1;6;1;81.7;0;2;2;2.1;1.2;2.2;325;0;0;0.8
27196200;-2;0;0;0;-2;1.6;5.8;1.2;82.2;0;2.4;2.3;2.6;1.6;2.2;325;0;0;0.8
27197100;-2;0;7;25;-1.6;0.5;5.8;1.6;82.2;0;3.1;2.8;3.1;2.1;2.2;325;0;0;0.8
27198000;-2;0;34;96;-2;0.5;5.8;1.6;82.2;0;2.3;2.1;2.4;1.6;2.1;325;0;0;0.6
27198900;-3;0;0;0;-2.7;-0.1;5.8;1.6;82.6;0;2;2;2.2;1.3;2.1;325;0;0;0.6
27199800;-2;0;0;0;-1.8;-0.1;5.8;1.7;82.7;0;2.5;2.3;2.6;1.6;2.1;325;0;0;0.6
27200700;-2;0;13;40;-1.5;0.3;5.8;2;82.8;0;3.1;2.9;3.2;2.2;2.1;325;0;0;0.6
27201600;-2;0;28;79;-2.3;0.3;5.7;1.5;83.1;0;2.1;2;2.2;1.4;1.8;325;0;0;1.2
27202500;-3;0;0;0;-2.6;-0.1;5.7;1.3;82.7;0;2.1;2;2.3;1.3;1.8;325;0;0;1.2
27203400;-2;0;0;0;-1.7;0.2;5.6;1.3;82.8;0;2.6;2.4;2.7;1.7;1.8;325;0;0;1.2
27204300;-2;1;19;66;-1.6;1.7;5.4;1.4;83.7;0;3;2.8;3.1;2.2;1.8;325;0;0;1.2
27205200;-3;0;23;62;-2.6;0.1;5.4;1.5;83.6;0;1.9;1.9;2.1;1.3;1.5;322.2222222;0;0;1.2
27206100;-2;0;0;0;-2.4;-0.1;5.5;1.6;83.3;0;2.1;2;2.4;1.4;1.5;322.2222222;0;0;1.2
27207000;-2;0;0;0;-1.7;-0.1;5.3;1.8;83.6;0;2.7;2.4;2.8;1.8;1.5;322.2222222;0;0;1.2
27207900;-2;0;30;89;-1.7;0.5;5.2;2.2;83.9;0;2.8;2.6;2.9;2.1;1.5;322.2222222;0;0;1.2
27208800;-3;0;9;21;-2.8;-0.1;5.5;2.4;83.9;0;1.8;1.8;2;1.2;1;319.4444444;0;0;1.3
27209700;-2;0;0;0;-2.2;-0.1;5.5;2.5;83.2;0;2.3;2.1;2.4;1.5;1;319.4444444;0;0;1.3
27210600;-2;0;0;0;-1.5;-0.1;5.2;2.4;83.9;0;2.7;2.5;2.8;1.9;1;319.4444444;0;0;1.3
27211500;-2.5;0.5;0;0;-2.2;0.6;5.2;2.4;84.25;0;2.3;2.2;2.45;1.6;1;319.4444444;0;0;1.3
27212400;-3;1;0;0;-2.9;1.3;5.2;2.4;84.6;0;1.9;1.9;2.1;1.3;0.9;319.4444444;0;0;0.9
27213300;-2;0;0;0;-1.9;1.5;5.2;2.5;84;0;2.4;2.2;2.5;1.6;0.9;319.4444444;0;0;0.9
27214200;-2;0;4;15;-1.5;0.7;5.2;2.5;84.1;0;2.9;2.6;2.9;2;0.9;319.4444444;0;0;0.9
27215100;-2;0;30;85;-2.3;0.4;5.1;2.5;84.1;0;2.2;2.1;2.3;1.5;0.9;319.4444444;0;0;0.9
27216000;-3;0;0;0;-2.7;0.1;4.9;2.2;85.3;0;2;2;2.2;1.3;1;319.4444444;0;0;1
27216900;-2;0;0;0;-1.9;0.2;4.9;2.1;85.2;0;2.5;2.3;2.6;1.7;1;319.4444444;0;0;1
27217800;-2;0;12;38;-1.5;0.4;4.8;2.1;85.1;0;3;2.8;3.1;2.1;1;319.4444444;0;0;1
27218700;-3;0;21;58;-2.6;0.1;4.8;2.1;85.1;0;1.9;1.8;2;1.3;1;319.4444444;0;0;1
27219600;-3;0;0;0;-2.5;0.2;4.9;1.9;85.2;0;2.1;2;2.3;1.4;1.2;319.4444444;0;0;1.4
27220500;-2;1;0;0;-1.8;0.5;5;1.8;84.8;0;2.6;2.4;2.7;1.8;1.2;319.4444444;0;0;1.4
27221400;-2;0;24;76;-1.6;1.6;4.7;1.8;84.6;0;2.8;2.6;2.9;2;1.2;319.4444444;0;0;1.4
27222300;-3;0;9;26;-2.7;-0.1;4.5;1.8;84.9;0;1.9;1.8;2;1.2;1.2;319.4444444;0;0;1.4
27223200;-2;0;0;0;-2.3;0.2;4.6;1.1;84.7;0;2.2;2;2.3;1.5;1.3;322.2222222;0;0;1.1
27224100;-2;0;9;31;-1.8;0.3;4.5;0.8;84.8;0;2.7;2.5;2.8;1.9;1.3;322.2222222;0;0;1.1
27225000;-3;0;43;116;-2.7;-0.2;4.5;0.9;84.9;0;1.5;1.3;1.6;0.9;1.3;322.2222222;0;0;1.1
27225900;-4;-1;43;109;-3.9;-1.7;4.4;0.9;84.7;0;0.1;0;0.2;-0.5;1.3;322.2222222;0;0;1.1
27226800;-5;-3;43;106;-4.8;-2.5;4.6;1.4;85;0;-0.6;-0.8;-0.6;-1.4;1.1;319.4444444;0;0;0.8
27227700;-5;-3;43;103;-5.3;-3.1;4.6;1.4;84.1;0;-1.2;-1.4;-1.1;-2;1.1;319.4444444;0;0;0.8
27228600;-6;-4;43;100;-5.8;-3.7;4.6;1.5;83.7;0;-1.8;-1.9;-1.7;-2.5;1.1;319.4444444;0;0;0.8
27229500;-6;-4;43;98;-6.1;-4;4.6;1.5;83.7;0;-2;-2.2;-2;-2.8;1.1;319.4444444;0;0;0.8
27230400;-6;-4;43;98;-6.1;-4.3;4.6;1.7;83.5;0;-2.3;-2.4;-2.2;-3;0.8;319.4444444;0;0;1.1
27231300;-7;-4;43;98;-6.6;-4.3;4.5;1.7;83.6;0;-2.3;-2.6;-2.3;-3.2;0.8;319.4444444;0;0;1.1
27232200;-7;-4;42;97;-6.6;-4.3;4.3;1.6;83.6;0;-2.4;-2.7;-2.4;-3.2;0.8;319.4444444;0;0;1.1
27233100;-7;-5;42;97;-6.6;-4.6;4.2;1.4;83.2;0;-2.6;-2.7;-2.5;-3.3;0.8;319.4444444;0;0;1.1
27234000;-7;-5;42;97;-6.6;-4.8;3.9;1.3;84;0;-2.6;-2.8;-2.5;-3.2;0.5;319.4444444;0;0;1
27234900;-7;-5;43;98;-6.6;-4.8;3.6;1.3;84.4;0;-2.5;-2.7;-2.4;-3.2;0.5;319.4444444;0;0;1
27235800;-7;-5;42;96;-6.6;-4.8;3.5;1.1;85.1;0;-2.6;-2.8;-2.5;-3.3;0.5;319.4444444;0;0;1
27236700;-7;-5;42;96;-6.6;-4.8;3.5;0.9;84.9;0;-2.8;-2.9;-2.7;-3.5;0.5;319.4444444;0;0;1
27237600;-7;-5;42;94;-7.1;-4.8;3.5;0.7;85.2;0;-2.8;-3.1;-2.8;-3.5;0.4;316.6666667;2.777777778;2.777777778;1.4
27238500;-7;-5;42;94;-7.1;-4.8;3.6;0.7;85.4;0;-2.9;-3.2;-2.9;-3.7;0.4;316.6666667;2.777777778;2.777777778;1.4
27239400;-7;-5;42;94;-7.1;-5.1;3.8;0.7;84.6;0;-3.1;-3.3;-3;-3.9;0.4;316.6666667;2.777777778;2.777777778;1.4
27240300;-7;-5;42;93;-7.1;-5.3;3.8;0.7;84.6;0;-3.2;-3.4;-3.2;-4.1;0.4;316.6666667;2.777777778;2.777777778;1.4
27241200;-8;-5;42;92;-7.4;-5.3;4.2;0.6;83.9;5.3;-3.5;-3.6;-3.4;-4.3;0.7;316.6666667;30.55555556;30.55555556;2.8
27242100;-8;-6;42;92;-7.6;-5.8;4.3;0.5;83.1;7.2;-3.6;-3.7;-3.6;-4.5;0.7;316.6666667;30.55555556;30.55555556;2.8
27243000;-8;-6;42;93;-7.6;-5.8;4.2;0.3;83.4;7.2;-3.5;-3.7;-3.5;-4.4;0.7;316.6666667;30.55555556;30.55555556;2.8
27243900;-8;-5;42;94;-7.6;-5.8;4.1;0.2;84.1;7.2;-3.3;-3.5;-3.3;-4.3;0.7;316.6666667;30.55555556;30.55555556;2.8
27244800;-7;-5;42;94;-7.6;-5.8;4.4;0.4;83.2;27;-3.2;-3.4;-3.2;-4.1;0.7;316.6666667;66.66666667;66.66666667;2.7
27245700;-7;-5;42;94;-7.6;-5.8;4.8;0.5;82.6;40.2;-3.2;-3.4;-3.2;-4.1;0.7;316.6666667;66.66666667;66.66666667;2.7
27246600;-7;-5;42;95;-7.5;-5.5;5;0.6;81.1;40.2;-3;-3.2;-3;-3.9;0.7;316.6666667;66.66666667;66.66666667;2.7
27247500;-7;-5;42;95;-7.1;-5.3;4.9;0.6;81.2;40.2;-2.7;-2.8;-2.7;-3.6;0.7;316.6666667;66.66666667;66.66666667;2.7
27248400;-7;-4;42;98;-6.8;-4.8;4.6;1.4;81.6;83.1;-2.3;-2.5;-2.3;-3.3;0.8;319.4444444;91.66666667;91.66666667;1.5
27249300;-6;-4;43;99;-6.6;-4.5;4.9;1.4;81.7;83.1;-2.1;-2.2;-2.1;-3;0.8;319.4444444;91.66666667;91.66666667;1.5
27250200;-6;-4;43;99;-6.6;-4.3;5.5;1.3;79.9;86.6;-2;-2.1;-1.9;-2.9;0.8;319.4444444;91.66666667;91.66666667;1.5
27251100;-6;-4;43;101;-6.2;-4.3;5.4;1.3;78.7;89.7;-1.8;-1.9;-1.7;-2.7;0.8;319.4444444;91.66666667;91.66666667;1.5
27252000;-6;-4;43;102;-6.1;-3.8;5.7;2.4;78.3;133.5;-1.5;-1.6;-1.4;-2.4;1.3;322.2222222;102.7777778;102.7777778;1
27252900;-6;-3;43;104;-5.7;-3.6;5.8;2.5;77.1;136.6;-1.1;-1.3;-1;-2.1;1.3;322.2222222;102.7777778;102.7777778;1
27253800;-5;-3;43;104;-5.6;-3.3;6.4;2.2;76.3;141.5;-0.9;-1;-0.8;-1.9;1.3;322.2222222;102.7777778;102.7777778;1
27254700;-5;-3;43;105;-5.4;-3.3;6.6;1.9;75.2;147;-0.7;-0.9;-0.7;-1.7;1.3;322.2222222;102.7777778;102.7777778;1
27255600;-5;-3;43;106;-5.1;-3.2;7;3.2;74.9;213.9;-0.7;-0.8;-0.6;-1.6;1.9;322.2222222;119.4444444;119.4444444;0.6
27256500;-5;-2;43;107;-5;-2.8;7.2;3.4;73.4;224.2;-0.3;-0.4;-0.2;-1.3;1.9;322.2222222;119.4444444;119.4444444;0.6
27257400;-4;-2;43;110;-4.6;-2.3;7;2.9;74.2;224.2;0.1;0;0.1;-0.9;1.9;322.2222222;119.4444444;119.4444444;0.6
27258300;-4;-2;43;111;-4.5;-2.2;7.1;2.2;74.5;224.2;0.3;0.3;0.4;-0.7;1.9;322.2222222;119.4444444;119.4444444;0.6
27259200;-4;-2;43;114;-3.9;-1.6;6.9;3.8;75.4;268;1;0.9;1;-0.2;2.3;322.2222222;108.3333333;108.3333333;0.9
27260100;-3;-1;43;118;-3.3;-0.9;6.7;4.2;76.5;279;1.7;1.6;1.8;0.5;2.3;322.2222222;108.3333333;108.3333333;0.9
27261000;-3;0;43;122;-2.7;-0.2;6.8;3.8;76.8;279;2.4;2.3;2.5;1.1;2.3;322.2222222;108.3333333;108.3333333;0.9
27261900;-2;0;43;124;-2.2;0.3;6.7;3;77.5;279;2.9;2.8;3;1.5;2.3;322.2222222;108.3333333;108.3333333;0.9
27262800;-2;0;43;127;-1.9;0.7;6.7;3.9;78.8;250.4;3.3;3.2;3.4;2;2.6;325;83.33333333;83.33333333;0.9
27263700;-2;0;43;128;-1.6;1.2;6.8;4.2;78.8;240;3.6;3.4;3.6;2.3;2.6;325;83.33333333;83.33333333;0.9
27264600;-2;0;43;127;-1.6;1.2;6.7;3.8;79.7;240;3.6;3.4;3.6;2.4;2.6;325;83.33333333;83.33333333;0.9
27265500;-2;0;43;126;-1.6;1.2;7;2.8;79.1;240;3.3;3.2;3.3;2.2;2.6;325;83.33333333;83.33333333;0.9
27266400;-2;0;43;122;-1.6;0.8;6.9;3.2;79.1;187.6;2.8;2.7;2.9;1.8;2.2;325;25;25;3.2
27267300;-2;0;43;120;-2.1;0.4;6.8;3.4;79.9;161.4;2.4;2.2;2.3;1.4;2.2;325;25;25;3.2
27268200;-3;0;43;118;-2.5;0;6.8;2.8;80.3;161.4;2;1.8;1.9;1.1;2.2;325;25;25;3.2
27269100;-3;0;43;116;-2.8;-0.4;6.6;2.4;80.1;161.4;1.6;1.4;1.6;0.7;2.2;325;25;25;3.2
27270000;-3;0;43;115;-3.1;-0.8;6;2.9;80.5;50.2;1.2;1;1.2;0.3;1.6;322.2222222;2.777777778;2.777777778;3.4
27270900;-4;0;43;112;-3.6;-1.3;5.8;2.9;80.8;50.2;0.7;0.5;0.7;0;1.6;322.2222222;2.777777778;2.777777778;3.4
27271800;-4;-2;43;110;-4;-1.7;5.7;2.7;81.9;50.2;0.2;0.1;0.3;-0.6;1.6;322.2222222;2.777777778;2.777777778;3.4
27272700;-5;-2;43;107;-4.4;-2.2;5.8;2.5;81.9;50.2;-0.3;-0.4;-0.2;-1.1;1.6;322.2222222;2.777777778;2.777777778;3.4
27273600;-5;-3;43;105;-4.7;-2.5;5.9;2.3;81.8;16.9;-0.6;-0.8;-0.6;-1.4;1.5;322.2222222;0;0;3.2
27274500;-5;-3;43;106;-5.1;-2.8;6;2.3;81.7;14.5;-0.8;-0.9;-0.8;-1.7;1.5;322.2222222;0;0;3.2
27275400;-5;-3;43;106;-5.1;-2.8;5.9;1.9;81.7;14.5;-0.9;-1.1;-0.8;-1.8;1.5;322.2222222;0;0;3.2
27276300;-5;-3;43;105;-5.1;-3.1;5.8;1.5;81.8;14.5;-1.1;-1.3;-0.9;-1.9;1.5;322.2222222;0;0;3.2
27277200;-6;-3;43;104;-5.5;-3.3;5.5;0.9;82.7;1.9;-1.3;-1.5;-1.2;-2.2;1.7;322.2222222;0;0;1.8
27278100;-6;-4;43;102;-5.6;-3.5;5.5;0.8;82.8;0;-1.5;-1.8;-1.5;-2.5;1.7;322.2222222;0;0;1.8
27279000;-6;-4;43;101;-6.1;-3.8;5.6;0.6;82.7;0;-1.7;-2;-1.8;-2.6;1.7;322.2222222;0;0;1.8
27279900;-6;-4;43;100;-6.1;-4;5.6;0.4;82.8;0;-2;-2.2;-2;-2.9;1.7;322.2222222;0;0;1.8
27280800;-6;-4;43;99;-6.1;-4.3;5.6;0.4;82.6;0;-2.1;-2.2;-2.1;-3;1.6;322.2222222;0;0;1.9
27281700;-6;-4;43;97;-6.3;-4.3;5.6;0.4;82.3;0;-2.3;-2.4;-2.2;-3.2;1.6;322.2222222;0;0;1.9
27282600;-6;-4;42;98;-6.6;-4.3;5.6;0.6;82.9;0;-2.3;-2.4;-2.2;-3.2;1.6;322.2222222;0;0;1.9
27283500;-7;-4;42;98;-6.6;-4.3;5.6;1;82.8;0;-2.4;-2.6;-2.3;-3.3;1.6;322.2222222;0;0;1.9
27284400;-7;-5;42;97;-6.6;-4.3;5.7;1.1;82.7;0;-2.5;-2.6;-2.4;-3.3;1.4;322.2222222;0;0;1.5
27285300;-7;-4;42;98;-6.6;-4.3;5.5;1.2;82.2;0;-2.3;-2.5;-2.3;-3.2;1.4;322.2222222;0;0;1.5
27286200;-6;-4;42;99;-6.6;-4.3;5.3;1.3;82.3;0;-2.2;-2.4;-2.2;-3.2;1.4;322.2222222;0;0;1.5
27287100;-7;-4;43;98;-6.6;-4.3;5.2;1.5;82.8;0;-2.4;-2.5;-2.3;-3.3;1.4;322.2222222;0;0;1.5
27288000;-7;-5;42;96;-6.6;-4.7;5.1;1.3;82.8;0;-2.7;-2.8;-2.6;-3.6;1.4;322.2222222;0;0;1.7
27288900;-7;-5;42;96;-6.6;-4.8;5.1;1.2;83.3;0;-2.7;-2.9;-2.7;-3.7;1.4;322.2222222;0;0;1.7
27289800;-7;-5;42;93;-7;-4.8;5.3;1.1;83.3;0;-2.9;-3.1;-2.9;-3.8;1.4;322.2222222;0;0;1.7
27290700;-7;-5;42;93;-7.1;-5.3;5.3;1;83.5;0;-3;-3.3;-3;-3.8;1.4;322.2222222;0;0;1.7
27291600;-7;-5;42;96;-7.1;-5.1;5.1;1.3;84;0;-2.5;-2.9;-2.5;-3.3;1.3;322.2222222;0;0;4.1
27292500;-6;-4;42;100;-6.6;-4.6;4.8;1.3;84.7;0;-2.1;-2.4;-2.1;-2.9;1.3;322.2222222;0;0;4.1
27293400;-6;-4;42;99;-6.6;-4.3;5.1;1.4;82.9;0;-2.2;-2.4;-2.2;-3;1.3;322.2222222;0;0;4.1
27294300;-7;-5;42;95;-6.6;-4.6;5;1.5;81.8;0;-2.6;-2.8;-2.6;-3.4;1.3;322.2222222;0;0;4.1
27295200;-7;-5;42;94;-7;-5;4.8;1.8;81.8;0;-3;-3.2;-2.9;-3.8;1.2;319.4444444;0;0;3.8
27296100;-7;-5;42;94;-7.1;-5.3;4.6;1.8;82.5;0;-3.1;-3.4;-3.1;-3.9;1.2;319.4444444;0;0;3.8
27297000;-7;-5;42;93;-7.1;-5.3;4.6;1.8;83.2;0;-3.2;-3.5;-3.2;-4;1.2;319.4444444;0;0;3.8
27297900;-7.5;-5.5;42;91.5;-7.35;-5.45;4.65;2.1;83.2;0;-3.35;-3.6;-3.3;-4.15;1.2;319.4444444;0;0;3.8
27298800;-8;-6;42;90;-7.6;-5.6;4.7;2.4;83.2;0;-3.5;-3.7;-3.4;-4.3;1.4;319.4444444;0;0;4.5
27299700;-8;-6;42;93;-7.6;-5.8;4.7;2.5;83;0;-3.5;-3.7;-3.4;-4.4;1.4;319.4444444;0;0;4.5
27300600;-8;-6;42;93;-7.6;-5.8;4.6;2.5;83;0;-3.7;-3.8;-3.6;-4.5;1.4;319.4444444;0;0;4.5
27301500;-8;-6;42;91;-7.7;-5.8;4.7;2.5;82.7;0;-3.8;-4;-3.8;-4.6;1.4;319.4444444;0;0;4.5
27302400;-8;-6;42;90;-8.1;-6.2;4.4;2.2;82.7;0;-4.3;-4.4;-4.2;-5.1;1.5;322.2222222;0;0;5.4
27303300;-8;-6;42;90;-8.1;-6.3;4.3;2.1;83.3;0;-4.2;-4.3;-4.2;-5;1.5;322.2222222;0;0;5.4
27304200;-8;-6;42;90;-8.1;-6.3;4.5;2.1;83.2;0;-4.2;-4.4;-4.2;-5;1.5;322.2222222;0;0;5.4
27305100;-8;-6;42;91;-8.1;-6.3;4.7;2.1;83.7;0;-4;-4.3;-4.1;-5;1.5;322.2222222;0;0;5.4
27306000;-8;-6;42;90;-8.1;-6.3;4.8;1.9;83.6;0;-4.1;-4.3;-4.1;-5.1;1.2;322.2222222;0;0;2.7
27306900;-8;-6;42;88;-8.1;-6.3;4.8;1.8;83.1;0;-4.2;-4.4;-4.1;-5.1;1.2;322.2222222;0;0;2.7
27307800;-8;-6;42;91;-8.1;-6.3;4.7;1.8;83.6;0;-3.9;-4;-3.9;-4.8;1.2;322.2222222;0;0;2.7
27308700;-8;-6;42;93;-8.1;-6.3;4.6;1.8;83.3;0;-3.7;-3.9;-3.7;-4.6;1.2;322.2222222;0;0;2.7
27309600;-8;-6;42;91;-8.1;-6.3;4.6;1.9;83.3;0;-3.9;-4;-3.8;-4.7;0.8;319.4444444;0;0;2.3
27310500;-8;-6;42;91;-8.1;-6.3;4.5;1.9;83.4;0;-4.1;-4.2;-4;-4.9;0.8;319.4444444;0;0;2.3
27311400;-8;-6;42;90;-8.1;-6.3;4.5;1.8;83.8;0;-4.2;-4.3;-4.1;-5.1;0.8;319.4444444;0;0;2.3
27312300;-8;-6;42;90;-8.1;-6.3;4.6;1.7;83.8;0;-4.3;-4.4;-4.2;-5.2;0.8;319.4444444;0;0;2.3
27313200;-8;-6;42;89;-8.2;-6.3;4.7;2.5;83.8;0;-4.4;-4.5;-4.4;-5.4;1.2;319.4444444;0;0;2.3
27314100;-8;-6;42;90;-8.6;-6.3;4.7;2.5;83.7;0;-4.4;-4.5;-4.2;-5.2;1.2;319.4444444;0;0;2.3
27315000;-8;-6;42;91;-8.6;-6.3;4.7;2.1;83.4;0;-4.2;-4.3;-4.1;-5;1.2;319.4444444;0;0;2.3
27315900;-8;-6;42;89;-8.1;-6.3;4.7;1.8;82.8;0;-4.1;-4.2;-4;-5;1.2;319.4444444;0;0;2.3
27316800;-8;-6;42;90;-8.1;-6.3;4.7;1.7;82.4;0;-4.2;-4.3;-4.1;-5.1;1.2;319.4444444;0;0;1.9
27317700;-8;-6;42;90;-8.1;-6.3;4.8;1.7;81.5;0;-4.3;-4.4;-4.3;-5.2;1.2;319.4444444;0;0;1.9
27318600;-8;-6;42;89;-8.1;-6.3;4.8;1.1;80.8;0;-4.4;-4.5;-4.3;-5.2;1.2;319.4444444;0;0;1.9
27319500;-9;-7;42;89;-8.6;-6.6;4.8;0.5;79.7;0;-4.6;-4.7;-4.5;-5.4;1.2;319.4444444;0;0;1.9
27320400;-9;-7;42;88;-8.6;-6.8;4.9;0.5;79.7;0;-4.8;-4.9;-4.6;-5.7;1.2;311.1111111;0;0;1
27321300;-5;-5;11;22;-4.7;-6.4;5;0.5;79.4;0;-4.4;-4.5;-4.4;-5.5;1.2;311.1111111;0;0;1
27322200;-3;-3;9;12;-3.7;-1.6;5;0.7;79.8;0;-3.4;-3.4;-3.3;-4.7;1.2;311.1111111;0;0;1
27323100;-7;-5;42;91;-6.7;-4.7;5;0.9;80.3;0;-3;-3.1;-2.9;-3.8;1.2;311.1111111;0;0;1
27324000;-7;-5;42;91;-7.2;-5.3;5.1;1.1;79.8;0;-3.3;-3.5;-3.2;-4.1;1.5;313.8888889;5.555555556;5.555555556;0.8
27324900;-7;-5;42;92;-7.2;-5.6;5.3;1.2;79.9;0;-3.3;-3.6;-3.3;-4.2;1.5;313.8888889;5.555555556;5.555555556;0.8
27325800;-8;-5;42;92;-7.2;-5.6;5.7;1.2;79.2;0;-3.4;-3.6;-3.3;-4.3;1.5;313.8888889;5.555555556;5.555555556;0.8
27326700;-8;-6;42;91;-7.5;-5.6;5.8;1.3;77.9;0;-3.6;-3.8;-3.5;-4.4;1.5;313.8888889;5.555555556;5.555555556;0.8
27327600;-8;-6;42;92;-7.7;-5.6;5.9;1.5;77.8;5.6;-3.6;-3.9;-3.5;-4.5;2;294.4444444;44.44444444;44.44444444;1
27328500;-8;-6;42;91;-7.7;-5.6;6;1.6;76.8;7.6;-3.7;-3.9;-3.6;-4.6;2;294.4444444;44.44444444;44.44444444;1
27329400;-8;-6;42;92;-7.7;-5.6;5.6;1.4;77.8;7.6;-3.6;-3.9;-3.6;-4.4;2;294.4444444;44.44444444;44.44444444;1
27330300;-8;-6;42;92;-7.7;-5.6;5.6;1.3;78.1;7.6;-3.6;-3.8;-3.5;-4.4;2;294.4444444;44.44444444;44.44444444;1
27331200;-8;-6;42;93;-7.7;-5.6;6;1.8;77.2;36.2;-3.5;-3.8;-3.4;-4.4;3.3;322.2222222;58.33333333;61.11111111;0.9
27332100;-7;-5;42;94;-7.7;-5.6;6.6;2.2;75.4;55.3;-3.3;-3.4;-3.2;-4.3;3.3;322.2222222;58.33333333;61.11111111;0.9
27333000;-7;-5;42;95;-7.3;-5.6;7.1;2.3;74.2;55.3;-3;-3.1;-2.9;-4;3.3;322.2222222;58.33333333;61.11111111;0.9
27333900;-7;-5;42;93;-7.2;-5.6;7.3;2.3;73.5;55.3;-2.9;-3.1;-2.9;-3.9;3.3;322.2222222;58.33333333;61.11111111;0.9
27334800;-7;-5;42;94;-7.2;-5.5;7.2;3.7;73.3;87.6;-2.8;-3.1;-2.9;-3.9;4.9;319.4444444;161.1111111;163.8888889;0.9
27335700;-7;-5;42;96;-7.2;-5.1;7.2;3.7;73.9;87.6;-2.7;-2.9;-2.7;-3.7;4.9;319.4444444;161.1111111;163.8888889;0.9
27336600;-7;-5;42;97;-6.9;-4.9;7.7;3.4;72.7;87;-2.3;-2.5;-2.3;-3.4;4.9;319.4444444;161.1111111;163.8888889;0.9
27337500;-6;-4;42;101;-6.2;-4.1;8.5;3.2;70.2;86.4;-1.5;-1.6;-1.4;-2.7;4.9;319.4444444;161.1111111;163.8888889;0.9
27338400;-5;-3;42;104;-5.5;-3.4;8.6;4.9;70;101.1;-0.8;-1;-0.7;-2;5.6;338.8888889;69.44444444;69.44444444;0.7
27339300;-5;-3;42;105;-5.2;-3.1;8.5;5;72.1;102.2;-0.6;-0.8;-0.6;-1.8;5.6;338.8888889;69.44444444;69.44444444;0.7
27340200;-5;-3;42;106;-5.2;-3.1;8.6;5;72.5;103;-0.5;-0.7;-0.5;-1.7;5.6;338.8888889;69.44444444;69.44444444;0.7
27341100;-5;-3;42;106;-5.2;-3.1;9;5;72.2;104;-0.4;-0.6;-0.5;-1.6;5.6;338.8888889;69.44444444;69.44444444;0.7
27342000;-5;-2;42;107;-5;-2.7;9;6.6;72.5;121.4;-0.2;-0.4;-0.2;-1.4;6.3;338.8888889;44.44444444;44.44444444;0.9
27342900;-5;-2;43;107;-4.7;-2.6;8.9;6.9;73.9;124.1;0;-0.2;0;-1.2;6.3;338.8888889;44.44444444;44.44444444;0.9
27343800;-4;-2;42;109;-4.7;-2.6;9.1;6.8;73.9;124.1;0.2;-0.1;0.1;-1.1;6.3;338.8888889;44.44444444;44.44444444;0.9
27344700;-4;-2;42;109;-4.7;-2.2;9.3;6.6;73.7;124.1;0.2;-0.1;0.1;-1;6.3;338.8888889;44.44444444;44.44444444;0.9
27345600;-5;-2;42;108;-4.7;-2.1;9.5;7.6;73.7;124.3;0;-0.3;-0.1;-1.2;6.6;341.6666667;47.22222222;47.22222222;1.6
27346500;-5;-2;42;108;-4.7;-2.1;9.9;7.9;73.1;124.4;0;-0.3;-0.1;-1.3;6.6;341.6666667;47.22222222;47.22222222;1.6
27347400;-5;-2;42;108;-4.7;-2.1;10.1;7.5;72.1;124.4;0;-0.2;0;-1.2;6.6;341.6666667;47.22222222;47.22222222;1.6
27348300;-4;-2;42;109;-4.7;-2.1;10.2;6.7;72;124.4;0.1;-0.2;0.1;-1.1;6.6;341.6666667;47.22222222;47.22222222;1.6
27349200;-4;-2;43;110;-4.7;-2.1;10.2;7.4;73;104.8;0.2;-0.1;0.2;-1.1;6.7;338.8888889;38.88888889;38.88888889;1.8
27350100;-4;-2;43;110;-4.7;-2.1;10.1;7.7;73.2;97.7;0.4;0;0.3;-0.9;6.7;338.8888889;38.88888889;38.88888889;1.8
27351000;-4;-2;42;109;-4.4;-2.1;10.2;7.5;73.5;97.7;0.4;0;0.3;-0.9;6.7;338.8888889;38.88888889;38.88888889;1.8
27351900;-4;-2;43;110;-4.2;-2.1;10.2;6.9;74.3;97.7;0.4;0.1;0.4;-0.8;6.7;338.8888889;38.88888889;38.88888889;1.8
27352800;-4;-2;42;111;-4.2;-2.1;10.2;7.1;74.7;81.1;0.5;0.1;0.4;-0.8;6.7;341.6666667;13.88888889;13.88888889;1.7
27353700;-4;-2;42;111;-4.2;-2.1;10.2;7.2;75.3;72.8;0.5;0.2;0.4;-0.7;6.7;341.6666667;13.88888889;13.88888889;1.7
27354600;-4;-2;42;111;-4.2;-2.1;10.1;6.8;75.9;72.8;0.6;0.2;0.4;-0.6;6.7;341.6666667;13.88888889;13.88888889;1.7
27355500;-4;-2;42;110;-4.2;-2.1;10.1;6.5;76.8;72.8;0.4;0;0.2;-0.8;6.7;341.6666667;13.88888889;13.88888889;1.7
27356400;-4;-2;42;108;-4.2;-2.1;10.3;6.6;76.8;39.6;0;-0.2;-0.1;-1.1;6.9;341.6666667;5.555555556;5.555555556;1.2
27357300;-5;-2;42;108;-4.7;-2.4;10.4;6.6;76.5;39.6;-0.2;-0.5;-0.3;-1.4;6.9;341.6666667;5.555555556;5.555555556;1.2
27358200;-5;-2;42;107;-4.7;-2.6;10.3;6.5;76.9;39.6;-0.2;-0.6;-0.3;-1.4;6.9;341.6666667;5.555555556;5.555555556;1.2
27359100;-5;-2;42;106;-4.7;-2.6;10.2;6.4;77.3;39.6;-0.3;-0.5;-0.4;-1.4;6.9;341.6666667;5.555555556;5.555555556;1.2
27360000;-5;-2;42;107;-4.7;-2.6;10.1;6.3;77.6;8.4;-0.2;-0.4;-0.3;-1.2;6.6;344.4444444;0;0;1.2
27360900;-4;-2;42;110;-4.7;-2.3;10.1;6.3;78.8;6.2;0.3;0;0.1;-0.7;6.6;344.4444444;0;0;1.2
27361800;-4;-2;43;111;-4.2;-2.1;10.1;6.3;79.6;6.2;0.7;0.3;0.4;-0.6;6.6;344.4444444;0;0;1.2
27362700;-4;-2;42;111;-4.2;-2.1;10.1;6.2;80;6.2;0.5;0.3;0.4;-0.6;6.6;344.4444444;0;0;1.2
27363600;-4;-2;43;110;-4.2;-2.1;9.9;6.2;80.3;0.8;0.2;0;0.1;-0.9;6.7;344.4444444;0;0;1.9
27364500;-5;-2;43;109;-4.2;-2.1;10.1;6.2;80.8;0;0;-0.3;-0.1;-0.9;6.7;344.4444444;0;0;1.9
27365400;-5;-2;42;110;-4.2;-2.1;10.1;6.4;80.8;0;0;-0.3;-0.1;-1;6.7;344.4444444;0;0;1.9
27366300;-5;-2;42;109;-4.4;-2.1;10.1;6.6;80.9;0;0;-0.4;-0.1;-1.1;6.7;344.4444444;0;0;1.9
27367200;-5;-2;42;109;-4.7;-2.1;9.8;6.4;83.3;0;0;-0.4;-0.2;-1.1;6.8;341.6666667;0;0;2.2
27368100;-5;-2;42;107;-4.7;-2.2;9.8;6.3;83.9;0;-0.1;-0.5;-0.3;-1.3;6.8;341.6666667;0;0;2.2
27369000;-5;-2;42;108;-4.7;-2.6;9.8;6.3;86.1;0;-0.3;-0.7;-0.3;-1.3;6.8;341.6666667;0;0;2.2
27369900;-5;-3;42;107;-4.7;-2.6;9.9;6.2;86.5;0;-0.4;-0.8;-0.3;-1.5;6.8;341.6666667;0;0;2.2
27370800;-5;-3;42;106;-5;-2.7;9.9;6;86.4;0;-0.6;-1;-0.7;-1.7;7;341.6666667;0;0;2.3
27371700;-5;-3;42;105;-5.2;-3.1;9.8;5.9;86;0;-0.9;-1.2;-0.9;-1.9;7;341.6666667;0;0;2.3
27372600;-5;-3;42;105;-5.2;-3.1;9.8;6;85.7;0;-1;-1.3;-1.1;-2;7;341.6666667;0;0;2.3
27373500;-5;-3;42;104;-5.2;-3.1;9.8;6.2;85.4;0;-1.1;-1.3;-1.1;-2.1;7;341.6666667;0;0;2.3
27374400;-6;-3;42;104;-5.3;-3.1;9.8;6.3;85.4;0;-1.2;-1.4;-1.1;-2.2;7.1;333.3333333;0;0;1.5
27375300;-6;-3;42;103;-5.7;-3.5;9.8;6.4;85.4;0;-1.3;-1.5;-1.3;-2.4;7.1;333.3333333;0;0;1.5
27376200;-6;-4;42;102;-5.7;-3.6;9.8;6.6;85;0;-1.3;-1.7;-1.4;-2.4;7.1;333.3333333;0;0;1.5
27377100;-6;-4;42;102;-5.7;-3.6;9.8;6.8;84.8;0;-1.4;-1.7;-1.4;-2.4;7.1;333.3333333;0;0;1.5
27378000;-6;-4;42;102;-5.7;-3.6;9.6;6.6;84.4;0;-1.5;-1.7;-1.5;-2.5;7.4;333.3333333;0;0;1.2
27378900;-6;-4;42;103;-5.7;-3.6;9.3;6.6;84.6;0;-1.4;-1.7;-1.5;-2.4;7.4;333.3333333;0;0;1.2
27379800;-6;-3;42;103;-5.7;-3.6;9.3;6.7;85.1;0;-1.2;-1.5;-1.3;-2.3;7.4;333.3333333;0;0;1.2
27380700;-5;-3;42;105;-5.7;-3.6;9.7;6.7;85.3;0;-0.8;-1.3;-1.1;-2.1;7.4;333.3333333;0;0;1.2
27381600;-5;-3;42;105;-5.7;-3.6;9.7;6.4;84.9;0;-0.7;-1.2;-1;-2;7.1;341.6666667;0;0;1.2
27382500;-5;-3;42;104;-5.7;-3.6;9.6;6.4;84.9;0;-0.9;-1.3;-1.1;-2;7.1;341.6666667;0;0;1.2
27383400;-5;-3;42;105;-5.7;-3.5;9.9;6.5;84.9;0;-0.8;-1.3;-1;-1.9;7.1;341.6666667;0;0;1.2
27384300;-4;-2.5;30;71.5;-4.6;-2.9;9.95;4.8;84.55;0;-0.25;-0.75;-0.25;-1.5;7.1;341.6666667;0;0;1.2
27385200;-3;-2;18;38;-3.5;-2.3;10;3.1;84.2;0;0.3;-0.2;0.5;-1.1;6.5;344.4444444;0;0;0.9
27386100;-3;-2;20;52;-2.7;-1.6;10;2.5;83.9;0;0.8;0.4;0.9;-0.5;6.5;344.4444444;0;0;0.9
27387000;-2;-2;0;0;-1.9;-1.6;9.9;2.5;83.9;0;1.4;1.5;2;-0.1;6.5;344.4444444;0;0;0.9
27387900;-3;0;43;110;-2.6;-0.3;9.9;2.5;83.9;0;2;1.7;2.1;0.9;6.5;344.4444444;0;0;0.9
27388800;-3;0;43;116;-3.2;-0.8;10;2.2;83.9;0;1.3;1;1.2;0.3;6.6;344.4444444;0;0;1.2
27389700;-4;0;43;112;-3.5;-1.1;10.1;2.1;83.7;0;1;0.6;0.8;-0.1;6.6;344.4444444;0;0;1.2
27390600;-4;-1;43;112;-3.9;-1.6;10.1;2.1;83.9;0;0.6;0.3;0.5;-0.5;6.6;344.4444444;0;0;1.2
27391500;-4;-2;43;110;-4;-1.8;10.2;2.1;83.9;0;0.3;0;0.2;-0.8;6.6;344.4444444;0;0;1.2
27392400;-4;-2;43;110;-4.4;-2.1;10.3;1.9;83.9;0;0.1;-0.2;0.1;-0.9;6.9;344.4444444;0;0;1
27393300;-5;-2;43;108;-4.4;-2.1;10.3;1.8;83.3;0;0.1;-0.4;-0.1;-1;6.9;344.4444444;0;0;1
27394200;-4;-2;43;109;-4.4;-2.1;10.2;1.8;83.4;0;0.3;-0.2;0.1;-0.9;6.9;344.4444444;0;0;1
27395100;-4;-2;43;109;-4.4;-2.1;10.2;1.8;83.9;0;0.2;-0.1;0.1;-1;6.9;344.4444444;0;0;1
27396000;-5;-2;43;109;-4.4;-2.1;10.3;4.9;83.4;0;0.1;-0.4;0;-1.1;6.7;341.6666667;0;0;1.4
27396900;-5;-2;43;107;-4.4;-2.3;10.2;6.4;83.4;0;-0.2;-0.6;-0.2;-1.3;6.7;341.6666667;0;0;1.4
27397800;-5;-3;43;107;-4.9;-2.6;10.2;6.5;83.4;0;-0.3;-0.7;-0.4;-1.5;6.7;341.6666667;0;0;1.4
27398700;-5;-3;43;107;-4.9;-2.6;10.3;6.6;83.4;0;-0.3;-0.7;-0.3;-1.4;6.7;341.6666667;0;0;1.4
27399600;-5;-2;43;108;-4.9;-2.6;10.2;6.4;83.6;0;0;-0.5;-0.1;-1.2;6.7;344.4444444;0;0;1.7
27400500;-5;-2;43;108;-4.9;-2.6;10.1;6.4;84.5;0;0.1;-0.4;-0.1;-1;6.7;344.4444444;0;0;1.7
27401400;-5;-2;43;108;-4.9;-2.6;10;6.6;85.4;0;0;-0.5;-0.1;-1.1;6.7;344.4444444;0;0;1.7
27402300;-5;-2;43;106;-4.9;-2.6;9.8;6.7;85.4;0;0;-0.6;-0.1;-1.2;6.7;344.4444444;0;0;1.7
27403200;-5;-2;43;107;-4.9;-2.6;9.8;6.5;85.9;0;0.1;-0.6;-0.1;-1.3;6.8;338.8888889;0;0;1.9
27404100;-5;-3;43;106;-4.9;-2.6;9.6;6.5;87.6;0;-0.3;-0.7;-0.4;-1.5;6.8;338.8888889;0;0;1.9
27405000;-5;-3;43;105;-4.9;-2.7;9.5;6.5;87.6;0;-0.7;-1;-0.7;-1.8;6.8;338.8888889;0;0;1.9
27405900;-5;-3;43;104;-5.3;-3.1;9.7;6.6;87.4;0;-0.8;-1.1;-0.9;-2;6.8;338.8888889;0;0;1.9
27406800;-5;-3;43;104;-5.4;-3.1;9.8;6.4;87.4;0;-0.8;-1.2;-0.8;-1.9;6.7;344.4444444;0;0;2.2
27407700;-5;-3;43;105;-5.4;-3.1;10;6.4;87;0;-0.5;-1.1;-0.6;-1.7;6.7;344.4444444;0;0;2.2
27408600;-5;-3;43;104;-5.4;-3.1;9.9;6.5;86.7;0;-0.7;-1.1;-0.8;-1.8;6.7;344.4444444;0;0;2.2
27409500;-5;-3;43;105;-5.4;-3.1;10;6.6;86.8;0;-0.7;-1.1;-0.8;-1.9;6.7;344.4444444;0;0;2.2
27410400;-5;-3;43;103;-5.4;-3.1;9.9;6.6;86.4;0;-0.8;-1.1;-0.9;-1.8;6.6;322.2222222;5.555555556;5.555555556;2.6
27411300;-5;-3;43;104;-5.4;-3.1;9.8;6.6;86.4;0;-0.9;-1.2;-1;-2;6.6;322.2222222;5.555555556;5.555555556;2.6
27412200;-6;-3;43;103;-5.4;-3.2;9.7;6.7;86.4;0;-1.1;-1.4;-1.2;-2.3;6.6;322.2222222;5.555555556;5.555555556;2.6
27413100;-6;-4;43;102;-5.4;-3.6;9.8;6.8;86.4;0;-1.3;-1.6;-1.4;-2.4;6.6;322.2222222;5.555555556;5.555555556;2.6
27414000;-6;-3;43;104;-5.9;-3.6;9.9;6.8;86.4;3.6;-1.2;-1.6;-1.3;-2.4;6.9;325;50;52.77777778;2.7
27414900;-6;-3;43;105;-5.8;-3.6;10.1;6.8;86;4.9;-0.9;-1.4;-1.1;-2.1;6.9;325;50;52.77777778;2.7
27415800;-5;-3;43;107;-5.4;-3.3;10.1;6.7;85.7;4.9;-0.4;-1.1;-0.8;-1.8;6.9;325;50;52.77777778;2.7
27416700;-5;-2;43;110;-5;-2.7;10.1;6.7;85.4;4.9;0.1;-0.4;-0.2;-1.3;6.9;325;50;52.77777778;2.7
27417600;-4;-2;43;114;-4.3;-2;10.4;6.9;84.6;23.4;0.9;0.4;0.6;-0.7;7.4;338.8888889;77.77777778;77.77777778;3
27418500;-4;-2;43;115;-3.9;-1.6;10.4;7;83.5;35.7;1.2;0.7;1;-0.3;7.4;338.8888889;77.77777778;77.77777778;3
27419400;-3;-2;43;118;-3.5;-1.1;10.5;6.9;82.4;35.7;1.7;1.1;1.5;0.3;7.4;338.8888889;77.77777778;77.77777778;3
27420300;-3;0;43;119;-3.1;-0.7;10.6;6.9;81.1;35.7;2.1;1.6;2;0.7;7.4;338.8888889;77.77777778;77.77777778;3
27421200;-2;0;43;122;-2.7;-0.2;10.9;7.5;79.3;71.8;2.6;2;2.5;1.2;8;338.8888889;116.6666667;116.6666667;3.3
27422100;-2;0;43;125;-2.4;0.3;10.9;7.5;79.5;71.8;3;2.4;2.8;1.5;8;338.8888889;116.6666667;116.6666667;3.3
27423000;-2;0;43;125;-2.3;0.4;11.1;7.6;79;70.5;3.1;2.6;3;1.6;8;338.8888889;116.6666667;116.6666667;3.3
27423900;-2;0;43;126;-1.9;0.4;11.2;7.6;78.6;69.3;3.3;2.7;3.1;1.8;8;338.8888889;116.6666667;116.6666667;3.3
27424800;-2;0;43;127;-1.9;0.9;11.5;8.1;77.8;124.6;3.6;2.9;3.3;2;8.7;341.6666667;122.2222222;122.2222222;2.7
27425700;-2;0;43;130;-1.6;0.9;11.8;8.1;76.8;124.6;3.8;3.2;3.5;2.3;8.7;341.6666667;122.2222222;122.2222222;2.7
27426600;-2;1;43;132;-1.4;1.4;11.8;8;75.9;119;4.2;3.5;4;2.8;8.7;341.6666667;122.2222222;122.2222222;2.7
27427500;-2;1;43;135;-0.9;1.8;11.9;8;75.6;114.1;4.6;4;4.4;3.3;8.7;341.6666667;122.2222222;122.2222222;2.7
27428400;-1;1;43;136;-0.7;2.1;12.1;8.3;74.2;142.9;4.8;4.3;4.6;3.5;8.9;350;75;75;2.7
27429300;0;2;43;136;-0.4;2.4;11.8;8.3;74.8;147.3;5;4.3;4.7;3.5;8.9;350;75;75;2.7
27430200;0;2;43;135;-0.4;2.4;11.9;8.3;76;147.3;4.8;4.4;4.7;3.5;8.9;350;75;75;2.7
27431100;0;2;43;134;-0.4;2.4;11.9;8.3;76.8;147.3;4.8;4.4;4.7;3.5;8.9;350;75;75;2.7
27432000;0;2;43;134;-0.4;2.4;12.1;8.6;76.3;127.3;4.8;4.5;4.8;3.6;9.4;347.2222222;97.22222222;100;3
27432900;0;2;38;132;0.3;2.7;12.3;8.7;74.2;124.2;5.6;5.1;5.4;4.2;9.4;347.2222222;97.22222222;100;3
27433800;1;3;38;100;1.8;3.9;12.4;8.9;73.6;124.2;6.4;6.1;6.5;5.2;9.4;347.2222222;97.22222222;100;3
27434700;1;4;43;142;1.5;4.4;12.3;9.2;74.5;124.2;6.8;6.5;6.8;5.7;9.4;347.2222222;97.22222222;100;3
27435600;0;3;43;145;1.5;4.4;12.2;9.3;75.4;111.8;6.5;6.2;6.4;5.5;9.6;341.6666667;55.55555556;55.55555556;3.6
27436500;0;3;43;145;1.5;4.4;12;9.3;76.3;109.9;6.5;6.2;6.3;5.4;9.6;341.6666667;55.55555556;55.55555556;3.6
27437400;0;3;43;143;1.1;4.2;12.1;9.2;76;109.9;6.3;6;6.2;5.2;9.6;341.6666667;55.55555556;55.55555556;3.6
27438300;0;3;43;143;1;3.9;12.3;9.1;75.8;109.9;6.2;5.9;6.1;5.1;9.6;341.6666667;55.55555556;55.55555556;3.6
27439200;0;3;43;142;1;3.9;12;9.4;76.1;63.9;6.4;6;6.2;5.2;9.5;336.1111111;33.33333333;33.33333333;3.2
27440100;0;3;39;130;1.6;3.9;12;9.4;76.8;60.6;6.3;6.1;6.2;5.2;9.5;336.1111111;33.33333333;33.33333333;3.2
27441000;1;3;39;96;2;4.1;12;9.5;76.3;60.6;6.6;6.3;6.6;5.5;9.5;336.1111111;33.33333333;33.33333333;3.2
27441900;0;3;43;145;1.3;4.3;12;9.7;76;60.6;6.3;6;6.3;5.3;9.5;336.1111111;33.33333333;33.33333333;3.2
27442800;0;3;43;142;0.9;3.9;11.9;9.5;76.1;39.2;5.9;5.6;5.8;4.8;9.5;350;2.777777778;2.777777778;3.5
27443700;0;2;43;140;0.6;3.4;11.8;9.5;76.6;33.8;5.5;5.1;5.4;4.4;9.5;350;2.777777778;2.777777778;3.5
27444600;0;2;43;140;0.6;3.4;11.7;9.5;77.3;33.8;5.6;5.2;5.5;4.5;9.5;350;2.777777778;2.777777778;3.5
27445500;0;2;43;138;0.6;3.4;11.7;9.5;77.4;33.8;5.5;5.2;5.5;4.5;9.5;350;2.777777778;2.777777778;3.5
27446400;0;2;43;137;0.6;3.4;11.8;9.4;77.3;15.6;5.6;5;5.3;4.5;9;350;0;0;3.2
27447300;0;3;43;109;1.5;3.4;11.6;9.4;77.4;11;5.9;5.4;5.8;4.8;9;350;0;0;3.2
27448200;1;3;39;114;1.8;4;11.5;9.4;77.6;11;6.5;6.1;6.6;5.5;9;350;0;0;3.2
27449100;0;3;43;145;1.2;4.3;11.5;9.4;76.8;11;6.4;5.9;6.3;5.4;9;350;0;0;3.2
27450000;0;3;43;143;1.1;3.9;11.5;9.2;77;2.2;6.1;5.6;6;5.1;9;347.2222222;0;0;3.3
27450900;0;3;43;143;1.1;3.9;11.3;9.1;77.3;0;6.1;5.7;5.9;5.1;9;347.2222222;0;0;3.3
27451800;0;3;43;142;1.1;3.9;11.3;9.2;77.2;0;6;5.6;5.8;5;9;347.2222222;0;0;3.3
27452700;0;3;43;140;1.1;3.9;11.3;9.3;76.9;0;5.9;5.5;5.7;5;9;347.2222222;0;0;3.3
27453600;0;3;41;119;1.4;3.9;11.3;9;76.8;0;6.1;5.7;5.9;5.1;8.9;347.2222222;0;0;3.2
27454500;1;3;39;97;2;4.1;11.2;8.9;76.8;0;6.5;6.1;6.4;5.5;8.9;347.2222222;0;0;3.2
27455400;0;3;43;143;1.2;4.1;11.2;8.8;76.8;0;6.2;5.8;6.1;5.3;8.9;347.2222222;0;0;3.2
27456300;0;3;43;143;1;3.9;11.2;8.7;76.7;0;6;5.6;6;5;8.9;347.2222222;0;0;3.2
27457200;0;3;43;142;0.7;3.9;11.2;8.4;76.4;0;5.9;5.4;5.8;4.9;8.8;347.2222222;0;0;4.6
27458100;0;2;43;140;0.7;3.4;11.1;8.3;76.6;0;5.8;5.2;5.5;4.7;8.8;347.2222222;0;0;4.6
27459000;0;3;43;140;0.7;3.4;11;8.4;76.3;0;5.8;5.3;5.7;4.7;8.8;347.2222222;0;0;4.6
27459900;1;3;37;91;1.7;3.8;10.9;8.6;76.3;0;6.1;5.7;6.1;5;8.8;347.2222222;0;0;4.6
27460800;0;3;36;123;1.5;4.2;10.9;8.1;76.3;0;6.5;6;6.5;5.5;8.4;347.2222222;0;0;3
27461700;0;3;43;142;0.9;3.9;10.8;8;76.3;0;5.8;5.5;5.9;4.9;8.4;347.2222222;0;0;3
27462600;0;2;43;139;0.6;3.4;10.7;8.1;76.3;0;5.7;5.2;5.6;4.7;8.4;347.2222222;0;0;3
27463500;0;2;43;139;0.4;3.4;10.6;8.3;76.3;0;5.6;5.1;5.5;4.6;8.4;347.2222222;0;0;3
27464400;0;2;43;138;0.4;3.4;10.6;7.8;76.2;0;5.5;4.9;5.4;4.5;8.2;344.4444444;0;0;3.1
27465300;0;2;43;137;0.4;3.4;10.5;7.7;76.3;0;5.4;4.9;5.4;4.3;8.2;344.4444444;0;0;3.1
27466200;0;2;42;98;1.6;3.4;10.6;7.9;75.8;0;5.7;5.2;5.5;4.6;8.2;344.4444444;0;0;3.1
27467100;0;3;38;107;1.5;3.7;10.5;8.3;76.1;0;6.2;5.8;6.1;5.2;8.2;344.4444444;0;0;3.1
27468000;0;3;43;140;0.7;3.6;10.4;8.2;76.2;0;5.6;5.2;5.5;4.7;8;344.4444444;0;0;2.9
27468900;0;2;43;140;0.5;3.4;10.4;8.2;76.3;0;5.3;5;5.3;4.4;8;344.4444444;0;0;2.9
27469800;0;2;43;139;0.2;3;10.3;8.3;76.3;0;5.2;4.8;5.1;4.2;8;344.4444444;0;0;2.9
27470700;0.5;2;41.5;106.5;0.95;2.95;10.25;6;76.15;0;5.3;4.95;5.3;4.3;8;344.4444444;0;0;2.9
27471600;1;2;40;74;1.7;2.9;10.2;3.7;76;0;5.4;5.1;5.5;4.4;7.9;344.4444444;0;0;2.8
27472500;1;3;43;75;1.9;3.3;10.3;2.5;75.8;0;5.9;5.5;6;4.9;7.9;344.4444444;0;0;2.8
27473400;1;3;38;89;1.7;3.6;10.3;2.5;75.7;0;6.1;5.8;6.2;5.2;7.9;344.4444444;0;0;2.8
27474300;0;2;43;139;0.5;3.4;10.4;2.5;75.5;0;5.3;5;5.3;4.5;7.9;344.4444444;0;0;2.8
27475200;0;1;43;136;-0.3;2.6;10.5;2.2;75.3;0;4.6;4.2;4.5;3.6;7.6;341.6666667;0;0;2.6
27476100;0;1;43;135;-0.6;2.4;10.2;2.1;75.7;0;4.4;4;4.4;3.5;7.6;341.6666667;0;0;2.6
27477000;0;1;43;133;-0.6;2.1;10.3;2.1;75.7;0;4.3;3.8;4.2;3.3;7.6;341.6666667;0;0;2.6
27477900;0;1;43;132;-0.6;1.9;10.1;2.1;75.9;0;4.2;3.6;4;3.1;7.6;341.6666667;0;0;2.6
27478800;0;1;43;132;-0.6;1.9;10.1;1.9;75.6;0;4.1;3.6;4.1;3.1;7.6;341.6666667;0;0;2.3
27479700;0;1;43;131;-0.6;1.9;10.1;1.8;75.4;0;4.1;3.6;4;3.1;7.6;341.6666667;0;0;2.3
27480600;0;1;43;131;-0.8;1.9;10.1;1.8;74.7;0;4;3.5;4;3.1;7.6;341.6666667;0;0;2.3
27481500;0;1;43;133;-1.1;1.9;9.9;1.8;73.9;0;4.1;3.7;4.2;3.3;7.6;341.6666667;0;0;2.3
27482400;0;1;43;133;-1.1;1.9;9.9;5.8;74;0;4.2;3.8;4.2;3.3;7.2;341.6666667;0;0;2.6
27483300;0;1;43;133;-1.1;1.9;9.8;7.3;73.4;0;4.3;3.9;4.3;3.4;7.2;341.6666667;0;0;2.6
27484200;0;1;43;133;-1.1;1.9;9.8;7.3;73;0;4.2;3.8;4.2;3.4;7.2;341.6666667;0;0;2.6
27485100;0;1;43;133;-1.1;1.9;9.7;7.4;73;0;4.2;3.9;4.2;3.4;7.2;341.6666667;0;0;2.6
27486000;0;1;43;131;-1.1;1.9;9.8;7.1;73.5;0;3.9;3.6;4;3.1;6.9;338.8888889;0;0;2.8
27486900;0;1;43;129;-1.1;1.5;9.8;7;74.5;0;3.7;3.2;3.6;2.7;6.9;338.8888889;0;0;2.8
27487800;-1;0;43;128;-1.3;1.4;9.8;7.1;75.1;0;3.5;3;3.4;2.4;6.9;338.8888889;0;0;2.8
27488700;-2;0;43;127;-1.6;1.4;9.7;7.3;74.9;0;3.4;3;3.4;2.5;6.9;338.8888889;0;0;2.8
27489600;-1;0;40;89;-0.9;1.1;9.6;7;75.3;0;3.4;2.9;3.3;2.4;6.7;338.8888889;0;0;2.3
27490500;0;1;14;12;0.9;1.3;9.6;6.9;75.3;0;4.3;4;4.5;2.9;6.7;338.8888889;0;0;2.3
27491400;0;1;8;20;1.1;1.9;9.6;6.9;75.2;0;5.2;5.1;5.7;3.7;6.7;338.8888889;0;0;2.3
27492300;0;3;38;131;0.7;3.6;9.7;7;74.9;0;5.5;5.2;5.5;4.7;6.7;338.8888889;0;0;2.3
27493200;0;1;43;133;-0.5;2.3;10;6.8;73.7;0;4.1;3.9;4.2;3.5;6.7;338.8888889;0;0;3.2
27494100;0;1;43;130;-1;1.6;9.8;6.7;73.6;0;3.7;3.3;3.7;2.8;6.7;338.8888889;0;0;3.2
27495000;-2;0;43;127;-1.4;1.1;10;6.7;73;0;3.2;2.8;3.2;2.2;6.7;338.8888889;0;0;3.2
27495900;-2;0;43;127;-1.6;0.9;10;6.7;72.4;0;3.1;2.6;3.1;2.2;6.7;338.8888889;0;0;3.2
27496800;-2;0;43;126;-1.9;0.9;9.6;6.6;73.1;0;3.3;2.7;3.1;2.2;6.5;338.8888889;0;0;3.2
27497700;-2;0;43;127;-1.9;0.9;9.3;6.6;73.9;0;3.2;2.8;3.2;2.2;6.5;338.8888889;0;0;3.2
27498600;-2;0;43;126;-1.9;0.9;9.2;6.6;74.6;0;3.1;2.7;3.1;2.2;6.5;338.8888889;0;0;3.2
27499500;-2;0;43;126;-1.9;0.9;9.1;6.5;75.2;0;3.1;2.7;3;2.1;6.5;338.8888889;0;0;3.2
27500400;-2;0;43;127;-1.9;0.9;9.1;6.4;75.5;2.8;3.1;2.6;3;2.1;6.4;338.8888889;8.333333333;8.333333333;3.4
27501300;-2;0;43;126;-1.9;0.9;9;6.3;75.7;3.8;3.2;2.6;3;2.1;6.4;338.8888889;8.333333333;8.333333333;3.4
27502200;-2;0;43;126;-1.9;0.9;9.2;6.4;75.7;3.8;3;2.6;2.9;2;6.4;338.8888889;8.333333333;8.333333333;3.4
27503100;-2;0;43;126;-1.9;0.9;9.2;6.6;75.7;3.8;3;2.6;2.9;2;6.4;338.8888889;8.333333333;8.333333333;3.4
27504000;-2;0;43;125;-1.9;0.9;9.2;6.5;75.9;18.4;3;2.5;3;1.9;6.5;338.8888889;22.22222222;22.22222222;3.5
27504900;-2;0;43;126;-1.9;0.9;9.2;6.4;76.2;23.7;3;2.6;2.9;2;6.5;338.8888889;22.22222222;22.22222222;3.5
27505800;-2;0;43;126;-1.9;0.9;9.3;6.4;76.2;23.7;3;2.4;2.8;1.8;6.5;338.8888889;22.22222222;22.22222222;3.5
27506700;-2;0;43;124;-1.9;0.8;9.4;6.4;76;23.7;2.9;2.4;2.7;1.8;6.5;338.8888889;22.22222222;22.22222222;3.5
27507600;-2;0;43;124;-1.9;0.4;9.7;6.5;74.7;31.6;2.7;2.4;2.7;1.9;6.9;338.8888889;33.33333333;33.33333333;4
27508500;-2;0;43;126;-1.9;0.4;9.8;6.6;74.1;34.5;2.8;2.5;2.9;2;6.9;338.8888889;33.33333333;33.33333333;4
27509400;-2;0;43;126;-1.9;0.4;9.8;6.6;73.5;34.6;3;2.6;3;2;6.9;338.8888889;33.33333333;33.33333333;4
27510300;-2;0;43;128;-1.9;0.6;9.7;6.7;74;34.9;3.2;2.8;3.1;2.2;6.9;338.8888889;33.33333333;33.33333333;4
27511200;-2;0;43;128;-1.9;0.9;9.8;7;73.8;77.3;3.3;2.8;3.1;2.2;7.1;338.8888889;44.44444444;44.44444444;3.9
27512100;-2;0;43;129;-1.9;0.9;9.7;7.1;73.7;98.5;3.4;2.9;3.3;2.4;7.1;338.8888889;44.44444444;44.44444444;3.9
27513000;-2;0;43;128;-1.9;0.9;10;7;73.2;90.2;3.2;3;3.3;2.4;7.1;338.8888889;44.44444444;44.44444444;3.9
27513900;-2;0;43;128;-1.9;0.9;10;6.9;72.1;86.1;3.3;3;3.3;2.4;7.1;338.8888889;44.44444444;44.44444444;3.9
27514800;-2;0;43;128;-1.9;0.9;10;7.1;72.4;108.8;3.3;3;3.3;2.4;7.2;338.8888889;41.66666667;41.66666667;3
27515700;-2;0;43;127;-1.9;0.9;10.1;7.2;72.1;120.1;3.3;2.9;3.3;2.4;7.2;338.8888889;41.66666667;41.66666667;3
27516600;-2;0;43;127;-1.9;0.9;10.2;7.2;71.9;120.1;3.3;2.9;3.2;2.4;7.2;338.8888889;41.66666667;41.66666667;3
27517500;-2;0;43;128;-1.9;0.9;10;7.2;72.2;120.1;3.3;2.9;3.3;2.4;7.2;338.8888889;41.66666667;41.66666667;3
27518400;-2;0;43;129;-1.9;0.9;9.8;7.3;72.3;120.2;3.5;3.1;3.4;2.5;7.2;338.8888889;33.33333333;33.33333333;1.9
27519300;-2;0;43;129;-1.5;0.9;9.9;7.3;72.2;120.2;3.4;3.1;3.5;2.6;7.2;338.8888889;33.33333333;33.33333333;1.9
27520200;-2;0;43;128;-1.4;0.9;9.9;7.2;72.2;120.2;3.3;3;3.4;2.5;7.2;338.8888889;33.33333333;33.33333333;1.9
27521100;-2;0;43;129;-1.4;0.9;9.9;7.2;71.7;120.2;3.4;3;3.5;2.6;7.2;338.8888889;33.33333333;33.33333333;1.9
27522000;-2;0;43;130;-1.4;0.9;9.9;7.5;71.7;138.4;3.5;3.1;3.5;2.6;7.1;338.8888889;27.77777778;27.77777778;1.9
27522900;-2;0;43;128;-1.4;0.9;10;7.6;71.7;147.5;3.4;3;3.4;2.5;7.1;338.8888889;27.77777778;27.77777778;1.9
27523800;-2;0;43;127;-1.4;0.9;9.8;7.6;71.8;147.5;3.3;2.9;3.3;2.4;7.1;338.8888889;27.77777778;27.77777778;1.9
27524700;-2;0;43;128;-1.4;0.9;9.7;7.6;72.1;147.5;3.4;3;3.4;2.4;7.1;338.8888889;27.77777778;27.77777778;1.9
27525600;-2;0;43;128;-1.4;0.9;9.7;7.7;72.2;98.5;3.3;2.9;3.3;2.4;7;338.8888889;11.11111111;11.11111111;2
27526500;-2;0;43;126;-1.8;0.9;9.8;7.8;71.8;74;2.9;2.6;3;2.2;7;338.8888889;11.11111111;11.11111111;2
27527400;-1;0;40;93;-1.3;0.9;9.7;7.7;72;74;2.9;2.5;2.9;2;7;338.8888889;11.11111111;11.11111111;2
27528300;-1;1;39;84;-0.5;1.2;9.6;7.4;72.6;74;3.7;3.4;3.8;2.8;7;338.8888889;11.11111111;11.11111111;2
27529200;-2;0;43;129;-1.2;1.4;9.6;7.6;72.6;45.5;3.5;3;3.4;2.5;6.7;338.8888889;2.777777778;2.777777778;2.2
27530100;-2;0;43;127;-1.6;1;9.4;7.7;72.9;31.2;3.2;2.7;3.1;2.2;6.7;338.8888889;2.777777778;2.777777778;2.2
27531000;-2;0;43;127;-1.6;0.9;9.3;7.5;72.9;31.2;3.1;2.7;3.1;2.2;6.7;338.8888889;2.777777778;2.777777778;2.2
27531900;-2;0;43;127;-1.6;0.9;9.2;7.4;73.1;31.2;3.1;2.7;3.1;2.3;6.7;338.8888889;2.777777778;2.777777778;2.2
27532800;0;1;6;17;0.2;1;9.1;7.3;73.6;19.7;3.5;3.3;3.7;2.4;6.5;336.1111111;0;0;2.6
27533700;0;2;22;49;0.8;2.3;9.2;7.3;73.2;13.9;4.7;4.3;4.9;3.4;6.5;336.1111111;0;0;2.6
27534600;1;2;0;0;1.6;2.4;9.1;7;73.2;13.9;5;4.7;5.2;3.6;6.5;336.1111111;0;0;2.6
27535500;1;2;25;63;1.5;3;9.2;6.8;73;13.9;5.6;5.3;5.9;4.5;6.5;336.1111111;0;0;2.6
27536400;1;2;3;3;2.1;3.4;9.2;6.6;72.7;5.6;5.4;5.3;5.7;4.5;6.5;336.1111111;0;0;1.5
27537300;1;3;20;63;1.9;3.7;9.2;6.5;72.7;0;6.1;5.9;6.3;5.1;6.5;336.1111111;0;0;1.5
27538200;1;2;9;16;2.1;3.5;9;6.4;73.2;0;5.6;5.4;5.8;4.7;6.5;336.1111111;0;0;1.5
27539100;2;3;14;45;2.1;3.6;9.1;6.3;73.1;0;6.2;6;6.4;5.1;6.5;336.1111111;0;0;1.5
27540000;2;3;14;32;2.3;3.6;9.2;6;73.3;0;5.6;5.4;5.8;4.8;6.3;336.1111111;0;0;1.1
27540900;2;4;9;29;2.3;4.6;9.2;5.8;73.4;0;6.1;5.9;6.4;5.1;6.3;336.1111111;0;0;1.1
27541800;2;3;20;54;2.2;4;9.3;5.9;73;0;5.7;5.6;5.9;4.9;6.3;336.1111111;0;0;1.1
27542700;2;3;3;4;2.5;3.7;9.3;5.9;72.7;0;6;6;6.1;5;6.3;336.1111111;0;0;1.1
27543600;2;3;26;74;2;3.8;9.3;5.8;72.3;0;5.8;5.7;5.9;5.1;6.2;336.1111111;0;0;0.8
27544500;2;3;0;0;2.5;3.4;9.2;5.8;72.6;0;6;5.8;6;4.9;6.2;336.1111111;0;0;0.8
27545400;1;3;29;77;2;3.9;9;6.2;73.4;0;6;5.8;6.1;5.2;6.2;336.1111111;0;0;0.8
27546300;2;3;0;0;2.4;3.4;9.2;6.4;73.4;0;5.9;5.8;6;4.9;6.2;336.1111111;0;0;0.8
27547200;1;3;29;76;2;3.8;9.2;5.9;73.5;0;6;5.8;6.1;5.3;6.2;336.1111111;0;0;1.1
27548100;2;3;0;0;2.4;3.4;9.2;5.6;73.7;0;5.8;5.6;5.8;4.9;6.2;336.1111111;0;0;1.1
27549000;1;3;27;74;2;3.8;9.2;5.5;73.8;0;6.1;5.8;6.2;5.2;6.2;336.1111111;0;0;1.1
27549900;2;3;0;0;2.4;3.7;9.3;5.5;73.6;0;5.7;5.6;5.9;4.8;6.2;336.1111111;0;0;1.1
27550800;1;3;24;69;2.2;4.3;9.2;5.2;73.9;0;6.2;6;6.3;5.3;6.1;336.1111111;0;0;0.8
27551700;2;3;3;4;2.4;3.5;9.2;5;73.7;0;5.7;5.6;5.8;4.8;6.1;336.1111111;0;0;0.8
27552600;1;3;19;63;2.4;3.8;9.1;5.4;74;0;6.3;6.1;6.4;5.4;6.1;336.1111111;0;0;0.8
27553500;2;3;9;14;2.4;3.5;9.1;5.6;74.1;0;5.6;5.5;5.8;4.8;6.1;336.1111111;0;0;0.8
27554400;1;3;14;45;2.5;3.6;9.2;5.5;73.8;0;6.2;6;6.2;5.3;6;336.1111111;0;0;1.2
27555300;2;3;14;29;2.4;3.6;9.3;5.5;73.7;0;5.6;5.4;5.6;4.9;6;336.1111111;0;0;1.2
27556200;2;3;9;27;2.5;3.5;9.3;6;73.6;0;6.1;6;6.2;5.1;6;336.1111111;0;0;1.2
27557100;2;3.5;7;21;2.5;4.05;9.25;4.85;73.8;0;6.05;5.9;6.1;5.05;6;336.1111111;0;0;1.2
27558000;2;4;5;15;2.5;4.6;9.2;3.7;74;0;6;5.8;6;5;6;336.1111111;0;0;1.3
27558900;1;3;21;61;2;3.9;9.2;2.5;73.7;0;5.7;5.5;5.7;4.9;6;336.1111111;0;0;1.3
27559800;2;3;1;1;2.6;3.5;9.2;2.5;74.5;0;5.8;5.7;5.9;4.9;6;336.1111111;0;0;1.3
27560700;1;3;26;66;1.9;3.7;9.3;2.5;74.1;0;5.7;5.6;5.8;5;6;336.1111111;0;0;1.3
27561600;2;3;0;0;2.5;3.4;9.2;2.1;73.9;0;5.7;5.6;5.8;4.9;6;336.1111111;0;0;1.5
27562500;1;3;26;64;1.9;3.6;9.3;2.1;73.6;0;5.6;5.5;5.8;4.9;6;336.1111111;0;0;1.5
27563400;2;2;0;0;2.4;3.4;9.3;2.1;73.6;0;5.7;5.5;5.7;4.8;6;336.1111111;0;0;1.5
27564300;1;3;26;62;2;3.6;9.3;2.1;73.5;0;5.6;5.5;5.7;4.9;6;336.1111111;0;0;1.5
27565200;2;2;0;0;2.3;3.4;9.3;1.8;73.1;0;5.6;5.4;5.6;4.7;5.9;336.1111111;0;0;1.7
27566100;1;3;26;64;2;3.6;9.4;1.8;73.1;0;5.7;5.5;5.7;5;5.9;336.1111111;0;0;1.7
27567000;2;4;0;0;2.2;3.8;9.3;1.8;73.6;0;5.6;5.4;5.6;4.7;5.9;336.1111111;0;0;1.7
27567900;1;3;26;66;2;4.1;9.2;1.8;73.6;0;5.8;5.6;5.9;5;5.9;336.1111111;0;0;1.7
27568800;2;2;0;0;2.3;3.4;9.2;5.2;73.6;0;5.6;5.4;5.6;4.7;5.5;336.1111111;0;0;1.8
27569700;1;3;26;63;2;3.6;9.2;5.7;73.6;0;5.8;5.6;5.9;5;5.5;336.1111111;0;0;1.8
27570600;2;2;0;0;2.3;3.4;9.2;5.9;73.6;0;5.5;5.3;5.6;4.6;5.5;336.1111111;0;0;1.8
27571500;1;3;26;63;2.1;3.6;9.2;6.2;73.6;0;5.8;5.6;5.9;5;5.5;336.1111111;0;0;1.8
27572400;2;2;0;0;2.5;3.4;9.2;5.9;73.6;0;5.4;5.2;5.5;4.6;5.5;333.3333333;0;0;1.9
27573300;1;3;25;56;2;3.6;9.2;5.8;73.6;0;5.7;5.5;5.8;4.9;5.5;333.3333333;0;0;1.9
27574200;1;2;0;0;2.1;3.4;9.2;5.8;73.6;0;5.2;5.1;5.4;4.5;5.5;333.3333333;0;0;1.9
27575100;1;3;22;60;2;4;9.1;5.7;74;0;5.6;5.5;5.7;4.8;5.5;333.3333333;0;0;1.9
27576000;1;3;3;3;2.1;3.4;8.9;5.6;74.1;0;5.2;5.1;5.3;4.4;5.3;333.3333333;0;0;1.7
27576900;1;3;20;50;2;3.4;8.8;5.6;74.6;0;5.6;5.4;5.7;4.8;5.3;333.3333333;0;0;1.7
27577800;1;2;3;4;2;3.4;8.8;5.6;75.1;0;5.1;5;5.3;4.4;5.3;333.3333333;0;0;1.7
27578700;1;2;19;48;2;3.4;8.9;5.5;74.9;0;5.5;5.4;5.6;4.8;5.3;333.3333333;0;0;1.7
27579600;1;2;5;7;2;3.4;8.9;5.4;74.4;0;5.2;5.1;5.3;4.4;5.2;333.3333333;0;0;1.1
27580500;1;2;17;46;2.2;3.5;8.8;5.4;74.3;0;5.7;5.5;5.8;4.9;5.2;333.3333333;0;0;1.1
27581400;1;2;8;10;2.3;3.4;8.7;5.4;75;0;5.2;5.1;5.4;4.5;5.2;333.3333333;0;0;1.1
27582300;1;2;16;45;2.2;3.5;8.6;5.4;75.1;0;5.7;5.6;5.8;4.9;5.2;333.3333333;0;0;1.1
27583200;1;3;9;14;2.3;3.7;8.6;5.2;75.1;0;5.3;5.1;5.4;4.6;5.1;333.3333333;2.777777778;2.777777778;0.9
27584100;2;4;13;43;2.2;5.3;8.5;5.1;75.1;0;5.8;5.6;5.9;5;5.1;333.3333333;2.777777778;2.777777778;0.9
27585000;1;3;12;22;2.3;3.5;8.4;5.1;75;0;5.3;5.2;5.4;4.6;5.1;333.3333333;2.777777778;2.777777778;0.9
27585900;2;4;11;32;2.3;4.1;8.1;5.2;75.4;0;5.9;5.6;5.9;4.9;5.1;333.3333333;2.777777778;2.777777778;0.9
27586800;1;2;14;30;2.3;3.5;8.2;5.1;75.3;2.3;5.4;5.2;5.5;4.6;5.1;330.5555556;25;25;0.9
27587700;2;3;9;20;2.3;3.5;8.1;5;74.2;3.4;5.9;5.6;5.9;4.8;5.1;330.5555556;25;25;0.9
27588600;1;2;17;42;2.2;3.6;8.1;5;75;3.4;5.5;5.3;5.6;4.7;5.1;330.5555556;25;25;0.9
27589500;2;3;6;12;2.2;3.4;8.3;5.1;74.1;3.4;6;5.7;6;4.9;5.1;330.5555556;25;25;0.9
27590400;2;2;21;57;2.1;3.6;8.4;5;73.4;15.9;5.7;5.5;5.8;4.9;5.4;330.5555556;47.22222222;47.22222222;0.6
27591300;2;3;0;1;2.4;3.4;8.8;5;72.3;22.1;6.1;5.9;6.1;4.9;5.4;330.5555556;47.22222222;47.22222222;0.6
27592200;2;3;26;75;2.2;4;9;5;71.2;22.1;5.9;5.9;6.1;5.1;5.4;330.5555556;47.22222222;47.22222222;0.6
27593100;2;4;0;0;2.7;3.9;9.1;5.1;70.8;22.1;6.1;6;6.2;5;5.4;330.5555556;47.22222222;47.22222222;0.6
27594000;2;3;28;84;2.1;4.4;9.2;5.4;70.7;41.1;6.1;6;6.3;5.3;5.2;330.5555556;41.66666667;41.66666667;0.9
27594900;2;3;0;0;2.6;3.8;9;5.5;71.1;50.6;6.1;6;6.2;5;5.2;330.5555556;41.66666667;41.66666667;0.9
27595800;1;3;28;78;2.1;4.2;9.1;5.5;71.4;50.6;6.3;6.1;6.3;5.4;5.2;330.5555556;41.66666667;41.66666667;0.9
27596700;2;3;0;0;2.6;3.8;9.2;5.6;69.7;50.6;6.1;6;6.3;5;5.2;330.5555556;41.66666667;41.66666667;0.9
27597600;2;3;28;81;2.1;4.2;9.3;6;69.5;84.6;6.5;6.4;6.6;5.6;5.5;330.5555556;55.55555556;55.55555556;0.8
27598500;2;3;0;0;2.6;3.8;9.3;6;68.6;84.6;6.1;6;6.2;5;5.5;330.5555556;55.55555556;55.55555556;0.8
27599400;2;3;14;40;2.6;4.1;9.2;5.9;69.1;82.8;6.8;6.6;7;5.8;5.5;330.5555556;55.55555556;55.55555556;0.8
27600300;0;3;43;137;1;3.9;9.2;5.8;69;81.3;5.5;5.4;5.6;4.9;5.5;330.5555556;55.55555556;55.55555556;0.8
27601200;0;1;43;131;-0.4;2.3;9.2;6;69;106.7;4.1;4;4.1;3.4;5.5;330.5555556;47.22222222;47.22222222;0.5
27602100;0;0;43;128;-1.1;1.5;9;6;69.4;106.7;3.4;3.3;3.4;2.6;5.5;330.5555556;47.22222222;47.22222222;0.5
27603000;-2;0;43;124;-1.7;0.9;9.1;5.6;69.5;106.7;2.8;2.6;2.8;1.9;5.5;330.5555556;47.22222222;47.22222222;0.5
27603900;0;0;28;15;0.5;0.5;9.3;5.3;68.5;106.7;3;3;3.2;1.9;5.5;330.5555556;47.22222222;47.22222222;0.5
27604800;0;0;0;0;0.9;0.8;9.3;5.4;68.4;128.6;4.2;4.2;4.4;2.4;5.7;330.5555556;33.33333333;33.33333333;1.6
27605700;0;2;25;48;1.2;2.4;9.1;5.4;68.7;132;5.1;4.9;5.2;3.8;5.7;330.5555556;33.33333333;33.33333333;1.6
27606600;1;2;0;0;1.9;2.8;9;5.4;68.7;132;5.4;5.2;5.5;4.2;5.7;330.5555556;33.33333333;33.33333333;1.6
27607500;0;2;40;116;0.7;3.2;9.2;5.5;68.5;132;5.1;5;5.3;4.4;5.7;330.5555556;33.33333333;33.33333333;1.6
27608400;0;1;43;128;-1;1.7;9.3;5.5;67.6;134.3;3.5;3.3;3.5;2.8;5.7;333.3333333;22.22222222;22.22222222;0.6
27609300;-2;0;43;120;-1.9;0.6;9.2;5.5;68.3;134.6;2.5;2.4;2.5;1.8;5.7;333.3333333;22.22222222;22.22222222;0.6
27610200;-2;2;12;32;-1.5;1.3;9;5.5;68.8;134.6;2.3;2.3;2.4;1.4;5.7;333.3333333;22.22222222;22.22222222;0.6
27611100;-1;1;0;0;-0.6;2.3;8.7;5.5;69.7;134.6;2.8;2.8;3;1.7;5.7;333.3333333;22.22222222;22.22222222;0.6
27612000;0;1;39;121;-0.8;1.8;8.7;5.8;70.1;68.6;4;3.9;4.1;3.1;5.5;333.3333333;8.333333333;8.333333333;0.7
27612900;-2;0;40;115;-1.9;0.6;8.8;5.8;69.7;58.5;2.5;2.3;2.5;1.7;5.5;333.3333333;8.333333333;8.333333333;0.7
27613800;-2;0;0;0;-2.2;0.1;8.8;5.8;70.1;58.5;2.4;2.4;2.5;1.4;5.5;333.3333333;8.333333333;8.333333333;0.7
27614700;-2;0;0;0;-1.6;0.5;8.8;5.9;70.1;58.5;2.9;2.8;3;1.7;5.5;333.3333333;8.333333333;8.333333333;0.7
27615600;-1;1;38;118;-1.1;1.5;8.8;6.2;70.7;17.8;3.9;3.5;3.9;2.8;5.5;333.3333333;2.777777778;2.777777778;1.2
27616500;-2;0;33;97;-2;0.5;8.8;6.2;70.9;14.9;2.4;2.2;2.4;1.5;5.5;333.3333333;2.777777778;2.777777778;1.2
27617400;-2;0;0;0;-2.2;0.2;8.7;6.1;71.3;14.9;2.5;2.4;2.6;1.4;5.5;333.3333333;2.777777778;2.777777778;1.2
27618300;-2;0;0;0;-1.6;0.6;8.8;6;71.9;14.9;2.9;2.8;3;1.8;5.5;333.3333333;2.777777778;2.777777778;1.2
27619200;-2;1;38;121;-1.2;1.5;8.9;6.1;71.6;8.3;3.4;3.3;3.6;2.7;5.3;330.5555556;0;0;1.3
27620100;-2;0;27;76;-2.2;0.4;8.8;6.1;71.3;6.7;2.3;2.2;2.4;1.5;5.3;330.5555556;0;0;1.3
27621000;-2;0;0;0;-2.3;0.1;8.8;5.9;71.2;6.7;2.5;2.5;2.7;1.5;5.3;330.5555556;0;0;1.3
27621900;-2;0;17;59;-1.4;0.7;8.6;5.5;72.2;6.7;3.4;3.3;3.5;2.4;5.3;330.5555556;0;0;1.3
27622800;-2;0;43;122;-1.6;0.9;8.6;5.6;71.7;1.3;2.7;2.5;2.8;1.9;5.3;330.5555556;0;0;1.5
27623700;-3;0;12;35;-2.6;0.1;8.4;5.6;72.4;0;2.3;2.1;2.4;1.4;5.3;330.5555556;0;0;1.5
27624600;-2;0;0;0;-2;0.1;8.5;5.5;72.9;0;2.7;2.6;2.8;1.7;5.3;330.5555556;0;0;1.5
27625500;-2;0;30;93;-1.6;0.8;8.6;5.4;73.1;0;3.3;3.2;3.4;2.4;5.3;330.5555556;0;0;1.5
27626400;-2;0;23;65;-2.4;0.3;8.7;5.2;72.5;0;2.2;2.1;2.3;1.5;5.3;330.5555556;0;0;1.5
27627300;-2;1;0;0;-2.3;1.4;8.8;5.1;71.3;0;2.5;2.5;2.6;1.6;5.3;330.5555556;0;0;1.5
27628200;-2;1;17;59;-1.6;1.9;8.8;5;71;0;3.4;3.2;3.5;2.5;5.3;330.5555556;0;0;1.5
27629100;-2;0;43;123;-1.7;0.9;8.6;4.9;72.2;0;2.7;2.5;2.8;2;5.3;330.5555556;0;0;1.5
27630000;-3;0;20;56;-2.4;0.3;8.3;5;74.2;0;2.3;2.2;2.4;1.4;5.2;330.5555556;0;0;1.4
27630900;-2;0;0;0;-2.1;0.3;8.4;5;74.6;0;2.6;2.6;2.9;1.6;5.2;330.5555556;0;0;1.4
27631800;-2;0;31;99;-1.4;1.1;8.4;5;74.8;0;3.5;3.4;3.6;2.6;5.2;330.5555556;0;0;1.4
27632700;-2;0;37;100;-2.1;0.4;8.5;5;74.9;0;2.2;2.1;2.3;1.5;5.2;330.5555556;0;0;1.4
27633600;-3;0;0;0;-2.5;0.1;8.7;5.2;74;0;2.1;2.2;2.3;1.3;5.1;330.5555556;0;0;1.9
27634500;-2;0;0;0;-1.8;0.3;8.8;5.3;73.2;0;2.6;2.5;2.7;1.6;5.1;330.5555556;0;0;1.9
27635400;-2;0;26;82;-1.5;1;8.8;5.3;73.2;0;3.4;3.3;3.4;2.4;5.1;330.5555556;0;0;1.9
27636300;-2;0;34;92;-2.1;0.3;8.8;5.3;73.1;0;2.1;2;2.2;1.4;5.1;330.5555556;0;0;1.9
27637200;-3;0;0;0;-2.5;0.3;8.9;5.2;72.4;0;2.1;2.1;2.4;1.4;5.3;330.5555556;0;0;1.9
27638100;-2;0;0;0;-1.8;0.3;8.8;5.1;72.6;0;2.7;2.5;2.8;1.7;5.3;330.5555556;0;0;1.9
27639000;-2;0;34;109;-1.4;1.2;8.7;5;72.8;0;3.6;3.3;3.7;2.7;5.3;330.5555556;0;0;1.9
27639900;-2;0;43;122;-2.1;0.5;8.6;4.9;73.5;0;2.3;2.1;2.4;1.6;5.3;330.5555556;0;0;1.9
27640800;-2;0;2;10;-2.4;0;8.6;5;73.6;0;2.2;2.1;2.3;1.3;5.3;330.5555556;0;0;1.8
27641700;-2;0;0;0;-1.9;0.3;8.6;5.1;74.1;0;2.7;2.5;2.8;1.6;5.3;330.5555556;0;0;1.8
27642600;-1;1;30;96;-1.3;1.2;8.6;5.1;74.4;0;3.6;3.3;3.8;2.8;5.3;330.5555556;0;0;1.8
27643500;-0.5;1;21;60.5;-0.8;1.35;8.5;4.15;75;0;3.25;3;3.4;2.3;5.3;330.5555556;0;0;1.8
27644400;0;1;12;25;-0.3;1.5;8.4;3.2;75.6;0;2.9;2.7;3;1.8;5.1;330.5555556;0;0;2
27645300;0;0;23;60;-0.4;1.1;8.4;2.5;75.6;0;3.1;2.8;3.1;2;5.1;330.5555556;0;0;2
27646200;0;0;0;0;0.5;0.8;8.5;2.5;75.6;0;3.5;3.4;3.7;2.3;5.1;330.5555556;0;0;2
27647100;0;1;38;99;-0.3;1.7;8.4;2.5;75.6;0;4;3.7;4.1;3;5.1;330.5555556;0;0;2
27648000;-2;0;43;123;-1.8;0.7;8.3;2.2;75.9;0;2.6;2.3;2.6;1.8;5.1;327.7777778;0;0;2.5
27648900;-2;0;22;58;-2.5;-0.1;8.3;2.1;76.2;0;2.1;1.9;2.2;1.2;5.1;327.7777778;0;0;2.5
27649800;-2;0;0;0;-2.1;0.3;8.3;2.1;76.3;0;2.6;2.4;2.7;1.4;5.1;327.7777778;0;0;2.5
27650700;-2;0;15;51;-1.4;0.8;8.3;2.1;76.3;0;3.7;3.4;3.7;2.4;5.1;327.7777778;0;0;2.5
27651600;-1;0;43;125;-1.4;1.3;8.3;1.9;76;0;3.1;2.8;3.1;2.2;5.2;327.7777778;0;0;3.3
27652500;-2;0;39;111;-2.3;0.1;8.4;1.8;76.1;0;2.1;1.9;2.2;1.2;5.2;327.7777778;0;0;3.3
27653400;-3;0;0;0;-2.5;0.5;8.5;1.8;76.1;0;2.3;2.3;2.5;1.2;5.2;327.7777778;0;0;3.3
27654300;-2;0;0;0;-1.9;0.8;8.6;1.8;76;0;2.8;2.7;2.9;1.5;5.2;327.7777778;0;0;3.3
27655200;-1;1;36;112;-1.2;1.5;8.5;4.2;74.7;0;3.7;3.5;3.9;2.7;4.9;327.7777778;0;0;3.5
27656100;-2;0;43;123;-1.8;0.8;8.3;5.1;75.6;0;2.6;2.5;2.7;1.8;4.9;327.7777778;0;0;3.5
27657000;-2;0;43;121;-2.3;0.2;8.2;5.1;76.5;0;2.1;1.9;2.2;1.3;4.9;327.7777778;0;0;3.5
27657900;-3;0;14;40;-2.6;-0.2;8.1;5;76.7;0;2.1;2;2.3;1.2;4.9;327.7777778;0;0;3.5
27658800;-2;0;0;0;-2.1;0.3;8.1;5;77.3;0;2.7;2.5;2.8;1.5;4.9;327.7777778;0;0;3.7
27659700;-1;1;24;79;-1.3;1.2;8;5;77.9;0;3.7;3.5;4;2.7;4.9;327.7777778;0;0;3.7
27660600;-1;0;43;124;-1.6;1.1;8;5;78.3;0;2.9;2.6;3;2;4.9;327.7777778;0;0;3.7
27661500;-2;0;37;103;-2.3;0.1;8;5.1;78.7;0;2.2;1.8;2.1;1.3;4.9;327.7777778;0;0;3.7
27662400;-3;0;0;0;-2.5;0.4;7.9;5.1;79.4;0;2.4;2.2;2.5;1.3;4.7;327.7777778;0;0;3.6
27663300;-2;0;1;3;-1.8;0.3;7.8;5.1;80.1;0;3.1;2.6;3.1;1.7;4.7;327.7777778;0;0;3.6
27664200;-1;1;43;133;-1.2;1.5;7.9;5;80.1;0;3.7;3.4;3.7;2.7;4.7;327.7777778;0;0;3.6
27665100;-2;0;39;108;-2.2;0.3;8;4.9;79.7;0;2.1;2;2.3;1.4;4.7;327.7777778;0;0;3.6
27666000;-2;0;0;0;-2.5;0;8.3;4.9;78.9;0;2.2;2.2;2.4;1.3;4.6;330.5555556;0;0;3.1
27666900;-2;0;0;0;-1.8;0.3;8.4;4.9;78.4;0;2.7;2.5;2.8;1.6;4.6;330.5555556;0;0;3.1
27667800;-2;0;29;94;-1.3;1.1;8.4;4.9;78.1;0;3.5;3.3;3.6;2.5;4.6;330.5555556;0;0;3.1
27668700;-2;0;39;114;-2.1;0.4;8.3;4.9;78.6;0;2.2;2.1;2.3;1.6;4.6;330.5555556;0;0;3.1
27669600;-3;1;0;0;-2.7;0.6;8;4.9;79.2;0;2.2;2.3;2.4;1.3;4.5;327.7777778;2.777777778;2.777777778;3.4
27670500;-2;1;0;0;-1.9;2.2;7.8;4.9;79.6;0;2.8;2.6;2.8;1.7;4.5;327.7777778;2.777777778;2.777777778;3.4
27671400;-1;1;38;124;-1.3;1.6;7.9;4.8;79.9;0;3.6;3.5;3.8;2.9;4.5;327.7777778;2.777777778;2.777777778;3.4
27672300;-2;0;43;121;-2;0.5;7.8;4.7;80.1;0;2.3;2.2;2.4;1.6;4.5;327.7777778;2.777777778;2.777777778;3.4
27673200;-3;0;8;23;-2.7;0;7.8;4.7;79.1;2.2;2.1;2.1;2.3;1.1;4.8;327.7777778;22.22222222;22.22222222;2.8
27674100;-2;0;0;0;-2;0;7.9;4.7;79;3.3;2.6;2.5;2.8;1.4;4.8;327.7777778;22.22222222;22.22222222;2.8
27675000;-1;1;27;88;-1.4;1;7.8;4.6;78.7;3.3;3.6;3.6;3.8;2.7;4.8;327.7777778;22.22222222;22.22222222;2.8
27675900;-2;0;43;124;-1.8;0.9;8;4.5;78.6;3.3;2.6;2.5;2.8;1.9;4.8;327.7777778;22.22222222;22.22222222;2.8
27676800;-3;0;30;89;-2.5;0;8.3;4.6;77.8;18.6;2;1.9;2.1;1.2;4.4;330.5555556;19.44444444;19.44444444;1.7
27677700;-3;0;0;0;-2.5;0;8.3;4.6;75.8;26.3;2.5;2.5;2.7;1.4;4.4;330.5555556;19.44444444;19.44444444;1.7
27678600;-2;0;11;42;-1.7;0.5;8.2;4.5;75.7;26.3;3.5;3.4;3.7;2.5;4.4;330.5555556;19.44444444;19.44444444;1.7
27679500;0;1;43;131;-0.7;2;7.8;4.5;77;26.3;3.8;3.6;3.9;2.9;4.4;330.5555556;19.44444444;19.44444444;1.7
27680400;-2;0;43;125;-1.7;1;7.5;4.8;79.4;49.1;2.9;2.7;2.9;2.1;4.5;327.7777778;50;50;1.8
27681300;-2;0;43;123;-2;0.5;7.3;5;80.1;60.5;2.5;2.3;2.5;1.7;4.5;327.7777778;50;50;1.8
27682200;-2;0;43;122;-2.3;0.2;7.5;5;79.6;61.1;2.2;2.1;2.3;1.5;4.5;327.7777778;50;50;1.8
27683100;-2;0;43;122;-2.5;0;7.8;5.2;78.6;63.5;2.3;2.1;2.3;1.5;4.5;327.7777778;50;50;1.8
27684000;-2;0;43;122;-2.5;0;8.2;5.5;77.4;107.4;2.3;2.2;2.4;1.5;4.9;325;86.11111111;86.11111111;1.3
27684900;-2;0;43;123;-2.5;0;8.3;5.6;77.1;129.4;2.4;2.3;2.5;1.6;4.9;325;86.11111111;86.11111111;1.3
27685800;-2;0;43;124;-2.5;0;8.5;5.4;75.7;126.6;2.5;2.4;2.6;1.7;4.9;325;86.11111111;86.11111111;1.3
27686700;-2;0;43;126;-2.3;0.3;9;4.9;72.8;119;2.8;2.6;2.8;2;4.9;325;86.11111111;86.11111111;1.3
27687600;-2;0;43;126;-2;0.5;8.9;5.1;72.3;144.1;2.9;2.8;2.9;2;5.1;327.7777778;63.88888889;63.88888889;1.1
27688500;-2;0;43;125;-2;0.5;9.1;5.2;71.3;156.6;2.9;2.8;2.9;2.1;5.1;327.7777778;63.88888889;63.88888889;1.1
27689400;-2;0;43;126;-2;0.5;9;5;69.1;156.6;3;2.8;3;2.1;5.1;327.7777778;63.88888889;63.88888889;1.1
27690300;-2;0;43;125;-2;0.5;8.5;4.6;70;156.6;2.8;2.6;2.8;1.8;5.1;327.7777778;63.88888889;63.88888889;1.1
27691200;-2;0;43;123;-2;0.5;8.4;4.9;70.8;164.8;2.4;2.3;2.4;1.5;5.3;327.7777778;55.55555556;55.55555556;1.3
27692100;-2;0;43;122;-2.5;0.1;8.3;5.1;70.5;168.9;2.3;2.1;2.3;1.4;5.3;327.7777778;55.55555556;55.55555556;1.3
27693000;-3;0;37;106;-2.5;0;8.3;5.2;71.1;168.9;2;1.8;2;1;5.3;327.7777778;55.55555556;55.55555556;1.3
27693900;-2;0;0;0;-2.2;0;8.5;5.2;70.8;168.9;2.5;2.4;2.5;1.2;5.3;327.7777778;55.55555556;55.55555556;1.3
27694800;-2;0;1;5;-1.5;0;8.4;5.4;70.9;143.4;3.1;2.8;3.2;1.5;5.2;327.7777778;41.66666667;41.66666667;1.1
27695700;0;1;43;138;-1;1.8;8.6;5.5;70.2;130.6;4;3.8;4.1;3;5.2;327.7777778;41.66666667;41.66666667;1.1
27696600;-2;0;43;124;-1.7;0.9;8.6;5.4;69.4;130.6;2.8;2.7;2.9;2;5.2;327.7777778;41.66666667;41.66666667;1.1
27697500;-2;0;43;122;-2.1;0.5;8.5;5.2;69.5;130.6;2.3;2.2;2.4;1.5;5.2;327.7777778;41.66666667;41.66666667;1.1
27698400;-3;0;43;122;-2.5;0;8.5;5.4;69.8;95;2.1;1.9;2.1;1.3;5.2;316.6666667;36.11111111;36.11111111;1.2
27699300;-3;0;43;121;-2.5;0;8.6;5.5;70.5;77.2;2;1.9;2.1;1.2;5.2;316.6666667;36.11111111;36.11111111;1.2
27700200;-3;0;8;24;-2.5;0;8.6;5.5;70.5;77.2;2.2;2.2;2.3;1.2;5.2;316.6666667;36.11111111;36.11111111;1.2
27701100;-2;0;0;0;-1.9;0;8.6;5.4;70.8;77.2;2.7;2.6;2.9;1.4;5.2;316.6666667;36.11111111;36.11111111;1.2
27702000;-1;0;24;79;-1.3;1;8.2;5.5;71.9;51.9;3.8;3.6;3.9;2.6;5.4;327.7777778;5.555555556;5.555555556;1.3
27702900;-1;0;43;125;-1.6;1;8.2;5.5;72.4;39.2;2.8;2.7;3;2.1;5.4;327.7777778;5.555555556;5.555555556;1.3
27703800;-3;0;29;82;-2.4;0.1;8.3;5.3;72.1;39.2;2;1.9;2.1;1.2;5.4;327.7777778;5.555555556;5.555555556;1.3
27704700;-3;0;0;0;-2.4;0.1;8.3;5.2;71.8;39.2;2.4;2.3;2.5;1.3;5.4;327.7777778;5.555555556;5.555555556;1.3
27705600;-2;1;1;5;-1.7;2.1;8.3;5.2;71.9;21.3;3;2.7;3;1.8;5.5;325;0;0;1.7
27706500;-2;0;43;128;-1.3;1.4;8.4;5.2;72;12.3;3.4;3.2;3.5;2.5;5.5;325;0;0;1.7
27707400;-2;0;25;72;-2.4;0.2;8.4;5.2;71.8;12.3;2.1;1.9;2.1;1.2;5.5;325;0;0;1.7
27708300;-2;0;0;0;-2.4;0.1;8.4;5.1;72;12.3;2.3;2.2;2.5;1.3;5.5;325;0;0;1.7
27709200;-2;0;3;9;-1.8;0.1;8.4;5.1;71.8;4.1;3;2.7;3.1;1.7;5.5;327.7777778;0;0;1.7
27710100;-2;0;43;133;-1.3;1.4;8.3;5.1;72.6;0;3.4;3.2;3.5;2.7;5.5;327.7777778;0;0;1.7
27711000;-2;0;39;110;-2.3;0.3;8.4;5.2;72.5;0;2.1;1.9;2.1;1.3;5.5;327.7777778;0;0;1.7
27711900;-3;0;0;0;-2.6;-0.1;8.6;5.3;72.6;0;2.2;2.1;2.3;1.2;5.5;327.7777778;0;0;1.7
27712800;-2;0;0;0;-1.9;0.1;8.7;5.3;72.6;0;2.6;2.5;2.7;1.5;5.6;330.5555556;0;0;1.9
27713700;-2;1;24;80;-1.5;1.1;8.6;5.3;72.1;0;3.6;3.4;3.8;2.7;5.6;330.5555556;0;0;1.9
27714600;-2;0;43;123;-1.8;0.8;8.7;5.2;72.2;0;2.6;2.4;2.7;1.9;5.6;330.5555556;0;0;1.9
27715500;-3;0;25;69;-2.6;-0.1;8.8;5.2;71.6;0;1.9;1.9;2;1.1;5.6;330.5555556;0;0;1.9
27716400;-3;0;0;0;-2.5;0.1;8.8;5.3;71.7;0;2.2;2.3;2.4;1.2;4.9;333.3333333;0;0;1.5
27717300;-2;0;35;110;-1.7;0.9;8.8;5.4;71.4;0;3.2;3;3.5;2.3;4.9;333.3333333;0;0;1.5
27718200;-2;0;43;121;-2.2;0.3;8.7;5.5;73.7;0;2.2;2;2.3;1.4;4.9;333.3333333;0;0;1.5
27719100;-3;0;43;116;-2.8;-0.5;8.6;5.5;75.3;0;1.5;1.3;1.5;0.6;4.9;333.3333333;0;0;1.5
27720000;-3;0;43;114;-3.4;-0.9;8.7;5.4;76;0;1;0.9;1.1;0.2;5.4;333.3333333;0;0;1.2
27720900;-4;0;43;114;-3.4;-1.1;8.6;5.4;76.1;0;0.9;0.7;0.9;0;5.4;333.3333333;0;0;1.2
27721800;-4;0;43;112;-3.7;-1.4;8.8;5.4;76.1;0;0.6;0.5;0.7;-0.3;5.4;333.3333333;0;0;1.2
27722700;-4;-2;43;110;-3.9;-1.7;8.8;5.4;75.8;0;0.2;0.1;0.3;-0.4;5.4;333.3333333;0;0;1.2
27723600;-4;-2;43;110;-4.3;-1.9;8.8;5.3;76.2;0;0.1;-0.1;0.1;-0.7;5.6;336.1111111;0;0;1.1
27724500;-4;-2;43;111;-4.4;-1.9;8.8;5.3;76.3;0;0.3;0.1;0.4;-0.5;5.6;336.1111111;0;0;1.1
27725400;-4;-2;43;112;-4.4;-1.9;8.9;4.8;76.2;0;0.4;0.3;0.4;-0.5;5.6;336.1111111;0;0;1.1
27726300;-4;-2;43;112;-4.4;-1.9;8.9;4.6;75.8;0;0.5;0.3;0.5;-0.4;5.6;336.1111111;0;0;1.1
27727200;-4;-2;43;112;-4.1;-1.9;8.9;5;75.8;0;0.6;0.4;0.6;-0.4;5.4;336.1111111;0;0;0.7
27728100;-4;-2;43;111;-3.9;-1.9;8.8;5;76.9;0;0.4;0.3;0.4;-0.6;5.4;336.1111111;0;0;0.7
27729000;-4;-2;43;109;-4.2;-1.9;8.9;5.4;76.9;0;0;-0.1;0.1;-0.9;5.4;336.1111111;0;0;0.7
27729900;-3.5;-1.5;24;59;-3.5;-1.4;8.9;5.55;77.05;0;0.1;0;0.3;-0.95;5.4;336.1111111;0;0;0.7
27730800;-3;-1;5;9;-2.8;-0.9;8.9;5.7;77.2;0;0.2;0.1;0.5;-1;5.3;336.1111111;0;0;1.3
27731700;-3;-2;43;107;-3.1;-1;9;5.7;76.7;0;1;0.8;1.2;0.2;5.3;336.1111111;0;0;1.3
27732600;-3;-2;12;29;-2;-1.3;8.9;5.7;76.2;0;1.2;1;1.4;0.2;5.3;336.1111111;0;0;1.3
27733500;-2;-1;23;54;-1.5;-0.6;8.9;5.7;76.4;0;2.2;2.1;2.5;1;5.3;336.1111111;0;0;1.3
27734400;-3;0;43;120;-2.5;0;8.9;5.8;76.1;0;2;1.7;2;1.1;5.2;338.8888889;0;0;1.1
27735300;-3;0;43;118;-2.7;-0.3;8.9;5.8;76.1;0;1.7;1.5;1.7;0.8;5.2;338.8888889;0;0;1.1
27736200;-3;0;43;116;-3.1;-0.6;9;5.8;75.9;0;1.4;1.3;1.5;0.6;5.2;338.8888889;0;0;1.1
27737100;-3;0;43;115;-3.2;-0.8;8.9;5.8;76.2;0;1.2;1.1;1.2;0.4;5.2;338.8888889;0;0;1.1
27738000;-4;0;43;114;-3.6;-1.2;8.9;5.9;76;0;0.9;0.7;0.9;0.1;5.1;338.8888889;0;0;1.1
27738900;-4;0;42;112;-3.7;-1.3;8.9;5.9;76.3;0;0.7;0.4;0.7;-0.2;5.1;338.8888889;0;0;1.1
27739800;-4;-2;42;114;-3.7;-1.3;9;5.9;76.3;0;0.7;0.4;0.7;-0.1;5.1;338.8888889;0;0;1.1
27740700;-4;-2;43;113;-3.7;-1.4;9;5.9;76.4;0;0.5;0.3;0.6;-0.3;5.1;338.8888889;0;0;1.1
27741600;-4;-2;42;112;-4.2;-1.8;8.9;5.4;76.8;0;0.3;0.2;0.4;-0.5;5.2;338.8888889;0;0;0.9
27742500;-4;-2;42;111;-4.2;-1.8;8.8;5.4;77.3;0;0.1;0;0.3;-0.8;5.2;338.8888889;0;0;0.9
27743400;-5;-2;42;108;-4.4;-2.2;8.8;5.3;77.4;0;-0.3;-0.4;-0.1;-1.1;5.2;338.8888889;0;0;0.9
27744300;-5;-2;42;108;-4.7;-2.3;8.9;5.2;78.5;0;-0.3;-0.6;-0.4;-1.3;5.2;338.8888889;0;0;0.9
27745200;-5;-3;42;107;-4.7;-2.6;8.8;5.2;78.8;0;-0.6;-0.8;-0.6;-1.5;5.3;338.8888889;0;0;1
27746100;-5;-3;42;106;-5.1;-2.8;8.7;5.2;79.5;0;-0.8;-1;-0.6;-1.7;5.3;338.8888889;0;0;1
27747000;-5;-3;42;105;-5.2;-2.8;8.7;5.2;79.9;0;-1;-1.1;-0.7;-1.8;5.3;338.8888889;0;0;1
27747900;-5;-3;42;102;-5.2;-3.1;8.7;5.1;79.5;0;-1.1;-1.2;-0.9;-1.9;5.3;338.8888889;0;0;1
27748800;-5;-3;42;103;-5.2;-3.3;8.7;5.3;79.5;0;-1.1;-1.2;-0.9;-2;5.4;338.8888889;0;0;1.1
27749700;-5;-3;42;104;-5.2;-3.3;8.8;5.3;79.8;0;-1;-1.1;-0.7;-1.9;5.4;338.8888889;0;0;1.1
27750600;-5;-3;42;104;-5.2;-3.3;8.6;5.3;80.3;0;-0.7;-1;-0.6;-1.7;5.4;338.8888889;0;0;1.1
27751500;-5;-3;42;105;-5.2;-3.3;8.8;5.3;80.3;0;-0.8;-1.1;-0.7;-1.7;5.4;338.8888889;0;0;1.1
27752400;-5;-3;42;105;-5.2;-3.3;8.8;5.5;80.3;0;-1;-1.2;-0.9;-1.9;5.4;338.8888889;0;0;1
27753300;-5;-3;42;105;-5.2;-3.3;8.9;5.5;79.8;0;-1;-1.2;-1;-1.9;5.4;338.8888889;0;0;1
27754200;-5;-3;42;106;-5.2;-3.3;9.1;5.5;78.7;0;-0.8;-1.1;-0.8;-1.9;5.4;338.8888889;0;0;1
27755100;-5;-3;42;105;-5.2;-3.3;8.9;5.4;78.2;0;-1.1;-1.3;-1.1;-2.2;5.4;338.8888889;0;0;1
27756000;-6;-3;42;102;-5.7;-3.3;8.9;5.5;78.7;0;-1.3;-1.5;-1.3;-2.3;5.6;338.8888889;2.777777778;2.777777778;1.4
27756900;-6;-3;42;102;-5.7;-3.3;8.9;5.5;78.9;0;-1.4;-1.6;-1.3;-2.3;5.6;338.8888889;2.777777778;2.777777778;1.4
27757800;-6;-3;42;103;-5.7;-3.3;8.9;5.5;79.6;0;-1.2;-1.5;-1.2;-2.1;5.6;338.8888889;2.777777778;2.777777778;1.4
27758700;-5;-3;42;105;-5.7;-3.3;8.9;5.4;79.5;0;-0.9;-1.3;-0.9;-1.8;5.6;338.8888889;2.777777778;2.777777778;1.4
27759600;-5;-3;42;105;-5.7;-3.3;9.1;5.4;79.3;2.7;-1;-1.3;-1;-2;5.7;338.8888889;16.66666667;16.66666667;2.8
27760500;-6;-3;42;104;-5.7;-3.3;9.2;5.4;79.3;3.7;-1.1;-1.3;-1;-2.1;5.7;338.8888889;16.66666667;16.66666667;2.8
27761400;-5;-3;42;105;-5.7;-3.3;9.1;5.4;79.3;3.7;-0.8;-1.1;-0.8;-1.9;5.7;338.8888889;16.66666667;16.66666667;2.8
27762300;-5;-3;42;106;-5.2;-3.3;9.3;5.3;79.3;3.7;-0.7;-0.9;-0.5;-1.8;5.7;338.8888889;16.66666667;16.66666667;2.8
27763200;-5;-3;42;108;-5.2;-2.9;9.5;5.5;78.5;19.9;-0.5;-0.7;-0.4;-1.4;6.1;338.8888889;41.66666667;41.66666667;1.8
27764100;-5;-3;42;108;-5.2;-2.8;9.6;5.6;77.8;25.8;-0.5;-0.7;-0.5;-1.3;6.1;338.8888889;41.66666667;41.66666667;1.8
27765000;-5;-3;42;108;-5.2;-2.8;9.8;5.7;77.3;25.8;-0.5;-0.7;-0.4;-1.4;6.1;338.8888889;41.66666667;41.66666667;1.8
27765900;-5;-2;42;108;-4.9;-2.8;9.8;5.8;76.9;25.8;-0.3;-0.5;-0.2;-1.2;6.1;338.8888889;41.66666667;41.66666667;1.8
27766800;-5;-2;42;110;-4.7;-2.5;9.8;6.2;76.8;65.3;0;-0.3;0;-1.1;6.4;338.8888889;52.77777778;52.77777778;1.8
27767700;-4;-2;42;112;-4.7;-2.3;9.6;6.4;77.2;79.6;0.3;-0.1;0.2;-0.8;6.4;338.8888889;52.77777778;52.77777778;1.8
27768600;-4;-2;42;112;-4.7;-2.3;9.6;6.3;77.8;80.7;0.4;0;0.2;-0.8;6.4;338.8888889;52.77777778;52.77777778;1.8
27769500;-4;-2;42;112;-4.7;-2.3;9.9;6.2;77.2;83.7;0.3;0.1;0.3;-0.7;6.4;338.8888889;52.77777778;52.77777778;1.8
27770400;-4;-2;42;114;-4.3;-2;10.4;6.6;75.4;127.4;0.5;0.4;0.6;-0.5;7.8;313.8888889;219.4444444;247.2222222;2.1
27771300;-4;-2;43;117;-3.8;-1.4;10.9;6.8;73.8;143.3;1.2;1.1;1.2;0.1;7.8;313.8888889;219.4444444;247.2222222;2.1
27772200;-3;-1;43;121;-3.1;-0.6;11.4;6.8;73.4;139.7;2.1;1.9;2.1;0.8;7.8;313.8888889;219.4444444;247.2222222;2.1
27773100;-2;0;43;126;-2.3;0.2;11.5;6.7;71.4;129.9;2.8;2.6;2.8;1.5;7.8;313.8888889;219.4444444;247.2222222;2.1
27774000;-2;0;43;127;-2.1;0.5;11.9;7.1;71;167;3.1;2.9;3.1;1.9;7.9;336.1111111;119.4444444;119.4444444;2.1
27774900;-2;0;43;128;-1.7;0.9;12.4;7.3;68.4;180.5;3.5;3.3;3.4;2.3;7.9;336.1111111;119.4444444;119.4444444;2.1
27775800;-2;1;43;131;-1.5;1.2;12.3;7.2;67.3;180.5;3.9;3.6;3.7;2.6;7.9;336.1111111;119.4444444;119.4444444;2.1
27776700;-2;1;43;130;-1.2;1.2;12.1;6.9;68.2;180.5;3.7;3.5;3.6;2.5;7.9;336.1111111;119.4444444;119.4444444;2.1
27777600;-2;1;43;130;-1.2;1.2;11.7;7.3;69.6;174.4;3.7;3.5;3.7;2.6;8;330.5555556;94.44444444;94.44444444;2.5
27778500;-2;1;43;130;-1.2;1.2;11.7;7.4;70.6;172.2;3.7;3.6;3.7;2.8;8;330.5555556;94.44444444;94.44444444;2.5
27779400;-2;1;43;129;-1.2;1.2;11.5;7.7;71.4;172.2;3.6;3.5;3.6;2.9;8;330.5555556;94.44444444;94.44444444;2.5
27780300;-2;1;43;129;-1.2;1.2;12;8.2;70.5;172.2;3.6;3.5;3.6;2.8;8;330.5555556;94.44444444;94.44444444;2.5
27781200;-2;0;43;127;-1.2;1.2;11.9;8.3;69.7;171.7;3.4;3.3;3.5;2.5;7.6;341.6666667;30.55555556;30.55555556;2.5
27782100;-2;0;43;125;-1.2;1.2;11.6;8.3;70.1;171.5;3.4;3;3.3;2.2;7.6;341.6666667;30.55555556;30.55555556;2.5
27783000;-2;0;43;122;-1.7;1;11.3;8.2;70.8;171.5;3.1;2.8;3.1;2.1;7.6;341.6666667;30.55555556;30.55555556;2.5
27783900;-2;0;43;125;-1.7;0.7;11.1;8;72.1;171.5;3.3;3.1;3.3;2.5;7.6;341.6666667;30.55555556;30.55555556;2.5
27784800;-2;0;43;125;-1.7;1.2;10.9;8.1;72.2;136.8;3.5;3.2;3.4;2.5;7.4;325;38.88888889;38.88888889;2.1
27785700;-2;0;37;108;-1.3;1.2;11;8.1;71.3;119.4;3.5;3.3;3.4;2.5;7.4;325;38.88888889;38.88888889;2.1
27786600;0;1;12;25;1.1;1.6;10.8;8.1;71.1;119.4;4.4;4.4;4.6;3.2;7.4;325;38.88888889;38.88888889;2.1
27787500;0;1;43;129;-0.4;2.3;10.6;8;71.5;119.4;4.3;4.1;4.3;3.4;7.4;325;38.88888889;38.88888889;2.1
27788400;-1;0;43;128;-1.4;1.3;10.5;7.9;72.3;74.2;3.3;3;3.2;2.4;6.7;291.6666667;5.555555556;5.555555556;0.8
27789300;-2;0;43;123;-1.9;0.6;10.4;7.8;73;51.6;2.6;2.3;2.5;1.6;6.7;291.6666667;5.555555556;5.555555556;0.8
27790200;-3;0;43;118;-2.7;-0.2;9.9;7.7;73.6;51.6;1.7;1.5;1.7;0.9;6.7;291.6666667;5.555555556;5.555555556;0.8
27791100;-3;0;43;115;-3.1;-0.8;9.4;7.3;74.9;51.6;1.2;1;1.2;0.4;6.7;291.6666667;5.555555556;5.555555556;0.8
27792000;-4;0;43;113;-3.5;-1.2;8.8;7.1;75.8;28.1;0.7;0.5;0.6;0;5.7;297.2222222;0;0;2
27792900;-4;-2;42;112;-4.1;-1.8;8.5;7;77.3;16.4;0.4;0.2;0.3;-0.2;5.7;297.2222222;0;0;2
27793800;-4;-2;42;114;-4.1;-1.8;8.7;7;77.5;16.4;0.5;0.2;0.3;-0.2;5.7;297.2222222;0;0;2
27794700;-4;-2;43;113;-4.1;-1.8;8.9;7;77.3;16.4;0.4;0.1;0.2;-0.3;5.7;297.2222222;0;0;2
27795600;-4;-2;42;111;-4.1;-1.8;9.1;6.7;76;5.5;0.1;-0.1;0;-0.6;5.7;302.7777778;0;0;2.8
27796500;-5;-2;42;110;-4.5;-2.2;9;6.6;75.7;0;-0.2;-0.4;-0.2;-1;5.7;302.7777778;0;0;2.8
27797400;-5;-3;42;108;-4.7;-2.5;8.8;6.5;75.1;0;-0.5;-0.8;-0.5;-1.3;5.7;302.7777778;0;0;2.8
27798300;-5;-3;42;106;-5.1;-2.8;8.6;6.2;75.5;0;-0.9;-1.2;-0.9;-1.7;5.7;302.7777778;0;0;2.8
27799200;-5;-3;42;106;-5.1;-3.3;8.7;5.9;75.7;0;-1.1;-1.3;-1;-1.8;6;330.5555556;0;0;2.1
27800100;-6;-3;42;103;-5.6;-3.3;8.7;5.7;74.8;0;-1.1;-1.4;-1.1;-1.9;6;330.5555556;0;0;2.1
27801000;-5;-3;42;107;-5.5;-3.2;8.9;5.5;74.3;0;-0.7;-1;-0.7;-1.6;6;330.5555556;0;0;2.1
27801900;-5;-2;42;110;-5;-2.7;9.1;5.1;73.9;0;-0.1;-0.5;-0.2;-1.1;6;330.5555556;0;0;2.1
27802800;-4;-2;42;113;-4.6;-2.2;9.1;5;73.8;0;0.4;0.1;0.3;-0.5;5.7;302.7777778;0;0;1.7
27803700;-4;-2;43;115;-4.1;-1.8;9;4.9;73.4;0;0.7;0.4;0.7;-0.1;5.7;302.7777778;0;0;1.7
27804600;-4;-2;43;115;-4.1;-1.5;8.8;5;72.7;0;1;0.6;0.9;0;5.7;302.7777778;0;0;1.7
27805500;-4;-2;43;112;-4.1;-1.4;8.2;5.4;73.9;0;0.6;0.3;0.6;-0.3;5.7;302.7777778;0;0;1.7
27806400;-4;-2;42;110;-4.2;-1.9;7.7;4.7;75.6;0;0.1;-0.3;0.1;-0.7;5.2;266.6666667;0;0;1
27807300;-5;-2;42;109;-4.6;-2.3;7.2;4.4;76.7;0;-0.3;-0.7;-0.2;-1.1;5.2;266.6666667;0;0;1
27808200;-5;-3;42;107;-4.9;-2.7;6.9;4.8;77.9;0;-0.5;-0.8;-0.4;-1.2;5.2;266.6666667;0;0;1
27809100;-5;-2;42;109;-5.1;-2.8;6.8;5;79.2;0;-0.3;-0.4;-0.2;-1.1;5.2;266.6666667;0;0;1
27810000;-5;-3;42;106;-5.1;-2.8;6.6;4.6;78.7;0;-0.8;-1.1;-0.8;-1.6;5.1;266.6666667;0;0;0.8
27810900;-6;-3;42;104;-5.5;-3.3;6.2;4.4;79.3;0;-1.3;-1.5;-1.2;-1.9;5.1;266.6666667;0;0;0.8
27811800;-6;-3;42;105;-5.6;-3.3;6.1;4.9;80.2;0;-1.2;-1.3;-1.2;-1.8;5.1;266.6666667;0;0;0.8
27812700;-5;-3;42;106;-5.6;-3.3;6.1;5.1;80.7;0;-1;-1.2;-1;-1.7;5.1;266.6666667;0;0;0.8
27813600;-6;-3;42;104;-5.6;-3.3;6;5.1;80.5;0;-1.3;-1.5;-1.3;-2;4.6;269.4444444;0;0;2.5
27814500;-6;-4;42;101;-5.9;-3.7;5.7;5.1;80.2;0;-1.8;-2.2;-1.9;-2.4;4.6;269.4444444;0;0;2.5
27815400;-6;-4;42;99;-6.1;-4.3;5.5;5.2;80.2;0;-2.2;-2.5;-2.1;-2.7;4.6;269.4444444;0;0;2.5
27816300;-5.5;-4.5;41;79.5;-5.45;-4.55;5.3;5.4;80.5;0;-2.35;-2.7;-2.25;-2.9;4.6;269.4444444;0;0;2.5
27817200;-5;-5;40;60;-4.8;-4.8;5.1;5.6;80.8;0;-2.5;-2.9;-2.4;-3.1;3.8;263.8888889;0;0;2.8
27818100;-1;-3;12;0;-1.3;-3.2;5.1;5.7;81.5;0;0;-0.1;0.5;-1.5;3.8;263.8888889;0;0;2.8
27819000;-3;-2;32;77;-3;-1.8;5.1;5.7;81.7;0;0.7;0.5;1.1;0;3.8;263.8888889;0;0;2.8
27819900;-5;-2;43;107;-4.5;-2.3;5;5.7;81.7;0;-0.6;-0.8;-0.3;-0.9;3.8;263.8888889;0;0;2.8
27820800;-6;-3;43;100;-5.5;-3.4;4.8;5.8;82.2;0;-1.6;-1.9;-1.5;-2.2;3.1;263.8888889;0;0;1.9
27821700;-7;-4;43;96;-6.4;-4.5;4.6;5.8;82.2;0;-2.6;-2.8;-2.5;-3.3;3.1;263.8888889;0;0;1.9
27822600;-7;-5;43;94;-7;-5.1;4.4;5.8;82.4;0;-3.2;-3.5;-3;-3.9;3.1;263.8888889;0;0;1.9
27823500;-7;-5;43;91;-7.5;-5.4;4.4;5.8;82.7;0;-3.5;-3.9;-3.4;-4.1;3.1;263.8888889;0;0;1.9
27824400;-8;-6;43;90;-7.7;-5.8;4.4;5.9;82.7;0;-3.9;-4.2;-3.8;-4.7;3;263.8888889;0;0;1.8
27825300;-8;-6;43;85;-8;-6.3;4.3;5.9;82.9;0;-4.2;-4.4;-4.2;-5;3;263.8888889;0;0;1.8
27826200;-8;-6;42;89;-8;-6.3;4.3;5.9;83.9;0;-4.3;-4.5;-4.3;-5.1;3;263.8888889;0;0;1.8
27827100;-9;-7;42;89;-8.5;-6.6;4.1;5.9;83.7;0;-4.5;-4.8;-4.6;-5.3;3;263.8888889;0;0;1.8
27828000;-7;-7;28;56;-7;-6.8;4.1;4;83.7;0;-4.8;-4.9;-4.7;-5.5;2.3;261.1111111;0;0;1.5
27828900;-4;-2;0;0;-3.7;-2.8;4;3.7;83.8;0;-4.2;-4.2;-4;-5.2;2.3;261.1111111;0;0;1.5
27829800;-6;-4;26;56;-5.1;-2.8;3.9;3.4;84.2;0;-2.9;-3.2;-2.8;-3.9;2.3;261.1111111;0;0;1.5
27830700;-7;-5;43;91;-7.3;-5.4;3.7;3;84.2;0;-3.6;-3.8;-3.5;-4.2;2.3;261.1111111;0;0;1.5
27831600;-8;-6;44;89;-7.9;-6.1;3.7;3.1;84.3;0;-4.2;-4.4;-4.2;-4.8;2.6;261.1111111;0;0;1.6
27832500;-8;-6;42;89;-8.3;-6.5;3.7;3.1;84.6;0;-4.3;-4.6;-4.4;-5;2.6;261.1111111;0;0;1.6
27833400;-8;-6;42;90;-8.3;-6.5;3.9;3.1;85.2;0;-4.1;-4.5;-4.3;-5.1;2.6;261.1111111;0;0;1.6
27834300;-8;-7;42;86;-8.4;-6.6;3.7;3;84.4;0;-4.5;-4.8;-4.6;-5.4;2.6;261.1111111;0;0;1.6
27835200;-5;-4;2;2;-4.9;-4.8;3.5;3.1;84.2;0;-4.6;-4.6;-4.4;-5.5;1.9;263.8888889;0;0;1.2
27836100;-5;-1;1;3;-4.7;-0.9;3.3;3.1;84.2;0;-3.9;-4.1;-3.8;-5;1.9;263.8888889;0;0;1.2
27837000;-6;-5;42;83;-6.8;-5;3.4;2.6;84.2;0;-3.2;-3.5;-3.1;-4.1;1.9;263.8888889;0;0;1.2
27837900;-8;-6;45;88;-8;-6.3;3.3;2.3;84.2;0;-4.4;-4.6;-4.3;-5.1;1.9;263.8888889;0;0;1.2
27838800;-6;-5;11;21;-6.1;-6;3.4;2.4;84.2;0;-4.6;-4.9;-4.5;-5.5;1.9;280.5555556;0;0;1
27839700;-5;-2;0;0;-5.1;-1.4;3.5;2.5;84.2;0;-3.9;-4.2;-3.8;-5;1.9;280.5555556;0;0;1
27840600;-6;-4;34;69;-6.4;-4.1;3.5;2.6;84.2;0;-3.2;-3.4;-3;-3.9;1.9;280.5555556;0;0;1
27841500;-8;-6;44;90;-7.8;-6.1;3.3;2.6;84.2;0;-4.2;-4.4;-4.1;-4.8;1.9;280.5555556;0;0;1
27842400;-9;-7;44;86;-8.2;-6.4;3.9;2.7;84.7;0;-4.5;-4.8;-4.5;-5.4;2.1;325;2.777777778;2.777777778;0.8
27843300;-9;-7;42;87;-8.5;-6.7;4.4;2.7;84.2;0;-4.6;-4.8;-4.5;-5.5;2.1;325;2.777777778;2.777777778;0.8
27844200;-9;-7;42;87;-8.7;-6.9;4.7;2.3;83.8;0;-4.6;-4.8;-4.6;-5.6;2.1;325;2.777777778;2.777777778;0.8
27845100;-9;-7;42;87;-8.7;-6.9;5.1;1.9;83.6;0;-4.8;-4.9;-4.7;-5.7;2.1;325;2.777777778;2.777777778;0.8
27846000;-9;-7;42;87;-8.7;-6.9;5.4;2.1;82.8;3.2;-4.7;-4.9;-4.7;-5.6;2.7;327.7777778;30.55555556;30.55555556;0.7
27846900;-9;-7;42;86;-8.7;-6.9;5.8;2.1;82.5;3.4;-4.8;-4.9;-4.7;-5.6;2.7;327.7777778;30.55555556;30.55555556;0.7
27847800;-9;-7;42;86;-8.7;-6.9;6.3;2;81.1;3.4;-4.7;-4.8;-4.6;-5.5;2.7;327.7777778;30.55555556;30.55555556;0.7
27848700;-9;-7;42;86;-8.7;-6.9;6.5;1.9;79.7;3.4;-4.6;-4.7;-4.5;-5.5;2.7;327.7777778;30.55555556;30.55555556;0.7
27849600;-8;-6;42;88;-8.6;-6.7;6.9;2.5;78.6;25.7;-4.3;-4.4;-4.2;-5.1;3.4;327.7777778;63.88888889;63.88888889;1.3
27850500;-8;-6;42;90;-8.2;-6.4;7.1;2.5;76.8;27.3;-4;-4.2;-3.9;-4.9;3.4;327.7777778;63.88888889;63.88888889;1.3
27851400;-8;-6;42;91;-8.1;-6.2;6.9;2.5;76.8;27.3;-3.6;-3.9;-3.6;-4.7;3.4;327.7777778;63.88888889;63.88888889;1.3
27852300;-7;-5;42;92;-7.7;-5.8;7.1;2.5;76.4;27.3;-3.2;-3.5;-3.1;-4.2;3.4;327.7777778;63.88888889;63.88888889;1.3
27853200;-7;-5;42;96;-7.3;-5.4;7.3;3.5;75.9;48.5;-2.9;-3.2;-2.9;-3.9;4.1;327.7777778;97.22222222;97.22222222;2.7
27854100;-7;-5;42;97;-7.1;-5.1;7.6;3.6;74.5;50;-2.6;-2.8;-2.5;-3.5;4.1;327.7777778;97.22222222;97.22222222;2.7
27855000;-7;-4;42;98;-6.7;-4.9;7.7;3.5;74.2;49.7;-2.4;-2.5;-2.3;-3.4;4.1;327.7777778;97.22222222;97.22222222;2.7
27855900;-7;-4;42;97;-6.7;-4.9;8;3.5;73.8;49.5;-2.4;-2.5;-2.3;-3.4;4.1;327.7777778;97.22222222;97.22222222;2.7
27856800;-6;-4;43;99;-6.7;-4.7;8.1;4.5;73.4;91.6;-2.2;-2.3;-2;-3.2;4.7;327.7777778;113.8888889;113.8888889;2.8
27857700;-6;-4;43;101;-6.2;-4.1;7.9;4.7;73.4;98.1;-1.5;-1.8;-1.5;-2.6;4.7;327.7777778;113.8888889;113.8888889;2.8
27858600;-6;-3;43;103;-5.7;-3.6;7.7;4.6;74.7;95.1;-1;-1.3;-1;-2.1;4.7;327.7777778;113.8888889;113.8888889;2.8
27859500;-5;-3;43;105;-5.5;-3.4;8.2;4.5;74.4;91.7;-0.8;-1;-0.8;-1.8;4.7;327.7777778;113.8888889;113.8888889;2.8
27860400;-5;-3;43;107;-5.1;-2.9;8.6;5.4;73;124.5;-0.3;-0.6;-0.3;-1.4;5.1;333.3333333;91.66666667;91.66666667;2
27861300;-5;-2;43;106;-4.7;-2.5;9.1;5.5;73.1;129.6;-0.1;-0.3;-0.1;-1.1;5.1;333.3333333;91.66666667;91.66666667;2
27862200;-4;-2;43;109;-4.7;-2.4;9.5;5.2;71.5;129.6;0.1;0;0.1;-0.8;5.1;333.3333333;91.66666667;91.66666667;2
27863100;-4;-2;43;112;-4.2;-2;9.7;4.9;70.9;129.6;0.5;0.4;0.5;-0.4;5.1;333.3333333;91.66666667;91.66666667;2
27864000;-4;-2;43;113;-4.2;-1.9;9.3;5.8;71.8;144.1;0.7;0.6;0.7;-0.2;5.6;333.3333333;75;75;1.3
27864900;-4;-2;43;114;-3.9;-1.6;9.5;5.9;72.3;146.3;1;0.8;0.9;-0.1;5.6;333.3333333;75;75;1.3
27865800;-4;-2;43;115;-3.7;-1.4;9.8;5.7;71.3;146.3;1.1;0.9;1.1;0.1;5.6;333.3333333;75;75;1.3
27866700;-3;-2;43;116;-3.7;-1.2;9.9;5.4;71.4;146.3;1.4;1.2;1.2;0.3;5.6;333.3333333;75;75;1.3
27867600;-3;-2;43;117;-3.4;-0.9;9.7;5.7;71.5;159.3;1.4;1.3;1.4;0.4;6;336.1111111;36.11111111;36.11111111;2.1
27868500;-3;-2;43;115;-3.2;-0.9;9.6;5.8;72.5;161.3;1.2;1;1.2;0.2;6;336.1111111;36.11111111;36.11111111;2.1
27869400;-4;-2;43;113;-3.4;-1;9.5;5.5;72.8;161.3;1;0.8;0.9;-0.1;6;336.1111111;36.11111111;36.11111111;2.1
27870300;-4;-2;43;113;-3.7;-1.4;9.6;5.2;73.1;161.3;0.8;0.7;0.8;-0.2;6;336.1111111;36.11111111;36.11111111;2.1
27871200;-4;-2;43;114;-3.7;-1.4;9.7;5.6;73;92.5;0.9;0.7;0.9;-0.1;6.1;338.8888889;19.44444444;19.44444444;1.9
27872100;-4;-2;43;114;-3.7;-1.4;9.7;5.7;73.4;81.9;0.8;0.6;0.7;-0.2;6.1;338.8888889;19.44444444;19.44444444;1.9
27873000;-4;-2;43;112;-3.8;-1.5;9.9;5.7;73.1;81.9;0.4;0.3;0.5;-0.5;6.1;338.8888889;19.44444444;19.44444444;1.9
27873900;-4;-2;43;111;-4.2;-1.9;9.8;5.8;73.1;81.9;0.2;0.1;0.2;-0.7;6.1;338.8888889;19.44444444;19.44444444;1.9
27874800;-4;-2;43;110;-4.2;-1.9;9.8;6;73.1;37.1;0;-0.2;0;-1;6;338.8888889;2.777777778;2.777777778;1.7
27875700;-5;-2;43;109;-4.7;-2.4;9.6;6;73.6;30.2;-0.3;-0.4;-0.3;-1.2;6;338.8888889;2.777777778;2.777777778;1.7
27876600;-5;-3;43;108;-4.7;-2.4;9.6;6;74.1;30.2;-0.4;-0.6;-0.4;-1.4;6;338.8888889;2.777777778;2.777777778;1.7
27877500;-5;-3;43;107;-4.7;-2.4;9.5;6;74.7;30.2;-0.3;-0.6;-0.5;-1.4;6;338.8888889;2.777777778;2.777777778;1.7
27878400;-5;-3;43;107;-4.7;-2.4;9.4;6;75.4;15.4;-0.4;-0.7;-0.5;-1.4;5.7;338.8888889;0;0;1.6
27879300;-5;-3;43;108;-4.7;-2.4;9.4;6;75.6;13.1;-0.5;-0.6;-0.5;-1.3;5.7;338.8888889;0;0;1.6
27880200;-5;-3;43;108;-4.7;-2.4;9.5;6;75.3;13.1;-0.5;-0.7;-0.6;-1.3;5.7;338.8888889;0;0;1.6
27881100;-5;-2;43;110;-4.7;-2.4;9.3;5.9;75.4;13.1;-0.2;-0.4;-0.2;-1.1;5.7;338.8888889;0;0;1.6
27882000;-5;-2;43;111;-4.7;-2.4;9.1;5.7;76.2;2.6;0.1;-0.2;0;-0.7;5.7;338.8888889;0;0;1.7
27882900;-4;-2;43;112;-4.7;-2.3;8.9;5.7;77.3;0;0.3;0;0.3;-0.7;5.7;338.8888889;0;0;1.7
27883800;-4;-2;43;113;-4.2;-1.9;8.8;5.7;78.3;0;0.6;0.3;0.5;-0.5;5.7;338.8888889;0;0;1.7
27884700;-4;-2;43;115;-4.2;-1.8;8.7;5.6;79.5;0;0.9;0.6;0.8;-0.3;5.7;338.8888889;0;0;1.7
27885600;-4;-2;43;115;-4.2;-1.4;8.7;5.3;79.6;0;0.9;0.6;0.9;-0.2;5.6;338.8888889;0;0;3.1
27886500;-4;-2;43;114;-3.7;-1.4;8.8;5.2;79.9;0;1;0.7;0.9;-0.1;5.6;338.8888889;0;0;3.1
27887400;-4;-2;43;114;-3.7;-1.4;8.9;5.2;80.1;0;0.9;0.6;0.8;-0.1;5.6;338.8888889;0;0;3.1
27888300;-4;-2;43;113;-3.7;-1.4;9;5.1;80.1;0;0.7;0.4;0.6;-0.3;5.6;338.8888889;0;0;3.1
27889200;-4;-2;43;113;-4.1;-1.6;9.1;5.4;79.9;0;0.4;0.2;0.3;-0.5;5.8;338.8888889;0;0;2.6
27890100;-4;-2;43;111;-4.2;-1.9;9.1;5.5;79.6;0;0.2;-0.1;0.2;-0.8;5.8;338.8888889;0;0;2.6
27891000;-5;-2;43;110;-4.5;-2.2;9;5.6;80;0;-0.1;-0.3;-0.1;-1.1;5.8;338.8888889;0;0;2.6
27891900;-5;-2;43;109;-4.7;-2.4;9.2;5.8;79.8;0;-0.2;-0.5;-0.3;-1.4;5.8;338.8888889;0;0;2.6
27892800;-5;-2;43;110;-4.7;-2.4;9.2;5.6;79.6;0;-0.1;-0.3;-0.1;-1.3;6;338.8888889;0;0;2.2
27893700;-5;-2;43;111;-4.7;-2.4;9.3;5.6;79.2;0;0.1;-0.3;0;-1.1;6;338.8888889;0;0;2.2
27894600;-4;-2;43;111;-4.5;-2.3;9.2;5.5;79.1;0;0.3;-0.1;0.3;-0.8;6;338.8888889;0;0;2.2
27895500;-4;-2;43;113;-4.2;-1.9;9.1;5.3;79.6;0;0.8;0.3;0.6;-0.5;6;338.8888889;0;0;2.2
27896400;-4;-2;43;115;-4;-1.6;9.3;5.2;79.6;0;1;0.7;0.9;-0.2;6;338.8888889;0;0;2
27897300;-4;-2;43;115;-3.7;-1.4;9.4;5.2;79.1;0;1.1;0.8;1;-0.1;6;338.8888889;0;0;2
27898200;-4;-2;43;116;-3.7;-1.4;9.5;5.2;78.8;0;1.2;1;1.2;0.1;6;338.8888889;0;0;2
27899100;-3;-2;43;116;-3.7;-1.4;9.4;5.2;78.7;0;1.3;1;1.1;0.1;6;338.8888889;0;0;2
27900000;-3;-2;43;117;-3.7;-1.2;9.4;5.5;78.9;0;1.4;1.1;1.3;0.3;5.9;338.8888889;0;0;2.7
27900900;-3;-2;43;117;-3.7;-0.9;9.4;5.6;78.9;0;1.4;1.1;1.2;0.3;5.9;338.8888889;0;0;2.7
27901800;-3;-2;43;118;-3.4;-0.9;9.4;5.9;78.6;0;1.6;1.3;1.4;0.5;5.9;338.8888889;0;0;2.7
27902700;-2.5;-0.5;23.5;62.5;-2.05;-0.2;9.4;5.85;78.5;0;2;1.9;1.95;0.7;5.9;338.8888889;0;0;2.7
27903600;-2;1;4;7;-0.7;0.5;9.4;5.8;78.4;0;2.4;2.5;2.5;0.9;5.9;336.1111111;0;0;2.8
27904500;-2;0;40;106;-1.7;0.7;9.4;5.7;78.1;0;2.6;2.5;2.7;1.5;5.9;336.1111111;0;0;2.8
27905400;0;0;0;0;0;0.1;9.4;5.7;78.1;0;2.9;3;3.2;1.6;5.9;336.1111111;0;0;2.8
27906300;-1;0;32;79;-0.8;0.9;9.4;5.7;77.6;0;3.4;3.3;3.5;2.3;5.9;336.1111111;0;0;2.8
27907200;-2;0;43;125;-1.9;0.7;9.3;5.8;77.8;0;2.7;2.6;2.7;1.9;5.9;336.1111111;0;0;2.4
27908100;-2;0;43;124;-2;0.6;9.3;5.8;78.1;0;2.6;2.4;2.5;1.9;5.9;336.1111111;0;0;2.4
27909000;-2;0;43;124;-2;0.6;9.3;5.8;77.9;0;2.6;2.4;2.5;1.9;5.9;336.1111111;0;0;2.4
27909900;-2;0;43;124;-2;0.6;9.3;5.8;78.1;0;2.6;2.3;2.5;1.9;5.9;336.1111111;0;0;2.4
27910800;-2;0;43;125;-2;0.6;9.2;5.9;78.1;0;2.7;2.5;2.6;1.9;5.9;338.8888889;0;0;2.1
27911700;-2;0;43;125;-2;0.6;9.2;5.9;78.1;0;2.7;2.5;2.6;2.1;5.9;338.8888889;0;0;2.1
27912600;-2;0;43;125;-2;0.6;9.1;5.9;78.1;0;2.7;2.5;2.7;2;5.9;338.8888889;0;0;2.1
27913500;-2;0;43;125;-2;0.6;9.2;5.9;78.1;0;2.6;2.5;2.6;1.8;5.9;338.8888889;0;0;2.1
27914400;-2;0;43;125;-2;0.6;9.2;5.8;78.1;0;2.7;2.5;2.7;1.8;5.8;336.1111111;0;0;2.5
27915300;-2;0;43;125;-2;0.6;9.2;5.8;78.1;0;2.7;2.5;2.6;1.9;5.8;336.1111111;0;0;2.5
27916200;-2;0;43;124;-2;0.6;9.1;5.8;78.1;0;2.4;2.4;2.6;1.7;5.8;336.1111111;0;0;2.5
27917100;-2;0;43;123;-2.4;0.1;9.2;5.8;77.9;0;2.4;2.2;2.4;1.6;5.8;336.1111111;0;0;2.5
27918000;-3;0;43;121;-2.5;0.1;9.2;5.9;77.7;0;2.1;2;2.2;1.2;5.8;336.1111111;0;0;2.7
27918900;-3;0;43;121;-2.5;0.1;9.2;5.9;77.5;0;1.9;1.9;2.1;1.1;5.8;336.1111111;0;0;2.7
27919800;-3;0;43;121;-2.5;0.1;9.2;5.9;77.5;0;1.9;1.9;2.2;1;5.8;336.1111111;0;0;2.7
27920700;-3;0;43;119;-2.5;0.1;9.2;6;77.5;0;1.9;1.8;2.1;1.1;5.8;336.1111111;0;0;2.7
27921600;-3;0;43;120;-2.5;-0.2;9.2;5.9;77.4;0;1.8;1.7;1.9;1;5.8;336.1111111;0;0;3
27922500;-3;0;43;117;-2.9;-0.4;9.3;5.9;77;0;1.5;1.4;1.6;0.8;5.8;336.1111111;0;0;3
27923400;-3;0;43;117;-3;-0.7;9.3;5.8;76.9;0;1.3;1.2;1.5;0.6;5.8;336.1111111;0;0;3
27924300;-3;0;43;116;-3.2;-0.9;9.5;5.7;76.4;0;1;1;1.2;0.3;5.8;336.1111111;0;0;3
27925200;-4;0;43;114;-3.5;-1.3;9.4;5.7;76.1;0;0.7;0.6;1;-0.3;5.8;333.3333333;0;0;3.1
27926100;-4;0;43;114;-3.9;-1.4;9.3;5.7;77;0;0.7;0.5;0.7;-0.3;5.8;333.3333333;0;0;3.1
27927000;-4;-1;43;113;-4;-1.4;9.2;5.7;77.5;0;0.5;0.3;0.6;-0.3;5.8;333.3333333;0;0;3.1
27927900;-4;-2;43;113;-4;-1.4;9.1;5.7;77.9;0;0.5;0.3;0.6;-0.3;5.8;333.3333333;0;0;3.1
27928800;-4;-2;43;110;-4;-1.7;9.1;5.7;78.1;0;0.3;0.1;0.4;-0.4;5.6;330.5555556;5.555555556;5.555555556;2.3
27929700;-4;-2;43;109;-4.1;-1.9;9.2;5.7;77.6;0;0.1;-0.2;0;-0.8;5.6;330.5555556;5.555555556;5.555555556;2.3
27930600;-5;-2;43;108;-4.5;-2.1;9.2;5.8;77.6;0;0;-0.4;-0.1;-0.9;5.6;330.5555556;5.555555556;5.555555556;2.3
27931500;-5;-2;43;109;-4.5;-2.4;9.1;5.9;77.2;0;-0.2;-0.4;-0.1;-0.8;5.6;330.5555556;5.555555556;5.555555556;2.3
27932400;-5;-2;43;108;-4.5;-2.4;9.1;5.9;77.3;2.7;-0.3;-0.5;-0.2;-1.2;5.9;333.3333333;30.55555556;30.55555556;2.4
27933300;-5;-2;43;107;-4.5;-2.4;9.3;5.9;77.6;3.7;-0.4;-0.6;-0.3;-1.3;5.9;333.3333333;30.55555556;30.55555556;2.4
27934200;-5;-2;43;109;-4.5;-2.4;9.4;5.9;77.3;3.7;-0.2;-0.5;-0.2;-1.2;5.9;333.3333333;30.55555556;30.55555556;2.4
27935100;-5;-2;43;110;-4.5;-2.4;9.3;5.8;77.5;3.7;0.1;-0.2;0.1;-1;5.9;333.3333333;30.55555556;30.55555556;2.4
27936000;-4;-2;43;111;-4.5;-2.2;9.5;5.9;76.7;24.4;0.3;0.1;0.3;-0.5;6.3;336.1111111;58.33333333;58.33333333;2.1
27936900;-4;-2;43;111;-4.5;-1.9;9.7;6;76.1;31.9;0.5;0.2;0.5;-0.5;6.3;336.1111111;58.33333333;58.33333333;2.1
27937800;-4;-2;43;113;-4.1;-1.9;9.9;5.9;75.7;31.9;0.7;0.4;0.6;-0.2;6.3;336.1111111;58.33333333;58.33333333;2.1
27938700;-4;-2;43;114;-3.7;-1.5;10;5.7;75;31.9;1;0.7;1;0.1;6.3;336.1111111;58.33333333;58.33333333;2.1
27939600;-4;-2;43;114;-3.5;-1.4;9.9;6.1;75.3;59.3;1.2;0.8;1.1;0.2;6.7;338.8888889;80.55555556;80.55555556;1.6
27940500;-3;-2;43;116;-3.5;-1.4;10;6.3;75.4;69.3;1.3;1;1.3;0.3;6.7;338.8888889;80.55555556;80.55555556;1.6
27941400;-3;-2;43;117;-3.5;-1;10.5;6.3;74.7;71.9;1.4;1.2;1.5;0.5;6.7;338.8888889;80.55555556;80.55555556;1.6
27942300;-3;0;43;121;-3.1;-0.6;10.9;6.4;72.2;77;2;1.8;2.1;1.1;6.7;338.8888889;80.55555556;80.55555556;1.6
27943200;-2;0;43;124;-2.5;0.1;11.1;6.9;71;110.2;2.6;2.4;2.5;1.6;7.1;338.8888889;102.7777778;102.7777778;1.8
27944100;-2;0;43;125;-2.5;0.1;10.9;7.1;70.9;122.3;2.7;2.5;2.8;1.8;7.1;338.8888889;102.7777778;102.7777778;1.8
27945000;-2;0;43;127;-2;0.6;10.6;7.1;72;119.2;3;2.7;2.9;2;7.1;338.8888889;102.7777778;102.7777778;1.8
27945900;-2;0;43;127;-2;0.6;10.4;7;72.4;112.9;3.1;2.9;3;2.2;7.1;338.8888889;102.7777778;102.7777778;1.8
27946800;-2;0;43;127;-2;0.6;10.5;7.4;72.2;146.3;3.2;3;3.1;2.4;7.4;341.6666667;105.5555556;105.5555556;2.3
27947700;-2;0;43;127;-1.8;0.9;10.7;7.6;71.5;163;3.4;3.2;3.3;2.5;7.4;341.6666667;105.5555556;105.5555556;2.3
27948600;-2;0;43;130;-1.5;1.1;10.7;7.5;70.7;163;3.5;3.2;3.4;2.5;7.4;341.6666667;105.5555556;105.5555556;2.3
27949500;-2;0;43;130;-1.5;1.1;10.7;7.3;70.6;163;3.5;3.3;3.4;2.5;7.4;341.6666667;105.5555556;105.5555556;2.3
27950400;-2;0;43;130;-1.5;1.1;11;7.6;69.8;176.3;3.6;3.4;3.5;2.7;7.1;338.8888889;97.22222222;97.22222222;1.9
27951300;-2;0;43;130;-1.5;1.1;11;7.7;69.2;183;3.6;3.4;3.6;2.7;7.1;338.8888889;97.22222222;97.22222222;1.9
27952200;-2;0;43;131;-1.5;1.1;11;7.6;69.8;183;3.6;3.4;3.5;2.7;7.1;338.8888889;97.22222222;97.22222222;1.9
27953100;-2;0;43;130;-1.5;1.1;11;7.4;69;183;3.4;3.3;3.4;2.5;7.1;338.8888889;97.22222222;97.22222222;1.9
27954000;-2;0;43;130;-1.5;1.1;11.1;7.8;69;208.1;3.5;3.4;3.5;2.6;7.1;336.1111111;72.22222222;72.22222222;1.6
27954900;-2;0;43;130;-1.5;1.1;11.2;8;68.1;220.6;3.6;3.4;3.6;2.6;7.1;336.1111111;72.22222222;72.22222222;1.6
27955800;-2;0;43;129;-1.5;1.1;11.2;8;68;220.6;3.6;3.5;3.6;2.6;7.1;336.1111111;72.22222222;72.22222222;1.6
27956700;-2;1;43;130;-1.5;1.1;11;7.9;68.3;220.6;3.5;3.4;3.6;2.6;7.1;336.1111111;72.22222222;72.22222222;1.6
27957600;-2;0;43;129;-1.5;1.1;10.9;7.9;68.8;139.3;3.3;3.2;3.4;2.3;6.9;330.5555556;33.33333333;33.33333333;2.2
27958500;-2;0;43;129;-1.5;1.1;10.4;7.9;69.6;109.7;3.3;3.1;3.3;2.3;6.9;330.5555556;33.33333333;33.33333333;2.2
27959400;-2;0;43;129;-1.5;1.1;10.2;7.7;71;109.7;3.1;3;3.2;2.3;6.9;330.5555556;33.33333333;33.33333333;2.2
27960300;-2;0;43;127;-1.7;0.9;10.3;7;71.4;109.7;2.9;2.7;2.8;2;6.9;330.5555556;33.33333333;33.33333333;2.2
27961200;-2;0;43;123;-2.2;0.3;10.3;7.1;71.1;57.8;2.4;2.2;2.4;1.5;6.2;300;2.777777778;2.777777778;2.1
27962100;-2;0;43;124;-2.5;0.1;9.9;7.2;71.5;38.9;2.5;2.3;2.6;1.6;6.2;300;2.777777778;2.777777778;2.1
27963000;-2;0;43;122;-2.5;0.1;9.4;7.2;72.5;38.9;2.1;1.9;2.2;1.2;6.2;300;2.777777778;2.777777778;2.1
27963900;-3;0;43;114;-3.2;-0.8;8.5;7.1;74.4;38.9;1;0.9;1.1;0.2;6.2;300;2.777777778;2.777777778;2.1
27964800;-4;-2;43;108;-4.1;-1.8;7.8;6.9;75.7;24.4;0.1;-0.2;0.1;-0.7;5.5;258.3333333;0;0;1.2
27965700;-4;-3;43;84;-4.6;-2.5;7.2;6.8;77.3;17.1;-0.6;-0.9;-0.6;-1.4;5.5;258.3333333;0;0;1.2
27966600;-5;-3;43;105;-5.2;-3;6.7;6.7;78.9;17.1;-1.1;-1.4;-0.9;-1.7;5.5;258.3333333;0;0;1.2
27967500;-6;-4;43;102;-5.7;-3.6;6.5;6.4;80.1;17.1;-1.6;-2;-1.6;-2.4;5.5;258.3333333;0;0;1.2
27968400;-6;-4;43;101;-6;-3.9;6.2;6.1;80.3;5.7;-1.9;-2.4;-1.9;-2.7;5.1;286.1111111;0;0;1
27969300;-6;-4;43;100;-6;-4;6;6;81;0;-1.9;-2.5;-2;-2.8;5.1;286.1111111;0;0;1
27970200;-6;-4;43;100;-6.4;-4.4;6.1;5.9;81.6;0;-2;-2.6;-2.1;-2.8;5.1;286.1111111;0;0;1
27971100;-6;-4;42;99;-6.5;-4.4;6;5.6;81.7;0;-2.2;-2.8;-2.2;-2.9;5.1;286.1111111;0;0;1
27972000;-7;-5;42;98;-6.5;-4.4;5.8;5.3;82.1;0;-2.4;-2.9;-2.4;-3.2;4.9;302.7777778;0;0;1
27972900;-7;-5;42;98;-6.5;-4.5;5.9;5.2;82.7;0;-2.5;-3;-2.5;-3.2;4.9;302.7777778;0;0;1
27973800;-6;-4;43;98;-6.5;-4.7;6.8;5.1;83.1;0;-2;-2.5;-2.1;-2.8;4.9;302.7777778;0;0;1
27974700;-6;-3;43;104;-5.9;-3.8;7.6;4.8;82.1;0;-1.4;-1.5;-1.1;-2.2;4.9;302.7777778;0;0;1
27975600;-5;-3;43;107;-5.5;-3.3;7.9;4.6;80.8;0;-0.8;-0.9;-0.6;-1.7;4.7;333.3333333;0;0;1.4
27976500;-5;-2;43;109;-5;-2.9;8.1;4.5;80;0;-0.4;-0.5;-0.2;-1.2;4.7;333.3333333;0;0;1.4
27977400;-5;-2;43;110;-5;-2.5;8.2;4.5;79.5;0;-0.3;-0.4;-0.1;-1;4.7;333.3333333;0;0;1.4
27978300;-5;-2;43;110;-5;-2.4;8.2;4.6;79.1;0;-0.2;-0.2;0;-1.1;4.7;333.3333333;0;0;1.4
27979200;-5;-2;43;110;-4.7;-2.4;8.3;4.1;79.1;0;0;-0.1;0.1;-0.9;4.4;333.3333333;0;0;0.9
27980100;-4;-2;43;111;-4.5;-2.4;8.2;3.9;78.5;0;0.1;0;0.3;-0.8;4.4;333.3333333;0;0;0.9
27981000;-4;-2;43;113;-4.5;-1.9;7.9;4;78.7;0;0.3;0.3;0.6;-0.4;4.4;333.3333333;0;0;0.9
27981900;-4;-2;43;112;-4;-1.9;7.7;4.1;78.7;0;0.5;0.4;0.7;-0.3;4.4;333.3333333;0;0;0.9
27982800;-4;-2;43;111;-4;-1.9;7.6;3.9;78.2;0;0.5;0.3;0.5;-0.4;3.4;327.7777778;0;0;1.3
27983700;-4;-2;43;112;-4;-1.9;7.1;3.8;78.4;0;0.4;0.2;0.5;-0.5;3.4;327.7777778;0;0;1.3
27984600;-4;-2;43;111;-4;-1.9;6.9;3.9;79.2;0;0.3;0.1;0.3;-0.6;3.4;327.7777778;0;0;1.3
27985500;-4;-2;43;110;-4;-1.9;6.9;4.3;79.5;0;0.2;0;0.2;-0.6;3.4;327.7777778;0;0;1.3
27986400;-4;-2;43;111;-4;-1.9;7.1;4.5;78.9;0;0.1;0;0.2;-0.7;3.6;327.7777778;0;0;1
27987300;-4;-2;43;110;-4.3;-1.9;7.1;4.6;78.7;0;0;-0.2;0.1;-0.8;3.6;327.7777778;0;0;1
27988200;-5;-2;43;110;-4.5;-1.9;7.2;4.6;79.6;0;0;-0.3;0;-0.8;3.6;327.7777778;0;0;1
27989100;-5;-2;43;106;-4.5;-2.15;7.2;4.95;79.3;0;-0.15;-0.4;-0.15;-1;3.6;327.7777778;0;0;1
27990000;-5;-2;43;102;-4.5;-2.4;7.2;5.3;79;0;-0.3;-0.5;-0.3;-1.2;3.6;327.7777778;0;0;1.5
27990900;-5;-3;43;99;-4.5;-2.4;7.3;5.7;78.8;0;-0.5;-0.7;-0.5;-1.3;3.6;327.7777778;0;0;1.5
27991800;-5;-3;43;102;-4.6;-2.4;7.3;5.7;78.8;0;-0.6;-0.7;-0.5;-1.5;3.6;327.7777778;0;0;1.5
27992700;-5;-3;43;102;-5;-2.9;7.4;5.7;78.3;0;-0.8;-0.9;-0.6;-1.7;3.6;327.7777778;0;0;1.5
27993600;-5;-3;43;103;-5;-2.9;7.4;5.8;78;0;-1;-1;-0.7;-1.8;3.6;327.7777778;0;0;1.6
27994500;-5;-3;43;103;-5.3;-3.2;7.4;5.8;77.8;0;-1.2;-1.3;-1.1;-2.1;3.6;327.7777778;0;0;1.6
27995400;-6;-3;43;104;-5.5;-3.4;7.4;5.8;78.1;0;-1.2;-1.4;-1.2;-2.1;3.6;327.7777778;0;0;1.6
27996300;-6;-3;43;102;-5.5;-3.4;7.4;5.8;78.1;0;-1.5;-1.6;-1.5;-2.3;3.6;327.7777778;0;0;1.6
27997200;-6;-4;43;101;-6;-3.9;7.4;5.9;78.1;0;-1.8;-1.8;-1.7;-2.7;3.2;327.7777778;0;0;2.8
27998100;-6;-4;43;100;-6;-3.9;7.3;5.9;78.1;0;-2;-2.1;-1.9;-2.8;3.2;327.7777778;0;0;2.8
27999000;-6;-4;43;98;-6;-3.9;7.2;5.9;78.6;0;-2.1;-2.2;-2;-2.9;3.2;327.7777778;0;0;2.8
27999900;-6;-4;43;99;-6;-3.9;7.1;5.9;79.1;0;-1.9;-2.1;-2;-2.8;3.2;327.7777778;0;0;2.8
28000800;-6;-4;43;99;-6;-3.9;7;4;80.1;0;-1.8;-2;-1.9;-2.8;2.9;327.7777778;0;0;2.7
28001700;-6;-4;43;98;-6;-3.9;7.1;3.7;79.9;0;-2;-2.2;-2;-3;2.9;327.7777778;0;0;2.7
28002600;-6;-4;43;98;-6;-3.9;7;3.7;79.2;0;-1.9;-2.1;-1.9;-2.8;2.9;327.7777778;0;0;2.7
28003500;-6;-4;43;100;-6;-3.9;6.5;3.6;79.5;0;-1.7;-2;-1.7;-2.6;2.9;327.7777778;0;0;2.7
28004400;-6;-4;43;98;-6;-3.9;6.3;3.9;80.1;0;-1.9;-2;-1.8;-2.7;2.9;327.7777778;0;0;2.8
28005300;-6;-4;43;96;-6.2;-4.2;6.4;4;80.4;0;-2.3;-2.3;-2.1;-3.1;2.9;327.7777778;0;0;2.8
28006200;-6;-4;42;97;-6.5;-4.4;6.5;3.8;80.3;0;-2.3;-2.3;-2.1;-3.2;2.9;327.7777778;0;0;2.8
28007100;-6;-4;43;97;-6.5;-4.4;6.6;3.5;79.8;0;-2.2;-2.3;-2.1;-3;2.9;327.7777778;0;0;2.8
28008000;-6;-4;43;95;-6.5;-4.4;6.5;3.1;79.4;0;-2.2;-2.4;-2.2;-3.1;2.6;325;0;0;3.1
28008900;-6;-4;42;96;-6.5;-4.4;6.3;3;79.6;0;-2.3;-2.5;-2.3;-3.2;2.6;325;0;0;3.1
28009800;-7;-4;42;97;-6.5;-4.4;6;2.5;80.3;0;-2.3;-2.5;-2.3;-3.2;2.6;325;0;0;3.1
28010700;-7;-4;42;97;-6.5;-4.4;6;2.2;80.8;0;-2.2;-2.6;-2.3;-3.3;2.6;325;0;0;3.1
28011600;-7;-5;43;96;-6.5;-4.4;6.1;2.2;80;0;-2.4;-2.7;-2.4;-3.5;2.6;325;0;0;2.6
28012500;-7;-5;43;96;-6.5;-4.5;6.1;2.2;79.4;0;-2.5;-2.7;-2.5;-3.6;2.6;325;0;0;2.6
28013400;-7;-5;42;95;-6.5;-4.9;6.2;2.5;79.2;0;-2.7;-2.8;-2.6;-3.6;2.6;325;0;0;2.6
28014300;-7;-5;42;95;-6.5;-4.9;6.1;2.7;78.6;0;-2.7;-2.8;-2.6;-3.5;2.6;325;0;0;2.6
28015200;-7;-5;42;95;-6.5;-4.9;6.1;2.8;79.2;0;-2.7;-2.9;-2.6;-3.6;2.2;325;2.777777778;2.777777778;2.3
28016100;-7;-5;42;93;-7;-4.9;6.2;2.8;79.1;0;-2.8;-2.9;-2.7;-3.6;2.2;325;2.777777778;2.777777778;2.3
28017000;-7;-5;42;94;-7;-4.9;6.2;2.6;79.1;0;-2.8;-3;-2.7;-3.7;2.2;325;2.777777778;2.777777778;2.3
28017900;-7;-5;42;94;-7;-4.9;6.3;2.5;79.1;0;-2.9;-3.1;-2.9;-3.8;2.2;325;2.777777778;2.777777778;2.3
28018800;-7;-5;42;95;-7;-4.9;6.3;2.2;78.1;3.6;-2.7;-3;-2.7;-3.7;2.1;325;8.333333333;8.333333333;3
28019700;-7;-5;42;94;-7;-4.9;6.3;2.2;77.7;4.1;-2.8;-3.1;-2.7;-3.7;2.1;325;8.333333333;8.333333333;3
28020600;-7;-5;42;94;-7;-4.9;6.3;2.2;78.3;4.1;-3;-3.1;-2.9;-3.8;2.1;325;8.333333333;8.333333333;3
28021500;-7;-5;42;93;-7;-5.2;6.2;2.2;78.6;4.1;-3.1;-3.3;-3.1;-4.1;2.1;325;8.333333333;8.333333333;3
28022400;-7;-5;42;93;-7;-5.4;6.2;2.5;79.5;32.5;-3.2;-3.3;-3.1;-4.1;2.6;325;22.22222222;22.22222222;1.8
28023300;-7;-5;42;94;-7;-5.4;6.1;2.5;80.4;36.9;-3.2;-3.4;-3.1;-4.1;2.6;325;22.22222222;22.22222222;1.8
28024200;-7;-5;42;95;-7;-5.4;6.2;2.5;80.5;36.9;-2.8;-3.1;-2.8;-3.7;2.6;325;22.22222222;22.22222222;1.8
28025100;-7;-5;43;95;-6.7;-4.9;6.3;2.4;80.1;36.9;-2.3;-2.6;-2.4;-3.2;2.6;325;22.22222222;22.22222222;1.8
28026000;-7;-4;43;96;-6.5;-4.9;6.4;3.1;79.2;66.6;-2.3;-2.5;-2.3;-3.2;3;325;30.55555556;30.55555556;1.3
28026900;-7;-4;42;97;-6.5;-4.9;6.5;3.2;78.9;71.2;-2.3;-2.5;-2.3;-3.2;3;325;30.55555556;30.55555556;1.3
28027800;-6;-4;43;97;-6.5;-4.7;6.6;3;78.4;70.5;-2.2;-2.3;-2.2;-3.1;3;325;30.55555556;30.55555556;1.3
28028700;-6;-4;42;98;-6.5;-4.4;6.7;2.7;77.3;69.6;-2;-2.2;-2;-3;3;325;30.55555556;30.55555556;1.3
28029600;-6;-4;43;98;-6.5;-4.4;6.7;3.6;77.3;96;-1.9;-2.1;-1.9;-3;2.7;325;33.33333333;33.33333333;1.1
28030500;-6;-4;43;98;-6.5;-4.4;6.9;3.7;76.5;100.1;-1.9;-2.1;-1.9;-2.9;2.7;325;33.33333333;33.33333333;1.1
28031400;-6;-4;43;98;-6.5;-4.4;6.9;3.6;77;98.9;-1.8;-2;-1.8;-2.9;2.7;325;33.33333333;33.33333333;1.1
28032300;-6;-4;43;99;-6.5;-4.4;6.8;3.4;78.1;97.6;-1.8;-1.9;-1.8;-2.8;2.7;325;33.33333333;33.33333333;1.1
28033200;-6;-4;43;99;-6.4;-4.4;6.7;4;78.6;135.6;-1.8;-1.9;-1.7;-2.8;3;325;47.22222222;47.22222222;1
28034100;-6;-4;43;98;-6;-3.9;6.5;4.1;79.4;141.4;-1.6;-1.8;-1.6;-2.6;3;325;47.22222222;47.22222222;1
28035000;-6;-4;43;99;-6;-3.9;6.6;3.8;79.4;141.4;-1.7;-1.8;-1.7;-2.7;3;325;47.22222222;47.22222222;1
28035900;-6;-4;43;99;-6;-3.9;6.6;3.5;79.2;141.4;-1.7;-1.9;-1.7;-2.8;3;325;47.22222222;47.22222222;1
28036800;-6;-4;43;99;-6;-3.9;6.8;4.1;78.6;160.6;-1.7;-1.9;-1.7;-2.7;3.5;325;58.33333333;58.33333333;0.8
28037700;-6;-4;43;100;-6;-3.9;7;4.2;77.5;163.6;-1.6;-1.8;-1.6;-2.6;3.5;325;58.33333333;58.33333333;0.8
28038600;-6;-4;43;99;-6;-3.9;7.3;3.7;76;163.6;-1.7;-1.8;-1.6;-2.6;3.5;325;58.33333333;58.33333333;0.8
28039500;-6;-4;43;100;-6;-3.9;7.4;3.1;74;163.6;-1.6;-1.8;-1.5;-2.6;3.5;325;58.33333333;58.33333333;0.8
28040400;-6;-4;43;99;-6;-3.9;7.6;3.7;73.2;131.9;-1.6;-1.8;-1.6;-2.7;3.9;325;36.11111111;36.11111111;0.8
28041300;-6;-4;43;99;-6;-3.9;7.6;3.8;72.5;127;-1.7;-1.8;-1.7;-2.6;3.9;325;36.11111111;36.11111111;0.8
28042200;-6;-4;43;97;-6;-3.9;7.6;3.6;72.3;127;-1.8;-1.9;-1.8;-2.7;3.9;325;36.11111111;36.11111111;0.8
28043100;-6;-4;43;98;-6;-3.9;7.6;3.3;72.8;127;-1.9;-2;-1.8;-2.8;3.9;325;36.11111111;36.11111111;0.8
28044000;-6;-4;43;98;-6;-3.9;7.6;3.7;71.8;95.5;-1.8;-2;-1.8;-2.9;3.9;325;16.66666667;16.66666667;1.3
28044900;-6;-4;43;99;-6;-3.9;7.4;3.8;72;90.7;-1.7;-1.9;-1.7;-2.7;3.9;325;16.66666667;16.66666667;1.3
28045800;-6;-4;43;99;-6;-3.9;7.3;3.8;71.7;90.7;-1.6;-1.9;-1.7;-2.7;3.9;325;16.66666667;16.66666667;1.3
28046700;-6;-4;43;99;-6;-3.9;7.2;3.7;71.8;90.7;-1.7;-1.9;-1.7;-2.8;3.9;325;16.66666667;16.66666667;1.3
28047600;-6;-4;43;98;-6;-3.9;7.2;3.9;72.5;50.7;-1.8;-2.1;-1.9;-2.9;4;325;2.777777778;2.777777778;0.6
28048500;-6;-4;43;97;-6.1;-4.2;7.2;3.9;72.3;44.6;-2.1;-2.3;-2.1;-3.2;4;325;2.777777778;2.777777778;0.6
28049400;-7;-5;42;96;-6.5;-4.5;7.3;3.9;72.5;44.6;-2.5;-2.6;-2.4;-3.5;4;325;2.777777778;2.777777778;0.6
28050300;-7;-5;42;92;-6.9;-4.9;7.3;3.8;72.1;44.6;-3;-3.1;-2.8;-3.9;4;325;2.777777778;2.777777778;0.6
28051200;-7;-5;42;91;-7.2;-5.4;7.4;3.8;72.1;19.2;-3.3;-3.4;-3.2;-4.2;4;325;0;0;0.6
28052100;-8;-6;42;92;-7.5;-5.4;7.4;3.8;72.1;15.3;-3.5;-3.7;-3.5;-4.4;4;325;0;0;0.6
28053000;-8;-6;42;91;-7.5;-5.9;7.4;3.8;72.9;15.3;-3.8;-3.9;-3.7;-4.7;4;325;0;0;0.6
28053900;-8;-6;42;90;-7.9;-5.9;7.3;3.7;72.7;15.3;-3.9;-4;-3.8;-4.8;4;325;0;0;0.6
28054800;-8;-6;42;90;-8;-5.9;7.3;3.7;73.3;2;-3.9;-4.1;-3.9;-4.8;3.9;327.7777778;0;0;0.7
28055700;-8;-6;42;90;-8;-5.9;7.2;3.7;74.5;0;-3.8;-3.9;-3.8;-4.8;3.9;327.7777778;0;0;0.7
28056600;-8;-6;42;90;-8;-5.9;7.4;3.7;74.1;0;-3.8;-4;-3.8;-4.8;3.9;327.7777778;0;0;0.7
28057500;-8;-6;42;90;-8;-5.9;7.4;3.8;74.3;0;-3.7;-4;-3.8;-4.7;3.9;327.7777778;0;0;0.7
28058400;-8;-6;42;89;-8;-5.9;7.3;3.7;74.4;0;-3.9;-4.1;-3.9;-4.9;3.9;327.7777778;0;0;0.6
28059300;-8;-6;42;88;-8;-5.9;7.2;3.7;75.1;0;-3.9;-4.2;-3.9;-5;3.9;327.7777778;0;0;0.6
28060200;-8;-6;42;88;-8;-6.1;7.2;3.7;75.2;0;-4.1;-4.2;-4.1;-5.1;3.9;327.7777778;0;0;0.6
28061100;-8;-6;42;89;-8;-6.4;7.3;3.6;75.1;0;-4.1;-4.3;-4;-5.1;3.9;327.7777778;0;0;0.6
28062000;-8;-6;42;90;-8;-6.4;7.2;3.9;75.8;0;-3.8;-4.1;-3.8;-4.9;3.9;327.7777778;0;0;1.1
28062900;-8;-6;42;90;-8;-6.4;7.1;3.9;76.6;0;-3.8;-4.1;-3.8;-4.8;3.9;327.7777778;0;0;1.1
28063800;-8;-6;42;91;-8;-6.1;7.2;3.9;76.7;0;-3.7;-3.9;-3.6;-4.7;3.9;327.7777778;0;0;1.1
28064700;-8;-6;42;91;-8;-5.9;7.2;4;76.9;0;-3.7;-3.9;-3.7;-4.5;3.9;327.7777778;0;0;1.1
28065600;-8;-6;42;90;-8;-5.9;7.2;3.9;76.8;0;-3.8;-3.9;-3.7;-4.7;3.9;327.7777778;0;0;0.9
28066500;-8;-6;42;89;-8;-5.9;7.2;3.9;76.6;0;-4;-4.1;-3.9;-4.9;3.9;327.7777778;0;0;0.9
28067400;-8;-6;42;87;-8;-6.3;7.2;3.8;76.6;0;-4.2;-4.3;-4.1;-5.1;3.9;327.7777778;0;0;0.9
28068300;-8;-6;42;88;-8;-6.4;7.2;3.7;76.6;0;-4.1;-4.3;-3.9;-5;3.9;327.7777778;0;0;0.9
28069200;-8;-6;42;91;-8;-6.2;7.1;3.8;77.2;0;-3.7;-3.9;-3.5;-4.7;3.8;325;0;0;1.1
28070100;-8;-5;42;93;-7.8;-5.9;7;3.8;77.8;0;-3.4;-3.6;-3.1;-4.4;3.8;325;0;0;1.1
28071000;-7;-5;42;93;-7.5;-5.7;6.9;3.8;77.7;0;-3.1;-3.4;-3;-4.2;3.8;325;0;0;1.1
28071900;-7;-5;42;93;-7.5;-5.4;6.8;3.8;77.6;0;-3.1;-3.3;-3;-4.2;3.8;325;0;0;1.1
28072800;-7;-5;42;91;-7.5;-5.4;6.9;3.8;77.3;0;-3.4;-3.6;-3.3;-4.4;3.8;327.7777778;0;0;1.4
28073700;-8;-6;42;91;-7.5;-5.7;7;3.8;77.6;0;-3.6;-3.8;-3.6;-4.7;3.8;327.7777778;0;0;1.4
28074600;-8;-6;42;89;-7.8;-5.9;7.1;3.9;77.2;0;-3.9;-4.1;-3.8;-4.9;3.8;327.7777778;0;0;1.4
28075500;-8;-6;42;87.5;-7.9;-5.9;7.1;4.7;77.5;0;-3.85;-4.1;-3.75;-4.9;3.8;327.7777778;0;0;1.4
28076400;-8;-6;42;86;-8;-5.9;7.1;5.5;77.8;0;-3.8;-4.1;-3.7;-4.9;3.5;316.6666667;0;0;1.6
28077300;-8;-6;42;87;-8;-5.9;7.1;5.7;78;0;-3.7;-4;-3.7;-4.8;3.5;316.6666667;0;0;1.6
28078200;-8;-6;42;89;-8;-5.9;7.1;5.7;78.1;0;-3.7;-4.1;-3.7;-4.8;3.5;316.6666667;0;0;1.6
28079100;-8;-6;42;90;-8;-5.9;7.1;5.7;78.1;0;-3.7;-4;-3.6;-4.7;3.5;316.6666667;0;0;1.6
28080000;-8;-6;42;90;-8;-5.9;7.1;5.8;78.1;0;-3.5;-4;-3.5;-4.6;3.7;322.2222222;0;0;2.4
28080900;-8;-6;42;91;-8;-5.9;7.2;5.8;78.5;0;-3.5;-3.9;-3.5;-4.7;3.7;322.2222222;0;0;2.4
28081800;-8;-6;42;91;-8;-5.9;7.2;5.8;78.1;0;-3.5;-3.9;-3.5;-4.6;3.7;322.2222222;0;0;2.4
28082700;-8;-6;42;91;-8;-5.9;7.2;5.8;78.2;0;-3.6;-3.9;-3.6;-4.7;3.7;322.2222222;0;0;2.4
28083600;-8;-6;42;90;-8;-5.9;7.2;5.9;78.1;0;-3.7;-3.9;-3.6;-4.7;3.7;325;0;0;2.5
28084500;-8;-6;42;89;-8;-5.9;7.3;5.9;78.1;0;-3.8;-4;-3.8;-4.8;3.7;325;0;0;2.5
28085400;-8;-6;42;88;-8;-5.9;7.3;5.9;78.2;0;-3.9;-4.1;-3.8;-4.9;3.7;325;0;0;2.5
28086300;-8;-6;42;90;-8;-5.9;7.2;5.9;78.8;0;-3.8;-4.1;-3.7;-4.8;3.7;325;0;0;2.5
28087200;-8;-6;42;91;-8;-5.9;7;4;79.4;0;-3.5;-3.8;-3.6;-4.6;3.6;325;0;0;2.6
28088100;-7;-5;42;93;-7.6;-5.9;6.7;3.5;80.8;0;-3.2;-3.4;-3.3;-4.3;3.6;325;0;0;2.6
28089000;-7;-5;42;92;-7.5;-5.5;6.8;3.6;81.5;0;-3;-3.4;-3.2;-4.2;3.6;325;0;0;2.6
28089900;-7;-5;42;93;-7.5;-5.4;6.9;3.7;81.1;0;-3.1;-3.4;-3.2;-4.2;3.6;325;0;0;2.6
28090800;-7;-5;42;93;-7.5;-5.4;6.9;3.7;81.6;0;-3;-3.3;-3;-4.2;3.6;330.5555556;0;0;2
28091700;-7;-5;42;93;-7.5;-5.4;6.9;3.7;82.2;0;-3;-3.3;-2.9;-4;3.6;330.5555556;0;0;2
28092600;-7;-5;42;95;-7.2;-5.4;6.8;3.7;83.2;0;-2.8;-3.1;-2.7;-3.8;3.6;330.5555556;0;0;2
28093500;-7;-5;42;88;-6.7;-5.1;6.7;3.7;83.9;0;-2.4;-2.7;-2.4;-3.5;3.6;330.5555556;0;0;2
28094400;-6;-4;43;99;-6.5;-4.9;6.6;3.7;85.6;0;-2.1;-2.4;-2.2;-3.2;3.7;327.7777778;0;0;3
28095300;-6;-4;43;99;-6.5;-4.6;6.5;3.7;86;0;-2.1;-2.4;-2.2;-3.1;3.7;327.7777778;0;0;3
28096200;-6;-4;43;98;-6.5;-4.4;6.4;3.7;87.1;0;-2.1;-2.4;-2.2;-3.1;3.7;327.7777778;0;0;3
28097100;-7;-4;42;90;-6.4;-4.4;6.7;3.6;87.9;0;-2.3;-2.6;-2.2;-3.4;3.7;327.7777778;0;0;3
28098000;-7;-5;42;97;-6.5;-4.5;6.9;3.8;87.6;0;-2.5;-2.8;-2.4;-3.5;3.8;330.5555556;0;0;3.8
28098900;-7;-5;42;96;-6.7;-4.9;6.9;3.8;87.6;0;-2.7;-2.9;-2.6;-3.7;3.8;330.5555556;0;0;3.8
28099800;-7;-5;42;96;-7;-4.9;6.9;3.8;87.2;0;-2.6;-2.9;-2.8;-3.7;3.8;330.5555556;0;0;3.8
28100700;-7;-5;42;97;-7;-4.9;6.8;3.8;87.1;0;-2.5;-2.8;-2.7;-3.7;3.8;330.5555556;0;0;3.8
28101600;-7;-5;42;96;-7;-4.9;6.7;3.9;88.1;0;-2.3;-2.5;-2.5;-3.4;4;330.5555556;0;0;3.8
28102500;-7;-4;42;98;-7;-4.9;6.6;3.9;88.7;0;-2.2;-2.5;-2.4;-3.3;4;330.5555556;0;0;3.8
28103400;-7;-4;42;97;-7;-4.9;6.7;3.8;89.6;0;-2.2;-2.4;-2.3;-3.3;4;330.5555556;0;0;3.8
28104300;-7;-4;42;98;-6.5;-4.9;6.8;3.7;89.6;0;-2.1;-2.4;-2.3;-3.3;4;330.5555556;0;0;3.8
28105200;-7;-4;42;99;-6.5;-4.9;6.9;3.8;89.1;1;-2.1;-2.5;-2.3;-3.3;4.3;333.3333333;11.11111111;11.11111111;3.7
28106100;-7;-4;42;99;-6.5;-4.7;7;3.8;88.9;1.2;-2;-2.3;-2.2;-3;4.3;333.3333333;11.11111111;11.11111111;3.7
28107000;-6;-4;42;102;-6.3;-4.2;6.8;3.8;89.1;1.2;-1.5;-1.7;-1.8;-2.7;4.3;333.3333333;11.11111111;11.11111111;3.7
28107900;-6;-3;42;104;-6;-3.8;6.8;3.9;90;1.2;-1.1;-1.4;-1.3;-2.3;4.3;333.3333333;11.11111111;11.11111111;3.7
28108800;-5;-3;42;105;-5.5;-3.4;6.7;4;90.4;13;-0.7;-0.9;-0.9;-1.8;4.6;336.1111111;33.33333333;33.33333333;3.6
28109700;-5;-3;42;106;-5.5;-3.2;6.8;4;90.4;15.9;-0.6;-0.8;-0.7;-1.7;4.6;336.1111111;33.33333333;33.33333333;3.6
28110600;-5;-3;42;106;-5.5;-2.9;6.9;4;90.3;15.9;-0.5;-0.8;-0.7;-1.7;4.6;336.1111111;33.33333333;33.33333333;3.6
28111500;-5;-3;42;105;-5.2;-2.9;7;4.1;91;15.9;-0.5;-0.8;-0.6;-1.7;4.6;336.1111111;33.33333333;33.33333333;3.6
28112400;-5;-3;42;106;-5;-2.9;7.1;4.4;91.1;26.9;-0.5;-0.8;-0.6;-1.7;5.1;336.1111111;41.66666667;41.66666667;3.6
28113300;-5;-3;42;107;-5;-2.9;7.2;4.5;91.3;29.6;-0.4;-0.8;-0.6;-1.6;5.1;336.1111111;41.66666667;41.66666667;3.6
28114200;-5;-3;42;107;-5;-2.9;7.3;4.5;91;29.7;-0.3;-0.6;-0.5;-1.5;5.1;336.1111111;41.66666667;41.66666667;3.6
28115100;-5;-2;42;108;-5;-2.8;7.4;4.6;90.9;29.9;-0.1;-0.4;-0.2;-1.3;5.1;336.1111111;41.66666667;41.66666667;3.6
28116000;-5;-2;42;110;-4.8;-2.4;7.6;4.8;90.3;71.7;0.2;-0.1;0;-1;5.4;338.8888889;33.33333333;33.33333333;3.2
28116900;-4;-2;42;112;-4.5;-2.1;7.7;4.8;90;82.2;0.5;0.4;0.4;-0.8;5.4;338.8888889;33.33333333;33.33333333;3.2
28117800;-4;-2;43;113;-4.1;-1.9;7.8;4.8;90.3;79.6;0.8;0.6;0.6;-0.5;5.4;338.8888889;33.33333333;33.33333333;3.2
28118700;-4;-2;43;114;-4;-1.6;7.8;4.9;90;75.8;1;0.8;0.8;-0.3;5.4;338.8888889;33.33333333;33.33333333;3.2
28119600;-4;-2;43;115;-3.9;-1.4;7.8;5;89.7;98.5;1.3;1;0.9;0;5.6;338.8888889;58.33333333;58.33333333;4.1
28120500;-3;-2;43;115;-3.5;-1.2;7.8;5;89.9;106.8;1.6;1.2;1.2;0.2;5.6;338.8888889;58.33333333;58.33333333;4.1
28121400;-3;-2;43;118;-3.5;-0.9;7.8;5.1;89.8;106.8;1.8;1.4;1.4;0.4;5.6;338.8888889;58.33333333;58.33333333;4.1
28122300;-3;-1;43;118;-3.3;-0.9;7.8;5.2;89.3;106.8;1.9;1.5;1.5;0.6;5.6;338.8888889;58.33333333;58.33333333;4.1
28123200;-3;0;43;118;-3;-0.9;7.8;5.3;89.2;99.8;2;1.6;1.7;0.7;5.7;333.3333333;55.55555556;55.55555556;4.1
28124100;-3;0;43;119;-3;-0.5;7.7;5.3;87.9;97.3;2.1;1.7;1.8;0.8;5.7;333.3333333;55.55555556;55.55555556;4.1
28125000;-3;0;43;120;-3;-0.4;7.6;5.4;88;97.3;2.1;1.8;1.9;0.9;5.7;333.3333333;55.55555556;55.55555556;4.1
28125900;-3;0;43;121;-3;-0.4;7.7;5.5;88.3;97.3;2.2;1.9;2;0.9;5.7;333.3333333;55.55555556;55.55555556;4.1
28126800;-3;0;43;121;-3;-0.4;7.9;5.7;87.7;94.2;2.2;1.9;2;0.9;5.7;330.5555556;33.33333333;33.33333333;3.5
28127700;-3;0;43;120;-3;-0.4;8;5.8;87.4;93.1;2.2;1.9;2;0.9;5.7;330.5555556;33.33333333;33.33333333;3.5
28128600;-3;0;43;119;-3;-0.4;7.9;5.9;87.3;93.1;2.2;1.8;1.9;0.9;5.7;330.5555556;33.33333333;33.33333333;3.5
28129500;-3;0;43;120;-3;-0.4;8;6;87.8;93.1;2.1;1.8;1.9;0.9;5.7;330.5555556;33.33333333;33.33333333;3.5
28130400;-3;0;43;120;-3;-0.4;8;5.9;86.8;90.8;2.1;1.7;1.9;0.9;5.6;327.7777778;22.22222222;22.22222222;2.4
28131300;-3;0;43;119;-3;-0.4;7.9;5.8;86.4;90;2;1.6;1.8;0.8;5.6;327.7777778;22.22222222;22.22222222;2.4
28132200;-3;0;43;117;-3;-0.4;8;5.7;86.1;90;1.7;1.4;1.7;0.6;5.6;327.7777778;22.22222222;22.22222222;2.4
28133100;-3;0;43;119;-3;-0.4;7.9;5.6;82.5;90;1.8;1.5;1.7;0.7;5.6;327.7777778;22.22222222;22.22222222;2.4
28134000;-3;0;43;120;-3;-0.4;7.8;5.3;79.2;55.1;1.9;1.7;1.8;0.8;5.4;325;2.777777778;2.777777778;2.2
28134900;-3;0;43;120;-3;-0.4;7.8;5.2;76.8;46.4;1.9;1.7;1.8;0.8;5.4;325;2.777777778;2.777777778;2.2
28135800;-3;0;43;119;-3;-0.4;7.8;5.2;75.5;46.4;1.9;1.6;1.7;0.7;5.4;325;2.777777778;2.777777778;2.2
28136700;-3;0;43;118;-3;-0.4;7.7;5.3;74.5;46.4;1.8;1.6;1.6;0.7;5.4;325;2.777777778;2.777777778;2.2
28137600;-3;0;43;118;-3;-0.4;7.5;5.1;72.4;23.7;1.9;1.7;1.7;0.8;5.1;319.4444444;0;0;2.2
28138500;-3;0;43;118;-3;-0.4;7.4;5;70.9;15.5;1.9;1.6;1.7;0.8;5.1;319.4444444;0;0;2.2
28139400;-3;0;43;118;-3;-0.4;7.3;5.1;70.6;15.5;1.7;1.5;1.6;0.6;5.1;319.4444444;0;0;2.2
28140300;-3;0;43;117;-3;-0.6;7.3;5.4;71.1;15.5;1.5;1.3;1.4;0.4;5.1;319.4444444;0;0;2.2
28141200;-3;0;43;116;-3.4;-0.9;7.3;5.1;71.2;4.1;1.3;1;1.1;0.2;5.2;313.8888889;0;0;2.3
28142100;-4;0;43;114;-3.5;-1;7.4;5;71.9;0;1.1;0.8;0.9;0;5.2;313.8888889;0;0;2.3
28143000;-4;0;43;113;-3.5;-1.4;7.4;5;72.7;0;0.8;0.5;0.7;-0.3;5.2;313.8888889;0;0;2.3
28143900;-4;0;43;113;-4;-1.4;7.4;5.1;73.1;0;0.8;0.4;0.6;-0.3;5.2;313.8888889;0;0;2.3
28144800;-4;0;43;114;-4;-1.4;7.4;4.8;72.2;0;0.9;0.5;0.7;-0.2;4.5;272.2222222;0;0;2
28145700;-4;0;43;112;-4;-1.4;7.2;4.7;71.7;0;1;0.7;0.8;-0.1;4.5;272.2222222;0;0;2
28146600;-4;0;43;114;-4;-1.4;6.7;4.7;73.2;0;1;0.8;0.8;-0.1;4.5;272.2222222;0;0;2
28147500;-4;0;43;114;-4;-1.4;6.5;4.8;74.4;0;0.9;0.7;0.7;-0.2;4.5;272.2222222;0;0;2
28148400;-4;-1;43;112;-4;-1.4;6.2;4.6;75.8;0;0.7;0.4;0.5;-0.5;4.2;261.1111111;0;0;2
28149300;-4;-2;43;111;-4;-1.9;6.1;4.5;76.4;0;0.5;0.2;0.2;-0.7;4.2;261.1111111;0;0;2
28150200;-4;-2;43;111;-4;-1.9;6;4.7;77.2;0;0.4;0;0.2;-0.8;4.2;261.1111111;0;0;2
28151100;-4;-2;43;111;-4.2;-1.9;6.1;5.1;76.5;0;0.3;0;0.1;-0.8;4.2;261.1111111;0;0;2
28152000;-5;-2;42;109;-4.5;-2.1;6.3;4.5;75.9;0;0;-0.4;-0.2;-1.1;3.5;266.6666667;0;0;2
28152900;-5;-3;42;107;-4.7;-2.4;6.4;4.3;75.8;0;-0.3;-0.8;-0.5;-1.4;3.5;266.6666667;0;0;2
28153800;-5;-3;42;104;-5;-2.9;6.3;4.2;75.5;0;-0.7;-1;-0.7;-1.8;3.5;266.6666667;0;0;2
28154700;-5;-3;42;103;-5.3;-3.1;6.3;3.9;75.6;0;-1;-1.4;-1.1;-2.1;3.5;266.6666667;0;0;2
28155600;-6;-4;42;101;-5.7;-3.6;6.1;3.6;76.2;0;-1.7;-1.8;-1.5;-2.5;2.6;241.6666667;0;0;1.9
28156500;-6;-4;42;99;-6;-3.9;6.1;3.5;76.1;0;-1.9;-2.2;-1.9;-2.9;2.6;241.6666667;0;0;1.9
28157400;-6;-4;42;98;-6.2;-4.2;5.6;3.6;76.1;0;-2.1;-2.4;-2.3;-3.1;2.6;241.6666667;0;0;1.9
28158300;-7;-4;42;98;-6.5;-4.4;5;3.9;76.4;0;-2.2;-2.6;-2.3;-3.3;2.6;241.6666667;0;0;1.9
28159200;-7;-4;42;98;-6.5;-4.4;4.5;3.5;77.1;0;-2.3;-2.6;-2.4;-3.3;1.7;236.1111111;0;0;1.8
28160100;-7;-5;42;97;-6.5;-4.4;4.1;3.4;77.5;0;-2.4;-2.7;-2.6;-3.5;1.7;236.1111111;0;0;1.8
28161000;-7;-5;42;96;-6.5;-4.4;3.9;3.3;77.7;0;-2.4;-2.8;-2.6;-3.5;1.7;236.1111111;0;0;1.8
28161900;-7;-5;42;93.5;-6.75;-4.65;3.7;4.15;78.4;0;-2.6;-3;-2.8;-3.7;1.7;236.1111111;0;0;1.8
28162800;-7;-5;42;91;-7;-4.9;3.5;5;79.1;0;-2.8;-3.2;-3;-3.9;1.1;233.3333333;0;0;1.7
28163700;-7;-5;43;92;-7.1;-5.3;3.3;5.7;79.9;0;-3.1;-3.5;-3.2;-4.1;1.1;233.3333333;0;0;1.7
28164600;-8;-6;43;90;-7.6;-5.7;2.9;5.7;80.6;0;-3.7;-4;-3.8;-4.7;1.1;233.3333333;0;0;1.7
28165500;-8;-6;45;89;-8.1;-6.3;2.4;5.7;81.2;0;-4.3;-4.5;-4.3;-5.1;1.1;233.3333333;0;0;1.7
28166400;-8;-7;32;60;-7.2;-6.8;2.1;5.8;81.9;0;-4.7;-4.9;-4.8;-5.5;0.5;230.5555556;0;0;1.1
28167300;-3;-3;0;0;-2.5;-4.5;1.8;5.8;82.2;0;-4.1;-4.1;-4.2;-5.3;0.5;230.5555556;0;0;1.1
28168200;-4;-4;24;38;-4.2;-3.6;1.7;5.8;82.8;0;-3.2;-3.5;-3.4;-4.4;0.5;230.5555556;0;0;1.1
28169100;-8;-6;44;86;-7.8;-6;1.5;5.8;83.2;0;-4.1;-4.4;-4.2;-4.8;0.5;230.5555556;0;0;1.1
28170000;-6;-6;15;28;-6.1;-6.3;1.3;5.9;83.2;0;-4.8;-4.8;-4.7;-5.5;0;227.7777778;0;0;1.4
28170900;-5;-1;0;0;-4.7;-1;1.3;5.9;83.5;0;-4.2;-4.2;-4;-5.1;0;227.7777778;0;0;1.4
28171800;-6;-3;29;52;-6;-2.8;1.3;5.9;84.1;0;-3.4;-3.6;-3.3;-4.2;0;227.7777778;0;0;1.4
28172700;-8;-6;44;88;-7.7;-5.8;1.6;5.9;84.2;0;-3.9;-4.2;-3.9;-4.7;0;227.7777778;0;0;1.4
28173600;-8;-6;45;88;-8.2;-6.5;1.5;2.1;83.8;0;-4.5;-4.8;-4.5;-5.4;-0.2;227.7777778;0;0;1.5
28174500;-6;-5;8;15;-5.8;-5.6;1.2;0.2;83.7;0;-4.5;-4.7;-4.5;-5.5;-0.2;227.7777778;0;0;1.5
28175400;-5;-2;0;0;-5;-1;1.1;0.2;84.2;0;-3.8;-4.1;-3.9;-5.1;-0.2;227.7777778;0;0;1.5
28176300;-7;-5;40;78;-6.9;-5;1;0.1;83.9;0;-3.4;-3.7;-3.4;-4.3;-0.2;227.7777778;0;0;1.5
28177200;-8;-7;44;82;-8.2;-6.5;0.8;-0.2;84.2;0;-4.6;-4.9;-4.6;-5.3;-0.5;225;0;0;1.5
28178100;-5;-4;0;0;-5;-4.3;0.7;-0.4;84.3;0;-4.4;-4.6;-4.4;-5.4;-0.5;225;0;0;1.5
28179000;-5;-1;1;3;-4.9;-0.8;0.6;-0.4;84.5;0;-3.8;-4.1;-3.8;-4.9;-0.5;225;0;0;1.5
28179900;-7;-6;42;81;-7.2;-5.4;0.6;-0.5;84.6;0;-3.5;-4;-3.7;-4.4;-0.5;225;0;0;1.5
28180800;-8;-7;35;69;-7.9;-6.7;0.8;-0.8;84.9;0;-4.6;-5;-4.7;-5.5;-0.8;225;0;0;1.2
28181700;-5;-3;0;0;-5.2;-3.3;0.7;-1;84.8;0;-4.3;-4.5;-4.4;-5.4;-0.8;225;0;0;1.2
28182600;-5;-2;3;11;-5.3;-1.3;0.6;-0.9;85.1;0;-3.5;-4;-3.6;-4.7;-0.8;225;0;0;1.2
28183500;-8;-6;39;86;-7.6;-5.8;0.5;-0.8;84.7;0;-3.8;-4.2;-4;-4.7;-0.8;225;0;0;1.2
28184400;-7;-7;31;57;-7.3;-6.7;0.7;-0.7;85;0;-4.6;-5;-4.7;-5.5;-1.1;225;0;0;0.9
28185300;-5;-2;0;0;-5.3;-2.8;0.5;-0.7;84.5;0;-4.2;-4.5;-4.3;-5.3;-1.1;225;0;0;0.9
28186200;-5;-2;10;15;-5.5;-1.7;0.6;-0.6;85.8;0;-3.5;-4;-3.6;-4.7;-1.1;225;0;0;0.9
28187100;-8;-6;44;87;-7.8;-6;0.8;-0.4;83.9;0;-4;-4.5;-4.2;-5;-1.1;225;0;0;0.9
28188000;-6;-4;7;12;-5.7;-4.6;0.3;-0.4;83.5;0;-4.6;-5;-4.7;-5.5;-1.5;225;5.555555556;8.333333333;1.5
28188900;-5;0;0;0;-5;0.4;0.1;-0.4;84.4;0;-4;-4.4;-4.1;-5;-1.5;225;5.555555556;8.333333333;1.5
28189800;-6;-3;19;51;-6.1;-2.7;0.2;-0.5;84.9;0;-3.2;-4.1;-3.6;-4.6;-1.5;225;5.555555556;8.333333333;1.5
28190700;-8;-6;44;87;-8.1;-6.3;0.5;-0.9;84.7;0;-4.3;-4.7;-4.5;-5.2;-1.5;225;5.555555556;8.333333333;1.5
28191600;-6;-5;8;12;-6;-5.5;0.6;-0.9;84.1;3.3;-4.5;-4.8;-4.6;-5.6;-1.1;222.2222222;30.55555556;83.33333333;2.4
28192500;-5;-2;0;0;-5.4;-1.3;0.7;-0.9;83.7;5;-4;-4.3;-4;-5.1;-1.1;222.2222222;30.55555556;83.33333333;2.4
28193400;-6;-4;28;49;-6.3;-3.5;1;-1;83.4;5;-3.3;-3.9;-3.4;-4.4;-1.1;222.2222222;30.55555556;83.33333333;2.4
28194300;-8;-6;44;88;-7.9;-6;1.4;-1.1;82.3;5;-4;-4.5;-4;-4.9;-1.1;222.2222222;30.55555556;83.33333333;2.4
28195200;-8;-6;43;88;-8;-6.1;1.6;-0.8;80.5;58.1;-4;-4.5;-4.1;-5.1;0.4;225;44.44444444;202.7777778;2.3
28196100;-8;-6;44;88;-8;-6.1;2;-0.7;80;84.7;-3.9;-4.3;-3.8;-5;0.4;225;44.44444444;202.7777778;2.3
28197000;-8;-6;44;91;-8;-6.1;2.3;-0.8;78.1;84.7;-3.5;-3.8;-3.5;-4.8;0.4;225;44.44444444;202.7777778;2.3
28197900;-7;-5;43;91;-7.5;-5.7;2.5;-1.1;77.2;84.7;-3.1;-3.3;-3.2;-4.5;0.4;225;44.44444444;202.7777778;2.3
28198800;-7;-5;43;94;-7.3;-5.4;2.9;-0.4;76;112.5;-2.7;-2.9;-2.8;-4.3;1.3;227.7777778;50;294.4444444;2.1
28199700;-7;-5;42;96;-7;-5;3.1;-0.1;74.7;126.4;-2.3;-2.5;-2.4;-4;1.3;227.7777778;50;294.4444444;2.1
28200600;-6;-4;42;99;-6.6;-4.5;3.3;-0.2;73.9;125.4;-1.8;-2;-1.9;-3.5;1.3;227.7777778;50;294.4444444;2.1
28201500;-6;-4;42;101;-6.2;-4.1;3.5;-0.2;73.3;124.9;-1.4;-1.5;-1.5;-3;1.3;227.7777778;50;294.4444444;2.1
28202400;-6;-3;42;103;-5.8;-3.6;3.8;0.5;72.4;189.7;-0.9;-1.1;-1;-2.5;3;230.5555556;52.77777778;344.4444444;1.9
28203300;-5;-3;42;106;-5.4;-3.2;4.1;0.9;72.4;222.1;-0.5;-0.7;-0.6;-2;3;230.5555556;52.77777778;344.4444444;1.9
28204200;-5;-2;42;108;-5;-2.7;4.5;1.2;71.9;237.4;-0.1;-0.2;-0.2;-1.5;3;230.5555556;52.77777778;344.4444444;1.9
28205100;-4;-2;42;110;-4.5;-2.4;4.9;1.3;69.9;245;0.2;0.1;0.2;-1.1;3;230.5555556;52.77777778;344.4444444;1.9
28206000;-4;-2;42;110;-4.4;-2.1;5.1;1.9;68.5;285.2;0.6;0.4;0.5;-0.8;3.9;233.3333333;52.77777778;344.4444444;2.4
28206900;-4;-2;43;112;-4;-1.7;5.4;2.2;66.4;305.3;1;0.8;0.9;-0.4;3.9;233.3333333;52.77777778;344.4444444;2.4
28207800;-3;-2;43;114;-3.6;-1.3;5.7;2.2;64.5;305.3;1.3;1.2;1.3;0;3.9;233.3333333;52.77777778;344.4444444;2.4
28208700;-3;-2;43;116;-3.4;-1;5.9;2.2;63.7;305.3;1.7;1.5;1.6;0.3;3.9;233.3333333;52.77777778;344.4444444;2.4
28209600;-3;0;43;117;-3;-0.6;6.2;2.7;62.8;301.6;2;1.8;1.9;0.7;5.2;236.1111111;47.22222222;294.4444444;2.4
28210500;-3;0;43;118;-3;-0.4;6.3;3;61.3;299.7;2.3;2;2.2;0.9;5.2;236.1111111;47.22222222;294.4444444;2.4
28211400;-2;0;43;120;-2.5;-0.1;6.5;3.2;62;299.7;2.4;2.1;2.3;1;5.2;236.1111111;47.22222222;294.4444444;2.4
28212300;-2;0;43;120;-2.5;-0.1;6.9;3.7;61.1;299.7;2.5;2.2;2.4;1.1;5.2;236.1111111;47.22222222;294.4444444;2.4
28213200;-2;0;43;119;-2.5;-0.1;7;3.9;60.1;259.9;2.5;2.1;2.4;1.1;5.4;238.8888889;38.88888889;208.3333333;0.9
28214100;-2;0;43;120;-2.5;-0.1;6.9;4;60.1;240;2.4;2.1;2.3;1;5.4;238.8888889;38.88888889;208.3333333;0.9
28215000;-3;0;43;117;-2.5;-0.1;6.9;4.1;59.9;240;2.3;2;2;0.9;5.4;238.8888889;38.88888889;208.3333333;0.9
28215900;-3;0;43;117;-2.5;-0.1;7;4.2;59.3;240;2;1.7;1.8;0.6;5.4;238.8888889;38.88888889;208.3333333;0.9
28216800;-3;0;43;114;-3;-0.6;7.1;4.3;58.5;208.1;1.5;1.2;1.4;0.2;5;238.8888889;25;91.66666667;1.1
28217700;-3;0;43;112;-3.4;-1.1;7;4.4;56;192.2;1.2;0.8;1.1;-0.1;5;238.8888889;25;91.66666667;1.1
28218600;-4;-1;43;109;-3.7;-1.4;6.8;5.1;55.7;192.2;0.8;0.1;0.7;-0.5;5;238.8888889;25;91.66666667;1.1
28219500;-4;-2;42;106;-4.1;-1.9;6.6;5.5;54.8;192.2;0.4;-0.5;0.2;-0.9;5;238.8888889;25;91.66666667;1.1
28220400;-5;-3;42;103;-4.7;-2.5;6.3;5.4;56.1;118.9;-0.3;-1;-0.5;-1.5;4;236.1111111;2.777777778;5.555555556;0.9
28221300;-5;-3;42;100;-5.2;-3.1;6;5.4;58.4;82.2;-1;-1.5;-1.2;-2.1;4;236.1111111;2.777777778;5.555555556;0.9
28222200;-6;-4;42;98;-5.8;-3.8;5.3;5.5;62.2;82.2;-1.7;-2.2;-1.9;-2.8;4;236.1111111;2.777777778;5.555555556;0.9
28223100;-7;-5;42;94;-6.5;-4.5;4.6;5.5;65.9;82.2;-2.4;-2.9;-2.6;-3.4;4;236.1111111;2.777777778;5.555555556;0.9
28224000;-7;-5;42;93;-6.9;-5;4.1;5.1;68.5;43.7;-2.8;-3.4;-3;-3.8;2.8;236.1111111;0;0;1
28224900;-8;-6;42;92;-7.4;-5.5;3.5;4.9;70.4;24.5;-3.4;-3.9;-3.6;-4.4;2.8;236.1111111;0;0;1
28225800;-8;-6;42;89;-8;-6.1;3.3;4.7;71.3;24.5;-4;-4.5;-4.2;-4.8;2.8;236.1111111;0;0;1
28226700;-8;-7;43;88;-8.4;-6.6;3;4.6;72.7;24.5;-4.3;-4.9;-4.5;-5.2;2.8;236.1111111;0;0;1
28227600;-8;-7;45;87;-8.5;-6.6;2.8;3.6;73.8;0;-4.4;-5;-4.6;-5.5;2.5;233.3333333;0;0;1.1
28228500;-6;-7;22;42;-6.4;-6.8;2.5;3.6;74.8;0;-4.5;-5;-4.7;-5.6;2.5;233.3333333;0;0;1.1
28229400;-4;-2;0;0;-3.9;-2;2.3;3.3;75;0;-4.1;-4.4;-4.2;-5.3;2.5;233.3333333;0;0;1.1
28230300;-5;-3;15;27;-4.9;-2.4;2.2;3.1;75.2;0;-3.3;-3.9;-3.4;-4.5;2.5;233.3333333;0;0;1.1
28231200;-8;-6;42;87;-7.9;-6;2;2.5;75.8;0;-4.1;-4.4;-4.1;-4.9;1.6;230.5555556;0;0;0.7
28232100;-6;-4;10;21;-5.8;-4.8;1.8;2.5;76.8;0;-4.7;-4.9;-4.7;-5.6;1.6;230.5555556;0;0;0.7
28233000;-5;0;0;0;-5;-0.2;1.7;2.3;77.6;0;-3.9;-4.4;-4.1;-5.1;1.6;230.5555556;0;0;0.7
28233900;-6;-3;24;48;-6;-2.5;1.6;2.1;78.4;0;-3.2;-3.9;-3.4;-4.3;1.6;230.5555556;0;0;0.7
28234800;-8;-6;42;88;-8;-6.2;1.5;1.9;78.7;0;-4.3;-4.7;-4.3;-5;0.8;230.5555556;0;0;0.8
28235700;-6;-5;6;11;-5.6;-5.1;1.4;1.9;79.5;0;-4.6;-4.9;-4.5;-5.5;0.8;230.5555556;0;0;0.8
28236600;-5;-2;0;0;-5;-0.9;1.2;2.1;79.7;0;-4;-4.4;-4;-5;0.8;230.5555556;0;0;0.8
28237500;-6;-2;21;40;-5.9;-2.8;1.1;2.3;80;0;-3.5;-4;-3.5;-4.5;0.8;230.5555556;0;0;0.8
28238400;-8;-6;42;86;-8.1;-6.3;1.1;1.7;80;0;-4.4;-4.7;-4.5;-5.1;0.5;230.5555556;0;0;0.8
28239300;-5;-4;3;5;-5.6;-4.9;0.9;1.7;80.2;0;-4.6;-4.8;-4.6;-5.5;0.5;230.5555556;0;0;0.8
28240200;-5;-1;0;0;-5.2;-0.7;0.8;1.4;80;0;-4;-4.3;-4;-4.9;0.5;230.5555556;0;0;0.8
28241100;-6;-2;23;46;-6.1;-1.9;0.6;1.1;80.1;0;-3.6;-4;-3.6;-4.5;0.5;230.5555556;0;0;0.8
28242000;-8;-7;33;64;-7.6;-6.5;0.6;0.8;80.7;0;-4.6;-5;-4.6;-5.3;-0.9;227.7777778;0;0;1
28242900;-5;-3;0;0;-5.2;-3.3;0.4;0.8;81;0;-4.5;-4.7;-4.5;-5.3;-0.9;227.7777778;0;0;1
28243800;-5;-2;0;0;-5.2;-0.9;0.2;0.6;81.1;0;-4;-4.4;-4;-4.8;-0.9;227.7777778;0;0;1
28244700;-6;-3;26;44;-6.4;-3.7;0.2;0.3;81.5;0;-3.8;-4.3;-3.8;-4.6;-0.9;227.7777778;0;0;1
28245600;-7;-6;16;32;-6.6;-6.3;0.1;0.3;81.5;0;-4.8;-5.1;-4.8;-5.4;-0.6;227.7777778;0;0;1.1
28246500;-5;-2;0;0;-5.4;-1.5;0.1;0.3;81.5;0;-4.3;-4.6;-4.3;-5;-0.6;227.7777778;0;0;1.1
28247400;-5;-2;9;8;-5.5;-1.4;0.1;0.3;82.4;0;-3.6;-4.3;-3.7;-4.5;-0.6;227.7777778;0;0;1.1
28248300;-5;-1.5;4.5;4;-5.45;-1.85;-0.05;2.45;82.45;0;-4.05;-4.65;-4.15;-4.9;-0.6;227.7777778;0;0;1.1
28249200;-5;-1;0;0;-5.4;-2.3;-0.2;4.6;82.5;0;-4.5;-5;-4.6;-5.3;-1.9;225;0;0;1.8
28250100;-5;0;0;0;-5.4;0.4;-0.2;5.7;82.5;0;-4;-4.6;-4;-4.8;-1.9;225;0;0;1.8
28251000;-6;-3;23;46;-6.4;-3;-0.3;5.7;82.5;0;-3.9;-4.4;-3.8;-4.7;-1.9;225;0;0;1.8
28251900;-6;-6;16;28;-6.5;-6.2;-0.4;5.7;82.5;0;-4.8;-5.1;-4.7;-5.5;-1.9;225;0;0;1.8
28252800;-5;-2;0;0;-5.3;-1.4;-0.5;5.8;82.7;0;-4.4;-4.9;-4.2;-5.1;-1.6;225;0;0;3
28253700;-5;-1;1;4;-5.3;-0.9;-0.6;5.8;83.2;0;-3.8;-4.5;-3.7;-4.6;-1.6;225;0;0;3
28254600;-8;-6;35;62;-7.4;-6.2;-0.7;5.8;83.5;0;-4.5;-5;-4.4;-5.2;-1.6;225;0;0;3
28255500;-5;-3;0;0;-5.2;-3.7;-0.7;5.8;83.5;0;-4.6;-5.2;-4.7;-5.3;-1.6;225;0;0;3
28256400;-5;-2;0;0;-5.2;-1.1;-0.8;5.9;83.5;0;-4.2;-4.9;-4.2;-4.8;-1.8;225;0;0;3.3
28257300;-5;-2;14;21;-5.6;-2.1;-0.9;5.9;83.5;0;-3.9;-4.6;-3.9;-4.8;-1.8;225;0;0;3.3
28258200;-7;-6;15;33;-6.7;-6.3;-0.9;5.9;83.5;0;-4.9;-5.3;-4.9;-5.5;-1.8;225;0;0;3.3
28259100;-5;-2;0;0;-5.3;-2.1;-0.9;5.9;83.5;0;-4.6;-5.2;-4.6;-5.2;-1.8;225;0;0;3.3
28260000;-5;-1;0;0;-5.1;-0.9;-0.9;0.6;83.7;0;-3.9;-4.8;-4;-4.6;-2.9;225;0;0;3.6
28260900;-7;-4;32;53;-6.9;-4.5;-0.9;-2;84;0;-4.1;-4.9;-4.2;-5;-2.9;225;0;0;3.6
28261800;-5;-4;2;1;-5.7;-4.9;-0.9;-1.9;84;0;-4.6;-5.4;-4.7;-5.4;-2.9;225;0;0;3.6
28262700;-5;-2;0;0;-5.5;-1.3;-0.9;-1.8;83.6;0;-4.1;-5.1;-4.3;-4.9;-2.9;225;0;0;3.6
28263600;-5;-2;9;11;-5.6;-1.7;-0.9;-1.8;83.6;0;-3.7;-4.7;-3.8;-4.6;-3.2;222.2222222;0;0;3.9
28264500;-7;-6;25;49;-7.3;-6.5;-1;-1.8;84;0;-4.7;-5.3;-4.6;-5.2;-3.2;222.2222222;0;0;3.9
28265400;-5;-2;0;0;-5.5;-2.5;-1.1;-1.9;84;0;-4.6;-5.3;-4.5;-5.1;-3.2;222.2222222;0;0;3.9
28266300;-5;0;0;0;-5.5;0.7;-1.2;-2;84.1;0;-4.1;-5;-4;-4.6;-3.2;222.2222222;0;0;3.9
28267200;-6;-3;24;43;-6.5;-2.3;-1.2;-1.9;84.5;0;-4;-4.9;-3.9;-4.8;-3.5;222.2222222;0;0;3.9
28268100;-6;-5;8;11;-6;-5.5;-1.4;-1.9;84.5;0;-4.9;-5.5;-4.7;-5.4;-3.5;222.2222222;0;0;3.9
28269000;-5;-2;0;0;-5.4;-1.4;-1.4;-2.2;84.5;0;-4.5;-5.2;-4.3;-4.9;-3.5;222.2222222;0;0;3.9
28269900;-5;-1;0;0;-5.4;-0.9;-1.5;-2.9;84.2;0;-3.9;-4.7;-3.8;-4.4;-3.5;222.2222222;0;0;3.9
28270800;-7;-6;27;44;-6.8;-5.9;-1.6;-2.9;84;0;-4.8;-5.4;-4.6;-5.6;-3.5;219.4444444;0;0;4
28271700;-5;-3;0;0;-5.4;-3.3;-1.5;-2.9;84.5;0;-4.8;-5.5;-4.7;-5.4;-3.5;219.4444444;0;0;4
28272600;-5;-2;0;0;-5.4;-1.2;-1.6;-3;84.3;0;-4.3;-5.1;-4.2;-4.8;-3.5;219.4444444;0;0;4
28273500;-5;-1;4;5;-5.4;-1;-1.7;-3.4;84;0;-3.8;-4.7;-3.8;-4.4;-3.5;219.4444444;0;0;4
28274400;-7;-6;24;38;-7;-6.1;-1.8;-3.2;84.3;0;-4.8;-5.6;-4.8;-5.5;-3.1;244.4444444;5.555555556;5.555555556;4.3
28275300;-5;-1;0;0;-5.4;-1.2;-1.7;-3.1;85.6;0;-4.6;-5.4;-4.6;-5.2;-3.1;244.4444444;5.555555556;5.555555556;4.3
28276200;-5;0;0;0;-5.4;0.2;-1.5;-3.2;85.8;0;-4;-4.8;-4;-4.7;-3.1;244.4444444;5.555555556;5.555555556;4.3
28277100;-6;-3;23;43;-6.4;-2.8;-1.6;-3.5;84.9;0;-3.9;-4.7;-3.9;-4.7;-3.1;244.4444444;5.555555556;5.555555556;4.3
28278000;-6;-5;11;22;-6.1;-5.9;-1.5;-3;84.9;4;-4.8;-5.2;-4.7;-5.4;-1.4;280.5555556;44.44444444;44.44444444;5.5
28278900;-5;-2;0;0;-5.4;-1.5;-0.9;-3;85.6;4;-4.3;-4.7;-4.2;-5;-1.4;280.5555556;44.44444444;44.44444444;5.5
28279800;-6;-3;20;35;-6;-2.8;0.3;-3.2;86;4;-3.6;-4.1;-3.4;-4.4;-1.4;280.5555556;44.44444444;44.44444444;5.5
28280700;-8;-6;42;88;-7.7;-5.9;1;-3.3;85.1;4;-4;-4.3;-3.8;-4.7;-1.4;280.5555556;44.44444444;44.44444444;5.5
28281600;-8;-6;42;87;-8.1;-6.2;1.7;-2.6;84.3;74.4;-4.3;-4.6;-4.2;-5;-0.4;302.7777778;75;75;5.4
28282500;-8;-7;42;86;-8.2;-6.6;2.2;-2.6;83;74.4;-4.5;-4.7;-4.4;-5.3;-0.4;302.7777778;75;75;5.4
28283400;-9;-7;42;86;-8.6;-6.6;2.8;-2.7;81.6;74.4;-4.5;-4.8;-4.5;-5.4;-0.4;302.7777778;75;75;5.4
28284300;-8;-7;42;85;-8.6;-6.6;3.2;-2.7;79.9;74.4;-4.4;-4.6;-4.3;-5.4;-0.4;302.7777778;75;75;5.4
28285200;-8;-6;42;88;-8.3;-6.5;3.4;-1.7;79.7;131.8;-3.9;-4.2;-3.9;-4.9;1.7;255.5555556;152.7777778;250;3.8
28286100;-8;-6;42;91;-7.9;-5.9;3.8;-1.5;78.2;140.6;-3.4;-3.6;-3.3;-4.5;1.7;255.5555556;152.7777778;250;3.8
28287000;-7;-5;42;95;-7.5;-5.6;3.7;-1;77.5;140.6;-2.9;-3.2;-2.9;-4.1;1.7;255.5555556;152.7777778;250;3.8
28287900;-7;-5;42;97;-7.1;-5.1;3.5;-0.5;78.2;140.6;-2.6;-2.8;-2.5;-3.6;1.7;255.5555556;152.7777778;250;3.8
28288800;-6;-4;42;99;-6.7;-4.6;3.7;0.5;77.8;160.6;-2;-2.2;-1.9;-3.2;2.3;294.4444444;194.4444444;247.2222222;3.6
28289700;-6;-4;42;100;-6.2;-4.1;4.4;0.6;75.4;163.7;-1.6;-1.8;-1.7;-2.7;2.3;294.4444444;194.4444444;247.2222222;3.6
28290600;-6;-3;42;101;-5.9;-3.8;4.8;0.6;73.4;163.7;-1.2;-1.4;-1.2;-2.3;2.3;294.4444444;194.4444444;247.2222222;3.6
28291500;-5;-3;42;105;-5.3;-3.2;5.2;0.6;71.6;163.7;-0.5;-0.7;-0.5;-1.7;2.3;294.4444444;194.4444444;247.2222222;3.6
28292400;-5;-2;42;106;-4.6;-2.6;4.9;1.7;71.5;232.2;0;-0.2;0;-1.2;3.1;241.6666667;102.7777778;366.6666667;3.8
28293300;-5;-2;42;103;-4.6;-2.6;4.6;1.9;72.8;242.7;-0.2;-0.4;-0.2;-1.4;3.1;241.6666667;102.7777778;366.6666667;3.8
28294200;-5;-2;42;105;-4.6;-2.6;4.5;2.3;72.7;240.9;-0.1;-0.3;-0.1;-1.3;3.1;241.6666667;102.7777778;366.6666667;3.8
28295100;-4;-2;43;110;-4.4;-2.2;4.8;2.8;71;238.8;0.5;0.3;0.5;-0.8;3.1;241.6666667;102.7777778;366.6666667;3.8
28296000;-4;-2;43;112;-4.1;-1.6;5.1;3.6;70.2;244.1;1;0.7;0.9;-0.4;3.3;233.3333333;72.22222222;272.2222222;3.6
28296900;-4;-2;43;113;-3.6;-1.4;5.7;3.7;68.5;244.9;1.3;1;1.2;-0.1;3.3;233.3333333;72.22222222;272.2222222;3.6
28297800;-3;-2;43;114;-3.6;-1.1;5.8;3.4;66;244.9;1.5;1.1;1.4;0.1;3.3;233.3333333;72.22222222;272.2222222;3.6
28298700;-3;-2;43;114;-3.6;-1.1;5.8;3.1;65.9;244.9;1.7;1.2;1.6;0.3;3.3;233.3333333;72.22222222;272.2222222;3.6
28299600;-3;-2;43;115;-3.1;-1.1;5.9;3.6;66.3;213.6;1.6;1.3;1.5;0.2;3.4;236.1111111;58.33333333;188.8888889;2.4
28300500;-3;-2;43;115;-3.1;-1.1;6;3.7;65.6;208.8;1.5;1.3;1.4;0.2;3.4;236.1111111;58.33333333;188.8888889;2.4
28301400;-3;-2;43;111;-3.1;-1.1;5.8;3.5;66;208.6;1.4;1.1;1.2;0.1;3.4;236.1111111;58.33333333;188.8888889;2.4
28302300;-4;-2;43;111;-3.5;-1.1;5.6;3.2;66.5;208.3;1.1;0.8;0.9;-0.1;3.4;236.1111111;58.33333333;188.8888889;2.4
28303200;-4;-2;43;110;-3.6;-1.4;5.2;3.1;67.3;128.1;0.7;0.5;0.7;-0.4;1.7;236.1111111;36.11111111;75;1.6
28304100;-4;-2;42;108;-4;-1.7;4.7;3.1;69.4;115.8;0.3;0;0.2;-0.7;1.7;236.1111111;36.11111111;75;1.6
28305000;-5;-2;42;106;-4.4;-2.2;4.3;3.1;70.1;115.8;-0.1;-0.5;-0.2;-1.2;1.7;236.1111111;36.11111111;75;1.6
28305900;-5;-3;42;104;-4.9;-2.8;3.9;3.1;70.9;115.8;-0.7;-1.1;-0.8;-1.6;1.7;236.1111111;36.11111111;75;1.6
28306800;-6;-3;42;101;-5.4;-3.3;3.5;3;72.6;70.7;-1.2;-1.6;-1.4;-2.1;0.5;252.7777778;5.555555556;5.555555556;1.1
28307700;-6;-4;42;98;-6;-3.9;3.1;3;74.2;63.8;-1.9;-2.2;-2;-2.7;0.5;252.7777778;5.555555556;5.555555556;1.1
28308600;-7;-4;42;95;-6.5;-4.4;2.8;3.1;75.5;63.8;-2.4;-2.7;-2.5;-3.2;0.5;252.7777778;5.555555556;5.555555556;1.1
28309500;-7;-5;42;94;-6.9;-4.9;2.7;3.2;75.6;63.8;-2.8;-3.1;-2.9;-3.6;0.5;252.7777778;5.555555556;5.555555556;1.1
28310400;-7;-5;42;94;-7.1;-5.1;2.9;2.8;75.5;23.9;-3;-3.2;-3.2;-3.7;0.6;300;0;0;1.2
28311300;-7;-5;42;95;-7.1;-5.1;3;2.7;74.6;17.8;-2.9;-3.2;-3.1;-3.8;0.6;300;0;0;1.2
28312200;-7;-5;42;95;-7.1;-5.1;3;2.1;74.9;17.8;-3;-3.3;-3.1;-3.9;0.6;300;0;0;1.2
28313100;-7;-5;42;95;-7.1;-5.1;3.3;1.2;74.4;17.8;-3;-3.3;-3.1;-3.8;0.6;300;0;0;1.2
28314000;-7;-5;42;95;-7.1;-5.1;3.4;0.8;73.6;4.7;-2.9;-3.2;-3;-3.8;0.5;308.3333333;0;0;1
28314900;-7;-5;42;96;-7.1;-5.1;3.5;0.7;73.7;0;-2.8;-3.2;-2.9;-3.7;0.5;308.3333333;0;0;1
28315800;-7;-5;42;96;-7.1;-5.1;3.6;0.4;73.5;0;-2.8;-3.1;-2.9;-3.7;0.5;308.3333333;0;0;1
28316700;-7;-5;42;96;-7.1;-5.1;3.3;-0.1;74;0;-2.7;-3;-2.8;-3.7;0.5;308.3333333;0;0;1
28317600;-7;-5;42;96;-7.1;-5.1;3.3;-0.5;74.2;0;-2.7;-3.1;-2.8;-3.7;0.5;308.3333333;0;0;1.2
28318500;-7;-5;42;94;-7.1;-5.1;3.6;-0.6;74.1;0;-2.7;-3.1;-2.9;-3.7;0.5;308.3333333;0;0;1.2
28319400;-7;-5;42;95;-7.1;-5.1;3.9;-0.4;73.2;0;-2.8;-3.1;-2.9;-3.8;0.5;308.3333333;0;0;1.2
28320300;-7;-5;42;95;-7.1;-5.1;3.8;-0.1;72.8;0;-2.9;-3.2;-3;-3.8;0.5;308.3333333;0;0;1.2
28321200;-7;-5;42;95;-7.1;-5.1;3.7;-0.3;73.3;0;-2.9;-3.2;-3;-3.8;0.4;308.3333333;0;0;0.9
28322100;-7;-5;42;95;-7.1;-5.1;3.7;-0.4;72.7;0;-2.9;-3.2;-3;-3.8;0.4;308.3333333;0;0;0.9
28323000;-7;-5;42;95;-7.1;-5.1;3.8;-0.3;72.1;0;-2.9;-3.2;-3;-3.7;0.4;308.3333333;0;0;0.9
28323900;-7;-5;42;95;-7.1;-5.1;3.7;0;72.2;0;-2.9;-3.1;-3;-3.7;0.4;308.3333333;0;0;0.9
28324800;-7;-5;42;95;-7.1;-5.1;3.7;-0.6;71.8;0;-2.8;-3.1;-3;-3.7;0.3;308.3333333;0;0;1
28325700;-7;-5;42;95;-7.1;-5.1;3.6;-0.8;72.1;0;-2.8;-3.1;-3;-3.7;0.3;308.3333333;0;0;1
28326600;-7;-5;42;94;-7.1;-5.1;3.5;-0.7;73;0;-2.9;-3.2;-3;-3.8;0.3;308.3333333;0;0;1
28327500;-7;-5;42;94;-7.1;-5.1;3.6;-0.4;72.9;0;-3;-3.3;-3.1;-3.9;0.3;308.3333333;0;0;1
28328400;-7;-5;42;94;-7.1;-5.1;3.5;-0.7;73.3;0;-3.1;-3.4;-3.2;-4;0.4;311.1111111;0;0;1
28329300;-7;-5;42;94;-7.1;-5.1;3.7;-0.8;73.3;0;-3.1;-3.4;-3.3;-4.1;0.4;311.1111111;0;0;1
28330200;-8;-5;42;93;-7.4;-5.6;3.8;-0.5;73;0;-3.3;-3.6;-3.3;-4.2;0.4;311.1111111;0;0;1
28331100;-8;-6;42;93;-7.6;-5.6;3.9;0;73.2;0;-3.4;-3.8;-3.5;-4.3;0.4;311.1111111;0;0;1
28332000;-8;-6;42;93;-7.6;-5.6;4;0;72.8;0;-3.5;-3.8;-3.7;-4.4;0.5;311.1111111;0;0;0.7
28332900;-8;-6;42;93;-7.6;-5.6;4.1;0;72.8;0;-3.7;-3.9;-3.8;-4.5;0.5;311.1111111;0;0;0.7
28333800;-8;-6;42;92;-7.6;-5.8;4.2;0.2;72.9;0;-3.8;-4;-3.9;-4.5;0.5;311.1111111;0;0;0.7
28334700;-8;-6;42;90;-7.85;-5.95;4.25;2.3;72.9;0;-3.95;-4.15;-4.05;-4.7;0.5;311.1111111;0;0;0.7
28335600;-8;-6;42;88;-8.1;-6.1;4.3;4.4;72.9;0;-4.1;-4.3;-4.2;-4.9;0.3;311.1111111;0;0;0.8
28336500;-8;-6;42;89;-8.1;-6.1;4.3;5.7;72.8;0;-4.1;-4.4;-4.2;-4.9;0.3;311.1111111;0;0;0.8
28337400;-8;-6;42;90;-8.1;-6.1;4.4;5.7;72.7;0;-4.2;-4.4;-4.3;-4.9;0.3;311.1111111;0;0;0.8
28338300;-8;-6;42;89;-8.1;-6.1;4.4;5.7;72.8;0;-4.1;-4.5;-4.3;-5;0.3;311.1111111;0;0;0.8
28339200;-8;-6;42;89;-8.1;-6.3;4.5;5.8;72.5;0;-4.2;-4.5;-4.4;-5.1;0.4;311.1111111;0;0;0.7
28340100;-8;-7;42;88;-8.4;-6.6;4.5;5.8;72.4;0;-4.4;-4.6;-4.5;-5.2;0.4;311.1111111;0;0;0.7
28341000;-8;-7;42;88;-8.6;-6.6;4.5;5.8;72.1;0;-4.4;-4.7;-4.5;-5.3;0.4;311.1111111;0;0;0.7
28341900;-9;-7;42;87;-8.6;-6.6;4.5;5.8;72.5;0;-4.6;-4.8;-4.6;-5.5;0.4;311.1111111;0;0;0.7
28342800;-8;-7;32;62;-7.6;-6.9;4.5;5.9;72.5;0;-4.7;-4.9;-4.7;-5.7;0.5;311.1111111;0;0;0.7
28343700;-4;-2;0;0;-3.8;-2.9;4.5;5.9;72.5;0;-4;-4;-3.9;-5.3;0.5;311.1111111;0;0;0.7
28344600;-6;-3;28;56;-5.1;-2.7;4.5;5.9;72.5;0;-2.8;-2.9;-2.6;-3.8;0.5;311.1111111;0;0;0.7
28345500;-7;-5;42;93;-7.1;-5.2;4.6;5.9;72.6;0;-3.2;-3.4;-3.2;-3.9;0.5;311.1111111;0;0;0.7
28346400;-8;-6;42;92;-7.6;-5.6;4.4;1.4;72.6;0;-3.5;-3.7;-3.5;-4.3;0.5;311.1111111;0;0;0.6
28347300;-8;-6;42;91;-7.6;-5.8;4.4;-0.2;72.6;0;-3.7;-3.8;-3.7;-4.5;0.5;311.1111111;0;0;0.6
28348200;-8;-6;42;88;-7.9;-6;4.5;0;72.6;0;-4;-4.1;-4;-4.9;0.5;311.1111111;0;0;0.6
28349100;-8;-6;42;88;-8.1;-6.3;4.5;0.3;72.6;0;-4.1;-4.3;-4.2;-5;0.5;311.1111111;0;0;0.6
28350000;-8;-6;42;88;-8.1;-6.3;4.5;0;72.8;0;-4.3;-4.5;-4.4;-5.2;0.5;311.1111111;0;0;0.6
28350900;-9;-7;42;87;-8.4;-6.5;4.4;-0.1;73.1;0;-4.5;-4.7;-4.6;-5.3;0.5;311.1111111;0;0;0.6
28351800;-9;-7;42;87;-8.6;-6.8;4.3;0;73.3;0;-4.5;-4.8;-4.6;-5.3;0.5;311.1111111;0;0;0.6
28352700;-9;-7;42;84;-8.6;-6.8;4.3;0.3;73.9;0;-4.6;-4.8;-4.6;-5.5;0.5;311.1111111;0;0;0.6
28353600;-7;-7;24;48;-7;-6.8;4.5;0.2;73.1;0;-4.6;-4.8;-4.6;-5.7;0.5;311.1111111;0;0;0.8
28354500;-5;-2;0;0;-4.4;-1.9;4.5;0.2;72.8;0;-4;-4.1;-3.9;-5.3;0.5;311.1111111;0;0;0.8
28355400;-6;-4;29;61;-5.9;-3.3;4.5;0.3;73.7;0;-2.9;-2.9;-2.7;-4.1;0.5;311.1111111;0;0;0.8
28356300;-7;-5;42;90;-7.3;-5.4;4.4;0.5;73.5;0;-3.4;-3.6;-3.4;-4.3;0.5;311.1111111;0;0;0.8
28357200;-8;-6;42;89;-7.7;-5.9;4.3;0.4;73.8;0;-4;-4.1;-3.9;-4.8;0.7;311.1111111;0;0;1.9
28358100;-8;-6;42;87;-8.2;-6.2;4.3;0.3;73.7;0;-4.2;-4.5;-4.3;-5.2;0.7;311.1111111;0;0;1.9
28359000;-9;-7;42;87;-8.4;-6.7;4.3;0.3;73.3;0;-4.5;-4.7;-4.6;-5.5;0.7;311.1111111;0;0;1.9
28359900;-9;-7;42;87;-8.7;-6.7;4.2;0.4;73.2;0;-4.5;-4.6;-4.6;-5.5;0.7;311.1111111;0;0;1.9
28360800;-9;-7;42;85;-8.7;-6.7;4.3;0.3;73.3;0;-4.6;-4.8;-4.6;-5.6;0.7;311.1111111;0;0;1.9
28361700;-9;-7;39;79;-8.4;-6.7;4.3;0.2;73.3;0;-4.7;-4.9;-4.8;-5.7;0.7;311.1111111;0;0;1.9
28362600;-5;-3;0;0;-4.5;-3.9;4.3;0.3;73.3;0;-4.2;-4.2;-4.1;-5.5;0.7;311.1111111;0;0;1.9
28363500;-5;-2;15;33;-5.3;-1.9;4.3;0.6;73;0;-3.2;-3.3;-3;-4.5;0.7;311.1111111;0;0;1.9
28364400;-7;-5;42;91;-7.2;-5.2;4.5;0.3;72.9;1.9;-3.4;-3.5;-3.3;-4.3;1;311.1111111;16.66666667;16.66666667;2.2
28365300;-8;-6;42;90;-7.9;-6;4.4;0.1;72.8;2.8;-4;-4.2;-4;-4.9;1;311.1111111;16.66666667;16.66666667;2.2
28366200;-8;-6;42;89;-8.2;-6.3;4.4;0.2;73;2.8;-4.4;-4.6;-4.4;-5.3;1;311.1111111;16.66666667;16.66666667;2.2
28367100;-9;-7;42;88;-8.2;-6.5;4.6;0.5;73;2.8;-4.5;-4.6;-4.5;-5.4;1;311.1111111;16.66666667;16.66666667;2.2
28368000;-9;-7;42;88;-8.6;-6.8;4.7;0.5;72.5;23.6;-4.7;-4.8;-4.6;-5.6;1.2;311.1111111;41.66666667;41.66666667;2.1
28368900;-7;-6;17;35;-6.4;-6.3;4.7;0.5;71.9;34;-4.6;-4.6;-4.5;-5.7;1.2;311.1111111;41.66666667;41.66666667;2.1
28369800;-5;-2;2;4;-4.9;-1.3;4.8;0.6;72.1;34;-3.5;-3.6;-3.4;-5.1;1.2;311.1111111;41.66666667;41.66666667;2.1
28370700;-7;-5;42;91;-6.7;-4.7;5.2;1;71.3;34;-2.8;-3;-2.8;-3.9;1.2;311.1111111;41.66666667;41.66666667;2.1
28371600;-8;-5;42;92;-7.4;-5.4;5.2;1.2;70.1;77.3;-3.4;-3.6;-3.3;-4.3;1.6;313.8888889;55.55555556;55.55555556;2.1
28372500;-8;-6;42;93;-7.5;-5.6;5.2;1.3;70.4;99;-3.6;-3.7;-3.6;-4.5;1.6;313.8888889;55.55555556;55.55555556;2.1
28373400;-8;-6;42;92;-7.9;-5.9;5.4;1.3;69.7;95.3;-3.8;-4;-3.8;-4.8;1.6;313.8888889;55.55555556;55.55555556;2.1
28374300;-8;-6;42;91;-7.9;-5.9;5.5;1.4;69.4;85.1;-4;-4.1;-4;-5;1.6;313.8888889;55.55555556;55.55555556;2.1
28375200;-8;-6;42;91;-7.9;-6.2;5.6;1.6;68.7;106;-4.1;-4.2;-4.1;-5.1;1.8;311.1111111;75;75;3
28376100;-8;-6;42;91;-8.3;-6.4;5.5;1.7;68.4;116.4;-4.2;-4.3;-4.1;-5.2;1.8;311.1111111;75;75;3
28377000;-8;-6;42;90;-8.4;-6.4;5.6;1.7;68.6;110.5;-4.2;-4.3;-4.2;-5.1;1.8;311.1111111;75;75;3
28377900;-8;-6;42;92;-8.4;-6.4;5.4;1.7;68.5;94.3;-4;-4.3;-4.1;-5.1;1.8;311.1111111;75;75;3
28378800;-8;-6;42;92;-8.4;-6.4;5.4;2;68.6;119.7;-3.9;-4.1;-3.9;-5;2;311.1111111;86.11111111;86.11111111;2.6
28379700;-8;-6;42;90;-8.4;-6.4;5.3;2.2;68.1;132.4;-3.8;-4;-3.8;-4.9;2;311.1111111;86.11111111;86.11111111;2.6
28380600;-8;-6;42;93;-8.2;-6.4;5.5;2.2;67.9;132.4;-3.7;-3.9;-3.7;-4.8;2;311.1111111;86.11111111;86.11111111;2.6
28381500;-8;-6;42;94;-7.9;-5.9;5.5;2.3;67.8;132.4;-3.5;-3.7;-3.6;-4.6;2;311.1111111;86.11111111;86.11111111;2.6
28382400;-8;-6;42;94;-7.9;-5.9;5.7;2.6;67;154.5;-3.4;-3.5;-3.4;-4.5;1.9;313.8888889;50;50;1.8
28383300;-7;-5;42;95;-7.5;-5.9;5.8;2.7;65.8;165.6;-3.2;-3.3;-3.2;-4.3;1.9;313.8888889;50;50;1.8
28384200;-7;-5;42;95;-7.4;-5.4;5.7;2.6;66.1;165.6;-3;-3.2;-3;-4.1;1.9;313.8888889;50;50;1.8
28385100;-7;-5;42;95;-7.4;-5.4;5.5;2.4;67.3;165.6;-3.1;-3.3;-3.2;-4.2;1.9;313.8888889;50;50;1.8
28386000;-7;-5;42;95;-7.4;-5.4;5.4;2.5;68.1;153.7;-3;-3.2;-3.1;-4.1;1.8;313.8888889;30.55555556;30.55555556;1.8
28386900;-7;-5;42;95;-7.4;-5.4;5.2;2.5;69.1;147.7;-3;-3.2;-3.1;-4.2;1.8;313.8888889;30.55555556;30.55555556;1.8
28387800;-7;-5;42;93;-7.4;-5.4;5.1;2.4;69;147.7;-3;-3.3;-3.1;-4.2;1.8;313.8888889;30.55555556;30.55555556;1.8
28388700;-7;-5;42;94;-7.4;-5.4;4.9;2.3;69.2;147.7;-3.1;-3.3;-3.2;-4.2;1.8;313.8888889;30.55555556;30.55555556;1.8
28389600;-8;-5;42;94;-7.4;-5.4;5.1;2.2;69.5;99.7;-3.3;-3.5;-3.4;-4.3;1.4;311.1111111;11.11111111;11.11111111;1.4
28390500;-8;-6;42;93;-7.4;-5.4;5;2.2;68.7;75.7;-3.5;-3.7;-3.6;-4.5;1.4;311.1111111;11.11111111;11.11111111;1.4
28391400;-8;-6;42;93;-7.5;-5.8;4.9;2.1;68.8;75.7;-3.6;-3.8;-3.7;-4.6;1.4;311.1111111;11.11111111;11.11111111;1.4
28392300;-8;-6;42;93;-7.9;-5.9;4.7;1.9;69.5;75.7;-3.6;-3.8;-3.7;-4.7;1.4;311.1111111;11.11111111;11.11111111;1.4
28393200;-8;-6;42;93;-7.9;-5.9;4.5;1.8;70.4;43.4;-3.5;-3.7;-3.6;-4.6;1.1;311.1111111;0;0;1
28394100;-8;-6;42;93;-7.9;-5.9;4.2;1.8;71.1;27.3;-3.5;-3.7;-3.6;-4.6;1.1;311.1111111;0;0;1
28395000;-8;-6;42;93;-7.9;-5.9;4.1;1.7;71.4;27.3;-3.5;-3.7;-3.7;-4.6;1.1;311.1111111;0;0;1
28395900;-8;-6;42;91;-7.9;-5.9;4;1.7;71.4;27.3;-3.6;-3.7;-3.7;-4.6;1.1;311.1111111;0;0;1
28396800;-8;-6;42;91;-7.9;-5.9;4.1;1.6;71.1;14.7;-3.6;-3.7;-3.7;-4.6;0.8;308.3333333;0;0;2
28397700;-8;-6;42;92;-7.9;-5.9;3.8;1.6;71.2;8.4;-3.6;-3.8;-3.7;-4.7;0.8;308.3333333;0;0;2
28398600;-8;-6;42;93;-7.9;-5.9;3.8;1.4;71.3;8.4;-3.8;-3.9;-3.9;-4.8;0.8;308.3333333;0;0;2
28399500;-8;-6;42;90;-7.9;-6.1;4;1.3;71.2;8.4;-4;-4.2;-4;-5;0.8;308.3333333;0;0;2
28400400;-8;-6;42;90;-8.4;-6.4;4.1;1.3;70.4;0;-4.2;-4.4;-4.3;-5.2;0.5;308.3333333;0;0;2
28401300;-8;-6;42;90;-8.4;-6.4;3.9;1.3;70.9;0;-4.2;-4.4;-4.3;-5.2;0.5;308.3333333;0;0;2
28402200;-8;-6;42;90;-8.4;-6.4;3.6;1.1;72.4;0;-4.1;-4.3;-4.2;-5.3;0.5;308.3333333;0;0;2
28403100;-8;-6;42;91;-8.4;-6.4;3.6;1;72.6;0;-4.1;-4.3;-4.2;-5.2;0.5;308.3333333;0;0;2
28404000;-8;-6;42;89;-8.4;-6.4;3.7;0.7;72.5;0;-4.2;-4.4;-4.3;-5.3;0.4;308.3333333;0;0;1.7
28404900;-9;-7;42;88;-8.4;-6.4;3.7;0.7;71.9;0;-4.4;-4.6;-4.5;-5.5;0.4;308.3333333;0;0;1.7
28405800;-9;-7;42;88;-8.4;-6.4;3.7;0.6;72.1;0;-4.5;-4.6;-4.5;-5.5;0.4;308.3333333;0;0;1.7
28406700;-9;-7;42;89;-8.4;-6.8;3.6;0.5;72;0;-4.5;-4.7;-4.6;-5.6;0.4;308.3333333;0;0;1.7
28407600;-9;-7;42;89;-8.4;-6.9;3.6;0.7;72;0;-4.5;-4.8;-4.6;-5.6;0.4;308.3333333;0;0;1.9
28408500;-9;-7;42;88;-8.4;-6.9;3.7;0.7;71.3;0;-4.6;-4.8;-4.7;-5.6;0.4;308.3333333;0;0;1.9
28409400;-7;-7;28;56;-7.2;-6.9;3.7;0.6;71.3;0;-4.6;-4.8;-4.6;-5.8;0.4;308.3333333;0;0;1.9
28410300;-4;-2;0;0;-4.1;-2.7;3.8;0.6;71.3;0;-4;-4.1;-3.9;-5.4;0.4;308.3333333;0;0;1.9
28411200;-5;-4;25;51;-5.2;-3.2;3.8;0.3;71.3;0;-2.9;-3.2;-2.9;-4.2;0.3;308.3333333;0;0;1.6
28412100;-8;-6;42;92;-7.5;-5.5;3.8;0.2;71.5;0;-3.7;-3.8;-3.6;-4.5;0.3;308.3333333;0;0;1.6
28413000;-8;-6;42;89;-8.1;-6.2;3.8;0.1;71.5;0;-4.2;-4.4;-4.2;-5;0.3;308.3333333;0;0;1.6
28413900;-9;-7;42;87;-8.4;-6.7;3.8;-0.1;71.6;0;-4.6;-4.7;-4.5;-5.5;0.3;308.3333333;0;0;1.6
28414800;-7;-5;14;28;-6;-5.7;3.9;0;71.8;0;-4.6;-4.6;-4.4;-5.6;0.3;308.3333333;0;0;1.1
28415700;-5;-1;1;3;-4.9;-0.9;4;0;71.8;0;-3.9;-3.9;-3.6;-5;0.3;308.3333333;0;0;1.1
28416600;-7;-5;40;88;-6.8;-4.9;3.9;0.1;71.8;0;-3;-3.2;-2.9;-4;0.3;308.3333333;0;0;1.1
28417500;-8;-6;42;91;-7.8;-5.9;3.7;0.3;72.3;0;-4;-4.1;-3.9;-4.8;0.3;308.3333333;0;0;1.1
28418400;-8;-7;42;88;-8.3;-6.5;3.7;0.2;72.7;0;-4.5;-4.6;-4.5;-5.4;0.3;308.3333333;0;0;1
28419300;-6;-6;15;29;-6.3;-6.2;3.7;0.2;72.7;0;-4.6;-4.7;-4.5;-5.7;0.3;308.3333333;0;0;1
28420200;-5;-2;0;0;-5;-1;3.7;0.2;72.6;0;-3.9;-4.1;-3.8;-5.2;0.3;308.3333333;0;0;1
28421100;-6.5;-4;21;45;-6.25;-3.3;3.7;2.2;72.65;0;-3.8;-3.95;-3.7;-4.85;0.3;308.3333333;0;0;1
28422000;-8;-6;42;90;-7.5;-5.6;3.7;4.2;72.7;0;-3.7;-3.8;-3.6;-4.5;0.2;308.3333333;0;0;0.5
28422900;-8;-6;42;89;-8;-6.2;3.7;5.7;73.3;0;-4.2;-4.3;-4.2;-5.1;0.2;308.3333333;0;0;0.5
28423800;-9;-7;42;89;-8.4;-6.5;3.7;5.7;73.3;0;-4.5;-4.7;-4.5;-5.5;0.2;308.3333333;0;0;0.5
28424700;-7;-6;22;44;-7;-6.7;3.8;5.7;72.9;0;-4.6;-4.8;-4.6;-5.7;0.2;308.3333333;0;0;0.5
28425600;-5;-2;0;0;-4.9;-1.4;3.7;5.8;72.5;0;-3.9;-4;-3.9;-5.2;0;305.5555556;0;0;1.1
28426500;-6;-4;35;75;-6.4;-3.6;3.6;5.8;73.2;0;-2.8;-3;-2.8;-3.9;0;305.5555556;0;0;1.1
28427400;-8;-6;42;92;-7.5;-5.6;3.7;5.8;72.9;0;-3.7;-3.8;-3.6;-4.5;0;305.5555556;0;0;1.1
28428300;-8;-6;42;89;-8.1;-6.2;3.7;5.8;72.3;0;-4.3;-4.5;-4.3;-5.1;0;305.5555556;0;0;1.1
28429200;-9;-7;42;87;-8.4;-6.7;3.6;5.9;72.6;0;-4.6;-4.8;-4.7;-5.6;0.1;308.3333333;0;0;0.9
28430100;-6;-4;5;11;-5.7;-4.5;3.6;5.9;72.3;0;-4.4;-4.5;-4.3;-5.6;0.1;308.3333333;0;0;0.9
28431000;-5;-1;6;4;-5.2;0.4;3.6;5.9;72.3;0;-3.5;-3.6;-3.4;-4.7;0.1;308.3333333;0;0;0.9
28431900;-7;-5;42;91;-7;-5.1;3.6;5.9;72.8;0;-3.3;-3.4;-3.1;-4.2;0.1;308.3333333;0;0;0.9
28432800;-8;-6;42;90;-7.9;-6;3.7;1.8;72.8;0;-4.1;-4.2;-4;-4.9;0.1;308.3333333;0;0;1.9
28433700;-9;-7;42;87;-8.4;-6.6;3.7;0.3;73.3;0;-4.6;-4.8;-4.6;-5.5;0.1;308.3333333;0;0;1.9
28434600;-5;-4;4;6;-5.5;-5;3.7;0.2;73.5;0;-4.5;-4.5;-4.4;-5.6;0.1;308.3333333;0;0;1.9
28435500;-5;-1;1;3;-5;-0.8;3.7;0;73.4;0;-3.8;-3.9;-3.7;-5.1;0.1;308.3333333;0;0;1.9
28436400;-6;-5;41;85;-6.7;-4.8;3.7;0;72.7;0;-2.9;-3.1;-2.8;-4;0.1;308.3333333;0;0;1.1
28437300;-8;-6;42;91;-7.7;-5.8;3.7;0;72.8;0;-3.9;-4;-3.8;-4.7;0.1;308.3333333;0;0;1.1
28438200;-8;-6;42;89;-8.2;-6.3;3.7;0;72.8;0;-4.4;-4.5;-4.3;-5.1;0.1;308.3333333;0;0;1.1
28439100;-9;-7;42;86;-8.5;-6.8;3.7;0.1;72.8;0;-4.6;-4.8;-4.7;-5.5;0.1;308.3333333;0;0;1.1
28440000;-6;-5;13;23;-6.2;-5.7;3.6;0.1;73.6;0;-4.6;-4.6;-4.5;-5.7;-0.1;308.3333333;0;0;1.7
28440900;-5;-1;0;0;-5.2;-0.9;3.6;0.1;75.1;0;-3.8;-4;-3.8;-5.2;-0.1;308.3333333;0;0;1.7
28441800;-6;-4;37;76;-6.4;-4.3;3.6;0.1;76.1;0;-3.1;-3.1;-2.9;-4;-0.1;308.3333333;0;0;1.7
28442700;-8;-6;43;90;-7.7;-5.9;3.7;0.1;76.5;0;-4;-4.1;-3.9;-4.7;-0.1;308.3333333;0;0;1.7
28443600;-8;-6;44;87;-8;-6.2;3.8;0.1;76.2;0;-4.3;-4.4;-4.2;-5.1;0.2;311.1111111;0;0;1.9
28444500;-9;-7;43;87;-8.4;-6.6;4;0.1;75;0;-4.6;-4.7;-4.5;-5.4;0.2;311.1111111;0;0;1.9
28445400;-6;-6;13;26;-6.3;-5.8;4;0.1;74.3;0;-4.6;-4.6;-4.5;-5.6;0.2;311.1111111;0;0;1.9
28446300;-5;-1;0;1;-5;-0.9;3.9;0.1;74.8;0;-3.8;-3.9;-3.7;-5.2;0.2;311.1111111;0;0;1.9
28447200;-7;-5;41;81;-6.6;-4.8;3.9;0;74.8;0;-2.9;-3.1;-2.8;-4;0.1;311.1111111;0;0;2.1
28448100;-8;-6;43;88;-7.8;-5.9;4;0;74.6;0;-4;-4.2;-3.9;-4.8;0.1;311.1111111;0;0;2.1
28449000;-8;-7;43;84;-8.4;-6.6;3.9;-0.1;74.7;0;-4.7;-4.8;-4.6;-5.5;0.1;311.1111111;0;0;2.1
28449900;-5;-4;0;0;-5.3;-4.4;4;-0.2;74.4;0;-4.4;-4.5;-4.2;-5.5;0.1;311.1111111;0;0;2.1
28450800;-5;-2;7;17;-5.4;-1.7;4.2;-0.1;74;1;-3.4;-3.6;-3.2;-4.6;0.7;308.3333333;13.88888889;13.88888889;2.2
28451700;-7;-5;42;91;-7;-5.1;4.2;-0.1;73.6;1.5;-3.3;-3.4;-3.1;-4.1;0.7;308.3333333;13.88888889;13.88888889;2.2
28452600;-8;-6;43;88;-7.7;-5.8;4.5;0;73.3;1.5;-3.9;-4;-3.8;-4.7;0.7;308.3333333;13.88888889;13.88888889;2.2
28453500;-8;-6;43;85;-8.1;-6.3;4.6;0.2;72.6;1.5;-4.4;-4.5;-4.3;-5.3;0.7;308.3333333;13.88888889;13.88888889;2.2
28454400;-9;-7;45;88;-8.6;-6.8;4.7;0.3;72.4;14.9;-4.7;-4.8;-4.6;-5.6;1;311.1111111;36.11111111;36.11111111;3.2
28455300;-6;-5;13;27;-6.3;-6.1;4.8;0.4;72.3;21.6;-4.5;-4.6;-4.5;-5.7;1;311.1111111;36.11111111;36.11111111;3.2
28456200;-5;-2;1;4;-5.2;-1.2;5.1;0.4;71.7;21.6;-3.7;-4;-3.6;-5.2;1;311.1111111;36.11111111;36.11111111;3.2
28457100;-7;-5;41;80;-6.5;-4.7;5.2;0.3;72;21.6;-2.7;-2.9;-2.6;-3.8;1;311.1111111;36.11111111;36.11111111;3.2
28458000;-7;-5;43;91;-7.3;-5.3;5.4;0.6;72.4;50.8;-3.2;-3.4;-3.2;-4.2;1.3;308.3333333;58.33333333;58.33333333;2.6
28458900;-7;-5;43;92;-7.3;-5.5;5.3;0.8;73.5;65.4;-3.4;-3.5;-3.4;-4.3;1.3;308.3333333;58.33333333;58.33333333;2.6
28459800;-7;-6;43;92;-7.3;-5.5;5.4;0.9;72.9;66;-3.4;-3.6;-3.4;-4.3;1.3;308.3333333;58.33333333;58.33333333;2.6
28460700;-8;-6;43;92;-7.3;-5.5;5.4;1.3;72.2;67.5;-3.4;-3.5;-3.4;-4.3;1.3;308.3333333;58.33333333;58.33333333;2.6
28461600;-8;-6;43;91;-7.3;-5.5;5.5;1.8;72.3;101.4;-3.5;-3.6;-3.5;-4.5;1.8;308.3333333;58.33333333;58.33333333;2.8
28462500;-8;-6;43;92;-7.7;-5.5;5.7;2;71.4;118.4;-3.6;-3.7;-3.5;-4.6;1.8;308.3333333;58.33333333;58.33333333;2.8
28463400;-8;-6;43;90;-7.8;-5.5;5.7;1.9;71.2;116.6;-3.6;-3.7;-3.6;-4.5;1.8;308.3333333;58.33333333;58.33333333;2.8
28464300;-8;-6;43;92;-7.8;-5.5;5.7;1.8;70.9;111.6;-3.6;-3.7;-3.5;-4.6;1.8;308.3333333;58.33333333;58.33333333;2.8
28465200;-8;-6;44;92;-7.8;-5.5;5.7;2.1;71.5;121.4;-3.6;-3.7;-3.5;-4.6;1.7;316.6666667;52.77777778;52.77777778;3
28466100;-8;-6;43;89;-7.8;-5.5;5.8;2.3;71.6;126.3;-3.6;-3.7;-3.5;-4.6;1.7;316.6666667;52.77777778;52.77777778;3
28467000;-8;-6;43;92;-7.8;-5.5;5.9;2.2;71.8;126.3;-3.5;-3.6;-3.4;-4.5;1.7;316.6666667;52.77777778;52.77777778;3
28467900;-8;-6;43;92;-7.8;-5.5;6.2;1.8;72.6;126.3;-3.4;-3.6;-3.4;-4.4;1.7;316.6666667;52.77777778;52.77777778;3
28468800;-7;-5;42;92;-7.8;-5.5;6.1;2.1;72;130;-3.3;-3.4;-3.3;-4.3;2.5;305.5555556;77.77777778;77.77777778;3.4
28469700;-7;-5;42;93;-7.5;-5.5;5.9;2.3;72.2;131.8;-3.1;-3.3;-3.1;-4.1;2.5;305.5555556;77.77777778;77.77777778;3.4
28470600;-7;-5;42;93;-7.3;-5.5;6;2.3;71.7;131.8;-3.2;-3.3;-3.1;-4.2;2.5;305.5555556;77.77777778;77.77777778;3.4
28471500;-7;-5;42;93;-7.3;-5.5;6.4;2.3;71.1;131.8;-3.2;-3.3;-3.2;-4.2;2.5;305.5555556;77.77777778;77.77777778;3.4
28472400;-7;-5;42;94;-7.3;-5.5;6.8;2.4;70.2;105.8;-3.1;-3.3;-3.1;-4.1;3.2;294.4444444;86.11111111;86.11111111;3.7
28473300;-7;-5;42;95;-7.3;-5.5;6.8;2.5;69.5;92.8;-3;-3;-2.9;-4;3.2;294.4444444;86.11111111;86.11111111;3.7
28474200;-7;-5;42;94;-7.3;-5.4;6.5;2.3;69.7;92.8;-2.8;-2.9;-2.7;-3.8;3.2;294.4444444;86.11111111;86.11111111;3.7
28475100;-7;-5;42;97;-7;-5;6.5;1.9;69.6;92.8;-2.4;-2.7;-2.5;-3.6;3.2;294.4444444;86.11111111;86.11111111;3.7
28476000;-7;-4;43;98;-6.8;-4.9;6.7;2.3;69.5;77.7;-2.2;-2.4;-2.3;-3.4;3.4;308.3333333;19.44444444;19.44444444;3.5
28476900;-6;-4;43;98;-6.8;-4.5;6.6;2.5;69.2;70.2;-2.1;-2.3;-2.2;-3.3;3.4;308.3333333;19.44444444;19.44444444;3.5
28477800;-7;-4;43;98;-6.8;-4.5;6.3;2.6;69.1;70.2;-2.2;-2.4;-2.2;-3.4;3.4;308.3333333;19.44444444;19.44444444;3.5
28478700;-7;-4;43;98;-6.8;-4.5;6.1;3;68.8;70.2;-2.2;-2.4;-2.3;-3.4;3.4;308.3333333;19.44444444;19.44444444;3.5
28479600;-6;-4;43;99;-6.8;-4.5;6.1;3;67.3;43.6;-2.2;-2.3;-2.1;-3.3;3.3;300;2.777777778;2.777777778;3.7
28480500;-6;-4;43;98;-6.8;-4.5;5.9;3;66.5;30.3;-2.2;-2.4;-2.2;-3.3;3.3;300;2.777777778;2.777777778;3.7
28481400;-7;-5;43;97;-6.8;-4.5;5.9;3.1;67.1;30.3;-2.4;-2.6;-2.4;-3.5;3.3;300;2.777777778;2.777777778;3.7
28482300;-7;-5;42;95;-6.8;-4.6;5.6;3.1;67.9;30.3;-2.7;-2.8;-2.6;-3.7;3.3;300;2.777777778;2.777777778;3.7
28483200;-7;-5;42;94;-6.8;-5;5.3;3;68.8;16.6;-2.7;-2.9;-2.7;-3.7;3;294.4444444;0;0;3.8
28484100;-7;-5;42;95;-6.8;-5;5.3;3;69.6;7.5;-2.8;-3;-2.7;-3.8;3;294.4444444;0;0;3.8
28485000;-7;-5;42;95;-6.8;-5;5.5;3;69.6;7.5;-2.8;-3;-2.8;-3.9;3;294.4444444;0;0;3.8
28485900;-7;-5;42;95;-6.8;-5;5.3;3.2;69.7;7.5;-2.8;-3.1;-2.8;-3.9;3;294.4444444;0;0;3.8
28486800;-7;-5;42;95;-6.8;-5;5.2;3.2;69.8;0;-2.8;-3.1;-2.8;-3.9;3.1;294.4444444;0;0;3.9
28487700;-7;-5;42;96;-6.8;-5;5.1;3.2;70;0;-2.7;-3;-2.8;-3.8;3.1;294.4444444;0;0;3.9
28488600;-7;-5;42;96;-6.8;-5;5.2;3.3;69.7;0;-2.7;-2.9;-2.7;-3.8;3.1;294.4444444;0;0;3.9
28489500;-7;-5;42;95;-6.8;-5;5.3;3.3;69.1;0;-2.7;-3;-2.8;-3.8;3.1;294.4444444;0;0;3.9
28490400;-7;-5;42;95;-6.8;-5;5.4;3.1;69.5;0;-2.8;-3;-2.9;-3.8;2.7;294.4444444;0;0;4.1
28491300;-7;-5;42;93;-6.8;-5;5.4;3.1;69.8;0;-2.9;-3.1;-2.9;-3.9;2.7;294.4444444;0;0;4.1
28492200;-7;-5;42;94;-6.8;-5;5.3;3;70.5;0;-3;-3.1;-2.9;-3.9;2.7;294.4444444;0;0;4.1
28493100;-7;-5;42;93;-7.3;-5;5.2;2.8;71;0;-3.1;-3.3;-3.1;-4;2.7;294.4444444;0;0;4.1
28494000;-7;-5;42;94;-7.3;-5.3;5.2;2.8;71.4;0;-3.2;-3.3;-3.2;-4;2.3;263.8888889;0;0;3.4
28494900;-7;-5;42;93;-7.3;-5.5;5.1;2.8;72.2;0;-3.1;-3.4;-3.2;-4;2.3;263.8888889;0;0;3.4
28495800;-7;-5;42;92;-7.3;-5.5;4.8;3;72.9;0;-3.3;-3.5;-3.3;-4.2;2.3;263.8888889;0;0;3.4
28496700;-8;-6;42;91;-7.5;-5.5;4.4;3.1;73.5;0;-3.6;-3.9;-3.6;-4.4;2.3;263.8888889;0;0;3.4
28497600;-8;-6;43;91;-7.8;-6;4.3;3.1;74.2;0;-3.7;-3.9;-3.6;-4.4;2.5;286.1111111;0;0;2.4
28498500;-8;-6;42;92;-7.8;-6;4.5;3.1;73.7;0;-3.6;-3.8;-3.6;-4.5;2.5;286.1111111;0;0;2.4
28499400;-8;-6;42;91;-7.8;-6;4.8;2.9;72.5;0;-3.5;-3.7;-3.5;-4.4;2.5;286.1111111;0;0;2.4
28500300;-8;-6;42;92;-7.8;-5.9;5;2.7;71.4;0;-3.4;-3.5;-3.3;-4.2;2.5;286.1111111;0;0;2.4
28501200;-7;-5;42;95;-7.5;-5.5;5.2;2.8;70.7;0;-3.1;-3.3;-3.1;-3.9;2.6;297.2222222;0;0;3.7
28502100;-7;-5;42;95;-7.3;-5.5;5.2;2.8;69.9;0;-3;-3.1;-2.9;-3.8;2.6;297.2222222;0;0;3.7
28503000;-7;-5;42;94;-7.3;-5.5;5.2;2.7;69.6;0;-3;-3.2;-3;-3.8;2.6;297.2222222;0;0;3.7
28503900;-7;-5;42;95;-7.3;-5.5;5.2;2.4;69.4;0;-3.1;-3.3;-3.1;-3.9;2.6;297.2222222;0;0;3.7
28504800;-7;-5;42;94;-7.3;-5.5;5.1;2.5;68.9;0;-3;-3.3;-3.1;-3.9;3;297.2222222;0;0;3.3
28505700;-7;-5;42;95;-7.3;-5.5;5.2;2.6;68.1;0;-2.9;-3.1;-3;-3.8;3;297.2222222;0;0;3.3
28506600;-7;-5;42;95;-7.3;-5.5;5.2;2.7;67.6;0;-2.9;-3.1;-3;-3.8;3;297.2222222;0;0;3.3
28507500;-7;-5;42;93.5;-7.3;-5.5;5.2;3.7;67.3;0;-3;-3.2;-3;-3.85;3;297.2222222;0;0;3.3
28508400;-7;-5;42;92;-7.3;-5.5;5.2;4.7;67;0;-3.1;-3.3;-3;-3.9;2.9;300;0;0;3.5
28509300;-7;-5;42;93;-7.3;-5.5;5.1;5.7;67.2;0;-3.2;-3.3;-3.1;-4;2.9;300;0;0;3.5
28510200;-8;-5;42;92;-7.3;-5.5;5;5.7;67.5;0;-3.5;-3.6;-3.4;-4.3;2.9;300;0;0;3.5
28511100;-8;-6;42;91;-7.6;-5.5;4.8;5.7;67.5;0;-3.6;-3.8;-3.5;-4.5;2.9;300;0;0;3.5
28512000;-8;-6;42;93;-7.8;-5.5;4.9;5.8;67;0;-3.4;-3.6;-3.4;-4.4;2.8;297.2222222;0;0;3
28512900;-8;-5;42;93;-7.8;-5.5;4.8;5.8;67.2;0;-3.4;-3.5;-3.3;-4.4;2.8;297.2222222;0;0;3
28513800;-7;-5;42;92;-7.8;-5.5;4.8;5.8;67.6;0;-3.3;-3.4;-3.3;-4.3;2.8;297.2222222;0;0;3
28514700;-7;-5;42;93;-7.8;-5.5;5.1;5.8;67.4;0;-3.3;-3.4;-3.2;-4.3;2.8;297.2222222;0;0;3
28515600;-7;-5;42;93;-7.8;-5.5;5;5.9;67.4;0;-3.3;-3.4;-3.2;-4.3;3;300;0;0;3.3
28516500;-7;-5;42;93;-7.6;-5.5;4.9;5.9;68.3;0;-3.2;-3.3;-3.2;-4.2;3;300;0;0;3.3
28517400;-7;-5;42;92;-7.3;-5.5;5.1;5.9;68.1;0;-3.1;-3.3;-3.1;-4.2;3;300;0;0;3.3
28518300;-7;-5;42;93;-7.3;-5.5;5.1;5.9;68.3;0;-3.2;-3.4;-3.1;-4.2;3;300;0;0;3.3
28519200;-7;-5;42;94;-7.3;-5.5;5.2;3.2;67.7;0;-3.1;-3.3;-3.1;-4.2;2.8;305.5555556;0;0;2.4
28520100;-7;-5;42;93;-7.3;-5.5;5.2;2.8;68.1;0;-3.1;-3.3;-3.1;-4.1;2.8;305.5555556;0;0;2.4
28521000;-7;-5;42;94;-7.3;-5.5;5.3;2.8;68.9;0;-3.1;-3.2;-3;-4;2.8;305.5555556;0;0;2.4
28521900;-7;-5;42;94;-7.3;-5.5;5.3;2.8;69.2;0;-3;-3.2;-3;-3.9;2.8;305.5555556;0;0;2.4
28522800;-7;-5;42;95;-7.3;-5.5;5.2;2.7;69.2;0;-2.8;-3.1;-2.9;-3.8;2.8;311.1111111;0;0;3.1
28523700;-7;-5;42;94;-7.3;-5.5;5.2;2.7;69.2;0;-3;-3.2;-3;-3.9;2.8;311.1111111;0;0;3.1
28524600;-7;-5;42;94;-7.3;-5.5;5.3;2.8;69.2;0;-3.1;-3.3;-3.1;-4;2.8;311.1111111;0;0;3.1
28525500;-7;-5;42;93;-7.3;-5.5;5.4;2.9;70.4;0;-3.1;-3.2;-3;-4.1;2.8;311.1111111;0;0;3.1
28526400;-7;-5;42;93;-7.3;-5.5;5.3;3;71.5;0;-3.1;-3.2;-3;-4;2.7;311.1111111;0;0;3.5
28527300;-7;-5;42;94;-7.3;-5.5;5.3;3;71.8;0;-3.1;-3.3;-3.1;-4.1;2.7;311.1111111;0;0;3.5
28528200;-7;-5;42;94;-7.3;-5.5;5.4;2.9;71.9;0;-3.3;-3.4;-3.2;-4.2;2.7;311.1111111;0;0;3.5
28529100;-7;-5;42;93;-7.3;-5.5;5.6;2.9;72.1;0;-3.3;-3.5;-3.3;-4.2;2.7;311.1111111;0;0;3.5
28530000;-8;-5;42;92;-7.3;-5.5;5.6;2.9;71.8;0;-3.3;-3.6;-3.4;-4.3;2.8;302.7777778;0;0;3.6
28530900;-7;-5;42;92;-7.3;-5.5;5.5;2.9;72.8;0;-3.3;-3.5;-3.3;-4.3;2.8;302.7777778;0;0;3.6
28531800;-7;-5;42;94;-7.3;-5.5;5.4;2.8;73.3;0;-3.1;-3.3;-3.2;-4.1;2.8;302.7777778;0;0;3.6
28532700;-7;-5;42;95;-7.3;-5.5;5.4;2.8;73.9;0;-2.9;-3;-2.9;-3.9;2.8;302.7777778;0;0;3.6
28533600;-7;-5;42;94;-7.3;-5.5;5.5;2.8;74.1;0;-2.9;-3;-2.9;-3.9;2.8;302.7777778;2.777777778;2.777777778;4.4
28534500;-7;-5;42;94;-7.3;-5.5;5.4;2.8;74.2;0;-2.9;-3.1;-2.9;-4;2.8;302.7777778;2.777777778;2.777777778;4.4
28535400;-7;-5;42;94;-7.3;-5.5;5.4;2.7;74.3;0;-3;-3.3;-3;-4.1;2.8;302.7777778;2.777777778;2.777777778;4.4
28536300;-7;-5;42;93;-7.3;-5.5;5.5;2.7;74.6;0;-3.2;-3.4;-3.2;-4.2;2.8;302.7777778;2.777777778;2.777777778;4.4
28537200;-7;-5;42;94;-7.3;-5.5;5.6;2.5;74.8;1.3;-3.2;-3.4;-3.2;-4.3;3;283.3333333;36.11111111;36.11111111;1.9
28538100;-7;-5;42;94;-7.3;-5.5;5.8;2.5;75;1.4;-3;-3.2;-3.1;-4.1;3;283.3333333;36.11111111;36.11111111;1.9
28539000;-7;-5;42;95;-7.3;-5.5;6.1;2.5;73.3;1.4;-2.8;-3.1;-2.9;-3.9;3;283.3333333;36.11111111;36.11111111;1.9
28539900;-7;-5;42;95;-7.3;-5.4;6.3;2.5;72.4;1.4;-2.7;-3;-2.8;-3.8;3;283.3333333;36.11111111;36.11111111;1.9
28540800;-7;-5;43;97;-7.1;-5;5.8;2.5;73.5;26.5;-2.5;-2.8;-2.5;-3.6;4.1;288.8888889;100;119.4444444;1.3
28541700;-7;-4;43;99;-6.8;-4.7;6.2;2.5;73.3;28.3;-2.1;-2.4;-2.1;-3.3;4.1;288.8888889;100;119.4444444;1.3
28542600;-6;-4;43;101;-6.3;-4.4;6.9;2.6;71.2;28.3;-1.7;-1.9;-1.8;-3;4.1;288.8888889;100;119.4444444;1.3
28543500;-6;-4;43;99;-6.3;-4;7.3;2.7;69.7;28.3;-1.7;-1.9;-1.7;-2.9;4.1;288.8888889;100;119.4444444;1.3
28544400;-6;-4;42;100;-6.3;-4;7.7;3;67.6;63.9;-1.7;-1.9;-1.7;-2.8;4.7;311.1111111;83.33333333;86.11111111;2.6
28545300;-6;-4;43;102;-6.3;-4;7.8;3;66.9;66.4;-1.6;-1.8;-1.6;-2.7;4.7;311.1111111;83.33333333;86.11111111;2.6
28546200;-6;-4;43;103;-6.1;-4;8.5;3.1;65.2;62.9;-1.4;-1.6;-1.4;-2.5;4.7;311.1111111;83.33333333;86.11111111;2.6
28547100;-6;-3;43;104;-5.8;-3.7;8.1;3.2;65.4;58.9;-1.2;-1.4;-1.2;-2.3;4.7;311.1111111;83.33333333;86.11111111;2.6
28548000;-6;-3;43;104;-5.8;-3.5;7.8;3.4;67.7;88.5;-1;-1.3;-1.1;-2.2;5.4;308.3333333;133.3333333;191.6666667;1.6
28548900;-5;-3;43;107;-5.5;-3.3;8.7;3.4;65.6;93;-0.5;-0.8;-0.7;-1.9;5.4;308.3333333;133.3333333;191.6666667;1.6
28549800;-5;-2;43;109;-4.9;-2.6;9.2;3.8;62.9;88.4;0;-0.3;-0.1;-1.4;5.4;308.3333333;133.3333333;191.6666667;1.6
28550700;-5;-2;43;109;-4.8;-2.5;9;4.3;62.1;83.1;-0.1;-0.3;-0.1;-1.3;5.4;308.3333333;133.3333333;191.6666667;1.6
28551600;-5;-2;43;108;-4.8;-2.5;8.3;4.2;61.6;112.5;-0.1;-0.4;-0.2;-1.3;5.1;319.4444444;63.88888889;63.88888889;1.7
28552500;-5;-2;43;107;-4.8;-2.5;8;4.2;62.3;117;0;-0.3;-0.2;-1.2;5.1;319.4444444;63.88888889;63.88888889;1.7
28553400;-5;-2;43;109;-4.8;-2.5;7.9;4.4;63.2;117;0;-0.3;-0.1;-1.2;5.1;319.4444444;63.88888889;63.88888889;1.7
28554300;-5;-2;43;110;-4.8;-2.5;8.1;4.7;63.9;117;0.2;-0.2;0;-1.1;5.1;319.4444444;63.88888889;63.88888889;1.7
28555200;-4;-2;43;111;-4.4;-2.1;8.1;4.5;65.1;121.4;0.3;0.1;0.2;-0.9;3.3;316.6666667;72.22222222;72.22222222;2.6
28556100;-4;-2;43;109;-4.3;-2;7.4;4.5;68.7;122.1;0.1;-0.2;0.1;-1.1;3.3;316.6666667;72.22222222;72.22222222;2.6
28557000;-5;-2;43;108;-4.5;-2.4;7.3;4.9;69.8;122.1;-0.1;-0.4;-0.3;-1.2;3.3;316.6666667;72.22222222;72.22222222;2.6
28557900;-5;-3;43;108;-4.8;-2.5;7.2;5.3;71.3;122.1;-0.3;-0.6;-0.4;-1.3;3.3;316.6666667;72.22222222;72.22222222;2.6
28558800;-5;-3;43;106;-4.9;-2.7;7;5.2;72.1;95.6;-0.6;-0.9;-0.7;-1.6;0.2;316.6666667;52.77777778;55.55555556;2.7
28559700;-5;-3;43;106;-5.3;-3;6.1;5.2;74.9;91.5;-0.7;-1;-0.8;-1.7;0.2;316.6666667;52.77777778;55.55555556;2.7
28560600;-5;-3;43;106;-5.3;-3;4;5.2;84.3;91.5;-0.7;-0.9;-0.7;-1.6;0.2;316.6666667;52.77777778;55.55555556;2.7
28561500;-5;-3;43;107;-5.3;-3;3.9;5.3;89.6;91.5;-0.6;-0.8;-0.6;-1.5;0.2;316.6666667;52.77777778;55.55555556;2.7
28562400;-5;-3;43;107;-5.3;-3;4;5;90;67.8;-0.7;-0.7;-0.5;-1.6;1.4;277.7777778;50;72.22222222;3.6
28563300;-5;-3;43;106;-5.3;-3;4.1;4.9;90.3;64.2;-0.9;-1;-0.8;-1.9;1.4;277.7777778;50;72.22222222;3.6
28564200;-6;-3;43;103;-5.4;-3.3;4.3;4.1;90.3;64.2;-1.4;-1.5;-1.3;-2.3;1.4;277.7777778;50;72.22222222;3.6
28565100;-6;-4;43;99;-6;-3.9;4.1;3.1;89.7;64.2;-2;-2.1;-2;-3;1.4;277.7777778;50;72.22222222;3.6
28566000;-7;-5;42;96;-6.7;-4.7;3.6;2.9;89.3;40.7;-2.7;-2.9;-2.8;-3.7;1.2;250;5.555555556;5.555555556;2.3
28566900;-7;-5;42;91;-7.3;-5.3;3.2;2.9;89.3;37.1;-3.4;-3.6;-3.5;-4.4;1.2;250;5.555555556;5.555555556;2.3
28567800;-8;-6;42;91;-7.8;-6;3.2;1.5;89.7;37.1;-3.8;-4.2;-4;-4.8;1.2;250;5.555555556;5.555555556;2.3
28568700;-8;-6;43;87;-8.2;-6.3;3;0;89.8;37.1;-4.2;-4.6;-4.3;-5.2;1.2;250;5.555555556;5.555555556;2.3
28569600;-7;-7;33;59;-7.4;-6.8;2.8;-0.2;89.8;17.8;-4.7;-5;-4.5;-5.6;1.5;266.6666667;0;0;2.9
28570500;-3;-3;0;0;-3.3;-3.7;2.6;-0.2;89.8;13;-4;-4.3;-3.9;-5.3;1.5;266.6666667;0;0;2.9
28571400;-5;-4;23;42;-5;-3.4;2.6;0.1;89.8;13;-3.3;-3.7;-2.9;-4.5;1.5;266.6666667;0;0;2.9
28572300;-8;-6;42;90;-7.8;-5.8;3.1;0.8;90.2;13;-3.9;-4.1;-3.8;-4.7;1.5;266.6666667;0;0;2.9
28573200;-8;-6;44;87;-8.1;-6.3;3.5;0.5;90.3;4.3;-4.2;-4.5;-4.2;-5.1;1.1;291.6666667;0;0;1.8
28574100;-9;-7;43;85;-8.4;-6.7;3.2;0.4;89.9;0;-4.7;-4.8;-4.6;-5.6;1.1;291.6666667;0;0;1.8
28575000;-5;-4;1;0;-4.8;-4.5;3.4;0.5;90.3;0;-4.3;-4.3;-4.2;-5.5;1.1;291.6666667;0;0;1.8
28575900;-6;-3;20;40;-5.4;-2.4;3.9;0.6;90.7;0;-2.9;-3.2;-2.8;-4.2;1.1;291.6666667;0;0;1.8
28576800;-7;-5;42;93;-7;-5;4;0.5;90.3;0;-3;-3.3;-3;-4;1.8;288.8888889;0;0;1.2
28577700;-8;-6;43;88;-7.4;-5.6;4.2;0.4;90.2;0;-3.5;-3.9;-3.5;-4.5;1.8;288.8888889;0;0;1.2
28578600;-8;-6;43;89;-7.9;-5.9;4.1;0.6;89.8;0;-3.8;-4.1;-3.9;-4.9;1.8;288.8888889;0;0;1.2
28579500;-8;-6;43;87;-8.2;-6.3;3.8;1.2;89.7;0;-4.4;-4.5;-4.3;-5.3;1.8;288.8888889;0;0;1.2
28580400;-6;-5;11;22;-5.8;-5.9;3.2;0.9;89.3;0;-4.6;-4.7;-4.5;-5.7;1.1;241.6666667;0;0;1.5
28581300;-5;-2;0;0;-4.6;-1;2.5;0.8;89.3;0;-4;-4.1;-3.8;-5.1;1.1;241.6666667;0;0;1.5
28582200;-7;-3;30;56;-6.3;-4.1;2;0.8;89.3;0;-3.6;-3.7;-3.3;-4.5;1.1;241.6666667;0;0;1.5
28583100;-8;-7;37;75;-7.9;-6.5;1.7;0.7;89.3;0;-4.6;-4.9;-4.6;-5.4;1.1;241.6666667;0;0;1.5
28584000;-5;-3;0;0;-5.3;-3.3;1.4;0.6;89.3;0;-4.4;-4.6;-4.3;-5.4;0.2;236.1111111;0;0;1
28584900;-5;-1;2;4;-5.3;-0.8;1.2;0.5;89.4;0;-3.8;-4.1;-3.7;-4.8;0.2;236.1111111;0;0;1
28585800;-8;-6;42;83;-7.6;-5.9;1.1;0.8;89.8;0;-4.1;-4.5;-4;-5;0.2;236.1111111;0;0;1
28586700;-7;-6;20;38;-6.7;-6.5;1.2;1.5;90.2;0;-4.6;-4.9;-4.6;-5.6;0.2;236.1111111;0;0;1
28587600;-5;-2;0;0;-5.2;-1.8;1.4;1.2;90.3;0;-4;-4.2;-3.9;-5.2;0.6;272.2222222;0;0;1.7
28588500;-6;-3;25;49;-6.2;-3.3;1.6;1.1;90.3;0;-3.3;-3.7;-3.3;-4.7;0.6;272.2222222;0;0;1.7
28589400;-8;-6;45;88;-8.1;-6.3;1.7;0.8;90.3;0;-4.3;-4.5;-4.2;-5.1;0.6;272.2222222;0;0;1.7
28590300;-8;-7;36;69;-8.1;-6.8;2.1;0.7;90.3;0;-4.7;-5;-4.7;-5.6;0.6;272.2222222;0;0;1.7
28591200;-5;-3;0;0;-5.2;-3.4;2.1;0.4;90.3;0;-4.2;-4.4;-4.2;-5.4;0.4;286.1111111;0;0;0.9
28592100;-5;-2;7;11;-5.4;-1.4;2.2;0.2;89.8;0;-3.4;-3.8;-3.3;-4.7;0.4;286.1111111;0;0;0.9
28593000;-8;-6;43;87;-7.4;-5.5;2.3;0;89.8;0;-3.6;-4;-3.6;-4.5;0.4;286.1111111;0;0;0.9
28593900;-8;-6;43;86;-8.2;-6.5;2.3;-0.1;89.8;0;-4.5;-4.7;-4.5;-5.3;0.4;286.1111111;0;0;0.9
28594800;-6;-6;14;26;-6.2;-6;2.5;3.8;89.8;0;-4.6;-4.7;-4.5;-5.6;0.3;300;0;0;0.8
28595700;-5;-1;0;0;-5.2;-1;2.5;5.7;89.8;0;-4;-4.1;-3.8;-5.1;0.3;300;0;0;0.8
28596600;-6;-4;32;65;-6.4;-3.7;2.7;5.7;89.8;0;-3.3;-3.4;-3.1;-4.3;0.3;300;0;0;0.8
28597500;-8;-6;43;90;-7.8;-6;2.9;5.7;89.8;0;-4.1;-4.3;-4;-4.8;0.3;300;0;0;0.8
28598400;-9;-7;42;89;-8.4;-6.6;3.1;5.8;89.5;0;-4.5;-4.7;-4.5;-5.3;0.3;300;0;0;2.1
28599300;-8;-7;26;52;-7.3;-6.8;3.2;5.8;89.3;0;-4.6;-4.9;-4.7;-5.6;0.3;300;0;0;2.1
28600200;-5;-2;0;0;-5.2;-1.9;3.3;5.8;88.8;0;-4;-4.2;-4;-5.3;0.3;300;0;0;2.1
28601100;-6;-3;24;49;-5.9;-2.7;3.2;5.8;88.8;0;-3;-3.3;-2.9;-4.4;0.3;300;0;0;2.1
28602000;-8;-6;42;90;-7.4;-5.6;3.2;5.9;88.8;0;-3.6;-3.7;-3.5;-4.5;0.3;300;0;0;1.9
28602900;-8;-6;43;86;-8;-6.1;3.2;5.9;88.8;0;-4.2;-4.3;-4.1;-5.1;0.3;300;0;0;1.9
28603800;-8;-7;43;86;-8.4;-6.6;3.2;5.9;88.7;0;-4.6;-4.8;-4.5;-5.5;0.3;300;0;0;1.9
28604700;-6;-5;7;11;-5.6;-5.1;3.3;5.9;88.5;0;-4.5;-4.5;-4.4;-5.6;0.3;300;0;0;1.9
28605600;-5;-1;2;4;-4.9;-1.1;3.3;0.9;88.5;0;-3.6;-3.7;-3.3;-4.9;0.5;300;0;0;0.9
28606500;-7;-5;42;92;-6.9;-5;3.3;0.5;88.5;0;-3.2;-3.4;-3;-4.2;0.5;300;0;0;0.9
28607400;-8;-6;43;88;-7.8;-6;3.2;0.5;88.5;0;-4;-4.2;-3.9;-4.8;0.5;300;0;0;0.9
28608300;-8;-6;44;87;-8.2;-6.4;3.1;0.4;88.4;0;-4.4;-4.6;-4.4;-5.3;0.5;300;0;0;0.9
28609200;-8;-7;31;63;-7.7;-6.7;3.2;0.4;88.5;0;-4.7;-4.8;-4.7;-5.7;0.7;300;0;0;0.7
28610100;-5;-2;0;0;-5.1;-2.6;3.2;0.4;88.7;0;-4.2;-4.2;-4.1;-5.4;0.7;300;0;0;0.7
28611000;-5;-2;19;34;-5.6;-2.2;3.3;0.4;88.8;0;-3.2;-3.5;-3;-4.5;0.7;300;0;0;0.7
28611900;-7;-6;42;88;-7.3;-5.4;3.4;0.3;88.7;0;-3.5;-3.7;-3.5;-4.4;0.7;300;0;0;0.7
28612800;-8;-6;42;89;-8;-6.1;3.4;0.3;88;0;-4.2;-4.4;-4.1;-5;1;302.7777778;0;0;0.9
28613700;-9;-7;42;88;-8.5;-6.7;3.5;0.3;88.3;0;-4.7;-4.9;-4.6;-5.6;1;302.7777778;0;0;0.9
28614600;-5;-4;1;1;-5.4;-4.5;3.4;0.4;88.1;0;-4.4;-4.4;-4.3;-5.6;1;302.7777778;0;0;0.9
28615500;-5;-1;6;11;-5.2;-1.3;3.4;0.5;88.4;0;-3.5;-3.6;-3.3;-4.8;1;302.7777778;0;0;0.9
28616400;-7;-5;42;90;-7.1;-5.2;3.4;0.5;88.2;0;-3.4;-3.6;-3.3;-4.3;0.5;297.2222222;0;0;1
28617300;-8;-6;44;88;-7.9;-6.1;3.4;0.5;88.3;0;-4.2;-4.3;-4.1;-4.9;0.5;297.2222222;0;0;1
28618200;-8;-7;43;86;-8.4;-6.5;3.6;0.6;88.7;0;-4.5;-4.8;-4.5;-5.4;0.5;297.2222222;0;0;1
28619100;-6;-5;9;19;-6;-5.5;3.6;0.7;88.2;0;-4.5;-4.7;-4.5;-5.7;0.5;297.2222222;0;0;1
28620000;-5;-1;0;0;-5;-0.4;3.5;0.6;87.9;0;-3.9;-4.1;-3.8;-5.1;0.4;297.2222222;2.777777778;2.777777778;0.8
28620900;-6;-4;33;69;-6.4;-3.5;3.6;0.6;88;0;-3.1;-3.3;-2.9;-4.2;0.4;297.2222222;2.777777778;2.777777778;0.8
28621800;-8;-6;43;88;-7.6;-5.8;3.7;0.8;87.6;0;-3.8;-4.1;-3.8;-4.7;0.4;297.2222222;2.777777778;2.777777778;0.8
28622700;-8;-6;42;86;-8.2;-6.4;3.7;1;88;0;-4.3;-4.6;-4.3;-5.3;0.4;297.2222222;2.777777778;2.777777778;0.8
28623600;-8;-7;32;66;-7.9;-6.8;3.7;0.8;87.7;1.8;-4.6;-4.9;-4.6;-5.6;0.8;297.2222222;22.22222222;22.22222222;0.9
28624500;-5;-3;0;0;-5.2;-2.8;3.6;0.8;87.8;1.9;-4;-4.2;-4;-5.4;0.8;297.2222222;22.22222222;22.22222222;0.9
28625400;-6;-2;19;43;-5.8;-2.5;3.8;0.6;88.2;1.9;-3.2;-3.4;-3;-4.4;0.8;297.2222222;22.22222222;22.22222222;0.9
28626300;-8;-6;43;90;-7.5;-5.5;3.9;0.4;88;1.9;-3.7;-3.9;-3.6;-4.5;0.8;297.2222222;22.22222222;22.22222222;0.9
28627200;-8;-6;43;87;-8;-6.2;4.1;0.5;87.4;31.6;-4.2;-4.4;-4.2;-5.2;1;300;50;50;1.3
28628100;-9;-7;43;85;-8.4;-6.7;4.2;0.5;87.5;36.2;-4.6;-4.8;-4.5;-5.6;1;300;50;50;1.3
28629000;-6;-5;10;20;-6.1;-5.4;4.4;0.5;87.7;36.2;-4.5;-4.5;-4.4;-5.7;1;300;50;50;1.3
28629900;-5;-1;4;8;-5.2;-0.5;4.6;0.5;85.8;36.2;-3.5;-3.7;-3.4;-4.9;1;300;50;50;1.3
28630800;-6;-5;42;87;-6.8;-4.9;4.5;0.9;86.6;80;-2.9;-3.2;-2.9;-4;1.5;300;86.11111111;86.11111111;1.3
28631700;-8;-6;43;90;-7.6;-5.7;5.1;1;87.2;91;-3.7;-3.9;-3.7;-4.7;1.5;300;86.11111111;86.11111111;1.3
28632600;-8;-6;43;89;-7.9;-6;5.2;1.1;84.8;90.3;-3.9;-4.2;-3.9;-5;1.5;300;86.11111111;86.11111111;1.3
28633500;-8;-6;44;87;-7.9;-6.3;5.3;1.3;84.8;89;-4;-4.3;-4;-5.1;1.5;300;86.11111111;86.11111111;1.3
28634400;-8;-6;43;87;-7.9;-6.3;5.6;1.7;84.8;126.1;-4.1;-4.3;-4.1;-5.2;1.9;302.7777778;75;75;0.8
28635300;-8;-6;43;88;-8.2;-6.3;5.4;1.8;82;135.4;-4.2;-4.5;-4.2;-5.3;1.9;302.7777778;75;75;0.8
28636200;-8;-6;43;89;-8.4;-6.3;5.5;1.8;84.8;139.9;-4.3;-4.6;-4.3;-5.5;1.9;302.7777778;75;75;0.8
28637100;-9;-7;42;89;-8.4;-6.7;5.9;1.7;84;146.6;-4.5;-4.7;-4.5;-5.6;1.9;302.7777778;75;75;0.8
28638000;-9;-7;42;89;-8.6;-6.8;5.9;2.1;82.7;172.7;-4.7;-4.8;-4.7;-5.8;2.2;300;72.22222222;72.22222222;1.7
28638900;-8;-7;34;69;-8.3;-6.8;6.2;2.2;84.4;182.2;-4.7;-4.8;-4.7;-5.8;2.2;300;72.22222222;72.22222222;1.7
28639800;-5;-3;0;0;-4.6;-3.3;6.5;2.1;82.8;182.2;-4.1;-4.1;-4;-5.5;2.2;300;72.22222222;72.22222222;1.7
28640700;-6;-2;22;50;-5.6;-2;6.7;2;81.1;182.2;-2.9;-2.9;-2.7;-4.2;2.2;300;72.22222222;72.22222222;1.7
28641600;-7;-5;42;93;-7;-5.1;6.7;2.2;74.2;184.9;-3;-3.2;-3;-4.1;2.4;300;72.22222222;72.22222222;1.6
28642500;-7;-5;42;92;-7.2;-5.4;6.3;2.3;73.7;186.3;-3.3;-3.5;-3.3;-4.3;2.4;300;72.22222222;72.22222222;1.6
28643400;-8;-6;43;90;-7.6;-5.6;6.4;2.2;71.5;186.3;-3.5;-3.7;-3.5;-4.6;2.4;300;72.22222222;72.22222222;1.6
28644300;-8;-6;43;90;-7.6;-5.9;6.2;2.2;71.6;186.3;-3.6;-3.9;-3.7;-4.8;2.4;300;72.22222222;72.22222222;1.6
28645200;-8;-6;44;90;-7.6;-5.9;5.7;2.5;73.4;120.1;-3.7;-4;-3.7;-4.8;2.1;300;41.66666667;41.66666667;0.6
28646100;-8;-6;43;90;-7.6;-5.9;5.6;2.5;72.2;120.1;-3.8;-4.1;-3.7;-4.9;2.1;300;41.66666667;41.66666667;0.6
28647000;-8;-6;43;88;-7.8;-5.9;5.4;2.5;72.3;120.1;-3.9;-4.1;-3.8;-5;2.1;300;41.66666667;41.66666667;0.6
28647900;-8;-6;43;88;-8.1;-5.9;5.4;2.5;72.3;120.1;-4;-4.2;-3.9;-5.1;2.1;300;41.66666667;41.66666667;0.6
28648800;-8;-6;44;89;-8.1;-6.2;5.5;2.3;72.8;90.2;-4.1;-4.3;-4;-5.2;2;302.7777778;22.22222222;22.22222222;1.4
28649700;-8;-6;44;88;-8.1;-6.4;5.5;2.3;73.2;88.1;-4.1;-4.3;-4.1;-5.2;2;302.7777778;22.22222222;22.22222222;1.4
28650600;-8;-6;43;89;-8.1;-6.4;5.5;2.3;74;88.1;-4.3;-4.4;-4.2;-5.3;2;302.7777778;22.22222222;22.22222222;1.4
28651500;-8;-6;42;90;-8.3;-6.4;5.4;2.2;75;88.1;-4.3;-4.6;-4.3;-5.5;2;302.7777778;22.22222222;22.22222222;1.4
28652400;-9;-7;42;89;-8.6;-6.4;5.3;1.9;75.7;44.3;-4.5;-4.7;-4.4;-5.6;1.6;300;0;0;2.1
28653300;-9;-7;45;88;-8.6;-6.9;5;1.9;75.8;37.6;-4.6;-4.9;-4.6;-5.7;1.6;300;0;0;2.1
28654200;-9;-7;44;85;-8.6;-6.9;4.9;1.9;75.4;37.6;-4.7;-4.9;-4.6;-5.7;1.6;300;0;0;2.1
28655100;-7;-6;21;41;-6.7;-6.6;4.8;1.8;75.8;37.6;-4.6;-4.8;-4.5;-5.8;1.6;300;0;0;2.1
28656000;-5;0;0;0;-4.6;0.5;4.9;1.6;76.6;16.6;-3.9;-4;-3.7;-5.3;1.7;302.7777778;0;0;2.9
28656900;-6;-4;35;73;-6.3;-3.9;4.8;1.6;75.9;11.4;-2.9;-3.2;-2.7;-4;1.7;302.7777778;0;0;2.9
28657800;-8;-6;43;91;-7.6;-5.7;4.8;1.7;76.7;11.4;-3.7;-4;-3.7;-4.7;1.7;302.7777778;0;0;2.9
28658700;-8;-6;44;89;-8.1;-6.2;4.7;1.8;77.8;11.4;-4.2;-4.5;-4.2;-5.2;1.7;302.7777778;0;0;2.9
28659600;-9;-7;42;82;-8.2;-6.7;4.6;1.7;78.4;3;-4.7;-4.9;-4.7;-5.7;1.4;305.5555556;0;0;3.6
28660500;-5;-3;0;0;-5;-3.8;4.9;1.6;78.5;0;-4.2;-4.2;-4.1;-5.5;1.4;305.5555556;0;0;3.6
28661400;-6;-3;18;35;-5;-1.8;4.7;1.5;79.1;0;-3.1;-3.2;-2.8;-4.5;1.4;305.5555556;0;0;3.6
28662300;-7;-5;42;92;-7.2;-5.2;4.6;1.4;78.9;0;-3.3;-3.5;-3.3;-4.2;1.4;305.5555556;0;0;3.6
28663200;-8;-6;43;90;-7.8;-5.9;4.6;1.3;80;0;-3.9;-4.1;-3.9;-4.8;1.3;313.8888889;0;0;3.6
28664100;-8;-6;44;88;-8.1;-5.9;4.7;1.2;80.3;0;-3.9;-4.1;-4;-4.8;1.3;313.8888889;0;0;3.6
28665000;-8;-6;43;91;-8.1;-5.9;4.4;1.4;83.8;0;-3.6;-3.8;-3.7;-4.6;1.3;313.8888889;0;0;3.6
28665900;-8;-6;43;92;-7.9;-5.9;3.7;1.5;87.4;0;-3.5;-3.7;-3.6;-4.6;1.3;313.8888889;0;0;3.6
28666800;-8;-6;43;91;-7.6;-5.9;3.3;1.2;89.3;0;-3.7;-3.8;-3.7;-4.7;0.5;316.6666667;0;0;3.6
28667700;-8;-6;44;88;-7.9;-6;3;1.2;89.6;0;-4;-4.2;-4;-5;0.5;316.6666667;0;0;3.6
28668600;-8;-6;44;89;-8.1;-6.4;3.1;1.1;89.6;0;-4.4;-4.5;-4.3;-5.4;0.5;316.6666667;0;0;3.6
28669500;-8;-7;37;71;-8.1;-6.8;3.1;1.1;89.6;0;-4.7;-4.8;-4.6;-5.7;0.5;316.6666667;0;0;3.6
28670400;-5;-3;0;0;-4.9;-3.5;3.1;1.1;89.9;0;-4.2;-4.2;-4.1;-5.5;0.5;313.8888889;0;0;4.4
28671300;-5;-3;12;22;-5;-1.8;3.1;1.1;90.1;0;-3.4;-3.4;-3.1;-4.7;0.5;313.8888889;0;0;4.4
28672200;-8;-6;42;88;-7.4;-5.5;3.1;1.2;90.1;0;-3.7;-3.7;-3.5;-4.5;0.5;313.8888889;0;0;4.4
28673100;-8;-6;43;87;-8.1;-6.3;3.1;1.3;90.1;0;-4.3;-4.4;-4.2;-5.1;0.5;313.8888889;0;0;4.4
28674000;-8;-7;34;63;-7.7;-6.7;3.1;1.2;90.4;0;-4.7;-4.8;-4.6;-5.6;0.7;311.1111111;0;0;4.5
28674900;-5;-3;0;0;-5.2;-3;3.1;1.2;90.6;0;-4.2;-4.2;-4.1;-5.4;0.7;311.1111111;0;0;4.5
28675800;-6;-3;16;24;-5.5;-2.2;3.3;0.9;90.6;0;-3.3;-3.5;-3.2;-4.6;0.7;311.1111111;0;0;4.5
28676700;-8;-6;43;88;-7.6;-5.7;3.3;0.5;90.6;0;-3.9;-4;-3.7;-4.7;0.7;311.1111111;0;0;4.5
28677600;-8;-6;44;86;-8.2;-6.4;3.2;0.4;90.6;0;-4.5;-4.7;-4.4;-5.3;1;316.6666667;0;0;4.2
28678500;-7;-6;20;36;-6.8;-6.5;3.3;0.4;90.6;0;-4.6;-4.7;-4.6;-5.7;1;316.6666667;0;0;4.2
28679400;-5;-2;0;0;-5.1;-1.4;3.4;0.4;90.6;0;-3.9;-4;-3.8;-5.2;1;316.6666667;0;0;4.2
28680300;-6.5;-4;21;43;-6.5;-3.75;3.4;2.35;90.6;0;-4.05;-4.15;-3.95;-5.1;1;316.6666667;0;0;4.2
28681200;-8;-6;42;86;-7.9;-6.1;3.4;4.3;90.6;0;-4.2;-4.3;-4.1;-5;0.9;316.6666667;0;0;5.6
28682100;-9;-7;42;86;-8.5;-6.7;3.3;5.7;90.6;0;-4.7;-4.9;-4.6;-5.5;0.9;316.6666667;0;0;5.6
28683000;-5;-4;1;0;-5.4;-4.2;3.4;5.7;90.6;0;-4.3;-4.4;-4.2;-5.5;0.9;316.6666667;0;0;5.6
28683900;-5;-2;13;22;-5.5;-1.9;3.5;5.7;90.6;0;-3.4;-3.6;-3.3;-4.7;0.9;316.6666667;0;0;5.6
28684800;-8;-6;43;89;-7.4;-5.5;3.1;5.8;91;0;-3.6;-3.8;-3.5;-4.5;1;313.8888889;0;0;5.4
28685700;-8;-6;44;87;-8;-6.2;3.1;5.8;91.1;0;-4.2;-4.3;-4.1;-5;1;313.8888889;0;0;5.4
28686600;-8;-7;45;84;-8.3;-6.6;3.1;5.8;91.1;0;-4.4;-4.7;-4.4;-5.4;1;313.8888889;0;0;5.4
28687500;-9;-7;43;83;-8.3;-6.7;3.1;5.8;91.2;0;-4.7;-4.9;-4.7;-5.7;1;313.8888889;0;0;5.4
28688400;-5;-3;0;0;-4.9;-3.8;3.2;5.9;91.6;0;-4.1;-4.2;-4.1;-5.5;0.8;297.2222222;0;0;5.2
28689300;-5;-3;18;36;-5.3;-2.2;3.2;5.9;91.6;0;-3.1;-3.4;-3;-4.5;0.8;297.2222222;0;0;5.2
28690200;-8;-6;43;89;-7.4;-5.5;3.2;5.9;91.4;0;-3.6;-3.8;-3.5;-4.5;0.8;297.2222222;0;0;5.2
28691100;-8;-6;44;87;-8;-6.2;3.2;5.9;91.1;0;-4.2;-4.4;-4.2;-5.1;0.8;297.2222222;0;0;5.2
28692000;-9;-7;44;85;-8.5;-6.7;3.2;1.8;91.1;0;-4.7;-4.9;-4.6;-5.6;0.9;302.7777778;0;0;4.7
28692900;-5;-4;2;4;-5.2;-4.6;3.4;1.2;91.1;0;-4.3;-4.4;-4.3;-5.6;0.9;302.7777778;0;0;4.7
28693800;-5;-3;10;24;-5.1;-1.8;3.3;1.2;91.1;0;-3.3;-3.5;-3.2;-4.8;0.9;302.7777778;0;0;4.7
28694700;-7;-6;42;89;-7.3;-5.4;3.2;1.1;91.1;0;-3.5;-3.7;-3.4;-4.4;0.9;302.7777778;0;0;4.7
28695600;-8;-6;43;88;-8;-6.1;3.2;0.9;91.1;0;-4.2;-4.4;-4.1;-5.1;0.7;286.1111111;0;0;5.7
28696500;-9;-7;44;86;-8.4;-6.7;3.1;0.9;91.1;0;-4.6;-4.8;-4.6;-5.5;0.7;286.1111111;0;0;5.7
28697400;-6;-5;11;20;-6.1;-5.6;3;0.8;91.3;0;-4.4;-4.6;-4.4;-5.7;0.7;286.1111111;0;0;5.7
28698300;-5;0;6;4;-5;-0.1;3.1;0.7;91.2;0;-3.5;-3.7;-3.4;-5;0.7;286.1111111;0;0;5.7
28699200;-7;-5;42;88;-7.2;-5.3;3.2;0.8;91.1;0;-3.5;-3.7;-3.4;-4.5;0.8;311.1111111;0;0;6.4
28700100;-8;-6;44;87;-8;-6.2;3.4;0.8;91.1;0;-4.3;-4.5;-4.2;-5.1;0.8;311.1111111;0;0;6.4
28701000;-8;-7;35;66;-7.9;-6.7;3.4;0.9;91.1;0;-4.7;-4.9;-4.6;-5.6;0.8;311.1111111;0;0;6.4
28701900;-5;-3;0;0;-5.1;-3.2;3.3;1;91.1;0;-4.1;-4.1;-4;-5.4;0.8;311.1111111;0;0;6.4
28702800;-6;-4;25;50;-6;-3.2;3.2;0.9;91.1;0;-3.2;-3.3;-3;-4.4;0.7;313.8888889;0;0;6.1
28703700;-8;-6;43;89;-7.6;-5.7;3.4;0.9;91.1;0;-3.8;-4;-3.7;-4.6;0.7;313.8888889;0;0;6.1
28704600;-8;-6;43;88;-8.1;-6.4;3.5;0.7;91.1;0;-4.4;-4.5;-4.3;-5.2;0.7;313.8888889;0;0;6.1
28705500;-9;-7;42;81;-8.5;-6.8;3.4;0.6;91.1;0;-4.7;-4.9;-4.7;-5.7;0.7;313.8888889;0;0;6.1
28706400;-5;-3;1;0;-5.2;-3.6;3.2;0.5;91.1;0;-4.1;-4.3;-4.1;-5.6;0.8;297.2222222;2.777777778;2.777777778;6.4
28707300;-5;-2;17;28;-5.5;-0.8;3.1;0.5;91.4;0;-3.2;-3.3;-3.1;-4.6;0.8;297.2222222;2.777777778;2.777777778;6.4
28708200;-7;-5;43;88;-7.3;-5.5;3.1;0.6;91.5;0;-3.5;-3.7;-3.4;-4.4;0.8;297.2222222;2.777777778;2.777777778;6.4
28709100;-8;-6;43;87;-7.9;-6.1;3.1;0.7;91.4;0;-4.1;-4.3;-4.1;-5;0.8;297.2222222;2.777777778;2.777777778;6.4
28710000;-8;-7;45;87;-8.3;-6.6;3;0.5;91.1;0.8;-4.5;-4.7;-4.5;-5.4;0.8;288.8888889;25;25;5.7
28710900;-8;-7;30;55;-7.5;-6.7;3;0.5;91.4;0.9;-4.7;-4.8;-4.6;-5.7;0.8;288.8888889;25;25;5.7
28711800;-5;-2;0;0;-5.2;-2.3;3.1;0.5;91.1;0.9;-4;-4;-3.8;-5.3;0.8;288.8888889;25;25;5.7
28712700;-6;-4;32;64;-6.3;-3.5;3.3;0.4;91.1;0.9;-3;-3.2;-3;-4.2;0.8;288.8888889;25;25;5.7
28713600;-8;-6;43;89;-7.6;-5.8;3.2;0.6;91.1;22.1;-3.9;-4;-3.7;-4.6;1;258.3333333;80.55555556;100;3.6
28714500;-8;-6;45;86;-8.2;-6.4;3.3;0.6;90.9;25.4;-4.4;-4.5;-4.3;-5.2;1;258.3333333;80.55555556;100;3.6
28715400;-8;-7;42;48;-7.8;-6.6;3.6;0.8;91.1;25.4;-4.7;-4.8;-4.5;-5.5;1;258.3333333;80.55555556;100;3.6
28716300;-8;-6;42;87;-8.2;-6.6;3.4;1;90.7;25.4;-4.4;-4.6;-4.4;-5.3;1;258.3333333;80.55555556;100;3.6
28717200;-7;-6;24;45;-7.2;-6.6;3.2;1.2;90.8;67.3;-4.6;-4.7;-4.6;-5.7;1.6;233.3333333;91.66666667;250;3.8
28718100;-5;-2;2;4;-4.9;-1.9;3.4;1.3;91.3;88.2;-3.5;-3.7;-3.5;-5.1;1.6;233.3333333;91.66666667;250;3.8
28719000;-7;-5;42;84;-6.8;-5;3.6;1.2;91.2;86.9;-3;-3.2;-2.9;-4.2;1.6;233.3333333;91.66666667;250;3.8
28719900;-8;-6;42;91;-7.5;-5.6;3.8;1.2;91;86;-3.5;-3.7;-3.4;-4.6;1.6;233.3333333;91.66666667;250;3.8
28720800;-8;-6;42;92;-7.8;-5.9;3.8;1.6;90.9;139.3;-3.8;-4;-3.8;-4.9;2.3;286.1111111;194.4444444;202.7777778;3.3
28721700;-8;-6;42;92;-8.1;-6.2;4.5;1.6;91.1;143.1;-4;-4.2;-4;-5;2.3;286.1111111;194.4444444;202.7777778;3.3
28722600;-8;-6;42;92;-8.1;-6.2;4.7;1.5;90.1;141.4;-4.1;-4.2;-4.1;-5.1;2.3;286.1111111;194.4444444;202.7777778;3.3
28723500;-8;-6;42;92;-8.1;-6.2;4.9;1.5;90.6;139.9;-4.2;-4.3;-4.1;-5.2;2.3;286.1111111;194.4444444;202.7777778;3.3
28724400;-8;-6;42;91;-8.1;-6.2;5.2;1.6;90;191.4;-4;-4.2;-4.1;-5.1;1.9;272.2222222;163.8888889;208.3333333;3.9
28725300;-8;-6;42;90;-8.1;-6.2;4.9;1.6;88.9;195.1;-4.2;-4.3;-4.1;-5.2;1.9;272.2222222;163.8888889;208.3333333;3.9
28726200;-8;-6;42;90;-8.1;-6.2;4.3;1.7;87.1;195.1;-4.3;-4.4;-4.2;-5.3;1.9;272.2222222;163.8888889;208.3333333;3.9
28727100;-9;-7;42;90;-8.4;-6.6;4.3;1.8;83.9;195.1;-4.4;-4.6;-4.4;-5.4;1.9;272.2222222;163.8888889;208.3333333;3.9
28728000;-9;-7;42;89;-8.6;-6.7;4.7;2.1;76.4;185.7;-4.6;-4.7;-4.5;-5.6;1.8;294.4444444;122.2222222;122.2222222;4.4
28728900;-9;-7;42;88;-8.6;-6.7;5.1;2.2;72.7;184.3;-4.7;-4.8;-4.6;-5.7;1.8;294.4444444;122.2222222;122.2222222;4.4
28729800;-9;-7;42;88;-8.6;-6.7;5.1;2.4;71.4;184.3;-4.7;-4.9;-4.7;-5.7;1.8;294.4444444;122.2222222;122.2222222;4.4
28730700;-7;-7;22;45;-7;-6.7;5.2;2.7;71.2;184.3;-4.6;-4.6;-4.5;-5.7;1.8;294.4444444;122.2222222;122.2222222;4.4
28731600;-5;-1;0;0;-4.8;-1.4;5.2;2.8;70.7;139.8;-3.7;-3.8;-3.6;-5.3;1.7;-2775;111.1111111;127.7777778;4.2
28732500;-5;-3;31;59;-5.8;-2.8;4.8;2.8;71;117.5;-2.6;-2.7;-2.3;-3.9;1.7;-2775;111.1111111;127.7777778;4.2
28733400;-7;-5;42;92;-7.1;-5.2;4.7;2.4;71.2;117.5;-3.2;-3.4;-3.1;-4.1;1.7;-2775;111.1111111;127.7777778;4.2
28734300;-8;-6;42;92;-7.5;-5.6;4.6;2.1;71.4;117.5;-3.6;-3.8;-3.5;-4.5;1.7;-2775;111.1111111;127.7777778;4.2
28735200;-8;-6;42;91;-7.9;-6;4.1;2;71.7;104.6;-3.9;-4.1;-3.9;-4.9;1.5;280.5555556;44.44444444;58.33333333;3.8
28736100;-8;-6;39;76;-7.9;-6.3;4.1;2;72.3;102.6;-4.3;-4.4;-4.2;-5.2;1.5;280.5555556;44.44444444;58.33333333;3.8
28737000;-8;-6;42;69;-7.6;-6.4;4.2;1.9;71.6;102.6;-4.1;-4.2;-3.9;-5;1.5;280.5555556;44.44444444;58.33333333;3.8
28737900;-8;-6;42;89;-8.3;-6.4;4.2;1.7;71.4;102.6;-4.4;-4.6;-4.3;-5.3;1.5;280.5555556;44.44444444;58.33333333;3.8
28738800;-8;-7;34;69;-7.8;-6.7;4.2;1.6;71.7;62.9;-4.7;-4.9;-4.6;-5.7;1.4;308.3333333;2.777777778;2.777777778;4
28739700;-5;-3;0;0;-4.4;-3.3;4.2;1.5;71.4;43.1;-4.1;-4;-3.9;-5.4;1.4;308.3333333;2.777777778;2.777777778;4
28740600;-6;-4;29;54;-6.2;-3.5;4.2;1.5;71.6;43.1;-3.2;-3.3;-2.9;-4.4;1.4;308.3333333;2.777777778;2.777777778;4
28741500;-8;-6;42;89;-7.7;-5.8;4.1;1.5;72.1;43.1;-3.9;-4;-3.8;-4.7;1.4;308.3333333;2.777777778;2.777777778;4
28742400;-8;-6;42;87;-8.2;-6.4;4.2;1.4;72.1;15.2;-4.4;-4.6;-4.3;-5.3;0.4;311.1111111;0;0;4.2
28743300;-9;-7;41;80;-8.4;-6.7;4.2;1.4;72.2;10.9;-4.7;-4.9;-4.6;-5.7;0.4;311.1111111;0;0;4.2
28744200;-5;-4;0;0;-5.1;-4.1;3.9;1.4;75.8;10.9;-4.1;-4.2;-4;-5.5;0.4;311.1111111;0;0;4.2
28745100;-6;-4;26;51;-6.1;-3.3;3.7;1.4;78.1;10.9;-3.3;-3.3;-3;-4.6;0.4;311.1111111;0;0;4.2
28746000;-8;-6;42;91;-7.7;-5.8;3.6;1.5;78.5;2.2;-3.9;-4.1;-3.8;-4.8;1;311.1111111;0;0;5.3
28746900;-8;-6;42;89;-8.2;-6.4;3.6;1.5;78.4;0;-4.4;-4.6;-4.3;-5.3;1;311.1111111;0;0;5.3
28747800;-9;-7;37;74;-8.1;-6.8;3.7;1.5;78.6;0;-4.7;-4.9;-4.7;-5.6;1;311.1111111;0;0;5.3
28748700;-5;-3;0;0;-4.8;-3.5;3.7;1.4;78.3;0;-4;-4.2;-3.9;-5.4;1;311.1111111;0;0;5.3
28749600;-6;-4;24;54;-5.8;-3.3;3.7;1.4;77.5;0;-3.2;-3.4;-3;-4.4;1.3;305.5555556;0;0;5.3
28750500;-8;-6;42;87;-7.6;-5.7;3.8;1.4;76.5;0;-3.8;-4;-3.7;-4.7;1.3;305.5555556;0;0;5.3
28751400;-8;-6;42;90;-8.1;-6.3;3.8;1.1;76;0;-4.3;-4.5;-4.2;-5.2;1.3;305.5555556;0;0;5.3
28752300;-9;-7;43;89;-8.5;-6.7;3.9;0.3;75.7;0;-4.7;-4.9;-4.6;-5.6;1.3;305.5555556;0;0;5.3
28753200;-6;-5;10;17;-5.8;-5.5;4;0.4;75.7;0;-4.3;-4.5;-4.3;-5.6;1.5;308.3333333;0;0;4.8
28754100;-5;-3;16;28;-5.5;-2.2;3.9;0.5;75.8;0;-3.3;-3.5;-3.2;-4.8;1.5;308.3333333;0;0;4.8
28755000;-8;-6;43;88;-7.4;-5.5;4;0.9;75.6;0;-3.6;-3.8;-3.5;-4.5;1.5;308.3333333;0;0;4.8
28755900;-8;-6;44;89;-7.9;-6.1;3.9;1.1;75.8;0;-4.1;-4.3;-4;-5;1.5;308.3333333;0;0;4.8
28756800;-8;-6;45;89;-8.2;-6.4;3.8;1.1;76.1;0;-4.4;-4.6;-4.4;-5.3;1.2;302.7777778;0;0;3.7
28757700;-8;-7;41;74;-8.3;-6.7;4;1.1;75.9;0;-4.7;-4.9;-4.6;-5.7;1.2;302.7777778;0;0;3.7
28758600;-5;-3;0;0;-4.9;-3.5;3.9;1.2;76.3;0;-4;-4.1;-3.9;-5.5;1.2;302.7777778;0;0;3.7
28759500;-6;-4;31;56;-6.2;-3.1;3.8;1.3;77.3;0;-3.1;-3.3;-2.9;-4.4;1.2;302.7777778;0;0;3.7
28760400;-8;-6;44;91;-7.5;-5.7;3.5;1.4;80.6;0;-3.7;-3.9;-3.6;-4.6;1.4;305.5555556;0;0;3.9
28761300;-8;-6;44;86;-8;-6.2;3.5;1.4;81.4;0;-4.2;-4.4;-4.1;-5.1;1.4;305.5555556;0;0;3.9
28762200;-8;-7;44;87;-8.4;-6.5;3.7;1.5;80.2;0;-4.5;-4.7;-4.5;-5.5;1.4;305.5555556;0;0;3.9
28763100;-8;-7;29;52;-7.4;-6.9;3.8;1.5;79.3;0;-4.6;-4.9;-4.6;-5.7;1.4;305.5555556;0;0;3.9
28764000;-5;-2;0;0;-4.8;-2.2;3.8;1.6;79.3;0;-3.8;-4;-3.7;-5.4;1.5;311.1111111;0;0;4
28764900;-7;-4;38;70;-6.4;-4.4;3.8;1.6;79.7;0;-2.9;-3.3;-2.9;-4.2;1.5;311.1111111;0;0;4
28765800;-8;-6;44;87;-7.6;-5.7;3.9;1.5;79.6;0;-3.8;-4;-3.7;-4.7;1.5;311.1111111;0;0;4
28766700;-8;-6.5;43.5;86.5;-7.9;-6;4.05;3.45;79.55;0;-4.1;-4.3;-4.05;-5.05;1.5;311.1111111;0;0;4
28767600;-8;-7;43;86;-8.2;-6.3;4.2;5.4;79.5;0;-4.4;-4.6;-4.4;-5.4;1.5;316.6666667;0;0;4.1
28768500;-9;-7;42;88;-8.5;-6.8;4.3;5.7;79.9;0;-4.6;-4.8;-4.6;-5.6;1.5;316.6666667;0;0;4.1
28769400;-6;-5;11;23;-6.1;-5.8;4.3;5.7;79.7;0;-4.3;-4.5;-4.3;-5.6;1.5;316.6666667;0;0;4.1
28770300;-5;-3;14;26;-5.1;-2.2;4.2;5.7;79.9;0;-3.2;-3.5;-3.1;-4.7;1.5;316.6666667;0;0;4.1
28771200;-7;-5;42;91;-7.2;-5.2;4.2;5.8;80.4;0;-3.3;-3.5;-3.2;-4.2;1;311.1111111;0;0;4.4
28772100;-8;-6;42;91;-7.5;-5.8;4;5.8;81.5;0;-3.6;-3.9;-3.6;-4.6;1;311.1111111;0;0;4.4
28773000;-8;-6;42;91;-8;-5.9;3.9;5.8;83.2;0;-3.9;-4.2;-3.8;-4.9;1;311.1111111;0;0;4.4
28773900;-8;-6;42;91;-8;-6.3;3.7;5.8;82.8;0;-4.1;-4.4;-4.1;-5.1;1;311.1111111;0;0;4.4
28774800;-8;-6;42;91;-8;-6.3;3.7;5.9;82.6;0;-4.1;-4.5;-4.2;-5.2;1.6;313.8888889;0;0;4.8
28775700;-8;-6;42;88;-8.5;-6.3;3.8;5.9;81.8;0;-4.3;-4.6;-4.3;-5.3;1.6;313.8888889;0;0;4.8
28776600;-9;-7;42;89;-8.5;-6.4;4;5.9;80.1;0;-4.4;-4.7;-4.4;-5.4;1.6;313.8888889;0;0;4.8
28777500;-9;-7;42;89;-8.5;-6.8;4.1;5.9;79.4;0;-4.5;-4.8;-4.5;-5.5;1.6;313.8888889;0;0;4.8
28778400;-9;-7;42;88;-8.5;-6.8;4.2;2.6;78.3;0;-4.7;-5;-4.7;-5.7;1.8;300;0;0;5
28779300;-7;-7;24;51;-7;-6.8;4.2;2.1;77.5;0;-4.6;-4.8;-4.5;-5.8;1.8;300;0;0;5
28780200;-5;-2;1;3;-4.8;-1.8;4.2;1.7;76.7;0;-3.7;-3.8;-3.5;-5.2;1.8;300;0;0;5
28781100;-7;-5;42;88;-6.6;-4.9;4.2;1.2;76.1;0;-2.9;-3.3;-2.9;-4.1;1.8;300;0;0;5
28782000;-8;-6;42;91;-7.7;-5.9;4.1;1.3;76.3;0;-3.9;-4.2;-3.8;-4.8;1.7;291.6666667;0;0;4.3
28782900;-8;-7;42;90;-8.3;-6.5;3.8;1.3;76.9;0;-4.4;-4.7;-4.4;-5.4;1.7;291.6666667;0;0;4.3
28783800;-6;-6;15;29;-6.3;-5.9;3.9;1.4;76.5;0;-4.4;-4.7;-4.5;-5.7;1.7;291.6666667;0;0;4.3
28784700;-5;0;3;4;-5.1;0;4.1;1.5;75.4;0;-3.6;-3.8;-3.4;-5.1;1.7;291.6666667;0;0;4.3
28785600;-7;-5;41;90;-6.9;-5.1;4.2;1.6;75;0;-3.2;-3.5;-3.1;-4.3;1.7;294.4444444;0;0;4.5
28786500;-8;-6;42;91;-7.8;-5.9;4.3;1.7;73.9;0;-3.9;-4.1;-3.8;-4.8;1.7;294.4444444;0;0;4.5
28787400;-8;-6;42;90;-8.3;-6.3;4.1;1.8;74.4;0;-4.3;-4.5;-4.2;-5.2;1.7;294.4444444;0;0;4.5
28788300;-9;-7;42;89;-8.5;-6.6;3.9;1.9;74.7;0;-4.6;-4.9;-4.5;-5.6;1.7;294.4444444;0;0;4.5
28789200;-7;-6;16;33;-6.7;-6.3;3.9;2;74.9;0;-4.4;-4.6;-4.4;-5.7;1;308.3333333;0;0;5
28790100;-5;-2;7;8;-5.3;-1.6;4;2.1;75.2;0;-3.3;-3.6;-3.1;-4.9;1;308.3333333;0;0;5
28791000;-7;-5;42;91;-7;-5.2;4;2;76.5;0;-3.3;-3.5;-3.1;-4.3;1;308.3333333;0;0;5
28791900;-8;-6;42;91;-7.7;-5.8;3.8;1.9;77.5;0;-3.8;-4;-3.8;-4.7;1;308.3333333;0;0;5
28792800;-8;-6;42;89;-8.1;-6.3;3.7;1.8;77.4;0;-4.2;-4.4;-4.2;-5.2;0.4;311.1111111;2.777777778;2.777777778;4.9
28793700;-9;-7;42;89;-8.4;-6.6;3.9;1.8;78.5;0;-4.5;-4.7;-4.4;-5.5;0.4;311.1111111;2.777777778;2.777777778;4.9
28794600;-9;-7;38;77;-8.3;-6.8;4.2;1.7;78.7;0;-4.6;-4.9;-4.7;-5.7;0.4;311.1111111;2.777777778;2.777777778;4.9
28795500;-5;-3;0;0;-4.9;-3.8;4;1.6;79;0;-4;-4.2;-4;-5.5;0.4;311.1111111;2.777777778;2.777777778;4.9
28796400;-6;-3;27;52;-5.7;-3.3;3.8;1.5;80.7;0;-3.1;-3.3;-3;-4.5;0.8;308.3333333;19.44444444;19.44444444;4
28797300;-8;-6;42;91;-7.6;-5.7;3.7;1.4;81;0;-3.7;-3.9;-3.7;-4.6;0.8;308.3333333;19.44444444;19.44444444;4
28798200;-8;-6;42;91;-8.1;-6.2;3.3;0.9;80.6;0;-4.2;-4.4;-4.1;-5.1;0.8;308.3333333;19.44444444;19.44444444;4
28799100;-9;-7;42;90;-8.4;-6.5;3.2;0.7;81.2;0;-4.5;-4.7;-4.4;-5.4;0.8;308.3333333;19.44444444;19.44444444;4
28800000;-9;-7;42;88;-8.4;-6.5;3.2;0.6;81.6;12.4;-4.6;-4.8;-4.6;-5.6;1.2;311.1111111;27.77777778;27.77777778;3.6
28800900;-8;-7;30;63;-7.7;-7;2.9;0.6;87;12.4;-4.7;-4.9;-4.6;-5.7;1.2;311.1111111;27.77777778;27.77777778;3.6
28801800;-5;-2;0;0;-5;-2.6;2.9;0.3;86.9;12.4;-3.9;-3.9;-3.8;-5.4;1.2;311.1111111;27.77777778;27.77777778;3.6
28802700;-6;-4;34;68;-6.4;-4.1;3;0.1;87;12.4;-2.9;-3.1;-2.7;-4.2;1.2;311.1111111;27.77777778;27.77777778;3.6
28803600;-8;-6;42;91;-7.4;-5.6;3.2;0.5;85.9;14.1;-3.6;-3.8;-3.5;-4.5;1.7;313.8888889;33.33333333;33.33333333;3.7
28804500;-8;-6;42;91;-7.9;-5.9;3.4;0.5;84.2;14.2;-3.9;-4.1;-3.9;-4.9;1.7;313.8888889;33.33333333;33.33333333;3.7
28805400;-8;-6;42;91;-8;-6.3;3.7;0.7;83.7;14.2;-4.2;-4.4;-4.2;-5.2;1.7;313.8888889;33.33333333;33.33333333;3.7
28806300;-8;-6;42;90;-8.5;-6.4;3.8;1;81.2;14.2;-4.3;-4.6;-4.3;-5.4;1.7;313.8888889;33.33333333;33.33333333;3.7
28807200;-9;-7;42;90;-8.5;-6.4;4.1;1.4;79.5;19.1;-4.4;-4.7;-4.4;-5.4;2.1;319.4444444;27.77777778;27.77777778;3.1
28808100;-9;-7;42;89;-8.5;-6.4;4.2;1.4;79.2;19.5;-4.4;-4.7;-4.5;-5.5;2.1;319.4444444;27.77777778;27.77777778;3.1
28809000;-9;-7;42;90;-8.5;-6.4;4.2;1.5;79.5;19.3;-4.4;-4.7;-4.4;-5.5;2.1;319.4444444;27.77777778;27.77777778;3.1
28809900;-9;-7;42;90;-8.5;-6.4;4.2;1.5;79.5;19.2;-4.3;-4.7;-4.3;-5.5;2.1;319.4444444;27.77777778;27.77777778;3.1
28810800;-8;-6;42;91;-8.5;-6.4;4.2;2;81.1;25.1;-4.2;-4.5;-4.2;-5.4;2.4;319.4444444;33.33333333;33.33333333;2.5
28811700;-8;-6;42;91;-8.5;-6.4;4.2;2.1;80.8;26;-4;-4.3;-4;-5.1;2.4;319.4444444;33.33333333;33.33333333;2.5
28812600;-8;-6;42;93;-8.2;-6.4;4.1;2.1;82.3;26;-3.7;-4;-3.7;-4.9;2.4;319.4444444;33.33333333;33.33333333;2.5
28813500;-8;-6;42;94;-8;-6;4.3;2.2;81.9;26;-3.4;-3.8;-3.5;-4.6;2.4;319.4444444;33.33333333;33.33333333;2.5
28814400;-8;-5;42;94;-7.8;-5.9;4.4;2.3;81.9;32.6;-3.2;-3.6;-3.2;-4.4;2.9;322.2222222;41.66666667;41.66666667;2.4
28815300;-7;-5;42;95;-7.5;-5.8;4.8;2.4;82;37;-3.1;-3.5;-3.1;-4.3;2.9;322.2222222;41.66666667;41.66666667;2.4
28816200;-7;-5;42;95;-7.5;-5.4;4.9;2.3;81.6;37;-3;-3.3;-2.9;-4.1;2.9;322.2222222;41.66666667;41.66666667;2.4
28817100;-7;-5;42;96;-7.2;-5.4;4.7;2.2;85.5;37;-2.7;-3.1;-2.7;-3.8;2.9;322.2222222;41.66666667;41.66666667;2.4
28818000;-7;-5;42;98;-7;-4.9;4.6;2.6;86.7;36.1;-2.3;-2.7;-2.4;-3.5;3.4;322.2222222;27.77777778;27.77777778;3
28818900;-6;-4;43;99;-6.6;-4.6;4.7;2.6;85.5;36;-2;-2.4;-2;-3.1;3.4;322.2222222;27.77777778;27.77777778;3
28819800;-6;-4;43;99;-6.4;-4.4;4.8;2.6;83.1;36;-1.7;-2;-1.7;-2.9;3.4;322.2222222;27.77777778;27.77777778;3
28820700;-6;-4;43;101;-6;-3.9;4.9;2.7;81.5;36;-1.4;-1.8;-1.4;-2.5;3.4;322.2222222;27.77777778;27.77777778;3
28821600;-6;-4;43;102;-6;-3.9;4.9;2.7;80;17.1;-1.3;-1.7;-1.2;-2.4;3.6;325;11.11111111;11.11111111;4.2
28822500;-6;-3;43;102;-6;-3.9;5.1;2.7;80.1;12.4;-1.2;-1.6;-1.2;-2.3;3.6;325;11.11111111;11.11111111;4.2
28823400;-6;-3;43;102;-6;-3.9;5.3;2.8;78.7;12.4;-1.2;-1.6;-1.2;-2.3;3.6;325;11.11111111;11.11111111;4.2
28824300;-6;-3;43;102;-6;-3.9;5.4;2.9;77.5;12.4;-1.2;-1.6;-1.2;-2.3;3.6;325;11.11111111;11.11111111;4.2
28825200;-6;-3;43;102;-6;-3.9;5.7;3;76.8;5.4;-1.2;-1.6;-1.2;-2.4;3.8;327.7777778;0;0;4.3
28826100;-6;-3;43;102;-6;-3.9;5.8;3;77;5.4;-1.3;-1.6;-1.3;-2.4;3.8;327.7777778;0;0;4.3
28827000;-6;-3;43;103;-5.9;-3.7;5.8;3.1;77.8;5.4;-1.2;-1.4;-1;-2.2;3.8;327.7777778;0;0;4.3
28827900;-5;-3;43;104;-5.5;-3.4;5.7;3.4;78.3;5.4;-0.9;-1.2;-0.9;-2;3.8;327.7777778;0;0;4.3
28828800;-5;-3;43;104;-5.5;-3.3;5.7;3.5;79.4;2.7;-0.7;-1;-0.7;-1.7;3.5;327.7777778;0;0;3.8
28829700;-5;-3;43;106;-5;-2.9;5.4;3.5;80.8;2;-0.3;-0.6;-0.2;-1.3;3.5;327.7777778;0;0;3.8
28830600;-4;-2;43;110;-4.6;-2.4;5.1;3.6;83.8;2;0.2;-0.1;0.2;-0.8;3.5;327.7777778;0;0;3.8
28831500;-4;-2;43;111;-4.5;-2;5;3.7;84.8;2;0.4;0.1;0.5;-0.5;3.5;327.7777778;0;0;3.8
28832400;-4;-2;43;112;-4.3;-1.9;4.9;4.1;85.4;0.5;0.6;0.3;0.6;-0.4;3.5;327.7777778;0;0;4
28833300;-4;-2;43;112;-4;-1.9;4.9;4.2;86.2;0;0.6;0.5;0.7;-0.2;3.5;327.7777778;0;0;4
28834200;-4;-2;43;112;-4;-1.9;4.9;4.3;86.4;0;0.6;0.4;0.7;-0.3;3.5;327.7777778;0;0;4
28835100;-4;-2;43;111;-4;-1.9;5.1;4.4;85.7;0;0.5;0.3;0.6;-0.4;3.5;327.7777778;0;0;4
28836000;-4;-2;43;111;-4;-1.9;5.1;4.7;85.4;0;0.5;0.3;0.6;-0.3;3.5;327.7777778;0;0;4.4
28836900;-4;-2;43;110;-4;-1.9;5.2;4.8;85.6;0;0.5;0.3;0.6;-0.4;3.5;327.7777778;0;0;4.4
28837800;-4;-2;43;110;-4;-1.9;5.4;4.5;86.1;0;0.4;0.2;0.4;-0.5;3.5;327.7777778;0;0;4.4
28838700;-4;-2;43;109;-4;-1.9;5.7;4;86.3;0;0.2;0;0.2;-0.7;3.5;327.7777778;0;0;4.4
28839600;-5;-2;43;108;-4.5;-2.1;5.9;3.8;86.3;0;-0.1;-0.4;-0.1;-1;4;330.5555556;0;0;4.7
28840500;-5;-2;43;107;-4.5;-2.4;6.1;3.7;86.2;0;-0.4;-0.6;-0.4;-1.3;4;330.5555556;0;0;4.7
28841400;-5;-3;43;106;-4.9;-2.4;6.2;3.4;85.2;0;-0.5;-0.8;-0.5;-1.5;4;330.5555556;0;0;4.7
28842300;-5;-3;43;105;-5;-2.9;6.3;3.2;84.9;0;-0.6;-0.9;-0.6;-1.6;4;330.5555556;0;0;4.7
28843200;-5;-3;43;105;-5;-2.9;6.3;3.8;83.6;0;-0.5;-0.9;-0.6;-1.6;4.1;327.7777778;0;0;4.5
28844100;-5;-3;43;104;-5;-2.9;6.5;3.9;83.5;0;-0.6;-1;-0.7;-1.7;4.1;327.7777778;0;0;4.5
28845000;-5;-3;43;103;-5;-2.9;6.7;4;82.9;0;-0.8;-1.1;-0.9;-1.8;4.1;327.7777778;0;0;4.5
28845900;-5;-3;43;104;-5;-2.9;6.7;4.1;81.8;0;-0.7;-1;-0.7;-1.8;4.1;327.7777778;0;0;4.5
28846800;-5;-3;43;105;-5;-2.9;6.6;4.3;80.1;0;-0.6;-1;-0.7;-1.7;4.6;330.5555556;0;0;4
28847700;-5;-3;43;106;-5;-2.9;6.7;4.3;81.3;0;-0.4;-0.8;-0.5;-1.5;4.6;330.5555556;0;0;4
28848600;-5;-3;43;107;-5;-2.9;6.8;4.2;79.9;0;-0.3;-0.7;-0.3;-1.5;4.6;330.5555556;0;0;4
28849500;-5;-2;43;107;-5;-2.9;6.9;4.1;78.9;0;-0.2;-0.5;-0.2;-1.3;4.6;330.5555556;0;0;4
28850400;-5;-2;43;108;-5;-2.6;6.9;4;78.1;0;0;-0.4;-0.1;-1.2;4.8;330.5555556;0;0;4.6
28851300;-5;-2;43;108;-5;-2.4;7;4;78.1;0;0;-0.4;-0.1;-1.2;4.8;330.5555556;0;0;4.6
28852200;-5;-2;43;108;-5;-2.4;7.1;3.9;77.8;0;0;-0.4;-0.1;-1.2;4.8;330.5555556;0;0;4.6
28853100;-5;-2;43;105;-4.8;-2.4;7.2;4.6;77.55;0;-0.1;-0.45;-0.2;-1.25;4.8;330.5555556;0;0;4.6
28854000;-5;-2;43;102;-4.6;-2.4;7.3;5.3;77.3;0;-0.2;-0.5;-0.3;-1.3;4.8;330.5555556;0;0;5.1
28854900;-5;-2;43;105;-4.5;-2.4;7.3;5.7;76.9;0;-0.3;-0.6;-0.3;-1.4;4.8;330.5555556;0;0;5.1
28855800;-5;-3;43;107;-4.5;-2.4;7.3;5.7;76.9;0;-0.3;-0.6;-0.4;-1.4;4.8;330.5555556;0;0;5.1
28856700;-5;-2;43;107;-4.5;-2.4;7.3;5.7;76.7;0;-0.3;-0.6;-0.3;-1.4;4.8;330.5555556;0;0;5.1
28857600;-5;-2;43;108;-4.5;-2.4;7.2;5.8;77.4;0;-0.2;-0.5;-0.2;-1.3;4;330.5555556;0;0;4.8
28858500;-5;-2;43;108;-4.5;-2.4;7.1;5.8;78.6;0;-0.1;-0.4;-0.1;-1.2;4;330.5555556;0;0;4.8
28859400;-5;-2;43;109;-4.5;-2.4;7;5.8;79.5;0;-0.1;-0.3;0;-1.1;4;330.5555556;0;0;4.8
28860300;-5;-2;43;108;-4.5;-2.4;6.9;5.8;79.7;0;-0.1;-0.4;-0.1;-1.1;4;330.5555556;0;0;4.8
28861200;-5;-2;43;109;-4.5;-2.4;6.9;5.9;79.6;0;0;-0.3;-0.1;-1;4.5;330.5555556;0;0;4.9
28862100;-4;-2;43;108;-4.5;-2.4;6.8;5.9;79.3;0;0.1;-0.2;0.1;-0.9;4.5;330.5555556;0;0;4.9
28863000;-4;-2;43;109;-4.5;-2.4;6.7;5.9;79;0;0.2;-0.1;0.2;-0.9;4.5;330.5555556;0;0;4.9
28863900;-4;-2;43;110;-4.5;-2.4;6.8;5.9;79.1;0;0.2;0;0.2;-0.9;4.5;330.5555556;0;0;4.9
28864800;-4;-2;43;110;-4.5;-2.4;6.8;5.4;78.7;0;0.1;-0.1;0.1;-1;4.5;327.7777778;0;0;6
28865700;-4;-2;43;109;-4.5;-2.4;7;5.4;78.5;0;0.1;-0.2;0;-1.1;4.5;327.7777778;0;0;6
28866600;-5;-2;43;109;-4.5;-2.4;7.1;4.8;78.5;0;0;-0.3;-0.1;-1.2;4.5;327.7777778;0;0;6
28867500;-5;-2;43;108;-4.5;-2.4;7.2;4.2;78.1;0;-0.1;-0.4;-0.2;-1.2;4.5;327.7777778;0;0;6
28868400;-5;-2;43;109;-4.5;-2.4;7.2;4.4;77.3;0;-0.1;-0.4;-0.2;-1.2;4.8;327.7777778;0;0;5.3
28869300;-5;-2;43;108;-4.5;-2.4;7.3;4.4;77.4;0;-0.1;-0.4;-0.2;-1.3;4.8;327.7777778;0;0;5.3
28870200;-5;-2;43;107;-4.5;-2.4;7.4;4.4;77.2;0;-0.3;-0.6;-0.3;-1.4;4.8;327.7777778;0;0;5.3
28871100;-5;-3;43;105;-4.8;-2.4;7.6;4.5;76.8;0;-0.5;-0.7;-0.5;-1.6;4.8;327.7777778;0;0;5.3
28872000;-5;-3;43;105;-5;-2.8;7.6;4.8;76.2;0;-0.6;-0.9;-0.6;-1.7;4.8;327.7777778;0;0;5.7
28872900;-5;-3;43;105;-5;-2.9;7.6;4.8;76.2;0;-0.9;-1.1;-0.8;-1.9;4.8;327.7777778;0;0;5.7
28873800;-5;-3;43;104;-5.3;-2.9;7.7;4.8;76.3;0;-1;-1.3;-1;-1.9;4.8;327.7777778;0;0;5.7
28874700;-5;-3;43;104;-5.5;-3.4;7.8;4.7;76.2;0;-1;-1.3;-1.1;-2;4.8;327.7777778;0;0;5.7
28875600;-5;-3;43;104;-5.5;-3.4;7.9;4.9;76.1;0;-1;-1.3;-1.1;-2.1;5.7;330.5555556;0;0;5.2
28876500;-5;-3;43;104;-5.5;-3.4;8.1;5;75.8;0;-1;-1.3;-1.1;-2.1;5.7;330.5555556;0;0;5.2
28877400;-5;-3;43;105;-5.5;-3.4;8.2;5;75.1;0;-0.9;-1.2;-1;-2;5.7;330.5555556;0;0;5.2
28878300;-5;-3;43;106;-5.5;-3.3;8.3;5;74.2;0;-0.6;-0.9;-0.7;-1.8;5.7;330.5555556;0;0;5.2
28879200;-5;-3;43;106;-5;-2.9;8.4;5.2;73.6;0;-0.4;-0.6;-0.4;-1.5;6.4;319.4444444;2.777777778;2.777777778;4.8
28880100;-5;-3;43;106;-5;-2.9;8.4;5.3;73.7;0;-0.4;-0.6;-0.4;-1.5;6.4;319.4444444;2.777777778;2.777777778;4.8
28881000;-5;-3;43;107;-5;-2.9;8.4;5.2;73.6;0;-0.4;-0.6;-0.4;-1.5;6.4;319.4444444;2.777777778;2.777777778;4.8
28881900;-5;-2;43;108;-5;-2.9;8.4;5;73.5;0;-0.2;-0.5;-0.3;-1.4;6.4;319.4444444;2.777777778;2.777777778;4.8
28882800;-5;-2;43;109;-5;-2.7;8.5;5.2;72.9;0;0;-0.3;-0.1;-1.2;6.9;333.3333333;22.22222222;22.22222222;4.7
28883700;-4;-2;43;111;-4.5;-2.4;8.7;5.4;71.8;0;0.2;-0.1;0.2;-0.9;6.9;333.3333333;22.22222222;22.22222222;4.7
28884600;-4;-2;43;112;-4.5;-2.2;8.8;5.7;70.9;0;0.5;0.1;0.4;-0.7;6.9;333.3333333;22.22222222;22.22222222;4.7
28885500;-4;-2;43;113;-4.3;-1.9;9.1;5.9;70.3;0;0.7;0.4;0.6;-0.5;6.9;333.3333333;22.22222222;22.22222222;4.7
28886400;-4;-2;43;114;-4;-1.9;9.3;6.2;69.7;17.2;0.8;0.5;0.8;-0.4;7.6;311.1111111;111.1111111;119.4444444;5.1
28887300;-4;-2;43;114;-4;-1.6;9.3;6.2;69.7;18.4;1;0.7;0.9;-0.2;7.6;311.1111111;111.1111111;119.4444444;5.1
28888200;-4;-2;43;115;-3.9;-1.4;9.4;6.4;70;18.4;1.2;0.9;1.1;0;7.6;311.1111111;111.1111111;119.4444444;5.1
28889100;-3;-2;43;115;-3.5;-1.3;9.8;6.7;68.9;18.4;1.4;1.1;1.3;0.2;7.6;311.1111111;111.1111111;119.4444444;5.1
28890000;-3;-1;43;118;-3.4;-0.9;10.3;7.2;68;33;1.8;1.4;1.6;0.5;8.5;322.2222222;97.22222222;100;4.9
28890900;-3;0;43;120;-3;-0.6;10.6;7.3;66.6;36.6;2.1;1.7;1.9;0.8;8.5;322.2222222;97.22222222;100;4.9
28891800;-3;0;43;121;-3;-0.4;10.8;7.4;65.9;37.2;2.2;1.8;2.1;0.9;8.5;322.2222222;97.22222222;100;4.9
28892700;-3;0;43;122;-3;-0.4;10.7;7.5;66.2;38.1;2.3;2;2.2;1;8.5;322.2222222;97.22222222;100;4.9
28893600;-2;0;43;122;-2.6;-0.2;10.8;8.1;66.4;76.8;2.5;2.1;2.3;1.2;9.2;338.8888889;113.8888889;122.2222222;5.5
28894500;-2;0;43;123;-2.5;0.1;11.2;8.2;65.7;86.5;2.6;2.3;2.5;1.3;9.2;338.8888889;113.8888889;122.2222222;5.5
28895400;-2;0;43;124;-2.5;0.1;11.6;8.3;64.3;86.7;2.7;2.4;2.6;1.4;9.2;338.8888889;113.8888889;122.2222222;5.5
28896300;-2;0;43;124;-2.5;0.1;11.8;8.4;63.3;87;2.8;2.5;2.7;1.4;9.2;338.8888889;113.8888889;122.2222222;5.5
28897200;-2;0;43;125;-2.4;0.1;12;8.8;63.5;103.7;2.9;2.6;2.8;1.5;9.4;338.8888889;150;166.6666667;5.4
28898100;-2;0;43;125;-2;0.4;12;8.9;65.7;109.8;3;2.7;2.9;1.6;9.4;338.8888889;150;166.6666667;5.4
28899000;-2;0;43;126;-2;0.6;12.1;9;66.3;109.8;3.1;2.8;3;1.7;9.4;338.8888889;150;166.6666667;5.4
28899900;-2;0;43;130;-1.8;0.9;12.8;9.1;64.6;109.8;3.7;3.2;3.5;2;9.4;338.8888889;150;166.6666667;5.4
28900800;-2;1;43;131;-1.5;1.1;13.3;9.3;63.5;116.8;4;3.5;3.8;2.2;9.8;338.8888889;227.7777778;266.6666667;4.1
28901700;-2;1;43;134;-1.2;1.6;13.8;9.4;62;119.3;4.4;3.9;4.2;2.6;9.8;338.8888889;227.7777778;266.6666667;4.1
28902600;-2;1;43;133;-1;1.6;13.5;9.5;62.1;119.3;4.5;4;4.3;2.6;9.8;338.8888889;227.7777778;266.6666667;4.1
28903500;-2;1;43;131;-1;1.6;13;9.6;64.5;119.3;4;3.6;3.9;2.4;9.8;338.8888889;227.7777778;266.6666667;4.1
28904400;-2;0;43;129;-1.2;1.6;12.4;9.7;67.9;98;3.6;3.3;3.6;2.2;9.3;336.1111111;97.22222222;100;3.2
28905300;-2;0;43;130;-1.5;1.6;12.1;9.8;69.3;87.3;3.6;3.3;3.6;2.2;9.3;336.1111111;97.22222222;100;3.2
28906200;-2;0;43;128;-1.5;1.6;12.2;9.7;68.9;87.3;3.7;3.3;3.6;2.2;9.3;336.1111111;97.22222222;100;3.2
28907100;-2;0;43;129;-1.5;1.6;12.2;9.7;68.6;87.3;3.6;3.3;3.5;2.2;9.3;336.1111111;97.22222222;100;3.2
28908000;-2;0;43;128;-1.5;1.1;11.7;9.4;69.9;52.6;3.5;3.1;3.4;2.1;8.5;327.7777778;27.77777778;27.77777778;4.6
28908900;-2;0;43;128;-1.5;1.1;11.3;9.4;71.4;50.1;3.4;3.1;3.3;2.1;8.5;327.7777778;27.77777778;27.77777778;4.6
28909800;-2;0;43;128;-1.5;1.1;10.9;9.5;71.9;50.1;3.6;3.2;3.4;2.2;8.5;327.7777778;27.77777778;27.77777778;4.6
28910700;-2;0;43;128;-1.5;1.1;10.6;9.6;72.9;50.1;3.6;3.2;3.5;2.3;8.5;327.7777778;27.77777778;27.77777778;4.6
28911600;-2;0;43;128;-1.5;1.1;10.3;9.4;73.6;25.6;3.6;3.2;3.4;2.3;8.4;311.1111111;0;0;3.9
28912500;-2;0;43;128;-1.5;1.1;10.1;9.4;74.7;23.9;3.5;3.1;3.4;2.3;8.4;311.1111111;0;0;3.9
28913400;-2;0;43;128;-1.5;1.1;10.1;9.3;74.7;23.9;3.6;3;3.4;2.3;8.4;311.1111111;0;0;3.9
28914300;-2;0;43;128;-1.5;1.1;10.1;9.2;74.4;23.9;3.8;3.1;3.4;2.4;8.4;311.1111111;0;0;3.9
28915200;-2;0;43;128;-1.5;1.1;9.9;8.9;74.8;11.6;3.7;3.2;3.5;2.4;8.1;302.7777778;0;0;4.3
28916100;-2;0;43;128;-1.5;1.1;9.6;8.8;75.7;7.1;3.6;3.1;3.4;2.3;8.1;302.7777778;0;0;4.3
28917000;-2;0;43;128;-1.5;1.1;9.4;8.4;76.3;7.1;3.4;2.9;3.2;2.2;8.1;302.7777778;0;0;4.3
28917900;-2;0;43;128;-1.5;1.1;9.5;8.2;75.1;7.1;3.3;2.8;3.1;2;8.1;302.7777778;0;0;4.3
28918800;-2;0;43;129;-1.5;1.1;9.8;8.3;72.7;0;3.5;3;3.3;2.2;8.2;330.5555556;0;0;2.7
28919700;-2;0;43;129;-1.5;1.1;9.9;8.3;71.2;0;3.5;3;3.3;2.3;8.2;330.5555556;0;0;2.7
28920600;-2;0;43;129;-1.5;1.1;9.9;8.4;70.9;0;3.4;3;3.3;2.3;8.2;330.5555556;0;0;2.7
28921500;-2;0;43;130;-1.5;1.1;9.8;8.5;71.1;0;3.5;3.1;3.4;2.3;8.2;330.5555556;0;0;2.7
28922400;-2;0;43;129;-1.5;1.1;9.8;8.4;71.3;0;3.5;3;3.3;2.3;7.7;294.4444444;0;0;2.2
28923300;-2;0;43;127;-1.5;1.1;9.8;8.4;71.3;0;3.3;2.9;3.2;2.2;7.7;294.4444444;0;0;2.2
28924200;-2;0;43;127;-1.5;1.1;9.4;8.2;71.9;0;3.2;2.8;3.1;2.1;7.7;294.4444444;0;0;2.2
28925100;-2;0;43;127;-1.8;0.8;9.2;7.9;72.6;0;3;2.6;2.9;1.9;7.7;294.4444444;0;0;2.2
28926000;-2;0;43;126;-2;0.6;9;7.7;73.4;0;3;2.5;2.9;1.8;7.5;311.1111111;0;0;3.3
28926900;-2;0;43;126;-2;0.6;9;7.7;73.6;0;3;2.5;2.9;1.8;7.5;311.1111111;0;0;3.3
28927800;-2;0;43;124;-2;0.6;8.9;7.8;73.8;0;2.7;2.2;2.6;1.6;7.5;311.1111111;0;0;3.3
28928700;-2;0;43;123;-2;0.4;9.2;8;72.9;0;2.5;2.1;2.5;1.5;7.5;311.1111111;0;0;3.3
28929600;-2;0;43;122;-2.5;0.1;9.4;7.7;71.9;0;2.3;2;2.3;1.3;7.2;311.1111111;0;0;2.6
28930500;-3;0;43;119;-2.6;-0.2;9.3;7.6;71.5;0;2;1.5;1.8;0.8;7.2;311.1111111;0;0;2.6
28931400;-3;0;43;117;-3;-0.4;9.1;7.5;72.2;0;1.7;1.3;1.6;0.6;7.2;311.1111111;0;0;2.6
28932300;-3;0;43;121;-3;-0.4;8.9;7.3;72.3;0;2.2;1.7;2;1;7.2;311.1111111;0;0;2.6
28933200;-3;0;43;122;-2.5;-0.4;9.1;7;71.5;0;2.4;2;2.4;1.3;7.1;325;0;0;1.8
28934100;-2;0;43;122;-2.5;0;9.1;6.9;71.8;0;2.3;2;2.4;1.2;7.1;325;0;0;1.8
28935000;-2;0;43;123;-2.5;0.1;8.9;7;71.5;0;2.4;2;2.4;1.4;7.1;325;0;0;1.8
28935900;-2;0;43;122;-2.5;0.1;9;7;70.9;0;2.3;2;2.4;1.3;7.1;325;0;0;1.8
28936800;-3;0;43;120;-2.5;0;8.9;6.6;71.3;0;2.1;1.7;2;1;6.6;330.5555556;0;0;3.7
28937700;-3;0;43;118;-2.9;-0.4;9.2;6.4;71.3;0;1.6;1.4;1.7;0.6;6.6;330.5555556;0;0;3.7
28938600;-3;0;43;117;-3;-0.8;9.3;6.5;70.1;0;1.4;1.1;1.3;0.3;6.6;330.5555556;0;0;3.7
28939500;-3;0.5;25;63.5;-2.1;-0.15;9.2;6.35;69.95;0;1.85;1.7;1.9;0.65;6.6;330.5555556;0;0;3.7
28940400;-3;1;7;10;-1.2;0.5;9.1;6.2;69.8;0;2.3;2.3;2.5;1;6.2;300;0;0;3.8
28941300;-1;0;35;93;-1.2;0.7;8.8;6.2;69.2;0;2.8;2.6;2.9;1.8;6.2;300;0;0;3.8
28942200;0;0;0;0;0;0.4;8.6;6.2;68.9;0;3.1;3.1;3.4;1.7;6.2;300;0;0;3.8
28943100;-1;0;36;94;-0.7;1.1;8.4;6.2;70.1;0;3.6;3.4;3.6;2.4;6.2;300;0;0;3.8
28944000;-2;0;43;122;-2.1;0.5;8.1;5.9;71.8;0;2.4;2.1;2.4;1.5;5.3;277.7777778;0;0;2.7
28944900;-3;0;43;118;-2.7;-0.3;7.6;5.8;73.5;0;1.7;1.4;1.7;0.8;5.3;277.7777778;0;0;2.7
28945800;-3;0;43;116;-3;-0.7;7.3;5.8;75.4;0;1.4;1;1.3;0.3;5.3;277.7777778;0;0;2.7
28946700;-4;0;43;114;-3.5;-1.1;7.2;5.8;76.3;0;0.9;0.6;1;-0.2;5.3;277.7777778;0;0;2.7
28947600;-4;-1;43;113;-3.9;-1.6;7.2;5.7;76.8;0;0.5;0.3;0.6;-0.4;5.4;322.2222222;0;0;3
28948500;-4;-2;43;111;-4;-1.7;7.3;5.7;76.4;0;0.4;0;0.3;-0.7;5.4;322.2222222;0;0;3
28949400;-4;-2;43;110;-4;-2.1;7.6;5.7;75.3;0;0.3;-0.2;0.2;-0.7;5.4;322.2222222;0;0;3
28950300;-4;-2;43;112;-4;-2.1;7.6;5.7;74.8;0;0.5;0.1;0.5;-0.6;5.4;322.2222222;0;0;3
28951200;-4;-2;43;114;-4;-1.8;7.6;5.7;74.8;0;0.8;0.5;0.8;-0.2;4.5;288.8888889;0;0;2.6
28952100;-4;-2;43;115;-4;-1.6;7.3;5.7;74.9;0;0.9;0.5;0.9;-0.2;4.5;288.8888889;0;0;2.6
28953000;-4;-2;43;112;-4;-1.6;7.1;5.4;75.7;0;0.6;0.2;0.6;-0.4;4.5;288.8888889;0;0;2.6
28953900;-4;-2;43;110;-4;-1.7;6.8;5;76.3;0;0.4;-0.1;0.3;-0.7;4.5;288.8888889;0;0;2.6
28954800;-5;-2;43;108;-4.4;-2.1;6.2;4.8;78.2;0;0.1;-0.4;0;-1;4.1;280.5555556;0;0;5.1
28955700;-5;-2;43;107;-4.5;-2.5;6.1;4.8;79.8;0;-0.2;-0.7;-0.3;-1.4;4.1;280.5555556;0;0;5.1
28956600;-5;-2;43;107;-4.5;-2.6;6.2;5;79.4;0;-0.2;-0.7;-0.3;-1.3;4.1;280.5555556;0;0;5.1
28957500;-5;-2;43;106;-4.5;-2.6;5.9;5.2;79.4;0;-0.1;-0.6;-0.2;-1.3;4.1;280.5555556;0;0;5.1
28958400;-5;-2;43;107;-4.5;-2.6;6.2;5;79.4;0;-0.2;-0.7;-0.3;-1.4;4;302.7777778;0;0;4.6
28959300;-5;-3;43;108;-4.9;-2.6;6.3;5;78.8;0;-0.2;-0.7;-0.4;-1.4;4;302.7777778;0;0;4.6
28960200;-5;-2;43;110;-5;-2.6;6.4;4.7;78.4;0;0;-0.5;-0.1;-1.1;4;302.7777778;0;0;4.6
28961100;-4;-2;43;111;-4.6;-2.3;6.4;4.3;78.5;0;0.2;-0.2;0.2;-0.9;4;302.7777778;0;0;4.6
28962000;-4;-2;43;111;-4.5;-2.1;6.6;4.3;78.4;0;0.3;0;0.4;-0.8;4.1;291.6666667;0;0;1.4
28962900;-4;-2;43;112;-4.5;-2.1;6.5;4.3;77.7;0;0.6;0.2;0.5;-0.6;4.1;291.6666667;0;0;1.4
28963800;-4;-2;43;113;-4;-2.1;6.3;4.2;78.3;0;0.7;0.2;0.6;-0.4;4.1;291.6666667;0;0;1.4
28964700;-4;-2;43;112;-4;-2.1;6.1;4;79.5;0;0.6;0.2;0.6;-0.5;4.1;291.6666667;0;0;1.4
28965600;-4;-2;43;112;-4;-1.8;6.8;3.8;78.3;0;0.8;0.4;0.7;-0.3;3.7;294.4444444;2.777777778;2.777777778;2.2
28966500;-4;-2;43;112;-4;-1.6;7;3.8;76.5;0;0.8;0.4;0.8;-0.2;3.7;294.4444444;2.777777778;2.777777778;2.2
28967400;-4;-2;43;110;-4;-1.6;6.8;3.8;75.7;0;0.6;0.2;0.6;-0.5;3.7;294.4444444;2.777777778;2.777777778;2.2
28968300;-4;-2;43;108;-4;-1.8;6.2;3.8;77.6;0;0.3;-0.1;0.3;-0.7;3.7;294.4444444;2.777777778;2.777777778;2.2
28969200;-5;-2;43;107;-4.5;-2.1;6;3.5;78.1;0;0;-0.5;-0.2;-1.1;4.1;311.1111111;16.66666667;19.44444444;4.3
28970100;-5;-2;43;107;-4.5;-2.4;5.9;3.4;77.9;0;-0.2;-0.6;-0.3;-1.3;4.1;311.1111111;16.66666667;19.44444444;4.3
28971000;-5;-3;43;105;-4.9;-2.8;5.8;3.5;78.1;0;-0.8;-1.1;-0.8;-1.7;4.1;311.1111111;16.66666667;19.44444444;4.3
28971900;-5;-3;43;104;-5.3;-3.1;6.1;3.6;78.2;0;-1.1;-1.3;-1.1;-2;4.1;311.1111111;16.66666667;19.44444444;4.3
28972800;-6;-3;43;104;-5.5;-3.1;6.4;3.5;77.9;11.4;-1.2;-1.4;-1.2;-2.1;4.5;319.4444444;47.22222222;47.22222222;5.1
28973700;-6;-3;43;105;-5.5;-3.1;6.6;3.5;77.2;15.6;-1;-1.3;-1.1;-2;4.5;319.4444444;47.22222222;47.22222222;5.1
28974600;-5;-3;43;107;-5.5;-3.1;7.1;3.5;76.3;15.6;-0.6;-0.9;-0.7;-1.6;4.5;319.4444444;47.22222222;47.22222222;5.1
28975500;-5;-3;43;106;-5;-2.9;7.3;3.5;75.1;15.6;-0.4;-0.6;-0.4;-1.2;4.5;319.4444444;47.22222222;47.22222222;5.1
28976400;-5;-2;43;109;-4.9;-2.6;7.6;3.4;74.8;38.6;0;-0.2;-0.1;-0.9;4.8;322.2222222;44.44444444;44.44444444;4.1
28977300;-4;-2;43;113;-4.4;-2.1;7.9;3.4;73.8;46.9;0.5;0.3;0.5;-0.5;4.8;322.2222222;44.44444444;44.44444444;4.1
28978200;-4;-2;43;114;-4;-1.6;8.3;3.6;72.8;46.1;0.9;0.7;0.8;-0.2;4.8;322.2222222;44.44444444;44.44444444;4.1
28979100;-4;-2;43;113;-4;-1.6;8.1;4;73.2;44.5;0.9;0.7;0.9;-0.2;4.8;322.2222222;44.44444444;44.44444444;4.1
28980000;-3;-2;43;117;-3.6;-1.2;6.8;4;80;65.8;1.4;1.2;1.4;0.4;2.6;322.2222222;47.22222222;47.22222222;4.4
28980900;-3;-1;43;117;-3.5;-0.7;5.5;4;85.8;73.5;1.5;1.4;1.7;0.6;2.6;322.2222222;47.22222222;47.22222222;4.4
28981800;-3;0;43;115;-3.5;-0.6;5.2;4.1;89.1;74.8;1.3;1.2;1.4;0.4;2.6;322.2222222;47.22222222;47.22222222;4.4
28982700;-3;0;43;113;-3.5;-0.9;5.3;4.4;90.1;77.5;1.1;0.9;1.1;0.2;2.6;322.2222222;47.22222222;47.22222222;4.4
28983600;-4;0;43;113;-3.5;-1.1;5.2;4.3;89.7;90.8;0.9;0.8;1;0.2;2.3;322.2222222;72.22222222;72.22222222;4.2
28984500;-3;0;43;113;-3.5;-1.1;4.9;4.2;89.5;95.6;1.1;0.9;1.1;0.2;2.3;322.2222222;72.22222222;72.22222222;4.2
28985400;-4;0;43;115;-3.5;-1.1;5;4.3;90.7;95.6;1;0.8;1;0.1;2.3;322.2222222;72.22222222;72.22222222;4.2
28986300;-4;0;43;114;-3.5;-1.1;5.4;4.6;91.1;95.6;1;0.8;1;0;2.3;322.2222222;72.22222222;72.22222222;4.2
28987200;-4;0;43;112;-3.5;-1.3;5.9;4.6;90.4;92;0.8;0.6;0.7;-0.2;2.9;322.2222222;41.66666667;41.66666667;3.1
28988100;-4;-1;43;112;-3.8;-1.6;6.1;4.6;89.4;90.7;0.6;0.5;0.6;-0.3;2.9;322.2222222;41.66666667;41.66666667;3.1
28989000;-4;-2;43;111;-4;-1.6;5.9;3.9;88.2;90.7;0.6;0.4;0.6;-0.4;2.9;322.2222222;41.66666667;41.66666667;3.1
28989900;-4;-2;43;111;-4;-1.6;5.8;2.4;87.9;90.7;0.6;0.4;0.6;-0.4;2.9;322.2222222;41.66666667;41.66666667;3.1
28990800;-4;-2;43;112;-4;-1.6;6.1;2.3;87.3;95.6;0.8;0.6;0.8;-0.3;3.4;313.8888889;55.55555556;55.55555556;3.3
28991700;-4;-2;43;112;-4;-1.6;6.3;2.2;87;98.1;0.8;0.6;0.8;-0.2;3.4;313.8888889;55.55555556;55.55555556;3.3
28992600;-4;-2;43;111;-4;-1.6;6.2;2.1;86.7;98.1;0.7;0.5;0.7;-0.3;3.4;313.8888889;55.55555556;55.55555556;3.3
28993500;-4;-2;43;114;-3.7;-1.4;5.3;2;86.1;98.1;1.1;0.9;1.1;0.1;3.4;313.8888889;55.55555556;55.55555556;3.3
28994400;-4;-2;43;113;-3.5;-1.2;4.4;1.7;89.3;63.6;0.8;0.7;0.9;0;2.3;288.8888889;27.77777778;27.77777778;3.4
28995300;-4;-2;42;110;-4;-1.7;4.4;1.7;89.3;63.6;0.2;0.1;0.3;-0.6;2.3;288.8888889;27.77777778;27.77777778;3.4
28996200;-5;-2;42;108;-4.5;-2.2;4.5;2.1;88.6;63.6;-0.3;-0.4;-0.2;-1;2.3;288.8888889;27.77777778;27.77777778;3.4
28997100;-5;-3;42;106;-4.8;-2.6;4.5;2.5;88.1;63.6;-0.6;-0.8;-0.5;-1.5;2.3;288.8888889;27.77777778;27.77777778;3.4
28998000;-5;-3;42;105;-5;-2.8;4.3;2;88.3;32.3;-0.8;-1;-0.7;-1.7;0.8;313.8888889;2.777777778;2.777777778;3.6
28998900;-5;-3;42;105;-5;-3.1;4.2;1.9;88.2;27.5;-0.7;-1;-0.7;-1.7;0.8;313.8888889;2.777777778;2.777777778;3.6
28999800;-5;-2;42;108;-5;-2.7;3.9;2.3;88.2;27.5;-0.3;-0.6;-0.3;-1.2;0.8;313.8888889;2.777777778;2.777777778;3.6
29000700;-5;-3;42;104;-5;-2.6;3.5;2.8;89.5;27.5;-0.7;-0.9;-0.6;-1.5;0.8;313.8888889;2.777777778;2.777777778;3.6
29001600;-5;-3;42;103;-5;-3.1;3.4;2.4;90.1;10.5;-0.9;-1.1;-0.8;-1.7;1.5;308.3333333;0;0;3.3
29002500;-5;-3;42;102;-5.4;-3.2;3.6;2.3;90.4;7.9;-1.3;-1.4;-1.2;-2.1;1.5;308.3333333;0;0;3.3
29003400;-6;-4;42;100;-5.6;-3.6;3.7;2.1;90.1;7.9;-1.7;-1.8;-1.5;-2.4;1.5;308.3333333;0;0;3.3
29004300;-6;-4;42;99;-6;-3.9;3.8;1.9;90.1;7.9;-1.9;-2.1;-1.8;-2.7;1.5;308.3333333;0;0;3.3
29005200;-6;-4;42;99;-6;-4.1;3.9;1.6;90.1;1.1;-1.9;-2.1;-1.9;-2.7;1.2;302.7777778;0;0;4
29006100;-6;-4;42;99;-6;-4.1;3.7;1.6;90.1;0;-2;-2.1;-1.9;-2.8;1.2;302.7777778;0;0;4
29007000;-6;-4;42;98;-6;-4.1;3.5;1.1;90.1;0;-2.1;-2.3;-2.1;-3;1.2;302.7777778;0;0;4
29007900;-6;-4;42;100;-6;-4.1;3.3;0.5;89.9;0;-1.8;-2.1;-1.9;-2.8;1.2;302.7777778;0;0;4
29008800;-6;-4;42;98;-6;-4.1;3;0.2;90.4;0;-1.9;-2.1;-1.9;-2.9;1.1;302.7777778;0;0;3.7
29009700;-6;-4;42;96;-6.4;-4.3;3.1;0.2;90.6;0;-2.4;-2.5;-2.2;-3.2;1.1;302.7777778;0;0;3.7
29010600;-7;-5;42;95;-6.5;-4.6;3.2;0.6;90.6;0;-2.7;-2.8;-2.4;-3.4;1.1;302.7777778;0;0;3.7
29011500;-7;-5;42;95;-6.5;-4.6;3.3;1;90.6;0;-2.7;-2.9;-2.6;-3.5;1.1;302.7777778;0;0;3.7
29012400;-7;-5;42;95;-7;-4.8;3.4;1.1;90.6;0;-2.9;-3;-2.7;-3.7;1.2;300;0;0;3.5
29013300;-7;-5;42;93;-7.1;-5.2;3.4;1.1;90.6;0;-3.3;-3.4;-3.1;-4.1;1.2;300;0;0;3.5
29014200;-8;-6;42;92;-7.5;-5.6;3.7;1.2;90.5;0;-3.5;-3.8;-3.5;-4.4;1.2;300;0;0;3.5
29015100;-8;-6;42;91;-7.5;-5.6;3.7;1.3;90.1;0;-3.6;-3.9;-3.5;-4.5;1.2;300;0;0;3.5
29016000;-8;-6;42;93;-7.5;-5.6;3.7;0.9;90.1;0;-3.4;-3.8;-3.4;-4.3;1.4;294.4444444;0;0;3.4
29016900;-8;-6;42;93;-7.5;-5.6;3.7;0.8;90.1;0;-3.4;-3.6;-3.4;-4.3;1.4;294.4444444;0;0;3.4
29017800;-8;-5;42;92;-7.5;-5.6;3.7;0.7;89.7;0;-3.4;-3.6;-3.3;-4.2;1.4;294.4444444;0;0;3.4
29018700;-7;-5;42;93;-7.5;-5.6;3.6;0.6;89.4;0;-3.2;-3.4;-3.1;-4.1;1.4;294.4444444;0;0;3.4
29019600;-7;-5;42;94;-7.5;-5.6;3.6;0.5;89.3;0;-3.1;-3.3;-2.9;-3.9;1.4;297.2222222;0;0;2.9
29020500;-7;-5;42;96;-7.3;-5.2;3.5;0.5;89;0;-2.9;-3.1;-2.8;-3.7;1.4;297.2222222;0;0;2.9
29021400;-7;-5;42;96;-7;-5.1;3.5;0.8;88.8;0;-2.7;-2.9;-2.6;-3.6;1.4;297.2222222;0;0;2.9
29022300;-7;-5;42;96;-7;-5.1;3.5;1.1;89.1;0;-2.7;-2.9;-2.6;-3.6;1.4;297.2222222;0;0;2.9
29023200;-7;-5;42;96;-7;-5.1;3.7;1.1;89.1;0;-2.7;-3;-2.7;-3.6;1.2;300;0;0;2.4
29024100;-7;-5;42;95;-7;-5.1;3.7;1.1;88.3;0;-2.8;-3.1;-2.7;-3.7;1.2;300;0;0;2.4
29025000;-7;-5;42;95;-7;-5.1;3.7;1.2;87.7;0;-2.9;-3.1;-2.8;-3.7;1.2;300;0;0;2.4
29025900;-7;-5;42;93.5;-7;-5.1;3.7;3.35;87.5;0;-3.05;-3.25;-2.95;-3.85;1.2;300;0;0;2.4
29026800;-7;-5;42;92;-7;-5.1;3.7;5.5;87.3;0;-3.2;-3.4;-3.1;-4;0.8;255.5555556;0;0;2.6
29027700;-7;-5;42;94;-7.4;-5.4;3.4;6.2;87;0;-3.4;-3.6;-3.3;-4.3;0.8;255.5555556;0;0;2.6
29028600;-8;-6;42;92;-7.6;-5.6;3.1;6.2;86.7;0;-3.7;-3.9;-3.6;-4.6;0.8;255.5555556;0;0;2.6
29029500;-8;-6;42;92;-8;-6.1;2.8;6.2;87.2;0;-4;-4.2;-3.9;-4.8;0.8;255.5555556;0;0;2.6
29030400;-8;-6;42;91;-8;-6.1;2.7;5.9;87.6;0;-4.2;-4.4;-4;-5;0.5;261.1111111;0;0;2.8
29031300;-8;-6;42;90;-8.3;-6.5;2.5;5.8;87.6;0;-4.4;-4.6;-4.3;-5.2;0.5;261.1111111;0;0;2.8
29032200;-9;-7;42;89;-8.5;-6.6;2.5;5.8;87.8;0;-4.5;-4.7;-4.4;-5.3;0.5;261.1111111;0;0;2.8
29033100;-9;-7;42;89;-8.5;-6.6;2.5;5.8;87.6;0;-4.6;-4.8;-4.4;-5.3;0.5;261.1111111;0;0;2.8
29034000;-9;-7;42;89;-8.5;-6.6;2.5;5.7;87.7;0;-4.6;-4.8;-4.5;-5.4;0.5;255.5555556;0;0;1.8
29034900;-9;-7;42;87;-8.5;-6.6;2.6;5.7;87.6;0;-4.6;-4.9;-4.5;-5.5;0.5;255.5555556;0;0;1.8
29035800;-9;-7;42;88;-8.5;-6.6;2.7;5.7;87.4;0;-4.6;-4.7;-4.4;-5.4;0.5;255.5555556;0;0;1.8
29036700;-9;-7;42;88;-8.5;-6.6;2.3;5.7;87.1;0;-4.6;-4.8;-4.5;-5.4;0.5;255.5555556;0;0;1.8
29037600;-9;-7;42;88;-8.5;-6.6;2.2;1.3;87.6;0;-4.8;-4.9;-4.6;-5.5;-0.1;230.5555556;0;0;2.1
29038500;-9;-7;42;87;-8.5;-6.6;2;0.6;87.2;0;-4.8;-5;-4.7;-5.6;-0.1;230.5555556;0;0;2.1
29039400;-9;-7;42;87;-8.5;-7.1;1.9;0.5;87.2;0;-4.8;-5;-4.7;-5.6;-0.1;230.5555556;0;0;2.1
29040300;-7;-7;25;51;-6.5;-7.1;1.7;0.4;87.1;0;-4.8;-4.8;-4.6;-5.6;-0.1;230.5555556;0;0;2.1
29041200;-3;-2;0;0;-2.6;-3.1;1.7;0.3;86.6;0;-4;-3.9;-3.8;-5.2;0.2;269.4444444;0;0;3.2
29042100;-6;-4;34;62;-5.6;-4.3;2;0.3;86.3;0;-3.2;-3.4;-2.9;-4.1;0.2;269.4444444;0;0;3.2
29043000;-8;-6;42;92;-7.6;-5.7;2.4;0.3;85;0;-3.8;-4;-3.7;-4.5;0.2;269.4444444;0;0;3.2
29043900;-8;-6;42;90;-7.9;-5.9;2.7;0.4;83;0;-4.1;-4.2;-3.9;-4.8;0.2;269.4444444;0;0;3.2
29044800;-8;-6;42;91;-8.2;-6.2;2.9;0.2;81;0;-4.2;-4.3;-4;-5;0.3;294.4444444;0;0;3.5
29045700;-8;-6;42;90;-8.2;-6.4;3.2;0.2;79.6;0;-4.4;-4.6;-4.2;-5.2;0.3;294.4444444;0;0;3.5
29046600;-9;-7;42;90;-8.2;-6.4;3.2;0;78.3;0;-4.4;-4.7;-4.4;-5.4;0.3;294.4444444;0;0;3.5
29047500;-9;-7;42;88;-8.6;-6.7;3.2;-0.3;78;0;-4.6;-4.9;-4.6;-5.5;0.3;294.4444444;0;0;3.5
29048400;-8;-7;34;69;-7.9;-6.9;3.3;-0.3;77.2;0;-4.8;-4.9;-4.7;-5.6;0.4;286.1111111;0;0;4.1
29049300;-5;-3;0;0;-4.6;-3.1;3.4;-0.3;76.7;0;-4.1;-4.2;-4;-5.4;0.4;286.1111111;0;0;4.1
29050200;-6;-3;22;49;-5.5;-2.8;3.6;-0.1;75.9;0;-2.9;-3.3;-2.9;-4.1;0.4;286.1111111;0;0;4.1
29051100;-7;-5;42;92;-7.3;-5.4;3.7;0.2;74.4;0;-3.4;-3.7;-3.3;-4.2;0.4;286.1111111;0;0;4.1
29052000;-8;-6;42;90;-7.7;-5.8;3.7;0;73.2;0;-3.9;-4.1;-3.7;-4.7;0.1;250;2.777777778;2.777777778;3.4
29052900;-8;-6;42;90;-8;-6.2;3.7;-0.1;72.5;0;-4.1;-4.3;-4;-5;0.1;250;2.777777778;2.777777778;3.4
29053800;-8;-6;42;89;-8.2;-6.4;2.9;0;73.5;0;-4.4;-4.6;-4.3;-5.3;0.1;250;2.777777778;2.777777778;3.4
29054700;-8;-7;31;62;-7.8;-6.8;2.1;0.1;75.5;0;-4.8;-4.9;-4.6;-5.6;0.1;250;2.777777778;2.777777778;3.4
29055600;-5;-2;0;0;-4.9;-2.7;1.8;-0.1;76.7;0;-4.1;-4.3;-4;-5.4;-0.2;236.1111111;33.33333333;58.33333333;3.1
29056500;-6;-2;16;30;-5.4;-2.4;1.5;-0.2;77.7;0;-3.5;-3.8;-3.2;-4.6;-0.2;236.1111111;33.33333333;58.33333333;3.1
29057400;-8;-6;42;87;-7.9;-6;1.3;0;78.1;0;-4.2;-4.4;-4;-4.8;-0.2;236.1111111;33.33333333;58.33333333;3.1
29058300;-9;-7;42;88;-8.5;-6.7;1.7;0.2;77;0;-4.7;-5;-4.6;-5.5;-0.2;236.1111111;33.33333333;58.33333333;3.1
29059200;-5;-4;4;7;-5.5;-4.8;2.4;0.2;73.7;23.5;-4.2;-4.5;-4.2;-5.5;1;233.3333333;61.11111111;152.7777778;2.4
29060100;-5;-2;12;23;-5.3;-1.8;2.5;0.2;72.6;29.4;-3.2;-3.6;-3;-4.6;1;233.3333333;61.11111111;152.7777778;2.4
29061000;-7;-5;42;91;-7.1;-5.2;2.6;0.2;71.9;29.4;-3.3;-3.5;-3.2;-4.2;1;233.3333333;61.11111111;152.7777778;2.4
29061900;-8;-6;42;89;-7.7;-5.8;2.8;0.2;70.4;29.4;-3.5;-3.8;-3.5;-4.6;1;233.3333333;61.11111111;152.7777778;2.4
29062800;-8;-6;42;92;-7.7;-5.8;3.2;0.6;69.3;82.8;-3.3;-3.5;-3.3;-4.7;1.6;233.3333333;75;202.7777778;2.7
29063700;-7;-5;42;94;-7.6;-5.6;3.7;0.7;68.5;96.1;-2.9;-3.1;-3;-4.4;1.6;233.3333333;75;202.7777778;2.7
29064600;-7;-5;42;97;-7.2;-5.1;3.9;0.6;66.3;95.9;-2.4;-2.6;-2.5;-4;1.6;233.3333333;75;202.7777778;2.7
29065500;-7;-4;42;98;-6.7;-4.7;4.1;0.3;65.1;95.6;-2;-2.2;-2;-3.6;1.6;233.3333333;75;202.7777778;2.7
29066400;-6;-4;42;100;-6.3;-4.2;4.3;1;65.9;153.3;-1.5;-1.7;-1.5;-3.1;1.7;238.8888889;94.44444444;263.8888889;3.6
29067300;-6;-3;42;103;-5.9;-3.8;4.6;1.2;62.9;174.3;-1.1;-1.3;-1.1;-2.5;1.7;238.8888889;94.44444444;263.8888889;3.6
29068200;-5;-3;42;106;-5.4;-3.3;4.7;1.4;64.3;172.2;-0.6;-0.8;-0.6;-2;1.7;238.8888889;94.44444444;263.8888889;3.6
29069100;-5;-3;42;107;-5.2;-2.8;4.8;1.7;64.5;167.9;-0.3;-0.6;-0.4;-1.7;1.7;238.8888889;94.44444444;263.8888889;3.6
29070000;-5;-2;42;107;-5;-2.8;4.9;2.3;64.3;186.4;-0.1;-0.3;-0.1;-1.4;2;261.1111111;166.6666667;241.6666667;4.1
29070900;-4;-2;43;109;-4.7;-2.4;5.1;2.5;63.4;193.1;0.2;-0.1;0.2;-1.1;2;261.1111111;166.6666667;241.6666667;4.1
29071800;-4;-2;42;109;-4.3;-2.3;5.2;2.5;63.1;193.1;0.3;0.1;0.2;-1;2;261.1111111;166.6666667;241.6666667;4.1
29072700;-5;-2;42;108;-4.5;-2.3;5.3;2.4;64.3;193.1;0;-0.2;-0.1;-1.2;2;261.1111111;166.6666667;241.6666667;4.1
29073600;-5;-2;42;108;-4.7;-2.3;5.6;2.8;62.8;207.3;-0.1;-0.2;-0.1;-1.2;2.4;250;116.6666667;222.2222222;3.3
29074500;-5;-2;42;108;-4.7;-2.3;5.3;2.9;63;212.5;0;-0.2;0;-1.2;2.4;250;116.6666667;222.2222222;3.3
29075400;-4;-2;42;110;-4.7;-2.3;5.3;2.7;62.1;212.5;0.4;0;0.3;-1;2.4;250;116.6666667;222.2222222;3.3
29076300;-5;-2;42;107;-4.7;-2.3;5.2;2.2;62.8;212.5;0;-0.3;-0.1;-1.3;2.4;250;116.6666667;222.2222222;3.3
29077200;-5;-3;42;105;-4.7;-2.7;5.1;2.5;63.6;201.7;-0.5;-0.7;-0.5;-1.7;2.7;244.4444444;83.33333333;127.7777778;3.5
29078100;-5;-3;42;106;-5;-2.8;5;2.6;62.7;197.8;-0.5;-0.8;-0.6;-1.8;2.7;244.4444444;83.33333333;127.7777778;3.5
29079000;-5;-3;42;102;-5.2;-3;4.9;2.5;62.9;197.8;-0.9;-1.1;-1;-2.1;2.7;244.4444444;83.33333333;127.7777778;3.5
29079900;-6;-3;42;101;-5.6;-3.3;4.9;2.4;62.6;197.8;-1.3;-1.5;-1.3;-2.4;2.7;244.4444444;83.33333333;127.7777778;3.5
29080800;-6;-4;42;101;-5.7;-3.6;4.9;2.6;62.2;155;-1.5;-1.7;-1.4;-2.6;2.4;252.7777778;47.22222222;47.22222222;4
29081700;-6;-4;42;100;-5.7;-3.8;4.9;2.7;62;139.4;-1.6;-1.9;-1.6;-2.7;2.4;252.7777778;47.22222222;47.22222222;4
29082600;-6;-4;42;98;-6.2;-4.1;4.7;2.7;62.7;139.4;-2;-2.3;-2;-3;2.4;252.7777778;47.22222222;47.22222222;4
29083500;-7;-5;42;96;-6.5;-4.5;4.6;2.7;64.2;139.4;-2.5;-2.7;-2.4;-3.5;2.4;252.7777778;47.22222222;47.22222222;4
29084400;-7;-5;42;95;-6.8;-4.8;4.4;2.5;65.2;89.1;-2.8;-3.1;-2.8;-3.8;2.2;244.4444444;2.777777778;2.777777778;3.2
29085300;-7;-5;42;94;-7.2;-5.3;4.1;2.4;67.2;70.8;-3.2;-3.5;-3.3;-4.2;2.2;244.4444444;2.777777778;2.777777778;3.2
29086200;-8;-6;42;91;-7.7;-5.8;3.7;2.4;68.8;70.8;-3.6;-3.8;-3.5;-4.6;2.2;244.4444444;2.777777778;2.777777778;3.2
29087100;-8;-6;42;89;-7.9;-6.1;3.5;2.4;69.3;70.8;-4.1;-4.3;-4.1;-5.1;2.2;244.4444444;2.777777778;2.777777778;3.2
29088000;-8;-7;42;88;-8.2;-6.3;3.4;2.3;70.3;29.9;-4.4;-4.7;-4.4;-5.3;1.9;263.8888889;0;0;4.4
29088900;-8;-6;42;89;-8.2;-6.3;3.5;2.3;71;15;-4.3;-4.6;-4.3;-5.3;1.9;263.8888889;0;0;4.4
29089800;-8;-6;42;89;-8.2;-6.3;3.6;2.3;70.9;15;-4.3;-4.5;-4.2;-5.3;1.9;263.8888889;0;0;4.4
29090700;-8;-6;42;90;-8.2;-6.3;3.7;2.3;70.3;15;-4.1;-4.4;-4.1;-5.2;1.9;263.8888889;0;0;4.4
29091600;-8;-6;42;91;-8.2;-6.3;4.1;2.2;69.7;5;-3.8;-4;-3.8;-4.9;2.2;291.6666667;0;0;3
29092500;-8;-6;42;92;-8.2;-6.3;4.2;2.2;68.8;0;-3.6;-3.8;-3.6;-4.6;2.2;291.6666667;0;0;3
29093400;-8;-6;42;93;-8.2;-6.2;4.4;2.1;67.8;0;-3.6;-3.8;-3.6;-4.6;2.2;291.6666667;0;0;3
29094300;-8;-6;42;94;-7.7;-5.8;4.4;2;66.6;0;-3.4;-3.6;-3.5;-4.4;2.2;291.6666667;0;0;3
29095200;-8;-6;42;94;-7.7;-5.8;4.3;1.7;64.8;0;-3.4;-3.6;-3.4;-4.3;2;297.2222222;0;0;3.2
29096100;-8;-6;42;91;-7.7;-5.8;4.4;1.6;64;0;-3.5;-3.6;-3.4;-4.3;2;297.2222222;0;0;3.2
29097000;-8;-6;42;93;-7.7;-5.8;4.5;1.6;63;0;-3.5;-3.6;-3.4;-4.3;2;297.2222222;0;0;3.2
29097900;-8;-6;42;94;-7.7;-5.8;4.6;1.5;62.2;0;-3.5;-3.6;-3.4;-4.4;2;297.2222222;0;0;3.2
29098800;-8;-6;42;94;-7.7;-5.8;4.8;1.6;61.9;0;-3.4;-3.5;-3.3;-4.4;2.3;311.1111111;0;0;3.1
29099700;-7;-5;42;95;-7.7;-5.8;4.8;1.6;60.4;0;-3.2;-3.4;-3.2;-4.1;2.3;311.1111111;0;0;3.1
29100600;-7;-5;42;95;-7.7;-5.8;4.8;1.8;60.8;0;-3.2;-3.4;-3.1;-4;2.3;311.1111111;0;0;3.1
29101500;-7;-5;42;95;-7.7;-5.8;5;2.2;60.7;0;-3.1;-3.3;-3.1;-4;2.3;311.1111111;0;0;3.1
29102400;-7;-5;42;95;-7.7;-5.4;5.1;2;61;0;-3;-3.3;-3.1;-3.9;2.5;313.8888889;0;0;3.4
29103300;-7;-5;42;96;-7.2;-5.3;5.1;1.9;60.2;0;-2.8;-3.1;-2.9;-3.8;2.5;313.8888889;0;0;3.4
29104200;-7;-5;42;95;-7.2;-5.3;5.1;1.8;60.2;0;-2.7;-2.9;-2.7;-3.7;2.5;313.8888889;0;0;3.4
29105100;-7;-5;42;95;-7.2;-5.3;5.2;1.7;60;0;-2.7;-2.9;-2.7;-3.6;2.5;313.8888889;0;0;3.4
29106000;-7;-5;42;96;-7.2;-5.3;5.3;1.8;59.7;0;-2.7;-2.9;-2.7;-3.6;2.2;316.6666667;0;0;2.6
29106900;-7;-5;42;96;-7.2;-5.3;5.2;1.8;59.9;0;-2.7;-2.9;-2.8;-3.7;2.2;316.6666667;0;0;2.6
29107800;-7;-5;42;97;-7.2;-5.3;5.3;2;61.5;0;-2.6;-2.8;-2.6;-3.6;2.2;316.6666667;0;0;2.6
29108700;-7;-5;42;97;-6.8;-4.8;4.9;2.3;66.2;0;-2.4;-2.7;-2.4;-3.5;2.2;316.6666667;0;0;2.6
29109600;-7;-5;42;97;-6.7;-4.8;5;2.3;64.6;0;-2.5;-2.7;-2.5;-3.5;3;319.4444444;0;0;2.8
29110500;-7;-5;42;95;-6.7;-4.8;5.2;2.3;62.9;0;-2.5;-2.7;-2.5;-3.5;3;319.4444444;0;0;2.8
29111400;-7;-5;42;96;-6.7;-4.8;5.3;2.4;61.4;0;-2.5;-2.7;-2.5;-3.5;3;319.4444444;0;0;2.8
29112300;-7;-5;42;94;-6.7;-4.8;5.45;3.7;61;0;-2.55;-2.75;-2.55;-3.5;3;319.4444444;0;0;2.8
29113200;-7;-5;42;92;-6.7;-4.8;5.6;5;60.6;0;-2.6;-2.8;-2.6;-3.5;3.1;322.2222222;0;0;2.2
29114100;-7;-5;42;95;-6.7;-4.8;5.6;6.2;60.8;0;-2.5;-2.7;-2.5;-3.4;3.1;322.2222222;0;0;2.2
29115000;-7;-5;42;97;-6.7;-4.8;5.7;6.2;61.4;0;-2.5;-2.7;-2.5;-3.5;3.1;322.2222222;0;0;2.2
29115900;-7;-5;42;96;-6.7;-4.8;5.7;6.2;61.1;0;-2.5;-2.7;-2.5;-3.5;3.1;322.2222222;0;0;2.2
29116800;-7;-5;42;96;-6.7;-4.8;5.7;5.9;61.1;0;-2.4;-2.7;-2.5;-3.5;2.7;322.2222222;0;0;1.7
29117700;-7;-5;42;96;-6.7;-4.8;5.8;5.8;61.4;0;-2.6;-2.8;-2.6;-3.6;2.7;322.2222222;0;0;1.7
29118600;-7;-5;42;95;-6.7;-4.8;5.9;5.8;60.9;0;-2.7;-3;-2.8;-3.6;2.7;322.2222222;0;0;1.7
29119500;-7;-5;43;94;-6.9;-4.9;5.9;5.8;61;0;-2.9;-3.1;-2.9;-3.9;2.7;322.2222222;0;0;1.7
29120400;-7;-5;43;95;-7.2;-5.3;5.9;5.7;61.9;0;-3.1;-3.3;-3.1;-3.9;2.5;322.2222222;0;0;2
29121300;-7;-5;42;90;-7.2;-5.3;5.8;5.7;63;0;-3.2;-3.4;-3.2;-4;2.5;322.2222222;0;0;2
29122200;-7;-5;43;94;-7.2;-5.3;5.8;5.7;67.6;0;-2.8;-3;-2.7;-3.6;2.5;322.2222222;0;0;2
29123100;-6;-4;42;101;-6.6;-4.5;5.8;5.7;73.1;0;-1.9;-2;-1.8;-2.7;2.5;322.2222222;0;0;2
29124000;-5;-3;42;106;-5.6;-3.5;5.8;4.6;76.4;0;-0.9;-1;-0.8;-1.8;1.8;322.2222222;0;0;2.2
29124900;-5;-3;42;106;-5.2;-3.3;5.6;4;77.7;0;-0.9;-1;-0.8;-1.7;1.8;322.2222222;0;0;2.2
29125800;-6;-3;42;104;-5.2;-3.3;5.6;3.5;79.3;0;-1.2;-1.3;-1.1;-2;1.8;322.2222222;0;0;2.2
29126700;-6;-3;42;103;-5.6;-3.3;5.6;3.2;80.4;0;-1.3;-1.5;-1.3;-2.2;1.8;322.2222222;0;0;2.2
29127600;-6;-4;42;103;-5.7;-3.3;5.2;3.2;80.4;0;-1.4;-1.6;-1.4;-2.3;1.5;322.2222222;0;0;2.3
29128500;-6;-4;42;102;-5.7;-3.8;5.1;3.2;80.9;0;-1.5;-1.8;-1.6;-2.4;1.5;322.2222222;0;0;2.3
29129400;-6;-4;42;101;-5.7;-3.8;5;2.9;83.4;0;-1.7;-1.9;-1.7;-2.5;1.5;322.2222222;0;0;2.3
29130300;-6;-4;42;99;-5.7;-3.8;4.8;2.6;84;0;-1.7;-1.9;-1.7;-2.6;1.5;322.2222222;0;0;2.3
29131200;-6;-4;42;101;-5.7;-3.8;4.7;3;85.5;0;-1.6;-1.8;-1.6;-2.5;1.8;325;0;0;2.9
29132100;-6;-4;42;103;-5.7;-3.8;4.6;3.1;86.4;0;-1.5;-1.7;-1.5;-2.4;1.8;325;0;0;2.9
29133000;-6;-4;42;101;-5.7;-3.8;4.4;2.8;88.7;0;-1.6;-1.9;-1.6;-2.5;1.8;325;0;0;2.9
29133900;-6;-4;42;101;-5.7;-3.8;4.3;2.3;89.3;0;-1.6;-1.9;-1.6;-2.6;1.8;325;0;0;2.9
29134800;-6;-4;42;102;-5.7;-3.8;4.5;2.5;90;0;-1.5;-1.7;-1.5;-2.4;2.2;325;0;0;5.3
29135700;-6;-4;42;103;-5.7;-3.8;4.6;2.6;89.8;0;-1.4;-1.6;-1.4;-2.2;2.2;325;0;0;5.3
29136600;-6;-3;42;103;-5.7;-3.8;4.5;2.1;89.4;0;-1.3;-1.6;-1.4;-2.3;2.2;325;0;0;5.3
29137500;-6;-4;42;102;-5.7;-3.8;4.8;1.8;89.4;0;-1.4;-1.7;-1.4;-2.3;2.2;325;0;0;5.3
29138400;-6;-4;42;100;-5.7;-3.8;4.9;2.1;89.1;0;-1.6;-1.9;-1.6;-2.4;2.5;327.7777778;0;0;5.8
29139300;-6;-3;42;104;-5.7;-3.7;4.9;2.2;89.7;0;-1.2;-1.4;-1.2;-2;2.5;327.7777778;0;0;5.8
29140200;-5;-3;42;105;-5.6;-3.3;5.1;2.2;90.8;0;-0.8;-1.1;-0.8;-1.8;2.5;327.7777778;0;0;5.8
29141100;-5;-3;42;107;-5.2;-2.9;5.2;2.1;91.1;0;-0.5;-0.7;-0.5;-1.5;2.5;327.7777778;0;0;5.8
29142000;-5;-3;42;106;-5.2;-2.8;5.2;2.2;91.1;0;-0.7;-0.9;-0.6;-1.7;3.1;330.5555556;8.333333333;8.333333333;4.4
29142900;-5;-3;42;105;-5.2;-2.8;5.4;2.3;91.1;0;-0.9;-1.1;-0.8;-1.9;3.1;330.5555556;8.333333333;8.333333333;4.4
29143800;-5;-3;42;106;-5.2;-2.8;5.5;2.2;91.5;0;-0.7;-1;-0.7;-1.7;3.1;330.5555556;8.333333333;8.333333333;4.4
29144700;-5;-3;42;108;-5.2;-2.8;5.7;2.2;91.8;0;-0.4;-0.6;-0.4;-1.4;3.1;330.5555556;8.333333333;8.333333333;4.4
29145600;-5;-2;42;108;-5.2;-2.8;6;2.7;92.5;4.3;-0.3;-0.6;-0.4;-1.3;4.2;336.1111111;33.33333333;33.33333333;3.5
29146500;-5;-2;42;108;-5.2;-2.8;6.3;2.8;92.6;5;-0.3;-0.6;-0.3;-1.3;4.2;336.1111111;33.33333333;33.33333333;3.5
29147400;-5;-3;42;107;-5.2;-2.8;6.6;2.8;92.6;5;-0.5;-0.8;-0.6;-1.5;4.2;336.1111111;33.33333333;33.33333333;3.5
29148300;-5;-3;42;105;-5.2;-2.8;7;2.9;92.6;5;-0.5;-0.9;-0.6;-1.6;4.2;336.1111111;33.33333333;33.33333333;3.5
29149200;-5;-3;42;106;-5.2;-2.8;7.3;3.5;92.3;16.9;-0.6;-0.9;-0.6;-1.6;5.3;338.8888889;61.11111111;61.11111111;3
29150100;-5;-3;42;106;-5.2;-2.8;7.6;3.8;92.1;22.9;-0.6;-0.8;-0.6;-1.6;5.3;338.8888889;61.11111111;61.11111111;3
29151000;-5;-3;42;108;-5.2;-2.8;7.9;3.8;92;22.9;-0.4;-0.7;-0.5;-1.4;5.3;338.8888889;61.11111111;61.11111111;3
29151900;-5;-3;42;108;-5.2;-2.8;8.2;3.8;92.1;22.9;-0.3;-0.6;-0.5;-1.3;5.3;338.8888889;61.11111111;61.11111111;3
29152800;-5;-2;42;109;-5;-2.8;8.5;4.9;91.8;53.5;-0.1;-0.5;-0.3;-1.2;6.8;341.6666667;97.22222222;97.22222222;3.1
29153700;-4;-2;42;110;-4.7;-2.4;8.7;5.1;92;58.2;0.2;-0.1;0.1;-0.8;6.8;341.6666667;97.22222222;97.22222222;3.1
29154600;-4;-2;43;112;-4.4;-2.2;8.8;5.1;92;56.1;0.5;0.1;0.4;-0.6;6.8;341.6666667;97.22222222;97.22222222;3.1
29155500;-4;-2;42;113;-4.2;-1.8;9.2;5.2;92.1;53.7;0.7;0.4;0.6;-0.4;6.8;341.6666667;97.22222222;97.22222222;3.1
29156400;-4;-2;43;114;-4;-1.7;9.8;6.3;92.3;56.4;1.1;0.7;0.9;-0.1;8.9;344.4444444;77.77777778;77.77777778;7.2
29157300;-3;-2;43;115;-3.7;-1.3;10.3;6.5;92.1;56.8;1.5;1.1;1.3;0.2;8.9;344.4444444;77.77777778;77.77777778;7.2
29158200;-3;-1;43;119;-3.2;-0.8;10.5;6.5;91.6;56.8;1.9;1.6;1.8;0.6;8.9;344.4444444;77.77777778;77.77777778;7.2
29159100;-3;0;43;121;-2.8;-0.3;10.4;6.4;91.6;56.8;2.3;2;2.2;1;8.9;344.4444444;77.77777778;77.77777778;7.2
29160000;-2;0;43;122;-2.7;-0.2;10.7;7;91.8;63.9;2.6;2.2;2.4;1.2;9.2;341.6666667;75;75;6.4
29160900;-2;0;43;123;-2.7;0.2;10.8;7.1;91.6;65;2.7;2.3;2.6;1.3;9.2;341.6666667;75;75;6.4
29161800;-2;0;43;123;-2.4;0.2;10.9;7.2;91.3;65;2.8;2.5;2.7;1.4;9.2;341.6666667;75;75;6.4
29162700;-2;0;43;124;-2.2;0.2;10.8;7.3;91.2;65;2.9;2.6;2.8;1.5;9.2;341.6666667;75;75;6.4
29163600;-2;0;43;123;-2.1;0.3;10.9;7.7;91.5;51.7;3.1;2.8;3;1.6;9.2;347.2222222;19.44444444;19.44444444;6.3
29164500;-2;0;43;124;-1.7;0.7;10.7;7.8;91.4;49.7;3.2;2.9;3.2;1.8;9.2;347.2222222;19.44444444;19.44444444;6.3
29165400;-2;0;43;125;-1.7;0.7;10.7;8.5;91.1;49.7;3.3;3;3.2;1.9;9.2;347.2222222;19.44444444;19.44444444;6.3
29166300;-2;0;43;126;-1.7;0.7;10.6;9.3;91.3;49.7;3.3;3;3.2;1.9;9.2;347.2222222;19.44444444;19.44444444;6.3
29167200;-2;0;43;126;-1.7;0.7;10.5;9.1;91.1;34.5;3.3;3;3.2;2;8.6;350;2.777777778;2.777777778;5.4
29168100;-2;0;43;127;-1.7;0.7;10.3;9.1;91.4;32.2;3.4;3.1;3.3;2.1;8.6;350;2.777777778;2.777777778;5.4
29169000;-2;0;43;127;-1.7;0.7;10.4;9.1;91.5;32.2;3.4;3.1;3.3;2.1;8.6;350;2.777777778;2.777777778;5.4
29169900;-2;0;43;127;-1.7;0.7;10.4;9.1;91.1;32.2;3.4;3.1;3.3;2.1;8.6;350;2.777777778;2.777777778;5.4
29170800;-2;0;43;126;-1.7;0.7;10.4;8.9;91.1;18.9;3.3;2.9;3.3;2;8.6;333.3333333;0;0;4.7
29171700;-2;0;43;126;-1.7;0.7;10.3;8.8;90.8;14;3.2;2.9;3.1;1.9;8.6;333.3333333;0;0;4.7
29172600;-2;0;43;126;-1.7;0.7;10;8.9;91;14;3.2;2.9;3.1;1.9;8.6;333.3333333;0;0;4.7
29173500;-2;0;43;125;-1.7;0.7;10.2;9;91.1;14;3.2;2.9;3.1;1.9;8.6;333.3333333;0;0;4.7
29174400;-2;0;43;125;-1.7;0.7;10.2;8.5;91.1;5.5;3.1;2.8;3;1.9;8.8;322.2222222;0;0;4.5
29175300;-2;0;43;123;-1.9;0.7;10.1;8.5;90.7;4.9;2.7;2.4;2.7;1.6;8.8;322.2222222;0;0;4.5
29176200;-3;0;43;120;-2.4;0.1;9.9;8.3;90.6;4.9;2.1;1.8;2.1;1.1;8.8;322.2222222;0;0;4.5
29177100;-3;0;43;111;-2.6;-0.3;9.8;8.1;90.6;4.9;1.9;1.5;1.8;0.9;8.8;322.2222222;0;0;4.5
29178000;-3;0;43;109;-2.5;-0.3;9.9;8.2;90.6;1;2;1.8;2.2;1.2;8.8;336.1111111;0;0;3
29178900;-3;0;43;119;-2.7;-0.3;10;8.2;90.6;0;1.8;1.5;1.9;0.9;8.8;336.1111111;0;0;3
29179800;-3;0;43;120;-2.7;-0.3;10;8.4;90.6;0;2.1;1.5;1.9;0.9;8.8;336.1111111;0;0;3
29180700;-3;0;43;122;-2.7;-0.3;9.9;8.6;90.6;0;2.4;1.8;2.2;1.2;8.8;336.1111111;0;0;3
29181600;-2;0;43;116;-2.1;0.2;9.7;8.4;90.4;0;3;2.5;2.8;1.7;6.9;325;0;0;3
29182500;-2;0;43;125;-1.7;0.7;9.1;8.3;90;0;3.1;2.8;3;2;6.9;325;0;0;3
29183400;-2;0;43;126;-1.7;0.7;8.6;8.4;90;0;3;2.6;2.9;1.9;6.9;325;0;0;3
29184300;-2;0;43;125;-1.7;0.7;8.5;8.6;90.3;0;2.8;2.5;2.8;1.7;6.9;325;0;0;3
29185200;-2;0;43;125;-2.2;0.7;8.4;8.2;89.8;0;2.9;2.5;2.8;1.8;6.2;330.5555556;0;0;4.3
29186100;-2;0;43;120;-1.8;0.7;8.5;8.1;88.5;0;2.8;2.5;2.8;1.7;6.2;330.5555556;0;0;4.3
29187000;-2;0;43;124;-2.2;0.7;8.7;8.2;80.4;0;2.6;2.3;2.6;1.6;6.2;330.5555556;0;0;4.3
29187900;-2;0;43;111;-2;0.3;8.4;8.4;77.4;0;2.6;2.3;2.6;1.6;6.2;330.5555556;0;0;4.3
29188800;-2;0;43;123;-2.2;0.2;8;7.5;77.3;0;2.7;2.3;2.6;1.6;5.1;313.8888889;0;0;3.7
29189700;-2;0;43;121;-2.2;0.2;7.8;7.3;76.7;0;2.4;2.1;2.4;1.4;5.1;313.8888889;0;0;3.7
29190600;-2;0;43;121;-2.2;0.2;7.5;6.7;77.7;0;2.3;2;2.3;1.3;5.1;313.8888889;0;0;3.7
29191500;-3;0;43;120;-2.7;0;7.4;5.9;77.8;0;2;1.7;2;1;5.1;313.8888889;0;0;3.7
29192400;-3;0;43;118;-2.8;-0.4;7.2;5.4;76.1;0;1.7;1.3;1.6;0.7;4.8;294.4444444;0;0;3
29193300;-3;0;43;116;-3.2;-0.8;6.8;5.3;75.6;0;1.2;0.9;1.2;0.2;4.8;294.4444444;0;0;3
29194200;-4;0;43;115;-3.5;-1.2;6.8;5.3;75.1;0;1.1;0.7;1;0.1;4.8;294.4444444;0;0;3
29195100;-4;0;43;113;-3.7;-1.3;6.8;5.4;75;0;0.9;0.5;0.9;-0.1;4.8;294.4444444;0;0;3
29196000;-4;-2;43;112;-3.8;-1.6;6.8;5;75.1;0;0.5;0.2;0.5;-0.5;2.9;294.4444444;0;0;3.4
29196900;-4;-2;43;111;-4.2;-1.8;6.7;4.9;73.5;0;0.5;0;0.4;-0.6;2.9;294.4444444;0;0;3.4
29197800;-4;-2;43;89;-3.8;-1.8;6.7;4.7;71.4;0;0.5;0.2;0.5;-0.6;2.9;294.4444444;0;0;3.4
29198700;-3;-1;30;63.5;-2.95;-1.35;6.5;4.45;72.65;0;0.8;0.55;0.85;-0.35;2.9;294.4444444;0;0;3.4
29199600;-2;0;17;38;-2.1;-0.9;6.3;4.2;73.9;0;1.1;0.9;1.2;-0.1;3.7;291.6666667;0;0;2.4
29200500;-2;0;0;0;-1.1;-0.5;6.4;4.2;74.4;0;1.8;1.8;2.1;0.3;3.7;291.6666667;0;0;2.4
29201400;-2;0;0;0;-0.9;0.2;5.5;4.2;83.7;0;2.2;2.5;3;0.8;3.7;291.6666667;0;0;2.4
29202300;-1;0;0;0;-0.6;0.2;5.1;4.2;86.4;0;2.7;3.1;3.3;1.2;3.7;291.6666667;0;0;2.4
29203200;0;0;0;0;-0.2;0.3;5.3;3.6;86.1;0;3.1;3.5;3.4;1.5;3.6;297.2222222;0;0;1.9
29204100;0;0;0;0;0;0.7;5.6;3.5;84.9;0;3.6;3.9;3.7;1.8;3.6;297.2222222;0;0;1.9
29205000;0;0;0;0;0.4;0.9;5.8;3.5;84;0;4;4.2;4;2.2;3.6;297.2222222;0;0;1.9
29205900;0;0;23;13;0.8;1.2;5.8;3.5;83.2;0;3.7;3.6;3.7;2.4;3.6;297.2222222;0;0;1.9
29206800;0;0;0;0;0.8;1.2;5.8;3.2;82.8;0;3.6;3.3;3.6;2.4;3.4;302.7777778;0;0;2.4
29207700;0;1;0;0;1.2;1.5;5.9;3.2;81.6;0;4.1;3.5;3.8;2.8;3.4;302.7777778;0;0;2.4
29208600;0;3;17;23;1.1;3.3;6;3.2;79.9;0;4.1;3.5;3.9;2.9;3.4;302.7777778;0;0;2.4
29209500;0;0;6;2;0.8;1.2;6.1;3.2;79.8;0;3.5;3.1;3.5;2.4;3.4;302.7777778;0;0;2.4
29210400;0;1;0;0;1.2;1.3;5.9;3.1;80;0;4;3.4;3.8;2.8;3.4;286.1111111;0;0;3.4
29211300;0;1;11;14;1.3;1.7;5.8;3.1;79.7;0;4.2;3.5;3.9;3;3.4;286.1111111;0;0;3.4
29212200;0;0;12;6;0.7;1.3;5.4;3.2;80.2;0;3.4;3;3.4;2.3;3.4;286.1111111;0;0;3.4
29213100;0;0;0;0;1.2;1.2;5.4;3.3;80.8;0;3.8;3.2;3.6;2.6;3.4;286.1111111;0;0;3.4
29214000;0;1;0;0;1.5;1.6;5.8;3;79.4;0;4.2;3.3;3.8;3;3.4;288.8888889;0;0;2.6
29214900;1;1;20;21;1.3;1.7;6;2.9;77.5;0;4.1;3.4;3.8;3;3.4;288.8888889;0;0;2.6
29215800;0;0;3;1;0.9;1.2;6;2.9;77.1;0;3.6;3.1;3.5;2.5;3.4;288.8888889;0;0;2.6
29216700;0;2;0;0;1.2;2.9;5.7;3;77.1;0;4;3.2;3.6;2.8;3.4;288.8888889;0;0;2.6
29217600;1;4;0;0;1.7;4.2;5.1;3;78.7;0;4.2;3.2;3.7;3.2;3;280.5555556;0;0;3
29218500;1;2;2;3;1.8;3.8;5;3;79.4;0;4.4;3.2;3.6;3.6;3;280.5555556;0;0;3
29219400;0;0;20;18;1;1.4;5.4;3.2;78.7;0;3.4;3;3.4;2.4;3;280.5555556;0;0;3
29220300;0;0;0;0;1.1;1.2;5.7;3.5;78;0;3.8;3.2;3.6;2.6;3;280.5555556;0;0;3
29221200;0;1;0;0;1.5;1.6;5.4;3.4;77.9;0;4.2;3.4;3.8;3;2.3;258.3333333;0;0;3.1
29222100;1;1;0;0;1.6;1.8;4.8;3.4;79.4;0;4.3;3.4;3.7;3.3;2.3;258.3333333;0;0;3.1
29223000;1;1;0;0;2.1;2.2;4.4;3.4;81;0;4.4;3.3;3.7;3.7;2.3;258.3333333;0;0;3.1
29223900;1;1;17;16;1.6;2.1;4.4;3.4;81.8;0;4;3;3.5;3.2;2.3;258.3333333;0;0;3.1
29224800;0;1;6;0;0.8;1.4;4.4;3.3;81.5;0;3.1;2.6;3.1;2.1;2.1;247.2222222;2.777777778;2.777777778;3.1
29225700;0;4;0;0;1.1;4.1;4.6;3.3;81.2;0;3.4;2.7;3.1;2.5;2.1;247.2222222;2.777777778;2.777777778;3.1
29226600;0;4;0;0;1.5;4.6;4.6;3.1;80.4;0;3.7;2.8;3.2;2.8;2.1;247.2222222;2.777777778;2.777777778;3.1
29227500;1;4;0;0;1.7;5.1;4.4;2.9;80.1;0;3.9;2.8;3.3;3.1;2.1;247.2222222;2.777777778;2.777777778;3.1
29228400;1;3;0;0;2.1;4.8;4.4;2.7;80.2;0;4;2.8;3.2;3.5;2;258.3333333;25;36.11111111;2.5
29229300;-1;1;38;89;-0.8;1.5;4.3;2.7;80.2;0;2.8;2.3;2.7;2.1;2;258.3333333;25;36.11111111;2.5
29230200;-3;0;43;102;-2.9;-0.7;4.4;2.4;80.2;0;1.1;0.9;1.2;0.5;2;258.3333333;25;36.11111111;2.5
29231100;-4;-2;43;98;-3.9;-1.7;4.2;2;80.4;0;0.1;-0.1;0.2;-0.5;2;258.3333333;25;36.11111111;2.5
29232000;-5;-2;42;106;-4.6;-2.4;4.4;2.1;80.5;13.6;-0.4;-0.8;-0.4;-1.2;3.7;252.7777778;66.66666667;152.7777778;1
29232900;-5;-3;42;104;-5.1;-2.9;4.7;2.1;79.8;18.5;-0.8;-1.1;-0.8;-1.7;3.7;252.7777778;66.66666667;152.7777778;1
29233800;-5;-3;42;106;-5.1;-2.9;5;2.1;79.1;18.5;-0.6;-0.9;-0.6;-1.7;3.7;252.7777778;66.66666667;152.7777778;1
29234700;-4;-2;42;109;-4.8;-2.6;5.6;2.1;77.2;18.5;0.2;-0.1;0.2;-1.1;3.7;252.7777778;66.66666667;152.7777778;1
29235600;-4;-2;42;110;-4.6;-2.4;5.7;2.4;75.9;63.2;0.3;0.1;0.3;-0.8;3.7;280.5555556;125;138.8888889;1.7
29236500;-4;-2;43;112;-4.6;-2;5.8;2.5;75.2;74.4;0.4;0.2;0.4;-0.7;3.7;280.5555556;125;138.8888889;1.7
29237400;-4;-2;43;115;-4;-1.7;6.5;2.5;74.8;75.5;1;0.7;0.9;-0.2;3.7;280.5555556;125;138.8888889;1.7
29238300;-3;-1;43;120;-3.3;-0.8;7.6;2.4;71.7;77.8;2;1.6;1.9;0.6;3.7;280.5555556;125;138.8888889;1.7
29239200;-2;0;43;128;-2.1;0.5;8.1;2.9;69.7;129.1;3.4;3;3.2;1.8;4.9;277.7777778;136.1111111;236.1111111;1.3
29240100;-2;1;43;132;-1.4;1.3;8.4;3.1;68.4;147.7;4.2;3.9;3.9;2.6;4.9;277.7777778;136.1111111;236.1111111;1.3
29241000;-2;1;43;133;-0.7;2;8.7;3.5;65.6;151.7;4.5;4.2;4.3;3;4.9;277.7777778;136.1111111;236.1111111;1.3
29241900;-2;1;43;134;-0.6;2.1;8.8;4.3;64.8;159.8;4.6;4.3;4.4;3.1;4.9;277.7777778;136.1111111;236.1111111;1.3
29242800;0;1;43;134;-0.6;2.1;8.5;4.5;64.7;190.7;4.8;4.4;4.6;3.3;5.9;272.2222222;130.5555556;325;0.8
29243700;0;1;43;131;-0.6;2.1;8.4;4.6;65.2;201.9;4.4;4.1;4.3;3;5.9;272.2222222;130.5555556;325;0.8
29244600;0;1;43;129;-0.9;1.8;8.1;4.4;63.7;201.9;4;3.6;3.9;2.7;5.9;272.2222222;130.5555556;325;0.8
29245500;0;1;43;130;-1.1;1.6;7.8;4.1;64.5;201.9;3.9;3.6;3.8;2.7;5.9;272.2222222;130.5555556;325;0.8
29246400;0;1;43;128;-1.2;1.5;7.4;4.2;66.4;199.3;3.6;3.2;3.5;2.4;5.6;277.7777778;100;219.4444444;1.4
29247300;-2;0;43;126;-1.6;1.1;7.2;4.2;68.1;198.4;3.3;2.8;3.1;2.1;5.6;277.7777778;100;219.4444444;1.4
29248200;-2;0;43;126;-1.6;1.1;7.7;4.5;67.8;198.4;3.3;2.9;3.1;2;5.6;277.7777778;100;219.4444444;1.4
29249100;-2;0;43;125;-1.6;0.9;7.9;5;65.5;198.4;3;2.7;3;1.8;5.6;277.7777778;100;219.4444444;1.4
29250000;-2;0;43;125;-2.1;0.6;8;5;65.2;164.4;3;2.7;2.9;1.8;5;297.2222222;125;188.8888889;1.1
29250900;-2;0;43;127;-1.8;0.9;8.3;5;62.7;152;3.6;3.3;3.3;2.2;5;297.2222222;125;188.8888889;1.1
29251800;-2;0;43;127;-1.6;1.1;8.5;5.3;61.4;152;3.7;3.4;3.6;2.4;5;297.2222222;125;188.8888889;1.1
29252700;-2;0;43;126;-1.6;1.1;8.8;6;61.3;152;3.5;3.2;3.4;2.2;5;297.2222222;125;188.8888889;1.1
29253600;-2;0;43;123;-1.8;0.8;8.8;5.5;60.6;104.9;2.7;2.6;2.8;1.7;3.8;286.1111111;41.66666667;44.44444444;0.9
29254500;-2;0;43;121;-2.1;0.2;8.6;5.3;62.5;87.8;2.3;2.1;2.4;1.4;3.8;286.1111111;41.66666667;44.44444444;0.9
29255400;-3;0;43;119;-2.4;0;7.8;5.2;67;87.8;2.2;1.7;2.1;1;3.8;286.1111111;41.66666667;44.44444444;0.9
29256300;-3;0;43;115;-3.1;-0.7;7.1;5.1;70.1;87.8;1.3;0.9;1.2;0.2;3.8;286.1111111;41.66666667;44.44444444;0.9
29257200;-4;-1;43;108;-3.9;-1.6;6.6;4.7;72.4;56.2;0.3;0;0.3;-0.6;2.8;269.4444444;0;2.777777778;1.2
29258100;-4;-2;35;79;-4.1;-2.4;6.4;4.5;73.8;44.7;-0.4;-0.5;-0.2;-1.2;2.8;269.4444444;0;2.777777778;1.2
29259000;-3;-2;0;0;-2.5;-2.4;6.2;4.5;75.5;44.7;0.1;0;0.6;-1;2.8;269.4444444;0;2.777777778;1.2
29259900;-2;-2;0;0;-2.5;-2;5.8;4.6;76.6;44.7;0.7;0.9;1.1;-0.6;2.8;269.4444444;0;2.777777778;1.2
29260800;-2;1;0;0;-2.1;1.3;5.6;4.1;77.4;19.7;1.2;1.8;1.5;-0.2;2.3;294.4444444;0;0;0.7
29261700;-2;1;0;0;-1.8;1.7;5.6;3.9;77.6;10.6;1.7;2.5;2;0.3;2.3;294.4444444;0;0;0.7
29262600;-2;0;0;0;-1.4;1.2;5.8;3.7;77;10.6;2.2;3;2.4;0.7;2.3;294.4444444;0;0;0.7
29263500;-2;0;0;0;-1;0.7;5.9;3.2;76.4;10.6;2.6;3.3;2.8;1.1;2.3;294.4444444;0;0;0.7
29264400;-2;0;0;0;-0.6;0.7;5.8;2.8;76.3;2.8;3;3.5;3.1;1.4;2;288.8888889;0;0;1.3
29265300;-2;0;0;0;-0.2;0.8;5.6;2.7;77;0;3.3;3.6;3.3;1.8;2;288.8888889;0;0;1.3
29266200;-1;0;0;0;0.2;1.2;5.4;2.6;77.6;0;3.6;3.6;3.3;2.2;2;288.8888889;0;0;1.3
29267100;0;0;0;0;0.7;1.3;5.4;2.3;77.1;0;3.7;3.6;3.5;2.6;2;288.8888889;0;0;1.3
29268000;0;1;0;0;1.2;1.7;4.9;2;78.3;0;3.7;3.5;3.8;3;1.8;288.8888889;0;0;2
29268900;0;3;0;0;1.7;3;4.7;1.9;78.7;0;3.7;3.4;4.2;3.4;1.8;288.8888889;0;0;2
29269800;0;1;23;16;1.1;1.8;4.7;1.9;79.1;0;3.1;2.8;3.3;2.4;1.8;288.8888889;0;0;2
29270700;0;0;0;0;0.9;0.7;4.9;1.9;79.6;0;3.1;2.8;3.2;2.1;1.8;288.8888889;0;0;2
29271600;0;0;0;0;1.3;1.2;5.2;1.5;78.9;0;3.2;3;3.4;2.5;2.1;302.7777778;0;0;1.8
29272500;0;1;0;0;1.5;1.6;5.3;1.4;78.8;0;3.4;3.3;3.5;2.8;2.1;302.7777778;0;0;1.8
29273400;1;1;0;0;1.8;1.9;5.1;1.4;78.9;0;3.5;3.6;3.6;3.1;2.1;302.7777778;0;0;1.8
29274300;1;1;0;0;2;2.2;5.2;1.5;79;0;3.5;4;3.6;3.4;2.1;302.7777778;0;0;1.8
29275200;1;1;19;17;1.7;2.3;5.3;1.4;78.6;0;3.5;3.9;3.6;3.2;2.2;302.7777778;0;0;1.3
29276100;0;0;3;1;0.9;1.2;5.3;1.4;78.7;0;3.2;3;3.3;2.4;2.2;302.7777778;0;0;1.3
29277000;0;1;0;0;1.3;1.4;5.2;1.5;79.1;0;3.5;3.1;3.4;2.7;2.2;302.7777778;0;0;1.3
29277900;0;4;0;0;1.6;3.9;5.2;1.6;79.1;0;3.5;3.1;3.5;3.1;2.2;302.7777778;0;0;1.3
29278800;1;3;0;0;1.8;4.6;5.2;1.5;79.6;0;3.7;3.1;3.6;3.5;2;297.2222222;0;0;1.3
29279700;1;3;0;0;2.2;4;5.1;1.4;79.6;0;3.8;3.1;3.7;3.8;2;297.2222222;0;0;1.3
29280600;1;3;0;0;2.4;3.7;5.1;1.6;79.6;0;4;3.2;3.7;4.1;2;297.2222222;0;0;1.3
29281500;0;0;21;17;0.9;1.7;5.1;2;79.9;0;3.3;2.9;3.4;2.5;2;297.2222222;0;0;1.3
29282400;0;0;0;0;1.2;1.2;5.2;2;79.9;0;3.2;2.9;3.3;2.5;1.9;297.2222222;0;0;1.4
29283300;0;1;0;0;1.5;1.5;5.3;2;80.1;0;3.4;3;3.5;2.9;1.9;297.2222222;0;0;1.4
29284200;1;1;0;0;1.7;1.9;5.4;2;79.6;0;3.6;3.1;3.6;3.2;1.9;297.2222222;0;0;1.4
29285100;1;1;0;0;2.1;2.2;5.2;1.9;80.1;0;3.6;3.3;3.7;3.6;1.9;297.2222222;0;0;1.4
29286000;1;4;0;0;2.2;3.8;4.9;3.6;80.5;0;3.7;3.7;3.7;3.8;1.5;280.5555556;0;0;2.4
29286900;0;1;22;24;1;1.7;4.6;4.2;80.6;0;3.2;2.8;3.2;2.4;1.5;280.5555556;0;0;2.4
29287800;0;0;0;0;1.1;1;4.5;4.2;80.8;0;3.1;2.7;3.1;2.5;1.5;280.5555556;0;0;2.4
29288700;0;1;0;0;1.6;1.5;4.4;4.2;81.4;0;3.3;2.7;3;2.9;1.5;280.5555556;0;0;2.4
29289600;1;1;0;0;1.7;1.9;4.6;3.7;81.5;0;3.4;2.8;3.2;3.2;1.3;300;0;0;2.6
29290500;1;1;0;0;2.1;2.1;4.8;3.5;80.8;0;3.5;3.3;3.2;3.5;1.3;300;0;0;2.6
29291400;1;2;0;0;2.3;2.5;4.8;3.5;80.6;0;3.5;3.9;3.3;3.9;1.3;300;0;0;2.6
29292300;0;1;23;17;1.4;1.6;5;3.5;80.6;0;3.2;3.1;3.3;2.7;1.3;300;0;0;2.6
29293200;0;0;0;0;1.1;1;5.1;3.3;80.2;0;3.2;2.8;3.2;2.5;1.3;300;0;0;2.2
29294100;0;1;0;0;1.4;1.5;5;3.2;79.6;0;3.4;2.9;3.3;2.8;1.3;300;0;0;2.2
29295000;1;4;0;0;1.6;4.3;5;3.2;79.6;0;3.5;2.9;3.4;3.1;1.3;300;0;0;2.2
29295900;1;3;0;0;2;4.5;4.9;3.2;79.6;0;3.7;2.9;3.4;3.5;1.3;300;0;0;2.2
29296800;1;3;0;0;2.2;4.1;5;1.6;79.6;0;3.8;2.9;3.5;3.9;1.2;300;0;0;2
29297700;1;3;0;0;2.6;4;4.9;1;79.5;0;3.8;2.9;3.4;4.2;1.2;300;0;0;2
29298600;2;3;0;0;2.9;4;4.9;1;79.1;0;3.8;3;3.5;4.6;1.2;300;0;0;2
29299500;0;1;23;22;1.1;1.7;4.8;1;79.2;0;3.3;2.9;3.3;2.6;1.2;300;0;0;2
29300400;0;0;0;0;1.2;1.1;4.8;0.7;79.6;0;3.3;3;3.3;2.6;1.2;313.8888889;0;0;2
29301300;0;1;0;0;1.5;1.6;4.8;0.6;79.6;0;3.5;3;3.4;2.9;1.2;313.8888889;0;0;2
29302200;1;1;0;0;1.8;2;4.9;0.7;79.6;0;3.6;3.2;3.5;3.3;1.2;313.8888889;0;0;2
29303100;1;4;0;0;2.2;4;5.1;1;79.6;0;3.7;3.5;3.5;3.6;1.2;313.8888889;0;0;2
29304000;1;4;9;16;2;5.1;4.9;0.9;79.7;0;3.7;3.7;3.6;3.6;1.3;311.1111111;0;0;1.5
29304900;0;0;14;9;1.1;1.6;5;0.9;79.8;0;3.3;3;3.4;2.5;1.3;311.1111111;0;0;1.5
29305800;0;1;0;0;1.2;1.5;5.1;1;79.6;0;3.5;3.2;3.5;2.8;1.3;311.1111111;0;0;1.5
29306700;1;1;0;0;1.7;1.8;5.1;1.2;79.7;0;3.8;3.2;3.7;3.1;1.3;311.1111111;0;0;1.5
29307600;1;1;0;0;1.8;2.1;5.1;1.1;80.1;0;3.9;3.3;3.7;3.4;1.3;311.1111111;0;0;1.1
29308500;1;2;6;7;2.1;2.5;5.2;1;79.9;0;4;3.4;3.7;3.7;1.3;311.1111111;0;0;1.1
29309400;0;0;17;14;0.8;1.6;5.2;1;79.1;0;3.4;3;3.4;2.5;1.3;311.1111111;0;0;1.1
29310300;0;1;0;0;1.2;1.5;5;1.1;79.3;0;3.6;3.2;3.6;2.8;1.3;311.1111111;0;0;1.1
29311200;0;2;0;0;1.6;2;4.9;1;79.6;0;3.9;3.2;3.7;3.1;1.4;313.8888889;0;0;1.3
29312100;1;2;26;54;0.7;3.2;5.1;1;79.6;0;3.7;3.2;3.6;2.9;1.4;313.8888889;0;0;1.3
29313000;-2;0;43;114;-2.3;0.1;4.9;1.1;79.6;0;1.8;1.6;1.9;1.3;1.4;313.8888889;0;0;1.3
29313900;-3;0;35;65;-2.6;-1;4.9;1.4;80.1;0;1;0.8;1;0.3;1.4;313.8888889;0;0;1.3
29314800;-4;-1;43;110;-3.8;-1.5;4.9;1.3;80;0;0.3;0.1;0.4;-0.4;1.4;305.5555556;16.66666667;16.66666667;1.5
29315700;-5;-2;42;106;-4.6;-2.4;4.9;1.2;80.5;0;-0.4;-0.6;-0.4;-1.2;1.4;305.5555556;16.66666667;16.66666667;1.5
29316600;-5;-3;42;104;-5.1;-2.9;5;1.2;80.1;0;-1;-1.2;-0.9;-1.8;1.4;305.5555556;16.66666667;16.66666667;1.5
29317500;-6;-3;42;102;-5.4;-3.3;5.1;1.2;79.7;0;-1.4;-1.6;-1.3;-2.2;1.4;305.5555556;16.66666667;16.66666667;1.5
29318400;-6;-4;42;81;-5.5;-3.6;5.3;1.3;79.2;13.7;-1.8;-1.9;-1.6;-2.4;1.9;305.5555556;66.66666667;66.66666667;1.3
29319300;-6;-4;42;101;-5.8;-3.6;5.3;1.3;79.1;20.5;-1.5;-1.6;-1.4;-2.2;1.9;305.5555556;66.66666667;66.66666667;1.3
29320200;-6;-4;42;101;-5.8;-3.6;5.6;1.5;78.9;20.5;-1.6;-1.8;-1.5;-2.5;1.9;305.5555556;66.66666667;66.66666667;1.3
29321100;-6;-4;42;100;-5.8;-3.6;5.7;1.6;78.3;20.5;-1.5;-1.7;-1.5;-2.4;1.9;305.5555556;66.66666667;66.66666667;1.3
29322000;-6;-3;42;103;-5.8;-3.6;6.1;1.9;77.6;49.9;-1.4;-1.5;-1.3;-2.3;2.6;316.6666667;80.55555556;80.55555556;1.6
29322900;-6;-3;42;105;-5.8;-3.6;6.6;2.1;76;64.6;-1;-1.2;-1.1;-1.9;2.6;316.6666667;80.55555556;80.55555556;1.6
29323800;-5;-3;42;106;-5.3;-3.1;6.7;2.1;74.8;65.6;-0.7;-0.9;-0.7;-1.5;2.6;316.6666667;80.55555556;80.55555556;1.6
29324700;-5;-3;42;104;-5.2;-3.1;6.7;2;74.9;66.1;-0.5;-0.8;-0.6;-1.4;2.6;316.6666667;80.55555556;80.55555556;1.6
29325600;-3;-2;14;28;-3.3;-2.8;7;2.6;74.6;111.9;-0.1;-0.2;0.1;-1.2;3.4;297.2222222;130.5555556;163.8888889;2.3
29326500;-3;-2;0;0;-2.7;-2.6;6.9;2.6;74.1;111.9;0.7;1.1;1.1;-0.7;3.4;297.2222222;130.5555556;163.8888889;2.3
29327400;-2;-2;0;0;-2.5;-2.1;6.4;2.6;75;102.8;1.4;2.4;1.7;-0.2;3.4;297.2222222;130.5555556;163.8888889;2.3
29328300;-2;-2;0;0;-2.2;-1.7;6.9;2.6;73;94.9;2.3;3.5;2.5;0.2;3.4;297.2222222;130.5555556;163.8888889;2.3
29329200;-2;-2;0;0;-1.7;-1.4;7.2;3.1;71.4;124.6;3.2;4.3;3.3;0.6;4;311.1111111;75;77.77777778;2.2
29330100;-2;1;0;0;-1.4;1.4;7.5;3.1;70;126.7;4.1;5;3.9;0.9;4;311.1111111;75;77.77777778;2.2
29331000;0;1;24;55;0.7;2.5;7.8;3.1;68.3;126.7;5;5;5;3.3;4;311.1111111;75;77.77777778;2.2
29331900;1;1;0;0;1.9;2.5;8.2;3.2;65.7;126.7;5.1;5.1;5.2;3.5;4;311.1111111;75;77.77777778;2.2
29332800;1;2;23;55;1.7;3;8;3.5;64.7;122.6;5.4;5.2;5.5;4;3.7;294.4444444;61.11111111;66.66666667;1.6
29333700;1;2;0;0;1.9;3;8;3.5;65.2;122;5.3;5.1;5.3;3.8;3.7;294.4444444;61.11111111;66.66666667;1.6
29334600;1;2;23;53;1.7;3.1;7.8;3.6;65.7;122;5.3;5.1;5.5;3.9;3.7;294.4444444;61.11111111;66.66666667;1.6
29335500;1;2;0;0;1.9;2.5;7.9;3.8;66.4;122;5.3;5.1;5.4;3.8;3.7;294.4444444;61.11111111;66.66666667;1.6
29336400;1;2;23;52;1.7;2.8;6.9;4;70.7;109.4;5.2;5.1;5.4;3.9;3.2;294.4444444;61.11111111;77.77777778;2.7
29337300;1;2;0;0;1.9;2.5;6.5;4.1;73;106.2;4.9;4.7;5.1;3.6;3.2;294.4444444;61.11111111;77.77777778;2.7
29338200;1;2;23;52;1.6;3;7.1;4.2;71.4;106.2;5.2;4.9;5.3;3.9;3.2;294.4444444;61.11111111;77.77777778;2.7
29339100;1;3;0;0;1.9;3.2;7.2;4.5;70.5;106.2;5.2;5.1;5.3;3.8;3.2;294.4444444;61.11111111;77.77777778;2.7
29340000;1;3;26;73;1.7;3.7;7.4;4.4;71.8;87.6;5.7;5.5;5.8;4.3;3.1;288.8888889;47.22222222;66.66666667;3.2
29340900;0;2;36;96;0.8;2.9;6.8;4.3;73.3;80.9;5;4.7;5.1;3.7;3.1;288.8888889;47.22222222;66.66666667;3.2
29341800;-1;0;43;124;-1.5;1.1;6.2;4.1;75.8;80.9;3;2.7;3;2;3.1;288.8888889;47.22222222;66.66666667;3.2
29342700;-3;0;43;119;-2.5;0;6.1;3.6;76.5;80.9;1.9;1.6;1.8;0.9;3.1;288.8888889;47.22222222;66.66666667;3.2
29343600;-3;0;43;114;-3.2;-0.8;6.3;3.5;75.7;58.2;1;0.8;1;0.2;3.1;313.8888889;2.777777778;2.777777778;3
29344500;-4;-2;43;110;-4;-1.8;6.4;3.4;74.9;46.9;0.1;0;0.2;-0.6;3.1;313.8888889;2.777777778;2.777777778;3
29345400;-5;-2;43;108;-4.4;-2;6;3.2;69.7;46.9;-0.2;-0.4;-0.1;-1;3.1;313.8888889;2.777777778;2.777777778;3
29346300;-5;-2;43;106;-4.6;-2.5;5.4;3;69.8;46.9;-0.5;-0.8;-0.4;-1.3;3.1;313.8888889;2.777777778;2.777777778;3
29347200;-5;-3;43;102;-5.2;-3.1;4.9;2.7;71.3;10.7;-1.1;-1.4;-1;-1.9;2.6;250;0;0;2.9
29348100;-6;-4;43;99;-5.9;-3.8;4.4;2.7;72.5;10.7;-1.9;-2.2;-1.8;-2.7;2.6;250;0;0;2.9
29349000;-6;-4;42;99;-6.2;-4.2;4.1;2.8;73;10.7;-2.2;-2.5;-2.1;-3.1;2.6;250;0;0;2.9
29349900;-6;-4;42;99;-6.6;-4.5;3.9;2.8;73.9;10.7;-2.2;-2.5;-2.1;-3.1;2.6;250;0;0;2.9
29350800;-7;-4;42;97;-6.6;-4.5;3.7;2.7;74.2;0.7;-2.4;-2.6;-2.3;-3.3;1.7;238.8888889;0;0;2.8
29351700;-7;-5;42;97;-6.6;-4.5;3.7;2.7;74.2;0;-2.4;-2.8;-2.4;-3.4;1.7;238.8888889;0;0;2.8
29352600;-7;-5;42;94;-6.8;-4.8;3.6;2.8;74.8;0;-2.8;-3.1;-2.8;-3.8;1.7;238.8888889;0;0;2.8
29353500;-8;-6;43;92;-7.4;-5.5;3.3;3;75.6;0;-3.6;-3.9;-3.5;-4.4;1.7;238.8888889;0;0;2.8
29354400;-8;-6;45;88;-8;-6.2;2.9;2.7;76.6;0;-4.2;-4.5;-4.2;-5;1.1;255.5555556;0;0;3.4
29355300;-8;-7;45;85;-8.3;-6.5;2.8;2.6;77.7;0;-4.5;-4.9;-4.5;-5.4;1.1;255.5555556;0;0;3.4
29356200;-6;-6;23;43;-6.2;-6.8;2.7;2.4;78.1;0;-4.7;-4.8;-4.6;-5.6;1.1;255.5555556;0;0;3.4
29357100;-3;-2;0;0;-2.5;-2.3;2.7;2.2;78.7;0;-4.1;-4.1;-3.9;-5.2;1.1;255.5555556;0;0;3.4
29358000;-5;-4;32;60;-5.1;-3.9;2.7;2;79;0;-3.1;-3.4;-2.8;-4;1;250;0;0;3.5
29358900;-8;-6;44;90;-7.7;-5.9;2.5;1.9;79.5;0;-4.1;-4.2;-4;-4.7;1;250;0;0;3.5
29359800;-8;-6;46;91;-8;-6.4;2.5;1.7;80.2;0;-4.4;-4.5;-4.1;-5.1;1;250;0;0;3.5
29360700;-8;-6;45;91;-8;-6.4;2.8;1.3;79.4;0;-4.2;-4.4;-4.1;-5;1;250;0;0;3.5
29361600;-8;-6;45;87;-8;-6.4;3;1.2;78.6;0;-4.2;-4.6;-4.3;-5;0.3;255.5555556;0;0;2.5
29362500;-8;-6;45;88;-8.1;-6.4;2.9;1.2;78.2;0;-4.3;-4.7;-4.4;-5.3;0.3;255.5555556;0;0;2.5
29363400;-8;-7;29;55;-7.3;-6.5;2.8;1.1;78.2;0;-4.7;-5;-4.6;-5.6;0.3;255.5555556;0;0;2.5
29364300;-5;0;0;0;-4.7;-0.4;2.9;0.9;78.3;0;-4.2;-4.4;-4.1;-5.3;0.3;255.5555556;0;0;2.5
29365200;-5;-2;21;39;-5.3;-2;2.7;0.8;79.2;0;-3.1;-3.4;-3;-4.3;0.6;283.3333333;0;0;2
29366100;-8;-6;42;89;-7.4;-5.5;2.7;0.8;79.5;0;-3.6;-3.9;-3.6;-4.3;0.6;283.3333333;0;0;2
29367000;-8;-6;44;89;-8.1;-6.2;2.8;0.9;79.7;0;-4.2;-4.4;-4.1;-5;0.6;283.3333333;0;0;2
29367900;-8;-6;45;85;-8.3;-6.4;2.9;0.9;79.7;0;-4.5;-4.6;-4.2;-5.2;0.6;283.3333333;0;0;2
29368800;-8;-7;42;87;-8.3;-6.4;3.3;1.1;78.7;0;-4.5;-4.8;-4.3;-5.3;0.7;291.6666667;0;0;2.2
29369700;-9;-7;42;88;-8.3;-6.4;3.6;1.1;77;0;-4.5;-4.7;-4.4;-5.3;0.7;291.6666667;0;0;2.2
29370600;-8;-6;42;90;-8.3;-6.4;3.8;0.8;75.6;0;-4.4;-4.5;-4.2;-5.1;0.7;291.6666667;0;0;2.2
29371500;-8;-6;42;89.5;-8.3;-6.4;3.95;2.4;74.15;0;-4.25;-4.35;-4.05;-5;0.7;291.6666667;0;0;2.2
29372400;-8;-6;42;89;-8.3;-6.4;4.1;4;72.7;0;-4.1;-4.2;-3.9;-4.9;0.9;302.7777778;0;0;2.7
29373300;-8;-6;42;90;-8.3;-6.4;4.1;4.2;72.4;0;-4.2;-4.3;-4.1;-5.1;0.9;302.7777778;0;0;2.7
29374200;-8;-6;42;91;-8.3;-6.4;4.3;4.2;71.8;0;-4;-4.2;-3.9;-4.8;0.9;302.7777778;0;0;2.7
29375100;-8;-6;42;93;-8.1;-6.1;4.4;4.2;70.4;0;-3.7;-3.9;-3.6;-4.4;0.9;302.7777778;0;0;2.7
29376000;-8;-5;42;94;-7.8;-5.9;4.5;3.6;69.5;0;-3.3;-3.5;-3.2;-4.2;1.7;311.1111111;0;0;3.2
29376900;-7;-5;42;96;-7.3;-5.4;4.7;3.5;68.7;0;-2.9;-3.1;-2.7;-3.9;1.7;311.1111111;0;0;3.2
29377800;-7;-5;42;97;-7.1;-5.1;4.8;3.5;69.4;0;-2.6;-2.8;-2.6;-3.5;1.7;311.1111111;0;0;3.2
29378700;-7;-5;42;98;-6.8;-4.9;4.7;3.5;70.1;0;-2.4;-2.6;-2.3;-3.3;1.7;311.1111111;0;0;3.2
29379600;-7;-4;42;97;-6.8;-4.9;4.7;3.3;73;0;-2.4;-2.5;-2.3;-3.3;1.6;311.1111111;0;0;4
29380500;-6;-4;42;95;-6.8;-4.9;4.4;3.2;75.1;0;-2.3;-2.4;-2.2;-3.2;1.6;311.1111111;0;0;4
29381400;-6;-4;42;97;-6.8;-4.7;4.4;3.2;76.2;0;-2.2;-2.4;-2.1;-3.2;1.6;311.1111111;0;0;4
29382300;-6;-4;42;97;-6.8;-4.4;4.3;3.2;76.8;0;-2.2;-2.4;-2.1;-3.1;1.6;311.1111111;0;0;4
29383200;-6;-4;42;100;-6.4;-4.3;4.5;2;76.8;0;-1.8;-2;-1.7;-2.7;1.9;316.6666667;0;0;3.6
29384100;-6;-4;42;101;-6.3;-3.9;4.5;1.7;77.9;0;-1.6;-1.9;-1.5;-2.6;1.9;316.6666667;0;0;3.6
29385000;-6;-4;42;101;-6.3;-3.9;4.6;1.9;78.1;0;-1.6;-1.8;-1.5;-2.6;1.9;316.6666667;0;0;3.6
29385900;-6;-4;42;101;-6.3;-3.9;4.9;2.1;78.2;0;-1.5;-1.9;-1.6;-2.5;1.9;316.6666667;0;0;3.6
29386800;-6;-4;42;102;-6.1;-3.9;4.9;2.3;78.2;0;-1.4;-1.7;-1.3;-2.3;1.9;311.1111111;0;0;4.8
29387700;-5;-3;42;105;-5.5;-3.5;4.9;2.3;79.2;0;-0.9;-1.1;-0.8;-1.9;1.9;311.1111111;0;0;4.8
29388600;-5;-3;42;104;-5.3;-3.4;4.9;2.1;80;0;-1;-1.2;-0.9;-1.9;1.9;311.1111111;0;0;4.8
29389500;-6;-3;42;99;-5.5;-3.4;4.7;1.8;80.2;0;-1.4;-1.7;-1.4;-2.4;1.9;311.1111111;0;0;4.8
29390400;-6;-4;42;102;-5.8;-3.9;4.7;2.2;80.9;0;-1.4;-1.8;-1.4;-2.5;2.1;308.3333333;0;0;4.3
29391300;-6;-3;42;103;-5.8;-3.9;4.9;2.3;80.7;0;-1.2;-1.6;-1.2;-2.3;2.1;308.3333333;0;0;4.3
29392200;-6;-3;42;102;-5.8;-3.9;5.1;2.3;80.6;0;-1.3;-1.6;-1.2;-2.2;2.1;308.3333333;0;0;4.3
29393100;-6;-3;42;103;-5.8;-3.9;5.2;2.2;80.1;0;-1.3;-1.5;-1.2;-2.2;2.1;308.3333333;0;0;4.3
29394000;-6;-3;42;103;-5.8;-3.4;4.9;2.5;83.7;0;-1.2;-1.5;-1.2;-2.2;1.9;280.5555556;0;0;2.6
29394900;-6;-4;42;99;-6;-3.9;3.9;2.6;85.3;0;-1.9;-2.1;-1.9;-2.9;1.9;280.5555556;0;0;2.6
29395800;-6;-4;42;96;-6.4;-4.4;3.6;2.4;86.4;0;-2.3;-2.6;-2.4;-3.3;1.9;280.5555556;0;0;2.6
29396700;-7;-5;42;94;-6.8;-4.9;3.7;2.2;87.5;0;-2.8;-3.2;-2.9;-3.7;1.9;280.5555556;0;0;2.6
29397600;-7;-5;42;94;-6.8;-4.9;4.4;2.3;86.9;0;-2.7;-3.1;-2.8;-3.7;2.9;316.6666667;0;0;1.9
29398500;-7;-5;42;96;-6.8;-4.9;5;2.3;85.3;0;-2.4;-2.7;-2.4;-3.4;2.9;316.6666667;0;0;1.9
29399400;-7;-4;42;98;-6.8;-4.7;5.2;2.3;84.2;0;-2.2;-2.5;-2.1;-3.2;2.9;316.6666667;0;0;1.9
29400300;-6;-4;42;97;-6.8;-4.4;5.5;2.2;83;0;-2.2;-2.5;-2.1;-3.1;2.9;316.6666667;0;0;1.9
29401200;-6;-4;42;98;-6.8;-4.4;5.7;2.3;82.6;0;-2.2;-2.4;-2.1;-3;2.9;294.4444444;19.44444444;22.22222222;3
29402100;-6;-4;42;98;-6.4;-4.4;5.7;2.3;83.1;0;-2.1;-2.4;-2.1;-3;2.9;294.4444444;19.44444444;22.22222222;3
29403000;-7;-4;42;97;-6.3;-4.4;5.6;2.1;82.6;0;-2.3;-2.7;-2.4;-3.3;2.9;294.4444444;19.44444444;22.22222222;3
29403900;-7;-5;42;97;-6.8;-4.4;5.3;1.8;82.2;0;-2.4;-2.8;-2.5;-3.4;2.9;294.4444444;19.44444444;22.22222222;3
29404800;-7;-5;42;97;-6.8;-4.4;5.3;1.9;81.3;14.3;-2.4;-2.8;-2.4;-3.3;3.5;302.7777778;69.44444444;69.44444444;2.3
29405700;-6;-4;42;100;-6.5;-4.4;5.6;1.9;77.8;17.9;-1.9;-2.2;-1.9;-2.9;3.5;302.7777778;69.44444444;69.44444444;2.3
29406600;-6;-4;42;102;-6.2;-4.1;6;2.3;75.9;17.9;-1.5;-1.8;-1.5;-2.4;3.5;302.7777778;69.44444444;69.44444444;2.3
29407500;-5;-3;42;103;-5.5;-3.5;6.1;2.9;73.9;17.9;-1;-1.3;-0.9;-1.9;3.5;302.7777778;69.44444444;69.44444444;2.3
29408400;-5;-3;42;106;-5.3;-3.1;6.2;3.1;71.9;57;-0.6;-0.9;-0.6;-1.6;4.2;252.7777778;80.55555556;194.4444444;2.5
29409300;-5;-3;42;106;-5.3;-2.9;6.3;3.2;71;66.8;-0.5;-0.8;-0.5;-1.5;4.2;252.7777778;80.55555556;194.4444444;2.5
29410200;-5;-3;42;107;-5.3;-2.9;6;3.2;71.6;67;-0.4;-0.7;-0.4;-1.5;4.2;252.7777778;80.55555556;194.4444444;2.5
29411100;-5;-2;42;109;-5.1;-2.8;5.9;3.2;69.7;67.3;-0.2;-0.4;-0.1;-1.3;4.2;252.7777778;80.55555556;194.4444444;2.5
29412000;-4;-2;42;111;-4.6;-2.4;6;3.5;68.1;133.5;0.3;0;0.3;-0.8;4.7;247.2222222;77.77777778;250;3.1
29412900;-4;-2;42;109;-4.3;-2.4;6;3.6;67.7;150.1;0.2;-0.2;0.2;-0.8;4.7;247.2222222;77.77777778;250;3.1
29413800;-5;-2;42;108;-4.3;-2.4;5.7;3.7;67.7;148.9;-0.1;-0.4;-0.1;-1.1;4.7;247.2222222;77.77777778;250;3.1
29414700;-5;-2;42;108;-4.8;-2.4;5.8;3.8;67.4;147.2;-0.1;-0.5;-0.2;-1.2;4.7;247.2222222;77.77777778;250;3.1
29415600;-5;-2;42;109;-4.7;-2.4;6.3;4;66.4;177.2;0.2;-0.2;0.1;-1.1;5.6;266.6666667;122.2222222;327.7777778;2.7
29416500;-4;-2;42;111;-4.3;-1.9;6.6;4.1;62.8;188.1;0.6;0.2;0.4;-0.7;5.6;266.6666667;122.2222222;327.7777778;2.7
29417400;-4;-2;42;108;-4.3;-1.9;6.5;4.2;62.1;188.1;0.1;-0.3;0;-1;5.6;266.6666667;122.2222222;327.7777778;2.7
29418300;-4;-2;42;112;-4.3;-2.2;6.9;4.5;60.3;188.1;0.5;0.1;0.4;-0.7;5.6;266.6666667;122.2222222;327.7777778;2.7
29419200;-3;-2;43;118;-3.6;-1.2;7.6;4.5;58.2;203.9;1.6;1.2;1.5;0.2;5;277.7777778;80.55555556;108.3333333;2.7
29420100;-3;0;43;118;-3.3;-0.6;7.8;4.5;60;209.7;2;1.5;1.9;0.6;5;277.7777778;80.55555556;108.3333333;2.7
29421000;-3;0;43;121;-3;-0.3;8.8;4.6;59.6;209.7;2.3;1.8;2.3;1;5;277.7777778;80.55555556;108.3333333;2.7
29421900;-2;0;43;122;-2.4;0.1;9.3;4.7;56.8;209.7;2.5;2.1;2.5;1.2;5;277.7777778;80.55555556;108.3333333;2.7
29422800;-3;0;43;120;-2.3;0.1;9;4.9;55.1;197.3;2.3;2;2.3;1.1;5.7;269.4444444;72.22222222;130.5555556;5
29423700;-3;0;43;119;-2.7;-0.1;8.3;4.9;54.2;194.2;2;1.7;2;0.9;5.7;269.4444444;72.22222222;130.5555556;5
29424600;-3;0;43;117;-2.8;-0.4;8.1;5.2;56.1;194.2;2.1;1.7;2;0.9;5.7;269.4444444;72.22222222;130.5555556;5
29425500;-3;0;43;119;-2.8;-0.4;7.5;5.8;59;194.2;2.1;1.8;2;0.9;5.7;269.4444444;72.22222222;130.5555556;5
29426400;-3;0;43;119;-2.8;-0.4;7.1;5.7;61.8;156.4;2;1.8;2;0.8;4.5;238.8888889;22.22222222;44.44444444;6
29427300;-3;0;43;115;-3;-0.6;6.6;5.7;63.4;146.9;1.4;1.1;1.4;0.4;4.5;238.8888889;22.22222222;44.44444444;6
29428200;-3;0;43;98;-3.3;-1.2;6.3;5.4;64.1;146.9;1;0.5;0.9;-0.1;4.5;238.8888889;22.22222222;44.44444444;6
29429100;-4;-2;43;99;-3.8;-1.6;6;5;63.7;146.9;0.4;-0.1;0.4;-0.6;4.5;238.8888889;22.22222222;44.44444444;6
29430000;-5;-2;40;97;-4.5;-2.3;5.7;4.6;63.3;93.9;-0.4;-0.8;-0.3;-1.3;3.4;238.8888889;0;0;4
29430900;-3;-3;0;0;-3.2;-2.9;5.2;4.5;64.3;80.6;-0.3;-0.6;-0.2;-1.4;3.4;238.8888889;0;0;4
29431800;-3;-2;0;0;-2.9;-2.5;4.8;4.8;65.7;80.6;0.2;0.2;0.3;-1;3.4;238.8888889;0;0;4
29432700;-3;-2;0;0;-2.6;-2.1;4.5;5.3;66.8;80.6;0.7;1.1;0.6;-0.6;3.4;238.8888889;0;0;4
29433600;-2;1;0;0;-2.2;1.2;4;4.9;69.3;30.6;1.1;1.6;0.9;-0.2;2.2;238.8888889;0;0;3.1
29434500;-2;1;0;0;-1.8;1.6;3.5;4.7;70.7;12.4;1.7;1.7;1.2;0.3;2.2;238.8888889;0;0;3.1
29435400;-2;0;0;0;-1.5;1;3.1;4.4;72.4;12.4;1.9;1.7;1.4;0.7;2.2;238.8888889;0;0;3.1
29436300;-2;0;0;0;-1.2;0.6;2.9;3.9;73.5;12.4;2.2;1.6;1.7;1.1;2.2;238.8888889;0;0;3.1
29437200;-2;0;0;0;-0.7;0.6;2.8;3.5;74.3;3.3;2.4;1.5;2.2;1.5;1.8;241.6666667;0;0;3.8
29438100;-2;0;0;0;-0.2;0.7;3.1;3.4;74.3;0;2.5;1.5;2.6;1.9;1.8;241.6666667;0;0;3.8
29439000;-1;0;0;0;0.1;1.1;2.9;3.2;74.5;0;2.7;1.4;2.7;2.4;1.8;241.6666667;0;0;3.8
29439900;0;0;0;0;0.3;1.5;2.9;2.8;74.8;0;2.8;1.4;2.9;3;1.8;241.6666667;0;0;3.8
29440800;0;1;0;0;0.4;1.6;2.7;2.5;75.5;0;3.3;1.3;3.4;3.5;1.3;263.8888889;0;0;3.6
29441700;0;3;0;0;0.8;2.8;2.7;2.4;75.5;0;4;1.1;3.9;3.4;1.3;263.8888889;0;0;3.6
29442600;0;3;0;0;0.8;4.6;2.8;2.2;76.5;0;4.5;1.1;4.3;3.3;1.3;263.8888889;0;0;3.6
29443500;0;2;0;0;0.8;3.2;3.2;1.7;75.7;0;5.2;1.3;4.7;3.2;1.3;263.8888889;0;0;3.6
29444400;0;0;23;1;0.9;1;3.5;1.7;75.3;0;3;1.6;2.9;1.7;1;252.7777778;0;0;3.1
29445300;0;0;0;0;0.6;0.1;3.6;1.7;74.9;0;2.6;1.9;2.5;1.4;1;252.7777778;0;0;3.1
29446200;0;0;0;0;0.6;0.4;3.3;1.7;75;0;2.8;2;2.6;1.5;1;252.7777778;0;0;3.1
29447100;0;0;0;0;1.1;0.9;3.1;1.7;75.7;0;2.9;2.3;2.9;1.5;1;252.7777778;0;0;3.1
29448000;0;0;0;0;1.1;1.3;2.9;1.5;76.7;0;2.9;2.7;3.2;1.6;1.6;250;0;0;3
29448900;0;1;0;0;1.6;1.7;2.8;1.4;77.2;0;2.7;3.2;3.5;1.5;1.6;250;0;0;3
29449800;1;2;0;0;1.7;2.3;2.7;1.2;77.5;0;2.2;3.6;3.6;1.6;1.6;250;0;0;3
29450700;1;4;0;0;2.1;4.9;3;0.9;75.9;0;2;4;4.1;1.5;1.6;250;0;0;3
29451600;1;3;0;0;2.2;4.8;3.2;0.8;74.6;0;1.9;4.9;4.8;1.3;1.9;266.6666667;0;0;3.5
29452500;1;3;0;0;2.6;3.8;3.4;0.8;72.8;0;2.2;5.6;5.5;1.3;1.9;266.6666667;0;0;3.5
29453400;1;2;0;0;2.4;3.6;3.5;0.8;72.1;0;2.5;5.3;5.7;1.4;1.9;266.6666667;0;0;3.5
29454300;0;1;22;12;0.9;1.2;3.7;0.9;70.7;0;2.4;2.7;3.2;1.7;1.9;266.6666667;0;0;3.5
29455200;0;0;0;0;0.6;0.3;3.9;1.2;69.6;0;2.8;2.4;2.8;1.8;1.5;291.6666667;0;0;3.3
29456100;0;0;0;0;1.1;0.8;4;1.3;68.1;0;3;2.6;2.9;1.9;1.5;291.6666667;0;0;3.3
29457000;0;0;0;0;1.2;1.3;4.2;1.5;68.1;0;3.1;2.9;3;2;1.5;291.6666667;0;0;3.3
29457900;0.5;1.5;0;0;1.45;2.3;4.15;2.45;69.05;0;3;3.25;2.9;2;1.5;291.6666667;0;0;3.3
29458800;1;3;0;0;1.7;3.3;4.1;3.4;70;0;2.9;3.6;2.8;2;1.2;313.8888889;0;0;4
29459700;1;4;0;0;2.1;5.1;4.1;4.2;70.9;0;2.8;4;2.8;2;1.2;313.8888889;0;0;4
29460600;1;3;0;0;2.3;4.9;4.6;4.2;65.5;0;2.9;4.5;2.9;2.1;1.2;313.8888889;0;0;4
29461500;1;3;0;0;2.6;4.6;4.8;4.2;62.8;0;3.1;5.1;3;2.2;1.2;313.8888889;0;0;4
29462400;2;3;0;0;2.6;4.3;4.9;3.5;62.7;0;3.3;5.6;3.2;2.5;2.2;319.4444444;0;0;4.1
29463300;0;0;22;16;1.1;1.3;5;3.5;63.3;0;3;2.9;3;2.1;2.2;319.4444444;0;0;4.1
29464200;0;0;0;0;1.1;0.8;5.1;3.5;64.7;0;3.2;2.8;3.2;2.1;2.2;319.4444444;0;0;4.1
29465100;0;1;0;0;1.4;1.3;5.1;3.5;66.9;0;3.3;2.9;3.2;2.5;2.2;319.4444444;0;0;4.1
29466000;1;1;0;0;1.6;1.7;4.8;3.2;71.1;0;3.2;3.2;3.2;2.7;1;319.4444444;0;0;3.7
29466900;1;2;0;0;2;2.4;4.8;3.2;73.1;0;3.2;3.6;3.1;2.8;1;319.4444444;0;0;3.7
29467800;1;5;0;0;2.1;5.3;4.8;3.2;73.2;0;3.1;3.9;3;2.7;1;319.4444444;0;0;3.7
29468700;1;4;0;0;2.4;5.4;4.6;3.2;77.2;0;3;4.4;3;2.3;1;319.4444444;0;0;3.7
29469600;1;4;0;0;2.6;4.8;4.4;1.8;80.7;0;3;4.8;3.1;2.1;1.1;319.4444444;0;0;2.7
29470500;2;4;0;0;3;4.6;4.3;1.7;82.7;0;3.1;5;3.1;2.1;1.1;319.4444444;0;0;2.7
29471400;2;4;0;0;3.1;4.6;4.3;2;83.5;0;3.1;5.8;3.2;2.2;1.1;319.4444444;0;0;2.7
29472300;2;4;0;0;3.1;4.6;4.3;2.4;84.5;0;3.2;6.2;3.2;2.2;1.1;319.4444444;0;0;2.7
29473200;1;2;21;13;2;3.3;4.4;2.6;85.3;0;3.1;4.7;3.1;2.2;1.3;319.4444444;0;0;1.9
29474100;0;0;0;0;1;1.1;4.3;2.6;85.5;0;3;2.7;3;2;1.3;319.4444444;0;0;1.9
29475000;0;0;0;0;1.3;1.3;4.4;2;86.5;0;3.2;2.8;3.1;2.3;1.3;319.4444444;0;0;1.9
29475900;0;3;0;0;1.5;3.5;4.6;1.2;86.3;0;3.3;3.1;3.2;2.6;1.3;319.4444444;0;0;1.9
29476800;1;4;0;0;1.9;5.1;4.7;1.5;86.3;0;3.4;3.4;3.3;2.8;2;325;0;0;1.5
29477700;1;3;0;0;2;4.8;4.7;1.6;87.3;0;3.3;3.8;3.4;2.7;2;325;0;0;1.5
29478600;1;3;0;0;2.5;4.6;4.7;1.5;88.4;0;3.3;4.2;3.5;2.4;2;325;0;0;1.5
29479500;1;3;0;0;2.5;4.6;4.7;1.4;90.6;0;3.5;4.7;3.7;2.3;2;325;0;0;1.5
29480400;1;3;17;24;2.2;3.7;4.7;1.7;91.5;0;3.7;4.4;3.8;2.5;2.3;325;0;0;1.1
29481300;0;0;6;0;1.3;1.1;4.8;1.8;91.8;0;3.4;3;3.4;2.6;2.3;325;0;0;1.1
29482200;0;1;0;0;1.4;1.5;4.8;1.7;91.8;0;3.8;3.2;3.5;2.9;2.3;325;0;0;1.1
29483100;1;1;0;0;1.8;1.9;5.1;1.6;91.8;0;4.1;3.3;3.7;3.2;2.3;325;0;0;1.1
29484000;0;1;23;23;1.3;2;5.2;1.7;91.9;0;4.1;3.4;3.8;3.2;2.8;322.2222222;0;0;1.3
29484900;-1;0;39;91;-0.7;1.2;5.2;1.8;92.3;0;3.1;2.7;3.1;2.3;2.8;322.2222222;0;0;1.3
29485800;-1;0;17;47;-1.3;-0.2;5.2;1.9;92.3;0;1.9;1.6;1.9;1.1;2.8;322.2222222;0;0;1.3
29486700;0;0;0;0;-0.3;0.4;5.2;2.1;92.3;0;2.3;2;2.4;1.3;2.8;322.2222222;0;0;1.3
29487600;0;0;0;0;-0.1;0.6;5.3;2;92.3;0;2.7;2.7;2.8;1.7;2.8;311.1111111;11.11111111;11.11111111;1.2
29488500;0;0;0;0;0.2;0.6;5.4;2;92.3;0;3.2;3.5;3.2;2.1;2.8;311.1111111;11.11111111;11.11111111;1.2
29489400;0;0;0;0;0.5;0.9;5.5;2.1;92.3;0;3.7;4;3.6;2.5;2.8;311.1111111;11.11111111;11.11111111;1.2
29490300;0;0;20;24;0.8;1.4;5.7;2.1;91.9;0;4.2;4;4.1;2.9;2.8;311.1111111;11.11111111;11.11111111;1.2
29491200;0;1;3;1;1.1;1.6;5.7;2.1;91.3;6.6;3.8;3.5;3.9;2.8;3.3;313.8888889;25;25;1.8
29492100;0;1;11;16;1.3;1.7;5.7;2.1;91;6.6;4.1;3.8;4.2;3.1;3.3;313.8888889;25;25;1.8
29493000;0;1;11;11;1;1.7;5.8;2.5;90.9;6.6;3.9;3.5;4;2.8;3.3;313.8888889;25;25;1.8
29493900;0;1;11;19;1.3;1.8;6;2.8;91.3;6.6;4.2;3.7;4.3;3.2;3.3;313.8888889;25;25;1.8
29494800;0;1;11;12;1.3;1.7;6.1;3.1;90.8;29.5;3.9;3.6;4;2.9;3.4;316.6666667;36.11111111;36.11111111;1.3
29495700;0;1;11;19;1.3;2.1;6.2;3.1;91.1;31.1;4.5;3.9;4.4;3.3;3.4;316.6666667;36.11111111;36.11111111;1.3
29496600;0;1;34;63;0.6;2;6.6;3.1;91.3;30.5;3.9;3.6;4;3;3.4;316.6666667;36.11111111;36.11111111;1.3
29497500;-2;0;43;120;-1.8;0.8;6.6;3.2;90.8;29.8;2.6;2.3;2.6;1.9;3.4;316.6666667;36.11111111;36.11111111;1.3
29498400;-3;0;43;116;-2.5;-0.2;6.7;3.5;90.8;48.7;1.8;1.6;1.8;1;3.7;316.6666667;44.44444444;44.44444444;1
29499300;-3;0;43;113;-3.1;-0.7;6.8;3.6;90.8;51.6;1.3;1;1.2;0.4;3.7;316.6666667;44.44444444;44.44444444;1
29500200;-4;0;43;111;-3.5;-1.2;6.7;3.6;90.8;48.6;0.8;0.5;0.8;0;3.7;316.6666667;44.44444444;44.44444444;1
29501100;-4;-2;43;109;-4;-1.7;6.7;3.7;90.8;44.2;0.3;0.1;0.3;-0.4;3.7;316.6666667;44.44444444;44.44444444;1
29502000;-4;-2;42;107;-4.2;-1.9;6.8;3.8;90.8;64.9;0.1;-0.3;0;-0.8;4;311.1111111;52.77777778;52.77777778;2.4
29502900;-5;-2;42;106;-4.6;-2.4;7.2;3.8;90.9;70.1;-0.2;-0.4;-0.2;-1;4;311.1111111;52.77777778;52.77777778;2.4
29503800;-4;-2;43;91;-4.2;-2.4;7.2;3.7;90.8;70.1;-0.1;-0.3;0.1;-1;4;311.1111111;52.77777778;52.77777778;2.4
29504700;-4;-2;42;107;-4.1;-2.4;7;3.5;90.6;70.1;0.2;-0.2;0.2;-0.9;4;311.1111111;52.77777778;52.77777778;2.4
29505600;-5;-2;42;107;-4.4;-2.4;7;3.6;91;75.2;-0.2;-0.4;-0.2;-1.1;4.1;316.6666667;38.88888889;38.88888889;2.2
29506500;-5;-3;42;106;-4.6;-2.4;7.2;3.6;91.3;77;-0.5;-0.7;-0.5;-1.3;4.1;316.6666667;38.88888889;38.88888889;2.2
29507400;-5;-3;42;106;-4.6;-2.4;7.3;3.7;90.9;77;-0.4;-0.6;-0.3;-1.2;4.1;316.6666667;38.88888889;38.88888889;2.2
29508300;-5;-2;42;109;-4.6;-2.4;7.3;3.7;91;77;0;-0.3;0;-0.9;4.1;316.6666667;38.88888889;38.88888889;2.2
29509200;-5;-2;42;107;-4.6;-2.4;7.5;3.8;90.8;60.2;-0.2;-0.5;-0.1;-1.1;4.1;316.6666667;25;25;1.2
29510100;-5;-3;42;107;-4.6;-2.4;7.5;3.9;90.5;51.8;-0.4;-0.7;-0.4;-1.4;4.1;316.6666667;25;25;1.2
29511000;-5;-2;42;106;-4.6;-2.4;7.2;4.1;90.5;51.8;-0.2;-0.6;-0.2;-1.2;4.1;316.6666667;25;25;1.2
29511900;-5;-2;42;103;-4.6;-2.4;7.2;4.2;90.6;51.8;-0.2;-0.7;-0.3;-1.2;4.1;316.6666667;25;25;1.2
29512800;-5;-2;42;107;-4.6;-2.4;7.1;4.2;90.8;42.2;-0.2;-0.8;-0.3;-1.4;4.1;327.7777778;5.555555556;5.555555556;1.1
29513700;-5;-3;42;96;-4.6;-2.8;7;4.2;90.8;42.2;-0.4;-0.9;-0.6;-1.6;4.1;327.7777778;5.555555556;5.555555556;1.1
29514600;-5;-3;42;104;-5.1;-2.9;7.1;4.1;90.8;42.2;-0.7;-1;-0.8;-1.7;4.1;327.7777778;5.555555556;5.555555556;1.1
29515500;-5;-3;42;106;-5.1;-2.9;7.1;4.1;90.6;42.2;-0.6;-0.9;-0.7;-1.6;4.1;327.7777778;5.555555556;5.555555556;1.1
29516400;-5;-3;42;104;-5.1;-2.9;6.9;3.9;90.8;18.5;-0.5;-0.8;-0.5;-1.5;3.8;322.2222222;0;0;1.5
29517300;-4;-3;23;46;-4;-2.9;6.8;3.9;90.8;16.8;-0.4;-0.7;-0.3;-1.6;3.8;322.2222222;0;0;1.5
29518200;-3;-3;0;0;-3.1;-2.9;6.6;3.9;90.8;16.8;0.4;0.3;0.7;-1.1;3.8;322.2222222;0;0;1.5
29519100;-3;-2;0;0;-2.6;-2.5;6.5;3.9;90.8;16.8;0.9;0.8;1.5;-0.6;3.8;322.2222222;0;0;1.5
29520000;-2;0;0;0;-2.4;0.3;6.4;3.7;90.8;10;1.3;1.3;1.9;-0.3;3.8;319.4444444;0;0;1.7
29520900;-2;0;0;0;-2.1;1.1;6.4;3.6;90.8;5.5;1.9;1.9;2.3;0.1;3.8;319.4444444;0;0;1.7
29521800;-2;0;0;0;-1.6;0.6;6.4;3.7;90.8;5.5;2.4;2.4;2.6;0.5;3.8;319.4444444;0;0;1.7
29522700;-2;0;0;0;-1.2;0.1;6.4;3.8;90.8;5.5;2.9;2.6;2.9;0.9;3.8;319.4444444;0;0;1.7
29523600;-2;0;0;0;-0.8;0.1;6.6;3.8;90.8;0.4;3.3;2.7;3.1;1.3;4.2;327.7777778;0;0;2.9
29524500;-2;0;0;0;-0.4;0.2;6.6;3.8;90.6;0;3.6;3;3.3;1.6;4.2;327.7777778;0;0;2.9
29525400;-2;0;0;0;0.1;0.6;6.6;3.8;90.8;0;4;3.6;3.7;2.1;4.2;327.7777778;0;0;2.9
29526300;-1;0;13;19;0.7;0.9;6.4;3.8;91.2;0;4.3;4.1;4.2;2.6;4.2;327.7777778;0;0;2.9
29527200;0;1;9;10;1.1;1.7;6.4;3.6;91.3;0;3.8;3.5;4;2.6;3.9;325;0;0;1.8
29528100;0;2;13;23;1.1;2.2;6.3;3.6;91.3;0;4.3;3.9;4.3;3;3.9;325;0;0;1.8
29529000;0;1;9;12;1.1;1.8;6.2;3.7;91.1;0;4;3.6;4.1;2.8;3.9;325;0;0;1.8
29529900;0;1;13;20;1.3;2.1;5.9;3.7;91.2;0;4.4;3.9;4.4;3.2;3.9;325;0;0;1.8
29530800;0;1;9;10;1.1;1.8;5.9;3.5;91.3;0;4;3.6;4.1;2.9;3.8;322.2222222;0;0;2
29531700;1;1;13;18;1.4;1.7;5.9;3.5;91.3;0;4.4;3.9;4.3;3.2;3.8;322.2222222;0;0;2
29532600;0;1;9;9;1.1;1.7;5.8;3.7;91.3;0;4;3.6;4.1;2.9;3.8;322.2222222;0;0;2
29533500;0;1;13;18;1.4;1.7;5.8;3.9;91.3;0;4.3;3.8;4.3;3.2;3.8;322.2222222;0;0;2
29534400;0;1;9;10;1.1;1.7;5.8;4;91.3;0;3.9;3.4;4;2.8;3.5;319.4444444;0;0;4
29535300;0;1;12;17;1.3;1.7;5.7;4;91.3;0;4.3;3.8;4.3;3.1;3.5;319.4444444;0;0;4
29536200;0;1;9;9;1.1;1.8;5.6;4;91.3;0;3.9;3.5;4;2.8;3.5;319.4444444;0;0;4
29537100;0;3;11;21;1.4;3.6;5.6;4;91.3;0;4.1;3.6;4.1;3.1;3.5;319.4444444;0;0;4
29538000;0;1;12;9;1.1;1.6;5.7;3.7;91.3;0;3.7;3.3;3.8;2.7;3.6;327.7777778;0;0;3.7
29538900;0;1;0;0;1.4;1.5;5.8;3.7;91.3;0;4.2;3.5;4;3;3.6;327.7777778;0;0;3.7
29539800;0;1;22;25;1;1.7;6;3.7;91.3;0;3.9;3.4;3.9;2.8;3.6;327.7777778;0;0;3.7
29540700;0;1;0;0;1.2;1.5;6.1;3.7;91.1;0;4;3.5;4;3;3.6;327.7777778;0;0;3.7
29541600;0;1;23;26;1.1;1.7;5.9;3.3;91.3;0;4;3.5;4.1;3;3.1;313.8888889;0;0;3.1
29542500;0;1;0;0;1.3;1.5;5.9;3.3;91.3;0;4;3.6;4.1;3;3.1;313.8888889;0;0;3.1
29543400;0;1;23;26;1.2;1.7;5.8;3.2;91.3;0;3.9;3.5;4.1;2.9;3.1;313.8888889;0;0;3.1
29544300;0.5;1.5;17;23.5;1.3;2.1;5.8;3.65;91.05;0;4;3.55;4.15;3.05;3.1;313.8888889;0;0;3.1
29545200;1;2;11;21;1.4;2.5;5.8;4.1;90.8;0;4.1;3.6;4.2;3.2;3.2;322.2222222;0;0;2.4
29546100;0;1;12;11;1.1;1.6;5.8;4.2;90.8;0;3.7;3.4;3.9;2.8;3.2;322.2222222;0;0;2.4
29547000;1;1;0;0;1.5;1.9;5.8;4.2;90.8;0;3.9;3.6;4.1;3.1;3.2;322.2222222;0;0;2.4
29547900;0;1;22;26;1.1;2;5.7;4.2;90.8;0;4;3.7;4.1;3.1;3.2;322.2222222;0;0;2.4
29548800;0;1;0;0;1.3;2;5.4;3.5;91;0;4.2;3.8;4.2;3.1;2.4;325;0;0;2.6
29549700;0;1;22;29;1.2;2;5.1;3.5;91.7;0;4;3.7;4.2;3;2.4;325;0;0;2.6
29550600;0;1;0;0;1.4;2;5.1;3.5;91.8;0;4.1;3.7;4.2;3.1;2.4;325;0;0;2.6
29551500;0;1;22;25;1.2;1.8;5.1;3.5;91.8;0;3.9;3.6;4;3;2.4;325;0;0;2.6
29552400;0;1;0;0;1.3;1.5;5.1;3.2;91.8;0;4;3.6;4.1;3;2.5;325;0;0;2.4
29553300;0;2;21;22;1.2;1.6;5.2;3.2;91.8;0;3.8;3.5;3.9;2.8;2.5;325;0;0;2.4
29554200;0;3;0;0;1.2;3.7;5.2;3.2;91.8;0;4;3.5;3.9;2.9;2.5;325;0;0;2.4
29555100;0;2;21;27;1.2;2.9;5.4;3.2;91.5;0;4;3.5;4;3;2.5;325;0;0;2.4
29556000;0;1;0;0;1.1;1.5;5.3;3;91.3;0;3.9;3.5;3.9;2.9;2.8;316.6666667;0;0;2.1
29556900;0;1;20;23;1.4;1.8;5.3;3;91.3;0;4;3.6;4;3;2.8;316.6666667;0;0;2.1
29557800;0;1;1;0;1.1;1.5;5.2;2.7;91.3;0;3.9;3.4;3.9;2.8;2.8;316.6666667;0;0;2.1
29558700;0;1;19;21;1.3;1.5;5.2;2.4;91.3;0;4.1;3.6;4.1;3.1;2.8;316.6666667;0;0;2.1
29559600;0;1;4;3;1.1;1.5;5.2;2.3;91.4;0;3.9;3.5;4;2.9;2.9;313.8888889;0;0;2.9
29560500;0;1;19;23;1.3;1.7;5.2;2.3;91.8;0;4.2;3.8;4.3;3.2;2.9;313.8888889;0;0;2.9
29561400;0;1;4;3;1.1;2;5.1;2.4;91.7;0;4;3.6;4.1;3;2.9;313.8888889;0;0;2.9
29562300;0;2;19;32;1.4;2.6;5.1;2.5;91.3;0;4.1;3.8;4.3;3.3;2.9;313.8888889;0;0;2.9
29563200;0;1;5;4;1.1;2.1;5.2;2.7;91.3;0;4;3.6;4.1;3;2.5;300;0;0;2.4
29564100;1;1;19;24;1.4;2.1;5.1;2.7;91.3;0;4.1;3.7;4.3;3.2;2.5;300;0;0;2.4
29565000;0;1;5;3;1.1;1.6;4.8;2.8;91.3;0;3.8;3.4;3.9;2.9;2.5;300;0;0;2.4
29565900;1;1;7;9;1.5;1.6;4.8;3;91.3;0;4;3.6;4.1;3.2;2.5;300;0;0;2.4
29566800;0;1;14;15;1.1;1.6;5;3.2;91.5;0;3.8;3.5;4;2.9;2.7;302.7777778;0;0;3.5
29567700;0;1;7;9;1.3;1.6;5.2;3.2;91.8;0;4.1;3.7;4.2;3.1;2.7;302.7777778;0;0;3.5
29568600;0;1;15;15;1.1;1.6;5.2;3.2;91.3;0;3.8;3.4;4;2.9;2.7;302.7777778;0;0;3.5
29569500;0;1;7;8;1.3;1.6;5.2;3.1;91.3;0;4.1;3.6;4.1;3.1;2.7;302.7777778;0;0;3.5
29570400;0;2;15;15;1.1;1.8;4.9;3;91;0;3.8;3.4;3.9;2.9;2.5;300;0;0;3.1
29571300;0;3;20;39;1;3.3;4.7;3;90.8;0;4;3.5;4;3;2.5;300;0;0;3.1
29572200;-1;0;43;102;-1.4;0.8;4.7;2.8;91.3;0;2.4;2.1;2.5;1.8;2.5;300;0;0;3.1
29573100;-3;0;43;103;-2.7;-0.4;4.7;2.5;91.1;0;1.5;1.2;1.6;0.7;2.5;300;0;0;3.1
29574000;-3;0;42;97;-3.3;-1.2;4.7;2.4;91.3;0;0.7;0.5;0.9;0;2.7;308.3333333;16.66666667;16.66666667;2.4
29574900;-3;-2;20;43;-2.9;-1.5;4.7;2.3;91.3;0;0.7;0.4;0.8;-0.3;2.7;308.3333333;16.66666667;16.66666667;2.4
29575800;-2;-2;0;0;-1.8;-1.5;4.9;2.4;91.3;0;1.3;1.2;1.6;0;2.7;308.3333333;16.66666667;16.66666667;2.4
29576700;-2;-1;31;66;-1.9;-0.5;5.1;2.5;91.1;0;2;1.8;2.2;1;2.7;308.3333333;16.66666667;16.66666667;2.4
29577600;-3;0;43;115;-3;-0.6;5.2;2.4;91;5.9;1.2;1;1.3;0.5;3.2;305.5555556;55.55555556;55.55555556;1.6
29578500;-4;-1;37;96;-3.5;-1.4;5.3;2.3;90.8;8.8;0.7;0.4;0.7;-0.2;3.2;305.5555556;55.55555556;55.55555556;1.6
29579400;-2;-1;20;42;-2;-1.1;5.4;2.3;90.9;8.8;1.5;1.2;1.6;0.3;3.2;305.5555556;55.55555556;55.55555556;1.6
29580300;-3;0;43;109;-3.1;-0.7;5.6;2.3;90.9;8.8;1.3;1.1;1.4;0.5;3.2;305.5555556;55.55555556;55.55555556;1.6
29581200;-3;0;43;113;-3.1;-1;5.6;2.4;90.7;34.4;1.2;0.8;1.2;0.2;3.8;308.3333333;77.77777778;77.77777778;1.9
29582100;-3;0;43;102;-3.1;-1;5.8;2.4;91.1;34.4;1.2;0.9;1.2;0.3;3.8;308.3333333;77.77777778;77.77777778;1.9
29583000;-2;0;3;7;-1.4;-1;6;2.6;90.8;37.4;1.7;1.5;1.9;0.4;3.8;308.3333333;77.77777778;77.77777778;1.9
29583900;-2;0;0;0;-1;-1;6.2;2.8;90.7;40;2.3;2.7;2.8;0.8;3.8;308.3333333;77.77777778;77.77777778;1.9
29584800;-2;0;0;0;-1;-0.5;6.5;2.9;90.7;62;2.9;4.1;3.3;1.2;4.1;316.6666667;77.77777778;77.77777778;2.6
29585700;-2;0;0;0;-0.5;-0.4;6.7;2.9;90.6;65.4;3.6;5.1;4;1.6;4.1;316.6666667;77.77777778;77.77777778;2.6
29586600;0;2;24;45;1.1;2.3;6.7;3.2;90.6;64.9;4.8;4.9;5;3.4;4.1;316.6666667;77.77777778;77.77777778;2.6
29587500;1;2;0;0;1.8;2.5;7.1;3.5;90.6;64.4;5.2;4.9;5.3;3.6;4.1;316.6666667;77.77777778;77.77777778;2.6
29588400;1;2;26;60;1.7;3.2;7.2;3.8;90.3;79.6;5.5;5.2;5.8;4.3;4.6;308.3333333;127.7777778;127.7777778;3.3
29589300;1;4;0;0;2;4.1;7.6;3.8;90.9;81.9;5.8;5.5;5.9;4.2;4.6;308.3333333;127.7777778;127.7777778;3.3
29590200;1;3;33;92;1.5;4.5;7.6;4;89.8;81.9;6.3;6.1;6.6;5.2;4.6;308.3333333;127.7777778;127.7777778;3.3
29591100;0;2;43;127;0.2;2.9;7.7;4.2;90.1;81.9;4.8;4.6;4.8;3.9;4.6;308.3333333;127.7777778;127.7777778;3.3
29592000;0;1;43;122;-0.4;2.2;7.9;4.4;90.2;95.2;4.1;3.9;4.2;3.2;3.9;283.3333333;97.22222222;105.5555556;2.8
29592900;0;1;43;125;-1.1;1.5;8.2;4.4;89.6;97.3;3.5;3.3;3.5;2.5;3.9;283.3333333;97.22222222;105.5555556;2.8
29593800;0;0;31;22;0.7;1;8.1;4.4;86.6;97.3;3.6;3.4;3.7;2.5;3.9;283.3333333;97.22222222;105.5555556;2.8
29594700;0;1;0;0;0.9;1.5;7.9;4.4;75;97.3;4.7;4.6;5;2.9;3.9;283.3333333;97.22222222;105.5555556;2.8
29595600;0;2;29;75;1.4;3.1;8.1;4.4;70.6;93.7;5.9;5.7;6;4.6;4.1;258.3333333;58.33333333;80.55555556;3
29596500;1;2;0;0;2.4;3.5;7.8;4.4;71.9;93.1;5.7;5.6;5.8;4.5;4.1;258.3333333;58.33333333;80.55555556;3
29597400;1;3;25;66;1.9;3.7;7.2;4.6;72.6;93.1;5.9;5.7;6;4.8;4.1;258.3333333;58.33333333;80.55555556;3
29598300;1;3;0;0;2.4;3.6;6.7;4.8;73.1;93.1;5.5;5.4;5.6;4.4;4.1;258.3333333;58.33333333;80.55555556;3
29599200;1;3;24;66;1.9;4;6.9;4.5;73.3;67.8;5.9;5.9;6;4.9;3.9;291.6666667;25;27.77777778;2.5
29600100;1;2;2;4;2.4;3.5;7.1;4.4;71.7;63.9;5.4;5.2;5.5;4.4;3.9;291.6666667;25;27.77777778;2.5
29601000;2;3;20;53;2.1;3.5;7.2;4.1;71.1;63.9;5.7;5.4;5.7;4.7;3.9;291.6666667;25;27.77777778;2.5
29601900;1;2;3;7;2;3;7.1;3.7;71.9;63.9;5.1;4.9;5.1;4.3;3.9;291.6666667;25;27.77777778;2.5
29602800;1;2;20;47;1.9;3.1;7.2;3.4;71.4;34.9;5.4;5.1;5.3;4.5;3.1;294.4444444;0;0;2.8
29603700;1;2;3;3;1.8;3;6.8;3.4;71.1;30.4;4.7;4.5;4.8;4;3.1;294.4444444;0;0;2.8
29604600;1;2;20;37;1.8;3;6.4;3.6;71.7;30.4;4.9;4.6;4.9;4.1;3.1;294.4444444;0;0;2.8
29605500;1;1;3;3;1.8;2.5;6.6;3.8;71.8;30.4;4.6;4.3;4.7;3.8;3.1;294.4444444;0;0;2.8
29606400;1;3;20;44;1.5;3.6;6.5;3.7;72.7;11.5;4.9;4.6;5;4.1;3.9;311.1111111;0;0;2.8
29607300;1;2;3;3;1.8;2.4;6.3;3.7;75.4;8.6;4.5;4.2;4.5;3.7;3.9;311.1111111;0;0;2.8
29608200;1;2;20;32;1.5;2.8;6.2;3.8;74.9;8.6;4.7;4.3;4.6;3.9;3.9;311.1111111;0;0;2.8
29609100;1;1;3;3;1.4;2.4;6.2;3.9;74.4;8.6;4.3;4;4.3;3.5;3.9;311.1111111;0;0;2.8
29610000;1;1;20;32;1.5;2.4;6.3;4;73.9;1.1;4.6;4.3;4.6;3.8;3.9;316.6666667;0;0;2.4
29610900;1;1;3;3;1.4;2.4;6.3;4;73.1;0;4.4;4.1;4.4;3.6;3.9;316.6666667;0;0;2.4
29611800;1;2;20;35;1.5;2.4;6.3;3.7;73.2;0;4.7;4.4;4.7;3.9;3.9;316.6666667;0;0;2.4
29612700;1;1;3;3;1.5;2.4;6.3;3.3;73.3;0;4.5;4.2;4.5;3.6;3.9;316.6666667;0;0;2.4
29613600;1;2;20;33;1.5;2.4;6.2;2.9;74.7;0;4.6;4.3;4.6;3.8;3.5;316.6666667;0;0;2.5
29614500;1;2;3;2;1.5;2.9;6.2;2.8;74.4;0;4.3;4;4.3;3.5;3.5;316.6666667;0;0;2.5
29615400;1;3;20;37;1.5;4.1;6.2;3.1;74.2;0;4.5;4.2;4.5;3.7;3.5;316.6666667;0;0;2.5
29616300;1;1;3;2;1.4;2.3;6.3;3.4;73.7;0;4.2;4;4.3;3.5;3.5;316.6666667;0;0;2.5
29617200;1;1;20;30;1.5;2.3;6.2;3.5;73.5;0;4.5;4.1;4.5;3.7;3.5;316.6666667;0;0;3.9
29618100;1;1;3;3;1.4;2.3;6.2;3.5;73.2;0;4.3;4;4.3;3.5;3.5;316.6666667;0;0;3.9
29619000;1;1;20;33;1.5;2.3;6.3;3.8;72.7;0;4.6;4.3;4.6;3.8;3.5;316.6666667;0;0;3.9
29619900;1;1;3;2;1.4;2.3;6.3;4.2;72.8;0;4.3;4;4.3;3.5;3.5;316.6666667;0;0;3.9
29620800;1;1;19;32;1.5;2.3;6.2;3.5;72.8;0;4.6;4.2;4.5;3.7;3.1;316.6666667;0;0;4.1
29621700;1;1;3;2;1.4;2.3;6.2;3.3;73.6;0;4.3;4;4.3;3.4;3.1;316.6666667;0;0;4.1
29622600;1;1;19;29;1.5;2.3;6.1;3.2;74.5;0;4.4;4.1;4.4;3.7;3.1;316.6666667;0;0;4.1
29623500;1;2;3;3;1.4;2.4;5.8;3;75.8;0;4.1;3.9;4.2;3.4;3.1;316.6666667;0;0;4.1
29624400;1;2;19;29;1.4;2.8;5.8;2.7;75.8;0;4.3;4;4.3;3.5;3.1;308.3333333;0;0;4.6
29625300;1;1;3;2;1.3;1.8;5.9;2.6;75.4;0;4;3.8;4.1;3.3;3.1;308.3333333;0;0;4.6
29626200;1;1;19;26;1.4;1.8;5.9;2.8;74.9;0;4.2;3.9;4.2;3.5;3.1;308.3333333;0;0;4.6
29627100;1;1;3;2;1.3;1.8;5.8;3.2;74.6;0;4;3.7;4.1;3.2;3.1;308.3333333;0;0;4.6
29628000;1;1;19;25;1.3;1.8;5.8;3;74.4;0;4.2;3.9;4.2;3.4;2.8;291.6666667;0;0;4
29628900;0;1;3;2;1.3;1.8;5.8;3;74.6;0;4;3.7;3.9;3.2;2.8;291.6666667;0;0;4
29629800;1;1;19;24;1.2;1.8;5.7;3;74.6;0;4.2;3.8;4.1;3.4;2.8;291.6666667;0;0;4
29630700;1;2;11;15;1.4;2.3;5.5;3.55;74.75;0;4.1;3.7;4;3.4;2.8;291.6666667;0;0;4
29631600;1;3;3;6;1.6;2.8;5.3;4.1;74.9;0;4;3.6;3.9;3.4;2.2;250;0;0;2.9
29632500;0;1;20;19;1.1;1.8;5;4.2;75.5;0;3.5;3.3;3.6;2.9;2.2;250;0;0;2.9
29633400;0;1;0;0;1.3;1.7;4.6;4.2;75.7;0;3.7;3.2;3.5;3.1;2.2;250;0;0;2.9
29634300;1;1;0;0;1.8;2.1;4.3;4.2;76.4;0;3.7;3.1;3.4;3.5;2.2;250;0;0;2.9
29635200;1;2;0;0;1.9;2.3;3.9;3.6;77.1;0;3.5;3;3.3;3.8;1.5;233.3333333;0;0;2.8
29636100;1;2;0;0;2.3;2.6;3.6;3.5;78.4;0;3.4;2.7;3.1;4.2;1.5;233.3333333;0;0;2.8
29637000;1;2;0;0;2.6;2.8;3.3;3.5;78.6;0;3.2;2.6;3;4.5;1.5;233.3333333;0;0;2.8
29637900;2;2;0;0;3.1;3.1;3.2;3.5;79.4;0;3.5;2.4;2.7;5;1.5;233.3333333;0;0;2.8
29638800;2;2;11;10;2.8;3.1;3;3.3;79.8;0;3.9;2.3;2.6;4.4;0.8;230.5555556;0;0;1.1
29639700;0;0;12;0;0.7;0.7;2.8;3.2;79.6;0;2.7;2.3;2.8;2.1;0.8;230.5555556;0;0;1.1
29640600;0;3;0;0;1.2;3.7;2.5;3.2;80.2;0;2.9;2.1;2.7;2.3;0.8;230.5555556;0;0;1.1
29641500;0;3;0;0;1.5;4.1;2.2;3.2;80.5;0;3;2.2;2.6;2.5;0.8;230.5555556;0;0;1.1
29642400;1;3;0;0;1.7;4.1;2.1;1.4;80.9;0;2.7;2.9;2.7;2.7;1;236.1111111;0;0;2.5
29643300;1;3;0;0;2.1;4.1;1.9;0.9;81.1;0;2.1;3.5;2.3;2.5;1;236.1111111;0;0;2.5
29644200;1;3;0;0;2.2;4.1;1.7;0.9;81.6;0;1.6;3.9;1.7;2.1;1;236.1111111;0;0;2.5
29645100;1;3;0;0;2.6;4.1;1.7;0.8;81.9;0;1.2;4.6;1.3;1.8;1;236.1111111;0;0;2.5
29646000;2;3;0;0;2.7;4.1;1.8;0.2;81.2;0;1;5.4;1.2;1.4;0;238.8888889;0;0;2.8
29646900;2;3;0;0;2.6;4.1;1.7;0.1;80.7;0;1;5.5;1.1;1;0;238.8888889;0;0;2.8
29647800;1;3;0;0;1.8;4.1;1.7;0.1;80.9;0;0.9;5.6;1;0.5;0;238.8888889;0;0;2.8
29648700;1;5;0;0;1.1;5.6;1.8;0;80.6;0;0.8;6.1;0.9;0.3;0;238.8888889;0;0;2.8
29649600;1;6;0;0;0.7;6.9;1.9;-0.3;80.5;0;0.7;6.6;0.8;0.1;-0.4;227.7777778;0;0;3.4
29650500;1;5;0;0;0.7;6.1;1.7;-0.4;80.1;0;0.7;6.7;0.8;0;-0.4;227.7777778;0;0;3.4
29651400;1;4;0;0;1.1;5.6;1.2;0;81;0;0.5;6.3;0.6;-0.3;-0.4;227.7777778;0;0;3.4
29652300;1;4;0;0;1.2;5.4;0.9;0.6;81.3;0;0.2;6.2;0.5;-0.6;-0.4;227.7777778;0;0;3.4
29653200;0;4;0;0;1;5.1;0.7;0.2;81.8;0;0;6.2;0.3;-0.8;-0.5;227.7777778;0;0;4.7
29654100;0;4;0;0;0.7;5.1;0.6;0.1;82.8;0;-0.2;5.8;0.1;-1;-0.5;227.7777778;0;0;4.7
29655000;0;4;0;0;0.5;4.8;0.5;-0.1;83.5;0;-0.3;5.5;0;-1.1;-0.5;227.7777778;0;0;4.7
29655900;0;3;0;0;0.2;4.6;0.6;-0.4;83.6;0;-0.2;5.2;0;-0.8;-0.5;227.7777778;0;0;4.7
29656800;0;4;0;0;0;4.8;0.6;-0.8;83.1;0;-0.1;5.1;0.1;-0.7;-0.9;241.6666667;2.777777778;2.777777778;4.6
29657700;0;6;0;0;-0.3;7;0.8;-1;83.1;0;0.1;5.2;0.2;-0.7;-0.9;241.6666667;2.777777778;2.777777778;4.6
29658600;0;6;0;0;-0.3;7.1;1.2;-0.9;81.8;0;0.3;5.3;0.4;-0.6;-0.9;241.6666667;2.777777778;2.777777778;4.6
29659500;0;6;3;0;0;6.9;1.3;-0.8;81.6;0;0.4;5.5;0.5;-0.5;-0.9;241.6666667;2.777777778;2.777777778;4.6
29660400;-3;-1;43;91;-3.1;-0.8;1.4;-0.8;81.2;0;0.7;0.4;0.7;0.5;-0.6;244.4444444;33.33333333;33.33333333;3.2
29661300;-5;-3;34;77;-4.6;-2.9;1.5;-0.8;80.7;0;-1.2;-1.4;-1.1;-1.6;-0.6;244.4444444;33.33333333;33.33333333;3.2
29662200;-3;-3;0;0;-3.7;-3.4;1.6;-0.7;80.6;0;-1.1;-1.4;-1.1;-1.7;-0.6;244.4444444;33.33333333;33.33333333;3.2
29663100;-3;-3;0;0;-3.2;-3.1;1.7;-0.6;80.5;0;-0.7;-1.1;-0.7;-1.3;-0.6;244.4444444;33.33333333;33.33333333;3.2
29664000;-3;-3;0;0;-2.8;-2.9;2;-0.5;79.6;12.7;-0.1;-0.6;-0.2;-0.8;-0.2;263.8888889;69.44444444;69.44444444;2.5
29664900;-3;-2;0;0;-2.5;-2.4;2.2;-0.5;79.5;17.3;0.4;0;0.1;-0.4;-0.2;263.8888889;69.44444444;69.44444444;2.5
29665800;-2;-2;0;0;-2;-2.2;2.4;-0.6;78.7;17.3;0.9;0.5;0.4;0.1;-0.2;263.8888889;69.44444444;69.44444444;2.5
29666700;-2;-1;0;0;-1.4;-1.6;2.7;-0.8;78;17.3;1.5;1;0.7;0.6;-0.2;263.8888889;69.44444444;69.44444444;2.5
29667600;-2;1;0;0;-0.9;1.8;3.5;-0.4;75.6;46.5;2.1;1.5;1.1;1;0.8;300;75;75;2.6
29668500;-2;0;0;0;0;1.9;4.1;-0.2;70.5;57.1;2.6;2;1.5;1.4;0.8;300;75;75;2.6
29669400;-2;0;0;0;0.7;1.1;4.4;-0.1;68.3;61.2;3;2.5;1.9;2.1;0.8;300;75;75;2.6
29670300;-2;0;0;0;1.2;1.1;4.6;0;66.5;69.5;3.3;3.1;2.4;3.1;0.8;300;75;75;2.6
29671200;-1;0;0;0;1.5;1.1;5;0.5;65.5;80;3.8;3.6;3;4;1.6;305.5555556;83.33333333;83.33333333;3.1
29672100;0;1;23;25;1.2;1.5;5.4;0.7;60;85.2;3.8;3.8;4;3.2;1.6;305.5555556;83.33333333;83.33333333;3.1
29673000;0;1;0;0;1.3;1.6;5.3;0.6;62.2;85.2;4.2;4;4.2;3.3;1.6;305.5555556;83.33333333;83.33333333;3.1
29673900;0;1;23;30;1.1;2.1;5.7;0.5;62.2;85.2;4.1;3.9;4.2;3.3;1.6;305.5555556;83.33333333;83.33333333;3.1
29674800;1;1;0;0;1.3;2.1;6.1;1;60.5;80.9;4.5;4.2;4.4;3.5;2.9;311.1111111;66.66666667;66.66666667;2.9
29675700;1;2;22;33;1.2;2.5;6.5;1.3;57.1;78.8;4.5;4.3;4.5;3.8;2.9;311.1111111;66.66666667;66.66666667;2.9
29676600;1;2;0;0;1.7;2.9;6.5;1.5;53.3;78.8;4.7;4.5;4.7;3.8;2.9;311.1111111;66.66666667;66.66666667;2.9
29677500;1;2;22;41;1.4;2.8;6;1.6;57.8;78.8;4.5;4.4;4.7;3.8;2.9;311.1111111;66.66666667;66.66666667;2.9
29678400;1;2;0;0;1.8;2.6;4.9;1.8;68.2;86.9;4.5;4.2;4.4;3.9;0.3;308.3333333;61.11111111;61.11111111;3.3
29679300;0;1;22;24;1.2;1.9;4.5;1.9;73;90.9;3.7;3.5;3.8;3;0.3;308.3333333;61.11111111;61.11111111;3.3
29680200;1;1;0;0;1.3;1.6;4.5;1.9;74.8;90.9;3.6;3.3;3.7;3.1;0.3;308.3333333;61.11111111;61.11111111;3.3
29681100;1;1;0;0;1.8;1.8;4.4;1.9;76.4;90.9;3.7;3.4;3.7;3.5;0.3;308.3333333;61.11111111;61.11111111;3.3
29682000;1;1;0;0;2;2.1;4.6;2.4;76.4;65.7;3.8;3.5;3.8;3.8;0.8;305.5555556;52.77777778;52.77777778;3.1
29682900;0;1;21;25;1.4;1.9;4.7;2.6;76.1;53.1;3.7;3.5;3.9;3.4;0.8;305.5555556;52.77777778;52.77777778;3.1
29683800;0;2;0;0;1.3;2;4.9;2.9;76;53.1;3.7;3.5;3.8;3.2;0.8;305.5555556;52.77777778;52.77777778;3.1
29684700;1;4;3;5;1.7;4.5;4.8;3.6;76;53.1;4;3.5;3.9;3.5;0.8;305.5555556;52.77777778;52.77777778;3.1
29685600;0;1;20;21;1.1;1.9;4.8;3.9;76.4;38.8;3.6;3.4;3.7;2.9;1.2;311.1111111;19.44444444;19.44444444;3.2
29686500;0;1;0;0;1.3;1.6;4.7;4.1;76.7;31.6;3.7;3.3;3.7;3.1;1.2;311.1111111;19.44444444;19.44444444;3.2
29687400;1;1;0;0;1.7;1.9;4.8;3.2;76.7;31.6;3.8;3.4;3.7;3.4;1.2;311.1111111;19.44444444;19.44444444;3.2
29688300;1;1;7;10;1.7;2.1;5.1;0.9;76.3;31.6;4;3.5;3.7;3.6;1.2;311.1111111;19.44444444;19.44444444;3.2
29689200;0;1;15;14;1.2;1.7;5.2;1.2;75.5;21.3;3.6;3.3;3.7;3;2.2;313.8888889;0;0;3
29690100;0;1;0;0;1.3;1.6;5;1.3;76.1;16.2;4;3.4;3.8;3.3;2.2;313.8888889;0;0;3
29691000;1;1;20;21;1.4;1.9;5.1;1;77.2;16.2;4;3.5;3.9;3.4;2.2;313.8888889;0;0;3
29691900;0;1;3;2;1.3;1.6;5.1;0.9;77.2;16.2;3.8;3.4;3.7;3.1;2.2;313.8888889;0;0;3
29692800;0;3;4;10;1.3;3.5;5.2;1.1;78;9.2;4.1;3.6;3.8;3.4;2.7;319.4444444;0;0;3.2
29693700;0;1;17;20;1.1;1.8;5.3;1.2;78;5.7;3.8;3.5;3.8;3;2.7;319.4444444;0;0;3.2
29694600;0;1;4;5;1.3;1.6;5.3;1.2;77.7;5.7;4.1;3.6;3.9;3.3;2.7;319.4444444;0;0;3.2
29695500;0;1;17;20;1.1;1.6;5.3;1.2;78;5.7;3.9;3.6;3.9;3.1;2.7;319.4444444;0;0;3.2
29696400;0;1;4;5;1.3;1.6;5.4;1.7;78.7;1.9;4.1;3.7;4;3.3;3.3;319.4444444;0;0;3.5
29697300;0;1;17;20;1.1;1.6;5.6;1.9;78.3;0;3.9;3.6;3.9;3.1;3.3;319.4444444;0;0;3.5
29698200;0;1;4;4;1.3;1.6;5.7;2.4;78;0;4.2;3.8;4.1;3.3;3.3;319.4444444;0;0;3.5
29699100;0;1;17;22;1.2;2.1;5.7;2.6;78.2;0;4;3.7;4.1;3.2;3.3;319.4444444;0;0;3.5
29700000;1;1;4;5;1.3;2.1;5.8;2.9;78.2;0;4.3;3.9;4.2;3.4;3.4;316.6666667;0;0;3.3
29700900;0;2;17;24;1.2;2.3;5.9;3;78.1;0;4.1;3.8;4.2;3.4;3.4;316.6666667;0;0;3.3
29701800;1;4;4;10;1.4;4.1;5.9;3;78.2;0;4.4;4;4.3;3.5;3.4;316.6666667;0;0;3.3
29702700;1;1;17;28;1.2;2.2;5.9;3;78.2;0;4.2;3.9;4.2;3.4;3.4;316.6666667;0;0;3.3
29703600;1;1;4;5;1.5;2;6;3.1;77.8;0;4.5;4.1;4.4;3.6;3.4;316.6666667;0;0;3.5
29704500;1;1;17;27;1.2;2;6.1;3.1;77.7;0;4.2;4;4.3;3.5;3.4;316.6666667;0;0;3.5
29705400;1;1;4;5;1.6;2;6;3.2;77.7;0;4.6;4.1;4.4;3.7;3.4;316.6666667;0;0;3.5
29706300;1;1;17;28;1.2;2.3;5.9;3.3;77.7;0;4.3;4;4.4;3.5;3.4;316.6666667;0;0;3.5
29707200;1;1;4;6;1.6;2;5.8;3.2;77.7;0;4.6;4.1;4.5;3.7;3.3;313.8888889;0;0;3.5
29708100;1;1;18;27;1.2;2.2;5.9;3.2;78;0;4.3;4;4.4;3.5;3.3;313.8888889;0;0;3.5
29709000;1;1;4;5;1.7;2;6;3.2;78.2;0;4.6;4.1;4.5;3.7;3.3;313.8888889;0;0;3.5
29709900;1;2;18;27;1.2;2.2;5.9;3.2;78.2;0;4.3;4;4.4;3.5;3.3;313.8888889;0;0;3.5
29710800;1;2;4;6;1.7;2.8;5.9;3.2;78.2;0;4.6;4.1;4.4;3.7;3;319.4444444;0;0;3.3
29711700;1;1;18;27;1.2;2.3;6.1;3.2;77.9;0;4.2;4;4.4;3.5;3;319.4444444;0;0;3.3
29712600;1;1;4;5;1.6;2;5.9;3.3;78.6;0;4.5;4.1;4.5;3.7;3;319.4444444;0;0;3.3
29713500;1;1;18;28;1.2;2.2;5.9;3.3;79;0;4.2;3.9;4.3;3.5;3;319.4444444;0;0;3.3
29714400;1;1;3;5;1.6;2;5.8;3.1;79.3;0;4.5;4.1;4.4;3.6;2.9;319.4444444;0;0;4
29715300;1;1;18;26;1.2;2;5.8;3;79.2;0;4.2;3.9;4.3;3.4;2.9;319.4444444;0;0;4
29716200;1;1;3;5;1.6;2;5.8;2.9;79.5;0;4.4;4;4.4;3.6;2.9;319.4444444;0;0;4
29717100;1;2;3;5.5;1.6;2.35;5.8;3.3;79.6;0;4.35;4;4.35;3.6;2.9;319.4444444;0;0;4
29718000;1;3;3;6;1.6;2.7;5.8;3.7;79.7;0;4.3;4;4.3;3.6;2.7;319.4444444;0;0;4
29718900;1;2;18;26;1.2;2.2;5.6;4.2;80;0;4.1;3.9;4.2;3.4;2.7;319.4444444;0;0;4
29719800;1;2;3;5;1.6;2.3;5.5;4.2;80.6;0;4.3;4;4.3;3.6;2.7;319.4444444;0;0;4
29720700;0;1;18;22;1.2;2.1;5.5;4.2;80.5;0;4;3.8;4.1;3.3;2.7;319.4444444;0;0;4
29721600;1;1;5;2;1.5;2;5.5;3.5;80.5;0;4.3;3.9;4.2;3.5;1.4;322.2222222;0;0;4.1
29722500;0;1;19;24;1.2;2;5.5;3.5;80.2;0;4;3.8;4.1;3.2;1.4;322.2222222;0;0;4.1
29723400;1;1;3;4;1.4;2;5.4;3.5;80.3;0;4.3;3.9;4.2;3.5;1.4;322.2222222;0;0;4.1
29724300;0;1;19;21;1.2;2;4.5;3.5;85.6;0;3.8;3.6;4;3.1;1.4;322.2222222;0;0;4.1
29725200;1;1;0;0;1.5;2;3.9;1.9;89.2;0;3.9;3.5;3.9;3.3;0.9;319.4444444;0;0;3.6
29726100;0;1;22;20;1.4;1.9;3.7;1.9;90.8;0;3.9;3.5;3.8;3.2;0.9;319.4444444;0;0;3.6
29727000;0;1;1;0;1.3;1.7;3.4;1.9;91.4;0;3.5;3.3;3.6;2.9;0.9;319.4444444;0;0;3.6
29727900;1;2;0;0;1.4;2.8;3.5;1.9;91.7;0;3.8;3.3;3.7;3.2;0.9;319.4444444;0;0;3.6
29728800;1;2;0;0;1.8;3;3.5;2.3;91.7;0;4;3.4;3.8;3.6;1.2;313.8888889;0;0;3.6
29729700;1;2;0;0;2;3;3.5;2.3;91.7;0;3.9;3.3;3.7;3.9;1.2;313.8888889;0;0;3.6
29730600;1;2;15;20;1.8;2.7;3.4;1.9;91.7;0;3.7;3.3;3.7;3.7;1.2;313.8888889;0;0;3.6
29731500;0;0;6;2;1.3;1.5;3.4;1.3;91.7;0;3.4;3.1;3.5;2.9;1.2;313.8888889;0;0;3.6
29732400;0;1;0;0;1.4;1.5;3.4;1.2;91.7;0;3.6;3.1;3.6;3.2;1.4;316.6666667;0;0;4.3
29733300;1;1;0;0;1.8;2;3.5;1.2;91.7;0;3.7;3.2;3.6;3.5;1.4;316.6666667;0;0;4.3
29734200;1;1;0;0;2;2.3;3.7;1;91.7;0;3.7;3.2;3.7;3.9;1.4;316.6666667;0;0;4.3
29735100;1;4;0;0;2.3;3.6;3.7;0.7;91.7;0;3.7;3.3;3.7;4.2;1.4;316.6666667;0;0;4.3
29736000;0;2;23;26;1.4;2.4;3.8;0.8;91.7;0;3.6;3.3;3.7;3.1;1.5;319.4444444;0;0;4.5
29736900;0;1;0;0;1.3;1.4;3.8;0.8;91.7;0;3.7;3.2;3.6;3.2;1.5;319.4444444;0;0;4.5
29737800;1;1;0;0;1.8;1.9;3.8;1;91.7;0;3.8;3.3;3.7;3.5;1.5;319.4444444;0;0;4.5
29738700;1;1;0;0;1.9;2.3;3.9;1.2;91.7;0;3.9;3.3;3.8;3.9;1.5;319.4444444;0;0;4.5
29739600;0;1;21;22;1.4;2;3.9;1.4;91.7;0;3.6;3.4;3.7;3.2;1.5;316.6666667;0;0;3.9
29740500;0;1;0;0;1.3;1.4;3.7;1.4;91.7;0;3.7;3.3;3.7;3.1;1.5;316.6666667;0;0;3.9
29741400;1;1;0;0;1.7;1.8;3.8;1.5;91.7;0;3.9;3.4;3.8;3.5;1.5;316.6666667;0;0;3.9
29742300;1;1;6;6;1.7;2.1;3.8;1.5;91.7;0;4;3.4;3.8;3.8;1.5;316.6666667;0;0;3.9
29743200;0;1;17;16;1.3;1.7;3.8;1.3;91.7;0;3.6;3.3;3.7;3;1.6;319.4444444;0;0;3.2
29744100;0;4;0;0;1.3;4;3.9;1.3;91.7;0;3.7;3.3;3.7;3.2;1.6;319.4444444;0;0;3.2
29745000;1;4;0;0;1.7;4.7;3.8;1.3;91.7;0;4;3.4;3.8;3.5;1.6;319.4444444;0;0;3.2
29745900;1;3;17;23;1.6;3.9;3.9;1.3;91.7;0;3.9;3.4;3.8;3.6;1.6;319.4444444;0;0;3.2
29746800;0;1;4;2;1.3;1.7;4.2;1;91.7;0;3.6;3.3;3.6;3;1.6;313.8888889;8.333333333;8.333333333;2.3
29747700;0;1;0;0;1.5;1.7;4.2;1;91.7;0;3.9;3.4;3.8;3.3;1.6;313.8888889;8.333333333;8.333333333;2.3
29748600;1;1;14;18;1.5;2.1;4.2;1;91.7;0;4;3.5;3.9;3.5;1.6;313.8888889;8.333333333;8.333333333;2.3
29749500;0;1;9;5;1.3;1.7;4.2;1.1;91.3;0;3.6;3.3;3.7;3;1.6;313.8888889;8.333333333;8.333333333;2.3
29750400;0;1;0;0;1.4;1.7;4.2;1.2;91.2;8.2;3.9;3.4;3.8;3.3;1.7;305.5555556;27.77777778;27.77777778;1.7
29751300;1;1;19;21;1.4;1.9;4.1;1.2;91.2;10.2;3.9;3.5;3.9;3.3;1.7;305.5555556;27.77777778;27.77777778;1.7
29752200;0;1;3;1;1.3;1.7;3.9;1.3;91.2;10.2;3.7;3.4;3.7;3;1.7;305.5555556;27.77777778;27.77777778;1.7
29753100;0;2;0;0;1.5;2.3;4;1.6;91.2;10.2;4;3.5;3.9;3.3;1.7;305.5555556;27.77777778;27.77777778;1.7
29754000;0;2;22;31;1.2;2.7;4.2;1.7;91.6;25.5;3.8;3.6;3.9;3.2;2.3;302.7777778;94.44444444;94.44444444;1.9
29754900;0;1;0;0;1.2;1.7;4.5;1.8;91.5;33.1;4;3.6;4;3.2;2.3;302.7777778;94.44444444;94.44444444;1.9
29755800;0;1;23;30;1.2;2.1;4.7;1.8;91.7;33.5;4.1;3.9;4.3;3.5;2.3;302.7777778;94.44444444;94.44444444;1.9
29756700;1;1;0;0;1.4;2.2;4.9;1.7;91.4;34.7;4.6;4.2;4.5;3.6;2.3;302.7777778;94.44444444;94.44444444;1.9
29757600;1;2;23;46;1.5;2.5;5.2;1.8;91.4;63.9;4.8;4.6;4.9;3.9;2.8;302.7777778;122.2222222;122.2222222;1.6
29758500;1;2;0;0;1.7;2.7;5.2;1.9;91.3;78.5;5;4.7;5;4;2.8;302.7777778;122.2222222;122.2222222;1.6
29759400;1;2;25;53;1.5;3;5.3;1.9;91.1;81.6;5.2;5;5.3;4.3;2.8;302.7777778;122.2222222;122.2222222;1.6
29760300;1;2;0;0;2;3.2;5.4;2;91.2;90.2;5.4;5.1;5.4;4.2;2.8;302.7777778;122.2222222;122.2222222;1.6
29761200;1;2;24;56;1.9;3.4;5.3;2.2;90.8;109.7;5.4;5.3;5.5;4.6;3;294.4444444;125;125;1.8
29762100;1;5;0;0;2.2;4.5;5.5;2.3;90.8;119.5;5.3;5.2;5.4;4.3;3;294.4444444;125;125;1.8
29763000;1;3;24;67;2;4.7;5.3;2.4;90.6;119.5;5.6;5.4;5.7;4.6;3;294.4444444;125;125;1.8
29763900;1;2;0;0;2.2;3.2;5.3;2.6;90.4;119.5;5.4;5.2;5.4;4.4;3;294.4444444;125;125;1.8
29764800;1;2;24;51;2;3.4;5.3;2.7;90.5;127.2;5.5;5.3;5.6;4.6;3.1;297.2222222;86.11111111;86.11111111;2.8
29765700;1;2;0;0;2.2;3.2;5.7;2.8;90.6;131;5.3;5;5.3;4.3;3.1;297.2222222;86.11111111;86.11111111;2.8
29766600;1;2;24;53;1.9;3.4;6;2.9;90.4;131;5.5;5.3;5.6;4.6;3.1;297.2222222;86.11111111;86.11111111;2.8
29767500;1;2;0;0;2.2;3.2;6;3;89.9;131;5.3;5;5.3;4.3;3.1;297.2222222;86.11111111;86.11111111;2.8
29768400;1;2;23;55;1.9;3.4;6.1;3.1;90.3;116.4;5.6;5.4;5.6;4.6;3.1;302.7777778;47.22222222;47.22222222;1.7
29769300;1;2;0;3;2.1;3.2;6.4;3.2;90.2;109.1;5.2;5;5.3;4.3;3.1;302.7777778;47.22222222;47.22222222;1.7
29770200;1;3;23;55;1.9;3.3;6.3;3.2;89.7;109.1;5.6;5.3;5.6;4.6;3.1;302.7777778;47.22222222;47.22222222;1.7
29771100;1;3;0;3;2.1;3.3;6;3.2;89.5;109.1;5.1;4.9;5.2;4.3;3.1;302.7777778;47.22222222;47.22222222;1.7
29772000;1;3;22;48;1.9;3.6;6.1;3.1;89.8;81.4;5.4;5.1;5.4;4.4;3;300;16.66666667;16.66666667;1.7
29772900;1;2;0;0;2.1;2.7;5.9;3.1;89.8;67.6;4.9;4.6;5;4.1;3;300;16.66666667;16.66666667;1.7
29773800;1;2;22;41;1.8;2.8;5.8;3;89.7;67.6;5.1;4.8;5.1;4.2;3;300;16.66666667;16.66666667;1.7
29774700;1;2;0;0;1.7;2.7;5.7;3;89.8;67.6;4.7;4.3;4.6;3.8;3;300;16.66666667;16.66666667;1.7
29775600;1;2;22;33;1.8;2.7;5.7;2.9;89.8;38.5;4.9;4.4;4.8;4;2.8;294.4444444;0;0;1.4
29776500;1;1;0;0;1.6;2.2;5.5;2.9;89.6;24;4.4;4;4.4;3.6;2.8;294.4444444;0;0;1.4
29777400;1;2;22;30;1.6;2.2;5.4;3;89.7;24;4.5;4.1;4.5;3.7;2.8;294.4444444;0;0;1.4
29778300;1;1;0;0;1.6;2.2;5.3;3;89.1;24;4.1;3.8;4.1;3.3;2.8;294.4444444;0;0;1.4
29779200;1;3;22;31;1.4;3.3;5.3;3;85;13.7;4.2;3.7;4.1;3.4;2.8;313.8888889;0;0;1.2
29780100;1;1;0;0;1.3;2.1;5.4;3;79.3;6.8;4;3.6;4;3.2;2.8;313.8888889;0;0;1.2
29781000;1;1;22;26;1.4;2.1;5.6;3.1;76.3;6.8;4.2;3.8;4.2;3.4;2.8;313.8888889;0;0;1.2
29781900;1;1;0;0;1.3;2.1;5.7;3.1;74.8;6.8;4.2;3.7;4.1;3.3;2.8;313.8888889;0;0;1.2
29782800;1;1;22;25;1.4;2.1;5.7;3.4;74.3;0;4.4;3.8;4.2;3.5;2.9;319.4444444;0;0;1.4
29783700;1;1;0;0;1.3;2.1;5.9;3.4;74.8;0;4.2;3.7;4.1;3.3;2.9;319.4444444;0;0;1.4
29784600;1;1;22;28;1.4;2.1;5.9;3.3;74;0;4.4;4;4.3;3.5;2.9;319.4444444;0;0;1.4
29785500;1;1;0;0;1.4;2.1;5.9;3.1;72.6;0;4.3;3.9;4.2;3.4;2.9;319.4444444;0;0;1.4
29786400;1;1;21;30;1.4;2.1;5.9;2.9;73.4;0;4.5;4;4.4;3.6;3.2;322.2222222;0;0;2.1
29787300;1;3;0;0;1.6;2.9;6;2.9;73.7;0;4.2;3.9;4.3;3.5;3.2;322.2222222;0;0;2.1
29788200;1;3;21;36;1.4;3.7;6.1;2.8;73.7;0;4.5;4;4.5;3.7;3.2;322.2222222;0;0;2.1
29789100;1;1;0;0;1.6;2.1;6.1;2.7;73.9;0;4.3;3.9;4.3;3.5;3.2;322.2222222;0;0;2.1
29790000;1;1;21;30;1.4;2.1;6.1;2.8;74.1;0;4.5;4.1;4.5;3.7;3.2;313.8888889;0;0;2
29790900;1;1;0;0;1.6;2.1;6.1;2.8;74.2;0;4.3;3.9;4.3;3.5;3.2;313.8888889;0;0;2
29791800;1;1;21;32;1.4;2.1;6.1;2.9;74.4;0;4.5;4.1;4.5;3.7;3.2;313.8888889;0;0;2
29792700;1;1;0;0;1.6;2.1;6;3;75;0;4.3;3.9;4.3;3.5;3.2;313.8888889;0;0;2
29793600;1;1;21;29;1.4;2.1;5.9;2.8;75.6;0;4.4;4;4.4;3.6;3;294.4444444;0;0;1.8
29794500;1;1;0;0;1.6;2.1;5.8;2.8;75.7;0;4.2;3.8;4.2;3.4;3;294.4444444;0;0;1.8
29795400;1;1;21;26;1.4;2.1;5.9;2.9;76.2;0;4.4;3.9;4.3;3.5;3;294.4444444;0;0;1.8
29796300;1;2;0;0;1.4;2.2;5.7;3;76.2;0;4;3.6;3.9;3.2;3;294.4444444;0;0;1.8
29797200;1;2;21;26;1.4;2.6;5.8;2.8;76.7;0;4.1;3.7;4.1;3.4;2.8;288.8888889;0;0;2.4
29798100;0;1;0;0;1.2;2.1;5.6;2.8;76.7;0;4.1;3.6;4;3.3;2.8;288.8888889;0;0;2.4
29799000;1;1;21;21;1.4;2;5.1;2.9;77.6;0;4;3.6;4;3.3;2.8;288.8888889;0;0;2.4
29799900;0;1;0;0;1.1;1.6;5.2;3;78.2;0;3.9;3.4;3.8;3.1;2.8;288.8888889;0;0;2.4
29800800;1;1;12;13;1.5;1.7;5.6;3.1;77.6;0;4.2;3.7;4.2;3.4;2.8;319.4444444;0;0;3.2
29801700;0;1;10;11;1.1;2.1;5.8;3.1;77.2;0;4;3.6;4;3.3;2.8;319.4444444;0;0;3.2
29802600;1;1;12;13;1.5;2.1;5.9;3.1;76.8;0;4.2;3.8;4.2;3.5;2.8;319.4444444;0;0;3.2
29803500;1;1.5;11.5;16;1.5;2.45;6.05;3.05;76.3;0;4.3;3.8;4.2;3.5;2.8;319.4444444;0;0;3.2
29804400;1;2;11;19;1.5;2.8;6.2;3;75.8;0;4.4;3.8;4.2;3.5;2.9;319.4444444;0;0;3.1
29805300;1;1;10;9;1.3;2.1;6.2;3;75.7;0;4;3.7;4.1;3.3;2.9;319.4444444;0;0;3.1
29806200;1;2;12;14;1.5;2.1;6.2;3;75.4;0;4.3;3.9;4.3;3.5;2.9;319.4444444;0;0;3.1
29807100;1;1;10;11;1.2;2.1;6.1;3;75.2;0;4.1;3.7;4.1;3.4;2.9;319.4444444;0;0;3.1
29808000;1;1;11;17;1.5;2.1;6.2;2.8;75.2;0;4.4;3.9;4.3;3.6;2.8;316.6666667;0;0;3.3
29808900;1;1;10;10;1.2;2.1;6.2;2.7;75.5;0;3.9;3.7;4;3.3;2.8;316.6666667;0;0;3.3
29809800;1;1;11;16;1.5;2.1;6.1;2.7;75.7;0;4.1;3.9;4.2;3.5;2.8;316.6666667;0;0;3.3
29810700;0;1;11;10;1.2;2.1;6.1;2.7;75.7;0;3.9;3.6;4;3.3;2.8;316.6666667;0;0;3.3
29811600;1;1;11;15;1.5;2.1;6;2.1;76.1;0;4.1;3.8;4.2;3.5;2.9;316.6666667;0;0;3.6
29812500;0;2;11;10;1.2;2.2;5.9;1.9;75.6;0;3.9;3.6;3.9;3.2;2.9;316.6666667;0;0;3.6
29813400;1;3;11;18;1.5;3.9;5.9;1.9;75.5;0;4.2;3.8;4.1;3.4;2.9;316.6666667;0;0;3.6
29814300;0;1;12;10;1.1;2;5.9;1.9;74.8;0;3.9;3.6;4;3.2;2.9;316.6666667;0;0;3.6
29815200;1;1;11;16;1.5;2;5.8;2.2;74.4;0;4.3;3.8;4.2;3.5;2.6;313.8888889;0;0;2.6
29816100;0;1;11;11;1.1;2;5.8;2.3;73.3;0;4;3.7;4.1;3.3;2.6;313.8888889;0;0;2.6
29817000;1;1;11;16;1.5;2;5.8;2.3;72.8;0;4.3;3.9;4.3;3.5;2.6;313.8888889;0;0;2.6
29817900;0;1;11;11;1.2;2;5.8;2.4;71.6;0;4;3.7;4.1;3.3;2.6;313.8888889;0;0;2.6
29818800;1;1;11;16;1.5;2;5.7;2.2;71.2;0;4.3;3.8;4.2;3.5;2.1;263.8888889;0;0;2.2
29819700;0;1;12;10;1.1;2;5.6;2.1;71.1;0;3.9;3.6;4;3.2;2.1;263.8888889;0;0;2.2
29820600;1;1;0;0;1.6;2;5;2.3;71.4;0;4.2;3.6;4;3.6;2.1;263.8888889;0;0;2.2
29821500;1;3;0;0;1.9;3.7;4.3;2.6;74.1;0;4.2;3.3;3.8;3.8;2.1;263.8888889;0;0;2.2
29822400;1;3;13;19;1.9;4.4;3.9;2.4;75.4;0;4;3.2;3.7;3.8;2;250;0;0;2.7
29823300;0;0;9;2;1.1;1.5;3.3;2.4;76.9;0;3.3;2.7;3.2;2.7;2;250;0;0;2.7
29824200;0;1;0;0;1.4;1.5;2.8;2.4;78.5;0;3.3;2.4;2.9;3;2;250;0;0;2.7
29825100;1;1;0;0;1.6;1.9;2.4;2.5;79.4;0;3.3;2.2;2.7;3.3;2;250;0;0;2.7
29826000;1;1;0;0;2.1;2.2;2.4;2.3;80.8;0;3;2;2.6;3.7;1.7;244.4444444;0;0;3
29826900;1;2;0;0;2.2;2.5;2.3;2.3;81.6;0;2.9;1.9;2.5;4.1;1.7;244.4444444;0;0;3
29827800;1;2;0;0;2.6;2.8;2.7;2.2;82.2;0;2.6;2;2.4;4.4;1.7;244.4444444;0;0;3
29828700;2;2;0;0;3.2;3;3;2;80.1;0;2.3;3.3;2.3;4.9;1.7;244.4444444;0;0;3
29829600;2;3;3;6;3.5;3.5;3;1.8;79.7;0;2.2;4.4;2.5;5.1;1.8;238.8888889;0;0;2.1
29830500;0;0;20;7;0.9;1.2;3.4;1.8;78.5;0;3.1;2.5;3.1;2.3;1.8;238.8888889;0;0;2.1
29831400;0;2;0;0;1.2;1.9;3.5;1.8;77.6;0;3.2;2.4;3.1;2.6;1.8;238.8888889;0;0;2.1
29832300;1;3;0;0;1.5;3.4;3.3;1.9;77.4;0;3.5;2.3;3.2;2.9;1.8;238.8888889;0;0;2.1
29833200;1;2;0;0;1.9;3.6;3;1.7;78.5;0;3.6;2.2;3.7;3.3;1.5;252.7777778;30.55555556;58.33333333;1.8
29834100;1;2;0;0;2.1;3.6;2.8;1.6;78.9;0;3.8;2.1;4.3;3.6;1.5;252.7777778;30.55555556;58.33333333;1.8
29835000;1;2;13;8;2;3.1;2.9;1.6;79.9;0;3.8;2.2;4.3;3.3;1.5;252.7777778;30.55555556;58.33333333;1.8
29835900;0;0;10;0;0.8;1.1;3.3;1.5;79.5;0;3.1;2.8;3.2;2.7;1.5;252.7777778;30.55555556;58.33333333;1.8
29836800;0;0;0;0;1.2;1.1;4.1;1.6;77.4;11.7;3.5;3.5;3.3;3;2.3;294.4444444;86.11111111;97.22222222;1.8
29837700;0;1;20;40;1.2;2;5.2;1.6;73.9;15.9;4.6;4.5;4.6;3.6;2.3;294.4444444;86.11111111;97.22222222;1.8
29838600;1;2;3;8;1.8;2.6;5.6;1.7;70.6;15.9;4.7;4.5;4.8;4;2.3;294.4444444;86.11111111;97.22222222;1.8
29839500;1;2;18;42;1.6;2.6;5.5;2;70;15.9;5;4.7;5;4.2;2.3;294.4444444;86.11111111;97.22222222;1.8
29840400;1;2;3;6;1.8;2.7;5.5;2.3;70.1;32.1;4.6;4.4;4.6;3.9;3.2;300;119.4444444;122.2222222;1.7
29841300;1;2;18;38;1.5;3.1;5.6;2.4;69;38;5.1;4.9;5;4.3;3.2;300;119.4444444;122.2222222;1.7
29842200;1;2;3;7;1.8;2.7;5.7;2.3;68.3;40;4.8;4.6;4.9;4.1;3.2;300;119.4444444;122.2222222;1.7
29843100;1;2;18;42;1.6;2.9;6.2;2.1;67.6;44.1;5.5;5.2;5.4;4.6;3.2;300;119.4444444;122.2222222;1.7
29844000;1;2;10;15;2;3.2;6.8;2.5;65.1;66.2;5.3;5.3;5.5;4.5;4;319.4444444;136.1111111;136.1111111;2.4
29844900;1;2;13;37;2.2;3.3;7.2;2.7;63.7;74.3;6.1;5.9;6.2;5;4;319.4444444;136.1111111;136.1111111;2.4
29845800;2;2;14;33;2.2;3.7;7.5;2.7;62;77.5;5.5;5.5;5.7;4.8;4;319.4444444;136.1111111;136.1111111;2.4
29846700;2;3;7;22;2.3;3.7;7.7;2.8;60;83.9;6.3;6.1;6.4;5.1;4;319.4444444;136.1111111;136.1111111;2.4
29847600;1;3;43;99;2.4;4.3;8;3;59.2;91.7;6.2;6.1;6.4;5.5;4.7;322.2222222;133.3333333;136.1111111;3.2
29848500;1;3;43;74;2.7;4.1;8.3;3.1;58.4;94.6;6;5.9;6.2;5.2;4.7;322.2222222;133.3333333;136.1111111;3.2
29849400;1;3;43;70;2.7;4.1;8.5;3.3;58.1;94.6;5.9;5.8;6;5;4.7;322.2222222;133.3333333;136.1111111;3.2
29850300;1;3;43;68;2.7;3.7;8.7;3.6;58;94.6;5.7;5.7;5.9;5;4.7;322.2222222;133.3333333;136.1111111;3.2
29851200;1;3;43;70;2.7;3.6;8.6;3.9;57.7;94.9;5.8;5.8;6;5;5.4;325;125;127.7777778;2
29852100;1;3;43;73;2.7;3.6;8.8;4;57.7;95;6;5.9;6.2;5.2;5.4;325;125;127.7777778;2
29853000;1;3;43;74;2.7;3.6;9;4.2;57.5;95;6.1;6;6.2;5.2;5.4;325;125;127.7777778;2
29853900;1;3;43;69;2.7;3.6;8.9;4.5;57;95;5.9;5.8;6.1;5.1;5.4;325;125;127.7777778;2
29854800;1;3;43;68;2.7;3.6;9;4.7;57.3;68.6;5.9;5.8;6;5.1;5.8;330.5555556;50;50;1.4
29855700;1;3;43;68;2.7;3.6;9.1;4.8;56.6;59;5.9;5.8;6;5;5.8;330.5555556;50;50;1.4
29856600;1;3;43;63;2.7;3.6;8.8;4.9;57;59;5.7;5.6;5.9;4.9;5.8;330.5555556;50;50;1.4
29857500;1;3;43;61;2.7;3.6;8.4;5.1;57.3;59;5.6;5.5;5.8;4.8;5.8;330.5555556;50;50;1.4
29858400;1;2;43;56;2.3;3.6;8.3;5.2;58.1;45.7;5.4;5.3;5.6;4.6;5.5;333.3333333;16.66666667;16.66666667;1
29859300;1;2;43;55;2.2;3.6;8.4;5.3;58.1;40.8;5.4;5.2;5.5;4.6;5.5;333.3333333;16.66666667;16.66666667;1
29860200;1;2;20;25;2.2;3.3;8.3;5.4;58.9;40.8;5.4;5.3;5.6;4.5;5.5;333.3333333;16.66666667;16.66666667;1
29861100;1;2;3;5;2.2;3.1;8.3;5.7;59.3;40.8;5.8;5.8;6.1;4.8;5.5;333.3333333;16.66666667;16.66666667;1
29862000;1;2;23;58;2;3.8;8.3;5.6;60.1;20.6;5.7;5.5;5.8;4.9;5;333.3333333;0;0;0.7
29862900;2;3;0;0;2.6;3.6;8.2;5.6;61.7;13.2;5.8;5.6;5.8;4.8;5;333.3333333;0;0;0.7
29863800;1;2;23;56;1.9;3.4;8.1;5.6;63.4;13.2;5.4;5.3;5.5;4.7;5;333.3333333;0;0;0.7
29864700;2;2;0;0;2.4;3.1;8.1;5.7;64;13.2;5.7;5.3;5.6;4.7;5;333.3333333;0;0;0.7
29865600;1;3;23;57;1.9;3.4;8.1;5.6;63.3;8.1;5.5;5.3;5.6;4.7;5.1;336.1111111;0;0;0.4
29866500;2;3;0;0;2.3;3.5;8.1;5.5;63.2;5.5;5.7;5.3;5.5;4.7;5.1;336.1111111;0;0;0.4
29867400;1;3;24;53;1.9;3.4;8.1;5.4;62.2;5.5;5.5;5.3;5.6;4.7;5.1;336.1111111;0;0;0.4
29868300;1;2;0;0;2.3;3.1;8.1;5.3;62.7;5.5;5.8;5.4;5.6;4.7;5.1;336.1111111;0;0;0.4
29869200;1;3;26;58;1.9;3.5;8.1;5.3;62.4;1.8;5.6;5.4;5.7;4.8;5.2;338.8888889;0;0;0.6
29870100;2;2;0;0;2.4;3.6;8.2;5.3;62.9;0;5.7;5.5;5.6;4.7;5.2;338.8888889;0;0;0.6
29871000;1;3;26;59;2;3.7;8.2;5.1;62.6;0;5.7;5.5;5.7;4.9;5.2;338.8888889;0;0;0.6
29871900;2;2;0;0;2.4;3.6;8.2;5;63.2;0;5.7;5.4;5.7;4.7;5.2;338.8888889;0;0;0.6
29872800;1;3;26;60;2.2;3.6;8.3;4.6;63.4;0;5.7;5.5;5.8;4.8;5.3;338.8888889;0;0;0.8
29873700;2;4;0;0;2.5;4.2;8.4;4.4;64.2;0;5.6;5.4;5.6;4.7;5.3;338.8888889;0;0;0.8
29874600;1;3;24;64;2.2;4.7;8.4;4.6;64.5;0;5.6;5.4;5.7;4.8;5.3;338.8888889;0;0;0.8
29875500;2;2;0;0;2.5;3.5;8.4;4.7;64.7;0;5.5;5.3;5.5;4.6;5.3;338.8888889;0;0;0.8
29876400;1;3;23;54;2.1;3.5;8.4;4.8;65.6;0;5.6;5.4;5.6;4.8;5.2;338.8888889;0;0;2.1
29877300;1;2;0;0;2.2;3;8.3;4.8;66.5;0;5.5;5.2;5.4;4.6;5.2;338.8888889;0;0;2.1
29878200;1;3;24;55;2.1;3.3;8.2;5.1;67.3;0;5.6;5.4;5.6;4.8;5.2;338.8888889;0;0;2.1
29879100;1;2;0;0;2.4;3.5;8.3;5.2;68.3;0;5.4;5.2;5.4;4.6;5.2;338.8888889;0;0;2.1
29880000;1;2;23;51;2.1;3.5;8.3;5.2;69;0;5.5;5.3;5.5;4.8;4.9;338.8888889;0;0;1.9
29880900;1;2;0;0;2.3;3;8.3;5.2;69.6;0;5.4;5.1;5.3;4.5;4.9;338.8888889;0;0;1.9
29881800;1;2;23;49;2;3.2;8.3;5.2;70.7;0;5.5;5.2;5.5;4.7;4.9;338.8888889;0;0;1.9
29882700;1;3;0;0;2.3;3.5;8.2;5.3;72.3;0;5.2;5;5.2;4.4;4.9;338.8888889;0;0;1.9
29883600;1;3;23;50;2;3.9;8.2;5.2;72.9;0;5.3;5.1;5.4;4.6;4.9;336.1111111;0;0;1
29884500;1;2;0;0;2.1;3;8.2;5.1;73.8;0;5.1;4.9;5.1;4.3;4.9;336.1111111;0;0;1
29885400;1;2;22;47;2;3;8.2;5;74;0;5.2;5;5.3;4.5;4.9;336.1111111;0;0;1
29886300;1;2;0;0;2;3;8.3;5;74.3;0;5.2;4.8;5.1;4.3;4.9;336.1111111;0;0;1
29887200;1;2;22;45;2;3;8.3;5;74.3;0;5.2;4.9;5.2;4.5;4.7;336.1111111;0;0;1.5
29888100;1;2;0;0;2;3;8.3;5;73.9;0;4.9;4.7;5;4.2;4.7;336.1111111;0;0;1.5
29889000;1;2;22;42;1.9;3;8.3;4.9;74.5;0;5.1;4.9;5.2;4.4;4.7;336.1111111;0;0;1.5
29889900;1;2;0;0;2;3;8.2;4.9;75.3;0;5;4.8;5;4.2;4.7;336.1111111;0;0;1.5
29890800;1;2;22;48;1.9;3;8.3;3.6;75.2;0;5.1;4.9;5.2;4.4;4.3;336.1111111;0;0;1.9
29891700;1;3;0;0;2.1;3.1;8.4;3;74.8;0;5;4.7;5;4.2;4.3;336.1111111;0;0;1.9
29892600;1;2;22;46;1.9;3.4;8.3;3;74.6;0;5.2;4.9;5.2;4.5;4.3;336.1111111;0;0;1.9
29893500;1;2;0;0;2;3;8.1;3;75.9;0;5.1;4.9;5.2;4.3;4.3;336.1111111;0;0;1.9
29894400;1;2;22;46;1.9;3;8.1;2.7;76.3;0;5.2;5;5.3;4.5;4.2;336.1111111;0;0;1.5
29895300;1;2;0;0;2.2;3;8.2;2.7;76.3;0;5.1;4.8;5.2;4.4;4.2;336.1111111;0;0;1.5
29896200;1;2;22;45;1.9;3;8.3;2.7;76.3;0;5.2;4.9;5.3;4.5;4.2;336.1111111;0;0;1.5
29897100;1;2;0;0;2.1;3;8.3;2.7;76.7;0;5;4.8;5.1;4.3;4.2;336.1111111;0;0;1.5
29898000;1;2;22;44;1.9;3;8.3;4.7;77.1;0;5.1;4.9;5.2;4.4;4.2;336.1111111;0;0;1.9
29898900;1;2;0;0;2;3.1;8.2;4.7;77.5;0;4.8;4.7;5;4.2;4.2;336.1111111;0;0;1.9
29899800;1;3;22;47;1.9;4.2;8.1;4.7;78.9;0;5;4.8;5.1;4.3;4.2;336.1111111;0;0;1.9
29900700;1;2;0;0;2;3;7.9;4.7;79.9;0;5;4.7;5;4.1;4.2;336.1111111;0;0;1.9
29901600;1;2;22;45;1.9;3;8;4.5;80.6;0;5.2;5;5.2;4.4;4.3;336.1111111;0;0;2.4
29902500;1;2;0;0;2;3;8.1;4.5;80.9;0;5.2;5;5.2;4.4;4.3;336.1111111;0;0;2.4
29903400;1;2;22;51;2;3.2;8.1;4.3;81.3;0;5.3;5.2;5.4;4.6;4.3;336.1111111;0;0;2.4
29904300;1;2;0;0;2.2;3;8.1;4;81.3;0;5.2;5;5.3;4.4;4.3;336.1111111;0;0;2.4
29905200;1;2;21;49;2;3.2;8.1;4.3;81.6;0;5.4;5.2;5.4;4.5;4.3;336.1111111;0;0;1.6
29906100;1;2;0;0;2.2;3;8.1;4.4;81.8;0;5.1;4.9;5.1;4.4;4.3;336.1111111;0;0;1.6
29907000;1;2;22;48;2;3.2;8.1;4.4;81.8;0;5.3;5.1;5.3;4.6;4.3;336.1111111;0;0;1.6
29907900;1;4;0;0;2.2;4.2;8.2;4.5;81.4;0;5;4.8;5.1;4.3;4.3;336.1111111;0;0;1.6
29908800;1;3;23;54;2;4.3;8.2;4.5;81.3;0;5.2;5;5.4;4.5;4.4;336.1111111;0;0;1.1
29909700;1;2;0;0;2.2;3;8.1;4.5;81.4;0;5;4.9;5.2;4.3;4.4;336.1111111;0;0;1.1
29910600;1;2;23;43;2;3.2;8.1;4.4;81.3;0;5.2;5;5.4;4.5;4.4;336.1111111;0;0;1.1
29911500;1;2;0;0;2.2;3;8.1;4.3;81.3;0;5.1;4.9;5.2;4.3;4.4;336.1111111;0;0;1.1
29912400;1;2;23;44;2;3.2;8.1;4.1;81.3;0;5.3;5;5.4;4.6;4.5;336.1111111;0;0;1
29913300;1;2;0;0;2.2;3;8.1;4.1;81.3;0;5.1;4.9;5.2;4.4;4.5;336.1111111;0;0;1
29914200;1;2;24;44;2;3.2;8.2;4.1;80.9;0;5.3;5.1;5.4;4.6;4.5;336.1111111;0;0;1
29915100;1;2;0;0;2.2;3;8.3;4.1;80.8;0;5.1;5;5.2;4.4;4.5;336.1111111;0;0;1
29916000;1;2;22;48;2;3.2;8.3;4;80.8;0;5.3;5.2;5.5;4.6;4.7;336.1111111;0;0;1.5
29916900;1;2;26;65;1.5;3;8.1;4;80.8;0;4.9;4.8;5.1;4.2;4.7;336.1111111;0;0;1.5
29917800;-1;1;43;123;-0.9;1.7;8.2;4.1;80.8;0;3.4;3.2;3.4;2.8;4.7;336.1111111;0;0;1.5
29918700;-2;0;43;110;-1.9;0.4;8.3;4.4;80.8;0;2.3;2.1;2.3;1.6;4.7;336.1111111;0;0;1.5
29919600;-3;0;43;116;-2.8;-0.4;8.4;4.3;80.7;0;1.5;1.2;1.5;0.6;4.8;327.7777778;22.22222222;22.22222222;1.3
29920500;-4;0;43;113;-3.4;-1;8.3;4.2;80.5;0;1;0.7;1;0;4.8;327.7777778;22.22222222;22.22222222;1.3
29921400;-4;0;42;112;-3.6;-1.4;8.3;4.3;80.8;0;0.7;0.4;0.7;-0.3;4.8;327.7777778;22.22222222;22.22222222;1.3
29922300;-4;-2;43;112;-4;-1.5;8.3;4.3;80.8;0;0.6;0.3;0.6;-0.4;4.8;327.7777778;22.22222222;22.22222222;1.3
29923200;-4;-2;43;111;-4;-1.5;8.6;4.4;80.8;7.4;0.4;0.2;0.4;-0.5;5.5;336.1111111;63.88888889;63.88888889;1.1
29924100;-4;-2;42;110;-4;-2;8.8;4.4;80.3;11.1;0.1;0;0.2;-0.8;5.5;336.1111111;63.88888889;63.88888889;1.1
29925000;-4;-2;42;111;-4.5;-2;9.1;4.6;79.1;11.1;0.2;0;0.2;-0.7;5.5;336.1111111;63.88888889;63.88888889;1.1
29925900;-4;-2;43;113;-4.1;-1.7;9.1;4.8;78.5;11.1;0.9;0.6;0.9;-0.1;5.5;336.1111111;63.88888889;63.88888889;1.1
29926800;-3;-2;43;114;-3.6;-1.4;9.6;5.1;78.3;45.2;1.3;0.9;1.1;0.2;6;341.6666667;100;100;2.2
29927700;-3;-1;43;90;-2.6;-0.9;10.1;5.1;77.1;45.2;1.6;1.5;1.7;0.7;6;341.6666667;100;100;2.2
29928600;-2;0;43;111;-2.5;-0.4;10.5;5.1;76;43.9;2.2;2;2.2;1.3;6;341.6666667;100;100;2.2
29929500;0;0;0;0;-0.3;0;10.9;5.2;75.2;42.4;2.9;3.1;3.2;1.6;6;341.6666667;100;100;2.2
29930400;0;0;14;35;0;0.8;10.9;5.7;74.1;66.1;4.3;4.9;5;3;6.2;341.6666667;100;100;1.3
29931300;0;2;43;137;0.3;3.2;10.5;5.8;76.2;69.7;5.2;5;5.2;4.2;6.2;341.6666667;100;100;1.3
29932200;0;2;43;133;0.2;3;10.3;6;77.4;68.5;4.9;4.7;4.9;3.9;6.2;341.6666667;100;100;1.3
29933100;0;2;43;130;0.2;3;10.5;6.2;77.3;67.2;4.9;4.7;4.9;3.8;6.2;341.6666667;100;100;1.3
29934000;0;2;42;114;0.6;2.5;10.8;6.6;76.9;87;4.9;4.7;4.9;3.8;6.8;341.6666667;113.8888889;113.8888889;2.5
29934900;1;2;43;71;1.7;3.2;10.7;6.7;77.8;90;5.7;5.5;5.8;4.5;6.8;341.6666667;113.8888889;113.8888889;2.5
29935800;1;3;43;82;2.2;3.9;10.6;6.7;78.9;90;6.3;6.2;6.4;5.3;6.8;341.6666667;113.8888889;113.8888889;2.5
29936700;2;3;43;86;2.2;4;11;6.6;78.6;90;6.5;6.4;6.7;5.6;6.8;341.6666667;113.8888889;113.8888889;2.5
29937600;2;4;43;90;2.6;4.4;11.3;6.9;77;87;6.7;6.6;6.8;5.8;7.3;344.4444444;83.33333333;83.33333333;2.6
29938500;2;4;43;92;2.7;4.5;11.4;7;76.2;86.5;6.8;6.7;7;5.9;7.3;344.4444444;83.33333333;83.33333333;2.6
29939400;2;4;43;91;2.7;4.5;11.2;6.9;76.8;86.5;6.8;6.7;7;5.9;7.3;344.4444444;83.33333333;83.33333333;2.6
29940300;2;4;43;90;2.7;4.5;11.2;6.7;76.8;86.5;6.8;6.7;7;5.9;7.3;344.4444444;83.33333333;83.33333333;2.6
29941200;2;4;43;87;2.7;4.5;11.3;7.1;76.5;84.5;6.8;6.6;6.9;5.9;7.4;347.2222222;50;50;2.7
29942100;2;4;43;86;2.7;4.5;11.1;7.2;76.7;84.2;6.7;6.5;6.8;5.8;7.4;347.2222222;50;50;2.7
29943000;2;4;43;83;2.7;4.5;10.9;7.3;77.3;84.2;6.6;6.4;6.7;5.7;7.4;347.2222222;50;50;2.7
29943900;2;3;43;80;2.7;4.5;10.7;7.4;78;84.2;6.5;6.3;6.6;5.6;7.4;347.2222222;50;50;2.7
29944800;2;3;43;78;2.7;4.5;10.8;7.3;78.3;58.5;6.4;6.3;6.6;5.6;7.2;347.2222222;16.66666667;16.66666667;3.1
29945700;2;3;43;75;2.7;4.5;10.9;7.3;77.7;54.6;6.3;6.2;6.5;5.4;7.2;347.2222222;16.66666667;16.66666667;3.1
29946600;2;3;43;71;2.7;4;10.8;7.3;78.1;54.6;6.2;6;6.3;5.4;7.2;347.2222222;16.66666667;16.66666667;3.1
29947500;2;3;43;69;2.7;4;10.5;7.2;79.6;54.6;6.2;5.9;6.2;5.2;7.2;347.2222222;16.66666667;16.66666667;3.1
29948400;2;3;43;65;2.7;4;10.7;7;79.1;28.5;6;5.7;6;5.2;7.2;344.4444444;0;0;3.2
29949300;1;3;43;63;2.7;4;10.5;7;78.6;24.5;6;5.7;6;5.1;7.2;344.4444444;0;0;3.2
29950200;1;3;43;68;2.7;4;10.3;7.1;78.1;24.5;6.1;5.8;6.1;5.3;7.2;344.4444444;0;0;3.2
29951100;2;3;43;68;2.7;4;10.1;7.2;78.1;24.5;6.1;5.9;6.2;5.3;7.2;344.4444444;0;0;3.2
29952000;2;3;43;67;2.7;4;10.3;6.8;77.7;8.2;6;5.9;6.2;5.3;7.2;344.4444444;0;0;2.6
29952900;2;3;43;65;2.7;4;10.3;6.7;77.4;5.7;6;5.8;6.1;5.3;7.2;344.4444444;0;0;2.6
29953800;2;3;43;63;2.7;4;10.3;6.7;77.3;5.7;5.8;5.7;6;5.2;7.2;344.4444444;0;0;2.6
29954700;1;3;43;65;2.7;4;10.3;6.7;77.3;5.7;5.9;5.8;6.1;5.1;7.2;344.4444444;0;0;2.6
29955600;1;3;43;60;2.7;3.9;10.4;6.5;77.1;0.8;5.8;5.6;5.9;5;6.9;344.4444444;0;0;2.3
29956500;1;3;43;56;2.7;3.5;10.6;6.5;76.8;0;5.6;5.5;5.8;4.9;6.9;344.4444444;0;0;2.3
29957400;1;3;43;57;2.7;3.5;10.6;6.7;76.8;0;5.6;5.5;5.8;4.9;6.9;344.4444444;0;0;2.3
29958300;1;3;43;65;2.7;3.5;10.4;7;77.2;0;6;5.8;6.1;5.1;6.9;344.4444444;0;0;2.3
29959200;2;3;43;67;2.7;3.5;10.2;6.7;78;0;6.1;5.9;6.3;5.2;7.2;344.4444444;0;0;2.4
29960100;2;3;43;67;2.7;4;10.2;6.7;78.3;0;6.1;6;6.3;5.3;7.2;344.4444444;0;0;2.4
29961000;2;3;43;68;2.7;4;10.3;6.7;78.3;0;6.1;6;6.3;5.3;7.2;344.4444444;0;0;2.4
29961900;2;3;43;67;2.7;4;10.2;6.8;78.5;0;6.1;6;6.3;5.3;7.2;344.4444444;0;0;2.4
29962800;2;3;43;69;2.7;4;9.9;6.6;79.1;0;6.2;6;6.3;5.4;6.7;344.4444444;0;0;2.5
29963700;2;3;43;67;2.7;4;9.8;6.6;78.3;0;6.1;6;6.3;5.3;6.7;344.4444444;0;0;2.5
29964600;2;3;43;62;2.7;4;9.9;6.6;78;0;5.9;5.8;6.1;5.2;6.7;344.4444444;0;0;2.5
29965500;2;3;43;60;2.7;4;10;6.7;77.4;0;5.8;5.7;6;5.1;6.7;344.4444444;0;0;2.5
29966400;2;3;43;61;2.7;4;9.8;6.4;77.6;0;5.8;5.7;6;5;6.4;341.6666667;0;0;2.2
29967300;2;3;43;58;2.7;3.9;9.7;6.3;77.8;0;5.7;5.6;5.9;5;6.4;341.6666667;0;0;2.2
29968200;1;3;43;55;2.7;3.5;9.6;6.6;78.1;0;5.6;5.5;5.8;4.9;6.4;341.6666667;0;0;2.2
29969100;1;3;43;55;2.7;3.5;9.7;6.9;78.3;0;5.6;5.5;5.9;4.9;6.4;341.6666667;0;0;2.2
29970000;1;3;43;59;2.7;3.5;9.4;6.5;78.7;0;5.7;5.6;6;5;5.9;341.6666667;0;0;2.2
29970900;1;3;43;58;2.7;3.5;9.3;6.4;79.2;0;5.7;5.6;5.9;5;5.9;341.6666667;0;0;2.2
29971800;1;3;43;56;2.7;3.5;9.4;6.4;79.3;0;5.7;5.5;5.8;4.9;5.9;341.6666667;0;0;2.2
29972700;1;3;43;56;2.7;3.5;9.3;6.3;79.6;0;5.6;5.5;5.9;4.9;5.9;341.6666667;0;0;2.2
29973600;1;3;43;58;2.7;3.5;9.1;6;80.6;0;5.7;5.6;5.9;4.9;5.7;338.8888889;0;0;2.5
29974500;1;3;43;57;2.7;3.5;9;6;80.8;0;5.7;5.6;5.9;4.9;5.7;338.8888889;0;0;2.5
29975400;1;3;43;55;2.7;3.5;8.9;6.5;81;0;5.6;5.5;5.9;4.9;5.7;338.8888889;0;0;2.5
29976300;1;3;31.5;40;2.7;3.5;8.85;6;81.05;0;5.65;5.55;5.9;4.85;5.7;338.8888889;0;0;2.5
29977200;1;3;20;25;2.7;3.5;8.8;5.5;81.1;0;5.7;5.6;5.9;4.8;5.5;338.8888889;0;0;2.5
29978100;2;4;3;6;2.7;4.4;8.8;5.3;80.8;0;6.2;6.1;6.3;5.1;5.5;338.8888889;0;0;2.5
29979000;1;3;22;60;2.5;4.2;8.9;5.3;80.2;0;5.9;5.9;6.2;5.2;5.5;338.8888889;0;0;2.5
29979900;2;3;0;0;2.7;4;8.9;5.3;80;0;6.1;6;6.3;5.2;5.5;338.8888889;0;0;2.5
29980800;1;3;26;64;2.3;4.2;9;5;79.8;0;6;5.9;6.1;5.3;5.3;338.8888889;0;0;3.6
29981700;2;3;0;0;2.8;4;8.9;4.9;79.8;0;6.1;6;6.1;5.2;5.3;338.8888889;0;0;3.6
29982600;1;3;27;66;2.3;4.1;8.8;4.9;79.9;0;6;5.9;6.1;5.3;5.3;338.8888889;0;0;3.6
29983500;2;3;0;0;2.7;4;8.8;4.9;79.7;0;6;5.9;6;5.1;5.3;338.8888889;0;0;3.6
29984400;1;3;25;58;2.3;3.9;8.7;4.7;79.9;0;6;5.9;6.1;5.3;5;336.1111111;0;0;2.4
29985300;2;3;0;0;2.7;3.7;8.7;4.7;79.8;0;5.9;5.8;6;5;5;336.1111111;0;0;2.4
29986200;1;4;24;59;2.3;4.6;8.7;4.7;79.8;0;5.9;5.8;6.1;5.2;5;336.1111111;0;0;2.4
29987100;2;3;0;0;2.6;3.6;8.7;4.7;80;0;5.8;5.7;5.8;5;5;336.1111111;0;0;2.4
29988000;1;3;25;57;2.3;3.9;8.7;4.7;79.8;0;6;5.7;6;5.2;4.7;336.1111111;0;0;1.5
29988900;2;3;0;0;2.5;3.5;8.4;4.7;80.3;0;5.7;5.5;5.8;4.9;4.7;336.1111111;0;0;1.5
29989800;2;3;23;55;2.3;3.7;8.3;4.8;81.8;0;5.9;5.7;6;5.1;4.7;336.1111111;0;0;1.5
29990700;2;3;0;0;2.5;3.5;8.5;4.9;81;0;5.7;5.5;5.7;4.8;4.7;336.1111111;0;0;1.5
29991600;2;3;24;55;2.2;3.7;8.6;4.8;80.7;0;5.8;5.6;5.9;5.1;4.6;336.1111111;0;0;0.8
29992500;2;3;0;0;2.4;3.5;8.4;4.8;81;0;5.5;5.4;5.7;4.8;4.6;336.1111111;0;0;0.8
29993400;1;3;23;53;2.3;3.7;8.4;4.8;81.3;0;5.8;5.6;5.9;5.1;4.6;336.1111111;0;0;0.8
29994300;2;4;0;0;2.4;4.6;8.5;4.9;80.7;0;5.6;5.4;5.7;4.8;4.6;336.1111111;0;0;0.8
29995200;2;4;24;63;2.3;5;8.4;4.7;80.3;0;5.9;5.7;5.9;5.1;4.3;336.1111111;0;0;1.1
29996100;2;3;0;0;2.4;3.5;8.6;4.7;80.2;0;5.5;5.4;5.7;4.8;4.3;336.1111111;0;0;1.1
29997000;1;3;23;52;2.3;3.7;8.4;4.7;80.3;0;5.8;5.7;6;5.1;4.3;336.1111111;0;0;1.1
29997900;2;2;0;0;2.4;3.5;8.3;4.6;80.3;0;5.5;5.4;5.6;4.7;4.3;336.1111111;0;0;1.1
29998800;1;3;22;52;2.3;3.7;8.2;4.5;80;0;5.9;5.7;5.9;5.1;3.9;333.3333333;0;0;1.2
29999700;2;2;3;3;2.4;3.5;8.1;4.5;80.4;0;5.5;5.3;5.6;4.7;3.9;333.3333333;0;0;1.2
30000600;2;3;20;46;2.2;3.5;8.1;4.5;79.8;0;5.7;5.5;5.8;5;3.9;333.3333333;0;0;1.2
30001500;2;2;3;3;2.4;3.5;7.9;4.5;79.4;0;5.3;5.1;5.4;4.6;3.9;333.3333333;0;0;1.2
30002400;1;3;20;42;2.2;3.5;7.7;4.4;79.1;0;5.7;5.4;5.6;4.8;3.5;330.5555556;0;0;2.4
30003300;1;3;3;3;2.4;3.3;7.6;4.4;79.8;0;5.2;5;5.2;4.4;3.5;330.5555556;0;0;2.4
30004200;2;3;20;43;2.2;4;7.4;4.4;79.5;0;5.6;5.2;5.5;4.7;3.5;330.5555556;0;0;2.4
30005100;1;3;3;4;2.4;3.2;7.3;4.3;79.8;0;5.1;4.9;5.2;4.4;3.5;330.5555556;0;0;2.4
30006000;1;3;20;37;2.2;3.5;7;4;80.7;0;5.3;5.1;5.3;4.6;3.4;325;16.66666667;16.66666667;3.2
30006900;1;2;3;4;2;3;6.6;3.9;82.1;0;4.9;4.7;5;4.3;3.4;325;16.66666667;16.66666667;3.2
30007800;1;2;20;35;2.2;3;6.3;3.7;83.2;0;5.1;4.9;5.2;4.5;3.4;325;16.66666667;16.66666667;3.2
30008700;1;2;3;3;1.9;3;6.4;3.4;82.8;0;4.8;4.6;4.9;4.1;3.4;325;16.66666667;16.66666667;3.2
30009600;1;2;20;35;2.2;3;6.6;3.3;82.1;4.5;5.1;4.9;5.3;4.4;3.3;308.3333333;75;75;3.2
30010500;1;2;3;3;1.9;3;6.7;3.3;81.5;5.6;4.9;4.7;5;4.2;3.3;308.3333333;75;75;3.2
30011400;1;2;20;39;2.2;3;6.9;3.3;80.6;5.6;5.3;5;5.4;4.5;3.3;308.3333333;75;75;3.2
30012300;1;3;3;3;2.1;3.4;6.8;3.3;80.2;5.6;5.1;5.1;5.3;4.4;3.3;308.3333333;75;75;3.2
30013200;1;4;20;53;2.2;5.1;6.8;3.5;80.1;21;5.6;5.5;5.8;4.9;4.1;302.7777778;150;155.5555556;2.2
30014100;2;3;6;8;2.4;3.5;6.8;3.6;80.3;24.8;5.8;5.8;5.9;4.8;4.1;302.7777778;150;155.5555556;2.2
30015000;2;3;17;63;2.2;4;7.4;3.6;78.4;24.6;7.2;7.1;7.1;5.7;4.1;302.7777778;150;155.5555556;2.2
30015900;2;4;43;84;2.9;4.7;7.7;3.6;77.2;24.3;6.7;6.7;6.9;5.6;4.1;302.7777778;150;155.5555556;2.2
30016800;2;3;43;75;2.9;4.5;7.9;3.9;76.5;55.6;6.4;6.4;6.6;5.5;5;305.5555556;127.7777778;130.5555556;1.3
30017700;2;3;43;67;2.9;4.1;8.1;4;76;67;6.1;6.1;6.3;5.2;5;305.5555556;127.7777778;130.5555556;1.3
30018600;2;3;43;65;2.9;4;8.3;4;74.9;67.3;6;5.9;6.2;5.2;5;305.5555556;127.7777778;130.5555556;1.3
30019500;2;3;43;69;2.9;4;8.2;4;75.1;67.8;6.2;6.1;6.3;5.3;5;305.5555556;127.7777778;130.5555556;1.3
30020400;2;3;43;72;2.9;4;8.3;4.5;75.1;77.3;6.3;6.2;6.5;5.4;5.3;305.5555556;177.7777778;180.5555556;0.8
30021300;2;3;43;75;2.9;4;8.4;4.7;75;80.7;6.5;6.3;6.6;5.6;5.3;305.5555556;177.7777778;180.5555556;0.8
30022200;2;4;43;85;2.9;4.5;8.8;4.7;74.8;80.7;6.9;6.7;6.9;5.9;5.3;305.5555556;177.7777778;180.5555556;0.8
30023100;2;4;43;85;2.9;4.5;8.9;4.8;74.5;80.7;6.9;6.8;7;5.9;5.3;305.5555556;177.7777778;180.5555556;0.8
30024000;2;4;43;89;2.9;4.6;9.3;5.3;73.8;104.3;7.1;6.9;7.2;6.2;5.5;316.6666667;113.8888889;116.6666667;0.7
30024900;2;4;43;89;2.9;5;9.6;5.5;72.5;112.9;7.1;6.9;7.3;6.2;5.5;316.6666667;113.8888889;116.6666667;0.7
30025800;2;4;43;81;2.9;5;9.5;5.5;73.2;112.9;6.9;6.7;7;5.9;5.5;316.6666667;113.8888889;116.6666667;0.7
30026700;2;4;43;83;2.9;5;9.4;5.6;73.7;112.9;6.9;6.8;7;6;5.5;316.6666667;113.8888889;116.6666667;0.7
30027600;2;4;43;79;2.9;4.9;9;5.8;75.4;91.6;6.8;6.7;6.9;5.9;5.2;336.1111111;50;50;0.8
30028500;2;4;43;73;2.9;4.5;8.9;5.9;76.7;83.8;6.5;6.4;6.7;5.7;5.2;336.1111111;50;50;0.8
30029400;2;3;43;66;2.9;4.5;9;5.8;76.8;83.8;6.3;6.2;6.5;5.5;5.2;336.1111111;50;50;0.8
30030300;2;3;43;61;2.9;4;9.1;5.6;76.8;83.8;6.1;6;6.2;5.3;5.2;336.1111111;50;50;0.8
30031200;2;3;43;58;2.9;4;9.2;5.5;76.8;59.7;5.9;5.8;6.1;5.1;5.3;336.1111111;16.66666667;16.66666667;0.6
30032100;2;3;43;55;2.9;4;9.3;5.5;76.8;51;5.8;5.7;6;5;5.3;336.1111111;16.66666667;16.66666667;0.6
30033000;2;3;15;18;2.9;4;9.3;5.5;77.3;51;5.9;5.8;6.1;4.9;5.3;336.1111111;16.66666667;16.66666667;0.6
30033900;2;3;8;21;2.8;4;9;5.4;77.5;51;6.4;6.4;6.6;5.3;5.3;336.1111111;16.66666667;16.66666667;0.6
30034800;2;3;17;46;2.8;4.2;8.6;5.3;78.4;24.9;6;5.9;6.2;5.2;5;333.3333333;0;0;0.9
30035700;2;3;5;9;2.8;4;8.2;5.3;79.1;15.4;6.4;6.2;6.5;5.4;5;333.3333333;0;0;0.9
30036600;2;3;20;52;2.7;4.2;8.2;5.2;79.8;15.4;6;5.9;6.1;5.2;5;333.3333333;0;0;0.9
30037500;2;3;1;3;2.9;4;8.2;5;79.9;15.4;6.1;6;6.3;5.2;5;333.3333333;0;0;0.9
30038400;2;3;23;57;2.7;4.2;7.9;4.9;80.3;8;5.9;5.9;6.1;5.2;4.9;333.3333333;0;0;0.6
30039300;2;4;0;0;2.9;4.3;7.9;4.8;80.3;5.3;6.1;6;6.2;5.2;4.9;333.3333333;0;0;0.6
30040200;2;3;23;59;2.6;4.2;7.9;4.9;80.3;5.3;5.9;5.7;6.1;5.1;4.9;333.3333333;0;0;0.6
30041100;2;3;0;0;2.9;4;8.2;5;79.9;5.3;6;5.8;6;5.1;4.9;333.3333333;0;0;0.6
30042000;2;3;20;51;2.3;3.8;8.3;4.9;79.3;1.4;5.7;5.6;5.9;5;5.2;336.1111111;0;0;0.8
30042900;2;3;0;0;2.8;3.5;8.5;4.9;78.9;0;5.9;5.6;5.9;5;5.2;336.1111111;0;0;0.8
30043800;2;3;20;54;2.4;3.7;8.4;4.9;78.3;0;5.7;5.6;5.9;5;5.2;336.1111111;0;0;0.8
30044700;2;3;0;0;2.7;3.5;8.4;4.9;78.7;0;5.8;5.6;5.8;5;5.2;336.1111111;0;0;0.8
30045600;2;3;20;48;2.4;3.7;8.7;4.6;78.4;0;5.6;5.5;5.7;4.9;5.2;333.3333333;0;0;0.8
30046500;2;4;0;0;2.7;4.4;8.8;4.5;77.9;0;5.6;5.4;5.7;4.9;5.2;333.3333333;0;0;0.8
30047400;2;3;20;51;2.2;3.9;8.7;4.5;77.8;0;5.5;5.3;5.7;4.8;5.2;333.3333333;0;0;0.8
30048300;2;3;0;0;2.6;3.3;8.7;4.5;77.8;0;5.6;5.4;5.6;4.8;5.2;333.3333333;0;0;0.8
30049200;1;3;20;45;2.2;3.6;8.7;4.6;77.8;0;5.4;5.2;5.6;4.7;5.2;333.3333333;0;0;0.6
30050100;2;2;0;0;2.5;3.3;8.8;4.7;78;0;5.5;5.3;5.5;4.7;5.2;333.3333333;0;0;0.6
30051000;1;2;20;44;2.2;3.5;8.8;4.9;78.3;0;5.4;5.2;5.6;4.7;5.2;333.3333333;0;0;0.6
30051900;2;2;0;0;2.5;3.3;8.7;5.4;78.4;0;5.5;5.2;5.5;4.7;5.2;333.3333333;0;0;0.6
30052800;1;2;23;45;2.2;3.5;8.6;5;78.8;0;5.3;5.2;5.6;4.7;5.1;336.1111111;0;0;0.4
30053700;2;2;0;0;2.5;3.3;8.7;4.9;78.7;0;5.5;5.3;5.6;4.7;5.1;336.1111111;0;0;0.4
30054600;1;3;23;50;2.2;3.5;8.7;4.9;78.9;0;5.6;5.4;5.8;4.8;5.1;336.1111111;0;0;0.4
30055500;2;5;0;0;2.6;5.4;8.6;4.8;79.5;0;5.7;5.5;5.9;4.9;5.1;336.1111111;0;0;0.4
30056400;1;3;23;58;2.4;4.3;8.6;4.8;79.9;0;5.7;5.5;5.9;4.9;4.8;336.1111111;0;0;0.7
30057300;2;3;0;0;2.7;3.8;8.6;4.8;79.8;0;5.7;5.6;6;4.9;4.8;336.1111111;0;0;0.7
30058200;1;3;23;52;2.4;3.8;8.7;4.9;80;0;5.7;5.5;5.9;5;4.8;336.1111111;0;0;0.7
30059100;2;3;0;0;2.7;3.8;8.6;5.2;80.8;0;5.7;5.5;5.9;5;4.8;336.1111111;0;0;0.7
30060000;2;3;24;50;2.4;3.8;8.5;5.3;81.7;0;5.7;5.5;5.9;5;4.8;338.8888889;0;0;1.1
30060900;2;3;0;0;2.7;3.8;8.5;5.4;82.3;0;5.8;5.6;5.9;5;4.8;338.8888889;0;0;1.1
30061800;2;3;23;53;2.4;3.8;8.4;5.4;82.3;0;5.7;5.6;5.9;5;4.8;338.8888889;0;0;1.1
30062700;2;3;23;52;2.4;3.8;8.45;5.35;82.55;0;5.75;5.6;5.9;5;4.8;338.8888889;0;0;1.1
30063600;2;3;23;51;2.4;3.8;8.5;5.3;82.8;0;5.8;5.6;5.9;5;4.8;336.1111111;0;0;1.1
30064500;2;4;0;0;2.6;4.1;8.4;5.3;83.1;0;5.7;5.5;5.9;4.9;4.8;336.1111111;0;0;1.1
30065400;2;3;23;56;2.4;4.1;8.5;5.3;83.1;0;5.8;5.6;6;5;4.8;336.1111111;0;0;1.1
30066300;2;3;0;0;2.6;3.8;8.6;5.3;82.8;0;5.7;5.6;5.9;4.9;4.8;336.1111111;0;0;1.1
30067200;2;3;22;54;2.4;3.8;8.6;5;82.7;0;5.7;5.6;6;5;4.8;336.1111111;0;0;1.6
30068100;2;3;0;0;2.6;3.8;8.5;4.9;82.8;0;5.7;5.6;5.9;4.9;4.8;336.1111111;0;0;1.6
30069000;2;3;24;49;2.4;3.8;8.4;4.9;83;0;5.7;5.6;6;5;4.8;336.1111111;0;0;1.6
30069900;2;3;0;0;2.6;3.8;8.6;4.9;82.5;0;5.7;5.5;5.9;4.9;4.8;336.1111111;0;0;1.6
30070800;2;3;23;54;2.4;3.8;8.3;4.7;82.6;0;5.7;5.6;6;5.1;4.7;333.3333333;0;0;3
30071700;2;3;0;0;2.6;3.9;8.5;4.7;82.9;0;5.7;5.5;5.9;4.9;4.7;333.3333333;0;0;3
30072600;2;4;23;57;2.4;4.5;8.4;4.7;82.8;0;5.8;5.6;6;5;4.7;333.3333333;0;0;3
30073500;2;3;0;0;2.6;3.8;8.3;4.7;82.8;0;5.7;5.6;5.9;4.9;4.7;333.3333333;0;0;3
30074400;2;3;24;53;2.4;3.8;8.4;4.4;82.5;0;5.7;5.6;5.9;5.1;4.7;333.3333333;0;0;2.7
30075300;2;3;0;0;2.6;3.8;8.3;4.4;82.3;0;5.6;5.5;5.8;4.9;4.7;333.3333333;0;0;2.7
30076200;2;3;24;43;2.4;3.7;8.4;4.5;82.3;0;5.6;5.5;5.8;4.9;4.7;333.3333333;0;0;2.7
30077100;2;2;0;0;2.6;3.3;8.5;4.7;81.8;0;5.5;5.4;5.6;4.8;4.7;333.3333333;0;0;2.7
30078000;2;3;24;47;2.3;3.5;8.3;4.6;82.1;0;5.5;5.4;5.7;4.9;4.8;333.3333333;0;0;2.3
30078900;2;2;0;0;2.6;3.3;8.4;4.6;82.2;0;5.5;5.3;5.5;4.7;4.8;333.3333333;0;0;2.3
30079800;1;3;24;44;2.3;3.5;8.6;4.6;81.9;0;5.6;5.4;5.7;4.9;4.8;333.3333333;0;0;2.3
30080700;2;4;0;0;2.6;4.6;8.5;4.6;81.8;0;5.5;5.3;5.5;4.8;4.8;333.3333333;0;0;2.3
30081600;2;3;21;53;2.4;4.4;8.4;4.4;81.8;0;5.6;5.4;5.7;4.9;4.8;333.3333333;0;0;3.6
30082500;2;2;0;0;2.6;3.3;8.3;4.4;81.8;0;5.5;5.3;5.6;4.7;4.8;333.3333333;0;0;3.6
30083400;1;3;21;41;2.2;3.5;8.5;4.4;81.8;0;5.4;5.3;5.6;4.7;4.8;333.3333333;0;0;3.6
30084300;2;2;0;0;2.5;3.3;8.6;4.5;81.3;0;5.3;5.2;5.4;4.6;4.8;333.3333333;0;0;3.6
30085200;1;3;21;38;2.2;3.3;8.6;4.4;81.3;0;5.4;5.2;5.6;4.7;5;333.3333333;0;0;2.7
30086100;2;2;0;0;2.4;3.3;8.6;4.4;81.2;0;5.5;5.2;5.5;4.6;5;333.3333333;0;0;2.7
30087000;1;3;21;40;2.2;3.5;8.7;4.5;80.8;0;5.5;5.3;5.6;4.8;5;333.3333333;0;0;2.7
30087900;2;2;0;0;2.5;3.3;8.6;4.7;80.8;0;5.5;5.3;5.6;4.7;5;333.3333333;0;0;2.7
30088800;1;3;21;45;2.2;3.5;8.7;4.6;80.7;0;5.6;5.4;5.7;4.9;4.9;333.3333333;0;0;3.1
30089700;2;4;0;0;2.5;3.7;8.8;4.6;79.4;0;5.5;5.3;5.5;4.8;4.9;333.3333333;0;0;3.1
30090600;2;3;21;50;2.2;4;8.8;4.7;78.5;0;5.6;5.4;5.7;5;4.9;333.3333333;0;0;3.1
30091500;2;3;0;0;2.5;3.6;8.8;4.8;78.2;0;5.6;5.4;5.6;4.9;4.9;333.3333333;0;0;3.1
30092400;2;3;24;48;2.2;3.8;8.8;4.6;77.8;0;5.7;5.5;5.8;5.1;5;333.3333333;5.555555556;5.555555556;2.6
30093300;2;3;0;0;2.5;3.8;8.9;4.5;76.8;0;5.7;5.5;5.7;4.9;5;333.3333333;5.555555556;5.555555556;2.6
30094200;2;3;23;51;2.3;3.8;8.9;4.6;76.6;0;5.8;5.6;5.9;5.2;5;333.3333333;5.555555556;5.555555556;2.6
30095100;2;3;0;0;2.6;3.8;8.9;4.8;76.3;0;5.8;5.6;5.8;5;5;333.3333333;5.555555556;5.555555556;2.6
30096000;2;3;23;56;2.5;3.8;9;4.7;76.4;7.3;5.9;5.7;6;5.2;5.2;333.3333333;30.55555556;30.55555556;1.6
30096900;2;3;0;0;2.8;3.8;9;4.7;75.3;9.1;5.8;5.7;5.9;5.1;5.2;333.3333333;30.55555556;30.55555556;1.6
30097800;2;3;24;58;2.6;4;8.9;4.8;74.7;9.1;6.1;5.8;6.1;5.4;5.2;333.3333333;30.55555556;30.55555556;1.6
30098700;2;4;0;0;2.8;4.1;8.9;4.9;74.1;9.1;5.9;5.8;6;5;5.2;333.3333333;30.55555556;30.55555556;1.6
30099600;2;4;24;66;2.6;5.1;8.8;5;73.9;31.2;6.2;6;6.2;5.4;5.5;333.3333333;41.66666667;41.66666667;1.5
30100500;2;3;0;0;2.8;3.8;8.8;5;73.3;36.7;6;5.9;6.1;5.1;5.5;333.3333333;41.66666667;41.66666667;1.5
30101400;2;3;25;63;2.6;4.1;8.9;5.1;73.1;37.2;6.3;6.2;6.5;5.6;5.5;333.3333333;41.66666667;41.66666667;1.5
30102300;2;3;2;2;2.8;3.8;8.8;5.3;72.7;37.9;6.1;6;6.2;5.2;5.5;333.3333333;41.66666667;41.66666667;1.5
30103200;2;3;20;61;2.6;4.2;8.9;5.6;72.2;67.4;6.6;6.5;6.7;5.7;5.5;333.3333333;41.66666667;41.66666667;1.5
30104100;2;3;6;8;2.8;4.3;8.7;5.7;71.5;74.8;6.1;6;6.3;5.3;5.5;333.3333333;41.66666667;41.66666667;1.5
30105000;2;3;16;50;2.7;4.4;8.5;5.7;72;70.3;6.7;6.6;6.8;5.7;5.5;333.3333333;41.66666667;41.66666667;1.5
30105900;2;3;12;21;3;4.4;8.6;5.7;72.6;63.5;6;6;6.2;5.2;5.5;333.3333333;41.66666667;41.66666667;1.5
30106800;2;3;11;33;2.8;4.4;8.7;6.2;71.9;76.1;6.6;6.5;6.7;5.7;5.3;333.3333333;38.88888889;38.88888889;1.5
30107700;2;4;14;36;2.9;4.4;8.7;6.3;72.4;79.2;6;5.9;6.2;5.3;5.3;333.3333333;38.88888889;38.88888889;1.5
30108600;2;4;9;22;2.9;4.7;8.9;6.3;71.9;79.2;6.6;6.4;6.6;5.5;5.3;333.3333333;38.88888889;38.88888889;1.5
30109500;2;3;17;45;2.7;4.2;8.8;6.2;71.2;79.2;6;6;6.2;5.3;5.3;333.3333333;38.88888889;38.88888889;1.5
30110400;2;3;5;10;3;3.8;8.6;6.4;72;85.5;6.4;6.3;6.5;5.5;5.2;330.5555556;38.88888889;38.88888889;1.7
30111300;2;3;20;54;2.6;4.2;8.6;6.5;72.2;87.1;6.1;6.1;6.3;5.4;5.2;330.5555556;38.88888889;38.88888889;1.7
30112200;2;3;1;1;3.1;3.8;8.6;6.3;71.9;87.1;6.4;6.2;6.4;5.4;5.2;330.5555556;38.88888889;38.88888889;1.7
30113100;2;3;23;67;2.6;4.3;8.5;5.9;72.3;87.1;6.2;6.1;6.4;5.5;5.2;330.5555556;38.88888889;38.88888889;1.7
30114000;2;3;0;0;3.1;3.8;8.3;6.1;72.9;69.3;6.3;6.2;6.4;5.4;5;330.5555556;25;25;2.6
30114900;2;3;25;63;2.6;4.2;8.3;6.2;73.1;64.9;6.2;6.1;6.3;5.4;5;330.5555556;25;25;2.6
30115800;2;4;0;0;3.1;4.5;8.3;6;72.8;64.9;6.2;6.1;6.3;5.3;5;330.5555556;25;25;2.6
30116700;2;4;25;68;2.5;4.7;8.5;5.7;72.7;64.9;6.2;6.1;6.3;5.4;5;330.5555556;25;25;2.6
30117600;2;3;0;0;3;3.8;8.6;5.5;72.4;52.7;6.2;6;6.2;5.3;5;330.5555556;8.333333333;8.333333333;2.7
30118500;2;3;23;55;2.5;4;8.6;5.5;72.6;49.6;6.1;5.9;6.2;5.3;5;330.5555556;8.333333333;8.333333333;2.7
30119400;2;3;0;0;3;3.7;8.4;5.3;73;49.6;6;5.8;6;5.1;5;330.5555556;8.333333333;8.333333333;2.7
30120300;2;3;23;54;2.6;3.9;8.3;5;73.5;49.6;5.9;5.8;6.1;5.3;5;330.5555556;8.333333333;8.333333333;2.7
30121200;2;3;0;0;2.8;3.7;8.2;5;73.8;24.2;5.8;5.7;5.9;5.1;4.9;330.5555556;0;0;2.8
30122100;2;3;23;50;2.4;3.9;8.1;5;74.2;17.9;5.8;5.6;6;5.1;4.9;330.5555556;0;0;2.8
30123000;2;3;0;0;2.7;3.7;8.1;5;74.3;17.9;5.7;5.5;5.8;4.9;4.9;330.5555556;0;0;2.8
30123900;2;3;23;47;2.4;3.7;8.1;5;74.2;17.9;5.7;5.5;5.8;5;4.9;330.5555556;0;0;2.8
30124800;2;5;0;0;2.6;5.2;8.1;4.8;74.3;7.8;5.5;5.4;5.7;4.8;4.7;330.5555556;0;0;3
30125700;2;3;23;48;2.4;4.4;8;4.8;74.3;5.3;5.5;5.4;5.7;4.9;4.7;330.5555556;0;0;3
30126600;2;3;0;0;2.5;3.2;7.8;4.8;74.8;5.3;5.5;5.3;5.7;4.8;4.7;330.5555556;0;0;3
30127500;2;3;23;46;2.3;3.6;8.1;4.7;75.1;5.3;5.5;5.4;5.8;4.9;4.7;330.5555556;0;0;3
30128400;2;2;0;0;2.6;3.2;8.1;4.8;75.1;1.1;5.6;5.4;5.7;4.8;4.6;330.5555556;0;0;3.7
30129300;2;3;23;46;2.5;3.5;8.1;4.8;75;0;5.6;5.4;5.7;4.9;4.6;330.5555556;0;0;3.7
30130200;2;2;0;0;2.6;3.2;8;4.8;74.6;0;5.5;5.3;5.6;4.8;4.6;330.5555556;0;0;3.7
30131100;2;3;23;45;2.3;3.5;7.8;4.9;75.4;0;5.5;5.4;5.7;4.9;4.6;330.5555556;0;0;3.7
30132000;2;2;0;0;2.5;3.2;7.7;4.8;75.5;0;5.5;5.3;5.7;4.8;4.5;330.5555556;0;0;3.9
30132900;2;3;23;45;2.3;3.5;7.7;4.8;76;0;5.5;5.4;5.7;4.9;4.5;330.5555556;0;0;3.9
30133800;2;4;0;0;2.6;3.7;7.7;4.7;75.6;0;5.5;5.3;5.6;4.8;4.5;330.5555556;0;0;3.9
30134700;2;3;23;45;2.3;3.8;7.7;4.5;75.6;0;5.5;5.3;5.7;4.8;4.5;330.5555556;0;0;3.9
30135600;2;2;0;0;2.5;3.2;7.7;4.8;75.7;0;5.4;5.3;5.6;4.7;4.3;330.5555556;0;0;1.7
30136500;2;3;23;43;2.4;3.4;7.8;4.9;75.3;0;5.4;5.3;5.6;4.8;4.3;330.5555556;0;0;1.7
30137400;2;2;0;0;2.5;3.2;7.5;4.9;76.2;0;5.4;5.3;5.6;4.7;4.3;330.5555556;0;0;1.7
30138300;2;3;23;43;2.4;3.4;7.5;4.8;76.7;0;5.4;5.3;5.6;4.8;4.3;330.5555556;0;0;1.7
30139200;2;2;0;0;2.5;3.2;7.7;4.5;76.2;0;5.3;5.2;5.5;4.7;4.1;327.7777778;0;0;0.9
30140100;2;3;23;43;2.4;3.4;7.5;4.4;76.1;0;5.4;5.2;5.6;4.7;4.1;327.7777778;0;0;0.9
30141000;2;3;0;0;2.5;3.3;7.6;4.3;76.3;0;5.3;5.2;5.5;4.6;4.1;327.7777778;0;0;0.9
30141900;1;3;23;44;2.4;3.8;7.6;4.1;76.1;0;5.4;5.2;5.5;4.7;4.1;327.7777778;0;0;0.9
30142800;2;3;0;0;2.4;3.4;7.6;3.9;76.3;0;5.4;5.2;5.5;4.7;4;327.7777778;0;0;2.8
30143700;1;3;23;40;2.3;3.5;7.6;3.9;76.3;0;5.3;5.1;5.4;4.6;4;327.7777778;0;0;2.8
30144600;2;2;0;0;2.4;3.2;7.5;3.9;77;0;5.3;5;5.3;4.6;4;327.7777778;0;0;2.8
30145500;1;2;23;38;2.3;3.2;7.4;4;77.8;0;5.2;5;5.4;4.5;4;327.7777778;0;0;2.8
30146400;2;2;0;0;2.4;3.2;7.4;4.4;78;0;5.3;5;5.3;4.5;4;327.7777778;0;0;1.5
30147300;1;2;23;37;2.3;3.2;7.4;4.5;78.3;0;5.2;5;5.3;4.5;4;327.7777778;0;0;1.5
30148200;2;2;0;0;2.3;3.2;7.4;4.5;78;0;5.3;5;5.2;4.5;4;327.7777778;0;0;1.5
30149100;1.5;3;0;0;2.3;3.65;7.45;4.85;77.75;0;5.2;4.95;5.2;4.45;4;327.7777778;0;0;1.5
30150000;1;4;0;0;2.3;4.1;7.5;5.2;77.5;0;5.1;4.9;5.2;4.4;3.7;327.7777778;0;0;1.4
30150900;1;3;23;38;2.3;4;7.5;5.3;77.8;0;5.1;4.9;5.2;4.4;3.7;327.7777778;0;0;1.4
30151800;1;2;0;0;2.3;3.2;7.4;5.3;78.2;0;5.2;4.9;5.2;4.4;3.7;327.7777778;0;0;1.4
30152700;1;2;23;35;2.3;3.2;7.4;5.3;79.1;0;5.1;4.9;5.2;4.4;3.7;327.7777778;0;0;1.4
30153600;1;2;0;0;2.2;3.2;7.3;5;79.3;0;5.2;4.9;5.2;4.4;3.5;325;0;0;1.6
30154500;1;2;23;34;2.3;3.2;7.3;4.9;79.3;0;5.1;4.9;5.2;4.4;3.5;325;0;0;1.6
30155400;1;2;0;0;2.2;3.2;7.3;4.9;79.5;0;5.1;4.9;5.1;4.4;3.5;325;0;0;1.6
30156300;1;2;23;34;2.3;3.2;7.2;4.9;80.2;0;5.1;4.9;5.2;4.4;3.5;325;0;0;1.6
30157200;1;2;0;0;2.2;3.2;7.2;4.8;80.8;0;5.1;4.9;5.2;4.4;3.6;325;0;0;1.2
30158100;1;2;23;35;2.3;3.2;7.2;4.7;80.5;0;5.1;4.9;5.2;4.5;3.6;325;0;0;1.2
30159000;1;4;0;0;2.2;4.1;7.2;4.7;79.8;0;5.1;4.9;5.1;4.4;3.6;325;0;0;1.2
30159900;1;3;23;37;2.3;3.7;7.2;4.7;79.5;0;5.1;4.9;5.1;4.4;3.6;325;0;0;1.2
30160800;1;2;0;0;2.2;3.2;7.2;3.7;79.3;0;5.1;4.9;5.1;4.4;3.6;325;0;0;1.3
30161700;1;2;23;34;2.3;3.2;7.2;3.4;79.2;0;5;4.9;5.2;4.4;3.6;325;0;0;1.3
30162600;1;2;0;0;2.2;3.2;7.3;3.4;78.7;0;5.1;4.9;5.1;4.4;3.6;325;0;0;1.3
30163500;1;2;23;33;2.3;3.1;7.3;3.3;78.3;0;5;4.8;5.1;4.3;3.6;325;0;0;1.3
30164400;1;2;0;0;2.2;2.7;7.3;3.4;78.2;0;5;4.8;5.1;4.4;3.7;325;0;0;1.4
30165300;1;2;23;33;2.3;3;7.3;3.4;77.8;0;5;4.8;5.1;4.4;3.7;325;0;0;1.4
30166200;1;2;0;0;2.2;2.7;7.3;3.4;77.3;0;5.1;4.8;5;4.4;3.7;325;0;0;1.4
30167100;1;2;21;34;2.3;3;7.4;3.5;77.3;0;5;4.7;5.1;4.3;3.7;325;0;0;1.4
30168000;1;3;0;0;2.2;3.2;7.4;3.4;77.3;0;5;4.8;5.1;4.3;3.7;325;0;0;1
30168900;1;2;23;34;2.3;3.3;7.3;3.4;77.6;0;5;4.8;5.1;4.4;3.7;325;0;0;1
30169800;1;2;0;0;2.2;2.7;7.2;3.4;77.6;0;5;4.8;5.1;4.4;3.7;325;0;0;1
30170700;1;2;23;33;2.3;3.1;7.2;3.4;78;0;5;4.9;5.2;4.4;3.7;325;0;0;1
30171600;1;2;0;0;2.2;3.2;7.3;3.4;77.8;0;5.1;4.9;5.2;4.4;3.7;325;0;0;1.2
30172500;1;2;23;33;2.1;3.2;7.4;3.4;77.8;0;5;4.9;5.2;4.4;3.7;325;0;0;1.2
30173400;1;2;0;0;2.2;3.2;7.4;3.5;77.8;0;5.1;4.8;5.1;4.4;3.7;325;0;0;1.2
30174300;1;2;23;33;2.1;3.2;7.3;3.6;78.1;0;5.1;4.8;5.2;4.4;3.7;325;0;0;1.2
30175200;1;3;0;0;2.3;3;7.4;3.7;77.4;0;5.2;4.9;5.1;4.4;3.7;325;0;0;0.8
30176100;1;3;23;38;2.1;3.8;7.6;3.7;77.3;0;5;4.9;5.2;4.4;3.7;325;0;0;0.8
30177000;1;3;0;0;2.3;3.4;7.7;3.7;76.8;0;5.4;4.8;5.1;4.3;3.7;325;0;0;0.8
30177900;1;2;23;36;2.1;3.6;7.7;3.7;76.8;0;5.2;4.9;5.2;4.4;3.7;325;0;0;0.8
30178800;1;2;0;0;2.3;3.1;7.7;3.8;76.8;0;5.2;4.9;5.1;4.4;3.8;322.2222222;11.11111111;11.11111111;0.7
30179700;1;2;23;32;2.1;3.1;7.6;3.9;76.8;0;5;4.8;5.1;4.3;3.8;322.2222222;11.11111111;11.11111111;0.7
30180600;1;2;0;0;2.3;3.1;7.6;3.9;76.8;0;5.1;4.8;5.2;4.3;3.8;322.2222222;11.11111111;11.11111111;0.7
30181500;1;2;23;32;2.1;3.1;7.7;3.8;76.8;0;5.1;4.9;5.2;4.3;3.8;322.2222222;11.11111111;11.11111111;0.7
30182400;1;2;0;0;2.3;3.1;7.8;3.9;76.6;10.7;5.2;4.9;5.2;4.4;4.1;322.2222222;36.11111111;36.11111111;0.9
30183300;1;2;23;36;2.1;3.1;8;4;76.4;16.1;5.2;5.1;5.4;4.5;4.1;322.2222222;36.11111111;36.11111111;0.9
30184200;2;2;0;0;2.4;3.1;8.1;4;75.8;16.1;5.5;5.2;5.5;4.6;4.1;322.2222222;36.11111111;36.11111111;0.9
30185100;1;3;23;41;2.2;3.5;8;3.9;75.7;16.1;5.5;5.4;5.6;4.8;4.1;322.2222222;36.11111111;36.11111111;0.9
30186000;2;4;0;0;2.6;3.8;7.8;4.2;76.6;44.3;5.6;5.4;5.6;4.7;4.6;325;58.33333333;58.33333333;1.6
30186900;2;3;23;48;2.3;4;7.9;4.4;75.9;58.4;5.7;5.6;5.8;5;4.6;325;58.33333333;58.33333333;1.6
30187800;2;3;0;0;2.6;3.6;8.2;4.4;75.5;59.6;5.8;5.7;5.9;5;4.6;325;58.33333333;58.33333333;1.6
30188700;2;3;24;55;2.4;3.9;8.2;4.3;75;62.8;6;5.9;6.2;5.3;4.6;325;58.33333333;58.33333333;1.6
30189600;2;3;0;0;2.8;3.6;8.3;4.7;75.2;76.6;6;5.9;6.2;5.1;4.7;327.7777778;50;50;2.3
30190500;2;3;23;62;2.8;4.1;8.4;4.9;74.9;83.5;6.2;6.1;6.4;5.4;4.7;327.7777778;50;50;2.3
30191400;2;3;0;0;3.1;4.1;8.4;4.8;74.8;84.4;6.1;6.1;6.3;5.3;4.7;327.7777778;50;50;2.3
30192300;2;3;25;64;2.8;4.3;8.4;4.6;75.1;86.8;6.4;6.3;6.5;5.6;4.7;327.7777778;50;50;2.3
30193200;2;3;0;0;3.1;4.1;8.2;4.9;75.9;108.8;6.2;6.1;6.4;5.3;5.1;325;77.77777778;77.77777778;1.4
30194100;2;4;24;65;2.8;4.8;8.2;5.1;75.5;119.8;6.5;6.4;6.7;5.7;5.1;325;77.77777778;77.77777778;1.4
30195000;2;4;0;0;3;4.1;8.3;5.1;75.7;119.8;6.2;6.2;6.4;5.3;5.1;325;77.77777778;77.77777778;1.4
30195900;2;4;25;62;3;4.6;8.4;5.1;74.8;119.8;6.6;6.6;6.9;5.8;5.1;325;77.77777778;77.77777778;1.4
30196800;2;3;3;3;3;4.1;8.8;5.3;74.2;137.3;6.3;6.3;6.5;5.4;5.6;322.2222222;102.7777778;102.7777778;1.1
30197700;2;3;20;65;2.9;4.5;9.5;5.4;72.6;146.1;7;6.9;7.2;6;5.6;322.2222222;102.7777778;102.7777778;1.1
30198600;2;3;9;11;3.4;4.6;9.5;5.3;71.1;146.1;6.5;6.5;6.8;5.6;5.6;322.2222222;102.7777778;102.7777778;1.1
30199500;2;4;14;50;3;4.8;9.3;4.9;71.8;146.1;7.4;7.3;7.5;6.2;5.6;322.2222222;102.7777778;102.7777778;1.1
30200400;2;4;43;75;3.2;4.8;9.4;5.2;71.5;113.8;6.7;6.6;6.8;5.9;5.9;327.7777778;58.33333333;58.33333333;0.4
30201300;2;3;43;63;3.3;4.6;8.9;5.3;73.3;97.7;6.4;6.3;6.6;5.6;5.9;327.7777778;58.33333333;58.33333333;0.4
30202200;2;3;43;58;3.3;4.2;9;5.3;73.2;97.7;6.2;6.1;6.4;5.4;5.9;327.7777778;58.33333333;58.33333333;0.4
30203100;2;3;26;33;3.3;4.1;9;5.4;72.4;97.7;6.1;6;6.3;5.2;5.9;327.7777778;58.33333333;58.33333333;0.4
30204000;2;3;0;0;3.3;4.1;9;5.5;72.8;70.4;6.5;6.5;6.8;5.5;5.7;311.1111111;19.44444444;22.22222222;1.1
30204900;2;4;24;66;2.8;4.5;9.1;5.5;72.6;56.8;6.6;6.4;6.7;5.8;5.7;311.1111111;19.44444444;22.22222222;1.1
30205800;2;3;0;0;3.3;4.1;9.2;5.5;72.3;56.8;6.4;6.3;6.5;5.5;5.7;311.1111111;19.44444444;22.22222222;1.1
30206700;2;3;24;60;2.7;4.3;9;5.6;72.5;56.8;6.4;6.2;6.6;5.6;5.7;311.1111111;19.44444444;22.22222222;1.1
30207600;2;3;0;0;3.3;4.1;8.5;5.5;73.9;40.5;6.2;6;6.3;5.4;5.2;280.5555556;0;0;0.7
30208500;2;3;22;47;2.7;3.9;7.9;5.5;75.7;32.3;5.9;5.6;6;5.2;5.2;280.5555556;0;0;0.7
30209400;2;3;0;0;2.9;3.6;7.4;5.6;76.6;32.3;5.6;5.2;5.6;5;5.2;280.5555556;0;0;0.7
30210300;2;3;22;31;2.4;3.4;7.1;5.8;77.5;32.3;5.2;4.9;5.3;4.6;5.2;280.5555556;0;0;0.7
30211200;2;5;0;0;2.7;4.9;7.1;5.5;78.1;14.7;5;4.7;5.1;4.5;4.9;291.6666667;0;0;0.5
30212100;1;3;23;33;2.3;3.9;6.9;5.4;78.7;5.9;5.1;4.7;5.2;4.5;4.9;291.6666667;0;0;0.5
30213000;2;2;0;0;2.4;3.1;7;5.4;79.2;5.9;5.1;4.7;5.1;4.5;4.9;291.6666667;0;0;0.5
30213900;1;2;23;32;2.2;3.1;7.4;5.3;78.5;5.9;5.1;4.8;5.2;4.5;4.9;291.6666667;0;0;0.5
30214800;2;2;0;0;2.4;3.1;7;5.2;78.3;2;5.2;4.8;5.2;4.6;4.1;263.8888889;0;0;0.6
30215700;1;2;23;26;2.2;2.9;6.6;5.1;78.4;0;4.8;4.5;4.9;4.2;4.1;263.8888889;0;0;0.6
30216600;1;2;0;0;2.2;2.6;6.2;5;78.9;0;4.8;4.3;4.7;4.2;4.1;263.8888889;0;0;0.6
30217500;1;1;23;17;1.9;2.6;5.8;4.9;79.8;0;4.5;4;4.5;3.9;4.1;263.8888889;0;0;0.6
30218400;1;1;0;0;2.1;2.6;5.5;4.8;80.6;0;4.6;3.9;4.5;4;3.5;261.1111111;0;0;0.9
30219300;1;4;0;0;2.4;3.7;5.3;4.7;81.5;0;4.8;3.8;4.4;4.3;3.5;261.1111111;0;0;0.9
30220200;2;5;10;17;2.5;5.3;5.2;4.7;82.1;0;4.6;3.7;4.4;4.4;3.5;261.1111111;0;0;0.9
30221100;1;1;12;4;1.7;2.1;5;4.7;82.4;0;4.1;3.7;4.2;3.7;3.5;261.1111111;0;0;0.9
30222000;1;2;0;0;2.2;2.2;4.8;4.7;82.8;0;4.1;3.6;4.1;4;3;258.3333333;0;0;0.8
30222900;1;2;0;0;2.5;2.6;4.7;4.7;82.8;0;4.1;3.5;4;4.3;3;258.3333333;0;0;0.8
30223800;2;2;0;0;2.7;3;4.5;4.5;83;0;4.1;3.3;4;4.7;3;258.3333333;0;0;0.8
30224700;2;2;0;0;3.1;3.2;4.3;4.1;83.3;0;4.1;3.3;3.9;5;3;258.3333333;0;0;0.8
30225600;2;3;0;0;3.5;3.5;4.1;4.2;83.3;0;4;3.2;4;5.4;2.7;258.3333333;0;0;0.9
30226500;2;3;0;0;4.1;3.9;4.1;4.2;83.7;0;3.8;3;3.7;5.9;2.7;258.3333333;0;0;0.9
30227400;2;3;0;0;4.2;4.1;4.1;4;83.8;0;3.4;2.7;3.5;6.5;2.7;258.3333333;0;0;0.9
30228300;3;6;0;0;4.5;6;3.9;3.5;83.8;0;3.6;2.6;3.2;6.9;2.7;258.3333333;0;0;0.9
30229200;2;3;20;9;3.5;4.6;3.7;3.4;84;0;4;2.7;3.3;5;1.7;305.5555556;0;0;1.3
30230100;1;1;2;0;1.9;1.8;3.7;3.4;84.3;0;3.5;3.2;3.6;3;1.7;305.5555556;0;0;1.3
30231000;1;1;0;0;2.1;1.9;3.9;3.2;84.7;0;3.5;3.3;3.5;3;1.7;305.5555556;0;0;1.3
30231900;1;2;0;0;2.4;2.4;4.5;2.7;85.3;0;3.5;3.8;3.7;3;1.7;305.5555556;0;0;1.3
30232800;2;2;0;0;2.7;2.8;5;2.9;84.6;0;3.7;4.2;3.9;3;2.3;319.4444444;0;0;0.7
30233700;2;2;0;0;2.9;3.3;5.2;3;84;0;4;4.6;4;3;2.3;319.4444444;0;0;0.7
30234600;2;3;0;0;3.1;3.7;5.6;2.9;83;0;4.1;5;4.1;3.1;2.3;319.4444444;0;0;0.7
30235500;1.5;2.5;11.5;11;2.65;3.5;5.7;3.7;82.6;0;4.2;4.7;4.25;3.45;2.3;319.4444444;0;0;0.7
30236400;1;2;23;22;2.2;3.3;5.8;4.5;82.2;0;4.3;4.4;4.4;3.8;2.4;325;0;0;1.3
30237300;1;3;0;0;2.1;2.9;5.9;5.3;81.8;0;4.4;4;4.4;4.2;2.4;325;0;0;1.3
30238200;1;2;23;19;1.9;2.7;6.1;5.3;81.4;0;4.3;4.1;4.5;3.9;2.4;325;0;0;1.3
30239100;1;1;0;0;2;2.2;6.2;5.3;80.9;0;4.4;4.1;4.5;3.9;2.4;325;0;0;1.3
30240000;1;2;23;18;1.9;2.2;6.2;5;80.8;0;4.4;4.2;4.5;3.8;2.5;330.5555556;0;0;2
30240900;1;1;0;0;2;2.2;6.3;4.9;80.6;0;4.4;4.2;4.5;3.9;2.5;330.5555556;0;0;2
30241800;1;2;23;20;1.9;2.2;6.3;4.9;80.2;0;4.4;4.2;4.6;3.9;2.5;330.5555556;0;0;2
30242700;1;2;0;0;2;2.2;6.3;4.9;80.3;0;4.5;4.2;4.6;3.9;2.5;330.5555556;0;0;2
30243600;1;2;23;20;1.9;2.6;6.4;4.8;80.4;0;4.5;4.3;4.6;3.9;2.5;330.5555556;0;0;2.5
30244500;1;2;0;0;2;2.8;6.5;4.7;80.3;0;4.6;4.3;4.6;3.9;2.5;330.5555556;0;0;2.5
30245400;1;3;23;28;1.9;3.2;6.6;4.7;80.2;0;4.6;4.4;4.8;3.9;2.5;330.5555556;0;0;2.5
30246300;1;2;0;0;2.1;2.7;6.6;4.7;80;0;4.7;4.5;4.8;4.1;2.5;330.5555556;0;0;2.5
30247200;1;2;23;24;1.9;2.7;6.7;3.1;79.8;0;4.7;4.5;4.8;4;2.8;330.5555556;0;0;1.8
30248100;1;2;0;0;2.1;2.7;6.7;2;79.8;0;4.7;4.5;4.8;4.1;2.8;330.5555556;0;0;1.8
30249000;1;2;23;24;1.9;2.7;6.7;2;80.1;0;4.6;4.5;4.8;4;2.8;330.5555556;0;0;1.8
30249900;1;2;0;0;2.1;2.7;6.7;2;79.8;0;4.6;4.4;4.8;4;2.8;330.5555556;0;0;1.8
30250800;1;2;23;24;1.9;2.7;6.7;2.1;79.8;0;4.7;4.4;4.8;4.1;3.2;330.5555556;0;0;1.7
30251700;1;2;0;0;2.2;2.7;6.8;2.1;79.7;0;4.7;4.5;4.9;4.1;3.2;330.5555556;0;0;1.7
30252600;1;2;23;25;2;2.7;6.8;2.2;79.9;0;4.8;4.5;4.9;4.1;3.2;330.5555556;0;0;1.7
30253500;1;4;0;0;2.3;4;6.8;2.3;80;0;4.7;4.5;4.9;4.1;3.2;330.5555556;0;0;1.7
30254400;1;3;23;29;2.1;3.5;6.8;2.4;80.3;0;4.8;4.6;4.9;4.2;3.3;327.7777778;0;0;2.1
30255300;1;2;0;0;2.3;2.7;7;2.4;80.1;0;4.8;4.6;4.9;4.2;3.3;327.7777778;0;0;2.1
30256200;1;2;22;26;2.1;2.7;7.1;2.6;80.3;0;4.8;4.7;5;4.2;3.3;327.7777778;0;0;2.1
30257100;1;2;0;0;2.3;2.7;7.1;2.8;80.3;0;4.9;4.7;5;4.3;3.3;327.7777778;0;0;2.1
30258000;1;2;24;26;2.1;2.7;7.1;2.9;80.3;0;4.8;4.6;5;4.2;3.7;319.4444444;0;0;2.5
30258900;1;2;0;0;2.3;2.7;7.1;2.9;80.3;0;4.8;4.6;4.9;4.2;3.7;319.4444444;0;0;2.5
30259800;1;2;23;26;2.1;2.7;7.2;3.1;80.3;0;4.8;4.7;5;4.2;3.7;319.4444444;0;0;2.5
30260700;1;2;0;0;2.3;2.7;7.1;3.3;79.8;0;4.8;4.6;5;4.2;3.7;319.4444444;0;0;2.5
30261600;1;2;23;26;2.1;2.7;7.1;3.4;80.3;0;4.8;4.7;4.9;4.2;3.4;322.2222222;0;0;2.5
30262500;1;3;0;0;2.3;3.2;7.3;3.4;80.3;0;4.8;4.6;4.9;4.2;3.4;322.2222222;0;0;2.5
30263400;1;2;23;36;2.1;3.5;7.6;3.4;79.5;0;5;4.8;5.2;4.3;3.4;322.2222222;0;0;2.5
30264300;1;3;0;0;2.3;3.3;7.6;3.4;78.8;0;5.1;4.9;5.2;4.4;3.4;322.2222222;0;0;2.5
30265200;1;2;23;35;2.1;3.5;7.4;3.3;79;0;5.2;5;5.3;4.5;4;269.4444444;19.44444444;27.77777778;2.9
30266100;2;2;0;0;2.3;3.2;7.1;3.2;79.7;0;5.2;5;5.4;4.5;4;269.4444444;19.44444444;27.77777778;2.9
30267000;2;2;22;33;2.4;3.2;6.9;3.5;79.6;0;5.2;5;5.4;4.5;4;269.4444444;19.44444444;27.77777778;2.9
30267900;2;2;0;0;2.4;3.2;6.5;3.6;79.3;0;5.2;4.9;5.3;4.5;4;269.4444444;19.44444444;27.77777778;2.9
30268800;1;2;22;29;2.2;3.1;6.2;3.5;79.8;9.7;5;4.8;5.2;4.4;5.2;244.4444444;38.88888889;141.6666667;3.3
30269700;2;2;0;0;2.3;2.7;6.3;3.5;79.5;14.6;5.1;4.9;5.1;4.4;5.2;244.4444444;38.88888889;141.6666667;3.3
30270600;2;2;22;37;2.2;3.1;6.6;3.4;78.1;14.6;5.5;5.2;5.5;4.6;5.2;244.4444444;38.88888889;141.6666667;3.3
30271500;2;3;0;0;2.6;3.6;7;3.4;76.9;14.6;6;5.7;5.6;4.7;5.2;244.4444444;38.88888889;141.6666667;3.3
30272400;2;4;28;74;2.6;4.8;7.3;3.8;75;62;6.6;6.3;6.7;5.4;6.4;247.2222222;47.22222222;236.1111111;2.2
30273300;2;3;0;0;3.2;4.1;7.6;3.8;73.7;62;7.1;6.9;7;5.3;6.4;247.2222222;47.22222222;236.1111111;2.2
30274200;2;4;29;95;3.1;5;7.8;4.2;72.7;61.4;8;7.8;7.8;5.9;6.4;247.2222222;47.22222222;236.1111111;2.2
30275100;2;4;43;77;3.7;5.1;8;4.5;72.2;60.9;7.4;7.3;7.6;5.5;6.4;247.2222222;47.22222222;236.1111111;2.2
30276000;2;4;43;84;3.7;5.1;8.2;4.8;71.5;90.8;7.6;7.5;7.7;5.7;6.3;255.5555556;83.33333333;280.5555556;2
30276900;3;5;43;91;3.7;5.2;8.3;4.8;70.2;92.9;7.8;7.7;7.9;6.3;6.3;255.5555556;83.33333333;280.5555556;2
30277800;3;5;43;96;3.7;5.6;8.2;5.1;70.1;93;8;7.8;8.1;6.7;6.3;255.5555556;83.33333333;280.5555556;2
30278700;3;5;43;99;3.7;5.6;8.2;5.6;71;93.1;8.1;8;8.2;7;6.3;255.5555556;83.33333333;280.5555556;2
30279600;3;5;43;95;3.7;5.6;8.1;5.9;71.5;117.1;7.9;7.9;8.1;7;6.4;252.7777778;52.77777778;283.3333333;2.3
30280500;3;5;43;91;3.7;5.6;8;6;72.4;123.1;7.8;7.7;8;6.9;6.4;252.7777778;52.77777778;283.3333333;2.3
30281400;3;5;43;84;3.7;5.6;8;6.4;72.5;123.1;7.7;7.5;7.8;6.8;6.4;252.7777778;52.77777778;283.3333333;2.3
30282300;3;5;43;93;3.7;5.6;8.3;6.9;72.2;123.1;8;7.7;8;7;6.4;252.7777778;52.77777778;283.3333333;2.3
30283200;3;5;43;94;3.7;5.6;8.5;6.8;71.4;129.5;8.1;7.7;8.2;7.1;7;255.5555556;61.11111111;225;1.9
30284100;3;5;43;95;3.7;5.6;9.6;6.8;67.6;131.1;8.2;7.7;8.3;7.2;7;255.5555556;61.11111111;225;1.9
30285000;3;5;43;97;3.7;5.6;9.8;6.7;68.3;131.1;8.3;7.9;8.3;7.2;7;255.5555556;61.11111111;225;1.9
30285900;3;5;43;97;3.7;5.7;9.3;6.5;69.1;131.1;8.4;8;8.4;7.3;7;255.5555556;61.11111111;225;1.9
30286800;3;5;43;97;3.7;6.1;9.3;6.8;69.9;151.5;8.3;8.2;8.3;7.3;6.8;280.5555556;83.33333333;133.3333333;2
30287700;3;5;43;82;3.7;5.8;9.2;6.8;70.6;154.6;7.8;7.7;7.8;6.8;6.8;280.5555556;83.33333333;133.3333333;2
30288600;3;4;43;70;3.7;5.2;9;6.8;71.5;154.6;7.3;7.2;7.4;6.4;6.8;280.5555556;83.33333333;133.3333333;2
30289500;3;4;43;74;3.7;5.1;9.2;6.9;71.6;154.6;7.4;7.2;7.5;6.4;6.8;280.5555556;83.33333333;133.3333333;2
30290400;3;4;43;72;3.7;5.1;9.3;6.8;71;119.6;7.3;7.1;7.4;6.4;6.1;327.7777778;16.66666667;16.66666667;1.4
30291300;3;4;43;64;3.7;5.1;9.3;6.7;71.4;106.9;7;6.8;7.1;6.1;6.1;327.7777778;16.66666667;16.66666667;1.4
30292200;2;4;43;58;3.7;4.7;9.1;6.8;72.3;106.9;6.7;6.6;6.9;5.9;6.1;327.7777778;16.66666667;16.66666667;1.4
30293100;2;4;26;33;3.7;4.6;8.8;6.9;73.7;106.9;6.6;6.5;6.8;5.7;6.1;327.7777778;16.66666667;16.66666667;1.4
30294000;2;4;0;0;3.7;4.6;8.7;6.8;74;54;6.9;6.9;7.2;6;5.3;327.7777778;0;0;1.6
30294900;3;4;26;64;3.4;4.8;8.5;6.7;74.9;34.7;6.8;6.8;7;6.1;5.3;327.7777778;0;0;1.6
30295800;3;4;0;0;3.7;4.6;8.3;6.7;74.7;34.7;6.7;6.6;6.9;5.9;5.3;327.7777778;0;0;1.6
30296700;2;4;23;53;3.3;4.8;8.2;6.8;75;34.7;6.6;6.5;6.8;5.9;5.3;327.7777778;0;0;1.6
30297600;3;6;0;0;3.6;6.1;8.1;6.5;75.1;14.2;6.5;6.3;6.6;5.8;4.6;316.6666667;0;0;1.4
30298500;2;4;23;54;3.3;5.3;7.8;6.4;75.1;6.7;6.4;6.3;6.6;5.7;4.6;316.6666667;0;0;1.4
30299400;3;3;0;0;3.4;4.5;7.9;6.2;75;6.7;6.3;6.2;6.4;5.7;4.6;316.6666667;0;0;1.4
30300300;2;4;23;44;3;4.3;7.9;5.9;74.6;6.7;6.2;6.1;6.3;5.5;4.6;316.6666667;0;0;1.4
30301200;2;3;0;0;3.3;4;7.8;6;74.6;1.8;6.1;6;6.3;5.5;4.3;327.7777778;0;0;1.7
30302100;2;3;23;40;3.1;4.1;7.6;6;74.8;0;6.1;5.9;6.2;5.4;4.3;327.7777778;0;0;1.7
30303000;2;3;0;0;3.2;4;7.3;5.8;75.4;0;6;5.9;6.2;5.4;4.3;327.7777778;0;0;1.7
30303900;2;3;23;38;3;4;7.3;5.5;75.3;0;6;5.8;6.1;5.3;4.3;327.7777778;0;0;1.7
30304800;2;3;0;0;3.2;4;7.2;5.1;75.3;0;5.9;5.8;6;5.3;3.9;325;0;0;2.6
30305700;2;3;23;36;3;4;7.1;5;75.5;0;5.8;5.7;6;5.2;3.9;325;0;0;2.6
30306600;2;4;0;0;3.1;4.3;7;4.7;75.6;0;5.7;5.7;5.9;5.1;3.9;325;0;0;2.6
30307500;2;3;23;36;2.9;4.1;6.7;4.1;76;0;5.7;5.6;5.9;5.1;3.9;325;0;0;2.6
30308400;2;3;0;0;3;3.5;6.7;4.1;76.6;0;5.7;5.6;5.9;5.1;3.7;325;0;0;2.4
30309300;2;3;23;33;2.9;3.7;6.8;4.1;75.6;0;5.6;5.5;5.8;5;3.7;325;0;0;2.4
30310200;2;3;0;0;2.9;3.5;6.7;4.1;75.6;0;5.5;5.4;5.8;5;3.7;325;0;0;2.4
30311100;2;3;23;30;2.9;3.5;6.7;4.2;75.8;0;5.5;5.4;5.7;4.9;3.7;325;0;0;2.4
30312000;2;3;0;0;2.8;3.5;6.9;3.5;75.1;0;5.5;5.3;5.6;4.9;3.4;322.2222222;0;0;3.2
30312900;2;3;23;29;2.7;3.5;6.9;3.3;74;0;5.4;5.3;5.6;4.8;3.4;322.2222222;0;0;3.2
30313800;2;3;0;0;2.8;3.6;6.7;3.2;74;0;5.3;5.2;5.5;4.8;3.4;322.2222222;0;0;3.2
30314700;2;3;23;32;2.6;3.8;6.8;2.9;74;0;5.3;5.2;5.5;4.7;3.4;322.2222222;0;0;3.2
30315600;2;3;0;0;2.8;3.5;6.8;2.6;74;0;5.3;5.1;5.5;4.7;3;316.6666667;0;0;3.7
30316500;2;2;23;25;2.6;3.3;6.8;2.5;74;0;5.2;5.1;5.4;4.6;3;316.6666667;0;0;3.7
30317400;2;2;0;0;2.8;3;6.6;2.8;74.6;0;5.3;5.1;5.3;4.6;3;316.6666667;0;0;3.7
30318300;2;2;22;24;2.4;3;6.6;3.3;74.6;0;5.1;5;5.3;4.5;3;316.6666667;0;0;3.7
30319200;2;2;0;0;2.7;3;6.6;3.7;74.9;0;5.2;4.9;5.3;4.6;2.8;313.8888889;0;0;3.8
30320100;2;2;23;23;2.4;3;6.5;3.8;75.1;0;5.1;4.9;5.2;4.5;2.8;313.8888889;0;0;3.8
30321000;2;2;0;0;2.7;3;6.3;4;75.6;0;5.1;4.9;5.3;4.5;2.8;313.8888889;0;0;3.8
30321900;2;3;0;0;2.7;3.6;6.35;4.5;75.1;0;5.05;4.85;5.25;4.5;2.8;313.8888889;0;0;3.8
30322800;2;4;0;0;2.7;4.2;6.4;5;74.6;0;5;4.8;5.2;4.5;2.5;305.5555556;0;0;3.6
30323700;2;3;22;26;2.4;3.8;6.3;5.3;74.1;0;4.9;4.7;5.1;4.3;2.5;305.5555556;0;0;3.6
30324600;2;2;0;0;2.6;3;6;5.3;75.3;0;4.9;4.7;5;4.4;2.5;305.5555556;0;0;3.6
30325500;1;2;22;15;2.4;3;6.1;5.3;75.2;0;4.8;4.6;5;4.2;2.5;305.5555556;0;0;3.6
30326400;2;2;0;0;2.4;3;5.9;5;75.8;0;4.8;4.6;4.9;4.3;2.4;316.6666667;0;0;2.4
30327300;1;2;22;17;2.4;3;6;4.9;75.6;0;4.8;4.6;4.9;4.2;2.4;316.6666667;0;0;2.4
30328200;2;2;0;0;2.4;3;5.9;4.9;75.4;0;4.8;4.6;5;4.3;2.4;316.6666667;0;0;2.4
30329100;1;2;22;18;2.4;3;6.1;4.9;75.5;0;4.7;4.6;5;4.2;2.4;316.6666667;0;0;2.4
30330000;2;2;0;0;2.4;3;6;4.8;75.1;0;4.8;4.6;5;4.2;2;319.4444444;0;0;2.8
30330900;1;2;22;17;2.4;3;6.1;4.7;75;0;4.8;4.6;4.9;4.1;2;319.4444444;0;0;2.8
30331800;2;4;0;0;2.3;3.9;6;4.7;75.1;0;4.7;4.5;4.8;4.2;2;319.4444444;0;0;2.8
30332700;1;2;22;19;2.4;3.2;5.8;4.7;75.2;0;4.6;4.5;4.8;4;2;319.4444444;0;0;2.8
30333600;2;2;0;0;2.3;2.5;5.8;3;75.4;0;4.7;4.5;4.8;4.1;1.9;316.6666667;0;0;2.5
30334500;1;2;21;14;2.3;2.5;5.7;2.1;75.9;0;4.6;4.4;4.8;4;1.9;316.6666667;0;0;2.5
30335400;1;2;0;0;2.3;2.5;5.7;2.1;75.6;0;4.6;4.4;4.8;4.1;1.9;316.6666667;0;0;2.5
30336300;1;2;23;13;2.5;2.7;5.5;2.2;75.8;0;4.6;4.4;4.7;4.1;1.9;316.6666667;0;0;2.5
30337200;1;2;0;0;2.3;2.5;5.4;2.1;75.9;0;4.5;4.3;4.6;3.9;1.7;316.6666667;0;0;1.9
30338100;2;2;0;0;2.5;2.5;5.3;2;76.7;0;4.6;4.4;4.7;4.3;1.7;316.6666667;0;0;1.9
30339000;2;2;8;9;2.7;3;5.3;1.9;76.8;0;4.6;4.4;4.7;4.4;1.7;316.6666667;0;0;1.9
30339900;1;2;14;6;2.3;2.5;5.1;1.7;76.8;0;4.4;4.3;4.6;3.9;1.7;316.6666667;0;0;1.9
30340800;2;3;0;0;2.3;3.5;5;1.6;77.5;0;4.5;4.3;4.6;4.2;1.3;316.6666667;0;0;2.4
30341700;2;3;0;0;2.8;4;5.1;1.5;77.4;0;4.5;4.3;4.6;4.5;1.3;316.6666667;0;0;2.4
30342600;2;3;0;0;3;4;5.2;1.5;76.9;0;4.5;4.2;4.6;4.9;1.3;316.6666667;0;0;2.4
30343500;1;2;22;14;2.6;3.2;5.2;1.6;76.6;0;4.4;4.2;4.6;4.4;1.3;316.6666667;0;0;2.4
30344400;1;2;0;0;2.3;2.5;5.1;1.6;76.8;0;4.4;4.1;4.5;4;1.3;316.6666667;0;0;2.7
30345300;2;2;0;0;2.7;2.6;5.1;1.6;76.8;0;4.5;4.1;4.5;4.3;1.3;316.6666667;0;0;2.7
30346200;2;2;0;0;2.8;3;4.9;1.6;76.6;0;4.4;4.2;4.5;4.6;1.3;316.6666667;0;0;2.7
30347100;2;3;4;5;3.1;3.4;4.6;1.6;77.6;0;4.3;4.5;4.4;4.9;1.3;316.6666667;0;0;2.7
30348000;1;2;17;6;2.3;2.7;4.8;1.5;77;0;4.3;4;4.4;3.7;1.2;313.8888889;0;0;2
30348900;1;5;0;0;2.3;5.1;4.9;1.5;77.1;0;4.3;4;4.4;4;1.2;313.8888889;0;0;2
30349800;2;5;0;0;2.7;5.6;5;1.3;76.2;0;4.3;4;4.3;4.3;1.2;313.8888889;0;0;2
30350700;2;5;0;0;2.8;6;5.1;1.2;74.4;0;4.3;4;4.3;4.7;1.2;313.8888889;0;0;2
30351600;2;4;0;0;3.3;5.7;4.9;1.1;75.3;0;4.2;3.9;4.3;5;1.5;316.6666667;11.11111111;11.11111111;1.9
30352500;2;4;0;0;3.4;5.5;4.9;1;75.3;0;4.1;4.2;4.2;5.4;1.5;316.6666667;11.11111111;11.11111111;1.9
30353400;1;2;21;15;2.6;3.5;4.9;1;75.9;0;4.2;4.2;4.4;4.2;1.5;316.6666667;11.11111111;11.11111111;1.9
30354300;1;2;0;0;2.3;2.5;4.9;1;76.3;0;4.3;4.1;4.5;4;1.5;316.6666667;11.11111111;11.11111111;1.9
30355200;2;2;0;0;2.7;2.7;5.2;0.9;75.6;5.8;4.3;4.2;4.5;4.3;1.8;316.6666667;41.66666667;41.66666667;1.8
30356100;2;2;0;0;2.9;3.1;5.4;0.8;74.9;8.7;4.4;4.3;4.6;4.7;1.8;316.6666667;41.66666667;41.66666667;1.8
30357000;1;2;23;14;2.3;2.8;5.4;0.9;75.1;8.7;4.5;4.4;4.7;4.1;1.8;316.6666667;41.66666667;41.66666667;1.8
30357900;1;3;0;0;2.4;3;5.5;1;74.5;8.7;4.7;4.4;4.7;4.2;1.8;316.6666667;41.66666667;41.66666667;1.8
30358800;1;2;23;19;2.3;3.3;5.6;1.2;74;22.8;4.6;4.5;4.8;4.1;2.1;316.6666667;58.33333333;58.33333333;1.9
30359700;2;2;0;0;2.4;2.7;5.7;1.3;73.8;29.8;4.8;4.6;4.9;4.2;2.1;316.6666667;58.33333333;58.33333333;1.9
30360600;1;2;23;21;2.3;3;6.1;1.6;72.8;27.7;4.8;4.7;5;4.2;2.1;316.6666667;58.33333333;58.33333333;1.9
30361500;2;2;0;0;2.4;3;6.2;1.7;72.7;26.6;5.1;4.9;5.1;4.4;2.1;316.6666667;58.33333333;58.33333333;1.9
30362400;2;2;23;26;2.3;3;6.2;2;72.4;49.3;5.1;5;5.2;4.5;2.1;319.4444444;72.22222222;72.22222222;1.8
30363300;2;2;0;0;2.6;3;6.1;2;72.3;49.3;5.2;5.1;5.4;4.6;2.1;319.4444444;72.22222222;72.22222222;1.8
30364200;2;2;23;30;2.5;3.4;6.3;1.9;72.1;47.7;5.3;5.2;5.5;4.7;2.1;319.4444444;72.22222222;72.22222222;1.8
30365100;2;2;0;0;2.7;3.5;6.6;1.9;70.6;46.3;5.6;5.3;5.5;4.7;2.1;319.4444444;72.22222222;72.22222222;1.8
30366000;2;3;23;33;2.5;3.5;6.2;2.3;71.1;63.3;5.5;5.4;5.7;4.8;2.3;316.6666667;94.44444444;94.44444444;1.5
30366900;2;5;0;0;2.7;5;6.3;2.3;70.7;64.5;5.7;5.5;5.7;4.9;2.3;316.6666667;94.44444444;94.44444444;1.5
30367800;2;3;23;38;2.6;4.1;6.2;2.3;71;64.5;5.6;5.5;5.8;5;2.3;316.6666667;94.44444444;94.44444444;1.5
30368700;2;3;0;0;2.9;3.5;6.4;2.4;70.4;64.5;5.8;5.7;5.9;5;2.3;316.6666667;94.44444444;94.44444444;1.5
30369600;2;3;23;39;2.7;3.9;6;2.7;70.5;80;5.8;5.8;6;5.2;2.5;305.5555556;100;102.7777778;1.3
30370500;2;3;0;0;3.1;4;6.2;2.7;70;82.4;6;5.9;6.2;5.2;2.5;305.5555556;100;102.7777778;1.3
30371400;2;3;23;48;2.9;4.2;6.5;2.5;68.9;82.4;6.2;6.2;6.4;5.4;2.5;305.5555556;100;102.7777778;1.3
30372300;2;3;0;0;3.1;4;6.3;2.3;68.6;82.4;6.4;6.2;6.5;5.5;2.5;305.5555556;100;102.7777778;1.3
30373200;2;3;23;47;2.9;4.3;6.4;2.6;69.5;84.6;6.4;6.3;6.6;5.7;2.7;300;77.77777778;77.77777778;1
30374100;2;3;0;0;3.2;4;6.7;2.7;68.4;85.2;6.6;6.4;6.5;5.6;2.7;300;77.77777778;77.77777778;1
30375000;2;4;26;58;3.2;4.6;6.5;2.7;68.1;85.2;6.7;6.6;6.8;5.9;2.7;300;77.77777778;77.77777778;1
30375900;3;5;0;0;3.6;4.8;5.8;2.6;70.7;85.2;6.5;6.5;6.6;5.7;2.7;300;77.77777778;77.77777778;1
30376800;2;4;23;47;3.2;4.7;5.6;2.7;71.2;71.9;6.2;6.1;6.4;5.5;2.3;316.6666667;16.66666667;16.66666667;1.4
30377700;2;3;0;0;3.3;4;5.4;2.7;72.2;67.1;5.9;5.7;6;5.3;2.3;316.6666667;16.66666667;16.66666667;1.4
30378600;2;3;23;29;2.8;3.8;5.6;2.6;72.2;67.1;5.5;5.4;5.7;4.9;2.3;316.6666667;16.66666667;16.66666667;1.4
30379500;2;3;0;0;3;3.5;5.8;2.5;72.4;67.1;5.4;5.3;5.5;4.8;2.3;316.6666667;16.66666667;16.66666667;1.4
30380400;2;2;23;24;2.7;3.4;5.5;2.7;73.4;32;5.2;5.1;5.4;4.6;2.5;322.2222222;0;0;1.3
30381300;2;2;0;0;2.7;3;5.3;2.8;74.7;14.5;5.1;5;5.2;4.6;2.5;322.2222222;0;0;1.3
30382200;2;2;23;21;2.7;3;5.6;2.9;75.4;14.5;5;4.9;5.2;4.4;2.5;322.2222222;0;0;1.3
30383100;2;2;0;0;2.6;3;5.8;2.9;75.2;14.5;5;4.8;5.1;4.4;2.5;322.2222222;0;0;1.3
30384000;2;3;23;21;2.4;3.3;5.9;3;75.1;5;4.8;4.7;5;4.3;2.6;322.2222222;0;0;1
30384900;2;3;0;0;2.6;3.1;5.7;3;75.8;5;4.8;4.7;5;4.3;2.6;322.2222222;0;0;1
30385800;2;2;23;19;2.2;3.2;5.7;2.7;76.8;5;4.8;4.7;5;4.3;2.6;322.2222222;0;0;1
30386700;2;2;0;0;2.5;3;5.7;2.4;76.9;5;4.9;4.7;5;4.3;2.6;322.2222222;0;0;1
30387600;2;2;23;16;2.2;3;5.8;2.7;76.4;0.3;4.8;4.7;5;4.3;2.4;322.2222222;0;0;0.7
30388500;2;2;0;0;2.5;3;5.9;2.7;76.2;0;4.8;4.7;5;4.3;2.4;322.2222222;0;0;0.7
30389400;2;2;22;17;2.3;3;6;2.7;75.9;0;4.8;4.7;5;4.3;2.4;322.2222222;0;0;0.7
30390300;2;2;0;0;2.5;3;6.1;2.7;75.4;0;4.9;4.6;5;4.2;2.4;322.2222222;0;0;0.7
30391200;2;2;21;16;2.3;3;5.8;2.7;75.8;0;4.9;4.7;5;4.2;2.3;322.2222222;0;0;1.4
30392100;2;4;0;0;2.5;3.7;5.9;2.7;75.6;0;4.8;4.6;4.9;4.2;2.3;322.2222222;0;0;1.4
30393000;2;4;11;16;2.5;5.1;6;2.6;75.1;0;4.9;4.6;5;4.4;2.3;322.2222222;0;0;1.4
30393900;2;2;12;6;2.2;2.9;5.8;2.4;75.1;0;4.7;4.5;4.8;4.1;2.3;322.2222222;0;0;1.4
30394800;2;2;0;0;2.6;2.9;5.8;2.6;75.7;0;4.8;4.6;4.9;4.4;2;319.4444444;0;0;0.9
30395700;1;2;22;14;2.4;2.9;5.7;2.7;75.1;0;4.8;4.6;4.9;4.4;2;319.4444444;0;0;0.9
30396600;2;2;0;0;2.3;2.9;5.6;2.7;75.5;0;4.7;4.5;4.8;4.1;2;319.4444444;0;0;0.9
30397500;2;2;0;0;2.6;2.9;5.7;2.6;75.6;0;4.9;4.5;4.9;4.5;2;319.4444444;0;0;0.9
30398400;1;2;23;16;2.3;2.9;5.7;2.4;75.6;0;4.7;4.5;4.8;4.2;1.9;319.4444444;0;0;1.4
30399300;2;2;0;0;2.4;2.9;5.6;2.3;75.7;0;4.7;4.4;4.8;4.2;1.9;319.4444444;0;0;1.4
30400200;2;2;0;0;2.6;3;5.6;2.1;75.9;0;4.8;4.5;4.8;4.5;1.9;319.4444444;0;0;1.4
30401100;2;4;11;17;2.9;5;5.5;1.9;76.5;0;4.9;4.5;4.9;4.5;1.9;319.4444444;0;0;1.4
30402000;1;2;12;4;2.5;2.8;5.5;1.9;76.2;0;4.6;4.4;4.7;4;1.6;319.4444444;0;0;1
30402900;2;2;0;0;2.5;2.8;5.3;1.9;76.6;0;4.7;4.4;4.7;4.3;1.6;319.4444444;0;0;1
30403800;2;2;0;0;3;3;5.2;1.9;77.1;0;4.7;4.4;4.7;4.6;1.6;319.4444444;0;0;1
30404700;2;3;0;0;3.1;3.3;5.3;1.9;76.9;0;4.6;4.4;4.7;5;1.6;319.4444444;0;0;1
30405600;2;3;14;15;3.1;3.4;5.3;2.4;77;0;4.6;4.5;4.7;4.8;1.5;319.4444444;0;0;2
30406500;1;2;9;1;2.4;2.8;5.2;2.4;77.2;0;4.5;4.3;4.6;4.1;1.5;319.4444444;0;0;2
30407400;2;2;0;0;2.6;2.8;5.2;2.6;77.6;0;4.7;4.3;4.6;4.4;1.5;319.4444444;0;0;2
30408300;2;3;0;0;2.9;3.65;5.1;3.8;78.15;0;4.6;4.3;4.6;4.7;1.5;319.4444444;0;0;2
30409200;2;4;0;0;3.2;4.5;5;5;78.7;0;4.5;4.3;4.6;5;1.3;319.4444444;0;0;1.9
30410100;2;5;0;0;3.4;6.2;5.1;5.3;78.8;0;4.5;4.2;4.6;5.4;1.3;319.4444444;0;0;1.9
30411000;2;4;0;0;3.8;5.7;4.9;5.3;79.4;0;4.4;4.2;4.5;5.8;1.3;319.4444444;0;0;1.9
30411900;3;3;17;16;3.5;4.5;4.9;5.3;79.2;0;4.3;4.2;4.5;5.1;1.3;319.4444444;0;0;1.9
30412800;2;2;5;0;2.3;2.7;5.1;5;79;0;4.4;4.2;4.6;4;1.2;319.4444444;0;0;1.4
30413700;2;2;0;0;2.7;2.7;5.1;4.9;79;0;4.5;4.2;4.6;4.4;1.2;319.4444444;0;0;1.4
30414600;2;2;0;0;3;3.2;5.1;4.9;79.3;0;4.5;4.1;4.5;4.7;1.2;319.4444444;0;0;1.4
30415500;2;3;0;0;3.2;3.5;5.1;4.9;79.2;0;4.5;4.2;4.5;5;1.2;319.4444444;0;0;1.4
30416400;2;3;6;7;3.5;3.7;5.1;4.7;79.2;0;4.4;4.6;4.4;5.1;1.1;319.4444444;0;0;1.6
30417300;1;2;17;5;2.2;2.8;5;4.7;79.4;0;4.4;4.1;4.5;3.9;1.1;319.4444444;0;0;1.6
30418200;2;5;0;0;2.5;5.4;4.9;4.7;79.4;0;4.5;4.1;4.5;4.2;1.1;319.4444444;0;0;1.6
30419100;2;4;0;0;2.7;5.6;5;4.7;79.9;0;4.5;4;4.4;4.5;1.1;319.4444444;0;0;1.6
30420000;2;4;0;0;3.2;5.1;4.9;2.1;79.8;0;4.4;4;4.4;4.9;1.1;319.4444444;0;0;1.6
30420900;2;4;0;0;3.3;4.7;5.1;1.4;79.7;0;4.4;4;4.4;5.2;1.1;319.4444444;0;0;1.6
30421800;2;4;0;0;3.7;4.7;5;1.3;79.7;0;4.3;4;4.3;5.6;1.1;319.4444444;0;0;1.6
30422700;3;4;0;0;4.1;4.7;5;1.2;79.7;0;4.2;4.1;4.3;6;1.1;319.4444444;0;0;1.6
30423600;2;3;26;18;3.3;3.7;4.8;1.4;80;0;4.2;4.2;4.4;4.7;1.1;319.4444444;0;0;1.6
30424500;1;2;0;0;2.5;2.2;4.7;1.4;80.7;0;4.5;4;4.5;3.9;1.1;319.4444444;0;0;1.6
30425400;2;2;0;0;2.7;2.7;4.7;1.3;80.7;0;4.7;4;4.5;4.3;1.1;319.4444444;0;0;1.6
30426300;2;5;0;0;3;4.8;4.7;1.1;80.7;0;4.7;4;4.5;4.6;1.1;319.4444444;0;0;1.6
30427200;2;5;0;0;3.3;6.2;4.7;1.3;80.6;0;4.7;4;4.4;5;1;319.4444444;0;0;2
30428100;2;4;0;0;3.5;5.9;4.7;1.3;80.6;0;4.6;4;4.3;5.3;1;319.4444444;0;0;2
30429000;3;4;0;0;3.9;5.7;4.6;1.2;80.7;0;4.5;4.5;4.2;5.7;1;319.4444444;0;0;2
30429900;2;2;21;16;2.7;2.9;4.6;1.1;80.7;0;4.1;4;4.3;3.9;1;319.4444444;0;0;2
30430800;1;2;0;0;2.5;2.2;4.7;1.4;80.7;0;4.3;3.9;4.3;4;0.9;316.6666667;0;0;2.4
30431700;2;2;0;0;2.6;2.7;4.7;1.4;80.7;0;4.4;3.8;4.2;4.3;0.9;316.6666667;0;0;2.4
30432600;2;2;0;0;3;3.2;4.7;1.3;81.2;0;4.4;4.2;4.2;4.6;0.9;316.6666667;0;0;2.4
30433500;2;3;0;0;3.2;3.5;4.5;1.2;80.4;0;4.2;4.7;4.2;5;0.9;316.6666667;0;0;2.4
30434400;2;4;0;0;3.5;4.2;4.3;1.3;80.8;0;4.1;5.2;4.1;5.3;0.7;316.6666667;0;0;2.2
30435300;2;5;10;15;3.3;6;4.4;1.3;80.5;0;3.8;5;4;5;0.7;316.6666667;0;0;2.2
30436200;1;1;12;0;2.5;2.1;4.4;1.2;80;0;4.1;3.7;4.2;3.6;0.7;316.6666667;0;0;2.2
30437100;1;3;0;0;2.5;3.2;4.1;1.1;80.4;0;4.2;3.7;4.1;3.9;0.7;316.6666667;0;0;2.2
30438000;2;3;0;0;2.6;3.6;4;1.1;81.3;0;4.3;3.9;4;4.2;0.8;316.6666667;8.333333333;8.333333333;2.8
30438900;2;3;0;0;3;3.6;4.2;1.1;81.2;0;4.2;4.3;3.9;4.6;0.8;316.6666667;8.333333333;8.333333333;2.8
30439800;2;3;0;0;3.1;3.9;4.3;1;80.8;0;4;4.8;3.9;4.8;0.8;316.6666667;8.333333333;8.333333333;2.8
30440700;2;3;0;0;3.5;4.1;4.3;0.9;80.2;0;3.8;5.2;3.8;5.1;0.8;316.6666667;8.333333333;8.333333333;2.8
30441600;3;4;0;0;3.6;4.1;4.3;0.9;80.3;4.4;3.6;5.7;3.8;5.4;1.1;316.6666667;33.33333333;33.33333333;2.3
30442500;2;2;22;6;3;3;4.5;0.9;80.3;5.5;3.8;4.4;4;4.1;1.1;316.6666667;33.33333333;33.33333333;2.3
30443400;1;1;0;0;2.5;2.1;4.7;0.8;79.9;5.5;4.3;3.8;4.3;3.9;1.1;316.6666667;33.33333333;33.33333333;2.3
30444300;1;3;0;0;2.5;3;4.9;0.7;79.2;5.5;4.5;3.8;4.3;4.2;1.1;316.6666667;33.33333333;33.33333333;2.3
30445200;2;5;0;0;2.8;5.6;5.1;1;78.4;18.5;4.7;3.9;4.4;4.6;1.5;316.6666667;61.11111111;61.11111111;2.6
30446100;2;4;0;0;3;5.5;4.8;1.1;78.6;21.8;4.9;4;4.5;4.9;1.5;316.6666667;61.11111111;61.11111111;2.6
30447000;1;2;23;18;2.4;3.2;5;1.1;78.2;22.2;4.6;4.3;4.7;4.3;1.5;316.6666667;61.11111111;61.11111111;2.6
30447900;1;2;0;0;2.5;2.6;5.2;1.1;77;22.8;4.8;4.5;4.8;4.3;1.5;316.6666667;61.11111111;61.11111111;2.6
30448800;1;2;23;19;2.3;2.6;5.3;1.5;77.2;47.2;4.9;4.6;5;4.4;1.7;319.4444444;52.77777778;52.77777778;2.7
30449700;2;2;0;0;2.5;2.6;5.7;1.6;75.9;53.3;5;4.7;5;4.3;1.7;319.4444444;52.77777778;52.77777778;2.7
30450600;2;2;23;22;2.3;2.9;5.8;1.6;75.2;52.7;5.2;4.8;5.2;4.5;1.7;319.4444444;52.77777778;52.77777778;2.7
30451500;2;2;0;0;2.5;3.1;5.7;1.5;75.3;51.9;5.2;4.8;5.2;4.4;1.7;319.4444444;52.77777778;52.77777778;2.7
30452400;2;2;23;22;2.5;3.1;5.6;2;75.5;68.9;5.2;4.9;5.2;4.5;1.8;319.4444444;52.77777778;52.77777778;2.3
30453300;2;4;0;0;2.5;4;5.5;2.1;75.5;73.2;5.2;4.8;5.2;4.4;1.8;319.4444444;52.77777778;52.77777778;2.3
30454200;2;3;23;28;2.5;4.2;5.6;2;74.9;73.2;5.3;5;5.3;4.5;1.8;319.4444444;52.77777778;52.77777778;2.3
30455100;2;2;0;0;2.5;3;5.3;1.9;75.5;73.2;5.2;4.9;5.2;4.4;1.8;319.4444444;52.77777778;52.77777778;2.3
30456000;2;2;23;22;2.6;3;5.3;2.3;76;86.3;5.2;5;5.3;4.5;1.6;319.4444444;41.66666667;41.66666667;2.4
30456900;2;2;0;0;2.5;3;5.3;2.4;76.6;89.6;5.2;4.8;5.2;4.4;1.6;319.4444444;41.66666667;41.66666667;2.4
30457800;2;2;23;21;2.6;3;5.5;2.3;75.9;89.6;5.3;4.9;5.3;4.5;1.6;319.4444444;41.66666667;41.66666667;2.4
30458700;2;2;0;0;2.5;3;5.3;2.1;75.7;89.6;5.2;4.8;5.2;4.4;1.6;319.4444444;41.66666667;41.66666667;2.4
30459600;2;2;23;20;2.5;3;5;2.5;77.2;89.4;5.1;4.9;5.2;4.4;1.6;319.4444444;22.22222222;22.22222222;2.3
30460500;2;2;0;0;2.5;3;5.2;2.6;77.2;89.3;5;4.7;5.1;4.3;1.6;319.4444444;22.22222222;22.22222222;2.3
30461400;2;2;23;18;2.5;3;5.1;2.4;77.7;89.3;5;4.8;5.1;4.3;1.6;319.4444444;22.22222222;22.22222222;2.3
30462300;2;3;0;0;2.5;3.1;5.1;2.1;78.2;89.3;4.9;4.7;5;4.2;1.6;319.4444444;22.22222222;22.22222222;2.3
30463200;1;2;23;17;2.5;3.3;5.2;2.3;78.7;65.9;4.9;4.6;5;4.3;1.2;319.4444444;8.333333333;8.333333333;2.4
30464100;2;2;0;0;2.5;3;5.2;2.4;78.4;60.1;4.8;4.5;4.9;4.1;1.2;319.4444444;8.333333333;8.333333333;2.4
30465000;2;2;0;0;2.6;3;4.9;2.1;78.3;60.1;5;4.6;4.9;4.5;1.2;319.4444444;8.333333333;8.333333333;2.4
30465900;1;2;22;13;2.5;2.7;4.7;1.7;79.2;60.1;4.5;4.4;4.7;3.9;1.2;319.4444444;8.333333333;8.333333333;2.4
30466800;2;2;0;0;2.5;2.5;4.7;1.8;79.5;26.7;4.7;4.3;4.7;4.1;1.2;319.4444444;0;0;2.6
30467700;2;2;0;0;2.7;2.8;4.6;1.8;79.8;18.3;4.9;4.3;4.7;4.5;1.2;319.4444444;0;0;2.6
30468600;2;2;0;0;3;3.1;4.5;1.7;80.2;18.3;4.9;4.2;4.6;4.8;1.2;319.4444444;0;0;2.6
30469500;2;3;8;8;3.1;3.5;4.6;1.6;80;18.3;4.8;4.4;4.5;4.9;1.2;319.4444444;0;0;2.6
30470400;1;1;15;3;2.5;2.5;4.5;1.7;80.7;8.3;4.3;4.1;4.5;3.7;1.1;319.4444444;0;0;2.2
30471300;2;3;0;0;2.5;3.1;4.8;1.7;80.5;5.8;4.7;4;4.4;4;1.1;319.4444444;0;0;2.2
30472200;2;2;0;0;2.8;3.5;4.7;1.5;80.4;5.8;4.9;4.2;4.4;4.4;1.1;319.4444444;0;0;2.2
30473100;2;3;0;0;3;3.5;4.5;1.1;81.3;5.8;4.7;4.5;4.4;4.7;1.1;319.4444444;0;0;2.2
30474000;2;3;0;0;3.3;3.8;4.5;1.6;81.4;1.2;4.5;5;4.4;5;0.9;319.4444444;0;0;1.3
30474900;1;1;23;10;2.5;2.8;4.5;1.7;81.2;0;4.2;4;4.3;3.7;0.9;319.4444444;0;0;1.3
30475800;1;1;0;0;2.5;2.5;4.6;1.6;81.5;0;4.6;3.9;4.4;4;0.9;319.4444444;0;0;1.3
30476700;2;2;0;0;2.5;2.6;4.7;1.5;81.2;0;4.6;3.9;4.4;4.3;0.9;319.4444444;0;0;1.3
30477600;2;2;0;0;3;3;4.9;1.6;81;0;4.7;4.2;4.4;4.6;1.7;322.2222222;0;0;0.9
30478500;2;4;0;0;3.1;4.2;5.1;1.6;80.5;0;4.7;4.6;4.4;4.9;1.7;322.2222222;0;0;0.9
30479400;1;3;22;15;2.9;4.4;5.2;1.3;79.7;0;4.5;4.5;4.5;4.6;1.7;322.2222222;0;0;0.9
30480300;1;2;0;0;2.4;2.4;5.3;0.8;79;0;4.6;4.2;4.6;4.1;1.7;322.2222222;0;0;0.9
30481200;2;2;0;0;2.6;2.6;5.5;1.3;78.7;0;4.6;4.2;4.6;4.4;2.2;322.2222222;0;0;1.9
30482100;2;2;0;0;2.9;2.9;5.6;1.4;78.2;0;4.5;4.3;4.6;4.7;2.2;322.2222222;0;0;1.9
30483000;2;3;0;0;3.2;3.4;5.5;1.3;78.5;0;4.5;4.3;4.7;5;2.2;322.2222222;0;0;1.9
30483900;2;3;0;0;3.4;3.5;5.5;1.1;78.9;0;4.4;4.4;4.7;5.4;2.2;322.2222222;0;0;1.9
30484800;2;2;22;18;2.6;3.2;5.6;1.2;79.2;0;4.6;4.4;4.8;4.4;2.6;322.2222222;0;0;1
30485700;2;2;0;0;2.5;2.9;5.8;1.2;79.2;0;4.6;4.4;4.8;4.4;2.6;322.2222222;0;0;1
30486600;2;2;0;0;2.9;3;5.9;1.3;78.5;0;4.7;4.5;4.8;4.7;2.6;322.2222222;0;0;1
30487500;2;3;23;23;2.6;4.1;6;1.5;78.3;0;4.8;4.5;4.9;4.6;2.6;322.2222222;0;0;1
30488400;2;2;0;0;2.4;2.9;5.9;1.7;78.6;0;4.7;4.5;4.8;4.2;2.6;322.2222222;0;0;1.1
30489300;2;2;11;11;2.7;2.9;6.1;1.7;78.7;0;4.9;4.5;4.9;4.5;2.6;322.2222222;0;0;1.1
30490200;1;2;12;5;2.4;2.9;6.1;1.9;78.4;0;4.7;4.5;4.8;4.1;2.6;322.2222222;0;0;1.1
30491100;2;2;9;5;2.4;2.9;6.1;2.1;78.2;0;4.9;4.6;4.9;4.4;2.6;322.2222222;0;0;1.1
30492000;1;2;14;8;2.4;2.9;6.1;2.5;78.2;0;4.8;4.5;4.8;4.1;2.8;322.2222222;0;0;1.1
30492900;2;2;1;1;2.4;2.9;6.1;2.6;78.2;0;5;4.6;5;4.4;2.8;322.2222222;0;0;1.1
30493800;1;2;23;16;2.4;2.9;6.2;2.7;78.2;0;4.8;4.6;4.9;4.1;2.8;322.2222222;0;0;1.1
30494700;2;2;0;0;2.4;2.9;6.2;2.9;78.1;0;5;4.6;4.9;4.3;2.8;322.2222222;0;0;1.1
30495600;1;2;20;14;2.4;2.9;6.3;4.8;78.2;0;4.7;4.5;4.9;4.1;2.9;319.4444444;0;0;1.5
30496500;2;3;0;0;2.4;3.3;6.3;5.3;78.1;0;4.9;4.5;4.9;4.3;2.9;319.4444444;0;0;1.5
30497400;1;2;22;17;2.6;3.4;6.3;5.3;77.7;0;4.9;4.6;4.9;4.4;2.9;319.4444444;0;0;1.5
30498300;2;2;0;0;2.4;2.9;6.3;5.3;78.2;0;4.7;4.5;4.8;4.1;2.9;319.4444444;0;0;1.5
30499200;2;2;7;7;2.6;2.9;6.3;5;78.2;0;4.9;4.6;4.9;4.4;2.7;311.1111111;0;0;1.5
30500100;1;2;15;9;2.4;2.9;6.3;4.9;78.2;0;4.8;4.5;4.9;4.2;2.7;311.1111111;0;0;1.5
30501000;2;2;1;1;2.5;2.9;6.4;4.9;77.9;0;5;4.6;4.9;4.4;2.7;311.1111111;0;0;1.5
30501900;2;2;22;16;2.4;2.9;6.4;4.9;77.9;0;4.8;4.6;4.9;4.1;2.7;311.1111111;0;0;1.5
30502800;2;2;0;0;2.5;2.9;6.2;4.8;78.5;0;4.9;4.6;5;4.4;2.4;300;0;0;1.4
30503700;2;2;14;13;2.7;2.9;5.9;4.7;79.4;0;4.8;4.6;4.9;4.4;2.4;300;0;0;1.4
30504600;2;2;9;2;2.4;2.9;5.7;4.7;80.1;0;4.5;4.3;4.6;4;2.4;300;0;0;1.4
30505500;2;3;0;0;2.6;3.3;5.4;4.7;80.4;0;4.6;4.2;4.6;4.3;2.4;300;0;0;1.4
30506400;2;3;0;0;2.9;3.4;5.4;3.1;80.7;0;4.7;4.2;4.6;4.6;2.2;311.1111111;0;0;1
30507300;2;3;0;0;3.2;3.8;5.4;2.7;80.7;0;4.7;4.1;4.6;5;2.2;311.1111111;0;0;1
30508200;2;3;0;0;3.4;3.9;5.4;2.7;80.8;0;4.5;4.1;4.6;5.3;2.2;311.1111111;0;0;1
30509100;3;3;0;0;3.8;4;5.4;2.6;81.2;0;4.4;4.2;4.5;5.7;2.2;311.1111111;0;0;1
30510000;2;2;21;10;2.7;3.4;5.5;2.6;81.2;0;4.5;4.3;4.7;4.6;2.1;316.6666667;0;0;1.1
30510900;2;2;0;0;2.5;2.4;5.5;2.6;81.2;0;4.5;4.2;4.6;4.2;2.1;316.6666667;0;0;1.1
30511800;2;2;0;0;2.7;2.9;5.5;2.5;82.7;0;4.6;4.2;4.6;4.5;2.1;316.6666667;0;0;1.1
30512700;2;4;0;0;3.2;4.7;5.4;2.4;82.7;0;4.6;4.2;4.7;4.8;2.1;316.6666667;0;0;1.1
30513600;2;5;0;0;3.2;6.2;5.3;2.4;83.1;0;4.7;4.2;4.6;5.2;2.2;313.8888889;0;0;1.3
30514500;2;4;0;0;3.7;5.6;5.4;2.4;82.8;0;4.6;4.1;4.6;5.6;2.2;313.8888889;0;0;1.3
30515400;3;3;14;15;3.5;4.7;5.3;2.3;83.1;0;4.5;4.2;4.6;5.1;2.2;313.8888889;0;0;1.3
30516300;2;2;8;0;2.5;2.4;5.6;2.1;83;0;4.5;4.2;4.6;4.1;2.2;313.8888889;0;0;1.3
30517200;2;2;0;0;2.7;2.7;5.7;2.2;82.7;0;4.6;4.2;4.6;4.4;2.3;311.1111111;0;0;1.5
30518100;2;2;0;0;3;3.1;5.5;2.2;82.7;0;4.6;4.2;4.7;4.7;2.3;311.1111111;0;0;1.5
30519000;2;3;0;0;3.3;3.4;5.5;2.2;82.8;0;4.5;4.2;4.7;5.1;2.3;311.1111111;0;0;1.5
30519900;2;3;4;6;3.4;3.9;5.7;2.2;82.8;0;4.5;4.4;4.7;5.3;2.3;311.1111111;0;0;1.5
30520800;2;3;17;10;2.4;3.1;5.8;2.2;81.5;0;4.6;4.3;4.7;4.1;2.2;311.1111111;0;0;1.9
30521700;2;5;0;0;2.5;5.4;5.7;2.2;81.5;0;4.6;4.2;4.7;4.3;2.2;311.1111111;0;0;1.9
30522600;2;5;0;0;2.9;5.9;5.6;2.2;81.9;0;4.7;4.2;4.6;4.7;2.2;311.1111111;0;0;1.9
30523500;2;6;0;0;3.2;6.3;5.7;2.3;81.3;0;4.6;4.2;4.6;5;2.2;311.1111111;0;0;1.9
30524400;2;4;0;0;3.4;5.8;5.7;2.2;81.2;0;4.6;4.2;4.6;5.4;2.3;313.8888889;13.88888889;13.88888889;1.7
30525300;2;3;21;18;3.1;4.3;5.5;2.2;81.2;0;4.6;4.3;4.7;4.9;2.3;313.8888889;13.88888889;13.88888889;1.7
30526200;2;2;0;0;2.4;2.9;5.4;2.2;81.7;0;4.6;4.3;4.7;4.2;2.3;313.8888889;13.88888889;13.88888889;1.7
30527100;2;2;0;0;2.8;2.9;5.4;2.2;81.6;0;4.7;4.4;4.8;4.5;2.3;313.8888889;13.88888889;13.88888889;1.7
30528000;2;3;0;0;3.1;3.3;5.6;2.2;81.1;11;4.7;4.4;4.8;4.9;2.6;316.6666667;52.77777778;52.77777778;1.6
30528900;2;2;24;16;2.3;3;5.8;2.2;80.6;16.5;4.8;4.6;5;4.4;2.6;316.6666667;52.77777778;52.77777778;1.6
30529800;2;2;0;0;2.6;2.9;6;2.2;80;16.5;4.9;4.7;5;4.5;2.6;316.6666667;52.77777778;52.77777778;1.6
30530700;2;2;24;20;2.3;2.9;6.3;2.2;78.9;16.5;5;4.8;5.1;4.5;2.6;316.6666667;52.77777778;52.77777778;1.6
30531600;2;4;0;0;2.7;4.3;6.2;2.3;78.8;40.6;5.1;4.9;5.2;4.6;3.2;322.2222222;75;75;1.3
30532500;2;2;24;30;2.4;3.6;6.3;2.4;78.2;52.6;5.2;5.1;5.4;4.6;3.2;322.2222222;75;75;1.3
30533400;2;2;0;0;2.8;3.4;6.3;2.4;78.3;55;5.4;5.3;5.5;4.8;3.2;322.2222222;75;75;1.3
30534300;2;3;24;30;2.6;3.4;6.5;2.5;78.1;61.5;5.5;5.5;5.7;4.9;3.2;322.2222222;75;75;1.3
30535200;2;3;0;0;2.8;3.4;6.8;2.8;77.2;93.8;5.8;5.7;5.9;5.1;3.2;277.7777778;97.22222222;97.22222222;1.9
30536100;2;3;24;39;2.6;3.9;7;2.9;76.7;110;6;6;6.2;5.4;3.2;277.7777778;97.22222222;97.22222222;1.9
30537000;2;3;0;0;3.2;3.9;7.5;2.9;74.9;114.4;6.5;6.5;6.6;5.5;3.2;277.7777778;97.22222222;97.22222222;1.9
30537900;2;3;23;51;3;4.4;6.9;2.9;73.8;126.5;6.4;6.4;6.7;5.7;3.2;277.7777778;97.22222222;97.22222222;1.9
30538800;3;3;0;0;3.5;4.4;6.9;3.2;74.1;147;6.7;6.7;6.7;5.6;3.3;263.8888889;88.88888889;94.44444444;1.7
30539700;3;5;40;105;3.6;5.6;8;3.3;70;157.2;8;7.8;8.2;6.7;3.3;263.8888889;88.88888889;94.44444444;1.7
30540600;3;5;43;93;3.8;5.8;9.2;3.4;65.7;157.2;8.2;8.1;8.4;7.3;3.3;263.8888889;88.88888889;94.44444444;1.7
30541500;3;5;43;86;4.3;6.2;7.7;3.6;68.8;157.2;8;8;8.2;7.2;3.3;263.8888889;88.88888889;94.44444444;1.7
30542400;3;4;12;14;4.3;5.4;6.7;3.6;72.6;160.1;7.1;7.1;7.4;6.3;4;288.8888889;113.8888889;169.4444444;1.2
30543300;3;4;11;31;4.2;5.4;6.5;3.6;72.9;161.6;7.4;7.3;7.6;6.5;4;288.8888889;113.8888889;169.4444444;1.2
30544200;3;4;12;23;3.7;4.6;6.7;3.3;71.9;161.6;6.4;6.3;6.5;5.8;4;288.8888889;113.8888889;169.4444444;1.2
30545100;3;4;11;22;3.6;4.4;6.8;3.2;71.5;161.6;6.5;6.4;6.6;5.9;4;288.8888889;113.8888889;169.4444444;1.2
30546000;2;3;12;15;3.2;4;6.3;3.3;72.5;166.9;5.7;5.6;5.9;5.2;4.5;305.5555556;75;119.4444444;0.9
30546900;1;3;32;86;2.3;4;6.4;3.3;72.2;169.6;6.1;5.9;6.2;5.4;4.5;305.5555556;75;119.4444444;0.9
30547800;0;2;43;133;0.5;3.2;7.3;3.3;70.3;169.6;5.1;5;5.1;4.4;4.5;305.5555556;75;119.4444444;0.9
30548700;0;2;43;134;0.3;2.9;8;3.3;67.1;169.6;5;4.9;5;4;4.5;305.5555556;75;119.4444444;0.9
30549600;0;2;43;132;0;2.8;7.7;3.2;64.2;140.3;4.7;4.6;4.8;3.6;3.8;261.1111111;25;25;1
30550500;0;1;43;128;-0.5;2.2;7.6;3.1;63.1;125.6;4.1;3.8;4.1;3;3.8;261.1111111;25;25;1
30551400;0;0;32;91;-1;1.3;7.3;3.6;64;125.6;3.2;2.9;3.3;2.2;3.8;261.1111111;25;25;1
30552300;0;1;0;0;0.3;1.4;6.6;3.8;65.5;125.6;3.3;3.1;3.4;2.1;3.8;261.1111111;25;25;1
30553200;0;1;0;0;0.5;1.9;5.9;3.5;66.2;90.7;3.6;3.3;3.7;2.5;2.9;230.5555556;0;0;0.9
30554100;0;1;0;0;0.5;1.9;5.3;3.4;68.1;73.2;4;3.5;4;2.9;2.9;230.5555556;0;0;0.9
30555000;-1;0;29;72;-1.2;1.2;4.6;3.9;71.6;73.2;3.1;2.7;3.2;2.3;2.9;230.5555556;0;0;0.9
30555900;-2;1;0;0;-1.5;1.3;4;4.2;74.2;73.2;2.6;2.2;2.6;2;2.9;230.5555556;0;0;0.9
30556800;-2;3;0;0;-1;3.2;3.5;3.8;75.6;28.4;2.9;2.4;2.9;2.4;1.8;230.5555556;0;0;2.1
30557700;-1;2;0;0;-0.6;2.9;3.2;3.6;76.9;6;3.4;2.8;3.3;2.8;1.8;230.5555556;0;0;2.1
30558600;0;0;0;0;-0.2;1.5;2.9;3.4;77.6;6;3.8;3.2;3.7;3.3;1.8;230.5555556;0;0;2.1
30559500;-2;0;28;70;-1.8;0.4;2.8;3.3;78.7;6;1.9;1.3;1.8;1.4;1.8;230.5555556;0;0;2.1
30560400;-2;0;0;0;-2.2;0.7;2.4;3;78.8;2;1.1;0.7;1;0.9;1.4;227.7777778;0;0;1.9
30561300;-2;1;0;0;-1.7;1.5;2.2;2.9;79.1;0;1.5;0.9;1.4;1.3;1.4;227.7777778;0;0;1.9
30562200;-2;1;0;0;-1.3;1.5;1.9;2.8;79.6;0;2;1.2;1.8;1.8;1.4;227.7777778;0;0;1.9
30563100;-1;0;0;0;-0.9;1.5;1.7;2.5;80.4;0;2.4;1.6;2.2;2.3;1.4;227.7777778;0;0;1.9
30564000;0;0;0;0;-0.2;1.5;1.6;2.3;81;0;2.9;2.1;2.6;2.9;0.7;225;0;0;2
30564900;0;1;0;0;0.5;1.6;1.5;2.2;81.4;0;3.3;2.6;2.9;3.9;0.7;225;0;0;2
30565800;-2;0;29;65;-2.2;-0.1;1.3;2;81.6;0;0.9;0.3;0.6;0.8;0.7;225;0;0;2
30566700;-2;0;0;0;-2.7;0.2;1.3;1.4;82.1;0;0.2;-0.4;-0.1;0;0.7;225;0;0;2
30567600;-2;0;0;0;-2.2;1.3;1.1;1.1;82.1;0;0.6;-0.1;0.3;0.4;0.4;222.2222222;0;0;1.6
30568500;-2;1;0;0;-2;1.3;1;0.9;82.6;0;1;0.2;0.7;0.9;0.4;222.2222222;0;0;1.6
30569400;-2;0;0;0;-1.5;1.3;0.8;0.8;83.1;0;1.6;0.6;1.1;1.4;0.4;222.2222222;0;0;1.6
30570300;-1;0;0;0;-0.9;1.3;0.7;0.8;83.1;0;1.9;1;1.6;2;0.4;222.2222222;0;0;1.6
30571200;0;0;0;0;-0.1;1.3;0.6;0.3;83.1;0;2.4;1.4;2;3;-0.5;219.4444444;0;0;0.8
30572100;0;0;0;0;0.6;1.3;0.4;0.1;83.6;0;2.8;2.2;2.2;4.1;-0.5;219.4444444;0;0;0.8
30573000;-2;0;16;49;-1.3;0.3;0.3;0;84;0;1.4;1.1;0.8;1.9;-0.5;219.4444444;0;0;0.8
30573900;-3;-2;6;14;-3.4;-1.7;0.2;0;83.9;0;-0.8;-1.6;-1.1;-1;-0.5;219.4444444;0;0;0.8
30574800;-3;2;0;0;-2.7;2.8;0.1;-0.3;83.9;0;-0.5;-1.5;-0.8;-0.7;-1.8;219.4444444;0;0;1.1
30575700;-2;1;0;0;-2.7;2.3;0;-0.4;84.1;0;0.1;-1.1;-0.4;-0.2;-1.8;219.4444444;0;0;1.1
30576600;-2;0;0;0;-2.3;1.6;0;-0.3;84.1;0;0.6;-0.7;0;0.4;-1.8;219.4444444;0;0;1.1
30577500;-2;0;0;0;-1.8;1.3;-0.1;0;84.4;0;1.1;-0.4;0.5;1;-1.8;219.4444444;0;0;1.1
30578400;-1;0;0;0;-0.8;0.9;-0.2;-0.3;84.9;0;1.5;-0.1;1;1.9;-2;216.6666667;0;0;0.9
30579300;0;0;0;0;-0.2;0.9;-0.2;-0.4;84.8;0;1.8;-0.3;1.4;3.3;-2;216.6666667;0;0;0.9
30580200;0;0;0;0;-0.2;0.9;-0.3;-0.5;85.1;0;3.2;-1.4;1.7;4.1;-2;216.6666667;0;0;0.9
30581100;0;0;0;0;-0.3;0.9;-0.4;1.35;85.2;0;3.8;-1.85;2.05;4.6;-2;216.6666667;0;0;0.9
30582000;0;0;0;0;-0.4;0.9;-0.5;3.2;85.3;0;4.4;-2.3;2.4;5.1;-2;216.6666667;0;0;0.7
30582900;0;2;0;0;-0.7;1.9;-0.7;5.3;85.1;0;4.1;-2.5;3.7;4.8;-2;216.6666667;0;0;0.7
30583800;0;1;0;0;-1;1.8;-0.7;5.3;85.6;0;4.1;-2.5;3.6;4.6;-2;216.6666667;0;0;0.7
30584700;0;0;0;0;-1.2;1.1;-0.8;5.3;85.4;0;4.1;-2.7;2.6;4.7;-2;216.6666667;0;0;0.7
30585600;0;0;0;0;-1.2;1.1;-0.8;5.1;85.7;0;4.6;-2.8;2;4.7;-2.6;216.6666667;0;0;0.9
30586500;0;0;0;0;-1.2;1.1;-0.9;4.9;85.9;0;4.4;-2.9;1.8;4.9;-2.6;216.6666667;0;0;0.9
30587400;0;0;0;0;-1.2;1.1;-1;4.9;85.5;0;3.5;-3;1.8;5;-2.6;216.6666667;0;0;0.9
30588300;0;0;0;0;-1.2;1.1;-0.9;4.9;86.1;0;3;-3;1.6;4.5;-2.6;216.6666667;0;0;0.9
30589200;0;0;0;0;-1.2;1.1;-1.1;4.7;85.6;0;2.7;-3.1;1.6;3.9;-2.1;216.6666667;0;0;1.2
30590100;0;0;0;0;-1.2;1.1;-1.3;4.7;85.1;0;2.6;-3.2;1.5;3.6;-2.1;216.6666667;0;0;1.2
30591000;0;1;0;0;-1.2;0.8;-1.4;4.7;85.1;0;2.6;-3.3;1.4;3.5;-2.1;216.6666667;0;0;1.2
30591900;0;2;0;0;-1.2;2.5;-1.4;4.7;85.1;0;2.7;-3.4;1.3;3.5;-2.1;216.6666667;0;0;1.2
30592800;0;0;0;0;-1.2;1.2;-1.4;-1.7;85.1;0;2.7;-3.5;1.1;3.5;-3.4;216.6666667;0;0;0.7
30593700;0;0;0;0;-1.2;0.7;-1.4;-2.7;85.1;0;2.6;-3.5;0.9;3.5;-3.4;216.6666667;0;0;0.7
30594600;-1;0;0;0;-1.3;0.7;-1.5;-2.8;84.8;0;3.1;-3.5;0.8;3.5;-3.4;216.6666667;0;0;0.7
30595500;-2;0;0;0;-1.7;0.7;-1.6;-3;84.6;0;3;-3.7;0.8;3.8;-3.4;216.6666667;0;0;0.7
30596400;-2;0;0;0;-1.7;0.7;-1.6;-3;84.6;0;2.4;-3.7;0.7;3.6;-3.5;213.8888889;0;0;1.2
30597300;-2;0;0;0;-1.7;0.7;-1.5;-3;84.6;0;2.2;-3.7;0.7;3.2;-3.5;213.8888889;0;0;1.2
30598200;-2;0;0;0;-1.7;0.7;-1.7;-2.7;84.6;0;2.2;-3.7;0.5;3.1;-3.5;213.8888889;0;0;1.2
30599100;-2;0;0;0;-1.7;0.7;-1.8;-2.2;84.2;0;2.2;-3.8;0.5;3;-3.5;213.8888889;0;0;1.2
30600000;-2;1;0;0;-1.9;1.7;-1.9;-2.3;84.6;0;2.3;-3.8;0.4;3.2;-3.6;213.8888889;0;0;1.9
30600900;-2;1;0;0;-2.2;1.8;-1.9;-2.3;84.9;0;2.3;-4;0.3;3.2;-3.6;213.8888889;0;0;1.9
30601800;-2;0;0;0;-2.2;0.9;-2;-2.6;84.6;0;2.2;-4.1;0.3;3.2;-3.6;213.8888889;0;0;1.9
30602700;-2;0;0;0;-2.2;0.9;-2;-3.5;85.1;0;2.6;-4.2;0.2;3.1;-3.6;213.8888889;0;0;1.9
30603600;-2;0;0;0;-2.2;0.9;-2.2;-3.6;85.1;0;2.9;-4.3;0.3;3.4;-4.3;213.8888889;0;0;1.6
30604500;-2;0;0;0;-2.2;0.9;-2.2;-3.6;85.1;0;2.4;-4.4;0.3;3.5;-4.3;213.8888889;0;0;1.6
30605400;-2;0;0;0;-2.2;0.9;-2.3;-3.6;84.7;0;2.1;-4.5;0.2;3.1;-4.3;213.8888889;0;0;1.6
30606300;-2;0;0;0;-2.2;0.9;-2.3;-3.7;84.2;0;2;-4.6;0.2;2.9;-4.3;213.8888889;0;0;1.6
30607200;-2;0;0;0;-2.2;0.9;-2.3;-3.6;84.4;0;2.1;-4.6;0.1;3;-4.4;211.1111111;2.777777778;2.777777778;2.1
30608100;-2;1;0;0;-2.2;0.9;-2.4;-3.6;84.3;0;2;-4.7;0;3;-4.4;211.1111111;2.777777778;2.777777778;2.1
30609000;-3;1;0;0;-2.4;2.2;-2.4;-3.6;84.1;0;1.9;-4.8;0;3;-4.4;211.1111111;2.777777778;2.777777778;2.1
30609900;-3;0;0;0;-2.7;1.2;-2.5;-3.6;84.1;0;1.8;-4.8;-0.1;2.8;-4.4;211.1111111;2.777777778;2.777777778;2.1
30610800;-3;0;0;0;-2.7;0.6;-2.5;-3.5;83.9;0;1.9;-4.9;-0.2;2.7;-4.6;211.1111111;22.22222222;47.22222222;2.3
30611700;-3;0;0;0;-2.7;0.6;-2.5;-3.4;83.6;0;2.5;-4.9;-0.2;2.8;-4.6;211.1111111;22.22222222;47.22222222;2.3
30612600;-3;0;0;0;-2.7;0.6;-2.4;-3.9;83.6;0;2.3;-5;-0.1;3.2;-4.6;211.1111111;22.22222222;47.22222222;2.3
30613500;-3;0;0;0;-3;0.6;-2.1;-4.2;83.6;0;1.9;-4.9;-0.1;3;-4.6;211.1111111;22.22222222;47.22222222;2.3
30614400;-3;0;0;0;-3.2;0.6;-1.7;-4;83.6;16.9;1.7;-4.4;-0.2;2.6;-3.3;211.1111111;38.88888889;150;2.1
30615300;-3;0;0;0;-3.2;0.6;-1.2;-3.8;83.6;28.2;1.8;-3.8;-0.1;2.5;-3.3;211.1111111;38.88888889;150;2.1
30616200;-3;0;0;0;-3.2;0.6;-0.6;-4.1;83.2;28.2;1.8;-3;-0.1;2.5;-3.3;211.1111111;38.88888889;150;2.1
30617100;-3;1;0;0;-3.1;1.1;-0.3;-4.2;81.8;28.2;1.9;-1.9;0.1;2.6;-3.3;211.1111111;38.88888889;150;2.1
30618000;-3;1;0;0;-2.7;2.1;-0.2;-3.3;81.1;104.6;2.1;-0.6;0.4;2.8;-2;213.8888889;47.22222222;238.8888889;2.5
30618900;-2;0;0;0;-2.3;0.8;0.3;-3.3;80.9;104.6;2.3;0.6;1;2.9;-2;213.8888889;47.22222222;238.8888889;2.5
30619800;-2;0;0;0;-2;0.7;0.5;-3.6;79.3;107;2.7;1.7;1.8;3;-2;213.8888889;47.22222222;238.8888889;2.5
30620700;-2;0;13;39;-1.7;0.6;0.7;-3.9;78.5;109.1;3;2.5;2.6;2.6;-2;213.8888889;47.22222222;238.8888889;2.5
30621600;-3;0;13;33;-2.4;0.2;0.9;-2.8;78.4;175.3;2.4;2;2.4;0.7;-0.6;-2775;50;288.8888889;3.4
30622500;-2;0;0;0;-2.1;0.2;1.2;-2.7;77.3;180;2.8;2.3;2.9;1;-0.6;-2775;50;288.8888889;3.4
30623400;-2;0;2;12;-1.6;0.3;1.4;-2.6;76.8;186.5;3.3;2.9;3.6;1.6;-0.6;-2775;50;288.8888889;3.4
30624300;0;1;43;129;-0.7;1.9;1.7;-2.5;76.5;192.2;4.1;3.7;4.3;2.3;-0.6;-2775;50;288.8888889;3.4
30625200;-2;0;43;117;-1.5;0.9;2;-1.5;74.7;227.7;3;2.7;3.1;1.7;0.5;219.4444444;50;288.8888889;2.9
30626100;-2;0;43;115;-1.9;0.6;2.2;-1.4;73;230.2;2.6;2.4;2.7;1.4;0.5;219.4444444;50;288.8888889;2.9
30627000;-2;0;43;115;-2.1;0.2;2.4;-1.2;72.2;230.2;2.4;2.2;2.5;1.3;0.5;219.4444444;50;288.8888889;2.9
30627900;-2;0;42;114;-2.1;0.2;2.6;-1.1;71.4;230.2;2.3;1.9;2.3;1.2;0.5;219.4444444;50;288.8888889;2.9
30628800;-2;0;3;7;-2.1;0.2;2.9;-0.4;70.4;255.3;2.8;2.2;2.9;1.3;1.3;222.2222222;47.22222222;241.6666667;1.9
30629700;-2;0;4;22;-1.7;0.3;4.4;-0.3;65.8;259.2;3.6;2.9;3.9;2.1;1.3;222.2222222;47.22222222;241.6666667;1.9
30630600;0;1;43;129;-0.3;2.3;4.4;-0.2;66;259.2;4.5;3.7;4.3;3.1;1.3;222.2222222;47.22222222;241.6666667;1.9
30631500;-1;0;43;120;-1.2;1.4;4.1;0;66.2;259.2;3.4;2.9;3.3;2.3;1.3;222.2222222;47.22222222;241.6666667;1.9
30632400;-2;0;43;117;-1.7;0.7;3.7;0.3;67.5;219.4;2.9;2.5;2.6;1.7;1.6;225;38.88888889;150;0.9
30633300;-2;0;35;93;-2.2;0.3;3.7;0.4;67.2;209.4;2.4;2.2;2.1;1.2;1.6;225;38.88888889;150;0.9
30634200;-2;1;0;0;-2.2;1.2;3.7;0.6;67.4;209.4;2.5;2.4;2.5;1.4;1.6;225;38.88888889;150;0.9
30635100;-2;1;0;0;-1.5;2.2;3.7;0.9;67.4;209.4;2.8;2.7;2.9;1.7;1.6;225;38.88888889;150;0.9
30636000;-1;1;29;91;-1;1.6;3.6;0.8;67.1;160.8;3.9;3.7;4;2.7;1.2;222.2222222;19.44444444;50;1.1
30636900;-2;0;34;92;-1.8;0.7;3.5;0.8;68;148.7;2.5;2.3;2.6;1.5;1.2;222.2222222;19.44444444;50;1.1
30637800;-2;0;0;0;-2.3;0.1;3.3;1;68.8;148.7;2.3;2;2.4;1.3;1.2;222.2222222;19.44444444;50;1.1
30638700;-2;0;0;0;-1.5;0.1;3.1;1.2;69.5;148.7;2.6;2.2;2.7;1.7;1.2;222.2222222;19.44444444;50;1.1
30639600;-2;0;8;29;-1.3;0.2;2.7;0.9;70.7;91.2;3;2.4;3;2;0.4;222.2222222;0;0;0.8
30640500;-3;0;18;45;-2.5;-0.5;2.1;0.8;72.5;70.3;1.3;0.9;1.3;0.5;0.4;222.2222222;0;0;0.8
30641400;-2;0;0;0;-2.4;0.1;1.5;1.1;74.8;70.3;1.4;0.9;1.4;0.8;0.4;222.2222222;0;0;0.8
30642300;-2;0;0;0;-1.9;0.2;1;1.3;76;70.3;1.8;1.2;1.7;1.2;0.4;222.2222222;0;0;0.8
30643200;-2;2;0;0;-1.5;2.3;0.7;1;76.9;27.4;2.3;1.5;2.1;1.6;-0.6;219.4444444;0;0;0.9
30644100;-2;0;0;0;-1.1;1.1;0.5;0.8;77.7;6;2.7;2;2.6;2;-0.6;219.4444444;0;0;0.9
30645000;-2;0;12;26;-1.3;0.3;0.2;0.8;78.3;6;2.1;1.4;2;1.4;-0.6;219.4444444;0;0;0.9
30645900;-3;-2;13;34;-3.8;-2;0.1;0.8;78.7;6;-0.4;-1.1;-0.6;-0.7;-0.6;219.4444444;0;0;0.9
30646800;-3;0;0;0;-3.1;-0.1;0;0.2;79.2;0;-0.3;-1.1;-0.4;-0.4;-0.6;219.4444444;0;0;0.6
30647700;-3;0;0;0;-2.8;0.1;-0.1;0.2;79.2;0;0.2;-0.8;0;0;-0.6;219.4444444;0;0;0.6
30648600;-2;0;0;0;-2.4;0.1;0;0;79.5;0;0.8;-0.4;0.4;0.5;-0.6;219.4444444;0;0;0.6
30649500;-2;0;0;0;-1.8;0.1;-0.2;-0.1;79.4;0;1.3;0;0.8;1.1;-0.6;219.4444444;0;0;0.6
30650400;-1;0;0;0;-1;0.1;0.1;-0.6;80.2;0;1.7;0.4;1.3;1.7;-1.5;219.4444444;0;0;1.1
30651300;0;1;0;0;-0.6;1;0.4;-0.6;79.6;0;2;0.6;1.7;2.8;-1.5;219.4444444;0;0;1.1
30652200;0;0;0;0;-0.3;1.4;0.5;-0.8;79;0;2.3;0.6;2.1;3.6;-1.5;219.4444444;0;0;1.1
30653100;0;0;0;0;-0.3;0.4;0.4;-1.1;78.3;0;3;0;2.4;4;-1.5;219.4444444;0;0;1.1
30654000;0;0;0;0;-0.3;0.4;0.2;-1.2;78.2;0;3.9;-0.8;2.7;4.5;-1.7;216.6666667;0;0;2.3
30654900;0;0;1;8;-0.4;0.4;0;-1.2;78.6;0;4.2;-1.3;2.7;4.3;-1.7;216.6666667;0;0;2.3
30655800;-4;-2;24;52;-4.1;-2.4;-0.2;-1;78.7;0;-1.1;-1.6;-1.1;-1.3;-1.7;216.6666667;0;0;2.3
30656700;-3;0;0;0;-3.6;-0.7;-0.3;-0.7;79.1;0;-0.9;-1.9;-1.2;-1.2;-1.7;216.6666667;0;0;2.3
30657600;-3;0;0;0;-3.1;-0.1;-0.5;-1.2;79.6;0;-0.4;-1.7;-0.7;-0.7;-2.3;216.6666667;0;0;2
30658500;-3;0;0;0;-2.8;-0.1;-0.7;-1.3;79.7;0;0.1;-1.2;-0.3;-0.1;-2.3;216.6666667;0;0;2
30659400;-2;1;0;0;-2.3;0.2;-0.8;-1.6;80.5;0;0.5;-0.8;0.2;0.4;-2.3;216.6666667;0;0;2
30660300;-2;1;0;0;-1.7;2.1;-0.9;-2.1;81.2;0;0.9;-0.4;0.7;1;-2.3;216.6666667;0;0;2
30661200;-1;0;0;0;-0.7;0.8;-1.3;-2.2;81;0;1.3;-0.7;1;2.2;-2.8;213.8888889;0;0;1.4
30662100;0;0;0;0;-0.5;0.5;-1.4;-2.3;81.3;0;1.6;-2;1.2;3.2;-2.8;213.8888889;0;0;1.4
30663000;0;0;0;0;-0.5;0.5;-1.4;-2.1;82;0;2;-3.2;1.5;3.8;-2.8;213.8888889;0;0;1.4
30663900;-1;-1;14;31;-1.7;-0.5;-1.4;-2;82.1;0;1.3;-3.2;0.8;1.8;-2.8;213.8888889;0;0;1.4
30664800;-5;-3;13;24;-4.9;-4;-1.4;-2;82.1;0;-2.5;-3.1;-2.6;-2.7;-3.4;213.8888889;0;0;1.5
30665700;-4;-1;0;0;-4;-0.9;-1.7;-2;81.7;0;-2.3;-3.2;-2.5;-2.3;-3.4;213.8888889;0;0;1.5
30666600;-3;0;0;0;-3.9;-0.5;-1.8;-2.3;82.4;0;-1.8;-2.9;-2;-1.8;-3.4;213.8888889;0;0;1.5
30667500;-3;0.5;0;0;-3.35;0.4;-1.95;-2.5;82.6;0;-1.25;-2.55;-1.55;-1.25;-3.4;213.8888889;0;0;1.5
30668400;-3;1;0;0;-2.8;1.3;-2.1;-2.7;82.8;0;-0.7;-2.2;-1.1;-0.7;-3.8;211.1111111;0;0;1.3
30669300;-2;0;0;0;-1.5;1.5;-2.2;-2.7;83.2;0;-0.2;-2.6;-0.6;0.3;-3.8;211.1111111;0;0;1.3
30670200;-2;0;0;0;-0.9;0.4;-2.1;-2.7;84.3;0;0.2;-3.8;0;1.8;-3.8;211.1111111;0;0;1.3
30671100;-2;0;0;0;-1;0.4;-2.3;-2.7;83.8;0;0.6;-4.3;0.4;2.7;-3.8;211.1111111;0;0;1.3
30672000;-2;0;0;0;-1.4;0.4;-2.4;-3;83.8;0;2.4;-4.6;0.6;3.4;-4.8;211.1111111;0;0;1.7
30672900;-5;-4;28;44;-4.8;-3.5;-2.4;-3;84;0;-2;-4.2;-2.8;-2.1;-4.8;211.1111111;0;0;1.7
30673800;-4;-3;0;0;-4.6;-3.5;-2.5;-3;83.7;0;-3.7;-4.3;-3.8;-3.7;-4.8;211.1111111;0;0;1.7
30674700;-4;-2;0;0;-4.6;-1.2;-2.8;-3;83.7;0;-3.2;-4.1;-3.5;-3.2;-4.8;211.1111111;0;0;1.7
30675600;-4;0;0;0;-4.5;-0.7;-2.9;-3.1;83.7;0;-2.6;-3.6;-3;-2.7;-5;208.3333333;0;0;1.6
30676500;-4;1;0;0;-4;0;-2.9;-3.1;83.7;0;-2;-3.2;-2.5;-2.1;-5;208.3333333;0;0;1.6
30677400;-3;1;0;0;-3.1;2;-2.9;-3.1;83.7;0;-1.4;-2.8;-2.3;-1.5;-5;208.3333333;0;0;1.6
30678300;-2;0;0;0;-1.8;0.7;-2.9;-3.1;83.7;0;-1;-2.9;-3;-0.2;-5;208.3333333;0;0;1.6
30679200;-2;0;0;0;-1.6;0.5;-3;-4;83.7;0;-0.6;-3.9;-4.1;1.6;-4.8;208.3333333;0;0;1.5
30680100;-2;0;0;0;-2.1;0.5;-3;-4.1;84.3;0;1.1;-5;-5.2;2.4;-4.8;208.3333333;0;0;1.5
30681000;-3;0;0;0;-2.9;0.5;-3;-4.5;84.6;0;3.3;-5.5;-5;3.4;-4.8;208.3333333;0;0;1.5
30681900;-4;0;0;0;-3.9;0.1;-3;-5;85;0;2.6;-5.5;-4.9;3.7;-4.8;208.3333333;0;0;1.5
30682800;-4;0;0;0;-4.1;-0.1;-3.3;-5.1;84.2;0;1.9;-5.6;-4.9;3.4;-5.1;208.3333333;0;0;1.4
30683700;-4;0;0;0;-4.1;-0.5;-3.5;-5.1;83.9;0;1.3;-5.7;-4.9;2.7;-5.1;208.3333333;0;0;1.4
30684600;-4;0;0;0;-4.1;-0.6;-3.6;-5.2;84.2;0;0.6;-5.8;-5;2.1;-5.1;208.3333333;0;0;1.4
30685500;-4;1;0;0;-3.9;0.7;-3.6;-5.3;84.5;0;-0.1;-6;-5.1;1.7;-5.1;208.3333333;0;0;1.4
30686400;-6;-4;29;46;-6;-3.6;-3.6;-5.2;84.8;0;-3.3;-5.3;-4.6;-2.7;-5.6;208.3333333;0;0;3.2
30687300;-5;-5;5;4;-5.4;-5.7;-3.6;-5.2;84.6;0;-5.1;-5.5;-5;-5.3;-5.6;208.3333333;0;0;3.2
30688200;-5;-2;0;0;-4.8;-2;-3.8;-5.1;84.1;0;-4.8;-5.7;-4.6;-4.8;-5.6;208.3333333;0;0;3.2
30689100;-4;-2;0;0;-4.6;-1.7;-3.8;-4.9;84.3;0;-4.2;-5.8;-4;-4.2;-5.6;208.3333333;0;0;3.2
30690000;-4;-2;0;0;-4.5;-1.2;-3.8;-4.8;84.2;0;-3.6;-6;-3.5;-3.7;-5.8;208.3333333;0;0;3
30690900;-7;-5;27;38;-6.8;-4.9;-3.9;-4.8;84.2;0;-4.9;-6;-4.8;-5.1;-5.8;208.3333333;0;0;3
30691800;-5;-5;0;0;-5.3;-5.9;-4;-4.9;84.2;0;-5.7;-6.2;-5.7;-5.5;-5.8;208.3333333;0;0;3
30692700;-5;-2;0;0;-5.3;-2.4;-4;-5.1;84.2;0;-5.3;-6.3;-5.5;-5;-5.8;208.3333333;0;0;3
30693600;-5;-1;0;0;-5.2;-1.3;-4;-5;83.8;0;-4.8;-6.2;-5.2;-4.5;-6.4;205.5555556;2.777777778;2.777777778;1.9
30694500;-5;0;0;0;-4.8;1.5;-4;-5;83.8;0;-4.2;-6.1;-5;-3.9;-6.4;205.5555556;2.777777778;2.777777778;1.9
30695400;-4;0;0;0;-3.4;1.5;-3.2;-5.3;84.7;0;-3.6;-6.6;-5.2;-3.2;-6.4;205.5555556;2.777777778;2.777777778;1.9
30696300;-3;0;4;6;-2.5;0.7;-3.5;-5.6;82.3;0;-3.3;-6.9;-5.5;-2.2;-6.4;205.5555556;2.777777778;2.777777778;1.9
30697200;-7;-7;25;34;-6.8;-7;-3.9;-5.5;82.5;0;-5.5;-6.1;-5.5;-5.9;-5.6;205.5555556;25;55.55555556;1.8
30698100;-5;-3;0;0;-5.1;-3.7;-4;-5.5;82.9;0;-5.4;-6.3;-5.5;-5.4;-5.6;205.5555556;25;55.55555556;1.8
30699000;-5;-2;0;0;-4.9;-2.2;-3.9;-5.7;83.6;0;-4.9;-6.4;-5;-4.9;-5.6;205.5555556;25;55.55555556;1.8
30699900;-4;-2;0;0;-4.9;-2.2;-3.7;-5.9;83.8;0;-4.2;-6.3;-4.4;-4.4;-5.6;205.5555556;25;55.55555556;1.8
30700800;-4;-2;0;0;-4.4;-2.2;-3.4;-5.6;83.8;19.7;-3.6;-6;-3.8;-3.8;-4.5;208.3333333;47.22222222;186.1111111;2.5
30701700;-7;-5;37;53;-6.9;-5.5;-2.8;-5.5;83.3;24.6;-4.3;-5.1;-4.3;-4.9;-4.5;208.3333333;47.22222222;186.1111111;2.5
30702600;-6;-5;6;9;-5.7;-5.6;-2;-5.8;81.2;24.6;-4.7;-5.1;-4.6;-5.4;-4.5;208.3333333;47.22222222;186.1111111;2.5
30703500;-5;-1;0;0;-5.3;-0.7;-1.7;-6.2;79.7;24.6;-4.1;-4.4;-4;-4.9;-4.5;208.3333333;47.22222222;186.1111111;2.5
30704400;-6;-4;31;62;-5.9;-3;-1.5;-5.4;78.9;78.8;-3;-3.2;-2.8;-3.9;-2.8;208.3333333;58.33333333;269.4444444;3.2
30705300;-7;-5;44;86;-7;-5.1;-1.1;-5.2;78.6;92.4;-3.3;-3.4;-3.1;-4.2;-2.8;208.3333333;58.33333333;269.4444444;3.2
30706200;-7;-5;45;87;-7;-5.6;-0.7;-5;77.8;89.3;-3.4;-3.5;-3.2;-4.4;-2.8;208.3333333;58.33333333;269.4444444;3.2
30707100;-7;-5;45;87;-7;-5.6;-0.5;-4.8;76.8;84.6;-3.1;-3.2;-3;-4.3;-2.8;208.3333333;58.33333333;269.4444444;3.2
30708000;-7;-5;43;88;-7;-5.3;-0.1;-3.6;75.7;147.6;-2.8;-2.9;-2.7;-4;-1.2;213.8888889;66.66666667;294.4444444;2.3
30708900;-7;-5;43;92;-6.8;-5;0.2;-3.3;74.8;163.3;-2.4;-2.5;-2.3;-3.5;-1.2;213.8888889;66.66666667;294.4444444;2.3
30709800;-6;-4;43;94;-6.4;-4.5;0.5;-3.5;73.3;164.1;-2.1;-2.1;-1.9;-3;-1.2;213.8888889;66.66666667;294.4444444;2.3
30710700;-6;-4;43;96;-6;-4.1;1;-3.7;73.2;165.3;-1.6;-1.7;-1.5;-2.6;-1.2;213.8888889;66.66666667;294.4444444;2.3
30711600;-5;-3;42;97;-5.6;-3.7;1.4;-2.7;69.9;191.6;-1.3;-1.4;-1.1;-2.2;-0.6;216.6666667;80.55555556;283.3333333;1.6
30712500;-5;-3;42;96;-5.5;-3.6;1.7;-2.5;68.6;198.2;-1;-1.2;-0.9;-1.9;-0.6;216.6666667;80.55555556;283.3333333;1.6
30713400;-5;-3;42;98;-5.4;-3.1;1.7;-2.3;68;198.2;-0.8;-1;-0.7;-1.8;-0.6;216.6666667;80.55555556;283.3333333;1.6
30714300;-5;-3;42;99;-5;-3.1;1.7;-1.9;67.5;198.2;-0.7;-0.8;-0.6;-1.6;-0.6;216.6666667;80.55555556;283.3333333;1.6
30715200;-5;-3;42;99;-5;-3.1;1.8;-1.1;66.7;230.8;-0.5;-0.7;-0.4;-1.5;0.1;219.4444444;72.22222222;230.5555556;1.8
30716100;-5;-2;42;101;-5;-2.7;3;-0.9;63.3;238.9;-0.3;-0.5;-0.3;-1.3;0.1;219.4444444;72.22222222;230.5555556;1.8
30717000;-5;-2;42;101;-4.8;-2.6;3.2;-0.7;62.3;238.9;-0.1;-0.5;-0.1;-1.2;0.1;219.4444444;72.22222222;230.5555556;1.8
30717900;-5;-2;42;100;-4.5;-2.6;3;-0.4;62.1;238.9;-0.2;-0.4;-0.1;-1.2;0.1;219.4444444;72.22222222;230.5555556;1.8
30718800;-5;-2;42;100;-4.5;-2.6;2.7;0;63.5;221.1;-0.3;-0.5;-0.3;-1.4;0.6;227.7777778;86.11111111;138.8888889;1.2
30719700;-5;-3;42;100;-4.5;-2.6;2.7;0.1;63.4;216.7;-0.4;-0.6;-0.5;-1.4;0.6;227.7777778;86.11111111;138.8888889;1.2
30720600;-5;-3;42;97;-4.7;-2.6;2.8;0;62.6;216.7;-0.6;-0.8;-0.6;-1.6;0.6;227.7777778;86.11111111;138.8888889;1.2
30721500;-5;-3;42;97;-5;-2.9;2.9;-0.2;62.3;216.7;-0.9;-1.1;-0.8;-1.8;0.6;227.7777778;86.11111111;138.8888889;1.2
30722400;-5;-3;42;95;-5.3;-3.3;2.9;-0.1;62.5;176.5;-1.3;-1.5;-1.2;-2.2;-0.1;230.5555556;44.44444444;58.33333333;1.9
30723300;-6;-4;43;94;-5.6;-3.7;2.7;-0.1;62.8;166.4;-1.7;-1.9;-1.7;-2.6;-0.1;230.5555556;44.44444444;58.33333333;1.9
30724200;-6;-4;43;91;-6;-4.1;2.5;-0.1;63.8;166.4;-2.1;-2.4;-2.1;-3.1;-0.1;230.5555556;44.44444444;58.33333333;1.9
30725100;-7;-5;44;88;-6.5;-4.6;2.2;0;64.4;166.4;-2.5;-3;-2.6;-3.5;-0.1;230.5555556;44.44444444;58.33333333;1.9
30726000;-7;-5;44;87;-7;-5.2;2;-0.2;65.9;90.4;-3.1;-3.5;-3.2;-4;-0.3;233.3333333;2.777777778;2.777777778;1.9
30726900;-7;-6;44;84;-7.5;-5.6;1.8;-0.3;66.8;71.4;-3.6;-3.8;-3.6;-4.4;-0.3;233.3333333;2.777777778;2.777777778;1.9
30727800;-8;-6;45;86;-7.5;-5.8;1.5;-0.1;67.9;71.4;-3.9;-4.1;-3.8;-4.7;-0.3;233.3333333;2.777777778;2.777777778;1.9
30728700;-8;-6;46;82;-7.8;-6.1;1.3;0.2;69.3;71.4;-4;-4.2;-4;-4.9;-0.3;233.3333333;2.777777778;2.777777778;1.9
30729600;-8;-6;47;84;-8;-6.1;1.1;-0.1;70.5;23.4;-4.2;-4.4;-4.2;-4.9;-1.6;227.7777778;0;0;3
30730500;-8;-6;45;80;-8;-6.2;0.9;-0.2;70.9;6;-4.2;-4.4;-4.2;-5.1;-1.6;227.7777778;0;0;3
30731400;-8;-7;45;82;-8.2;-6.6;0.7;-0.3;72.2;6;-4.5;-4.8;-4.5;-5.4;-1.6;227.7777778;0;0;3
30732300;-5;-5;10;16;-5.3;-6.2;0.3;-0.5;73.2;6;-4.6;-4.8;-4.6;-5.6;-1.6;227.7777778;0;0;3
30733200;-4;-2;0;0;-4.2;-1.7;0.1;-0.7;74.2;1.6;-4;-4.4;-4;-5.1;-2.6;222.2222222;0;0;3.5
30734100;-5;-4;21;41;-5.3;-3.4;0;-0.8;75.1;0;-3.3;-3.7;-3.3;-4.3;-2.6;222.2222222;0;0;3.5
30735000;-8;-6;46;82;-7.7;-6;-0.3;-0.8;75.8;0;-4.2;-4.4;-4.1;-4.8;-2.6;222.2222222;0;0;3.5
30735900;-6;-6;15;25;-6.3;-6.5;-0.3;-0.7;76.5;0;-4.8;-5;-4.8;-5.5;-2.6;222.2222222;0;0;3.5
30736800;-5;-2;0;0;-4.9;-1.6;-0.4;-1.1;76.8;0;-4.3;-4.6;-4.3;-5.1;-3;222.2222222;0;0;2.7
30737700;-5;0;6;16;-5.1;-1.2;-0.5;-1.2;77.1;0;-3.7;-4.2;-3.7;-4.6;-3;222.2222222;0;0;2.7
30738600;-8;-6;46;82;-7.7;-6.1;-0.6;-1.5;76.8;0;-4.3;-4.5;-4.1;-4.9;-3;222.2222222;0;0;2.7
30739500;-6;-5;7;13;-5.5;-5.8;-0.7;-2.1;76.6;0;-4.7;-5;-4.7;-5.5;-3;222.2222222;0;0;2.7
30740400;-5;-2;0;0;-4.8;-1.5;-0.8;-2.2;77.2;0;-4.2;-4.6;-4.1;-5;-4;216.6666667;0;0;2.9
30741300;-5;-3;9;16;-5.3;-2.1;-0.9;-2.3;77.7;0;-3.8;-4.3;-3.7;-4.6;-4;216.6666667;0;0;2.9
30742200;-8;-7;36;60;-7.5;-6.5;-1;-2.5;78.3;0;-4.6;-4.9;-4.5;-5.1;-4;216.6666667;0;0;2.9
30743100;-5;-3;0;0;-5.2;-3.8;-0.7;-2.9;78;0;-4.4;-4.8;-4.4;-5.2;-4;216.6666667;0;0;2.9
30744000;-5;-2;0;0;-4.8;-1.4;-1.1;-3.3;77.5;0;-3.9;-4.5;-4;-4.7;-4.3;219.4444444;0;0;2.4
30744900;-7;-5;35;60;-6.9;-4.8;-1.2;-3.4;78.1;0;-4;-4.4;-4;-4.8;-4.3;219.4444444;0;0;2.4
30745800;-6;-5;14;25;-6.3;-6;-1.2;-3.5;78.1;0;-4.8;-5;-4.7;-5.5;-4.3;219.4444444;0;0;2.4
30746700;-5;0;0;0;-5.3;0.5;-1.3;-3.7;77.9;0;-4.2;-4.7;-4.3;-5.1;-4.3;219.4444444;0;0;2.4
30747600;-5;0;3;5;-5.3;0.1;-1.4;-3.6;78.4;0;-3.7;-4.4;-3.8;-4.6;-4;216.6666667;0;0;2.8
30748500;-8;-6;41;69;-7.6;-6.2;-1.5;-3.6;79;0;-4.5;-4.9;-4.5;-5.1;-4;216.6666667;0;0;2.8
30749400;-5;-4;0;0;-5.3;-4.6;-1.5;-3.8;78.6;0;-4.6;-5.2;-4.8;-5.4;-4;216.6666667;0;0;2.8
30750300;-5;-2;0;0;-5.3;-1.5;-1.7;-4.1;78.8;0;-4.1;-4.8;-4.3;-4.8;-4;216.6666667;0;0;2.8
30751200;-6;-3;15;22;-5.9;-2.9;-1.7;-3.7;79.5;0;-3.9;-4.4;-3.9;-4.6;-4.2;213.8888889;0;0;2.6
30752100;-7;-7;30;48;-7.1;-6.7;-1.7;-3.5;79.6;0;-4.8;-5;-4.6;-5.3;-4.2;213.8888889;0;0;2.6
30753000;-5;-2;0;0;-5.2;-2.7;-1.7;-3.7;79.9;0;-4.5;-4.8;-4.4;-5.1;-4.2;213.8888889;0;0;2.6
30753900;-5.5;-3.5;18;29;-6;-3.75;-1.8;-3.4;80.1;0;-4.3;-4.6;-4.2;-4.85;-4.2;213.8888889;0;0;2.6
30754800;-6;-5;36;58;-6.8;-4.8;-1.9;-3.1;80.3;0;-4.1;-4.4;-4;-4.6;-4.7;216.6666667;0;0;3.2
30755700;-6;-6;13;22;-6.4;-6.1;-1.9;-2.7;80.3;0;-4.8;-5.1;-4.8;-5.5;-4.7;216.6666667;0;0;3.2
30756600;-5;-2;0;0;-5.5;-1.7;-1.9;-2.7;80.3;0;-4.3;-4.8;-4.3;-5;-4.7;216.6666667;0;0;3.2
30757500;-5;-2;3;3;-5.5;-1.6;-1.9;-2.7;80.8;0;-3.8;-4.4;-3.9;-4.5;-4.7;216.6666667;0;0;3.2
30758400;-8;-6;45;78;-7.7;-5.9;-1.8;-2.9;80.9;0;-4.3;-4.6;-4.2;-4.8;-4.5;225;0;0;3.2
30759300;-6;-5;5;8;-5.8;-5.7;-1.8;-3;80.3;0;-4.8;-5;-4.7;-5.4;-4.5;225;0;0;3.2
30760200;-5;-2;0;0;-5.4;-1.7;-1.8;-3;80.2;0;-4.3;-4.6;-4.2;-4.9;-4.5;225;0;0;3.2
30761100;-5;-3;13;20;-5.7;-2.4;-1.9;-3;80.3;0;-3.8;-4.3;-3.8;-4.5;-4.5;225;0;0;3.2
30762000;-7;-7;34;59;-7.4;-6.4;-1.9;-3.1;80.2;0;-4.7;-4.9;-4.6;-5.1;-4.5;238.8888889;0;0;3.8
30762900;-5;-2;0;0;-5.4;-3.3;-2;-3.1;80.1;0;-4.6;-5.1;-4.6;-5.3;-4.5;238.8888889;0;0;3.8
30763800;-5;0;0;0;-5.4;1.3;-1.9;-3.1;80.5;0;-4.1;-4.6;-4.1;-4.7;-4.5;238.8888889;0;0;3.8
30764700;-6;-3;21;39;-6.3;-2.2;-1.9;-3.1;80;0;-3.9;-4.4;-3.9;-4.6;-4.5;238.8888889;0;0;3.8
30765600;-6;-6;20;31;-6.6;-6.6;-1.8;-3.9;79.5;0;-4.8;-5.1;-4.8;-5.4;-4.4;244.4444444;0;0;3.7
30766500;-5;-2;0;0;-5.4;-2.1;-1.8;-4.3;78.9;0;-4.5;-4.8;-4.4;-5.1;-4.4;244.4444444;0;0;3.7
30767400;-5;-2;0;0;-5.4;-1.4;-1.9;-4.3;78.7;0;-4;-4.5;-4;-4.6;-4.4;244.4444444;0;0;3.7
30768300;-7;-5;35;59;-7;-4.8;-1.9;-4.4;78.6;0;-4.3;-4.6;-4.1;-4.8;-4.4;244.4444444;0;0;3.7
30769200;-5;-5;2;3;-5.8;-5.5;-1.8;-4;78.3;0;-4.8;-5.1;-4.7;-5.4;-4.5;250;0;0;3.9
30770100;-5;-2;0;0;-5.3;-1.7;-1.7;-3.9;77.8;0;-4.3;-4.7;-4.2;-4.8;-4.5;250;0;0;3.9
30771000;-5;-3;13;19;-5.4;-2.5;-1.8;-4;77.7;0;-3.9;-4.4;-3.8;-4.6;-4.5;250;0;0;3.9
30771900;-7;-7;32;48;-7.2;-6.5;-1.8;-4.2;77.8;0;-4.7;-5;-4.6;-5.2;-4.5;250;0;0;3.9
30772800;-5;-3;0;0;-5.4;-3.2;-1.7;-4;77.2;0;-4.6;-4.9;-4.5;-5.2;-3.9;258.3333333;0;0;3.9
30773700;-5;-2;0;0;-5.4;-1.3;-1.6;-3.9;76.9;0;-4.1;-4.5;-4;-4.7;-3.9;258.3333333;0;0;3.9
30774600;-7;-5;31;49;-6.7;-4.3;-1.4;-4;76.4;0;-4;-4.4;-3.9;-4.7;-3.9;258.3333333;0;0;3.9
30775500;-7;-6;18;29;-6.4;-6.5;-1.3;-4.2;75.9;0;-4.9;-5.1;-4.8;-5.5;-3.9;258.3333333;0;0;3.9
30776400;-5;-2;0;0;-5.1;-1.8;-1.3;-3.9;75.3;0;-4.4;-4.7;-4.3;-5.1;-3.7;230.5555556;0;0;4.1
30777300;-5;-2;0;0;-5.1;-1;-1.6;-3.8;76.2;0;-3.9;-4.4;-3.9;-4.6;-3.7;230.5555556;0;0;4.1
30778200;-7;-5;34;58;-6.9;-4.6;-1.8;-3.9;77.2;0;-4.3;-4.6;-4.2;-4.8;-3.7;230.5555556;0;0;4.1
30779100;-5;-5;3;4;-5.7;-5.4;-1.5;-4.2;76.6;0;-4.9;-5.1;-4.7;-5.4;-3.7;230.5555556;0;0;4.1
30780000;-5;-1;0;0;-5.4;-1;-1.3;-4;75.1;0;-4.4;-4.8;-4.2;-4.9;-3.5;255.5555556;0;0;3.1
30780900;-5;0;4;8;-5.3;1.1;-1.7;-3.9;75.6;0;-3.9;-4.4;-3.8;-4.5;-3.5;255.5555556;0;0;3.1
30781800;-7;-6;34;61;-7.3;-6.3;-1.7;-3.8;76.2;0;-4.6;-4.9;-4.5;-5.2;-3.5;255.5555556;0;0;3.1
30782700;-5;-3;0;0;-5.1;-3.7;-1.5;-3.6;75.8;0;-4.7;-4.9;-4.6;-5.3;-3.5;255.5555556;0;0;3.1
30783600;-5;-2;0;0;-5.1;-1.2;-1.6;-3.5;75.7;0;-4.2;-4.6;-4.1;-4.8;-3.7;241.6666667;33.33333333;33.33333333;3.3
30784500;-6;-4;24;33;-6;-3.2;-1.6;-3.4;76.2;0;-3.9;-4.4;-3.8;-4.6;-3.7;241.6666667;33.33333333;33.33333333;3.3
30785400;-6;-6;20;33;-6.6;-6.6;-1.7;-3.5;76.7;0;-4.9;-5.1;-4.8;-5.4;-3.7;241.6666667;33.33333333;33.33333333;3.3
30786300;-5;-2;0;0;-5.3;-2.2;-1.6;-3.6;76.7;0;-4.5;-4.8;-4.4;-5.1;-3.7;241.6666667;33.33333333;33.33333333;3.3
30787200;-5;-2;0;1;-5.3;-1.4;-1.4;-3;76.6;7.2;-3.9;-4.4;-3.8;-4.6;-2.8;266.6666667;86.11111111;91.66666667;2.6
30788100;-7;-5;42;74;-7.2;-5.5;-0.9;-2.7;75.4;10.8;-3.9;-4.2;-3.8;-4.6;-2.8;266.6666667;86.11111111;91.66666667;2.6
30789000;-8;-7;46;81;-8.1;-6.5;-0.3;-2.7;73.5;10.8;-4.6;-4.7;-4.4;-5.3;-2.8;266.6666667;86.11111111;91.66666667;2.6
30789900;-7;-5;22;35;-6.7;-6;0;-2.7;72.9;10.8;-4.7;-4.9;-4.6;-5.6;-2.8;266.6666667;86.11111111;91.66666667;2.6
30790800;-5;-1;0;0;-4.9;-0.8;0.5;-1.9;71.4;35;-4.1;-4.2;-3.9;-5.2;-1.7;291.6666667;97.22222222;97.22222222;4.4
30791700;-6;-3;26;52;-5.6;-2.4;0.9;-1.5;70;47.1;-2.9;-3.1;-2.6;-3.9;-1.7;291.6666667;97.22222222;97.22222222;4.4
30792600;-7;-5;44;88;-6.8;-5;1.4;-1.8;69.3;46.5;-3.1;-3.2;-3;-3.9;-1.7;291.6666667;97.22222222;97.22222222;4.4
30793500;-7;-6;45;88;-7.2;-5.5;1.9;-2.5;68;44.8;-3.6;-3.7;-3.4;-4.4;-1.7;291.6666667;97.22222222;97.22222222;4.4
30794400;-7;-6;45;86;-7.2;-5.6;2.1;-1.2;67;89.9;-3.6;-3.7;-3.5;-4.4;-0.4;297.2222222;125;125;4.6
30795300;-7;-6;44;89;-7.2;-5.6;2.4;-0.6;66.5;112.4;-3.4;-3.5;-3.3;-4.3;-0.4;297.2222222;125;125;4.6
30796200;-7;-5;44;88;-7.2;-5.6;2.9;-0.9;65.3;113.1;-3.2;-3.4;-3.2;-4.2;-0.4;297.2222222;125;125;4.6
30797100;-7;-5;43;89;-7.2;-5.6;3.2;-1.6;65.2;115;-3.1;-3.2;-3;-4;-0.4;297.2222222;125;125;4.6
30798000;-7;-5;43;90;-7.2;-5.3;3.7;-0.2;64.7;135.5;-2.8;-3;-2.8;-3.7;1.2;302.7777778;127.7777778;127.7777778;3.9
30798900;-7;-5;44;88;-6.7;-5.1;3.8;0.5;63.7;145.7;-2.6;-2.7;-2.5;-3.5;1.2;302.7777778;127.7777778;127.7777778;3.9
30799800;-6;-4;43;91;-6.7;-4.8;4.1;0.4;64.2;145.7;-2.4;-2.5;-2.3;-3.3;1.2;302.7777778;127.7777778;127.7777778;3.9
30800700;-6;-4;42;93;-6.5;-4.6;4.6;0.1;63.7;145.7;-2.1;-2.2;-2;-3;1.2;302.7777778;127.7777778;127.7777778;3.9
30801600;-6;-4;43;94;-6.2;-4.2;5.1;1.3;62.9;140.8;-1.8;-1.9;-1.7;-2.8;2.4;311.1111111;75;75;2.6
30802500;-6;-4;42;95;-6;-4.1;5.3;1.9;62.8;138.3;-1.5;-1.7;-1.5;-2.5;2.4;311.1111111;75;75;2.6
30803400;-6;-3;43;96;-5.7;-3.7;5.4;1.7;62.4;138.3;-1.3;-1.5;-1.3;-2.3;2.4;311.1111111;75;75;2.6
30804300;-6;-4;43;96;-5.7;-3.6;5.3;1.1;63.6;138.3;-1.4;-1.6;-1.4;-2.4;2.4;311.1111111;75;75;2.6
30805200;-6;-4;42;95;-5.7;-3.6;5.5;2;64.1;128;-1.6;-1.7;-1.5;-2.5;3.2;333.3333333;30.55555556;30.55555556;2.8
30806100;-6;-4;42;95;-5.7;-3.6;5.8;2.5;63.7;122.9;-1.5;-1.7;-1.5;-2.4;3.2;333.3333333;30.55555556;30.55555556;2.8
30807000;-6;-4;43;95;-5.7;-3.6;5.8;2.4;63.9;122.9;-1.5;-1.6;-1.4;-2.4;3.2;333.3333333;30.55555556;30.55555556;2.8
30807900;-6;-4;43;96;-5.7;-3.6;6.1;2.2;64.5;122.9;-1.5;-1.7;-1.5;-2.5;3.2;333.3333333;30.55555556;30.55555556;2.8
30808800;-6;-4;42;96;-5.7;-3.6;6;2.9;63.7;102.7;-1.3;-1.6;-1.4;-2.3;4.7;336.1111111;11.11111111;11.11111111;2.6
30809700;-6;-4;42;95;-5.7;-3.6;6.1;3.3;64.5;92.6;-1.4;-1.7;-1.4;-2.3;4.7;336.1111111;11.11111111;11.11111111;2.6
30810600;-6;-4;42;95;-5.7;-3.6;6.2;3.3;64.1;92.6;-1.5;-1.7;-1.5;-2.3;4.7;336.1111111;11.11111111;11.11111111;2.6
30811500;-6;-3;42;97;-5.7;-3.6;6.3;3.2;64.5;92.6;-1.3;-1.6;-1.4;-2;4.7;336.1111111;11.11111111;11.11111111;2.6
30812400;-5;-3;42;98;-5.7;-3.6;6.5;3.6;64;61.5;-1;-1.4;-1.2;-1.9;5.6;336.1111111;0;0;2.7
30813300;-5;-3;42;101;-5.4;-3.3;6.9;3.8;64.1;45.9;-0.5;-1;-0.7;-1.5;5.6;336.1111111;0;0;2.7
30814200;-4;-2;43;106;-4.6;-2.4;7.6;3.7;62.1;45.9;0.3;-0.1;0.3;-0.9;5.6;336.1111111;0;0;2.7
30815100;-4;-2;43;109;-4;-1.8;7.9;3.5;60.1;45.9;0.9;0.5;0.8;-0.2;5.6;336.1111111;0;0;2.7
30816000;-4;-2;43;109;-3.7;-1.6;8.2;4;60;19.6;1.1;0.7;1.1;-0.1;6.3;338.8888889;0;0;3.6
30816900;-4;-2;43;110;-3.7;-1.6;8.3;4.2;60;6.5;1.1;0.9;1;0;6.3;338.8888889;0;0;3.6
30817800;-3;-2;43;111;-3.7;-1.1;8.3;4.4;59.8;6.5;1.2;1;1.2;0.2;6.3;338.8888889;0;0;3.6
30818700;-3;-2;43;112;-3.7;-1.1;8.4;5.1;60.2;6.5;1.3;1.1;1.3;0.3;6.3;338.8888889;0;0;3.6
30819600;-3;-2;43;112;-3.2;-1.1;8.4;5.5;60.8;2.2;1.4;1.2;1.4;0.3;6;333.3333333;0;0;2.8
30820500;-3;-2;43;113;-3.2;-1.1;8.5;5.7;60.9;0;1.5;1.3;1.5;0.4;6;333.3333333;0;0;2.8
30821400;-3;-2;43;113;-3.2;-1.1;8.6;5.8;61;0;1.5;1.3;1.5;0.4;6;333.3333333;0;0;2.8
30822300;-3;-2;43;112;-3.2;-1.1;8.6;6;61.6;0;1.4;1.1;1.5;0.3;6;333.3333333;0;0;2.8
30823200;-3;-2;43;112;-3.2;-1.1;8.6;6.3;62;0;1.4;0.9;1.3;0.3;6.2;336.1111111;0;0;2.5
30824100;-3;-2;43;110;-3.2;-1.1;8.4;6.4;63;0;1.3;1;1.3;0.2;6.2;336.1111111;0;0;2.5
30825000;-3;-2;43;110;-3.2;-1.1;8.5;6.4;63.3;0;1.1;0.8;1.1;0.1;6.2;336.1111111;0;0;2.5
30825900;-4;-2;43;110;-3.6;-1.2;8.4;6.5;63.4;0;0.8;0.5;0.7;0;6.2;336.1111111;0;0;2.5
30826800;-4;-2;42;108;-3.7;-1.6;8.2;6.7;64.5;0;0.6;0.1;0.4;-0.3;9.1;338.8888889;0;0;3.2
30827700;-4;-2;42;106;-4.1;-1.9;7.9;6.8;65.6;0;0.2;-0.2;0.1;-0.7;9.1;338.8888889;0;0;3.2
30828600;-4;-2;42;106;-4.2;-2.1;7.8;6.6;66.8;0;0.3;-0.2;0.2;-0.6;9.1;338.8888889;0;0;3.2
30829500;-4;-2;43;110;-4.1;-1.8;7.9;6.1;68.4;0;0.8;0.2;0.8;-0.1;9.1;338.8888889;0;0;3.2
30830400;-4;-2;43;111;-3.7;-1.5;8.2;6.2;69.5;0;1.1;0.7;1.2;0.1;9.9;338.8888889;0;0;3.7
30831300;-3;-1;43;117;-3.3;-0.9;9;6.3;70.8;0;1.9;1.4;1.9;0.8;9.9;338.8888889;0;0;3.7
30832200;-2;0;43;119;-2.6;-0.2;9.9;6.3;68.7;0;2.6;2;2.5;1.4;9.9;338.8888889;0;0;3.7
30833100;-2;0;43;122;-2.1;0.4;10.4;6.2;67.3;0;3.1;2.6;3;2;9.9;338.8888889;0;0;3.7
30834000;-2;0;43;125;-1.7;0.9;10.5;6.3;67;0;3.4;3;3.3;2.3;8.7;325;0;0;2.5
30834900;-2;0;43;126;-1.7;0.9;10.4;6.4;67;0;3.5;3.2;3.6;2.5;8.7;325;0;0;2.5
30835800;-2;1;43;127;-1.2;1.4;10.4;7.1;67.4;0;3.8;3.5;3.8;2.7;8.7;325;0;0;2.5
30836700;-2;0;43;125;-1.2;1.4;10.2;9.1;68;0;3.6;3.3;3.5;2.5;8.7;325;0;0;2.5
30837600;-2;0;43;124;-1.3;1.3;9.9;8.9;69;0;3.4;3;3.3;2.2;7.9;327.7777778;0;0;2.2
30838500;-2;0;43;120;-1.8;0.7;10;8.8;68.8;0;2.9;2.4;2.6;1.7;7.9;327.7777778;0;0;2.2
30839400;-2;0;43;119;-2.2;0.4;9.8;9.6;69;0;2.5;2.1;2.4;1.6;7.9;327.7777778;0;0;2.2
30840300;-1;0.5;24;65;-1.15;0.9;9.8;5.55;69.3;0;2.9;2.75;2.85;1.8;7.9;327.7777778;0;0;2.2
30841200;0;1;5;11;-0.1;1.4;9.8;1.5;69.6;0;3.3;3.4;3.3;2;8.8;325;0;0;3
30842100;0;1;40;93;0.3;2.1;9.8;-2.7;69.6;0;4.3;4.1;4.4;3.3;8.8;325;0;0;3
30843000;0;1;14;20;0.9;1.8;9.9;-2.7;69.6;0;4.5;4.3;4.5;3.2;8.8;325;0;0;3
30843900;0;2;34;93;0.4;2.5;9.8;-2.7;69.6;0;5;4.6;5;3.9;8.8;325;0;0;3
30844800;0;1;43;127;-0.8;1.9;9.6;-3;70.4;0;3.9;3.5;3.8;3;8;333.3333333;0;0;3.5
30845700;-1;0;43;123;-1.4;1.1;9.7;-3;70.4;0;3.2;2.8;3;2.3;8;333.3333333;0;0;3.5
30846600;-2;0;43;123;-1.6;0.8;9.8;-3;70.2;0;3.1;2.7;2.9;2;8;333.3333333;0;0;3.5
30847500;-2;0;43;123;-1.6;0.8;9.9;-3;70;0;2.9;2.6;2.8;1.9;8;333.3333333;0;0;3.5
30848400;-2;0;43;119;-2.1;0.4;9.7;-3.1;69;0;2.4;2;2.3;1.6;9.1;330.5555556;0;0;3.1
30849300;-3;0;43;115;-2.5;0;9.1;-3.1;70.4;0;2.1;1.6;1.9;1.2;9.1;330.5555556;0;0;3.1
30850200;-3;0;43;115;-2.6;-0.2;8.7;-3.1;71.9;0;1.9;1.3;1.7;1;9.1;330.5555556;0;0;3.1
30851100;-3;0;43;119;-2.6;-0.2;9;-3.1;73.8;0;2.4;1.8;2.3;1.4;9.1;330.5555556;0;0;3.1
30852000;-2;0;43;124;-2.2;0.4;9.8;6.3;71.4;0;3;2.7;3.1;2;9.8;344.4444444;0;0;4
30852900;-2;0;43;126;-1.6;0.8;10.2;7.8;69.6;0;3.4;3.1;3.5;2.4;9.8;344.4444444;0;0;4
30853800;-2;0;43;127;-1.6;1.3;10.4;7.7;68.7;0;3.7;3.3;3.7;2.6;9.8;344.4444444;0;0;4
30854700;-2;1;43;128;-1.3;1.3;10.6;7.5;68.1;0;3.8;3.4;3.8;2.8;9.8;344.4444444;0;0;4
30855600;-2;1;43;127;-1.1;1.3;10.6;7.1;68;0;3.7;3.3;3.7;2.8;8.6;344.4444444;0;0;2.9
30856500;-2;0;43;127;-1.1;1.3;10.7;7;67.5;0;3.6;3.3;3.6;2.7;8.6;344.4444444;0;0;2.9
30857400;-2;0;43;126;-1.1;1.3;10.6;7.5;67.2;0;3.5;3.3;3.5;2.4;8.6;344.4444444;0;0;2.9
30858300;-2;0;43;124;-1.3;1.3;10.5;8.6;67.6;0;3.3;3.1;3.2;2.3;8.6;344.4444444;0;0;2.9
30859200;-2;0;43;122;-1.7;0.8;10.3;8.5;67.7;0;2.8;2.6;2.8;2;8.3;347.2222222;0;0;2.5
30860100;-2;0;43;119;-2.2;0.4;10.1;8.4;68.4;0;2.3;2.1;2.3;1.6;8.3;347.2222222;0;0;2.5
30861000;-3;0;43;118;-2.6;0;9.7;8.9;69.4;0;2.1;1.8;2.1;1.3;8.3;347.2222222;0;0;2.5
30861900;-2;0;43;120;-2.6;-0.1;9.8;9.8;70.6;0;2.5;2.2;2.4;1.6;8.3;347.2222222;0;0;2.5
30862800;-2;0;43;123;-2.1;0.3;10.1;9.7;70.3;0;3;2.6;2.9;2;9.2;350;0;0;3
30863700;-2;0;43;125;-2;0.8;10.4;9.6;69.9;0;3.2;2.8;3.2;2.2;9.2;350;0;0;3
30864600;-2;0;43;125;-1.6;0.8;10.7;9.3;69.2;0;3.4;3;3.3;2.3;9.2;350;0;0;3
30865500;-2;0;43;125;-1.6;0.8;10.8;8.8;68.5;0;3.3;3;3.2;2.3;9.2;350;0;0;3
30866400;-2;0;43;124;-1.6;0.8;10.8;8.7;68.1;0;3.2;2.9;3.2;2.3;10.2;350;0;0;3
30867300;-2;0;43;124;-1.6;0.8;10.6;8.6;68.5;0;3.1;2.8;3.1;2.3;10.2;350;0;0;3
30868200;-2;0;43;128;-1.6;1;10.8;8.5;69.8;0;3.7;3.2;3.6;2.6;10.2;350;0;0;3
30869100;-2;1;43;130;-1.1;1.5;11.1;8.4;69.1;0;4.2;3.8;4.2;3.1;10.2;350;0;0;3
30870000;-1;1;43;133;-0.6;1.8;11.3;8;69.1;0;4.5;4.2;4.6;3.4;9.5;344.4444444;2.777777778;2.777777778;2.6
30870900;0;1;43;133;-0.6;2.1;11.1;7.9;69.5;0;4.6;4.3;4.6;3.5;9.5;344.4444444;2.777777778;2.777777778;2.6
30871800;0;1;43;132;-0.6;2.3;10.8;8.2;70.7;0;4.5;4.3;4.6;3.5;9.5;344.4444444;2.777777778;2.777777778;2.6
30872700;0;1;43;131;-0.6;2.3;10.7;8.9;71.7;0;4.3;4.1;4.4;3.3;9.5;344.4444444;2.777777778;2.777777778;2.6
30873600;0;1;43;129;-0.6;1.9;10.7;8.5;72;2.4;4;3.7;4;3;9.4;347.2222222;13.88888889;13.88888889;2.6
30874500;0;1;43;130;-0.6;1.8;10.8;8.3;71.6;3.6;4;3.8;4;2.9;9.4;347.2222222;13.88888889;13.88888889;2.6
30875400;0;1;43;132;-0.6;1.8;10.8;8.7;71.5;3.6;4.3;4.1;4.4;3.3;9.4;347.2222222;13.88888889;13.88888889;2.6
30876300;0;2;43;134;-0.4;2.3;11;9.9;71.1;3.6;4.9;4.5;5;3.8;9.4;347.2222222;13.88888889;13.88888889;2.6
30877200;0;2;43;138;-0.1;2.8;11.1;9.7;71.1;10.1;5.3;5;5.4;4.3;8.9;347.2222222;25;25;1.3
30878100;0;2;43;138;0.3;2.8;11.1;9.6;71.5;13.4;5.4;5;5.4;4.3;8.9;347.2222222;25;25;1.3
30879000;0;2;43;137;0.4;2.8;11.2;9.6;72.1;13.7;5.3;5;5.3;4.2;8.9;347.2222222;25;25;1.3
30879900;0;2;43;135;0.4;2.8;11.1;9.6;73;14.5;5.1;4.8;5.1;4;8.9;347.2222222;25;25;1.3
30880800;0;2;43;136;-0.1;2.8;11;9.5;73.7;25.2;5.2;4.8;5.1;4;8.6;344.4444444;38.88888889;38.88888889;1.1
30881700;0;2;43;137;-0.1;2.8;11;9.5;74.1;30.5;5.4;4.9;5.2;4.2;8.6;344.4444444;38.88888889;38.88888889;1.1
30882600;0;2;43;137;-0.1;2.8;10.9;9.6;74.3;29.8;5.4;5;5.3;4.3;8.6;344.4444444;38.88888889;38.88888889;1.1
30883500;0;2;43;136;-0.1;2.8;11;9.8;74.6;28;5.2;4.8;5;4.2;8.6;344.4444444;38.88888889;38.88888889;1.1
30884400;0;2;43;134;-0.1;2.8;11.1;9.8;74.2;35.3;5;4.7;4.9;3.9;8.9;341.6666667;63.88888889;63.88888889;1.4
30885300;0;2;43;133;-0.1;2.8;11.2;9.8;73.7;38.9;4.9;4.7;4.9;3.9;8.9;341.6666667;63.88888889;63.88888889;1.4
30886200;0;2;43;135;-0.1;2.8;11.3;9.6;73.4;38.9;4.9;4.6;4.9;3.8;8.9;341.6666667;63.88888889;63.88888889;1.4
30887100;0;2;43;136;-0.1;2.8;11.4;9.1;73.1;38.9;5.1;4.8;5.2;4;8.9;341.6666667;63.88888889;63.88888889;1.4
30888000;0;2;43;136;-0.1;2.8;11.8;9.1;72.7;54.5;5.2;4.9;5.2;4;9.4;347.2222222;52.77777778;52.77777778;1.6
30888900;0;2;43;136;-0.1;2.8;12.3;9.1;71.3;62.3;5.3;5;5.1;4.2;9.4;347.2222222;52.77777778;52.77777778;1.6
30889800;0;2;43;139;0.1;3;12.2;9;71;62.3;5.6;5.2;5.5;4.5;9.4;347.2222222;52.77777778;52.77777778;1.6
30890700;0;2;43;140;0.4;3.3;12.1;8.7;71.5;62.3;5.8;5.4;5.7;4.7;9.4;347.2222222;52.77777778;52.77777778;1.6
30891600;0;3;43;140;0.4;3.3;11.9;8.6;71.6;62.8;5.9;5.6;5.9;4.8;9.5;350;13.88888889;13.88888889;1
30892500;0;3;43;140;0.4;3.3;11.9;8.5;72.1;63;5.9;5.7;6;4.9;9.5;350;13.88888889;13.88888889;1
30893400;0;3;43;138;0.7;3.3;11.8;8.6;72.6;63;5.8;5.7;6;4.8;9.5;350;13.88888889;13.88888889;1
30894300;0;3;43;137;0.9;3.3;11.8;8.9;72.2;63;5.8;5.5;5.8;4.7;9.5;350;13.88888889;13.88888889;1
30895200;0;3;43;137;0.9;3.3;11.7;8.8;73.4;40.2;5.8;5.5;5.8;4.8;9.4;344.4444444;11.11111111;11.11111111;0.7
30896100;0;3;43;137;0.9;3.3;11.8;8.7;73.3;28.8;5.8;5.6;5.8;4.9;9.4;344.4444444;11.11111111;11.11111111;0.7
30897000;0;3;43;137;0.9;3.3;11.8;8.9;73.1;28.8;5.9;5.7;6;5;9.4;344.4444444;11.11111111;11.11111111;0.7
30897900;0;3;43;135;0.9;3.3;11.8;9.4;73.1;28.8;5.7;5.5;5.8;4.7;9.4;344.4444444;11.11111111;11.11111111;0.7
30898800;0;3;38;103;1.7;3.6;11.7;9.1;73.1;19.3;5.9;5.7;6.1;4.8;9;344.4444444;0;0;0.6
30899700;0;3;39;113;1.4;3.8;11.7;8.9;73.6;14.6;6.1;5.9;6.2;5.1;9;344.4444444;0;0;0.6
30900600;0;2;43;136;0.5;3.3;11.6;9;74.3;14.6;5.2;4.9;5.2;4.3;9;344.4444444;0;0;0.6
30901500;0;1;43;131;-0.2;2.5;11.5;9.2;74.6;14.6;4.6;4.2;4.4;3.5;9;344.4444444;0;0;0.6
30902400;0;1;43;128;-0.7;1.9;11.3;8.9;74.6;8.1;4;3.6;3.9;3;9;344.4444444;0;0;1.5
30903300;0;0;43;126;-1;1.4;11.2;8.8;75.1;4.8;3.6;3.2;3.4;2.6;9;344.4444444;0;0;1.5
30904200;-1;0;43;126;-1.5;1.3;11;8.9;75.4;4.8;3.4;3;3.3;2.4;9;344.4444444;0;0;1.5
30905100;-2;0;43;125;-1.5;1.2;11;9.2;75.6;4.8;3.2;2.8;3;2.2;9;344.4444444;0;0;1.5
30906000;-2;0;43;123;-1.9;0.8;11;9.1;76.1;1.6;3;2.6;2.8;2;8.1;347.2222222;0;0;0.8
30906900;-2;0;43;124;-2;0.8;11.1;9;76.1;0;3.1;2.7;3;2.1;8.1;347.2222222;0;0;0.8
30907800;-2;0;43;128;-1.6;1;11;9;76.4;0;3.5;3.1;3.5;2.5;8.1;347.2222222;0;0;0.8
30908700;-2;0;43;125;-1.5;1.3;11;9;76.9;0;3.3;3;3.2;2.3;8.1;347.2222222;0;0;0.8
30909600;-2;0;43;126;-1.5;1.3;11;8.9;77.5;0;3.5;3.1;3.4;2.4;8.4;350;0;0;1.1
30910500;-2;1;43;129;-1.2;1.4;10.9;8.8;78;0;4.1;3.6;3.9;3;8.4;350;0;0;1.1
30911400;-2;1;43;132;-1;1.8;10.9;8.8;78.1;0;4.5;4.1;4.4;3.4;8.4;350;0;0;1.1
30912300;-1;1;43;133;-0.7;2;11.1;8.9;78.3;0;4.7;4.3;4.5;3.6;8.4;350;0;0;1.1
30913200;0;2;43;135;-0.5;2.3;11;8.6;79.1;0;5;4.5;4.9;3.9;8.2;352.7777778;0;0;1.2
30914100;0;2;43;136;-0.3;2.5;10.9;8.5;80.3;0;5.2;4.7;5.1;4;8.2;352.7777778;0;0;1.2
30915000;0;2;43;136;0;2.8;11;8.3;80.3;0;5.1;4.7;5.1;4.1;8.2;352.7777778;0;0;1.2
30915900;0;2;43;136;0;2.8;11.1;7.8;79.8;0;5.1;4.7;5.1;4.1;8.2;352.7777778;0;0;1.2
30916800;0;2;43;135;0;2.8;11.2;7.7;79.6;0;5.1;4.7;5.1;4.1;8.2;352.7777778;0;0;1.6
30917700;0;2;43;136;0;2.8;11.1;7.6;79.6;0;5.2;4.8;5.2;4.2;8.2;352.7777778;0;0;1.6
30918600;0;2;43;135;0;2.8;11.2;7.8;79.6;0;5.3;4.8;5.2;4.1;8.2;352.7777778;0;0;1.6
30919500;0;2;43;135;0;2.8;11.2;8.2;79.6;0;5.1;4.7;5.2;4.1;8.2;352.7777778;0;0;1.6
30920400;0;2;43;133;0;2.8;11.3;8.1;79.1;0;4.9;4.5;4.8;3.8;8.3;347.2222222;0;0;0.8
30921300;0;2;43;133;0;2.8;11.2;8;79.1;0;4.9;4.3;4.7;3.7;8.3;347.2222222;0;0;0.8
30922200;0;1;43;131;-0.2;2.5;11.2;8;79.1;0;4.5;4.2;4.6;3.5;8.3;347.2222222;0;0;0.8
30923100;0;1;43;129;-0.5;2.1;11.2;8.1;78.6;0;4;3.8;4.1;3.2;8.3;347.2222222;0;0;0.8
30924000;0;1;43;126;-1.1;1.6;11.1;7.8;78.4;0;3.6;3.3;3.5;2.6;7.6;347.2222222;0;0;2.4
30924900;-2;0;43;123;-1.6;1;10.9;7.7;78.4;0;3.1;2.7;2.9;2;7.6;347.2222222;0;0;2.4
30925800;-2;0;43;121;-2;0.6;10.9;7.8;78.6;0;2.6;2.3;2.6;1.7;7.6;347.2222222;0;0;2.4
30926700;-1;0;33.5;68;-0.75;0.6;10.9;4.3;78.7;0;2.95;2.6;3.05;1.9;7.6;347.2222222;0;0;2.4
30927600;0;0;24;15;0.5;0.6;10.9;0.8;78.8;0;3.3;2.9;3.5;2.1;7.6;347.2222222;0;0;2.8
30928500;0;1;0;0;0.8;1.6;10.9;-2.7;79.7;0;4.5;4.3;4.8;2.6;7.6;347.2222222;0;0;2.8
30929400;0;2;29;97;1;3.4;10.8;-2.7;80.4;0;6.2;5.8;6;4.7;7.6;347.2222222;0;0;2.8
30930300;0;1;43;131;-0.2;2.5;10.8;-2.7;80.1;0;4.4;4.2;4.3;3.5;7.6;347.2222222;0;0;2.8
30931200;-1;0;43;125;-1.2;1.4;10.7;-3;79.8;0;3.3;3.1;3.2;2.4;7.4;347.2222222;0;0;1.9
30932100;-2;0;43;121;-1.8;0.6;10.6;-3;79.3;0;2.7;2.3;2.6;1.7;7.4;347.2222222;0;0;1.9
30933000;-2;0;43;119;-2.2;0.3;10.6;-3;79.6;0;2.4;1.9;2.3;1.4;7.4;347.2222222;0;0;1.9
30933900;-3;0;43;117;-2.5;-0.1;10.5;-3;79.6;0;2;1.7;1.9;1.1;7.4;347.2222222;0;0;1.9
30934800;-3;0;43;115;-2.7;-0.3;10.4;-3.1;79.6;0;1.7;1.5;1.6;0.9;7.3;347.2222222;0;0;2.5
30935700;-3;0;43;114;-2.7;-0.7;10.4;-3.1;80.4;0;1.7;1.3;1.5;0.7;7.3;347.2222222;0;0;2.5
30936600;-3;0;43;116;-2.7;-0.7;10.3;-3.1;80.6;0;1.9;1.5;1.8;0.9;7.3;347.2222222;0;0;2.5
30937500;-3;0;43;119;-2.7;-0.3;10.3;-3.1;83;0;2.2;1.7;2.2;1.2;7.3;347.2222222;0;0;2.5
30938400;-3;0;43;119;-2.7;-0.2;9.7;5.8;86.3;0;2.2;1.9;2.2;1.3;7.2;347.2222222;0;0;1.8
30939300;-2;0;43;119;-2.7;-0.2;9.7;7.2;88.1;0;2.2;1.9;2.2;1.2;7.2;347.2222222;0;0;1.8
30940200;-3;0;43;118;-2.7;-0.2;9.7;7.2;88.9;0;2.2;1.9;2.1;1.2;7.2;347.2222222;0;0;1.8
30941100;-2;0;43;121;-2.7;-0.2;9.6;7.3;90;0;2.5;2.2;2.4;1.5;7.2;347.2222222;0;0;1.8
30942000;-2;0;43;120;-2.5;0;9.3;7.3;91.3;0;2.5;2.2;2.4;1.5;7.3;344.4444444;0;0;2.3
30942900;-3;0;43;117;-2.3;0.1;9.2;7.3;91.6;0;2.1;1.9;2.1;1.2;7.3;344.4444444;0;0;2.3
30943800;-3;0;43;118;-2.7;-0.2;9;7.3;91.6;0;2.1;1.9;2.2;1.3;7.3;344.4444444;0;0;2.3
30944700;-2;0;43;121;-2.2;0.2;9.2;7.3;92;0;2.8;2.5;2.8;1.9;7.3;344.4444444;0;0;2.3
30945600;-2;0;43;123;-2;0.6;9.5;7.4;92.1;0;3.2;2.7;3;2.1;6.7;344.4444444;0;0;2.3
30946500;-2;0;43;124;-1.7;0.8;9.7;7.4;92;0;3.3;2.9;3.1;2.2;6.7;344.4444444;0;0;2.3
30947400;-2;0;43;122;-1.7;0.8;9.7;7.4;91.6;0;2.9;2.6;2.8;1.9;6.7;344.4444444;0;0;2.3
30948300;-2;0;43;119;-2.1;0.4;9.7;7.3;91.1;0;2.5;2.1;2.4;1.5;6.7;344.4444444;0;0;2.3
30949200;-3;0;43;118;-2.2;0.1;9.6;7.4;91.1;0;2.2;1.8;2.2;1.2;7.3;344.4444444;0;0;2.6
30950100;-3;0;43;118;-2.6;-0.2;9.4;7.4;91.1;0;2.2;1.6;2.1;1.1;7.3;344.4444444;0;0;2.6
30951000;-2;0;43;119;-2.7;-0.2;9.5;7.4;91.1;0;2.5;1.8;2.1;1.3;7.3;344.4444444;0;0;2.6
30951900;-2;0;43;119;-2.7;-0.2;9.6;7.4;91.1;0;2.4;1.9;2.4;1.3;7.3;344.4444444;0;0;2.6
30952800;-2;0;43;120;-2.4;0.1;9.6;7.2;91.4;0;2.7;2.2;2.7;1.7;7.5;347.2222222;0;0;2.3
30953700;-2;0;43;124;-2;0.5;9.7;7.2;91.6;0;3.2;2.7;3;2.1;7.5;347.2222222;0;0;2.3
30954600;-2;0;43;124;-1.7;0.8;9.8;7;91.5;0;3.3;2.9;3.2;2.2;7.5;347.2222222;0;0;2.3
30955500;-2;0;43;123;-1.7;0.8;9.8;6.7;91.1;0;3;2.7;3;2;7.5;347.2222222;0;0;2.3
30956400;-2;0;43;124;-1.7;0.8;9.8;6.4;91.2;0;3.3;2.8;3;2.2;7.9;347.2222222;8.333333333;8.333333333;1.9
30957300;-2;1;43;129;-1.4;1.2;9.9;6.3;91.6;0;4;3.4;3.8;2.9;7.9;347.2222222;8.333333333;8.333333333;1.9
30958200;-2;1;43;131;-1;1.8;10;6.6;91.6;0;4.4;3.8;4.3;3.2;7.9;347.2222222;8.333333333;8.333333333;1.9
30959100;-2;1;43;131;-0.7;1.8;10.1;7;91.6;0;4.5;3.8;4.3;3.2;7.9;347.2222222;8.333333333;8.333333333;1.9
30960000;-2;1;43;132;-0.7;1.8;10.1;6.9;91.6;3.4;4.6;3.9;4.4;3.4;8.6;344.4444444;38.88888889;38.88888889;2
30960900;-1;1;43;133;-0.7;2;10.2;6.9;91.9;4.3;4.6;4.1;4.6;3.5;8.6;344.4444444;38.88888889;38.88888889;2
30961800;0;1;43;132;-0.7;2.3;10.3;7.1;92.1;4.3;4.6;4;4.5;3.4;8.6;344.4444444;38.88888889;38.88888889;2
30962700;0;1;43;131;-0.7;2.3;10.5;7.5;91.7;4.3;4.4;3.9;4.4;3.3;8.6;344.4444444;38.88888889;38.88888889;2
30963600;0;1;43;131;-0.7;2.3;10.9;7.6;91.4;17.6;4.4;4;4.3;3.4;8.7;347.2222222;63.88888889;63.88888889;2.8
30964500;0;1;43;131;-0.7;2.3;11;7.6;91.1;22.5;4.3;4.1;4.3;3.4;8.7;347.2222222;63.88888889;63.88888889;2.8
30965400;0;1;43;132;-0.7;2.3;10.9;7.8;91.1;22.1;4.4;4.1;4.5;3.4;8.7;347.2222222;63.88888889;63.88888889;2.8
30966300;0;1;43;133;-0.7;2.3;11.1;8.2;91.4;21.5;4.7;4.3;4.6;3.5;8.7;347.2222222;63.88888889;63.88888889;2.8
30967200;0;1;43;133;-0.7;2.3;11.3;8.3;91.6;39.1;4.7;4.2;4.5;3.5;9;344.4444444;111.1111111;111.1111111;2.9
30968100;0;2;43;136;-0.4;2.4;11.6;8.4;91.1;45.5;5.1;4.7;4.9;3.9;9;344.4444444;111.1111111;111.1111111;2.9
30969000;0;2;43;137;-0.2;2.8;11.7;8.6;91.1;46.3;5.4;5;5.3;4.2;9;344.4444444;111.1111111;111.1111111;2.9
30969900;0;2;43;137;0.3;2.8;11.8;8.9;91.2;48;5.3;5.1;5.3;4.2;9;344.4444444;111.1111111;111.1111111;2.9
30970800;0;2;43;135;0.3;2.8;12.1;8.8;91.2;49.2;5.2;4.9;5.1;4.1;9.2;344.4444444;86.11111111;86.11111111;2.9
30971700;0;2;43;134;0.3;2.8;12.4;8.7;91.3;49.6;5.2;5;5.1;4.1;9.2;344.4444444;86.11111111;86.11111111;2.9
30972600;0;2;43;136;0.3;2.8;12.7;8.7;90.8;49.6;5.4;5.2;5.4;4.3;9.2;344.4444444;86.11111111;86.11111111;2.9
30973500;0;2;43;135;0.3;2.8;12.6;8.7;90.6;49.6;5.3;5.2;5.4;4.4;9.2;344.4444444;86.11111111;86.11111111;2.9
30974400;0;2;43;133;0.3;2.8;12.5;8.4;90.4;53.6;5.3;5.1;5.3;4.4;8.9;347.2222222;22.22222222;22.22222222;3.3
30975300;0;2;37;104;0.9;2.8;12.3;8.3;90.1;54.6;5.1;4.9;5.1;4;8.9;347.2222222;22.22222222;22.22222222;3.3
30976200;0;2;39;81;1.2;2.9;12.2;8.5;90.4;54.6;5.3;5;5.3;4.2;8.9;347.2222222;22.22222222;22.22222222;3.3
30977100;0;2;43;136;0.2;3.1;12.1;8.8;90.1;54.6;5.1;4.8;5;4.2;8.9;347.2222222;22.22222222;22.22222222;3.3
30978000;0;1;43;132;-0.2;2.5;12.1;8.7;90.2;49.5;4.5;4.2;4.4;3.8;8.3;350;19.44444444;19.44444444;2.7
30978900;0;1;43;132;-0.5;2.3;11.7;8.7;89.9;48.2;4.5;4.1;4.4;3.6;8.3;350;19.44444444;19.44444444;2.7
30979800;0;1;43;132;-0.5;2.3;11;8.9;91;48.2;4.6;4.3;4.5;3.7;8.3;350;19.44444444;19.44444444;2.7
30980700;0;1;43;130;-0.5;2.2;10.7;9.3;91.4;48.2;4.2;3.9;4.2;3.3;8.3;350;19.44444444;19.44444444;2.7
30981600;0;1;43;128;-0.9;1.8;10.7;8.9;91.4;31.2;3.9;3.5;3.8;2.9;7;344.4444444;13.88888889;13.88888889;2.2
30982500;0;0;43;127;-1;1.5;10.7;8.7;91.8;25;3.5;3.3;3.6;2.6;7;344.4444444;13.88888889;13.88888889;2.2
30983400;-1;0;43;126;-1.5;1.3;10.6;8.6;91.8;25;3.3;3.1;3.3;2.4;7;344.4444444;13.88888889;13.88888889;2.2
30984300;-2;0;43;128;-1.5;1.3;10.2;8.5;91.2;25;3.8;3.3;3.7;2.6;7;344.4444444;13.88888889;13.88888889;2.2
30985200;-2;1;43;130;-1.2;1.3;9.6;7.8;91.4;17.3;4;3.6;4.1;2.8;5.6;338.8888889;0;0;2.4
30986100;-2;1;43;130;-1;1.7;9;7.6;91.4;14.5;4.1;3.7;4.2;3;5.6;338.8888889;0;0;2.4
30987000;-2;1;43;129;-1;1.8;8.7;7.6;91.8;14.5;3.9;3.7;4;3;5.6;338.8888889;0;0;2.4
30987900;-2;1;43;125;-1;1.6;8.7;7.6;91.8;14.5;3.6;3.4;3.5;2.5;5.6;338.8888889;0;0;2.4
30988800;-2;0;43;122;-1.5;1.2;8.7;7;91.7;6.4;3.2;2.9;3.1;2.2;4;336.1111111;0;0;2
30989700;-2;0;43;123;-1.5;0.8;8.4;6.8;91.4;3.4;3.1;2.8;3;2.1;4;336.1111111;0;0;2
30990600;-2;0;43;123;-1.5;0.8;7.9;6.6;91;3.4;2.9;2.8;2.9;2;4;336.1111111;0;0;2
30991500;-2;0;43;121;-2;0.7;7.3;6.3;91;3.4;2.6;2.5;2.6;1.8;4;336.1111111;0;0;2
30992400;-2;0;43;119;-2.1;0.3;7.1;5.6;91.1;0.9;2.3;2.2;2.3;1.3;3.6;333.3333333;0;0;2.4
30993300;-3;0;43;118;-2.5;-0.1;7.1;5.3;91.5;0;1.9;1.7;1.9;0.9;3.6;333.3333333;0;0;2.4
30994200;-3;0;43;116;-3;-0.3;7.1;5.1;91.5;0;1.6;1.4;1.6;0.7;3.6;333.3333333;0;0;2.4
30995100;-3;0;43;113;-3.1;-0.8;7.2;4.7;91.5;0;1.2;1;1.2;0.3;3.6;333.3333333;0;0;2.4
30996000;-4;0;43;112;-3.5;-1.2;7.2;4;91.1;0;1;0.8;1;0.1;3;330.5555556;0;0;2.4
30996900;-3;0;43;112;-3.5;-1.2;6.8;3.7;90.9;0;1.1;0.9;1.1;0.2;3;330.5555556;0;0;2.4
30997800;-4;0;43;111;-3.5;-1.2;6.7;3.5;91.1;0;0.9;0.7;0.9;0.1;3;330.5555556;0;0;2.4
30998700;-4;-1;43;111;-3.7;-1.4;6.7;3.2;91.2;0;0.6;0.5;0.6;-0.1;3;330.5555556;0;0;2.4
30999600;-4;-2;43;111;-4;-1.7;6.6;3.1;90.9;0;0.7;0.4;0.6;-0.1;2.5;327.7777778;0;0;1.7
31000500;-4;-2;42;110;-4;-1.7;6.4;3;90.9;0;0.6;0.3;0.5;-0.3;2.5;327.7777778;0;0;1.7
31001400;-4;-2;43;109;-4;-1.7;6.1;3.1;90.9;0;0.6;0.3;0.5;-0.4;2.5;327.7777778;0;0;1.7
31002300;-4;-2;42;109;-4;-1.7;5.9;3.3;90.9;0;0.4;0.1;0.4;-0.3;2.5;327.7777778;0;0;1.7
31003200;-4;-2;43;107;-4;-1.7;5.8;3.1;90.9;0;0.2;0;0.2;-0.5;2.4;327.7777778;0;0;1.7
31004100;-4;-2;42;107;-4.4;-2.2;5.8;3;90.9;0;-0.1;-0.3;0;-0.9;2.4;327.7777778;0;0;1.7
31005000;-5;-2;42;104;-4.5;-2.2;5.8;2.9;90.9;0;-0.3;-0.4;-0.3;-1.1;2.4;327.7777778;0;0;1.7
31005900;-5;-2;42;103;-4.5;-2.3;5.7;2.7;91.1;0;-0.3;-0.6;-0.4;-1.2;2.4;327.7777778;0;0;1.7
31006800;-5;-3;42;102;-4.8;-2.7;5.8;2.8;91.4;0;-0.6;-0.8;-0.6;-1.4;2.4;327.7777778;0;0;1.7
31007700;-5;-3;42;101;-5;-2.9;6;2.9;90.9;0;-0.9;-1.1;-0.9;-1.7;2.4;327.7777778;0;0;1.7
31008600;-5;-3;42;100;-5.3;-3.2;6.1;2.8;90.9;0;-1.1;-1.3;-1.2;-1.9;2.4;327.7777778;0;0;1.7
31009500;-5;-3;42;100;-5.5;-3.2;6;2.7;90.9;0;-1.1;-1.3;-1.2;-1.7;2.4;327.7777778;0;0;1.7
31010400;-5;-3;42;101;-5.5;-3.2;5.9;2.6;90.9;0;-1;-1.2;-1;-1.8;2.4;327.7777778;0;0;0.8
31011300;-5;-3;42;101;-5.5;-3.2;5.9;2.5;90.9;0;-1;-1.2;-1;-1.8;2.4;327.7777778;0;0;0.8
31012200;-5;-3;42;100;-5.5;-3.2;5.8;2.4;90.9;0;-1.1;-1.3;-1.1;-1.9;2.4;327.7777778;0;0;0.8
31013100;-5;-3;42;98;-5.5;-3.2;5.9;2.2;90.9;0;-1.2;-1.4;-1.3;-2;2.4;327.7777778;0;0;0.8
31014000;-5;-3;42;94;-5.5;-3.2;5.9;-1.4;90.9;0;-1.3;-1.5;-1.3;-2.2;2.6;327.7777778;0;0;0.8
31014900;-6;-3;42;94;-5.5;-3.5;6;-2.7;90.9;0;-1.5;-1.6;-1.4;-2.2;2.6;327.7777778;0;0;0.8
31015800;-6;-4;42;95;-5.5;-3.7;6.1;-2.7;90.9;0;-1.6;-1.7;-1.5;-2.4;2.6;327.7777778;0;0;0.8
31016700;-6;-4;42;94;-5.5;-3.7;6.2;-2.7;90.9;0;-1.6;-1.8;-1.7;-2.4;2.6;327.7777778;0;0;0.8
31017600;-6;-4;43;94;-5.5;-3.7;6.2;-2.9;90.9;0;-1.5;-1.7;-1.6;-2.4;2.4;327.7777778;0;0;0.5
31018500;-6;-4;43;97;-5.5;-3.7;6.1;-3;90.6;0;-1.5;-1.7;-1.5;-2.2;2.4;327.7777778;0;0;0.5
31019400;-6;-4;43;97;-5.5;-3.7;6.1;-3;90.9;0;-1.5;-1.7;-1.5;-2.3;2.4;327.7777778;0;0;0.5
31020300;-6;-4;43;96;-5.5;-3.7;6.1;-3;90.9;0;-1.5;-1.7;-1.5;-2.4;2.4;327.7777778;0;0;0.5
31021200;-6;-4;43;97;-5.5;-3.7;6.1;-3.1;90.9;0;-1.5;-1.7;-1.5;-2.3;2.3;327.7777778;0;0;0.6
31022100;-6;-4;43;96;-5.5;-3.7;6;-3.1;90.5;0;-1.4;-1.6;-1.5;-2.3;2.3;327.7777778;0;0;0.6
31023000;-5;-3;43;99;-5.5;-3.7;6;-3.1;90.4;0;-1.2;-1.4;-1.2;-2;2.3;327.7777778;0;0;0.6
31023900;-5;-3;43;98;-5.5;-3.7;6;-3.1;90.8;0;-1.2;-1.4;-1.2;-2.1;2.3;327.7777778;0;0;0.6
31024800;-6;-3;43;98;-5.5;-3.7;6.1;0.6;90.9;0;-1.4;-1.6;-1.5;-2.3;2.4;327.7777778;0;0;1
31025700;-6;-4;43;97;-5.5;-3.7;6.1;2.5;90.9;0;-1.6;-1.8;-1.7;-2.4;2.4;327.7777778;0;0;1
31026600;-6;-4;43;96;-5.9;-3.7;6.1;2.5;90.9;0;-1.7;-1.9;-1.8;-2.5;2.4;327.7777778;0;0;1
31027500;-6;-4;43;96;-6;-3.7;6;2.5;90.9;0;-1.8;-2;-1.8;-2.5;2.4;327.7777778;0;0;1
31028400;-6;-4;42;93;-6;-4;6;2.4;90.9;0;-2.1;-2.1;-2;-2.9;2.4;327.7777778;0;0;1.8
31029300;-6;-4;42;93;-6.3;-4.2;6;2.4;90.9;0;-2.4;-2.4;-2.2;-3.1;2.4;327.7777778;0;0;1.8
31030200;-6;-4;42;92;-6.5;-4.3;6.1;2.3;90.9;0;-2.4;-2.5;-2.3;-3.2;2.4;327.7777778;0;0;1.8
31031100;-7;-5;43;88;-6.5;-4.7;6.1;2.1;90.4;0;-2.6;-2.7;-2.6;-3.5;2.4;327.7777778;0;0;1.8
31032000;-7;-5;43;90;-6.5;-4.7;6.2;2.3;90.4;0;-2.8;-2.9;-2.8;-3.6;2.3;325;0;0;1.8
31032900;-7;-5;43;90;-6.6;-4.7;6.2;2.4;90.2;0;-2.8;-2.9;-2.8;-3.8;2.3;325;0;0;1.8
31033800;-7;-5;44;89;-7;-4.7;6.2;2.4;89.9;0;-2.8;-2.9;-2.7;-3.7;2.3;325;0;0;1.8
31034700;-7;-5;43;90;-7;-4.7;6.2;2.6;89.9;0;-2.8;-3;-2.8;-3.8;2.3;325;0;0;1.8
31035600;-7;-5;44;90;-7;-5.2;6.3;2.7;89.8;0;-3;-3.1;-3;-4;2.5;325;0;0;1.9
31036500;-7;-5;44;88;-7;-5.2;6.3;2.7;89.3;0;-3.2;-3.3;-3.1;-4.1;2.5;325;0;0;1.9
31037400;-7;-5;44;87;-7;-5.2;6.3;2.6;88.8;0;-3.4;-3.4;-3.2;-4.2;2.5;325;0;0;1.9
31038300;-7;-6;44;87;-7.4;-5.6;6.3;2.5;88.1;0;-3.5;-3.6;-3.4;-4.4;2.5;325;0;0;1.9
31039200;-8;-6;45;85;-7.5;-5.7;6.3;2.4;87.4;0;-3.7;-3.8;-3.5;-4.6;2.7;327.7777778;0;0;1.4
31040100;-8;-6;44;82;-7.5;-5.7;6.3;2.4;86.9;0;-3.8;-3.8;-3.6;-4.6;2.7;327.7777778;0;0;1.4
31041000;-8;-6;45;87;-7.5;-5.7;6.4;2.4;86.6;0;-3.8;-3.9;-3.7;-4.6;2.7;327.7777778;0;0;1.4
31041900;-8;-6;45;87;-7.5;-5.7;6.4;2.4;85.8;0;-3.8;-3.9;-3.7;-4.7;2.7;327.7777778;0;0;1.4
31042800;-8;-6;45;86;-7.5;-5.7;6.4;2.3;85.7;0;-3.7;-3.9;-3.7;-4.6;2.9;325;16.66666667;16.66666667;2.5
31043700;-7;-6;45;86;-7.5;-5.7;6.4;2.3;84.9;0;-3.6;-3.8;-3.4;-4.6;2.9;325;16.66666667;16.66666667;2.5
31044600;-7;-6;45;87;-7.5;-5.7;6.5;2.3;84.9;0;-3.6;-3.8;-3.4;-4.6;2.9;325;16.66666667;16.66666667;2.5
31045500;-7;-6;46;89;-7.5;-5.7;6.6;2.4;84.5;0;-3.5;-3.6;-3.3;-4.5;2.9;325;16.66666667;16.66666667;2.5
31046400;-7;-5;44;87;-7.5;-5.7;6.9;2.6;84.7;3.8;-3.4;-3.5;-3.2;-4.4;3;325;50;50;1.6
31047300;-7;-5;45;89;-7.5;-5.7;7.1;2.7;83.6;4.8;-3.4;-3.5;-3.2;-4.4;3;325;50;50;1.6
31048200;-7;-5;44;91;-7.3;-5.6;6.9;2.8;82.9;4.8;-3.1;-3.2;-2.9;-4.1;3;325;50;50;1.6
31049100;-7;-5;43;93;-7;-5.2;6.9;2.9;83.2;4.8;-2.7;-2.9;-2.6;-3.8;3;325;50;50;1.6
31050000;-7;-5;43;92;-6.9;-5;7.1;3.5;83.1;26.8;-2.5;-2.6;-2.4;-3.5;3.8;325;113.8888889;113.8888889;1.5
31050900;-6;-4;43;93;-6.5;-4.7;7.6;3.7;82.1;32.3;-2.3;-2.4;-2.2;-3.4;3.8;325;113.8888889;113.8888889;1.5
31051800;-6;-4;42;94;-6.5;-4.6;7.7;3.7;81.4;32.6;-2;-2.2;-2;-3.1;3.8;325;113.8888889;113.8888889;1.5
31052700;-6;-4;43;97;-6.1;-4.2;7.8;3.6;81.2;33;-1.6;-1.9;-1.7;-2.7;3.8;325;113.8888889;113.8888889;1.5
31053600;-6;-4;43;97;-6;-4;8.1;4.3;81.1;49;-1.4;-1.7;-1.4;-2.5;4.9;325;113.8888889;113.8888889;3.7
31054500;-6;-3;43;99;-5.7;-3.7;8.2;4.5;80.4;54.8;-1.1;-1.4;-1.2;-2.3;4.9;325;113.8888889;113.8888889;3.7
31055400;-5;-3;43;100;-5.5;-3.4;8.6;4.2;80.5;57;-0.8;-1.1;-0.8;-1.9;4.9;325;113.8888889;113.8888889;3.7
31056300;-5;-3;43;103;-5.1;-3.2;9.1;3.7;79.9;60.3;-0.5;-0.8;-0.5;-1.7;4.9;325;113.8888889;113.8888889;3.7
31057200;-5;-3;43;103;-5;-2.8;9.4;4.4;78.7;62;-0.2;-0.6;-0.3;-1.4;6;305.5555556;169.4444444;183.3333333;4.1
31058100;-4;-2;43;104;-4.5;-2.6;9.5;4.7;78.4;62.6;0;-0.3;0;-1.1;6;305.5555556;169.4444444;183.3333333;4.1
31059000;-4;-2;43;109;-4.4;-2.1;9.6;4.7;78.3;62.6;0.5;0.3;0.6;-0.7;6;305.5555556;169.4444444;183.3333333;4.1
31059900;-3;-2;43;114;-3.7;-1.4;9.7;4.8;77.8;62.6;1.3;1.1;1.4;0.1;6;305.5555556;169.4444444;183.3333333;4.1
31060800;-3;-2;43;114;-3.3;-0.9;9.5;5.4;78.6;64.7;1.7;1.4;1.7;0.5;6.5;330.5555556;100;100;3.8
31061700;-3;0;43;116;-3;-0.7;9.9;5.5;78.1;65.2;1.9;1.7;2;0.9;6.5;330.5555556;100;100;3.8
31062600;-3;0;43;119;-2.7;-0.3;10.2;5.5;77.4;65.2;2.2;1.9;2.3;1.2;6.5;330.5555556;100;100;3.8
31063500;-2;0;43;119;-2.5;0;10.5;5.5;76.4;65.2;2.6;2.3;2.6;1.5;6.5;330.5555556;100;100;3.8
31064400;-2;0;43;119;-2.5;0.3;10.4;6.2;76.4;56.5;2.6;2.4;2.7;1.6;7;336.1111111;61.11111111;63.88888889;3.4
31065300;-2;0;43;120;-2.5;0.3;10.1;6.4;77.2;54.3;2.7;2.4;2.7;1.6;7;336.1111111;61.11111111;63.88888889;3.4
31066200;-2;0;43;120;-2.2;0.3;10.3;6.6;76.9;54.3;2.7;2.4;2.8;1.7;7;336.1111111;61.11111111;63.88888889;3.4
31067100;-2;0;43;120;-2;0.3;10.6;6.8;76.6;54.3;2.7;2.4;2.7;1.8;7;336.1111111;61.11111111;63.88888889;3.4
31068000;-2;0;43;122;-2;0.3;10.6;7;76;40.6;2.8;2.5;2.9;1.9;6.8;322.2222222;27.77777778;27.77777778;3.6
31068900;-2;0;43;122;-2;0.3;10.2;7.1;76.7;37.2;2.9;2.6;3;2.1;6.8;322.2222222;27.77777778;27.77777778;3.6
31069800;-2;0;43;123;-2;0.3;9.9;7;78;37.2;2.9;2.7;3;2.1;6.8;322.2222222;27.77777778;27.77777778;3.6
31070700;-2;0;43;123;-2;0.3;9.9;6.8;77.6;37.2;2.9;2.7;3;2.1;6.8;322.2222222;27.77777778;27.77777778;3.6
31071600;-2;0;43;123;-2;0.3;9.9;6.6;77.1;22;2.9;2.6;2.8;2.1;6.4;333.3333333;0;0;2.9
31072500;-2;0;43;121;-2;0.3;9.9;6.6;77.6;18.2;2.6;2.4;2.6;1.9;6.4;333.3333333;0;0;2.9
31073400;-2;0;43;119;-2.2;0.3;9.8;6.7;78;18.2;2.2;2.1;2.3;1.4;6.4;333.3333333;0;0;2.9
31074300;-3;0;43;118;-2.5;-0.1;9.8;6.8;78.3;18.2;2;1.9;2.2;1.2;6.4;333.3333333;0;0;2.9
31075200;-3;0;43;117;-2.5;-0.2;9.8;6.7;78.2;8.1;2;1.7;2;1.1;6.5;338.8888889;0;0;2.3
31076100;-3;0;43;116;-2.6;-0.2;9.8;6.6;77.8;4.4;1.8;1.5;1.8;0.9;6.5;338.8888889;0;0;2.3
31077000;-3;0;43;113;-3;-0.7;9.7;6.6;78.9;4.4;1.5;1.1;1.4;0.5;6.5;338.8888889;0;0;2.3
31077900;-3;0;43;115;-3;-0.7;9.5;6.6;79.9;4.4;1.5;1.2;1.6;0.4;6.5;338.8888889;0;0;2.3
31078800;-3;0;43;118;-3;-0.6;9.5;6.4;80.5;1.2;2.1;1.7;2.1;1;6;338.8888889;0;0;2.1
31079700;-2;0;43;121;-2.6;-0.2;9.4;6.3;81.5;0;2.5;2.1;2.4;1.4;6;338.8888889;0;0;2.1
31080600;-2;0;43;121;-2.5;-0.2;9.3;6.2;83;0;2.5;2.2;2.5;1.5;6;338.8888889;0;0;2.1
31081500;-2;0;43;120;-2.5;-0.2;9;6.1;85;0;2.4;2.1;2.5;1.5;6;338.8888889;0;0;2.1
31082400;-2;0;43;118;-2.5;-0.2;8.7;6;87.9;0;2.2;1.9;2.2;1.3;6;336.1111111;0;0;3.1
31083300;-3;0;43;116;-2.5;-0.2;8.5;6;88.6;0;2;1.7;2;1.1;6;336.1111111;0;0;3.1
31084200;-3;0;43;117;-2.5;-0.2;8.6;6.1;88.9;0;1.7;1.6;1.9;0.8;6;336.1111111;0;0;3.1
31085100;-3;0;43;115;-3;-0.5;8.6;6.3;88.9;0;1.5;1.2;1.6;0.6;6;336.1111111;0;0;3.1
31086000;-3;0;43;113;-3.3;-1;8.5;6.3;88.9;0;1.3;0.9;1.2;0.3;6.2;338.8888889;0;0;3.2
31086900;-3;0;43;115;-3.4;-1;8.5;6.3;88.9;0;1.4;1.2;1.6;0.7;6.2;338.8888889;0;0;3.2
31087800;-3;0;43;114;-3;-0.7;8.7;6.2;88.9;0;1.4;1.1;1.4;0.5;6.2;338.8888889;0;0;3.2
31088700;-3;0;43;114;-3;-0.7;8.8;6;88.4;0;1.4;1.1;1.4;0.5;6.2;338.8888889;0;0;3.2
31089600;-3;0;43;114;-3;-0.7;8.8;6;88.4;0;1.5;1;1.4;0.5;6.1;338.8888889;0;0;2.7
31090500;-3;0;43;114;-3;-0.7;8.7;6;88.4;0;1.3;0.9;1.3;0.4;6.1;338.8888889;0;0;2.7
31091400;-3;0;43;110;-3.5;-1.2;8.9;6;88.4;0;1.1;0.6;1;0.2;6.1;338.8888889;0;0;2.7
31092300;-4;0;43;110;-3.5;-1.2;8.9;6;88;0;1;0.4;0.8;0;6.1;338.8888889;0;0;2.7
31093200;-4;-1;43;110;-3.5;-1.3;8.8;6;87.9;0;0.8;0.3;0.6;-0.3;6.3;333.3333333;0;0;2.7
31094100;-4;-2;43;110;-3.7;-1.7;8.8;6;87.9;0;0.7;0.2;0.6;-0.4;6.3;333.3333333;0;0;2.7
31095000;-4;-2;43;108;-4;-1.7;8.9;6.1;87.9;0;0.3;-0.1;0.3;-0.7;6.3;333.3333333;0;0;2.7
31095900;-4;-2;43;107;-4.2;-2.1;8.9;6.4;87.9;0;0.2;-0.2;0;-0.9;6.3;333.3333333;0;0;2.7
31096800;-4;-2;43;106;-4.5;-2.2;9;6.3;87.9;0;0.1;-0.3;0;-1;6.2;338.8888889;0;0;2.5
31097700;-4;-2;43;106;-4.5;-2.2;8.8;6.3;87.4;0;0;-0.4;0;-1;6.2;338.8888889;0;0;2.5
31098600;-5;-2;43;106;-4.5;-2.2;9;6.2;87.9;0;0;-0.4;-0.1;-1;6.2;338.8888889;0;0;2.5
31099500;-2.5;-2;34.5;55;-2.45;-1.75;9.15;3.2;87.7;0;0.75;0.4;0.75;-0.45;6.2;338.8888889;0;0;2.5
31100400;0;-2;26;4;-0.4;-1.3;9.3;0.2;87.5;0;1.5;1.2;1.6;0.1;6.3;341.6666667;0;0;2.9
31101300;-2;0;43;109;-2;-0.2;9.4;-2.7;87.3;0;2.4;2.1;2.4;1.3;6.3;341.6666667;0;0;2.9
31102200;-2;0;43;113;-2;-0.2;9.4;-2.7;86.4;0;2.5;2;2.3;1.4;6.3;341.6666667;0;0;2.9
31103100;0;0;6;15;-0.1;-0.2;9.4;-2.7;87;0;3.1;2.7;3;1.7;6.3;341.6666667;0;0;2.9
31104000;-1;0;41;109;-1;1.1;9.4;-2.9;88.3;0;3.5;3;3.4;2.4;6.2;338.8888889;0;0;2.9
31104900;-2;0;43;120;-1.9;0.6;9.3;-3;88.3;0;2.6;2.3;2.6;1.7;6.2;338.8888889;0;0;2.9
31105800;-3;0;43;117;-2.3;0.1;9.2;-3;88.7;0;2.1;1.8;2.1;1.2;6.2;338.8888889;0;0;2.9
31106700;-3;0;43;113;-2.8;-0.4;9.2;-3;88.8;0;1.6;1.3;1.6;0.7;6.2;338.8888889;0;0;2.9
31107600;-3;0;43;115;-2.8;-0.7;9.1;7.6;88.8;0;1.7;1.2;1.6;0.7;6.6;327.7777778;0;0;2.7
31108500;-3;0;43;118;-2.8;-0.5;9;7.6;89.3;0;2.1;1.8;2.1;1;6.6;327.7777778;0;0;2.7
31109400;-2;0;43;119;-2.5;-0.1;8.8;7.6;89.3;0;2.6;2.2;2.5;1.4;6.6;327.7777778;0;0;2.7
31110300;-2;0;43;121;-2.3;0.3;8.9;7.6;89.2;0;2.8;2.4;2.7;1.6;6.6;327.7777778;0;0;2.7
31111200;-2;0;43;122;-2.3;0.3;8.9;6.1;88.5;0;3;2.7;2.9;1.9;6.6;327.7777778;0;0;2.9
31112100;-2;0;43;122;-2.3;0.3;8.9;6;88.6;0;2.9;2.6;2.9;1.8;6.6;327.7777778;0;0;2.9
31113000;-2;0;43;121;-2.3;0.3;8.9;6;88.8;0;2.8;2.5;2.7;1.7;6.6;327.7777778;0;0;2.9
31113900;-2;0;43;120;-2.3;0.3;8.9;6;88.1;0;2.7;2.4;2.7;1.7;6.6;327.7777778;0;0;2.9
31114800;-2;0;43;121;-2.3;0.3;8.9;5.8;88;0;2.7;2.4;2.7;1.6;6.2;327.7777778;0;0;3.9
31115700;-2;0;43;120;-2.3;0.3;8.9;5.7;87.6;0;2.7;2.2;2.5;1.6;6.2;327.7777778;0;0;3.9
31116600;-2;0;43;121;-2.3;0.3;9;5.9;87.2;0;2.6;2.3;2.6;1.6;6.2;327.7777778;0;0;3.9
31117500;-2;0;43;119;-2.3;0.3;9.1;6.3;87.2;0;2.6;2.4;2.7;1.5;6.2;327.7777778;0;0;3.9
31118400;-3;0;43;116;-2.3;0.1;9.1;6.1;86.9;0;2.1;1.8;2.1;1;6;330.5555556;0;0;3.8
31119300;-3;0;43;114;-2.8;-0.4;9.1;6.1;86.2;0;1.6;1.3;1.5;0.7;6;330.5555556;0;0;3.8
31120200;-3;0;43;114;-2.8;-0.7;9;6.2;85.6;0;1.6;1.1;1.3;0.6;6;330.5555556;0;0;3.8
31121100;-3;0;43;114;-3;-0.7;9.1;6.4;85.1;0;1.4;1.1;1.3;0.5;6;330.5555556;0;0;3.8
31122000;-3;0;43;112;-3.3;-0.8;9;6.2;84.9;0;1.1;0.9;1.1;0.3;6.1;330.5555556;0;0;4.1
31122900;-4;0;43;111;-3.4;-1.2;9.1;6.2;85.1;0;0.9;0.6;0.8;0;6.1;330.5555556;0;0;4.1
31123800;-4;0;43;110;-3.8;-1.2;9.1;6.1;85.2;0;0.6;0.4;0.7;-0.3;6.1;330.5555556;0;0;4.1
31124700;-4;0;43;111;-3.8;-1.2;9.2;6;84.4;0;0.8;0.5;0.9;-0.3;6.1;330.5555556;0;0;4.1
31125600;-4;0;43;110;-3.8;-1.2;9.1;5.8;83.2;0;1;0.6;1;-0.1;5.6;-2775;0;0;3.4
31126500;-4;0;43;110;-3.8;-1.2;8.8;5.8;83.4;0;0.9;0.4;0.8;-0.2;5.6;-2775;0;0;3.4
31127400;-4;-2;42;107;-3.8;-1.7;8.1;5.8;84.3;0;0.5;0;0.4;-0.5;5.6;-2775;0;0;3.4
31128300;-4;-2;42;106;-4.3;-2;7.5;5.9;85.1;0;0.2;-0.4;0.1;-0.8;5.6;-2775;0;0;3.4
31129200;-5;-2;42;103;-4.6;-2.4;7;5.8;85.3;0;-0.5;-0.9;-0.4;-1.3;5.2;283.3333333;36.11111111;50;3.1
31130100;-5;-3;42;99;-5.1;-3;6.8;5.8;85.9;0;-1;-1.3;-1;-1.8;5.2;283.3333333;36.11111111;50;3.1
31131000;-5;-3;42;99;-5.3;-3.2;6.9;5.9;86.3;0;-1;-1.6;-1.1;-2.1;5.2;283.3333333;36.11111111;50;3.1
31131900;-5;-3;42;100;-5.3;-3.2;7.4;6.1;86.3;0;-0.9;-1.5;-1;-1.9;5.2;283.3333333;36.11111111;50;3.1
31132800;-5;-3;42;103;-5.3;-3.2;7.8;6.3;86.2;7.2;-0.6;-1.1;-0.7;-1.4;6.5;291.6666667;94.44444444;158.3333333;2.7
31133700;-5;-3;42;104;-4.9;-2.8;7.9;6.3;85.4;9;-0.3;-0.8;-0.4;-1.2;6.5;291.6666667;94.44444444;158.3333333;2.7
31134600;-5;-2;42;107;-4.7;-2.5;8.2;6.2;85.3;9;0.1;-0.3;0;-0.8;6.5;291.6666667;94.44444444;158.3333333;2.7
31135500;-4;-2;43;111;-4;-1.8;9.1;6;84.9;9;1;0.6;0.9;-0.1;6.5;291.6666667;94.44444444;158.3333333;2.7
31136400;-3;0;43;119;-2.9;-0.4;9.8;6.4;80.4;45.3;2.3;2;2.3;1.1;7.4;-2775;91.66666667;208.3333333;3.1
31137300;-2;0;43;121;-2.3;0.2;9.6;6.5;80.2;54.4;2.6;2.4;2.7;1.5;7.4;-2775;91.66666667;208.3333333;3.1
31138200;-2;0;43;124;-2;0.5;9.6;6.2;79.9;58.2;3.2;2.9;3.2;1.9;7.4;-2775;91.66666667;208.3333333;3.1
31139100;-2;0;43;128;-1.6;1;9.9;5.8;79.7;64;3.7;3.5;3.7;2.4;7.4;-2775;91.66666667;208.3333333;3.1
31140000;-2;1;43;130;-0.9;1.7;10.3;6.6;78.5;103.8;4.3;4.1;4.2;2.9;8.5;269.4444444;58.33333333;283.3333333;3
31140900;-1;1;43;132;-0.8;1.9;10.4;6.8;77.5;113.7;4.6;4.4;4.6;3.3;8.5;269.4444444;58.33333333;283.3333333;3
31141800;0;2;43;135;-0.3;2.5;10.5;7.1;77;118.1;5.2;4.9;5.1;3.8;8.5;269.4444444;58.33333333;283.3333333;3
31142700;0;2;43;137;0.2;2.9;10.7;7.5;76.6;124.8;5.6;5.3;5.5;4.3;8.5;269.4444444;58.33333333;283.3333333;3
31143600;0;3;43;138;0.3;3.3;11;8.2;75.7;147.2;5.8;5.6;5.8;4.6;8.4;286.1111111;133.3333333;150;3.6
31144500;0;3;43;138;0.7;3.6;11.2;8.4;74.6;152.8;6.1;5.9;6.1;5;8.4;286.1111111;133.3333333;150;3.6
31145400;0;3;43;136;0.7;3.6;11.1;8.5;74.3;152.8;5.7;5.5;5.7;4.7;8.4;286.1111111;133.3333333;150;3.6
31146300;0;3;43;136;0.7;3.3;11.5;8.6;73.6;152.8;5.8;5.6;5.8;4.9;8.4;286.1111111;133.3333333;150;3.6
31147200;0;3;43;136;0.7;3.3;11.4;9.2;73.1;160.4;5.8;5.6;5.9;4.9;8.6;305.5555556;102.7777778;102.7777778;3.9
31148100;0;3;43;132;0.7;3.3;11.3;9.3;73.8;161.6;5.6;5.4;5.7;4.7;8.6;305.5555556;102.7777778;102.7777778;3.9
31149000;1;2;37;89;1.5;3.3;11.2;9.3;74.2;161.6;5.7;5.4;5.7;4.6;8.6;305.5555556;102.7777778;102.7777778;3.9
31149900;0;3;38;109;1.5;3.6;11.4;9.4;74.1;161.6;6.1;5.9;6.2;5.1;8.6;305.5555556;102.7777778;102.7777778;3.9
31150800;0;3;43;139;0.9;3.8;11.9;9.7;72.8;121.7;5.7;5.6;5.8;4.9;8.8;333.3333333;36.11111111;36.11111111;3.3
31151700;0;2;43;138;0.6;3.4;12;9.8;72.2;107.2;5.5;5.3;5.5;4.7;8.8;333.3333333;36.11111111;36.11111111;3.3
31152600;0;2;43;135;0.4;3.3;11.8;9.5;71.5;107.2;5.3;5.2;5.4;4.5;8.8;333.3333333;36.11111111;36.11111111;3.3
31153500;0;2;43;134;0.4;3.3;11.8;9;72;107.2;5.2;5;5.2;4.3;8.8;333.3333333;36.11111111;36.11111111;3.3
31154400;0;2;43;132;0.2;3;11.8;9;72.5;86.3;4.9;4.7;4.8;4;8.5;333.3333333;8.333333333;8.333333333;3.3
31155300;0;1;43;128;-0.1;2.3;11.7;9;72.6;78.7;4.5;4.3;4.4;3.6;8.5;333.3333333;8.333333333;8.333333333;3.3
31156200;0;1;43;126;-0.1;2.3;11.6;8.9;72.9;78.7;4.3;4.1;4.3;3.6;8.5;333.3333333;8.333333333;8.333333333;3.3
31157100;0;1;35;69;0.8;2.3;11.3;8.7;73.2;78.7;4.6;4.4;4.6;3.6;8.5;333.3333333;8.333333333;8.333333333;3.3
31158000;0;2;26;69;1.1;2.9;11.1;8.5;74.2;41.8;5.5;5.3;5.7;4.5;8;333.3333333;0;0;3.7
31158900;0;2;43;133;0.1;2.9;10.9;8.4;74.8;28.4;4.7;4.5;4.8;3.9;8;333.3333333;0;0;3.7
31159800;0;1;43;128;-0.7;2;10.9;8.4;75;28.4;3.8;3.7;4;3;8;333.3333333;0;0;3.7
31160700;-1;0;43;124;-1.2;1.5;10.8;8.4;75.1;28.4;3.4;3.2;3.4;2.3;8;333.3333333;0;0;3.7
31161600;-2;0;43;120;-1.8;0.8;10.8;8.2;75.7;13.1;2.7;2.6;2.8;1.7;8;341.6666667;0;0;4.5
31162500;-2;0;43;118;-2.1;0.3;10.6;8.1;76.7;7.6;2.3;2.2;2.4;1.3;8;341.6666667;0;0;4.5
31163400;-3;0;43;118;-2.5;0.3;10.7;8.1;77.1;7.6;2.1;1.9;2.2;1.2;8;341.6666667;0;0;4.5
31164300;-3;0;43;117;-2.6;0;10.7;8.2;76.9;7.6;2.1;1.8;2.2;1.1;8;341.6666667;0;0;4.5
31165200;-3;0;43;117;-2.6;-0.2;10.7;8.2;77.2;2;2;1.7;2.1;1.1;7.7;341.6666667;0;0;5.5
31166100;-3;0;43;117;-2.6;-0.2;10.7;8.2;77.9;0;2;1.7;2;1.1;7.7;341.6666667;0;0;5.5
31167000;-2;0;43;122;-2.4;0;10.6;8.1;78.3;0;2.6;2.4;2.7;1.8;7.7;341.6666667;0;0;5.5
31167900;-2;0;43;126;-1.7;0.8;10.5;8;78.7;0;3.2;3.1;3.4;2.6;7.7;341.6666667;0;0;5.5
31168800;-2;1;43;129;-1.3;1.4;10.4;7.8;79.1;0;3.7;3.6;3.9;3.2;7.5;341.6666667;0;0;5.8
31169700;-2;1;43;131;-0.7;1.8;10.3;7.7;79.9;0;4.3;4.2;4.4;3.6;7.5;341.6666667;0;0;5.8
31170600;0;1;43;131;-0.6;2;10.3;7.7;80.1;0;4.4;4.3;4.6;3.6;7.5;341.6666667;0;0;5.8
31171500;0;1;43;131;-0.6;2.3;10.1;7.7;80.4;0;4.5;4.4;4.6;3.6;7.5;341.6666667;0;0;5.8
31172400;0;1;43;130;-0.6;2.3;9.9;7.8;82.3;0;4.4;4.2;4.4;3.6;7.5;341.6666667;0;0;4.4
31173300;0;1;43;129;-0.6;2.3;9.8;7.8;82.2;0;4.2;4;4.3;3.6;7.5;341.6666667;0;0;4.4
31174200;0;1;43;128;-0.6;2.2;9.9;7.8;81.8;0;4.1;3.9;4.2;3.4;7.5;341.6666667;0;0;4.4
31175100;0;1;43;128;-0.6;1.8;9.9;7.8;80.7;0;4.1;4;4.2;3.3;7.5;341.6666667;0;0;4.4
31176000;0;1;43;127;-0.6;1.8;10;7.6;80.4;0;3.9;3.7;4;3.1;7.5;344.4444444;0;0;5.5
31176900;0;1;43;127;-0.6;1.8;10.1;7.5;79.1;0;4;3.8;4;3;7.5;344.4444444;0;0;5.5
31177800;0;1;43;126;-0.6;1.8;10;7.4;78.8;0;3.9;3.7;4;2.8;7.5;344.4444444;0;0;5.5
31178700;0;1;43;127;-0.6;1.8;10;7.3;78.2;0;4;3.7;4;3;7.5;344.4444444;0;0;5.5
31179600;0;1;43;129;-0.6;1.8;10;7.4;79.2;0;4.1;3.8;4.2;3.1;7.4;344.4444444;0;0;4.9
31180500;0;1;43;129;-0.6;1.8;10;7.5;79.9;0;4.2;3.9;4.2;3.1;7.4;344.4444444;0;0;4.9
31181400;0;1;43;128;-0.6;1.8;10.1;7.6;79.8;0;4.1;3.8;4;3.1;7.4;344.4444444;0;0;4.9
31182300;0;1;43;127;-0.6;1.8;10.2;7.7;79.6;0;4;3.8;4;3;7.4;344.4444444;0;0;4.9
31183200;0;1;43;128;-0.6;1.8;10.2;7.8;79.6;0;4.1;3.8;4.2;3.1;7.9;322.2222222;0;0;4
31184100;0;1;43;127;-0.6;1.8;10.3;7.9;79.9;0;3.9;3.7;4;2.9;7.9;322.2222222;0;0;4
31185000;0;1;43;127;-0.6;1.8;10.3;7.9;79.5;0;3.9;3.6;4;2.9;7.9;322.2222222;0;0;4
31185900;0;1;33;79.5;0.3;1.85;10.25;8;79.4;0;4.2;3.9;4.3;3.1;7.9;322.2222222;0;0;4
31186800;0;1;23;32;1.2;1.9;10.2;8.1;79.3;0;4.5;4.2;4.6;3.3;7.7;269.4444444;0;0;3.1
31187700;0;3;0;0;1.2;2.8;9.6;8.2;80.8;0;5.3;5.1;5.4;3.6;7.7;269.4444444;0;0;3.1
31188600;0;3;29;127;1;3.9;9.3;8.2;82.1;0;6;5.6;6.2;5;7.7;269.4444444;0;0;3.1
31189500;0;2;43;133;0;2.7;9.1;8.2;82.5;0;4.6;4.4;4.7;3.7;7.7;269.4444444;0;0;3.1
31190400;0;1;43;129;-0.7;1.9;8.9;8.1;82.8;0;3.9;3.7;4.1;3;7.8;269.4444444;0;0;5.1
31191300;0;1;43;128;-0.8;1.8;8.9;8;82.8;0;3.8;3.4;3.8;2.8;7.8;269.4444444;0;0;5.1
31192200;0;1;43;127;-0.9;1.7;8.9;8;82.7;0;3.7;3.4;3.8;2.7;7.8;269.4444444;0;0;5.1
31193100;0;0;43;126;-1.3;1.3;8.8;8;82.7;0;3.6;3.2;3.5;2.6;7.8;269.4444444;0;0;5.1
31194000;-1;0;43;125;-1.3;1.3;8.7;7.7;82.3;0;3.3;3;3.3;2.3;7.7;291.6666667;0;0;6.2
31194900;-2;0;43;122;-1.5;1;8.7;7.6;82.4;0;3;2.7;3;2;7.7;291.6666667;0;0;6.2
31195800;-2;0;43;116;-2.2;0.2;8.6;7.6;82.1;0;2.2;1.8;2.1;1.3;7.7;291.6666667;0;0;6.2
31196700;-3;0;43;116;-2.8;-0.2;8.6;7.6;82.3;0;1.8;1.5;1.8;1;7.7;291.6666667;0;0;6.2
31197600;-3;0;43;114;-2.9;-0.5;8.6;7.3;82.1;0;1.4;1.2;1.4;0.7;6.9;300;0;0;5.8
31198500;-3;0;43;111;-3.3;-1;8.4;7.2;82.1;0;1;0.8;1.1;0.3;6.9;300;0;0;5.8
31199400;-4;0;43;111;-3.3;-1.2;8.2;7.3;82.7;0;0.9;0.6;0.9;0.1;6.9;300;0;0;5.8
31200300;-4;0;43;112;-3.3;-1.2;8.1;7.4;83.1;0;1.1;0.6;1;0.4;6.9;300;0;0;5.8
31201200;-3;0;43;113;-3.3;-1.2;8.5;7.1;82.4;0;1.2;0.8;1.1;0.5;6.9;325;0;0;4.9
31202100;-3;0;43;114;-3.3;-1.2;8.8;7.1;80.9;0;1.4;0.9;1.3;0.5;6.9;325;0;0;4.9
31203000;-3;0;43;112;-3.3;-1.2;8.9;7.2;80.6;0;1.2;0.8;1.2;0.4;6.9;325;0;0;4.9
31203900;-3;0;43;114;-3.3;-1;8.9;7.3;79.4;0;1.6;1.2;1.5;0.9;6.9;325;0;0;4.9
31204800;-3;0;43;117;-2.8;-0.6;9.2;7.2;78.5;0;2;1.6;2;1.3;6.7;338.8888889;0;0;4.1
31205700;-2;0;43;119;-2.8;-0.2;9.3;7.2;78.4;0;2.4;1.9;2.2;1.5;6.7;338.8888889;0;0;4.1
31206600;-2;0;43;119;-2.8;-0.2;9.5;7;77.5;0;2.3;2;2.2;1.4;6.7;338.8888889;0;0;4.1
31207500;-2;0;43;120;-2.8;-0.2;9.5;6.7;77.8;0;2.4;2;2.3;1.4;6.7;338.8888889;0;0;4.1
31208400;-3;0;43;117;-2.8;-0.2;9.5;6.8;78.6;0;2.1;1.8;2;1.2;6.7;338.8888889;0;0;3.2
31209300;-3;0;43;115;-2.8;-0.4;9.5;6.8;79.3;0;1.7;1.4;1.6;0.7;6.7;338.8888889;0;0;3.2
31210200;-3;0;43;113;-3.1;-0.7;9.5;6.8;79.8;0;1.2;1;1.2;0.4;6.7;338.8888889;0;0;3.2
31211100;-4;0;43;111;-3.3;-1.1;9.6;6.9;80.1;0;1;0.8;1;0.1;6.7;338.8888889;0;0;3.2
31212000;-4;0;43;110;-3.3;-1.2;9.6;6.9;80.1;0;0.9;0.7;0.9;0.1;7;330.5555556;0;0;3.5
31212900;-3;0;43;112;-3.3;-1.2;9.6;6.9;80.6;0;1.1;0.9;1.2;0.3;7;330.5555556;0;0;3.5
31213800;-3;0;43;114;-3.3;-1.2;9.7;6.9;80.3;0;1.5;1.1;1.3;0.4;7;330.5555556;0;0;3.5
31214700;-3;0;43;115;-3.3;-0.9;9.6;6.8;80.7;0;1.7;1.3;1.7;0.8;7;330.5555556;0;0;3.5
31215600;-2;0;43;120;-2.7;-0.3;9.3;7.2;81.3;0;2.3;2;2.3;1.4;8.7;333.3333333;19.44444444;19.44444444;3.3
31216500;-2;0;43;123;-2.2;0.2;9.5;7.3;81.1;0;2.8;2.6;2.8;1.9;8.7;333.3333333;19.44444444;19.44444444;3.3
31217400;-2;0;43;126;-1.8;0.8;9.9;7.2;80;0;3.4;3.2;3.4;2.5;8.7;333.3333333;19.44444444;19.44444444;3.3
31218300;-2;1;43;129;-1.3;1.4;10.2;7.1;78.8;0;4;3.7;3.9;2.9;8.7;333.3333333;19.44444444;19.44444444;3.3
31219200;-1;1;43;132;-0.8;1.9;10.6;7.6;77.4;4.7;4.5;4.3;4.5;3.5;8.9;347.2222222;55.55555556;58.33333333;6.6
31220100;0;2;43;136;-0.3;2.5;10.7;7.8;78.2;6.4;5;4.9;5.1;4;8.9;347.2222222;55.55555556;58.33333333;6.6
31221000;0;2;43;136;0;2.8;10.8;7.7;78.5;6.4;5.3;5.2;5.4;4.3;8.9;347.2222222;55.55555556;58.33333333;6.6
31221900;0;3;43;138;0.3;3.2;11;7.6;77.8;6.4;5.7;5.6;5.7;4.7;8.9;347.2222222;55.55555556;58.33333333;6.6
31222800;0;3;43;141;0.7;3.5;11.4;8.4;77.2;27.7;6;5.9;6.1;5;9.6;344.4444444;97.22222222;111.1111111;9.3
31223700;0;3;43;143;0.9;3.8;11.7;8.6;76.2;33;6.3;6.2;6.4;5.3;9.6;344.4444444;97.22222222;111.1111111;9.3
31224600;0;4;43;144;1.2;4.3;11.9;8.9;75.6;32;6.7;6.6;6.7;5.6;9.6;344.4444444;97.22222222;111.1111111;9.3
31225500;1;4;43;143;1.2;4.3;12.2;9.6;75.4;30;6.7;6.6;6.8;5.7;9.6;344.4444444;97.22222222;111.1111111;9.3
31226400;1;4;43;144;1.6;4.5;12.5;10.2;74.9;57.5;7.1;6.9;7.1;6;11.1;333.3333333;172.2222222;272.2222222;5.9
31227300;1;4;43;145;2;4.9;13;10.5;74.1;71.2;7.4;7.3;7.5;6.3;11.1;333.3333333;172.2222222;272.2222222;5.9
31228200;1;5;38;150;2.5;5.6;12.9;10.1;74.4;69.9;8.2;8;8.2;7;11.1;333.3333333;172.2222222;272.2222222;5.9
31229100;2;6;37;131;3.3;6.1;13.3;9.7;74.2;68.8;8.7;8.6;8.8;7.6;11.1;333.3333333;172.2222222;272.2222222;5.9
31230000;2;6;43;162;3.3;6.6;13.7;10.4;73.7;79.4;9.3;9.1;9.2;8.1;11.6;350;122.2222222;138.8888889;4.4
31230900;3;7;43;164;3.8;7.2;14;10.5;72.9;80.2;9.8;9.7;9.8;8.6;11.6;350;122.2222222;138.8888889;4.4
31231800;3;7;37;143;4.4;7.3;14.4;10.5;72.3;80.2;10;9.9;10.1;8.8;11.6;350;122.2222222;138.8888889;4.4
31232700;2;6;43;211;3.2;7.4;14.5;10.4;71.1;80.2;9.5;9.4;9.5;8.3;11.6;350;122.2222222;138.8888889;4.4
31233600;3;6;40;147;3.6;7;14.4;10.7;72.2;99.2;9.1;9;9.2;8;10.7;355.5555556;52.77777778;52.77777778;4.7
31234500;2;5;43;156;3.2;6.5;14;10.7;74.6;102.1;8.5;8.3;8.4;7.5;10.7;355.5555556;52.77777778;52.77777778;4.7
31235400;2;5;37;132;3.3;6.1;14;11;75.5;102.1;8.2;8;8.1;7.2;10.7;355.5555556;52.77777778;52.77777778;4.7
31236300;2;5;37;140;2.7;5.8;13.9;11.4;75.8;102.1;7.9;7.7;7.8;6.8;10.7;355.5555556;52.77777778;52.77777778;4.7
31237200;1;5;43;150;2.5;5.8;14.1;11.6;75.3;89.5;7.9;7.7;7.9;6.9;11.5;344.4444444;25;25;3.8
31238100;1;4;43;150;2.5;5.4;14;11.6;74.8;86.3;7.5;7.3;7.5;6.5;11.5;344.4444444;25;25;3.8
31239000;1;4;43;149;2.5;5.3;13.8;11.7;73.2;86.3;7.7;7.4;7.6;6.6;11.5;344.4444444;25;25;3.8
31239900;2;5;40;117;3;5.3;13.6;11.9;72.3;86.3;8;7.6;7.9;6.8;11.5;344.4444444;25;25;3.8
31240800;3;5;40;73;4.4;5.9;13.3;11.6;72.6;60.3;8.4;8.1;8.5;7.4;10.9;352.7777778;2.777777778;2.777777778;5.1
31241700;2;5;43;138;3.4;6.2;13.2;11.5;73.4;50.9;8.5;8.2;8.5;7.5;10.9;352.7777778;2.777777778;2.777777778;5.1
31242600;1;4;43;149;2.3;5.4;13.3;10.8;73.8;50.9;7.3;7.1;7.4;6.3;10.9;352.7777778;2.777777778;2.777777778;5.1
31243500;1;4;43;145;1.9;4.8;13.1;10.4;76;50.9;7;6.7;7;6;10.9;352.7777778;2.777777778;2.777777778;5.1
31244400;2;4;40;112;2.4;4.8;12.5;10.1;81.2;31.4;7.2;6.9;7.2;6.2;8.3;341.6666667;0;0;6.1
31245300;3;5;40;68;4.1;5.5;11.1;10;88.3;28.4;8;7.8;8.1;7;8.3;341.6666667;0;0;6.1
31246200;2;5;43;131;3.3;5.9;9.7;10.4;90.3;28.4;7.9;7.8;8.1;7.1;8.3;341.6666667;0;0;6.1
31247100;1;4;43;144;1.9;4.9;8.9;11.1;89.1;28.4;6.6;6.5;6.8;5.9;8.3;341.6666667;0;0;6.1
31248000;0;3;43;138;1.2;4;8.5;10.6;88.1;13.3;5.9;5.8;6.1;5.1;7.1;327.7777778;0;0;6.1
31248900;0;2;41;114;1;3.5;8.3;10.4;88.1;5.8;5.5;5.4;5.7;4.7;7.1;327.7777778;0;0;6.1
31249800;1;3;40;68;2;3.3;7.8;10.3;87.2;5.8;5.7;5.7;5.9;4.9;7.1;327.7777778;0;0;6.1
31250700;1;3;43;114;1.4;3.7;7.7;10.3;85.7;5.8;5.9;5.8;6.1;5.1;7.1;327.7777778;0;0;6.1
31251600;0;2;43;136;0.3;3.1;7.7;10;84.1;0.4;5;4.8;5.1;4.2;7.8;308.3333333;0;0;6.9
31252500;0;1;43;132;-0.3;2.5;7.7;10;83.7;0;4.4;4.1;4.4;3.5;7.8;308.3333333;0;0;6.9
31253400;0;1;43;128;-0.9;1.8;7.8;9.2;86.1;0;3.7;3.4;3.8;2.8;7.8;308.3333333;0;0;6.9
31254300;0;0;43;126;-1.3;1.3;8.3;8;86;0;3.4;3.1;3.4;2.4;7.8;308.3333333;0;0;6.9
31255200;-2;0;43;125;-1.3;1.3;8.8;7.9;86.3;0;3.2;3;3.2;2.2;7.8;336.1111111;0;0;5.8
31256100;-2;0;43;124;-1.7;0.8;8.8;7.9;85.3;0;3.1;2.9;3.2;2.1;7.8;336.1111111;0;0;5.8
31257000;-2;0;43;128;-1.6;1;8.9;7.2;84.7;0;3.6;3.3;3.6;2.6;7.8;336.1111111;0;0;5.8
31257900;-2;1;43;131;-1.1;1.7;8.9;6.8;86.1;0;4;3.8;4.1;3;7.8;336.1111111;0;0;5.8
31258800;-2;1;43;131;-0.8;1.8;8.9;6.9;86.4;0;4;3.8;4.1;3.1;7.6;330.5555556;0;0;5.7
31259700;-2;1;43;129;-0.8;1.8;8.9;6.9;87.1;0;3.9;3.7;4;3;7.6;330.5555556;0;0;5.7
31260600;-2;1;43;129;-0.8;1.8;9;7.3;86.9;0;3.7;3.5;3.8;2.7;7.6;330.5555556;0;0;5.7
31261500;-2;1;43;128;-0.8;1.8;9.2;7.8;86.7;0;3.6;3.5;3.8;2.7;7.6;330.5555556;0;0;5.7
31262400;-2;1;43;128;-1.2;1.8;9.3;7.9;86.6;0;3.7;3.4;3.7;2.6;8.6;336.1111111;0;0;6.6
31263300;-2;1;43;128;-1.3;1.5;9.5;7.9;86.7;0;3.6;3.4;3.7;2.6;8.6;336.1111111;0;0;6.6
31264200;-2;0;43;126;-1.3;1.3;9.7;7.9;86.2;0;3.5;3.3;3.5;2.5;8.6;336.1111111;0;0;6.6
31265100;-2;0;43;126;-1.3;1.3;9.8;7.8;85.1;0;3.6;3.2;3.6;2.6;8.6;336.1111111;0;0;6.6
31266000;-2;1;43;131;-1.2;1.6;9.8;8;82.8;0;4.1;3.8;4.1;3.1;8.7;336.1111111;0;0;5.8
31266900;-2;1;43;133;-0.8;1.9;10.1;8;80.5;0;4.5;4.1;4.5;3.4;8.7;336.1111111;0;0;5.8
31267800;0;2;43;134;-0.5;2.3;10.3;7.9;78.4;0;4.8;4.5;4.8;3.8;8.7;336.1111111;0;0;5.8
31268700;0;2;43;136;-0.3;2.6;10.3;7.7;77.1;0;5.1;4.8;5.1;4;8.7;336.1111111;0;0;5.8
31269600;0;2;43;135;-0.3;2.8;10.3;7.9;77.6;0;5.1;4.8;5.1;4.1;9.1;338.8888889;0;0;4.8
31270500;0;2;43;136;-0.3;2.8;10.4;7.9;76.7;0;5.1;4.8;5.1;4.1;9.1;338.8888889;0;0;4.8
31271400;0;2;43;136;-0.3;2.8;10.4;8.3;75.8;0;5.1;4.8;5.2;4.1;9.1;338.8888889;0;0;4.8
31272300;0.5;2;42.5;108.5;0.7;2.9;10.55;8.3;75.4;0;5.35;5.05;5.5;4.3;9.1;338.8888889;0;0;4.8
31273200;1;2;42;81;1.7;3;10.7;8.3;75;0;5.6;5.3;5.8;4.5;9;341.6666667;0;0;1.6
31274100;1;3;43;84;1.9;3.7;10.8;8.2;74.5;0;6.1;5.9;6.3;5.2;9;341.6666667;0;0;1.6
31275000;1;3;39;105;1.8;4.1;10.8;8.2;74.3;0;6.4;6.1;6.5;5.5;9;341.6666667;0;0;1.6
31275900;0;3;43;139;1;3.9;10.8;8.2;74.7;0;5.8;5.5;5.8;4.8;9;341.6666667;0;0;1.6
31276800;0;2;43;137;0.5;3.3;10.8;8;74.8;0;5.5;5.1;5.5;4.4;9.1;336.1111111;0;0;2.2
31277700;0;2;43;137;0.4;3.3;10.8;8;74.3;0;5.4;5;5.4;4.3;9.1;336.1111111;0;0;2.2
31278600;0;2;43;139;0.4;3.3;10.7;8;74.2;0;5.6;5.2;5.6;4.6;9.1;336.1111111;0;0;2.2
31279500;0;2;43;139;0.4;3.3;10.8;8;74.7;0;5.6;5.3;5.7;4.6;9.1;336.1111111;0;0;2.2
31280400;0;2;43;138;0.4;3.3;10.6;7.7;76.1;0;5.6;5.2;5.6;4.5;8.8;338.8888889;0;0;2
31281300;0;2;43;137;0.4;3.3;10.6;7.6;76.4;0;5.6;5.1;5.5;4.5;8.8;338.8888889;0;0;2
31282200;0;2;43;137;0.4;3.3;10.7;7.6;76.3;0;5.5;5.1;5.5;4.5;8.8;338.8888889;0;0;2
31283100;0;2;43;137;0.4;3.3;10.7;7.6;76.4;0;5.3;5;5.4;4.3;8.8;338.8888889;0;0;2
31284000;0;2;43;136;0.4;3.2;10.8;8.5;76.1;0;5.2;4.8;5.2;4.2;9.1;338.8888889;0;0;2.2
31284900;0;2;43;135;-0.1;2.8;10.8;8.9;75.3;0;5.1;4.7;5;4;9.1;338.8888889;0;0;2.2
31285800;0;2;43;135;-0.1;2.8;10.8;9;73.6;0;5.1;4.8;5.1;4.1;9.1;338.8888889;0;0;2.2
31286700;0;2;43;136;-0.1;2.8;10.8;9;72.5;0;5.3;4.9;5.3;4.3;9.1;338.8888889;0;0;2.2
31287600;0;2;43;135;-0.1;2.8;10.9;8.8;72;0;5.2;4.9;5.3;4.2;9.1;336.1111111;0;0;1.8
31288500;0;2;43;136;-0.1;2.8;10.9;8.8;71.9;0;5.3;5;5.4;4.3;9.1;336.1111111;0;0;1.8
31289400;0;2;43;136;0.3;3.1;10.9;8.7;72;0;5.5;5.2;5.6;4.6;9.1;336.1111111;0;0;1.8
31290300;0;3;43;135;0.4;3.3;10.9;8.6;73;0;5.7;5.4;5.7;4.7;9.1;336.1111111;0;0;1.8
31291200;1;3;37;123;1.1;3.5;10.8;8.5;74.3;0;6;5.8;6.1;4.9;8.6;344.4444444;0;0;2.4
31292100;1;3;43;81;2.3;3.8;10.7;8.5;77.8;0;6.1;5.9;6.3;5.1;8.6;344.4444444;0;0;2.4
31293000;1;3;43;81;2.3;3.8;10.7;8.7;79.5;0;6.1;6;6.3;5.2;8.6;344.4444444;0;0;2.4
31293900;0;3;39;110;1.5;3.8;10.7;9;79.8;0;5.9;5.8;6;5;8.6;344.4444444;0;0;2.4
31294800;0;2;43;132;0.1;2.8;10.8;9.2;80.2;0;4.7;4.5;4.7;3.8;7.5;347.2222222;0;0;2.3
31295700;0;1;43;129;-0.8;1.9;10.6;9.2;81;0;4;3.7;4;3.1;7.5;347.2222222;0;0;2.3
31296600;0;1;43;130;-0.8;1.8;10.6;9.3;81.6;0;4.1;3.7;4;3;7.5;347.2222222;0;0;2.3
31297500;0;1;43;128;-0.9;1.7;10.5;9.4;81.2;0;3.8;3.4;3.8;2.8;7.5;347.2222222;0;0;2.3
31298400;0;0;43;126;-1.3;1.3;10.6;9.3;80.8;0;3.7;3.2;3.6;2.7;7.6;341.6666667;0;0;1.9
31299300;-1;0;43;124;-1.3;1.2;10.6;9.3;80.3;0;3.4;2.9;3.2;2.2;7.6;341.6666667;0;0;1.9
31300200;-2;0;43;120;-1.8;0.6;10.5;9.1;80.5;0;2.7;2.3;2.7;1.6;7.6;341.6666667;0;0;1.9
31301100;-2;0;43;122;-1.8;0.3;10.4;8.7;81.1;0;2.9;2.4;2.8;1.9;7.6;341.6666667;0;0;1.9
31302000;-2;0;43;126;-1.8;0.7;10.4;8.6;80.9;0;3.3;2.8;3.3;2.2;7.7;338.8888889;16.66666667;16.66666667;2.1
31302900;-2;0;43;125;-1.8;0.8;10.5;8.6;80.7;0;3.2;2.8;3.2;2.2;7.7;338.8888889;16.66666667;16.66666667;2.1
31303800;-2;0;43;126;-1.8;0.8;10.6;8.2;80.7;0;3.4;3.1;3.3;2.3;7.7;338.8888889;16.66666667;16.66666667;2.1
31304700;-2;0;43;125;-1.8;0.8;10.5;7.3;81.5;0;3.3;3;3.3;2.3;7.7;338.8888889;16.66666667;16.66666667;2.1
31305600;-2;0;43;125;-1.8;0.8;10.4;7.2;83.8;6.7;3.2;3;3.2;2.3;8;333.3333333;58.33333333;58.33333333;2.4
31306500;-2;0;43;123;-1.8;0.8;10.3;7.2;83.8;9.2;3.1;2.8;3;2.1;8;333.3333333;58.33333333;58.33333333;2.4
31307400;-2;0;43;124;-1.8;0.8;10.7;7.3;83.6;9.2;3.1;2.8;3;2.1;8;333.3333333;58.33333333;58.33333333;2.4
31308300;-2;0;43;124;-1.8;0.8;11;7.5;82.9;9.2;3.3;3.1;3.3;2.5;8;333.3333333;58.33333333;58.33333333;2.4
31309200;-2;0;43;128;-1.4;1.2;11.2;7.7;81.3;35.6;3.7;3.3;3.6;2.7;8.6;338.8888889;69.44444444;69.44444444;3.4
31310100;-2;1;43;129;-1.3;1.3;11.4;7.8;79;42.2;3.9;3.5;3.8;2.9;8.6;338.8888889;69.44444444;69.44444444;3.4
31311000;-2;1;43;131;-1;1.7;11.4;7.8;78.9;42.3;4.2;3.9;4.2;3.1;8.6;338.8888889;69.44444444;69.44444444;3.4
31311900;-2;1;43;130;-0.8;1.8;11.6;7.9;78.3;42.5;4.2;3.9;4.2;3.1;8.6;338.8888889;69.44444444;69.44444444;3.4
31312800;-2;1;43;129;-0.8;1.8;11.9;8.2;78.1;70.2;4.1;3.9;4.1;3.1;9;344.4444444;69.44444444;69.44444444;3.5
31313700;-2;1;43;129;-0.8;1.8;12.3;8.3;76.7;80.3;4.2;4;4.2;3.2;9;344.4444444;69.44444444;69.44444444;3.5
31314600;-1;1;43;131;-0.7;1.9;12.3;8.3;75.3;80;4.4;4.3;4.5;3.6;9;344.4444444;69.44444444;69.44444444;3.5
31315500;0;2;43;132;-0.3;2.3;12.5;8.2;75.1;79.4;4.8;4.6;4.9;3.8;9;344.4444444;69.44444444;69.44444444;3.5
31316400;0;2;43;134;0;2.7;12.5;8.6;74.2;88.9;5.3;5.1;5.3;4.4;9.4;347.2222222;69.44444444;69.44444444;3.3
31317300;1;2;40;115;0.7;3.3;12.4;8.7;73.9;92.3;5.7;5.5;5.6;4.6;9.4;347.2222222;69.44444444;69.44444444;3.3
31318200;1;3;39;96;1.7;3.4;12.5;8.8;73.8;92.3;6;5.9;6.1;4.9;9.4;347.2222222;69.44444444;69.44444444;3.3
31319100;0;3;43;143;1.1;3.8;12.6;9;73.5;92.3;6.1;6;6.2;5.1;9.4;347.2222222;69.44444444;69.44444444;3.3
31320000;0;3;43;141;1.1;3.8;12.6;9.1;73.1;107.8;6;5.8;6;5;9.6;341.6666667;75;75;2.8
31320900;0;3;43;142;1.1;3.8;13;9.1;72.3;113.5;6.1;6;6.1;5.1;9.6;341.6666667;75;75;2.8
31321800;0;3;43;141;1.1;3.8;12.9;9.1;71.7;113.5;6.1;5.9;6;5;9.6;341.6666667;75;75;2.8
31322700;0;3;43;140;1.1;3.8;12.8;9.1;71.9;113.5;6.1;5.9;6.1;5;9.6;341.6666667;75;75;2.8
31323600;0;3;43;137;1.1;3.8;12.8;9.2;72.4;92.2;5.9;5.8;6;4.9;9.8;341.6666667;41.66666667;41.66666667;2.6
31324500;1;3;37;110;1.9;3.8;12.9;9.3;72.2;84.4;6.1;5.9;6.2;5;9.8;341.6666667;41.66666667;41.66666667;2.6
31325400;1;3;36;100;1.9;4.1;12.9;9.4;71.8;84.4;6.5;6.4;6.6;5.5;9.8;341.6666667;41.66666667;41.66666667;2.6
31326300;0;3;43;143;1.3;4.3;12.9;9.6;71.4;84.4;6.3;6.1;6.3;5.3;9.8;341.6666667;41.66666667;41.66666667;2.6
31327200;0;3;43;140;0.9;3.8;12.8;9.6;71.6;63;5.7;5.6;5.8;4.7;9.5;350;8.333333333;8.333333333;2.6
31328100;0;2;43;138;0.7;3.3;12.7;9.6;71.5;55.2;5.4;5.3;5.5;4.4;9.5;350;8.333333333;8.333333333;2.6
31329000;0;2;43;135;0.3;3.1;12.4;9.6;72;55.2;5.1;4.9;5.2;4.1;9.5;350;8.333333333;8.333333333;2.6
31329900;0;2;43;133;0.2;2.8;12.2;9.6;73;55.2;5;4.8;5;4.1;9.5;350;8.333333333;8.333333333;2.6
31330800;0;2;37;106;0.6;2.8;12.1;9.4;73.9;27.7;5.1;4.9;5.2;4;9;352.7777778;0;0;5.3
31331700;1;2;38;77;1.4;3;12;9.3;75;17.7;5.6;5.4;5.7;4.5;9;352.7777778;0;0;5.3
31332600;0;3;43;142;0.9;3.8;11.8;9.4;75.7;17.7;5.9;5.7;5.9;5;9;352.7777778;0;0;5.3
31333500;0;2;43;137;0.5;3.4;11.8;9.4;76.5;17.7;5.4;5.2;5.4;4.5;9;352.7777778;0;0;5.3
31334400;0;2;43;137;0.2;3.3;11.7;9.3;77.2;9.3;5.3;5.2;5.4;4.4;8.5;352.7777778;0;0;5.9
31335300;0;2;43;137;0.2;3.3;11.5;9.3;78.4;5.1;5.3;5.1;5.3;4.3;8.5;352.7777778;0;0;5.9
31336200;0;2;43;137;0.2;3.3;11.3;9.3;79.1;5.1;5.3;5.1;5.2;4.4;8.5;352.7777778;0;0;5.9
31337100;0;2;43;134;0.2;3.3;11.3;9.3;79.4;5.1;5.4;5.1;5.3;4.3;8.5;352.7777778;0;0;5.9
31338000;0;2;37;110;0.6;3.3;11.2;9.6;80.1;1.7;5.5;5.2;5.4;4.4;8;352.7777778;0;0;7
31338900;1;3;38;88;1.8;3.4;11;9.7;81.4;0;6;5.8;6.1;4.9;8;352.7777778;0;0;7
31339800;0;3;43;141;1.1;4.1;11;9.5;82.2;0;6.2;5.9;6.1;5.2;8;352.7777778;0;0;7
31340700;0;3;43;141;1.1;3.8;10.7;9.4;85.9;0;5.9;5.6;5.9;4.8;8;352.7777778;0;0;7
31341600;0;3;43;140;0.9;3.8;10.7;9.3;86.3;0;5.8;5.6;5.8;4.8;8.5;358.3333333;0;0;7.2
31342500;0;3;43;138;0.6;3.6;10.8;9.3;87.4;0;5.6;5.5;5.6;4.6;8.5;358.3333333;0;0;7.2
31343400;0;2;43;137;0.6;3.3;10.9;8.8;87.1;0;5.6;5.4;5.6;4.5;8.5;358.3333333;0;0;7.2
31344300;0;2;43;136;0.6;3.3;11.1;8.5;87.2;0;5.6;5.4;5.6;4.5;8.5;358.3333333;0;0;7.2
31345200;0;2;43;134;0.6;3.3;11.2;8.9;86.6;0;5.7;5.4;5.6;4.6;9.5;361.1111111;0;0;5.3
31346100;1;3;39;116;1.3;3.5;11.3;9.1;86.1;0;6.1;5.8;6;5;9.5;361.1111111;0;0;5.3
31347000;1;3;38;98;1.9;4.2;11.6;8.9;86.1;0;6.7;6.5;6.7;5.7;9.5;361.1111111;0;0;5.3
31347900;0;4;43;146;1.6;4.8;11.8;8.5;85.3;0;6.7;6.5;6.8;5.8;9.5;361.1111111;0;0;5.3
31348800;1;4;43;146;1.6;4.8;12;9;84;0;6.9;6.5;6.8;5.8;11;358.3333333;0;0;4.2
31349700;1;4;43;146;1.6;4.8;12.2;9.3;83.5;0;6.8;6.7;6.9;5.8;11;358.3333333;0;0;4.2
31350600;1;4;43;144;1.6;4.8;12.3;9.3;83;0;6.8;6.6;6.8;5.7;11;358.3333333;0;0;4.2
31351500;1;4;43;142;1.6;4.8;12.2;9.2;83.3;0;6.7;6.6;6.7;5.6;11;358.3333333;0;0;4.2
31352400;1;4;38;126;2;4.8;12.5;9.9;83.5;0;7.1;6.7;7.1;6;12.9;363.8888889;0;0;1.7
31353300;2;4;37;115;2.4;5.3;12.8;10;82.7;0;7.3;7.1;7.6;6.5;12.9;363.8888889;0;0;1.7
31354200;1;5;43;153;2.3;5.3;12.9;10;82.2;0;7.5;7.2;7.7;6.7;12.9;363.8888889;0;0;1.7
31355100;1;4;43;146;1.9;5;13.1;10.1;82.1;0;7;6.7;7.1;6;12.9;363.8888889;0;0;1.7
31356000;0;3;43;144;1.6;4.5;13.2;10.5;82.1;0;6.5;6.3;6.6;5.7;13.4;344.4444444;0;0;2.4
31356900;0;3;43;143;1.3;4.3;13.3;10.6;82.7;0;6.6;6.2;6.5;5.8;13.4;344.4444444;0;0;2.4
31357800;1;4;39;136;2.3;4.9;13.9;10.9;83.8;0;7.6;7.2;7.6;6.8;13.4;344.4444444;0;0;2.4
31358700;2;5;41;144.5;2.8;5.65;14.15;9.75;82.85;0;8.3;7.95;8.35;7.45;13.4;344.4444444;0;0;2.4
31359600;3;6;43;153;3.3;6.4;14.4;8.6;81.9;0;9;8.7;9.1;8.1;13.6;358.3333333;0;0;2.1
31360500;3;6;38;136;3.4;6.9;14.7;8.2;81.1;0;9.3;9.1;9.5;8.6;13.6;358.3333333;0;0;2.1
31361400;3;6;43;165;3.8;7.3;14.9;8.2;80.3;0;9.3;9.2;9.5;8.5;13.6;358.3333333;0;0;2.1
31362300;3;6;39;134;4.2;7.3;14.9;8.2;79.7;0;9.6;9.4;9.7;8.7;13.6;358.3333333;0;0;2.1
31363200;4;7;33;113;4.6;7.7;14.7;8;79.6;0;9.8;9.6;9.9;9;13.4;327.7777778;0;0;2
31364100;5;7;43;103;5.9;8;14.5;8;79.3;0;10.2;10.1;10.4;9.4;13.4;327.7777778;0;0;2
31365000;3;7;43;165;4.3;7.7;14.7;8;78.3;0;9.7;9.3;9.6;8.7;13.4;327.7777778;0;0;2
31365900;3;6;42;156;3.8;7.3;14.5;8;78;0;9.2;9;9.2;8.2;13.4;327.7777778;0;0;2
31366800;4;6;39;97;4.8;6.8;14.3;7.7;78.1;0;9.3;9.1;9.4;8.4;13.1;327.7777778;0;0;2.4
31367700;5;7;42;77;5.9;7.3;14.3;7.6;78;0;9.7;9.6;10;8.8;13.1;327.7777778;0;0;2.4
31368600;3;7;43;165;4.3;7.6;14.4;7.6;77.4;0;9.5;9.3;9.6;8.8;13.1;327.7777778;0;0;2.4
31369500;2;6;43;156;3.5;6.7;14.4;7.6;76.8;0;8.6;8.3;8.6;7.7;13.1;327.7777778;0;0;2.4
31370400;2;5;38;156;3.1;6.2;14.2;12.2;76.6;0;8.3;7.9;8.3;7.3;13.2;350;0;0;3
31371300;2;5;38;130;3.2;6;14.1;13.4;76.8;0;8.5;8.1;8.5;7.6;13.2;350;0;0;3
31372200;2;5;43;156;3;6.3;14.4;13.4;76.2;0;8.3;7.9;8.3;7.4;13.2;350;0;0;3
31373100;2;5;38;133;3.3;6;14.3;13.3;76.2;0;8.1;7.7;8.1;7.1;13.2;350;0;0;3
31374000;2;5;43;165;2.8;6.2;14.7;13.2;76.3;0;8.4;8.1;8.4;7.5;13.3;369.4444444;0;0;2
31374900;2;5;38;137;3;6.3;14.9;13.1;76.3;0;8.6;8.3;8.6;7.7;13.3;369.4444444;0;0;2
31375800;2;5;41;148;2.7;6.3;15;13.1;76.1;0;8.5;8.1;8.5;7.4;13.3;369.4444444;0;0;2
31376700;2;5;43;126;3.1;5.9;15.2;13.1;75.9;0;8;7.7;8;6.9;13.3;369.4444444;0;0;2
31377600;2;5;43;127;3.2;5.8;15.2;12.7;75.6;0;8.2;7.9;8.1;7.2;12.1;369.4444444;0;0;1.8
31378500;2;5;37;113;3.2;5.8;15.1;12.7;75.9;0;8.5;8;8.3;7.4;12.1;369.4444444;0;0;1.8
31379400;2;5;43;160;3.2;6.3;14.9;12.9;77.8;0;8.6;8.2;8.5;7.5;12.1;369.4444444;0;0;1.8
31380300;2;5;43;154;3;6.2;14.8;13;79.3;0;8.2;7.8;8.2;7.2;12.1;369.4444444;0;0;1.8
31381200;3;5;40;109;3.3;5.8;14.8;12.9;79.6;0;8.1;7.8;8.1;7;11.8;363.8888889;0;0;3
31382100;3;5;38;62;4.5;5.8;14.8;12.9;79.3;0;8.4;8.1;8.4;7.3;11.8;363.8888889;0;0;3
31383000;2;6;43;145;3.5;6.5;14.8;13.1;79.1;0;8.6;8.5;8.7;7.9;11.8;363.8888889;0;0;3
31383900;2;5;43;153;2.7;5.9;14.7;13.4;79.4;0;7.8;7.6;7.8;7.2;11.8;363.8888889;0;0;3
31384800;2;4;41;114;2.8;5.4;14.8;13.2;79.6;0;7.6;7.3;7.5;6.7;11.5;369.4444444;0;0;4.1
31385700;3;5;38;95;3.4;5.4;14.7;13.2;79.6;0;8.1;7.8;8;7.1;11.5;369.4444444;0;0;4.1
31386600;2;5;43;140;2.6;5.5;14.6;12.8;80.3;0;7.8;7.4;7.7;6.9;11.5;369.4444444;0;0;4.1
31387500;2;5;43;121;2.9;5.4;14.7;12.2;80.6;0;8.1;7.7;7.9;7;11.5;369.4444444;0;0;4.1
31388400;2;5;38;128;3.1;6;14.7;12.4;81;0;8.3;8.1;8.3;7.4;12.3;372.2222222;13.88888889;13.88888889;3.1
31389300;2;5;43;154;2.9;6.1;14.7;12.4;81.5;0;8;7.8;8;7;12.3;372.2222222;13.88888889;13.88888889;3.1
31390200;1;4;41;135;2.7;5.4;14.7;12.3;81.6;0;7.5;7.2;7.5;6.4;12.3;372.2222222;13.88888889;13.88888889;3.1
31391100;2;5;38;96;3.3;5.5;14.8;12;82;0;8.1;7.7;8.1;6.9;12.3;372.2222222;13.88888889;13.88888889;3.1
31392000;4;6;41;93;5;6.6;14.9;12.3;82.5;5.1;9.2;8.9;9.3;8.1;13;341.6666667;77.77777778;86.11111111;1.9
31392900;2;6;43;161;3.7;7;15;12.4;82;7;9;8.7;9;8.1;13;341.6666667;77.77777778;86.11111111;1.9
31393800;2;6;42;144;3.8;6.8;15.1;12;81.6;7;9;8.7;8.9;8;13;341.6666667;77.77777778;86.11111111;1.9
31394700;4;6;39;98;4.8;7;14.9;11.8;81.8;7;9.6;9.4;9.6;8.5;13;341.6666667;77.77777778;86.11111111;1.9
31395600;5;7;41;87;6.4;8.1;15;12.1;82.1;26.7;10.8;10.6;10.9;9.6;13.8;330.5555556;138.8888889;155.5555556;3.4
31396500;4;8;43;178;5.2;8.8;15.7;12.3;81.1;36.6;11.1;10.9;11.2;10.1;13.8;330.5555556;138.8888889;155.5555556;3.4
31397400;5;8;40;136;6;8.9;15.9;12.6;79.1;36.8;11.5;11.3;11.5;10.1;13.8;330.5555556;138.8888889;155.5555556;3.4
31398300;6;9;39;107;7.3;9.6;16;12.8;78.9;37;12.2;12;12.2;10.8;13.8;330.5555556;138.8888889;155.5555556;3.4
31399200;7;10;43;130;7.7;10.4;16.4;13.3;78.2;65.6;12.7;12.5;12.8;11.5;14.7;372.2222222;141.6666667;147.2222222;2.4
31400100;5;9;42;168;6.5;10;16.3;13.3;77.2;67.6;12.1;11.8;12;10.9;14.7;372.2222222;141.6666667;147.2222222;2.4
31401000;7;9;37;102;7.8;10.1;16.4;13.4;77.3;63.4;12.7;12.5;12.8;11.4;14.7;372.2222222;141.6666667;147.2222222;2.4
31401900;4;10;37;258;5;10.8;17.3;13.5;75.7;58.7;12.8;12.5;12.6;11.6;14.7;372.2222222;141.6666667;147.2222222;2.4
31402800;5;9;37;156;6.2;9.8;17.9;14.1;73.4;78.4;11.8;11.7;11.8;10.6;15.5;372.2222222;141.6666667;150;3.2
31403700;4;9;43;269;3.9;9.7;18.2;14.1;71.9;79.8;11.7;11.6;11.7;10.6;15.5;372.2222222;141.6666667;150;3.2
31404600;5;9;35;182;5.6;9.6;18.4;14.2;70.5;79.8;12;11.8;12;10.7;15.5;372.2222222;141.6666667;150;3.2
31405500;6;9;37;174;6.8;9.8;18.7;14.3;69.9;79.8;12.5;12.3;12.6;11.2;15.5;372.2222222;141.6666667;150;3.2
31406400;8;10;39;96;9;10.9;18.9;14.5;68.7;115;13.5;13.3;13.5;12.2;15.6;380.5555556;66.66666667;69.44444444;3.2
31407300;9;11;40;80;9.9;11.7;18.9;14.5;67.4;120.4;14.2;14;14.3;13;15.6;380.5555556;66.66666667;69.44444444;3.2
31408200;7;11;43;193;7.9;11.9;18.6;14.7;68.1;120.4;13.8;13.6;13.9;12.9;15.6;380.5555556;66.66666667;69.44444444;3.2
31409100;7;10;37;103;8.3;10.8;18.3;14.9;69.4;120.4;12.9;12.7;13;11.8;15.6;380.5555556;66.66666667;69.44444444;3.2
31410000;3;9;40;268;4.9;10.2;18.4;14.9;69.5;87.5;12.2;11.9;12.2;11.2;15.3;377.7777778;38.88888889;38.88888889;2.3
31410900;4;8;43;201;5.1;9.1;18.3;14.9;69.6;85.2;11.2;11;11.1;10;15.3;377.7777778;38.88888889;38.88888889;2.3
31411800;4;8;43;193;4.7;8.8;18;15.3;70.2;85.2;10.9;10.6;10.9;9.8;15.3;377.7777778;38.88888889;38.88888889;2.3
31412700;4;8;43;189;4.7;8.8;17.6;15.6;71.2;85.2;10.7;10.5;10.8;9.7;15.3;377.7777778;38.88888889;38.88888889;2.3
31413600;4;7;43;179;4.7;8.4;17.5;15.2;71.5;60.8;10.5;10.1;10.4;9.4;14.8;377.7777778;8.333333333;8.333333333;1.7
31414500;3;7;43;171;4.7;8.3;17.4;15;72;51.9;10.2;9.8;10.2;9.1;14.8;377.7777778;8.333333333;8.333333333;1.7
31415400;3;7;43;160;4.7;7.8;17.3;15;72.3;51.9;9.8;9.5;9.8;8.8;14.8;377.7777778;8.333333333;8.333333333;1.7
31416300;3;6;40;139;4.2;7.3;17.3;15.1;72.7;51.9;9.5;9;9.4;8.4;14.8;377.7777778;8.333333333;8.333333333;1.7
31417200;4;7;37;93;5.1;7.4;17.2;14.8;73;36.8;10.1;9.6;10.1;9;14.3;375;0;0;1.8
31418100;5;7;39;102;5.6;7.8;17;14.7;73.2;31.3;10.4;10;10.5;9.3;14.3;375;0;0;1.8
31419000;5;8;39;98;6;8.3;16.9;14.8;73.2;31.3;10.8;10.4;10.8;9.7;14.3;375;0;0;1.8
31419900;5;8;37;172;5.2;8.5;16.9;15;73.7;31.3;10.9;10.5;10.9;9.9;14.3;375;0;0;1.8
31420800;3;6;43;137;4.2;7.1;16.9;14.7;73.7;15.1;9;8.8;9;8.2;13.7;363.8888889;0;0;1.9
31421700;3;6;43;146;4;6.8;16.2;14.5;80.9;7;9.3;9.1;9.2;8.6;13.7;363.8888889;0;0;1.9
31422600;3;6;43;146;4;6.8;15.1;14.5;88.1;7;9.2;9;9.3;8.4;13.7;363.8888889;0;0;1.9
31423500;3;6;43;139;4;6.8;14.8;14.4;88.3;7;9.2;8.8;9.2;8.2;13.7;363.8888889;0;0;1.9
31424400;4;7;34;96;4.9;7.1;14.9;14.3;87.6;2.3;9.6;9.2;9.7;8.6;14.2;363.8888889;0;0;2.8
31425300;5;7;39;97;5.3;7.5;14.9;14.2;85.3;0;10;9.7;10.1;8.9;14.2;363.8888889;0;0;2.8
31426200;4;7;39;162;4.7;8;15;14.2;81.9;0;10.4;10;10.4;9.4;14.2;363.8888889;0;0;2.8
31427100;3;6;43;142;4.1;7.4;15.2;14.2;82;0;9.2;8.8;9.2;8.3;14.2;363.8888889;0;0;2.8
31428000;3;6;43;135;4.1;6.9;15.4;13.8;82.3;0;9.1;8.6;9.1;7.9;14.1;350;0;0;3.1
31428900;3;6;43;135;4.1;6.8;15.5;13.6;80.5;0;9.1;8.6;9.1;8.1;14.1;350;0;0;3.1
31429800;3;6;43;134;4.1;6.8;15.5;13.3;79.2;0;9;8.6;9;8;14.1;350;0;0;3.1
31430700;4;6;36;103;4.5;6.8;15.4;13.1;76.2;0;9.4;8.9;9.3;8.3;14.1;350;0;0;3.1
31431600;4;7;39;94;5.2;7.3;15.5;12.8;74.1;0;9.8;9.5;9.9;8.8;14.1;363.8888889;0;0;3.2
31432500;4;7;38;159;4.2;7.7;15.6;12.7;72.7;0;9.9;9.7;10;8.9;14.1;363.8888889;0;0;3.2
31433400;3;6;43;139;4.5;7.3;15.7;13.6;72.4;0;9.3;9;9.4;8.3;14.1;363.8888889;0;0;3.2
31434300;3;6;43;144;4.5;7.3;15.6;14.1;73.9;0;9.3;9;9.5;8.2;14.1;363.8888889;0;0;3.2
31435200;3;6;43;144;4.5;7.3;15.5;13.6;72.9;0;9.4;9.1;9.5;8.3;13.5;363.8888889;0;0;3.3
31436100;3;6;43;143;4.5;7.3;15.5;13.4;72.1;0;9.3;9.1;9.5;8.4;13.5;363.8888889;0;0;3.3
31437000;3;6;43;136;4.5;7.3;15.5;13.5;72;0;9.2;8.9;9.2;8.2;13.5;363.8888889;0;0;3.3
31437900;3;6;43;138;4.5;7.3;15.4;13.5;72.2;0;9.3;8.9;9.3;8.2;13.5;363.8888889;0;0;3.3
31438800;3;6;43;139;4.5;7.3;15.3;13.2;72.3;0;9.3;9;9.3;8.2;13.6;361.1111111;0;0;2.6
31439700;3;6;43;137;4.5;7.3;15.3;13;72.9;0;9.2;8.9;9.3;8.2;13.6;361.1111111;0;0;2.6
31440600;3;6;38;120;4.7;7.3;15.3;13.4;73.1;0;9.4;9;9.3;8.3;13.6;361.1111111;0;0;2.6
31441500;4;7;39;94;5.1;7.3;15.3;13.6;73.1;0;9.7;9.4;9.7;8.7;13.6;361.1111111;0;0;2.6
31442400;5;7;35;106;5.1;7.4;15.3;13.5;72.8;0;10;9.7;10.2;8.9;13.2;358.3333333;0;0;1.1
31443300;3;6;43;162;4;7.4;15.2;13.4;73.1;0;9.3;9;9.5;8.4;13.2;358.3333333;0;0;1.1
31444200;3;6;43;138;4.4;7.3;15;13.5;73.6;0;9.2;8.9;9.4;8.3;13.2;358.3333333;0;0;1.1
31445100;3;6;43;137;4.4;7.3;15.1;11.75;73.6;0;9.2;8.95;9.4;8.3;13.2;358.3333333;0;0;1.1
31446000;3;6;43;136;4.4;7.3;15.2;10;73.6;0;9.2;9;9.4;8.3;13.2;358.3333333;0;0;2.3
31446900;3;6;43;135;4.4;7.3;15.2;8.2;73.3;0;9.1;8.9;9.4;8.3;13.2;358.3333333;0;0;2.3
31447800;3;6;43;132;4.4;7.3;15.1;8.2;73.3;0;9.1;8.9;9.3;8.2;13.2;358.3333333;0;0;2.3
31448700;4;6;35;87;5.1;7.3;15;8.2;73.1;0;9.5;9.4;9.8;8.5;13.2;358.3333333;0;0;2.3
31449600;5;7;39;97;5.3;7.3;15;8.1;72.6;0;9.7;9.7;10;8.8;12.8;347.2222222;0;0;3.3
31450500;2;6;43;167;3.8;7.2;15;8;71.9;0;9.2;8.9;9.4;8.2;12.8;347.2222222;0;0;3.3
31451400;3;6;43;125;4.5;6.8;14.9;8;72.1;0;8.8;8.6;9;7.8;12.8;347.2222222;0;0;3.3
31452300;3;6;43;120;4.3;6.8;14.8;8;72.6;0;8.7;8.4;8.8;7.7;12.8;347.2222222;0;0;3.3
31453200;3;5;43;114;4;6.4;14.5;7.8;73.6;0;8.6;8.3;8.6;7.6;12.2;313.8888889;0;0;3.2
31454100;3;6;43;117;4;6.3;14.5;7.6;74.3;0;8.5;8.4;8.8;7.6;12.2;313.8888889;0;0;3.2
31455000;3;6;43;117;4;6.3;14.3;7.6;74.7;0;8.5;8.4;8.8;7.7;12.2;313.8888889;0;0;3.2
31455900;4;5;36;88;4.3;6.3;13.7;7.6;76.1;0;8.5;8.3;8.8;7.5;12.2;313.8888889;0;0;3.2
31456800;4;6;34;75;4.8;6.3;13.3;10.1;77.2;0;8.6;8.4;8.8;7.6;11.9;286.1111111;0;0;3.5
31457700;3;5;43;129;3.4;6.1;12.9;11.7;78.2;0;8.1;7.9;8.1;7.1;11.9;286.1111111;0;0;3.5
31458600;3;5;43;97;3.6;5.8;12.5;12;79;0;7.8;7.6;7.9;6.8;11.9;286.1111111;0;0;3.5
31459500;3;5;43;95;3.6;5.8;12.2;12.2;79.5;0;7.8;7.6;7.9;6.8;11.9;286.1111111;0;0;3.5
31460400;3;5;43;91;3.6;5.8;12.1;11.5;80.3;0;7.7;7.5;7.7;6.7;11.1;286.1111111;0;0;2.4
31461300;3;4;43;87;3.6;5.5;11.9;11.5;80.3;0;7.5;7.3;7.6;6.5;11.1;286.1111111;0;0;2.4
31462200;2;4;43;79;3.6;5.3;11.6;11.7;80.6;0;7.2;7;7.3;6.2;11.1;286.1111111;0;0;2.4
31463100;2;4;38;71;3.6;5.3;11.5;11.8;81.1;0;7.3;7;7.3;6.3;11.1;286.1111111;0;0;2.4
31464000;1;4;43;139;2.1;5.1;11.5;11.4;81.7;0;7.1;6.8;7.1;6.2;10.1;286.1111111;0;0;3
31464900;0;3;43;143;1.2;4.2;11.4;11.2;81.6;0;6.2;5.9;6.2;5.2;10.1;286.1111111;0;0;3
31465800;0;3;43;141;0.8;3.8;11.3;11.3;81.6;0;5.7;5.5;5.8;4.7;10.1;286.1111111;0;0;3
31466700;0;2;43;140;0.5;3.3;11.2;11.5;82;0;5.5;5.3;5.5;4.5;10.1;286.1111111;0;0;3
31467600;0;2;43;138;0.5;3.3;11.1;11.2;82.1;0;5.2;5.1;5.2;4.3;9.6;283.3333333;0;0;2.2
31468500;0;2;43;133;-0.2;2.6;10.9;11.1;81.7;0;4.5;4.3;4.5;3.6;9.6;283.3333333;0;0;2.2
31469400;0;1;43;127;-1.1;1.6;10.4;11.1;81.6;0;3.6;3.2;3.5;2.7;9.6;283.3333333;0;0;2.2
31470300;-2;0;43;126;-1.5;1.3;10.2;11;82.4;0;3.2;2.8;3.1;2.6;9.6;283.3333333;0;0;2.2
31471200;-2;0;43;125;-1.5;0.9;10.2;10.8;83.1;0;3.1;2.6;2.9;2.5;8.3;280.5555556;2.777777778;2.777777778;1.4
31472100;-2;0;43;129;-1.5;1;10.3;10.7;84;0;3.6;3.1;3.4;2.9;8.3;280.5555556;2.777777778;2.777777778;1.4
31473000;-2;1;43;130;-1.2;1.5;10.3;10.4;84.1;0;4;3.8;3.9;3.1;8.3;280.5555556;2.777777778;2.777777778;1.4
31473900;-2;1;43;131;-1;1.8;10.3;10;83.6;0;4.1;3.9;4;3.2;8.3;280.5555556;2.777777778;2.777777778;1.4
31474800;-2;1;43;128;-1;1.7;10.1;9.7;83.6;0;3.6;3.4;3.8;3;8.3;277.7777778;19.44444444;47.22222222;1
31475700;-2;0;43;125;-1.4;1.1;9.7;9.6;83.2;0;2.9;2.6;3.2;2.5;8.3;277.7777778;19.44444444;47.22222222;1
31476600;-2;0;43;126;-1.5;0.8;9.6;9.5;84;0;2.9;2.6;3.3;2.7;8.3;277.7777778;19.44444444;47.22222222;1
31477500;-2;0;43;130;-1.5;1.1;9.9;9.3;85.5;0;3.5;3.2;3.8;3.1;8.3;277.7777778;19.44444444;47.22222222;1
31478400;-2;1;43;131;-1;1.4;10.3;9.3;85;11.1;4;3.5;4.1;3.3;9.2;280.5555556;38.88888889;150;1.4
31479300;-2;1;43;134;-0.9;1.9;10.8;9.3;84.5;13.9;4.3;3.9;4.6;3.7;9.2;280.5555556;38.88888889;150;1.4
31480200;0;2;43;137;-0.3;2.5;11.2;8.9;83.5;13.9;5;4.7;5.4;4.2;9.2;280.5555556;38.88888889;150;1.4
31481100;0;2;43;140;0.3;3.1;11.4;8.3;82.1;13.9;5.6;5.4;5.9;4.6;9.2;280.5555556;38.88888889;150;1.4
31482000;0;3;43;142;0.5;3.6;11.7;8.7;80.6;63.3;6.1;5.8;6.2;5;10.8;283.3333333;44.44444444;236.1111111;2.2
31482900;0;3;43;146;1;4;11.9;8.8;80;75.6;6.6;6.4;6.6;5.2;10.8;283.3333333;44.44444444;236.1111111;2.2
31483800;1;4;43;148;1.5;4.4;12.2;8.8;79.1;77.7;7.1;6.9;7.1;5.5;10.8;283.3333333;44.44444444;236.1111111;2.2
31484700;1;4;43;151;1.8;4.9;12.8;8.8;78.6;80.8;7.7;7.5;7.7;5.8;10.8;283.3333333;44.44444444;236.1111111;2.2
31485600;2;5;43;154;2.6;5.7;13.4;9.7;78.3;139.7;8.5;8.3;8.5;6.7;12.2;286.1111111;47.22222222;283.3333333;1.9
31486500;3;6;38;132;3.5;6.6;13.7;10;76.6;161.1;9.4;9;9.4;7.6;12.2;286.1111111;47.22222222;283.3333333;1.9
31487400;3;6;39;158;3.6;7.3;13.8;10.1;76;164.4;9.8;9.4;9.7;8.2;12.2;286.1111111;47.22222222;283.3333333;1.9
31488300;3;7;43;172;4.1;7.8;14;10.2;75.8;171.1;10.2;9.9;10.2;8.8;12.2;286.1111111;47.22222222;283.3333333;1.9
31489200;3;7;43;169;4.1;7.8;14.4;11.2;75.3;197.8;10.3;10;10.3;9;13.2;291.6666667;66.66666667;277.7777778;1.3
31490100;4;7;38;190;4.3;8;14.5;11.5;74.3;207.5;10.7;10.3;10.6;9.4;13.2;291.6666667;66.66666667;277.7777778;1.3
31491000;4;7;39;156;4.7;8.4;14.7;11.7;73.5;207.5;10.5;10.2;10.5;9.5;13.2;291.6666667;66.66666667;277.7777778;1.3
31491900;4;8;43;178;5;8.8;14.9;12;72.6;207.5;10.9;10.6;11;9.8;13.2;291.6666667;66.66666667;277.7777778;1.3
31492800;4;8;43;174;5;8.8;15.3;12.5;71.5;235.1;10.9;10.6;10.9;9.8;13.1;308.3333333;111.1111111;183.3333333;2.1
31493700;5;8;39;110;6.1;8.8;15.8;12.7;70.5;245.2;11.1;10.7;11.1;9.8;13.1;308.3333333;111.1111111;183.3333333;2.1
31494600;7;8;41;72;7.4;9;16.1;12.8;68.5;245.2;11.7;11.2;11.7;10.4;13.1;308.3333333;111.1111111;183.3333333;2.1
31495500;5;9;43;182;6.3;10;16.6;12.9;66.8;245.2;12.3;11.7;12.2;11.2;13.1;308.3333333;111.1111111;183.3333333;2.1
31496400;5;8;41;149;5.9;9.2;16.3;13.5;67.8;220.1;11.2;10.8;11.1;10;13.2;313.8888889;91.66666667;113.8888889;1.6
31497300;5;7;39;102;6.3;8.6;16.1;13.7;68.1;211;10.5;10.4;10.6;9.4;13.2;313.8888889;91.66666667;113.8888889;1.6
31498200;6;8;42;86;6.8;8.4;16.2;13.8;68.6;211;10.8;10.7;10.8;9.7;13.2;313.8888889;91.66666667;113.8888889;1.6
31499100;4;7;43;168;4.8;8.2;16.3;14;68.3;211;10;9.9;10;9.2;13.2;313.8888889;91.66666667;113.8888889;1.6
31500000;4;6;40;115;4.5;7.4;16.3;13.9;68.1;162.5;9.4;9.3;9.4;8.3;12.6;294.4444444;22.22222222;44.44444444;1.4
31500900;4;7;39;93;5.1;7.3;15.9;13.9;68.8;150.4;9.6;9.4;9.7;8.5;12.6;294.4444444;22.22222222;44.44444444;1.4
31501800;5;7;43;99;5.7;7.5;15.7;13.5;70.3;150.4;9.8;9.5;9.9;8.8;12.6;294.4444444;22.22222222;44.44444444;1.4
31502700;2;6;43;155;3.4;6.6;14.9;13.1;72.4;150.4;8.5;8;8.4;7.6;12.6;294.4444444;22.22222222;44.44444444;1.4
31503600;2;4;39;94;3;5.5;14.2;13.1;74.2;75.4;7.6;7;7.4;6.6;12.1;291.6666667;2.777777778;2.777777778;2
31504500;2;4;38;65;3.4;5.3;13.5;13.1;76;63.9;7.3;6.9;7.2;6.5;12.1;291.6666667;2.777777778;2.777777778;2
31505400;1;4;43;125;2.5;5.1;12.9;13.1;77.1;63.9;7.1;6.7;7.1;6.3;12.1;291.6666667;2.777777778;2.777777778;2
31506300;0;3;43;137;0.9;3.7;12.5;13.2;78.2;63.9;5.6;5.1;5.5;4.9;12.1;291.6666667;2.777777778;2.777777778;2
31507200;0;2;40;103;0.9;3.3;12.1;13;79.7;17.6;5.6;4.7;5.5;4.6;13;288.8888889;0;0;2.3
31508100;1;3;40;71;1.8;3.3;11.8;13;81.5;10.5;5.9;5.3;5.9;4.9;13;288.8888889;0;0;2.3
31509000;1;3;43;111;1.7;3.7;11.5;12.7;81.6;10.5;6.1;5.6;6.1;5.2;13;288.8888889;0;0;2.3
31509900;0;2;43;134;0.1;2.8;11.2;12.4;82.3;10.5;4.8;4.3;4.7;4;13;288.8888889;0;0;2.3
31510800;0;1;43;128;-0.5;2;10.9;12.3;83.1;1.4;4.2;3.5;4;3.3;10.4;280.5555556;0;0;1.4
31511700;0;1;40;100;-0.7;1.8;10.7;12.3;83.7;0;4.1;3.2;3.7;3.1;10.4;280.5555556;0;0;1.4
31512600;0;1;38;55;0.8;2;10.7;12.1;84.2;0;4.6;3.9;4.4;3.7;10.4;280.5555556;0;0;1.4
31513500;0;2;43;122;-0.1;2.3;10.5;11.9;83.7;0;4.7;4.3;4.6;3.8;10.4;280.5555556;0;0;1.4
31514400;0;1;43;131;-0.6;2.1;10.5;11.5;85.2;0;4.2;3.4;4.1;3.2;9.4;283.3333333;0;0;1.8
31515300;-1;0;43;124;-1.3;1.3;10.3;11.4;84.1;0;3.3;2.8;3.2;2.4;9.4;283.3333333;0;0;1.8
31516200;-2;0;43;121;-1.7;0.8;10.2;11.9;84.4;0;2.9;2.4;2.8;2;9.4;283.3333333;0;0;1.8
31517100;-1;0;35;37;-0.2;0.4;9.8;12.4;83.7;0;2.7;2.5;3;1.8;9.4;283.3333333;0;0;1.8
31518000;0;0;42;116;-1.1;1.2;9.5;11.8;83.9;0;3.3;3;3.5;2.6;8.8;283.3333333;0;0;1.6
31518900;-1;0;12;32;-0.3;0.8;9.4;11.7;84;0;3.1;2.3;3;2;8.8;283.3333333;0;0;1.6
31519800;0;1;26;70;0.1;1.5;9.4;10.8;84.6;0;4.2;3.5;4.2;3.3;8.8;283.3333333;0;0;1.6
31520700;-1;0;43;127;-1.1;1.5;9.3;9.7;85;0;3.4;3.1;3.4;2.8;8.8;283.3333333;0;0;1.6
31521600;-2;0;43;123;-1.7;0.9;9.2;9.5;84.8;0;3;2.4;2.7;2;9.4;347.2222222;0;0;2.4
31522500;-2;0;22;61;-2;0.3;9.1;9.4;85.6;0;2.8;2.3;2.5;1.7;9.4;347.2222222;0;0;2.4
31523400;-2;1;0;0;-1.5;0.9;9.5;9.2;86.1;0;3.3;2.9;3.1;2;9.4;347.2222222;0;0;2.4
31524300;-1;2;23;82;-0.6;3;10.2;8.8;85.4;0;4.9;4.2;4.6;3.7;9.4;347.2222222;0;0;2.4
31525200;0;1;43;130;-0.3;2.4;10.7;8.5;84.6;0;4.4;3.9;4.2;3.5;9.4;316.6666667;0;0;2.8
31526100;0;1;43;126;-1;1.7;11;8.4;83.8;0;3.7;3.3;3.6;2.8;9.4;316.6666667;0;0;2.8
31527000;-1;0;43;124;-1.4;1.3;11.2;8.2;83.3;0;3.4;2.9;3.3;2.4;9.4;316.6666667;0;0;2.8
31527900;-2;0;43;125;-1.4;1;11.3;8;82.7;0;3.4;3;3.4;2.4;9.4;316.6666667;0;0;2.8
31528800;-2;0;43;125;-1.4;1;10.9;7.9;82.3;0;3.4;3.1;3.3;2.4;8.7;327.7777778;0;0;3.1
31529700;-2;0;43;119;-1.7;0.7;10.4;7.9;82.2;0;2.8;2.4;2.7;1.8;8.7;327.7777778;0;0;3.1
31530600;-2;0;9;24;-1.8;0.5;10.1;8.4;82.4;0;2.8;2.4;2.6;1.6;8.7;327.7777778;0;0;3.1
31531500;-2;0.5;4.5;12;-1.35;1.15;10.05;8.4;82.8;0;3.4;2.95;3.25;2;8.7;327.7777778;0;0;3.1
31532400;-2;1;0;0;-0.9;1.8;10;8.4;83.2;0;4;3.5;3.9;2.4;10.3;355.5555556;0;0;2.8
31533300;0;2;29;81;0.7;3.7;10.5;8.2;82.6;0;6.1;5.3;5.8;4.9;10.3;355.5555556;0;0;2.8
31534200;1;3;20;63;2.2;4.2;11;8.2;80.4;0;6.6;6;6.4;5.6;10.3;355.5555556;0;0;2.8
31535100;0;3;43;139;0.8;3.6;11.2;8.2;80.5;0;5.6;5;5.5;4.8;10.3;355.5555556;0;0;2.8
